z,r,lm
-1.032080613184e+01,1.563057840600e-02,2.562526193438e-06
-1.032070605820e+01,4.689160350497e-02,2.562526035675e-06
-1.032051596488e+01,7.815223419314e-02,2.562526025816e-06
-1.032023585343e+01,1.094122093579e-01,2.562526273496e-06
-1.031986572612e+01,1.406712659503e-01,2.562526027893e-06
-1.031940558605e+01,1.719291403454e-01,2.562525958540e-06
-1.031885543702e+01,2.031855710442e-01,2.562526033551e-06
-1.031821528362e+01,2.344402963083e-01,2.562526209678e-06
-1.031748513121e+01,2.656930533366e-01,2.562526175751e-06
-1.031666498592e+01,2.969435787799e-01,2.562526037295e-06
-1.031575485466e+01,3.281916101026e-01,2.562526002302e-06
-1.031475474504e+01,3.594368862666e-01,2.562526295435e-06
-1.031366466546e+01,3.906791450959e-01,2.562526261853e-06
-1.031248462519e+01,4.219181224074e-01,2.562525981679e-06
-1.031121463415e+01,4.531535561027e-01,2.562526088091e-06
-1.030985470301e+01,4.843851852608e-01,2.562526223384e-06
-1.030839307843e+01,5.156464351128e-01,2.573737388435e-06
-1.030682957599e+01,5.469370329689e-01,2.573737390992e-06
-1.030517577691e+01,5.782230179604e-01,2.573737349142e-06
-1.030343169506e+01,6.095041262047e-01,2.573737367572e-06
-1.030159734507e+01,6.407800939137e-01,2.573737341942e-06
-1.029967274234e+01,6.720506573744e-01,2.573737382569e-06
-1.029765790306e+01,7.033155528666e-01,2.573737358825e-06
-1.029579664758e+01,1.563043719319e-02,1.009117277186e-02
-1.029567874653e+01,4.689118320105e-02,1.009762535826e-02
-1.029555284417e+01,7.345745167250e-01,2.573737404303e-06
-1.029547310478e+01,7.815154478319e-02,1.010325230257e-02
-1.029517972382e+01,1.094112674375e-01,1.010805393523e-02
-1.029479860591e+01,1.406700947743e-01,1.011203054721e-02
-1.029432975403e+01,1.719277698430e-01,1.011518239006e-02
-1.029377317190e+01,2.031840377646e-01,1.011750967563e-02
-1.029335758339e+01,7.658272853794e-01,2.573737404642e-06
-1.029312886399e+01,2.344386434271e-01,1.011901257632e-02
-1.029239683552e+01,2.656913306825e-01,1.011969122536e-02
-1.029157709248e+01,2.969418428488e-01,1.011954571688e-02
-1.029107213922e+01,7.970735950515e-01,2.573737388066e-06
-1.029066964159e+01,3.281899240367e-01,1.011857610565e-02
-1.028967449028e+01,3.594353198168e-01,1.011678240686e-02
-1.028869653091e+01,8.283131823062e-01,2.573737416918e-06
-1.028859164673e+01,3.906777746504e-01,1.011416459690e-02
-1.028742111997e+01,4.219170310427e-01,1.011072261385e-02
-1.028623077848e+01,8.595457838411e-01,2.573737454483e-06
-1.028616291968e+01,4.531528335305e-01,1.010645635621e-02
-1.028481705625e+01,4.843849277985e-01,1.010136568320e-02
-1.028367490275e+01,8.907711361664e-01,2.573737460466e-06
-1.028335163168e+01,5.156458928694e-01,1.010274084150e-02
-1.028176646622e+01,5.469354629570e-01,1.011057954456e-02
-1.028102892530e+01,9.219889754899e-01,2.573737347995e-06
-1.028009329011e+01,5.782205369614e-01,1.011758989721e-02
-1.027833211686e+01,6.095008576805e-01,1.012377241729e-02
-1.027829286849e+01,9.531990386460e-01,2.573737393588e-06
-1.027648296075e+01,6.407761680045e-01,1.012912758318e-02
-1.027546675539e+01,9.844010626959e-01,2.573737399752e-06
-1.027454583678e+01,6.720462108966e-01,1.013365583392e-02
-1.027252076073e+01,7.033107293130e-01,1.013735756947e-02
-1.027084083144e+01,1.032919324465e+00,1.150235516996e-05
-1.027078716333e+01,1.563029598038e-02,1.829925311073e-02
-1.027065143486e+01,4.689076289713e-02,1.830986163683e-02
-1.027043024467e+01,7.815085537324e-02,1.831911171322e-02
-1.027040774911e+01,7.345694662636e-01,1.014023315088e-02
-1.027012359422e+01,1.094103255171e-01,1.832700430697e-02
-1.026973148569e+01,1.406689235984e-01,1.833354025785e-02
-1.026925392200e+01,1.719263993406e-01,1.833872027847e-02
-1.026869090677e+01,2.031825044850e-01,1.834254495408e-02
-1.026820681919e+01,7.658221648508e-01,1.014228290043e-02
-1.026804244435e+01,2.344369905459e-01,1.834501474296e-02
-1.026730853983e+01,2.656896080284e-01,1.834612997703e-02
-1.026648919904e+01,2.969401069177e-01,1.834589086195e-02
-1.026591798900e+01,7.970685679742e-01,1.014350710206e-02
-1.026558442853e+01,3.281882379708e-01,1.834429747680e-02
-1.026459423552e+01,3.594337533670e-01,1.834134977369e-02
-1.026425682386e+01,1.098737573286e+00,1.150235503249e-05
-1.026354127731e+01,8.283084188681e-01,1.014390600115e-02
-1.026351862800e+01,3.906764042050e-01,1.833704757905e-02
-1.026235761474e+01,4.219159396779e-01,1.833139059436e-02
-1.026111120520e+01,4.531521109583e-01,1.832437839409e-02
-1.026107670364e+01,8.595414608958e-01,1.014347980492e-02
-1.025977940949e+01,4.843846703362e-01,1.831601042602e-02
-1.025852428825e+01,8.907674372381e-01,1.014222868279e-02
-1.025831018492e+01,5.156453506260e-01,1.831827096723e-02
-1.025726635567e+01,1.164513894634e+00,1.150235505465e-05
-1.025670335644e+01,5.469338929452e-01,1.833115544863e-02
-1.025588405222e+01,9.219860907813e-01,1.014015276678e-02
-1.025501080330e+01,5.782180559624e-01,1.834267678773e-02
-1.025323253867e+01,6.094975891563e-01,1.835283636529e-02
-1.025315601730e+01,9.531971650220e-01,1.013725215096e-02
-1.025136857644e+01,6.407722420953e-01,1.836163543406e-02
-1.025034020601e+01,9.844004036783e-01,1.013352689198e-02
-1.024986969359e+01,1.230245778556e+00,1.150235502878e-05
-1.024941893122e+01,6.720417644187e-01,1.836907511934e-02
-1.024738361840e+01,7.033059057594e-01,1.837515641953e-02
-1.024577767907e+01,1.563015476757e-02,2.510617691387e-02
-1.024572138264e+01,1.032831322632e+00,1.013101481277e-02
-1.024562412318e+01,4.689034259320e-02,2.511948839120e-02
-1.024538738457e+01,7.815016596329e-02,2.513109422322e-02
-1.024526265404e+01,7.345644158022e-01,1.837988020658e-02
-1.024506746462e+01,1.094093835966e-01,2.514099606469e-02
-1.024466436548e+01,1.406677524224e-01,2.514919534547e-02
-1.024417808998e+01,1.719250288382e-01,2.515569327096e-02
-1.024360864165e+01,2.031809712054e-01,2.516049082192e-02
-1.024305605498e+01,7.658170443222e-01,1.838324722638e-02
-1.024295602472e+01,2.344353376647e-01,2.516358875524e-02
-1.024222024414e+01,2.656878853744e-01,2.516498760476e-02
-1.024206711992e+01,1.295930716552e+00,1.150235497013e-05
-1.024140130560e+01,2.969383709866e-01,2.516468768147e-02
-1.024076383878e+01,7.970635408970e-01,1.838525809954e-02
-1.024049921546e+01,3.281865519049e-01,2.516268907322e-02
-1.023951398076e+01,3.594321869172e-01,2.515899164414e-02
-1.023914074161e+01,1.098473585131e+00,1.013024327377e-02
-1.023844560926e+01,3.906750337595e-01,2.515359503632e-02
-1.023838602371e+01,8.283036554300e-01,1.838591332122e-02
-1.023729410952e+01,4.219148483132e-01,2.514649867062e-02
-1.023605949073e+01,4.531513883861e-01,2.513770174400e-02
-1.023592262879e+01,8.595371379504e-01,1.838521326177e-02
-1.023474176272e+01,4.843844128739e-01,2.512720322977e-02
-1.023385893237e+01,1.361566202122e+00,1.150235500922e-05
-1.023337367376e+01,8.907637383099e-01,1.838315816749e-02
-1.023326873817e+01,5.156448083827e-01,2.513003940221e-02
-1.023215485384e+01,1.164073958986e+00,1.012947860756e-02
-1.023164024667e+01,5.469323229333e-01,2.514620368554e-02
-1.023073917913e+01,9.219832060727e-01,1.837974816116e-02
-1.022992831650e+01,5.782155749634e-01,2.516065618671e-02
-1.022813296047e+01,6.094943206322e-01,2.517339918926e-02
-1.022801916612e+01,9.531952913981e-01,1.837498324132e-02
-1.022625419212e+01,6.407683161861e-01,2.518443475028e-02
-1.022524544415e+01,1.427149730781e+00,1.150235510519e-05
-1.022521365663e+01,9.843997446607e-01,1.836886328302e-02
-1.022476398569e+01,1.229629942510e+00,1.012872081621e-02
-1.022429202567e+01,6.720373179409e-01,2.519376470134e-02
-1.022224647607e+01,7.033010822059e-01,2.520139064950e-02
-1.022076819482e+01,1.563001355476e-02,3.084235326340e-02
-1.022060193383e+01,1.032743320799e+00,1.836473613195e-02
-1.022059681151e+01,4.688992228928e-02,3.085741894002e-02
-1.022034452446e+01,7.814947655334e-02,3.087055317361e-02
-1.022011755898e+01,7.345593653408e-01,2.520731397809e-02
-1.022001133502e+01,1.094084416762e-01,3.088175825822e-02
-1.021959724526e+01,1.406665812465e-01,3.089103617098e-02
-1.021910225796e+01,1.719236583358e-01,3.089838857292e-02
-1.021852637653e+01,2.031794379258e-01,3.090381680907e-02
-1.021790529078e+01,7.658119237937e-01,2.521153584747e-02
-1.021786960509e+01,2.344336847835e-01,3.090732190939e-02
-1.021713194846e+01,2.656861627203e-01,3.090890458990e-02
-1.021696841904e+01,1.295139035463e+00,1.012796990149e-02
-1.021631341216e+01,2.969366350554e-01,3.090856525311e-02
-1.021622698393e+01,1.492678799876e+00,1.150235519655e-05
-1.021560968856e+01,7.970585138198e-01,2.521405719612e-02
-1.021541400239e+01,3.281848658391e-01,3.090630398752e-02
-1.021443372600e+01,3.594306204674e-01,3.090212056715e-02
-1.021402465936e+01,1.098209596977e+00,1.836346851482e-02
-1.021337259053e+01,3.906736633141e-01,3.089601445336e-02
-1.021323077012e+01,8.282988919918e-01,2.521487874061e-02
-1.021223060430e+01,4.219137569485e-01,3.088798479567e-02
-1.021100777625e+01,4.531506658139e-01,3.087803042860e-02
-1.021076855394e+01,8.595328150051e-01,2.521400097648e-02
-1.020970411596e+01,4.843841554116e-01,3.086614987178e-02
-1.020876845115e+01,1.360598739610e+00,1.012722586549e-02
-1.020822729142e+01,5.156442661393e-01,3.086935947997e-02
-1.020822305926e+01,8.907600393816e-01,2.521142417922e-02
-1.020704335200e+01,1.163634023337e+00,1.836221217163e-02
-1.020680389588e+01,1.558150908566e+00,1.150235514765e-05
-1.020657713690e+01,5.469307529214e-01,3.088765100732e-02
-1.020559430605e+01,9.219803213641e-01,2.520714840511e-02
-1.020484582970e+01,5.782130939644e-01,3.090400390972e-02
-1.020303338228e+01,6.094910521080e-01,3.091842129735e-02
-1.020288231493e+01,9.531934177742e-01,2.520117349011e-02
-1.020113980780e+01,6.407643902769e-01,3.093090596109e-02
-1.020016439470e+01,1.426006558725e+00,1.012648871030e-02
-1.020008710725e+01,9.843990856430e-01,2.519349905092e-02
-1.019965827779e+01,1.229014106463e+00,1.836096710628e-02
-1.019916512011e+01,6.720328714631e-01,3.094146037381e-02
-1.019710933374e+01,7.032962586523e-01,3.095008669202e-02
-1.019697653960e+01,1.623563558343e+00,1.150235521399e-05
-1.019575871056e+01,1.562987234195e-02,3.574187703270e-02
-1.019556949984e+01,4.688950198536e-02,3.575806171402e-02
-1.019548248503e+01,1.032655318966e+00,2.518832334832e-02
-1.019530166435e+01,7.814878714339e-02,3.577217055229e-02
-1.019497246392e+01,7.345543148795e-01,3.095678675687e-02
-1.019495520542e+01,1.094074997557e-01,3.578420639865e-02
-1.019453012505e+01,1.406654100705e-01,3.579417170657e-02
-1.019402642593e+01,1.719222878334e-01,3.580206853284e-02
-1.019344411140e+01,2.031779046462e-01,3.580789853793e-02
-1.019278318545e+01,2.344320319023e-01,3.581166298740e-02
-1.019275452658e+01,7.658068032651e-01,3.096156209536e-02
-1.019204365277e+01,2.656844400662e-01,3.581336275305e-02
-1.019186971816e+01,1.294347354374e+00,1.835973332216e-02
-1.019122551872e+01,2.969348991243e-01,3.581299831352e-02
-1.019115657778e+01,1.491359998408e+00,1.012575843775e-02
-1.019045553834e+01,7.970534867425e-01,3.096441392183e-02
-1.019032878932e+01,3.281831797732e-01,3.581056975396e-02
-1.018935347124e+01,3.594290540177e-01,3.580607676538e-02
-1.018890857711e+01,1.097945608823e+00,2.518673363806e-02
-1.018829957180e+01,3.906722928686e-01,3.579951864657e-02
-1.018807551652e+01,8.282941285537e-01,3.096534313793e-02
-1.018716709908e+01,4.219126655837e-01,3.579089430495e-02
-1.018674529011e+01,1.688914252915e+00,1.150235510330e-05
-1.018595606178e+01,4.531499432416e-01,3.578020225302e-02
-1.018561447909e+01,8.595284920597e-01,3.096435033387e-02
-1.018466646920e+01,4.843838979493e-01,3.576744060825e-02
-1.018367796993e+01,1.359631277098e+00,1.835851082315e-02
-1.018318584467e+01,5.156437238960e-01,3.577088831873e-02
-1.018307244477e+01,8.907563404533e-01,3.096143578952e-02
-1.018193185017e+01,1.163194087689e+00,2.518515804782e-02
-1.018174534394e+01,1.556656566072e+00,1.012503505003e-02
-1.018151402713e+01,5.469291829096e-01,3.579053578882e-02
-1.018044943296e+01,9.219774366555e-01,3.095659947538e-02
-1.017976334289e+01,5.782106129654e-01,3.580809948409e-02
-1.017793380409e+01,6.094877835839e-01,3.582358322844e-02
-1.017774546374e+01,9.531915441502e-01,3.094984105141e-02
-1.017611053788e+01,1.754200498130e+00,1.150235493940e-05
-1.017602542349e+01,6.407604643677e-01,3.583699044460e-02
-1.017508334525e+01,1.424863386670e+00,1.835729961318e-02
-1.017496055787e+01,9.843984266254e-01,3.094115986801e-02
-1.017455256988e+01,1.228398270417e+00,2.518359658298e-02
-1.017403821455e+01,6.720284249853e-01,3.584832415606e-02
-1.017197219141e+01,7.032914350987e-01,3.585758698910e-02
-1.017193105207e+01,1.621893771460e+00,1.012431854921e-02
-1.017074922631e+01,1.562973112914e-02,3.997523959659e-02
-1.017054218817e+01,4.688908168144e-02,3.999210956328e-02
-1.017036303622e+01,1.032567317133e+00,3.093530497330e-02
-1.017025880425e+01,7.814809773344e-02,4.000681494365e-02
-1.016989907582e+01,1.094065578353e-01,4.001935905824e-02
-1.016982736886e+01,7.345492644181e-01,3.586478117432e-02
-1.016946300484e+01,1.406642388946e-01,4.002974476118e-02
-1.016895059391e+01,1.719209173310e-01,4.003797444175e-02
-1.016836184628e+01,2.031763713667e-01,4.004405002499e-02
-1.016769676582e+01,2.344303790210e-01,4.004797297318e-02
-1.016760376238e+01,7.658016827365e-01,3.586990854807e-02
-1.016695535708e+01,2.656827174121e-01,4.004974428748e-02
-1.016677101728e+01,1.293555673285e+00,2.518204924830e-02
-1.016613762528e+01,2.969331631932e-01,4.004936450849e-02
-1.016608617164e+01,1.490041196939e+00,1.835609969569e-02
-1.016530138813e+01,7.970484596652e-01,3.587297055427e-02
-1.016524357626e+01,3.281814937073e-01,4.004683371594e-02
-1.016507268868e+01,1.819419803036e+00,1.150235513291e-05
-1.016427321647e+01,3.594274875679e-01,4.004215152815e-02
-1.016379249486e+01,1.097681620668e+00,3.093350661194e-02
-1.016322655306e+01,3.906709224231e-01,4.003531710388e-02
-1.016292026292e+01,8.282893651156e-01,3.587396824474e-02
-1.016210359386e+01,4.219115742190e-01,4.002632914311e-02
-1.016171407646e+01,1.687069126525e+00,1.012360893737e-02
-1.016090434730e+01,4.531492206694e-01,4.001518588328e-02
-1.016046040425e+01,8.595241691144e-01,3.587290228033e-02
-1.015962882244e+01,4.843836404871e-01,4.000188509886e-02
-1.015858748871e+01,1.358663814585e+00,2.518051604913e-02
-1.015814439792e+01,5.156431816526e-01,4.000547852810e-02
-1.015792183028e+01,8.907526415251e-01,3.586977293250e-02
-1.015682034834e+01,1.162754152040e+00,3.093172420618e-02
-1.015668679200e+01,1.555162223578e+00,1.835491107476e-02
-1.015645091735e+01,5.469276128977e-01,4.002595550486e-02
-1.015530455988e+01,9.219745519469e-01,3.586458008419e-02
-1.015468085609e+01,5.782081319664e-01,4.004425943323e-02
-1.015363216365e+01,1.884569679228e+00,1.150235526956e-05
-1.015283422589e+01,6.094845150597e-01,4.006039473402e-02
-1.015260861256e+01,9.531896705263e-01,3.585732322851e-02
-1.015109480678e+01,1.752180145365e+00,1.012290621694e-02
-1.015091103917e+01,6.407565384585e-01,4.007436535738e-02
-1.015000229580e+01,1.423720214615e+00,2.517899699087e-02
-1.014983400848e+01,9.843977676078e-01,3.584800146983e-02
-1.014944686198e+01,1.227782434370e+00,3.092995776258e-02
-1.014891130899e+01,6.720239785074e-01,4.008617478523e-02
-1.014688556455e+01,1.620223984577e+00,1.835373375424e-02
-1.014683504907e+01,7.032866115451e-01,4.009582603385e-02
-1.014573974205e+01,1.562958991633e-02,4.366955622245e-02
-1.014551487650e+01,4.688866137752e-02,4.368681080341e-02
-1.014524358742e+01,1.032479315300e+00,3.584171433236e-02
-1.014521594414e+01,7.814740832349e-02,4.370185069021e-02
-1.014484294622e+01,1.094056159148e-01,4.371467959049e-02
-1.014468227380e+01,7.345442139567e-01,4.010332165567e-02
-1.014439588462e+01,1.406630677186e-01,4.372530068860e-02
-1.014387476188e+01,1.719195468286e-01,4.373371664738e-02
-1.014327958115e+01,2.031748380871e-01,4.373992960914e-02
-1.014261034618e+01,2.344287261398e-01,4.374394119739e-02
-1.014245299817e+01,7.657965622079e-01,4.010866374118e-02
-1.014186706139e+01,2.656809947581e-01,4.374575251854e-02
-1.014178939942e+01,1.949647640065e+00,1.150235513129e-05
-1.014167231641e+01,1.292763992196e+00,3.092820728701e-02
-1.014104973184e+01,2.969314272621e-01,4.374536416274e-02
-1.014101576550e+01,1.488722395471e+00,2.517749207834e-02
-1.014015836319e+01,3.281798076414e-01,4.374277620353e-02
-1.014014723791e+01,7.970434325880e-01,4.011185392092e-02
-1.014007364793e+01,1.817224345249e+00,1.012221038950e-02
-1.013919296171e+01,3.594259211181e-01,4.373798819727e-02
-1.013867641262e+01,1.097417632514e+00,3.583978317043e-02
-1.013815353433e+01,3.906695519777e-01,4.373099918506e-02
-1.013776500932e+01,8.282846016774e-01,4.011289336599e-02
-1.013704008864e+01,4.219104828542e-01,4.372180769340e-02
-1.013668286281e+01,1.685224000135e+00,1.835256773799e-02
-1.013585263283e+01,4.531484980972e-01,4.371041173011e-02
-1.013530632940e+01,8.595198461690e-01,4.011178278947e-02
-1.013459117568e+01,4.843833830247e-01,4.369680878391e-02
-1.013349700750e+01,1.357696352073e+00,3.092647278595e-02
-1.013310295117e+01,5.156426394092e-01,4.370048390415e-02
-1.013277121578e+01,8.907489425968e-01,4.010852244797e-02
-1.013170884651e+01,1.162314216391e+00,3.583786912610e-02
-1.013162824006e+01,1.553667881084e+00,2.517600131710e-02
-1.013138780758e+01,5.469260428858e-01,4.372142558844e-02
-1.013015968679e+01,9.219716672383e-01,4.010311214262e-02
-1.012959836928e+01,5.782056509674e-01,4.374014375032e-02
-1.012954484798e+01,2.014651201834e+00,1.150235506722e-05
-1.012865102015e+01,1.882199245977e+00,1.012152145645e-02
-1.012773464770e+01,6.094812465355e-01,4.375664329984e-02
-1.012747176137e+01,9.531877969023e-01,4.009555121772e-02
-1.012607907567e+01,1.750159792600e+00,1.835141303044e-02
-1.012579665485e+01,6.407526125492e-01,4.377092861870e-02
-1.012492124635e+01,1.422577042559e+00,3.092475426602e-02
-1.012470745910e+01,9.843971085902e-01,4.008583856174e-02
-1.012434115407e+01,1.227166598324e+00,3.583597220688e-02
-1.012378440343e+01,6.720195320296e-01,4.378300356324e-02
-1.012184007702e+01,1.618554197695e+00,2.517452471247e-02
-1.012169790674e+01,7.032817879915e-01,4.379287146725e-02
-1.012073025779e+01,1.562944870352e-02,4.692153574887e-02
-1.012048756483e+01,4.688824107360e-02,4.693896418253e-02
-1.012017308404e+01,7.814671891354e-02,4.695415493296e-02
-1.012012413861e+01,1.032391313467e+00,4.007928758555e-02
-1.011978681661e+01,1.094046739944e-01,4.696711202228e-02
-1.011953717873e+01,7.345391634953e-01,4.380053514432e-02
-1.011932876441e+01,1.406618965427e-01,4.697783890282e-02
-1.011879892986e+01,1.719181763262e-01,4.698633845920e-02
-1.011819731603e+01,2.031733048075e-01,4.699261300952e-02
-1.011752392655e+01,2.344270732586e-01,4.699666430736e-02
-1.011730223397e+01,7.657914416793e-01,4.380599688993e-02
-1.011689897655e+01,2.079577884138e+00,1.150235506609e-05
-1.011682735910e+01,1.947102369135e+00,1.012083941992e-02
-1.011677876571e+01,2.656792721040e-01,4.699849354363e-02
-1.011657361553e+01,1.291972311107e+00,3.583409241949e-02
-1.011596183840e+01,2.969296913309e-01,4.699810134750e-02
-1.011594535935e+01,1.487403594003e+00,3.092305173306e-02
-1.011507460718e+01,1.815028887461e+00,1.835026963467e-02
-1.011507315012e+01,3.281781215756e-01,4.699548778614e-02
-1.011499308769e+01,7.970384055108e-01,4.380925848372e-02
-1.011411270695e+01,3.594243546683e-01,4.699065236411e-02
-1.011356033037e+01,1.097153644360e+00,4.007727535119e-02
-1.011308051559e+01,3.906681815322e-01,4.698359402521e-02
-1.011260975573e+01,8.282798382393e-01,4.381032119018e-02
-1.011197658342e+01,4.219093914895e-01,4.697431115316e-02
-1.011165164917e+01,1.683378873745e+00,2.517306226976e-02
-1.011080091836e+01,4.531477755250e-01,4.696280156726e-02
-1.011015225455e+01,8.595155232237e-01,4.380918576029e-02
-1.010955352891e+01,4.843831255625e-01,4.694906252177e-02
-1.010840652628e+01,1.356728889560e+00,3.583222977133e-02
-1.010806150442e+01,5.156420971659e-01,4.695277446274e-02
-1.010762060129e+01,8.907452436686e-01,4.380585243299e-02
-1.010659734468e+01,1.161874280743e+00,4.007528093848e-02
-1.010656968812e+01,1.552173538590e+00,3.092136519389e-02
-1.010632469781e+01,5.469244728740e-01,4.697392524429e-02
-1.010501481371e+01,9.219687825297e-01,4.380032093635e-02
-1.010460311575e+01,2.011931239228e+00,1.012016428202e-02
-1.010451588248e+01,5.782031699684e-01,4.699282927153e-02
-1.010385226768e+01,2.144425209415e+00,1.150235506472e-05
-1.010366987665e+01,1.879828812726e+00,1.834913755336e-02
-1.010263506950e+01,6.094779780113e-01,4.700949184965e-02
-1.010233491019e+01,9.531859232783e-01,4.378782326691e-02
-1.010106334457e+01,1.748139439835e+00,2.517161399499e-02
-1.010068227054e+01,6.407486866401e-01,4.702391770832e-02
-1.009984019690e+01,1.421433870504e+00,3.583038426990e-02
-1.009958090972e+01,9.843964495726e-01,4.378265978649e-02
-1.009923544617e+01,1.226550762277e+00,4.007330435558e-02
-1.009865749787e+01,6.720150855518e-01,4.703611100504e-02
-1.009679458949e+01,1.616884410812e+00,3.091969465495e-02
-1.009656076441e+01,7.032769644380e-01,4.704607532849e-02
-1.009572077354e+01,1.562930749071e-02,4.980605925090e-02
-1.009546025316e+01,4.688782076968e-02,4.982351273008e-02
-1.009513022393e+01,7.814602950359e-02,4.983872471086e-02
-1.009500468981e+01,1.032303311634e+00,4.377596157078e-02
-1.009473068701e+01,1.094037320739e-01,4.985169946756e-02
-1.009439208367e+01,7.345341130339e-01,4.705381370097e-02
-1.009426164419e+01,1.406607253667e-01,4.986244066717e-02
-1.009372309784e+01,1.719168058238e-01,4.987095137173e-02
-1.009311505090e+01,2.031717715279e-01,4.987723403971e-02
-1.009243750692e+01,2.344254203774e-01,4.988129052829e-02
-1.009215146977e+01,7.657863211507e-01,4.705932858097e-02
-1.009197875625e+01,2.076683384058e+00,1.011949604453e-02
-1.009186531879e+01,1.944557098206e+00,1.834801679048e-02
-1.009169047002e+01,2.656775494499e-01,4.988312209527e-02
-1.009147491465e+01,1.291180630019e+00,4.007134560988e-02
-1.009087495321e+01,1.486084792535e+00,3.582855592195e-02
-1.009087394496e+01,2.969279553998e-01,4.988272940011e-02
-1.009040521925e+01,2.209190703001e+00,1.150235504324e-05
-1.009007556643e+01,1.812833429673e+00,2.517017989246e-02
-1.008998793706e+01,3.281764355097e-01,4.988011250373e-02
-1.008983893747e+01,7.970333784335e-01,4.706262186557e-02
-1.008903245219e+01,3.594227882186e-01,4.987527086794e-02
-1.008844424812e+01,1.096889656205e+00,4.377390408140e-02
-1.008800749686e+01,3.906668110868e-01,4.986820335716e-02
-1.008745450213e+01,8.282750748012e-01,4.706113025338e-02
-1.008691307820e+01,4.219083001248e-01,4.985890823909e-02
-1.008662043552e+01,1.681533747355e+00,3.091804012266e-02
-1.008574920388e+01,4.531470529528e-01,4.984738318017e-02
-1.008499817971e+01,8.595112002784e-01,4.704896750133e-02
-1.008451588215e+01,4.843828681002e-01,4.983362524477e-02
-1.008331604506e+01,1.355761427048e+00,4.006940470950e-02
-1.008302005766e+01,5.156415549225e-01,4.983734233433e-02
-1.008246998679e+01,8.907415447403e-01,4.703457445193e-02
-1.008151113618e+01,1.550679196096e+00,3.582674473516e-02
-1.008148584285e+01,1.161434345094e+00,4.377186480142e-02
-1.008126158803e+01,5.469229028621e-01,4.985852181661e-02
-1.007986994062e+01,9.219658978211e-01,4.701794695326e-02
-1.007966138353e+01,2.009211276621e+00,1.834690734990e-02
-1.007943339568e+01,5.782006889694e-01,4.987745057979e-02
-1.007895476201e+01,2.141356334259e+00,1.011883470928e-02
-1.007868873315e+01,1.877458379475e+00,2.516875996601e-02
-1.007753549131e+01,6.094747094872e-01,4.989413424401e-02
-1.007719805900e+01,9.531840496544e-01,4.699908027954e-02
-1.007655834441e+01,2.273871893365e+00,1.150235502454e-05
-1.007604761347e+01,1.746119087069e+00,3.091640160431e-02
-1.007556788622e+01,6.407447607308e-01,4.990857781577e-02
-1.007475914746e+01,1.420290698448e+00,4.006748166263e-02
-1.007445436034e+01,9.843957905549e-01,4.703576386435e-02
-1.007412973827e+01,1.225934926231e+00,4.376984373956e-02
-1.007353059232e+01,6.720106390739e-01,4.992078569171e-02
-1.007174910197e+01,1.615214623929e+00,3.582495071686e-02
-1.007142362208e+01,7.032721408844e-01,4.993076166218e-02
-1.007071128928e+01,1.562916627791e-02,5.238200944453e-02
-1.007043294149e+01,4.688740046575e-02,5.239938256479e-02
-1.007008736382e+01,7.814534009364e-02,5.241452397352e-02
-1.006988524100e+01,1.032215309801e+00,4.702900003988e-02
-1.006967455741e+01,1.094027901535e-01,5.242743814464e-02
-1.006924698861e+01,7.345290625725e-01,4.993630777075e-02
-1.006919452398e+01,1.406595541908e-01,5.243812891483e-02
-1.006864726582e+01,1.719154353214e-01,5.244659948617e-02
-1.006803278578e+01,2.031702382483e-01,5.245285242778e-02
-1.006735108728e+01,2.344237674962e-01,5.245688967809e-02
-1.006705853595e+01,2.073788883978e+00,1.834580923501e-02
-1.006700070557e+01,7.657812006221e-01,4.993202238356e-02
-1.006690327847e+01,1.942011827276e+00,2.516735422106e-02
-1.006660217433e+01,2.656758267958e-01,5.245871254712e-02
-1.006637621377e+01,1.290388948930e+00,4.376784090371e-02
-1.006580454706e+01,1.484765991067e+00,4.006557647666e-02
-1.006578605152e+01,2.969262194687e-01,5.245832171743e-02
-1.006553162971e+01,2.205947623347e+00,1.011818027791e-02
-1.006507652568e+01,1.810637971885e+00,3.091477910519e-02
-1.006490272399e+01,3.281747494438e-01,5.245571724405e-02
-1.006468478725e+01,7.970283513563e-01,4.992550883256e-02
-1.006395219743e+01,3.594212217688e-01,5.245089855381e-02
-1.006332816587e+01,1.096625668051e+00,4.702692237246e-02
-1.006293447812e+01,3.906654406413e-01,5.244386444717e-02
-1.006231217153e+01,2.338466312339e+00,1.150235508330e-05
-1.006229924853e+01,8.282703113631e-01,4.991676496131e-02
-1.006184957297e+01,4.219072087600e-01,5.243461309864e-02
-1.006158922187e+01,1.679688620964e+00,3.582317387441e-02
-1.006069748941e+01,4.531463303806e-01,5.242314205222e-02
-1.005984410486e+01,8.595068773330e-01,4.990578800945e-02
-1.005947823539e+01,4.843826106378e-01,5.240944822040e-02
-1.005822556384e+01,1.354793964536e+00,4.376585630253e-02
-1.005797861091e+01,5.156410126792e-01,5.241314803066e-02
-1.005731937230e+01,8.907378458120e-01,4.989257461180e-02
-1.005645258424e+01,1.549184853603e+00,4.006368915999e-02
-1.005637434102e+01,1.160994409446e+00,4.702486308143e-02
-1.005619847826e+01,5.469213328502e-01,5.243422849176e-02
-1.005472506754e+01,9.219630131125e-01,4.987712080131e-02
-1.005471965131e+01,2.006491314015e+00,2.516596266291e-02
-1.005435090887e+01,5.781982079704e-01,5.245306794176e-02
-1.005405725633e+01,2.138287459102e+00,1.834472244919e-02
-1.005370758965e+01,1.875087946224e+00,3.091317263006e-02
-1.005243591311e+01,6.094714409630e-01,5.246967224837e-02
-1.005206120781e+01,9.531821760304e-01,4.985942199938e-02
-1.005170987128e+01,2.270454787972e+00,1.011753275227e-02
-1.005103188237e+01,1.744098734304e+00,3.582141421598e-02
-1.005045350191e+01,6.407408348216e-01,5.248404663527e-02
-1.004967809801e+01,1.419147526393e+00,4.376388994470e-02
-1.004932781096e+01,9.843951315373e-01,4.992043814093e-02
-1.004902403037e+01,1.225319090184e+00,4.702282217590e-02
-1.004840368676e+01,6.720061925961e-01,5.249075122715e-02
-1.004766724427e+01,2.402971494884e+00,1.150235502179e-05
-1.004670361444e+01,1.613544837047e+00,4.006181972062e-02
-1.004628647975e+01,7.032673173308e-01,5.249189454151e-02
-1.004570180503e+01,1.562902506510e-02,5.469632662970e-02
-1.004540562982e+01,4.688698016183e-02,5.471354482047e-02
-1.004504450372e+01,7.814465068369e-02,5.472855072616e-02
-1.004476579220e+01,1.032127307968e+00,4.991366626787e-02
-1.004461842781e+01,1.094018482330e-01,5.474134897632e-02
-1.004412740376e+01,1.406583830148e-01,5.475194353970e-02
-1.004410189354e+01,7.345240121112e-01,5.249081948240e-02
-1.004357143379e+01,1.719140648190e-01,5.476033772722e-02
-1.004295052065e+01,2.031687049687e-01,5.476653419368e-02
-1.004226466765e+01,2.344221146150e-01,5.477053494036e-02
-1.004213831565e+01,2.070894383899e+00,2.516458529624e-02
-1.004194123815e+01,1.939466556346e+00,3.091158218550e-02
-1.004184994137e+01,7.657760800936e-01,5.248752543016e-02
-1.004151387865e+01,2.656741041417e-01,5.477234131723e-02
-1.004127751290e+01,1.289597267841e+00,4.702079966417e-02
-1.004073414092e+01,1.483447189598e+00,4.376194183815e-02
-1.004069815808e+01,2.969244835376e-01,5.477195402406e-02
-1.004065804018e+01,2.202704543693e+00,1.834364699558e-02
-1.004007748492e+01,1.808442514098e+00,3.581967174767e-02
-1.003981751092e+01,3.281730633779e-01,5.476937311036e-02
-1.003953063704e+01,7.970233242790e-01,5.248201113814e-02
-1.003887194267e+01,3.594196553190e-01,5.476459797476e-02
-1.003821208362e+01,1.096361679897e+00,4.991158610593e-02
-1.003786145939e+01,3.906640701958e-01,5.475762736670e-02
-1.003749001378e+01,2.334875368141e+00,1.011689213433e-02
-1.003714399494e+01,8.282655479249e-01,5.247427472785e-02
-1.003678606775e+01,4.219061173953e-01,5.474845938687e-02
-1.003655800823e+01,1.677843494574e+00,4.005996816657e-02
-1.003564577494e+01,4.531456078083e-01,5.473709148247e-02
-1.003469003001e+01,8.595025543877e-01,5.246431368685e-02
-1.003444058863e+01,4.843823531756e-01,5.472352044612e-02
-1.003313508262e+01,1.353826502023e+00,4.701879555523e-02
-1.003293716416e+01,5.156404704358e-01,5.472718711511e-02
-1.003262412152e+01,2.467384979290e+00,1.150235498235e-05
-1.003216875780e+01,8.907341468838e-01,5.245212486772e-02
-1.003139403230e+01,1.547690511109e+00,4.376001199176e-02
-1.003126283919e+01,1.160554473797e+00,4.990952433214e-02
-1.003113536849e+01,5.469197628383e-01,5.474807824229e-02
-1.002977791909e+01,2.003771351409e+00,3.091000777792e-02
-1.002958019445e+01,9.219601284039e-01,5.243770448913e-02
-1.002926842207e+01,5.781957269714e-01,5.476674775983e-02
-1.002915975066e+01,2.135218583946e+00,2.516322212575e-02
-1.002872644614e+01,1.872717512973e+00,3.581794647502e-02
-1.002733633492e+01,6.094681724388e-01,5.477858866116e-02
-1.002692435663e+01,9.531803024065e-01,5.242104812851e-02
-1.002686139815e+01,2.267037682579e+00,1.834258287764e-02
-1.002601615126e+01,1.742078381539e+00,4.005813450672e-02
-1.002533911759e+01,6.407369089124e-01,5.478491889668e-02
-1.002459704856e+01,1.418004354338e+00,4.701680985820e-02
-1.002420126158e+01,9.843944725197e-01,5.249584981460e-02
-1.002391832246e+01,1.224703254138e+00,4.990748095588e-02
-1.002327678120e+01,6.720017461183e-01,5.478904722400e-02
-1.002287259951e+01,2.399206906975e+00,1.011625842590e-02
-1.002165812691e+01,1.611875050164e+00,4.375810041406e-02
-1.002114933742e+01,7.032624937772e-01,5.479097463153e-02
-1.002069232077e+01,1.562888385229e-02,5.678689025238e-02
-1.002037831815e+01,4.688655985791e-02,5.680390110593e-02
-1.002000164361e+01,7.814396127374e-02,5.681872588947e-02
-1.001964634339e+01,1.032039306135e+00,5.248911060703e-02
-1.001956229821e+01,1.094009063126e-01,5.683136935145e-02
-1.001906028355e+01,1.406572118389e-01,5.684183556143e-02
-1.001895679848e+01,7.345189616498e-01,5.479070145467e-02
-1.001849560177e+01,1.719126943166e-01,5.685012791314e-02
-1.001786825553e+01,2.031671716891e-01,5.685624912650e-02
-1.001721809536e+01,2.067999883819e+00,3.090844941305e-02
-1.001718337729e+01,2.531704307625e+00,1.150235502134e-05
-1.001717824801e+01,2.344204617338e-01,5.686020125021e-02
-1.001697919784e+01,1.936921285416e+00,3.581623840543e-02
-1.001669917716e+01,7.657709595650e-01,5.478822737429e-02
-1.001642558296e+01,2.656723814877e-01,5.686198566412e-02
-1.001617881202e+01,1.288805586752e+00,4.990545598574e-02
-1.001578445064e+01,2.199461464039e+00,2.516187315579e-02
-1.001566373477e+01,1.482128388130e+00,4.701484258135e-02
-1.001561026464e+01,2.969227476064e-01,5.686160308037e-02
-1.001507844417e+01,1.806247056310e+00,4.005631874781e-02
-1.001473229786e+01,3.281713773120e-01,5.685905354338e-02
-1.001437648682e+01,7.970182972018e-01,5.478355141920e-02
-1.001379168791e+01,3.594180888692e-01,5.685433642928e-02
-1.001309600137e+01,1.096097691743e+00,5.248704045939e-02
-1.001278844066e+01,3.906626997504e-01,5.684745044746e-02
-1.001266785602e+01,2.331284423942e+00,1.834153009899e-02
-1.001198874134e+01,8.282607844868e-01,5.477667196274e-02
-1.001172256253e+01,4.219050260305e-01,5.683839364096e-02
-1.001152679458e+01,1.675998368184e+00,4.375620711362e-02
-1.001059406046e+01,4.531448852361e-01,5.682716338173e-02
-1.000953595516e+01,8.594982314423e-01,5.476758672098e-02
-1.000940294186e+01,4.843820957133e-01,5.681375636929e-02
-1.000804460140e+01,1.352859039511e+00,4.990344943101e-02
-1.000789571741e+01,5.156399281924e-01,5.681737875363e-02
-1.000785818596e+01,2.463446950919e+00,1.011563162878e-02
-1.000701814331e+01,8.907304479555e-01,5.475629275158e-02
-1.000633548036e+01,1.546196168615e+00,4.701289373397e-02
-1.000615133736e+01,1.160114538149e+00,5.248498860223e-02
-1.000607225871e+01,5.469181928265e-01,5.683642636818e-02
-1.000483618686e+01,2.001051388802e+00,3.581454754624e-02
-1.000443532137e+01,9.219572436953e-01,5.474278645371e-02
-1.000426224499e+01,2.132149708790e+00,3.090690709663e-02
-1.000418593527e+01,5.781932459724e-01,5.684769996197e-02
-1.000374530264e+01,1.870347079722e+00,4.005452089597e-02
-1.000223675672e+01,6.094649039147e-01,5.685679162252e-02
-1.000201292502e+01,2.263620577186e+00,2.516053839115e-02
-1.000178750544e+01,9.531784287825e-01,5.472706356228e-02
-1.000134560076e+01,2.595927025639e+00,1.150235514983e-05
-1.000100042016e+01,1.740058028774e+00,4.375433209979e-02
-1.000022473327e+01,6.407329830032e-01,5.686370398701e-02
-9.999515999111e+00,1.416861182282e+00,4.990146130107e-02
-9.999074712200e+00,9.843938135021e-01,5.478049214954e-02
-9.998812614557e+00,1.224087418091e+00,5.248295504511e-02
-9.998149875640e+00,6.719972996404e-01,5.686843901811e-02
-9.998077954749e+00,2.395442319067e+00,1.834048866302e-02
-9.996612639389e+00,1.610205263281e+00,4.701096332496e-02
-9.996012195089e+00,7.032576702236e-01,5.687099800536e-02
-9.995682836515e+00,1.562874263948e-02,5.868460453291e-02
-9.995351006481e+00,4.688613955399e-02,5.870137172659e-02
-9.994958783505e+00,7.814327186379e-02,5.871598378259e-02
-9.994526894587e+00,1.031951304302e+00,5.480246340914e-02
-9.994506168608e+00,1.093999643921e-01,5.872844553781e-02
-9.993993163333e+00,1.406560406629e-01,5.873876113664e-02
-9.993811703419e+00,7.345139111884e-01,5.687138156617e-02
-9.993419769745e+00,1.719113238141e-01,5.874693403411e-02
-9.992785990404e+00,2.031656384095e-01,5.875296699812e-02
-9.992447345674e+00,2.527593050178e+00,1.011501174455e-02
-9.992297875057e+00,2.065105383739e+00,3.581287390394e-02
-9.992091828380e+00,2.344188088526e-01,5.875686211210e-02
-9.992017157521e+00,1.934376014486e+00,4.005274095925e-02
-9.991548412962e+00,7.657658390364e-01,5.686958964497e-02
-9.991337287271e+00,2.656706588336e-01,5.875862077742e-02
-9.991080111142e+00,1.288013905663e+00,5.248093979682e-02
-9.990910861105e+00,2.196218384385e+00,3.090538083397e-02
-9.990593328627e+00,1.480809586662e+00,4.989949160448e-02
-9.990522371198e+00,2.969210116753e-01,5.875824371468e-02
-9.990079403420e+00,1.804051598523e+00,4.375247537981e-02
-9.989647084789e+00,3.281696912462e-01,5.875573096365e-02
-9.989222336601e+00,7.970132701245e-01,5.686562151505e-02
-9.988711433150e+00,3.594165224194e-01,5.875108188270e-02
-9.987979919118e+00,1.095833703588e+00,5.480041211192e-02
-9.987845698271e+00,2.327693479744e+00,2.515921783677e-02
-9.987715421922e+00,3.906613293049e-01,5.874429515040e-02
-9.986833487741e+00,8.282560210487e-01,5.685947577616e-02
-9.986659057311e+00,4.219039346658e-01,5.873536876570e-02
-9.986495580936e+00,1.674153241794e+00,4.700905136325e-02
-9.985542345987e+00,4.531441626639e-01,5.872430004323e-02
-9.985111396320e+00,2.660050682432e+00,1.150235511207e-05
-9.984381880318e+00,8.594939084970e-01,5.685115035298e-02
-9.984365295102e+00,4.843818382510e-01,5.871108561183e-02
-9.983092250396e+00,2.459508922549e+00,1.833945857308e-02
-9.982954120186e+00,1.351891576999e+00,5.247894286683e-02
-9.982854270659e+00,5.156393859491e-01,5.871066217064e-02
-9.981867528816e+00,8.907267490272e-01,5.684064249403e-02
-9.981276928416e+00,1.544701826121e+00,4.989754035079e-02
-9.981039835526e+00,1.159674602500e+00,5.479837893043e-02
-9.981009148940e+00,5.469166228146e-01,5.872448343416e-02
-9.979894454639e+00,1.998331426196e+00,4.005097894563e-02
-9.979364739313e+00,2.129080833634e+00,3.581121748506e-02
-9.979290448281e+00,9.219543589867e-01,5.682794877064e-02
-9.979103448461e+00,5.781907649734e-01,5.873614834734e-02
-9.978764159144e+00,1.867976646471e+00,4.375063696024e-02
-9.977164451890e+00,2.260203471793e+00,3.090387063088e-02
-9.977137178527e+00,6.094616353905e-01,5.874566052718e-02
-9.976650654258e+00,9.531765551586e-01,5.681306507252e-02
-9.976640666316e+00,2.591642758622e+00,1.011439877470e-02
-9.975984689055e+00,1.738037676008e+00,4.700715785860e-02
-9.975110348955e+00,6.407290570940e-01,5.875302289906e-02
-9.974434949663e+00,1.415718010227e+00,5.247696426476e-02
-9.973948162820e+00,9.843931544845e-01,5.684396266759e-02
-9.973706906654e+00,1.223471582044e+00,5.479636387441e-02
-9.973283309989e+00,2.391677731158e+00,2.515791149732e-02
-9.973022970081e+00,6.719928531626e-01,5.875823769890e-02
-9.971567151862e+00,1.608535476399e+00,4.989560754920e-02
-9.970875052758e+00,7.032528466701e-01,5.876130647489e-02
-9.970673352259e+00,1.562860142667e-02,6.041493336364e-02
-9.970323694810e+00,4.688571925007e-02,6.043143233959e-02
-9.969915923398e+00,7.814258245384e-02,6.044581031085e-02
-9.969450039006e+00,1.093990224717e-01,6.045807217759e-02
-9.969407445782e+00,1.031863302469e+00,5.689174066963e-02
-9.968926043119e+00,1.406548694870e-01,6.046822213744e-02
-9.968666608356e+00,7.345088607270e-01,5.876223008866e-02
-9.968481383566e+00,2.724072830667e+00,1.150235500071e-05
-9.968343937722e+00,1.719099533117e-01,6.047626368896e-02
-9.967711314059e+00,2.523481792731e+00,1.833843983217e-02
-9.967703725279e+00,2.031641051300e-01,6.048219963382e-02
-9.967377654759e+00,2.062210883659e+00,4.004923486224e-02
-9.967055117205e+00,1.931830743556e+00,4.374881684965e-02
-9.967005408746e+00,2.344171559714e-01,6.048603207966e-02
-9.966397648759e+00,7.657607185078e-01,5.876100871503e-02
-9.966248991583e+00,2.656689361795e-01,6.048776244256e-02
-9.966037271569e+00,2.192975304731e+00,3.580957829573e-02
-9.965981410265e+00,1.287222224574e+00,5.479436695277e-02
-9.965522922482e+00,1.479490785193e+00,5.247500399931e-02
-9.965434477758e+00,2.969192757442e-01,6.048739144832e-02
-9.965080362668e+00,1.801856140735e+00,4.700528281858e-02
-9.964561871722e+00,3.281680051803e-01,6.048491913248e-02
-9.964068186383e+00,7.970082430473e-01,5.875764184351e-02
-9.963631178389e+00,3.594149559697e-01,6.048034483972e-02
-9.963023540518e+00,2.324102535545e+00,3.090237649338e-02
-9.962863836869e+00,1.095569715434e+00,5.688971442133e-02
-9.962642403188e+00,3.906599588595e-01,6.047366722542e-02
-9.961678234143e+00,8.282512576105e-01,5.875212827653e-02
-9.961595552089e+00,4.219028433010e-01,6.046488425578e-02
-9.961464367289e+00,1.672308115404e+00,4.989369320885e-02
-9.960490631512e+00,4.531434400917e-01,6.045399320309e-02
-9.960438750709e+00,2.655593633476e+00,1.011379272106e-02
-9.959327648339e+00,4.843815807887e-01,6.043674577208e-02
-9.959227805470e+00,8.594895855516e-01,5.874446612829e-02
-9.958326314835e+00,2.455570894179e+00,2.515661937744e-02
-9.957863638968e+00,1.350924114486e+00,5.479238817512e-02
-9.957812823907e+00,5.156388437057e-01,6.043373935208e-02
-9.956716914322e+00,8.907230500990e-01,5.873465282361e-02
-9.956218376475e+00,1.543207483627e+00,5.247306208026e-02
-9.955946039167e+00,5.469150528027e-01,6.044780721412e-02
-9.955928333696e+00,1.159234666852e+00,5.688770606029e-02
-9.954952722417e+00,1.995611463590e+00,4.374701505650e-02
-9.954467233639e+00,2.126011958477e+00,4.004750871625e-02
-9.954145575195e+00,9.219514742781e-01,5.872268509642e-02
-9.954020961657e+00,5.781882839744e-01,6.045975129059e-02
-9.953783015644e+00,1.865606213221e+00,4.700342625011e-02
-9.952315978760e+00,2.256786366400e+00,3.580795634255e-02
-9.952037600332e+00,6.094583668664e-01,6.046957545294e-02
-9.951935731875e+00,2.587358491605e+00,1.833743244313e-02
-9.951513803071e+00,9.531746815347e-01,5.870855898611e-02
-9.951456197088e+00,2.787991027282e+00,1.150235502261e-05
-9.950968957951e+00,1.736017323243e+00,4.989179733983e-02
-9.949995964639e+00,6.407251311848e-01,6.047728286975e-02
-9.949353900214e+00,1.414574838171e+00,5.479042755117e-02
-9.948821613439e+00,9.843924954669e-01,5.872305686192e-02
-9.948601198750e+00,1.222855745998e+00,5.688571559626e-02
-9.948488665229e+00,2.387913143249e+00,3.090089842719e-02
-9.947896064522e+00,6.719884066848e-01,6.048287600918e-02
-9.946521664336e+00,1.606865689516e+00,5.247113851696e-02
-9.945737910427e+00,7.032480231165e-01,6.048635664089e-02
-9.945663868004e+00,1.562846021386e-02,6.199904698707e-02
-9.945296383140e+00,4.688529894615e-02,6.201526184321e-02
-9.944873063292e+00,7.814189304389e-02,6.202939191134e-02
-9.944393909405e+00,1.093980805512e-01,6.204144213393e-02
-9.944287996977e+00,1.031775300636e+00,5.878794567018e-02
-9.943858922904e+00,1.406536983110e-01,6.205141674409e-02
-9.943842216809e+00,2.719443235526e+00,1.011319358570e-02
-9.943521513293e+00,7.345038102656e-01,6.048772583756e-02
-9.943268105698e+00,1.719085828093e-01,6.205931926908e-02
-9.942975282443e+00,2.519370535285e+00,2.515534148131e-02
-9.942621460155e+00,2.031625718504e-01,6.206515253268e-02
-9.942457434462e+00,2.059316383579e+00,4.374523158842e-02
-9.942093076889e+00,1.929285472627e+00,4.700158816213e-02
-9.941918989112e+00,2.344155030901e-01,6.206891865807e-02
-9.941246884557e+00,7.657555979792e-01,6.048698397507e-02
-9.941163682033e+00,2.189732225077e+00,4.004580051435e-02
-9.941160695896e+00,2.656672135254e-01,6.207061907039e-02
-9.940882709388e+00,1.286430543485e+00,5.688374303827e-02
-9.940452516338e+00,1.478171983725e+00,5.478848508978e-02
-9.940346584318e+00,2.969175398131e-01,6.207025449798e-02
-9.940081321916e+00,1.799660682947e+00,4.988991994994e-02
-9.939476658655e+00,3.281663191144e-01,6.206782497254e-02
-9.938914036165e+00,7.970032159700e-01,6.048413073370e-02
-9.938550923628e+00,3.594133895199e-01,6.206332982846e-02
-9.938201382765e+00,2.320511591346e+00,3.580635163237e-02
-9.937747754619e+00,1.095305727280e+00,5.878594875687e-02
-9.937569384454e+00,3.906585884140e-01,6.205676770436e-02
-9.936532046868e+00,4.219017519363e-01,6.204813654311e-02
-9.936522980546e+00,8.282464941724e-01,6.047916509699e-02
-9.936433153643e+00,1.670462989014e+00,5.246923331879e-02
-9.935766105098e+00,2.651136584520e+00,1.833643640933e-02
-9.935438917039e+00,4.531427175195e-01,6.203387951992e-02
-9.934290001577e+00,4.843813233264e-01,6.201511614856e-02
-9.934073730623e+00,8.594852626063e-01,6.047208535080e-02
-9.934036486517e+00,2.851802833319e+00,1.150235507010e-05
-9.933560379275e+00,2.451632865809e+00,3.089943643787e-02
-9.932773157750e+00,1.349956651974e+00,5.688178839598e-02
-9.932771377156e+00,5.156383014624e-01,6.201257520002e-02
-9.931566299828e+00,8.907193511707e-01,6.046288908226e-02
-9.931159824534e+00,1.541713141133e+00,5.478656080085e-02
-9.930882929394e+00,5.469134827909e-01,6.202679859434e-02
-9.930816831865e+00,1.158794731203e+00,5.878396946532e-02
-9.930010990194e+00,1.992891500983e+00,4.699976856345e-02
-9.929569727966e+00,2.122943083321e+00,4.374346645300e-02
-9.929000702110e+00,9.219485895694e-01,6.045157317784e-02
-9.928938474854e+00,5.781858029754e-01,6.203893320603e-02
-9.928801872143e+00,1.863235779970e+00,4.988806104638e-02
-9.927467505630e+00,2.253369261007e+00,4.004411026379e-02
-9.927230797434e+00,2.583074224588e+00,2.515407781286e-02
-9.926938022137e+00,6.094550983422e-01,6.204898311900e-02
-9.926851697528e+00,2.783189129798e+00,1.011260136996e-02
-9.926376951885e+00,9.531728079107e-01,6.043813382035e-02
-9.925953226848e+00,1.733996970478e+00,5.246734649596e-02
-9.924881580323e+00,6.407212052756e-01,6.205695170620e-02
-9.924272850766e+00,1.413431666116e+00,5.687985167920e-02
-9.923695064058e+00,9.843918364492e-01,6.044060296583e-02
-9.923694020468e+00,2.384148555341e+00,3.580476417162e-02
-9.923495490847e+00,1.222239909951e+00,5.878200780533e-02
-9.922769158964e+00,6.719839602070e-01,6.206284163252e-02
-9.921476176810e+00,1.605195902633e+00,5.478465469384e-02
-9.920654383748e+00,1.562831900105e-02,6.345469037814e-02
-9.920600768096e+00,7.032431995629e-01,6.206665485693e-02
-9.920269071470e+00,4.688487864223e-02,6.347061160642e-02
-9.919830203186e+00,7.814120363394e-02,6.348448552090e-02
-9.919337779803e+00,1.093971386308e-01,6.349631708907e-02
-9.919203050051e+00,2.714813640386e+00,1.833545173460e-02
-9.919168548172e+00,1.031687298803e+00,6.050788985305e-02
-9.918791802690e+00,1.406525271351e-01,6.350611056476e-02
-9.918376418230e+00,7.344987598042e-01,6.206839263413e-02
-9.918239250828e+00,2.515259277838e+00,3.089799053060e-02
-9.918192273675e+00,1.719072123069e-01,6.351386949173e-02
-9.917539195030e+00,2.031610385708e-01,6.351959670616e-02
-9.917537214164e+00,2.056421883500e+00,4.699796746206e-02
-9.917131036573e+00,1.926740201697e+00,4.988622063833e-02
-9.916832569479e+00,2.344138502089e-01,6.352329433966e-02
-9.916290092497e+00,2.186489145423e+00,4.374171965742e-02
-9.916222916621e+00,2.915505813583e+00,1.150235502554e-05
-9.916096120355e+00,7.657504774506e-01,6.206805551522e-02
-9.916072400209e+00,2.656654908713e-01,6.352496382172e-02
-9.915784008510e+00,1.285638862397e+00,5.878006378595e-02
-9.915382110193e+00,1.476853182257e+00,5.687793289686e-02
-9.915258690878e+00,2.969158038819e-01,6.352460588115e-02
-9.915082281164e+00,1.797465225160e+00,5.246547805649e-02
-9.914391445588e+00,3.281646330485e-01,6.352222054611e-02
-9.913759885947e+00,7.969981888928e-01,6.206564334871e-02
-9.913470668868e+00,3.594118230701e-01,6.351780714358e-02
-9.913379225011e+00,2.316920647148e+00,4.004243797200e-02
-9.912631672369e+00,1.095041739125e+00,6.050955464706e-02
-9.912496365720e+00,3.906572179685e-01,6.351136430073e-02
-9.911468541647e+00,4.219006605716e-01,6.350009714933e-02
-9.911401939996e+00,1.668617862624e+00,5.478276677825e-02
-9.911367726949e+00,8.282417307343e-01,6.206115527978e-02
-9.911093459487e+00,2.646679535564e+00,2.515282837675e-02
-9.910387202565e+00,4.531419949472e-01,6.348457881280e-02
-9.909467840767e+00,2.846828885405e+00,1.011201607512e-02
-9.909252354815e+00,4.843810658641e-01,6.346650480548e-02
-9.908919655776e+00,8.594809396609e-01,6.205458974968e-02
-9.908794443714e+00,2.447694837439e+00,3.580319396674e-02
-9.907729930405e+00,5.156377592190e-01,6.346436717441e-02
-9.907682676532e+00,1.348989189462e+00,5.877813741690e-02
-9.906415685334e+00,8.907156522424e-01,6.204594449463e-02
-9.906101272593e+00,1.540218798639e+00,5.687603205890e-02
-9.905819819621e+00,5.469119127790e-01,6.347867424735e-02
-9.905705330034e+00,1.158354795555e+00,6.051123688231e-02
-9.905069257971e+00,1.990171538377e+00,4.988439873488e-02
-9.904672222293e+00,2.119874208165e+00,4.699618486588e-02
-9.903855988050e+00,5.781833219764e-01,6.349092907024e-02
-9.903855829025e+00,9.219457048608e-01,6.203521654367e-02
-9.903820728643e+00,1.860865346719e+00,5.246362800775e-02
-9.902619032501e+00,2.249952155614e+00,4.373999120938e-02
-9.902525862993e+00,2.578789957571e+00,3.089656071021e-02
-9.902247197969e+00,2.778387232314e+00,1.833447842149e-02
-9.901838443943e+00,6.094518298180e-01,6.350113590325e-02
-9.901240100699e+00,9.531709342867e-01,6.202240221622e-02
-9.900937495744e+00,1.731976617713e+00,5.478089706441e-02
-9.899767196007e+00,6.407172793664e-01,6.350929829047e-02
-9.899191801318e+00,1.412288494061e+00,5.877622870798e-02
-9.898899375708e+00,2.380383967432e+00,4.004078364605e-02
-9.898568514677e+00,9.843911774316e-01,6.201600727739e-02
-9.898389782943e+00,1.221624073905e+00,6.051077266178e-02
-9.898016167169e+00,2.979097537136e+00,1.150235508993e-05
-9.897642253406e+00,6.719795137291e-01,6.351541906291e-02
-9.896430689284e+00,1.603526115751e+00,5.687414917488e-02
-9.895644899492e+00,1.562817778824e-02,6.479684906555e-02
-9.895463625765e+00,7.032383760093e-01,6.351950034089e-02
-9.895241759799e+00,4.688445833830e-02,6.481247189076e-02
-9.894787343080e+00,7.814051422399e-02,6.482608552168e-02
-9.894563883294e+00,2.710184045245e+00,2.515159317815e-02
-9.894281650202e+00,1.093961967103e-01,6.483769493646e-02
-9.894049099367e+00,1.031599296970e+00,6.206589963405e-02
-9.893724682475e+00,1.406513559591e-01,6.484730439744e-02
-9.893503219213e+00,2.511148020391e+00,3.580164102359e-02
-9.893231323168e+00,7.344937093428e-01,6.352154353594e-02
-9.893116441652e+00,1.719058418045e-01,6.485491745480e-02
-9.892616993866e+00,2.053527383420e+00,4.988259534423e-02
-9.892456929906e+00,2.031595052912e-01,6.486053694918e-02
-9.892168996257e+00,1.924194930767e+00,5.246179635912e-02
-9.891746149845e+00,2.344121973277e-01,6.486416501463e-02
-9.891691309497e+00,2.910360075239e+00,1.011143770322e-02
-9.891416502961e+00,2.183246065769e+00,4.699442078244e-02
-9.890984104522e+00,2.656637682173e-01,6.486580308124e-02
-9.890945356153e+00,7.657453569220e-01,6.352154935175e-02
-9.890685307633e+00,1.284847181308e+00,6.050885999526e-02
-9.890311704049e+00,1.475534380789e+00,5.877433766818e-02
-9.890170797438e+00,2.969140679508e-01,6.486545187649e-02
-9.890083240412e+00,1.795269767372e+00,5.477904556047e-02
-9.889306232522e+00,3.281629469827e-01,6.486311142537e-02
-9.888605735729e+00,7.969931618155e-01,6.351951778507e-02
-9.888557067258e+00,2.313329702949e+00,4.373828111677e-02
-9.888390414108e+00,3.594102566203e-01,6.485878104979e-02
-9.887515590120e+00,1.094777750971e+00,6.206730114495e-02
-9.887423346987e+00,3.906558475231e-01,6.485081667005e-02
-9.886420813876e+00,2.642222486608e+00,3.089514698233e-02
-9.886405036426e+00,4.218995692068e-01,6.483787746278e-02
-9.886370726350e+00,1.666772736234e+00,5.687228425435e-02
-9.886212473352e+00,8.282369672961e-01,6.351544812544e-02
-9.885335488091e+00,4.531412723750e-01,6.482293399894e-02
-9.884899195017e+00,2.841854937490e+00,1.833351647248e-02
-9.884214708053e+00,4.843808084018e-01,6.480550348936e-02
-9.884028508154e+00,2.443756809069e+00,4.003914729295e-02
-9.883765580929e+00,8.594766167156e-01,6.350933895464e-02
-9.882688483654e+00,5.156372169756e-01,6.480371666575e-02
-9.882592195313e+00,1.348021726949e+00,6.050696468884e-02
-9.881265070840e+00,8.907119533142e-01,6.350118814578e-02
-9.881042720653e+00,1.538724456145e+00,5.877246430747e-02
-9.880756709848e+00,5.469103427671e-01,6.481805058349e-02
-9.880593828203e+00,1.157914859906e+00,6.206871990518e-02
-9.880127525748e+00,1.987451575771e+00,5.245998311986e-02
-9.879774716620e+00,2.116805333009e+00,4.988081047461e-02
-9.879416932926e+00,3.042575577307e+00,1.150235507838e-05
-9.878839585142e+00,1.858494913468e+00,5.477721227391e-02
-9.878773501246e+00,5.781808409775e-01,6.483036963988e-02
-9.878710955940e+00,9.219428201522e-01,6.349099286099e-02
-9.877820928553e+00,2.574505690555e+00,3.580010534772e-02
-9.877770559372e+00,2.246535050221e+00,4.699267521979e-02
-9.877642698409e+00,2.773585334829e+00,2.515037222069e-02
-9.876738865748e+00,6.094485612939e-01,6.484067824054e-02
-9.876103249514e+00,9.531690606628e-01,6.347874954923e-02
-9.875921764641e+00,1.729956264948e+00,5.687043730770e-02
-9.874652811691e+00,6.407133534572e-01,6.484898007202e-02
-9.874110751869e+00,1.411145322005e+00,6.050508675233e-02
-9.874104730947e+00,2.376619379524e+00,4.373658938713e-02
-9.873522781640e+00,2.973780276428e+00,1.011086625594e-02
-9.873441965297e+00,9.843905184140e-01,6.346581226440e-02
-9.873284075039e+00,1.221008237858e+00,6.207015590619e-02
-9.872515347848e+00,6.719750672513e-01,6.485527810508e-02
-9.871385201757e+00,1.601856328868e+00,5.877060863542e-02
-9.870635415236e+00,1.562803657543e-02,6.603826545414e-02
-9.870326483434e+00,7.032335524557e-01,6.485957459727e-02
-9.870214448129e+00,4.688403803438e-02,6.605358860378e-02
-9.869924716537e+00,2.705554450104e+00,3.089374935320e-02
-9.869744482974e+00,7.813982481404e-02,6.606694087011e-02
-9.869225520601e+00,1.093952547899e-01,6.607832723011e-02
-9.868929650562e+00,1.031511295137e+00,6.350212941560e-02
-9.868767187598e+00,2.507036762944e+00,4.003752891913e-02
-9.868657562261e+00,1.406501847832e-01,6.608775194453e-02
-9.868086228105e+00,7.344886588814e-01,6.486187109499e-02
-9.868040609629e+00,1.719044713021e-01,6.609521856167e-02
-9.867696773568e+00,2.050632883340e+00,5.245818829835e-02
-9.867374664782e+00,2.031579720116e-01,6.610072991998e-02
-9.867206955940e+00,1.921649659837e+00,5.477539721425e-02
-9.867159702373e+00,2.905214336895e+00,1.833256589129e-02
-9.866659730211e+00,2.344105444465e-01,6.610428815117e-02
-9.866542913425e+00,2.180002986115e+00,4.987904413377e-02
-9.865895808835e+00,2.656620455632e-01,6.610589468273e-02
-9.865794591951e+00,7.657402363934e-01,6.486216843473e-02
-9.865586606755e+00,1.284055500219e+00,6.207160914203e-02
-9.865241297904e+00,1.474215579320e+00,6.050322619472e-02
-9.865084199660e+00,1.793074309584e+00,5.686860834315e-02
-9.865082903999e+00,2.969123320197e-01,6.610555023942e-02
-9.864221019455e+00,3.281612609168e-01,6.610325484332e-02
-9.863734909506e+00,2.309738758751e+00,4.699094818618e-02
-9.863451585512e+00,7.969881347383e-01,6.486046674396e-02
-9.863310159347e+00,3.594086901705e-01,6.609873412173e-02
-9.862399507870e+00,1.094513762817e+00,6.350330280602e-02
-9.862350328253e+00,3.906544770776e-01,6.608825294618e-02
-9.861748168264e+00,2.637765437652e+00,3.579858694557e-02
-9.861341531205e+00,4.218984778421e-01,6.607581045909e-02
-9.861339512704e+00,1.664927609844e+00,5.876877066160e-02
-9.861057219754e+00,8.282322038580e-01,6.485676544108e-02
-9.860425923651e+00,3.105937511713e+00,1.150235513459e-05
-9.860330549267e+00,2.836880989576e+00,2.514916550785e-02
-9.860283773617e+00,4.531405498028e-01,6.606140192111e-02
-9.859262572594e+00,2.439818780698e+00,4.373491602792e-02
-9.859177061291e+00,4.843805509395e-01,6.604457303741e-02
-9.858611506082e+00,8.594722937703e-01,6.485106323515e-02
-9.857647036902e+00,5.156366747323e-01,6.604309244454e-02
-9.857501714095e+00,1.347054264437e+00,6.207307960590e-02
-9.856114456346e+00,8.907082543859e-01,6.484335812496e-02
-9.855984168712e+00,1.537230113651e+00,6.050138302597e-02
-9.855693600075e+00,5.469087727553e-01,6.605740819508e-02
-9.855482326372e+00,1.157474924257e+00,6.350449321542e-02
-9.855185793525e+00,1.984731613164e+00,5.477360039083e-02
-9.854962950063e+00,3.037087070345e+00,1.011030173480e-02
-9.854877210946e+00,2.113736457852e+00,5.245641190298e-02
-9.853858441642e+00,1.856124480217e+00,5.686679736830e-02
-9.853691014443e+00,5.781783599785e-01,6.606974682947e-02
-9.853566082855e+00,9.219399354436e-01,6.483364739666e-02
-9.853115994111e+00,2.570221423538e+00,4.003592853071e-02
-9.853038198850e+00,2.768783437345e+00,3.089236782732e-02
-9.852922086242e+00,2.243117944828e+00,4.987729633000e-02
-9.851639287554e+00,6.094452927697e-01,6.608011287226e-02
-9.850966398328e+00,9.531671870388e-01,6.482192762191e-02
-9.850906033538e+00,1.727935912182e+00,5.876695039644e-02
-9.849538427374e+00,6.407094275480e-01,6.608851012786e-02
-9.849310086187e+00,2.372854791615e+00,4.698923968944e-02
-9.849029702421e+00,1.410002149950e+00,6.207456728934e-02
-9.849029396111e+00,2.968463015719e+00,1.833162668105e-02
-9.848315415916e+00,9.843898593964e-01,6.480417066998e-02
-9.848178367136e+00,1.220392401812e+00,6.350570063655e-02
-9.847388442289e+00,6.719706207735e-01,6.609494168407e-02
-9.846339714231e+00,1.600186541985e+00,6.049955725564e-02
-9.845625930981e+00,1.562789536262e-02,6.718984339791e-02
-9.845285549779e+00,2.700924854963e+00,3.579708582413e-02
-9.845189341104e+00,7.032287289022e-01,6.609940991479e-02
-9.845187136458e+00,4.688361773046e-02,6.720486818458e-02
-9.844701622868e+00,7.813913540409e-02,6.721796025492e-02
-9.844169390999e+00,1.093943128694e-01,6.722912457496e-02
-9.844031155982e+00,2.502925505497e+00,4.373326104599e-02
-9.843810201757e+00,1.031423293304e+00,6.482981630136e-02
-9.843590442046e+00,1.406490136072e-01,6.723836539554e-02
-9.842964777605e+00,1.719031007997e-01,6.724568625618e-02
-9.842941133042e+00,7.344836084201e-01,6.610191648223e-02
-9.842776553270e+00,2.047738383260e+00,5.477182181218e-02
-9.842628095249e+00,2.900068598551e+00,2.514797304468e-02
-9.842292399657e+00,2.031564387320e-01,6.725108998777e-02
-9.842244915625e+00,1.919104388907e+00,5.686500439269e-02
-9.841669323889e+00,2.176759906462e+00,5.245465394169e-02
-9.841573310577e+00,2.344088915653e-01,6.725457871561e-02
-9.841043864033e+00,3.169180922460e+00,1.150235516325e-05
-9.840807513148e+00,2.656603229091e-01,6.725615386209e-02
-9.840643827749e+00,7.657351158649e-01,6.610246233841e-02
-9.840487905878e+00,1.283263819130e+00,6.350692506427e-02
-9.840170891760e+00,1.472896777852e+00,6.207607218375e-02
-9.840085158908e+00,1.790878851796e+00,5.876514784818e-02
-9.839995010558e+00,2.969105960886e-01,6.725581614804e-02
-9.839135806387e+00,3.281595748509e-01,6.725356559292e-02
-9.838912751753e+00,2.306147814552e+00,4.987556707179e-02
-9.838297435293e+00,7.969831076610e-01,6.610104772604e-02
-9.838229904586e+00,3.594071237208e-01,6.724662851419e-02
-9.837283425621e+00,1.094249774662e+00,6.483079137509e-02
-9.837277309518e+00,3.906531066322e-01,6.723657008884e-02
-9.837075522653e+00,2.633308388696e+00,4.003434613469e-02
-9.836308299058e+00,1.663082483454e+00,6.049774889331e-02
-9.836278025983e+00,4.218973864773e-01,6.722458836311e-02
-9.836012522570e+00,3.100278042641e+00,1.010974414131e-02
-9.835901966157e+00,8.282274404199e-01,6.609767217873e-02
-9.835761903517e+00,2.831907041661e+00,3.089100240896e-02
-9.835232059143e+00,4.531398272306e-01,6.721067870940e-02
-9.834496637033e+00,2.435880752328e+00,4.698754973738e-02
-9.834139414529e+00,4.843802934772e-01,6.719441322495e-02
-9.833457431235e+00,8.594679708249e-01,6.609233452082e-02
-9.832605590151e+00,5.156361324889e-01,6.719320084328e-02
-9.832411232877e+00,1.346086801925e+00,6.350816649272e-02
-9.830963841852e+00,8.907045554577e-01,6.608503286658e-02
-9.830925616771e+00,1.535735771157e+00,6.207759428171e-02
-9.830630490302e+00,5.469072027434e-01,6.720746277698e-02
-9.830508967199e+00,3.031598563383e+00,1.833069884460e-02
-9.830370824541e+00,1.157034988609e+00,6.483178321089e-02
-9.830244061302e+00,1.982011650558e+00,5.686322942575e-02
-9.829979705273e+00,2.110667582696e+00,5.477006148679e-02
-9.828877298142e+00,1.853754046966e+00,5.876336302448e-02
-9.828608527638e+00,5.781758789795e-01,6.721978532578e-02
-9.828433699291e+00,2.763981539860e+00,3.579560198858e-02
-9.828421209769e+00,9.219370507350e-01,6.607576461780e-02
-9.828411059671e+00,2.565937156521e+00,4.373162444789e-02
-9.828073613112e+00,2.239700839435e+00,5.245291442294e-02
-9.826539709359e+00,6.094420242455e-01,6.723017311047e-02
-9.825890302434e+00,1.725915559417e+00,6.049595794936e-02
-9.825829547142e+00,9.531653134149e-01,6.606452646213e-02
-9.824536010582e+00,2.963145755011e+00,2.514679483548e-02
-9.824515441427e+00,2.369090203706e+00,4.987385636725e-02
-9.824424043058e+00,6.407055016388e-01,6.723863003223e-02
-9.823948652972e+00,1.408858977894e+00,6.350942491468e-02
-9.823188866535e+00,9.843892003788e-01,6.604324034542e-02
-9.823072659232e+00,1.219776565765e+00,6.483279180268e-02
-9.822261536730e+00,6.719661742956e-01,6.724515927627e-02
-9.821294226704e+00,1.598516755102e+00,6.207913357497e-02
-9.821271493705e+00,3.232303396115e+00,1.150235521074e-05
-9.820646383022e+00,2.696295259822e+00,4.003278173870e-02
-9.820616446725e+00,1.562775414981e-02,6.826096825821e-02
-9.820159824788e+00,4.688319742654e-02,6.827569789109e-02
-9.820052198772e+00,7.032239053486e-01,6.724976331476e-02
-9.819658762762e+00,7.813844599414e-02,6.828853258399e-02
-9.819295124367e+00,2.498814248050e+00,4.698587833720e-02
-9.819113261398e+00,1.093933709490e-01,6.829947728391e-02
-9.818690752952e+00,1.031335291471e+00,6.606044615826e-02
-9.818523321831e+00,1.406478424313e-01,6.830853622495e-02
-9.818096488124e+00,2.894922860207e+00,3.088965310424e-02
-9.817888945581e+00,1.719017302973e-01,6.831571293221e-02
-9.817856332973e+00,2.044843883181e+00,5.686147247605e-02
-9.817796037980e+00,7.344785579587e-01,6.725244390919e-02
-9.817282875308e+00,1.916559117977e+00,5.876159593489e-02
-9.817210134532e+00,2.031549054524e-01,6.832101022453e-02
-9.816795734353e+00,2.173516826808e+00,5.476831942272e-02
-9.816672221843e+00,3.163350783440e+00,1.010919347694e-02
-9.816486890942e+00,2.344072386841e-01,6.832443021754e-02
-9.815719217460e+00,2.656586002550e-01,6.832597432639e-02
-9.815493063546e+00,7.657299953363e-01,6.725320211201e-02
-9.815389205001e+00,1.282472138041e+00,6.483381714604e-02
-9.815100485615e+00,1.471577976384e+00,6.351070032283e-02
-9.815086118156e+00,1.788683394009e+00,6.049418443206e-02
-9.814907117118e+00,2.969088601574e-01,6.832564326708e-02
-9.814090593999e+00,2.302556870354e+00,5.245119335539e-02
-9.814050593320e+00,3.281578887850e-01,6.832244666826e-02
-9.813149649825e+00,3.594055572710e-01,6.831466090716e-02
-9.813143285075e+00,7.969780805838e-01,6.725203826758e-02
-9.812402877042e+00,2.628851339740e+00,4.373000624104e-02
-9.812204290784e+00,3.906517361867e-01,6.830499332141e-02
-9.812167343371e+00,1.093985786508e+00,6.606124826723e-02
-9.811599121488e+00,3.094618573570e+00,1.832978238483e-02
-9.811277085411e+00,1.661237357064e+00,6.208043258597e-02
-9.811214520762e+00,4.218962951126e-01,6.829344010186e-02
-9.811193257767e+00,2.826933093747e+00,3.579413544390e-02
-9.810746712560e+00,8.282226769818e-01,6.724895201256e-02
-9.810180344668e+00,4.531391046584e-01,6.827999672935e-02
-9.809730701473e+00,2.431942723958e+00,4.987216422441e-02
-9.809101767766e+00,4.843800360149e-01,6.826425972011e-02
-9.808303356388e+00,8.594636478796e-01,6.724394227588e-02
-9.807564143398e+00,5.156355902456e-01,6.826328297681e-02
-9.807320751659e+00,1.345119339412e+00,6.483485923598e-02
-9.806054984336e+00,3.026110056421e+00,2.514563088421e-02
-9.805867064830e+00,1.534241428664e+00,6.351199271076e-02
-9.805813227358e+00,8.907008565294e-01,6.723700727803e-02
-9.805567380528e+00,5.469056327315e-01,6.827746289972e-02
-9.805302329079e+00,1.979291687952e+00,5.875984658886e-02
-9.805259322710e+00,1.156595052960e+00,6.606206686363e-02
-9.805082199600e+00,2.107598707540e+00,5.685973355218e-02
-9.803896154641e+00,1.851383613715e+00,6.049242834908e-02
-9.803829199731e+00,2.759179642376e+00,4.003123534845e-02
-9.803706125230e+00,2.561652889504e+00,4.698422549572e-02
-9.803526040834e+00,5.781733979805e-01,6.828974088162e-02
-9.803276336684e+00,9.219341660264e-01,6.722814452860e-02
-9.803225139983e+00,2.236283734042e+00,5.476659562853e-02
-9.801440131163e+00,6.094387557213e-01,6.830012162006e-02
-9.801109567229e+00,3.295302523746e+00,1.150235514656e-05
-9.800874571330e+00,1.723895206652e+00,6.207867266594e-02
-9.800692695956e+00,9.531634397909e-01,6.721735082486e-02
-9.800042625053e+00,2.957828494303e+00,3.088831991837e-02
-9.799720796666e+00,2.365325615798e+00,5.244949074730e-02
-9.799309658741e+00,6.407015757296e-01,6.830860909478e-02
-9.798867603524e+00,1.407715805839e+00,6.483591806637e-02
-9.798062317155e+00,9.843885413611e-01,6.719351010681e-02
-9.797966951328e+00,1.219160729719e+00,6.606290194242e-02
-9.797134631171e+00,6.719617278178e-01,6.831520657153e-02
-9.796942785451e+00,3.226302887321e+00,1.010864974336e-02
-9.796248739178e+00,1.596846968220e+00,6.351330207133e-02
-9.796007216265e+00,2.691665664681e+00,4.372840643357e-02
-9.795606962469e+00,1.562761293700e-02,6.925976235199e-02
-9.795132513117e+00,4.688277712262e-02,6.927420141751e-02
-9.794915056441e+00,7.032190817950e-01,6.831991660511e-02
-9.794615902655e+00,7.813775658419e-02,6.928678274922e-02
-9.794559092752e+00,2.494702990603e+00,4.987049065068e-02
-9.794057131796e+00,1.093924290285e-01,6.929751126849e-02
-9.793571304147e+00,1.031247289638e+00,6.720400812382e-02
-9.793564881000e+00,2.889777121864e+00,3.579268619695e-02
-9.793456201616e+00,1.406466712553e-01,6.930639118703e-02
-9.792936112675e+00,2.041949383101e+00,5.875811499502e-02
-9.792813113558e+00,1.719003597949e-01,6.931342601087e-02
-9.792650942917e+00,7.344735074973e-01,6.832274104185e-02
-9.792320834992e+00,1.914013847048e+00,6.049068970996e-02
-9.792300579653e+00,3.157520644421e+00,1.832887730446e-02
-9.792127869407e+00,2.031533721728e-01,6.931861854313e-02
-9.791922144817e+00,2.170273747154e+00,5.685801266224e-02
-9.791400471308e+00,2.344055858029e-01,6.932197088712e-02
-9.790630921772e+00,2.656568776010e-01,6.932348444901e-02
-9.790342299344e+00,7.657248748077e-01,6.832368102147e-02
-9.790290504123e+00,1.281680456952e+00,6.606375349985e-02
-9.790087077404e+00,1.786487936221e+00,6.207692986630e-02
-9.790030079471e+00,1.470259174916e+00,6.483699363105e-02
-9.789819223677e+00,2.969071242263e-01,6.932315993920e-02
-9.789268436246e+00,2.298965926155e+00,5.476489011300e-02
-9.788965380253e+00,3.281562027191e-01,6.931829043527e-02
-9.788069395064e+00,3.594039908212e-01,6.931082999387e-02
-9.787989134857e+00,7.969730535065e-01,6.832273697800e-02
-9.787730231432e+00,2.624394290784e+00,4.698259122075e-02
-9.787185720407e+00,3.088959104498e+00,2.514448119484e-02
-9.787131272049e+00,3.906503657412e-01,6.930152475563e-02
-9.787051261121e+00,1.093721798354e+00,6.720465891483e-02
-9.786624612017e+00,2.821959145832e+00,4.002970696940e-02
-9.786245871765e+00,1.659392230674e+00,6.351462839648e-02
-9.786151015540e+00,4.218952037479e-01,6.929037101280e-02
-9.785591458962e+00,8.282179135436e-01,6.831990864042e-02
-9.785128630194e+00,4.531383820861e-01,6.927736435109e-02
-9.784964765912e+00,2.428004695588e+00,5.244780660688e-02
-9.784064121003e+00,4.843797785526e-01,6.926212387320e-02
-9.783149281541e+00,8.594593249342e-01,6.831519503263e-02
-9.782522696647e+00,5.156350480022e-01,6.926135474197e-02
-9.782230270440e+00,1.344151876900e+00,6.606462153172e-02
-9.781601001473e+00,3.020621549459e+00,3.088700285619e-02
-9.780808512890e+00,1.532747086170e+00,6.483808592445e-02
-9.780662612864e+00,8.906971576011e-01,6.830859447293e-02
-9.780558854056e+00,3.358175901072e+00,1.150235506340e-05
-9.780504270754e+00,5.469040627196e-01,6.927543042709e-02
-9.780360596856e+00,1.976571725345e+00,6.048896852415e-02
-9.780184693927e+00,2.104529832383e+00,5.875640116194e-02
-9.780147820879e+00,1.156155117312e+00,6.720532590754e-02
-9.779224700172e+00,2.754377744891e+00,4.372682503154e-02
-9.779001190789e+00,2.557368622487e+00,4.986883565317e-02
-9.778915011141e+00,1.849013180464e+00,6.207520419471e-02
-9.778443554030e+00,5.781709169815e-01,6.928764112734e-02
-9.778376666854e+00,2.232866628650e+00,5.685630981488e-02
-9.778131463599e+00,9.219312813178e-01,6.830010457154e-02
-9.776824965840e+00,3.289131953348e+00,1.010811294214e-02
-9.776340552968e+00,6.094354871972e-01,6.929799160032e-02
-9.775858840227e+00,1.721874853887e+00,6.351597168131e-02
-9.775555844770e+00,9.531615661670e-01,6.828972222928e-02
-9.775549239524e+00,2.952511233595e+00,3.579125425366e-02
-9.774926151906e+00,2.361561027889e+00,5.476320288451e-02
-9.774195274424e+00,6.406976498204e-01,6.930648588868e-02
-9.773786554075e+00,1.406572633784e+00,6.606550603287e-02
-9.772935767774e+00,9.843878823435e-01,6.826406777981e-02
-9.772861243425e+00,1.218544893672e+00,6.720600909777e-02
-9.772614077197e+00,3.220302378527e+00,1.832798360659e-02
-9.772007725612e+00,6.719572813400e-01,6.931312732411e-02
-9.771368049507e+00,2.687036069540e+00,4.698097552068e-02
-9.771203251652e+00,1.595177181337e+00,6.483919494050e-02
-9.770597478212e+00,1.562747172419e-02,7.019329051116e-02
-9.770105201446e+00,4.688235681870e-02,7.020744457985e-02
-9.769823061137e+00,2.490591733156e+00,5.244614094173e-02
-9.769777914110e+00,7.032142582414e-01,6.931791853047e-02
-9.769573042549e+00,7.813706717424e-02,7.021977742204e-02
-9.769033273876e+00,2.884631383520e+00,4.002819660902e-02
-9.769001002194e+00,1.093914871081e-01,7.023029392798e-02
-9.768451855342e+00,1.031159287805e+00,6.826921402408e-02
-9.768389081402e+00,1.406455000794e-01,7.023899828242e-02
-9.768015892377e+00,2.039054883021e+00,6.048726480025e-02
-9.767928937463e+00,3.151690505401e+00,2.514334577117e-02
-9.767737281534e+00,1.718989892925e-01,7.024589396852e-02
-9.767505847853e+00,7.344684570359e-01,6.932086142642e-02
-9.767358794676e+00,1.911468576118e+00,6.207349566069e-02
-9.767048555281e+00,2.167030667500e+00,5.875470509779e-02
-9.767045604282e+00,2.031518388932e-01,7.025098377069e-02
-9.766314051674e+00,2.344039329217e-01,7.025426977772e-02
-9.765542626085e+00,2.656551549469e-01,7.025575338541e-02
-9.765191803246e+00,1.280888775864e+00,6.720670848242e-02
-9.765191535141e+00,7.657197542791e-01,6.932195722739e-02
-9.765088036652e+00,1.784292478433e+00,6.351733191947e-02
-9.764959673326e+00,1.468940373447e+00,6.606640699813e-02
-9.764731330237e+00,2.969053882952e-01,7.025462087837e-02
-9.764446278493e+00,2.295374981957e+00,5.685462501893e-02
-9.763880167185e+00,3.281545166533e-01,7.024926641930e-02
-9.763057585820e+00,2.619937241828e+00,4.986719923986e-02
-9.762989140303e+00,3.594024243714e-01,7.024210643453e-02
-9.762834984639e+00,7.969680264293e-01,6.932120644658e-02
-9.762772319326e+00,3.083299635427e+00,3.088570192253e-02
-9.762058253315e+00,3.906489952958e-01,7.023313800924e-02
-9.762055966267e+00,2.816985197918e+00,4.372526204085e-02
-9.761935178872e+00,1.093457810200e+00,6.826973205158e-02
-9.761214658119e+00,1.657547104284e+00,6.484032067233e-02
-9.761087510318e+00,4.218941123831e-01,7.022235753269e-02
-9.760436205365e+00,8.282131501055e-01,6.931860889567e-02
-9.760198830352e+00,2.424066667218e+00,5.476153395136e-02
-9.760076915719e+00,4.531376595139e-01,7.020976069193e-02
-9.759620138392e+00,3.420921128867e+00,1.150235505637e-05
-9.759026474241e+00,4.843795210903e-01,7.019498748541e-02
-9.757995206693e+00,8.594550019889e-01,6.931416368502e-02
-9.757481249895e+00,5.156345057588e-01,7.019440175362e-02
-9.757147018610e+00,3.015133042498e+00,3.578983961957e-02
-9.757139789222e+00,1.343184414388e+00,6.720742405797e-02
-9.756319530290e+00,3.351835585217e+00,1.010758307473e-02
-9.755749960949e+00,1.531252743676e+00,6.606732442276e-02
-9.755511998369e+00,8.906934586729e-01,6.930786922309e-02
-9.755441160981e+00,5.469024927078e-01,7.020835577032e-02
-9.755418864633e+00,1.973851762739e+00,6.207180427362e-02
-9.755287188253e+00,2.101460957227e+00,6.048557854686e-02
-9.755036319049e+00,1.155715181663e+00,6.827026598880e-02
-9.754620200613e+00,2.749575847407e+00,4.697937840193e-02
-9.754296256348e+00,2.553084355470e+00,5.244449375909e-02
-9.753933867641e+00,1.846642747213e+00,6.351870910112e-02
-9.753528193724e+00,2.229449523257e+00,5.875302681124e-02
-9.753361067226e+00,5.781684359825e-01,7.022048112555e-02
-9.752986590513e+00,9.219283966092e-01,6.929840023840e-02
-9.752540364451e+00,3.282961382949e+00,1.832710129416e-02
-9.751240974773e+00,6.094322186730e-01,7.023078262259e-02
-9.751055853995e+00,2.947193972887e+00,4.002670427378e-02
-9.750843109124e+00,1.719854501122e+00,6.484146311552e-02
-9.750418993583e+00,9.531596925430e-01,6.928972265670e-02
-9.750131507145e+00,2.357796439981e+00,5.685295828283e-02
-9.749080890108e+00,6.406937239112e-01,7.023926435350e-02
-9.748705504627e+00,1.405429461728e+00,6.720815582016e-02
-9.748285368944e+00,3.214301869734e+00,2.514222461744e-02
-9.747809218393e+00,9.843872233259e-01,6.926282067302e-02
-9.747755535521e+00,1.217929057626e+00,6.827081583240e-02
-9.746880820053e+00,6.719528348622e-01,7.024592970331e-02
-9.746728882750e+00,2.682406474399e+00,4.986558141943e-02
-9.746157764126e+00,1.593507394454e+00,6.606825830160e-02
-9.745587993956e+00,1.562733051138e-02,7.106772676200e-02
-9.745087029522e+00,2.486480475709e+00,5.475988332126e-02
-9.745077889775e+00,4.688193651478e-02,7.108160208995e-02
-9.744640771778e+00,7.032094346878e-01,7.025078135316e-02
-9.744530182442e+00,7.813637776429e-02,7.109369190973e-02
-9.744501666752e+00,2.879485645176e+00,4.372371746936e-02
-9.743944872592e+00,1.093905451876e-01,7.110400107609e-02
-9.743557295273e+00,3.145860366382e+00,3.088441712206e-02
-9.743332406536e+00,1.031071285972e+00,6.926368515858e-02
-9.743321961187e+00,1.406443289034e-01,7.111253374301e-02
-9.743095672079e+00,2.036160382941e+00,6.207013004211e-02
-9.742661449510e+00,1.718976187901e-01,7.111929336773e-02
-9.742396754360e+00,1.908923305188e+00,6.352010321921e-02
-9.742360752791e+00,7.344634065745e-01,7.025382128312e-02
-9.742174965744e+00,2.163787587846e+00,6.048390977216e-02
-9.741963339157e+00,2.031503056136e-01,7.112428271351e-02
-9.741227632040e+00,2.344022800405e-01,7.112750385285e-02
-9.740454330397e+00,2.656534322928e-01,7.112895817005e-02
-9.740093102369e+00,1.280097094775e+00,6.827138157981e-02
-9.740088995900e+00,1.782097020646e+00,6.484262226460e-02
-9.740040770939e+00,7.657146337505e-01,7.025505077423e-02
-9.739889267181e+00,1.467621571979e+00,6.720890376466e-02
-9.739643436797e+00,2.969036523640e-01,7.112658520260e-02
-9.739624120740e+00,2.291784037758e+00,5.875136631113e-02
-9.738794954118e+00,3.281528305874e-01,7.112147350486e-02
-9.738384940209e+00,2.615480192872e+00,5.244286506711e-02
-9.738358918244e+00,3.077640166355e+00,3.578844230021e-02
-9.738294219217e+00,3.483535812885e+00,1.150235509079e-05
-9.737908885542e+00,3.594008579217e-01,7.111459178055e-02
-9.737680834421e+00,7.969629993520e-01,7.025447040954e-02
-9.737487320518e+00,2.812011250004e+00,4.697779987066e-02
-9.736985234581e+00,3.906476248503e-01,7.110593720318e-02
-9.736819096622e+00,1.093193822045e+00,6.926408638708e-02
-9.736183444473e+00,1.655701977894e+00,6.606920862880e-02
-9.736024005097e+00,4.218930210184e-01,7.109550625480e-02
-9.735432894792e+00,2.420128638848e+00,5.685130961493e-02
-9.735427260784e+00,3.414411391661e+00,1.010706014251e-02
-9.735280951767e+00,8.282083866674e-01,7.025208007501e-02
-9.735025201246e+00,4.531369369417e-01,7.108329472021e-02
-9.733988827479e+00,4.843792636280e-01,7.106896194049e-02
-9.732841131846e+00,8.594506790435e-01,7.024787895971e-02
-9.732693035746e+00,3.009644535536e+00,4.002522996978e-02
-9.732439803144e+00,5.156339635155e-01,7.106853860935e-02
-9.732080206523e+00,3.345495269361e+00,1.832623036988e-02
-9.732049308004e+00,1.342216951875e+00,6.827196322816e-02
-9.730691409008e+00,1.529758401182e+00,6.720966788750e-02
-9.730477132410e+00,1.971131800133e+00,6.352151426805e-02
-9.730389682580e+00,2.098392082071e+00,6.206847297472e-02
-9.730378051208e+00,5.469009226959e-01,7.108235739728e-02
-9.730361383875e+00,8.906897597446e-01,7.023931906165e-02
-9.730015701054e+00,2.744773949923e+00,4.986398219847e-02
-9.729924817217e+00,1.155275246015e+00,6.926450323082e-02
-9.729591321908e+00,2.548800088454e+00,5.475825100157e-02
-9.728952724141e+00,1.844272313962e+00,6.484379811126e-02
-9.728679720594e+00,2.226032417863e+00,6.048225848477e-02
-9.728278580422e+00,5.781659549835e-01,7.109438311145e-02
-9.728255763062e+00,3.276790812551e+00,2.514111773768e-02
-9.727841717428e+00,9.219255119006e-01,7.022822002542e-02
-9.726562468467e+00,2.941876712179e+00,4.372219132402e-02
-9.726141396579e+00,6.094289501489e-01,7.110462058847e-02
-9.725827378020e+00,1.717834148356e+00,6.607017540050e-02
-9.725336862385e+00,2.354031852072e+00,5.874972360594e-02
-9.725282142397e+00,9.531578189191e-01,7.022439234716e-02
-9.723966505792e+00,6.406897980020e-01,7.111307395821e-02
-9.723956660691e+00,3.208301360940e+00,3.088314845991e-02
-9.723624455179e+00,1.404286289673e+00,6.827256077398e-02
-9.722682669012e+00,9.843865643083e-01,7.019667725024e-02
-9.722649827617e+00,1.217313221579e+00,6.926493568717e-02
-9.722089715993e+00,2.677776879258e+00,5.244125487464e-02
-9.721753914495e+00,6.719483883843e-01,7.111974664807e-02
-9.721112276599e+00,1.591837607572e+00,6.721044818433e-02
-9.720578509701e+00,1.562718929857e-02,7.188849044181e-02
-9.720350997907e+00,2.482369218262e+00,5.684967902304e-02
-9.720050578105e+00,4.688151621085e-02,7.190209374358e-02
-9.719970059628e+00,2.874339906832e+00,4.697623993509e-02
-9.719503629448e+00,7.032046111343e-01,7.112464138630e-02
-9.719487322336e+00,7.813568835434e-02,7.191394640590e-02
-9.719185653083e+00,3.140030227362e+00,3.578706230086e-02
-9.718888742991e+00,1.093896032672e-01,7.192405324442e-02
-9.718254840973e+00,1.406431577275e-01,7.193241837935e-02
-9.718212957731e+00,1.030983284139e+00,7.019411027950e-02
-9.718175451781e+00,2.033265882861e+00,6.352294223993e-02
-9.717585617487e+00,1.718962482877e-01,7.193904523946e-02
-9.717434714044e+00,1.906378034258e+00,6.484499064936e-02
-9.717301376208e+00,2.160544508192e+00,6.206683307960e-02
-9.717215657728e+00,7.344583561131e-01,7.112776020481e-02
-9.716881074033e+00,2.031487723341e-01,7.194393656494e-02
-9.716581910333e+00,3.546017563720e+00,1.150235509830e-05
-9.716141212406e+00,2.344006271593e-01,7.194709441054e-02
-9.715366034710e+00,2.656517096387e-01,7.194831510282e-02
-9.715089955147e+00,1.779901562858e+00,6.607115861196e-02
-9.714994401491e+00,1.279305413686e+00,6.926538375406e-02
-9.714890006737e+00,7.657095132219e-01,7.112910444138e-02
-9.714818861037e+00,1.466302770511e+00,6.827317421371e-02
-9.714801962987e+00,2.288193093559e+00,6.048062469357e-02
-9.714555543357e+00,2.969019164329e-01,7.194516040901e-02
-9.714148954026e+00,3.476856986379e+00,1.010654414688e-02
-9.713945517163e+00,3.071980697284e+00,4.002377370302e-02
-9.713712294598e+00,2.611023143916e+00,5.475663700055e-02
-9.713709741052e+00,3.281511445215e-01,7.194027241445e-02
-9.712918674768e+00,2.807037302089e+00,4.986240158341e-02
-9.712828630782e+00,3.593992914719e-01,7.193364906218e-02
-9.712526684203e+00,7.969579722748e-01,7.112867474077e-02
-9.711912215847e+00,3.906462544049e-01,7.192528760936e-02
-9.711703014372e+00,1.092929833891e+00,7.019440849632e-02
-9.711234383176e+00,3.407901654454e+00,1.832537083636e-02
-9.711152230826e+00,1.653856851504e+00,6.721124465024e-02
-9.710960499876e+00,4.218919296536e-01,7.191518462678e-02
-9.710666959231e+00,2.416190610477e+00,5.874809870404e-02
-9.710125698170e+00,8.282036232292e-01,7.112629546166e-02
-9.709973486772e+00,4.531362143695e-01,7.190333599351e-02
-9.708951180717e+00,4.843790061657e-01,7.188941897010e-02
-9.708239052883e+00,3.004156028574e+00,4.372068361126e-02
-9.707840882757e+00,3.339154953505e+00,2.514002513568e-02
-9.707687056999e+00,8.594463560982e-01,7.111925468931e-02
-9.707398356392e+00,5.156334212721e-01,7.188913976162e-02
-9.706958826785e+00,1.341249489363e+00,6.926584742922e-02
-9.705632857067e+00,1.528264058688e+00,6.827380354402e-02
-9.705535400187e+00,1.968411837526e+00,6.484619987382e-02
-9.705492176907e+00,2.095323206914e+00,6.352285676260e-02
-9.705411201495e+00,2.739972052438e+00,5.243966318841e-02
-9.705314941435e+00,5.468993526840e-01,7.190281289358e-02
-9.705210769381e+00,8.906860608163e-01,7.111043380529e-02
-9.704886387467e+00,2.544515821437e+00,5.684806651456e-02
-9.704813315386e+00,1.154835310366e+00,7.019472203413e-02
-9.703971580640e+00,1.841901880711e+00,6.607215825624e-02
-9.703971161673e+00,3.270620242153e+00,3.088189594098e-02
-9.703831247465e+00,2.222615312470e+00,6.206521036538e-02
-9.703196093618e+00,5.781634739845e-01,7.191472773299e-02
-9.702696844342e+00,9.219226271920e-01,7.109982919515e-02
-9.702069082938e+00,2.936559451471e+00,4.697469860243e-02
-9.701041818384e+00,6.094256816247e-01,7.192488913908e-02
-9.700811646917e+00,1.715813795591e+00,6.721205728184e-02
-9.700542217624e+00,2.350267264163e+00,6.047900840701e-02
-9.700145291211e+00,9.531559452951e-01,7.109989129320e-02
-9.699627952437e+00,3.202300852146e+00,3.578569962741e-02
-9.698852121476e+00,6.406858720928e-01,7.193330126952e-02
-9.698543405730e+00,1.403143117617e+00,6.926632670984e-02
-9.697556119631e+00,9.843859052907e-01,7.107169726566e-02
-9.697544119713e+00,1.216697385533e+00,7.019505089089e-02
-9.697450549235e+00,2.673147284117e+00,5.475504132712e-02
-9.696627008937e+00,6.719439419065e-01,7.193996758466e-02
-9.696066789073e+00,1.590167820689e+00,6.827444876134e-02
-9.695614966292e+00,2.478257960815e+00,5.874649161325e-02
-9.695569025445e+00,1.562704808576e-02,7.266035809708e-02
-9.695438452504e+00,2.869194168488e+00,4.986083958266e-02
-9.695023266435e+00,4.688109590693e-02,7.267369637293e-02
-9.694814010893e+00,3.134200088343e+00,4.002233547937e-02
-9.694484040330e+00,3.608363996909e+00,1.150235505550e-05
-9.694444462230e+00,7.813499894439e-02,7.268531799021e-02
-9.694366487117e+00,7.031997875807e-01,7.194489085091e-02
-9.693832613390e+00,1.093886613467e-01,7.269522772260e-02
-9.693255231483e+00,2.030371382781e+00,6.484742577799e-02
-9.693187720758e+00,1.406419865515e-01,7.270342965405e-02
-9.693093508926e+00,1.030895282305e+00,7.106637883188e-02
-9.692509785464e+00,1.718948777853e-01,7.270992718290e-02
-9.692485421485e+00,3.539169987902e+00,1.010603508936e-02
-9.692472673727e+00,1.903832763328e+00,6.607317432798e-02
-9.692427786673e+00,2.157301428538e+00,6.352124669242e-02
-9.692070562665e+00,7.344533056517e-01,7.194807314375e-02
-9.691798808908e+00,2.031472390545e-01,7.271472302469e-02
-9.691054792772e+00,2.343989742781e-01,7.271781921530e-02
-9.690277739023e+00,2.656499869847e-01,7.271805658144e-02
-9.690090914395e+00,1.777706105070e+00,6.721288607513e-02
-9.690003688835e+00,3.470178159873e+00,1.832452269623e-02
-9.689979805234e+00,2.284602149361e+00,6.206360484086e-02
-9.689895700613e+00,1.278513732597e+00,7.019539506504e-02
-9.689748454892e+00,1.464983969042e+00,6.926682159307e-02
-9.689739242535e+00,7.657043926933e-01,7.194951584989e-02
-9.689532116082e+00,3.066321228212e+00,4.371919433755e-02
-9.689467649917e+00,2.969001805018e-01,7.271507485828e-02
-9.689039648987e+00,2.606566094960e+00,5.684647209782e-02
-9.688624527985e+00,3.281494584556e-01,7.271039355700e-02
-9.688350029018e+00,2.802063354175e+00,5.243809001504e-02
-9.687748376021e+00,3.593977250221e-01,7.270401069400e-02
-9.687372533985e+00,7.969529451975e-01,7.194856359468e-02
-9.687041505568e+00,3.401391917248e+00,2.513894681503e-02
-9.686839197113e+00,3.906448839594e-01,7.269592360576e-02
-9.686586932123e+00,1.092665845737e+00,7.106658598693e-02
-9.686121017180e+00,1.652011725114e+00,6.827510986156e-02
-9.685901023671e+00,2.412252582107e+00,6.047740963346e-02
-9.685896994655e+00,4.218908382889e-01,7.268612894793e-02
-9.684970444573e+00,8.281988597911e-01,7.194365197419e-02
-9.684921772298e+00,4.531354917973e-01,7.267462269044e-02
-9.683913533954e+00,4.843787487034e-01,7.266109871121e-02
-9.683785070020e+00,2.998667521612e+00,4.697317587943e-02
-9.683601558991e+00,3.332814637650e+00,3.088065956990e-02
-9.682532982152e+00,8.594420331528e-01,7.193699783727e-02
-9.682356909641e+00,5.156328790287e-01,7.266094766071e-02
-9.681868345567e+00,1.340282026850e+00,7.019575455481e-02
-9.680806701935e+00,2.735170154954e+00,5.475346398817e-02
-9.680594671234e+00,2.092254331758e+00,6.484866835490e-02
-9.680593667964e+00,1.965691874920e+00,6.607420682271e-02
-9.680574305126e+00,1.526769716194e+00,6.926733207620e-02
-9.680251831662e+00,5.468977826722e-01,7.267446725294e-02
-9.680181453026e+00,2.540231554420e+00,5.874490234104e-02
-9.680060154887e+00,8.906823618881e-01,7.192859841390e-02
-9.679701813555e+00,1.154395374718e+00,7.106680817094e-02
-9.679686560284e+00,3.264449671755e+00,3.578435428541e-02
-9.678990437140e+00,1.839531447461e+00,6.721373102427e-02
-9.678982774335e+00,2.219198207078e+00,6.351965348723e-02
-9.678113606815e+00,5.781609929855e-01,7.268626248083e-02
-9.677575697409e+00,2.931242190763e+00,4.985929620368e-02
-9.677551971257e+00,9.219197424834e-01,7.191845024069e-02
-9.675942240189e+00,6.094224131005e-01,7.269633821717e-02
-9.675795915813e+00,1.713793442826e+00,6.827578684176e-02
-9.675747572864e+00,2.346502676255e+00,6.206201651448e-02
-9.675299244184e+00,3.196300343353e+00,4.002091530517e-02
-9.675008440025e+00,9.531540716712e-01,7.191773037832e-02
-9.673737737159e+00,6.406819461836e-01,7.270469863870e-02
-9.673462356281e+00,1.401999945562e+00,7.019612935802e-02
-9.672811382478e+00,2.668517688976e+00,5.684489578178e-02
-9.672438411810e+00,1.216081549486e+00,7.106704538248e-02
-9.672429570251e+00,9.843852462731e-01,7.189321627704e-02
-9.672001452500e+00,3.670572733200e+00,1.150235501930e-05
-9.671500103378e+00,6.719394954287e-01,7.271134723052e-02
-9.671021301546e+00,1.588498033806e+00,6.926785815627e-02
-9.670906845380e+00,2.864048430144e+00,5.243653536307e-02
-9.670878934676e+00,2.474146703368e+00,6.047582838076e-02
-9.670559541189e+00,1.562690687295e-02,7.338755604550e-02
-9.670442368703e+00,3.128369949323e+00,4.371772350908e-02
-9.670437489366e+00,3.601348019686e+00,1.010553297149e-02
-9.669995954764e+00,4.688067560301e-02,7.340063645009e-02
-9.669401602124e+00,7.813430953444e-02,7.341203326797e-02
-9.669229344786e+00,7.031949640271e-01,7.271628678953e-02
-9.668776483788e+00,1.093877194263e-01,7.342175122852e-02
-9.668388932636e+00,3.532322412084e+00,1.832368595232e-02
-9.668335011185e+00,2.027476882702e+00,6.607525573471e-02
-9.668120600543e+00,1.406408153756e-01,7.342979437756e-02
-9.667974060121e+00,1.030807280472e+00,7.188569326504e-02
-9.667554197136e+00,2.154058348884e+00,6.484992759826e-02
-9.667510633411e+00,1.901287492398e+00,6.721459212467e-02
-9.667433953440e+00,1.718935072828e-01,7.343616608139e-02
-9.666925467603e+00,7.344482551903e-01,7.271951942740e-02
-9.666716543784e+00,2.031457057749e-01,7.344086902964e-02
-9.665968373138e+00,2.343973213968e-01,7.344390523846e-02
-9.665858423643e+00,3.463499333368e+00,2.513788277937e-02
-9.665189443335e+00,2.656482643306e-01,7.344333956357e-02
-9.665157647481e+00,2.281011205162e+00,6.351807715579e-02
-9.665118715001e+00,3.060661759141e+00,4.697167177286e-02
-9.665091873643e+00,1.775510647283e+00,6.827647969858e-02
-9.664796999736e+00,1.277722051508e+00,7.106729762039e-02
-9.664678048747e+00,1.463665167574e+00,7.019651947242e-02
-9.664588478332e+00,7.656992721648e-01,7.272022081573e-02
-9.664379756476e+00,2.968984445707e-01,7.344051646896e-02
-9.664367003376e+00,2.602109046004e+00,5.874333089574e-02
-9.663781383268e+00,2.797089406260e+00,5.475190499036e-02
-9.663539314917e+00,3.281477723898e-01,7.343602662593e-02
-9.662848627960e+00,3.394882180041e+00,3.087943935107e-02
-9.662668121260e+00,3.593961585723e-01,7.342986811985e-02
-9.662218383767e+00,7.969479181203e-01,7.271733629748e-02
-9.661766178378e+00,3.906435135139e-01,7.342203836243e-02
-9.661470849873e+00,1.092401857582e+00,7.188581975147e-02
-9.661135088111e+00,2.408314553737e+00,6.206044539460e-02
-9.661089803533e+00,1.650166598723e+00,6.926839982995e-02
-9.660833489433e+00,4.218897469242e-01,7.341253409056e-02
-9.659870057823e+00,4.531347692251e-01,7.340135136167e-02
-9.659815190975e+00,8.281940963530e-01,7.271274507742e-02
-9.659362235225e+00,3.326474321794e+00,3.578302628011e-02
-9.659331087157e+00,2.993179014650e+00,4.985777145343e-02
-9.658875887192e+00,4.843784912411e-01,7.338819948054e-02
-9.657378907304e+00,8.594377102075e-01,7.270644520541e-02
-9.657315462889e+00,5.156323367854e-01,7.338816259840e-02
-9.656777864348e+00,1.339314564338e+00,7.106756488337e-02
-9.656202202376e+00,2.730368257469e+00,5.684333757340e-02
-9.655697165560e+00,2.089185456602e+00,6.607632105796e-02
-9.655651935741e+00,1.962971912314e+00,6.721546937243e-02
-9.655515753185e+00,1.525275373700e+00,7.019692489585e-02
-9.655476518585e+00,2.535947287403e+00,6.047426465636e-02
-9.655401958895e+00,3.258279101357e+00,4.001951318655e-02
-9.655188721888e+00,5.468962126603e-01,7.340152283622e-02
-9.654909540393e+00,8.906786629598e-01,7.269843404685e-02
-9.654590311725e+00,1.153955439069e+00,7.188596097863e-02
-9.654134301206e+00,2.215781101685e+00,6.485120350187e-02
-9.654009293639e+00,1.837161014210e+00,6.827718842719e-02
-9.653082311880e+00,2.925924930055e+00,5.243499924011e-02
-9.653031120010e+00,5.781585119865e-01,7.341319175722e-02
-9.652407098172e+00,9.219168577748e-01,7.268870827972e-02
-9.650970535930e+00,3.190299834559e+00,4.371627113262e-02
-9.650952928104e+00,2.342738088346e+00,6.351651770648e-02
-9.650842661994e+00,6.094191445764e-01,7.342317423985e-02
-9.650780184710e+00,1.711773090060e+00,6.926895709476e-02
-9.649871588839e+00,9.531521980472e-01,7.268531961278e-02
-9.649135004735e+00,3.732641398813e+00,1.150235509455e-05
-9.648623352842e+00,6.406780202744e-01,7.343147447245e-02
-9.648381306833e+00,1.400856773507e+00,7.106784716979e-02
-9.648172215721e+00,2.663888093835e+00,5.874177728633e-02
-9.648005998522e+00,3.663388710378e+00,1.010503779462e-02
-9.647332703906e+00,1.215465713440e+00,7.188611694556e-02
-9.647303020870e+00,9.843845872554e-01,7.266594931291e-02
-9.646390938401e+00,3.594332042463e+00,1.832286060747e-02
-9.646375238255e+00,2.858902691800e+00,5.475036434239e-02
-9.646373197819e+00,6.719350489508e-01,7.343809595776e-02
-9.646142903061e+00,2.470035445921e+00,6.205889148901e-02
-9.646070726513e+00,3.122539810304e+00,4.697018628920e-02
-9.645975814020e+00,1.586828246924e+00,7.019734562596e-02
-9.645550056933e+00,1.562676566014e-02,7.407383739106e-02
-9.644968643094e+00,4.688025529909e-02,7.408666713388e-02
-9.644358742018e+00,7.813362012449e-02,7.409784544459e-02
-9.644292443788e+00,3.525474836266e+00,2.513683303263e-02
-9.644092202454e+00,7.031901404735e-01,7.344304151638e-02
-9.643720354187e+00,1.093867775058e-01,7.410737700651e-02
-9.643414790887e+00,2.024582382622e+00,6.721636276264e-02
-9.643053480329e+00,1.406396441996e-01,7.411526582580e-02
-9.642854611316e+00,1.030719278640e+00,7.265666378358e-02
-9.642680607600e+00,2.150815269230e+00,6.607740278699e-02
-9.642548593095e+00,1.898742221468e+00,6.827791302364e-02
-9.642358121417e+00,1.718921367804e-01,7.412151523547e-02
-9.641780372540e+00,7.344432047290e-01,7.344554956436e-02
-9.641713158452e+00,3.456820506862e+00,3.087823528893e-02
-9.641634278659e+00,2.031441724953e-01,7.412612789833e-02
-9.640881953504e+00,2.343956685156e-01,7.412892836326e-02
-9.640705313920e+00,3.055002290069e+00,4.985626533886e-02
-9.640335489728e+00,2.277420260964e+00,6.485249605794e-02
-9.640101147648e+00,2.656465416765e-01,7.412788474913e-02
-9.640092832891e+00,1.773315189495e+00,6.926952994790e-02
-9.639698298859e+00,1.276930370419e+00,7.188628765151e-02
-9.639694357765e+00,2.597651997048e+00,6.047271846860e-02
-9.639607642602e+00,1.462346366106e+00,7.106814447796e-02
-9.639437714130e+00,7.656941516362e-01,7.344459722507e-02
-9.639291863036e+00,2.968967086395e-01,7.412520749643e-02
-9.639212737519e+00,2.792115458346e+00,5.684179747944e-02
-9.638655750352e+00,3.388372442835e+00,3.578171561659e-02
-9.638454101850e+00,3.281460863239e-01,7.412089542105e-02
-9.637587866499e+00,3.593945921225e-01,7.411494667325e-02
-9.637064233549e+00,7.969428910430e-01,7.344197222827e-02
-9.636693159644e+00,3.906421430685e-01,7.410735873618e-02
-9.636369152550e+00,2.404376525367e+00,6.351497514762e-02
-9.636354767623e+00,1.092137869428e+00,7.265671867047e-02
-9.636058589887e+00,1.648321472333e+00,7.019778166005e-02
-9.635769984211e+00,4.218886555594e-01,7.409812842447e-02
-9.635122911459e+00,3.320134005939e+00,4.001812912922e-02
-9.634877104293e+00,2.987690507688e+00,5.243348165328e-02
-9.634818343349e+00,4.531340466528e-01,7.408725187985e-02
-9.634659937378e+00,8.281893329148e-01,7.343767342043e-02
-9.633838240429e+00,4.843782337788e-01,7.407445274558e-02
-9.632274016137e+00,5.156317945420e-01,7.407451773515e-02
-9.632224832457e+00,8.594333872622e-01,7.343169897134e-02
-9.631687383130e+00,1.338347101826e+00,7.188647309561e-02
-9.631597702817e+00,2.725566359985e+00,5.874024151980e-02
-9.631117357506e+00,3.252108530959e+00,4.371483721468e-02
-9.630799659887e+00,2.086116581446e+00,6.721727229013e-02
-9.630771584144e+00,2.531663020386e+00,6.205735480517e-02
-9.630710203518e+00,1.960251949707e+00,6.827865348459e-02
-9.630457201244e+00,1.523781031206e+00,7.106845680621e-02
-9.630125612114e+00,5.468946426484e-01,7.408771448982e-02
-9.629758925898e+00,8.906749640315e-01,7.342404637251e-02
-9.629478809894e+00,1.153515503421e+00,7.265678801471e-02
-9.629285828076e+00,2.212363996292e+00,6.607850091635e-02
-9.629028150139e+00,1.834790580959e+00,6.927011838541e-02
-9.628588926351e+00,2.920607669347e+00,5.474884205193e-02
-9.627948633206e+00,5.781560309875e-01,7.409925208095e-02
-9.627262225086e+00,9.219139730661e-01,7.341471243434e-02
-9.626641827677e+00,3.184299325765e+00,4.696871943551e-02
-9.626158283343e+00,2.338973500437e+00,6.485380525913e-02
-9.625885569559e+00,3.794567625352e+00,1.150235520637e-05
-9.625764453606e+00,1.709752737295e+00,7.019823299606e-02
-9.625743083799e+00,6.094158760522e-01,7.410913538585e-02
-9.625191804359e+00,3.725289694071e+00,1.010454955988e-02
-9.624734737653e+00,9.531503244233e-01,7.340913881204e-02
-9.624010544544e+00,3.656204687556e+00,1.832204666423e-02
-9.623533048963e+00,2.659258498694e+00,6.047118982644e-02
-9.623508968525e+00,6.406740943652e-01,7.411736859802e-02
-9.623300257384e+00,1.399713601451e+00,7.188667327672e-02
-9.622344387437e+00,3.587316065241e+00,2.513579757867e-02
-9.622226996002e+00,1.214849877393e+00,7.265687181579e-02
-9.622176471489e+00,9.843839282378e-01,7.339407753603e-02
-9.621843631132e+00,2.853756953457e+00,5.684027550860e-02
-9.621699084323e+00,3.116709671285e+00,4.985477786671e-02
-9.621406871446e+00,2.465924188474e+00,6.351344948698e-02
-9.621246292260e+00,6.719306024730e-01,7.412395523165e-02
-9.620930326494e+00,1.585158460041e+00,7.106878415271e-02
-9.620540572678e+00,1.562662444734e-02,7.472254645567e-02
-9.620195954940e+00,3.518627260448e+00,3.087704738826e-02
-9.619941331424e+00,4.687983499517e-02,7.473513272593e-02
-9.619315881912e+00,7.813293071454e-02,7.474609880304e-02
-9.618955060123e+00,7.031853169199e-01,7.412836778389e-02
-9.618664224585e+00,1.093858355854e-01,7.475544932285e-02
-9.618494570590e+00,2.021687882542e+00,6.827940980586e-02
-9.617986360114e+00,1.406384730237e-01,7.476318825069e-02
-9.617807018064e+00,2.147572189576e+00,6.721819795016e-02
-9.617735162511e+00,1.030631276807e+00,7.338338842435e-02
-9.617586552779e+00,1.896196950539e+00,6.927072240395e-02
-9.617567893261e+00,3.450141680356e+00,3.578042229991e-02
-9.617282289393e+00,1.718907662780e-01,7.476931888537e-02
-9.616635277476e+00,7.344381542676e-01,7.412925936948e-02
-9.616552013534e+00,2.031426392157e-01,7.477384386213e-02
-9.616291912838e+00,3.049342820998e+00,5.243198260968e-02
-9.615795533870e+00,2.343940156344e-01,7.477595031319e-02
-9.615513331975e+00,2.273829316765e+00,6.607961543932e-02
-9.615093792139e+00,1.771119731707e+00,7.019869963174e-02
-9.615021712154e+00,2.593194948092e+00,6.205583535139e-02
-9.615012851961e+00,2.656448190224e-01,7.477501013758e-02
-9.614644091769e+00,2.787141510431e+00,5.873872360296e-02
-9.614599597981e+00,1.276138689331e+00,7.265697007330e-02
-9.614537236458e+00,1.461027564638e+00,7.188688819363e-02
-9.614462872743e+00,3.381862705629e+00,4.001676313875e-02
-9.614286949927e+00,7.656890311076e-01,7.412851059681e-02
-9.614203969596e+00,2.968949727084e-01,7.477246729008e-02
-9.613368888783e+00,3.281444002580e-01,7.476832064100e-02
-9.612507611738e+00,3.593930256728e-01,7.476256840176e-02
-9.611910083331e+00,7.969378639658e-01,7.412612108615e-02
-9.611620140909e+00,3.906407726230e-01,7.475520812341e-02
-9.611603216990e+00,2.400438496997e+00,6.485513109942e-02
-9.611238685374e+00,1.091873881274e+00,7.338337965033e-02
-9.611027376241e+00,1.646476345943e+00,7.106912651536e-02
-9.610883587693e+00,3.313793690083e+00,4.371342176138e-02
-9.610706478990e+00,4.218875641947e-01,7.474623669500e-02
-9.610423121430e+00,2.982202000726e+00,5.474733812621e-02
-9.609766628874e+00,4.531333240806e-01,7.473565033950e-02
-9.609504683780e+00,8.281845694767e-01,7.412208978855e-02
-9.608800593666e+00,4.843779763165e-01,7.472318604331e-02
-9.607232569385e+00,5.156312522987e-01,7.472334206459e-02
-9.607070757610e+00,8.594290643168e-01,7.411641498486e-02
-9.606993203258e+00,2.720764462501e+00,6.046967873688e-02
-9.606832756118e+00,3.245937960561e+00,4.696727121859e-02
-9.606596901912e+00,1.337379639313e+00,7.265708278677e-02
-9.606066649704e+00,2.527378753369e+00,6.351194073196e-02
-9.605902154213e+00,2.083047706289e+00,6.828018198304e-02
-9.605768471295e+00,1.957531987101e+00,6.927134200070e-02
-9.605398649304e+00,1.522286688712e+00,7.188711784512e-02
-9.605062502341e+00,5.468930726366e-01,7.473637258241e-02
-9.604608311404e+00,8.906712651033e-01,7.410909428410e-02
-9.604437354946e+00,2.208946890899e+00,6.721913973802e-02
-9.604367308062e+00,1.153075567772e+00,7.338338505590e-02
-9.604095540823e+00,2.915290408639e+00,5.683877166864e-02
-9.604047006638e+00,1.832420147708e+00,7.019918156385e-02
-9.602866146401e+00,5.781535499885e-01,7.474777519300e-02
-9.602313119424e+00,3.178298816972e+00,4.985330904422e-02
-9.602254034247e+00,3.856349049485e+00,1.150235515052e-05
-9.602117352001e+00,9.219110883575e-01,7.410012462087e-02
-9.601995776857e+00,3.787048610229e+00,1.010406826855e-02
-9.601363638583e+00,2.335208912529e+00,6.608074634947e-02
-9.601248603983e+00,3.717937989328e+00,1.832124412476e-02
-9.600748722502e+00,1.707732384530e+00,7.106948389250e-02
-9.600643505604e+00,6.094126075280e-01,7.475755476669e-02
-9.600015090566e+00,3.649020664735e+00,2.513477642102e-02
-9.599597886467e+00,9.531484507993e-01,7.409276388529e-02
-9.598893882206e+00,2.654628903553e+00,6.205433313658e-02
-9.598394584209e+00,6.406701684560e-01,7.476571549653e-02
-9.598297836472e+00,3.580300088018e+00,3.087587565372e-02
-9.598219207936e+00,1.398570429396e+00,7.265720995548e-02
-9.597327442133e+00,3.110879532265e+00,5.243050211619e-02
-9.597312024008e+00,2.848611215113e+00,5.873722354451e-02
-9.597121288098e+00,1.214234041347e+00,7.338340464099e-02
-9.597049922108e+00,9.843832692202e-01,7.408132099225e-02
-9.596670839831e+00,2.461812931027e+00,6.485450534812e-02
-9.596119386701e+00,6.719261559952e-01,7.477208910105e-02
-9.596099466092e+00,3.511779684631e+00,3.577914633547e-02
-9.595884838967e+00,1.583488673158e+00,7.188736222985e-02
-9.595531088422e+00,1.562648323453e-02,7.533667296235e-02
-9.594914019753e+00,4.687941469125e-02,7.534902287283e-02
-9.594273021806e+00,7.813224130459e-02,7.535978292235e-02
-9.593817917792e+00,7.031804933664e-01,7.477474258205e-02
-9.593608094984e+00,1.093848936649e-01,7.536895769828e-02
-9.593574350291e+00,2.018793382462e+00,6.927197717210e-02
-9.593422628070e+00,3.443462853851e+00,4.001541522069e-02
-9.592933428528e+00,2.144329109922e+00,6.828097001205e-02
-9.592919239899e+00,1.406373018477e-01,7.537655112427e-02
-9.592624512462e+00,1.893651679609e+00,7.019967878964e-02
-9.592615713706e+00,1.030543274973e+00,7.406952089063e-02
-9.592206457370e+00,1.718893957756e-01,7.538256646426e-02
-9.591878511757e+00,3.043683351926e+00,5.474585257244e-02
-9.591490182414e+00,7.344331038062e-01,7.477578629463e-02
-9.591469748410e+00,2.031411059361e-01,7.538700632534e-02
-9.590709114236e+00,2.343923627532e-01,7.538853001756e-02
-9.590691174222e+00,2.270238372567e+00,6.722009764788e-02
-9.590349066543e+00,2.588737899136e+00,6.351044889083e-02
-9.590269995135e+00,3.375352968422e+00,4.371202477865e-02
-9.590094751387e+00,1.768924273919e+00,7.106985628234e-02
-9.590075446019e+00,2.782167562517e+00,6.046818520674e-02
-9.589924556273e+00,2.656430963683e-01,7.538768391361e-02
-9.589500897104e+00,1.275347008242e+00,7.338343840547e-02
-9.589466830313e+00,1.459708763170e+00,7.265735157868e-02
-9.589136185725e+00,7.656839105790e-01,7.477522061073e-02
-9.589116076156e+00,2.968932367773e-01,7.538526521061e-02
-9.588283675716e+00,3.281427141921e-01,7.538127282968e-02
-9.587427356977e+00,3.593914592230e-01,7.537570503995e-02
-9.586837281429e+00,2.396500468627e+00,6.608189364148e-02
-9.586755933113e+00,7.969328368885e-01,7.477304524024e-02
-9.586644263927e+00,3.307453374228e+00,4.696584164484e-02
-9.586547122175e+00,3.906394021776e-01,7.536855945705e-02
-9.586122603124e+00,1.091609893119e+00,7.406945542557e-02
-9.585996162594e+00,1.644631219553e+00,7.188762134623e-02
-9.585969138567e+00,2.976713493764e+00,5.683728596683e-02
-9.585642973768e+00,4.218864728299e-01,7.535983304134e-02
-9.584714914400e+00,4.531326015084e-01,7.534952209404e-02
-9.584349430183e+00,8.281798060386e-01,7.476925923044e-02
-9.583762946904e+00,4.843777188542e-01,7.533737603394e-02
-9.582548154729e+00,3.239767390163e+00,4.985185887841e-02
-9.582388703699e+00,2.715962565016e+00,6.205284816773e-02
-9.582191122633e+00,5.156307100553e-01,7.533761350479e-02
-9.581916682763e+00,8.594247413715e-01,7.476386096513e-02
-9.581506420693e+00,1.336412176801e+00,7.338348634924e-02
-9.581361715263e+00,2.523094486352e+00,6.485302496302e-02
-9.581004648540e+00,2.079978831133e+00,6.927262791444e-02
-9.580826739071e+00,1.954812024495e+00,7.020019130671e-02
-9.580340097363e+00,1.520792346219e+00,7.265750765555e-02
-9.579999392568e+00,5.468915026247e-01,7.535047615398e-02
-9.579602155294e+00,2.909973147931e+00,5.873574135223e-02
-9.579588881817e+00,2.205529785506e+00,6.828177388882e-02
-9.579457696910e+00,8.906675661750e-01,7.475684816304e-02
-9.579255806232e+00,1.152635632124e+00,7.406940386856e-02
-9.579065863138e+00,1.830049714457e+00,7.107024368228e-02
-9.578418800692e+00,3.848663103379e+00,1.010359392227e-02
-9.578241300725e+00,3.917983313241e+00,1.150235500607e-05
-9.578105984156e+00,3.779529595105e+00,1.832045299149e-02
-9.577984411170e+00,3.172298308178e+00,5.242904018021e-02
-9.577783659598e+00,5.781510689895e-01,7.536174126064e-02
-9.577305403607e+00,3.710586284586e+00,2.513376956274e-02
-9.576972478916e+00,9.219082036489e-01,7.474821787533e-02
-9.576568993822e+00,2.331444324620e+00,6.722107167418e-02
-9.576019636588e+00,3.641836641913e+00,3.087472008964e-02
-9.575732991399e+00,1.705712031765e+00,7.188789519298e-02
-9.575543927409e+00,6.094093390039e-01,7.537141368312e-02
-9.574461035281e+00,9.531465771754e-01,7.473939845093e-02
-9.574254715449e+00,2.649999308413e+00,6.350897397246e-02
-9.574251285508e+00,3.573284110796e+00,3.577788772860e-02
-9.573280199892e+00,6.406662425468e-01,7.537949760918e-02
-9.573138158487e+00,1.397427257340e+00,7.338354847198e-02
-9.572955799943e+00,3.105049393246e+00,5.474438539758e-02
-9.572780416883e+00,2.843465476769e+00,6.046670924470e-02
-9.572015580195e+00,1.213618205300e+00,7.406936621984e-02
-9.572002977244e+00,3.504932108813e+00,4.001408538095e-02
-9.571934808216e+00,2.457701673580e+00,6.608305730970e-02
-9.571923372728e+00,9.843826102026e-01,7.473099993079e-02
-9.570992481143e+00,6.719217095173e-01,7.538411323386e-02
-9.570839351441e+00,1.581818886276e+00,7.265767818519e-02
-9.570521604166e+00,1.562634202172e-02,7.591889782279e-02
-9.569886708083e+00,4.687899438733e-02,7.593101836822e-02
-9.569277362878e+00,3.436784027345e+00,4.371064627237e-02
-9.569230161700e+00,7.813155189464e-02,7.594157849247e-02
-9.568680775461e+00,7.031756698128e-01,7.538687153504e-02
-9.568654129993e+00,2.015898882382e+00,7.020071911212e-02
-9.568551965383e+00,1.093839517445e-01,7.595058273375e-02
-9.568059838992e+00,2.141086030268e+00,6.927329422424e-02
-9.567852119685e+00,1.406361306718e-01,7.595803497339e-02
-9.567662472146e+00,1.891106408679e+00,7.107064609010e-02
-9.567496264901e+00,1.030455273140e+00,7.471832817073e-02
-9.567465110676e+00,3.038023882855e+00,5.683581841045e-02
-9.567130625347e+00,1.718880252732e-01,7.596393843997e-02
-9.566387483285e+00,2.031395726565e-01,7.596829571211e-02
-9.566345087351e+00,7.344280533448e-01,7.538805009316e-02
-9.566077117528e+00,3.368843231216e+00,4.696443072044e-02
-9.565869016468e+00,2.266647428368e+00,6.828259360837e-02
-9.565676420932e+00,2.584280850180e+00,6.485156117105e-02
-9.565622694602e+00,2.343907098720e-01,7.596932962645e-02
-9.565506800269e+00,2.777193614602e+00,6.205138045165e-02
-9.565095710635e+00,1.766728816132e+00,7.188818376872e-02
-9.564836260586e+00,2.656413737143e-01,7.596856924291e-02
-9.564402196226e+00,1.274555327153e+00,7.406934247962e-02
-9.564396424168e+00,1.458389961701e+00,7.338362477333e-02
-9.564028182716e+00,2.968915008462e-01,7.596626545202e-02
-9.563985421523e+00,7.656787900504e-01,7.538764935538e-02
-9.563198462649e+00,3.281410281262e-01,7.596241722243e-02
-9.562404940161e+00,3.301113058372e+00,4.985042737587e-02
-9.562347102217e+00,3.593898927732e-01,7.595702287775e-02
-9.562071345869e+00,2.392562440257e+00,6.722206181222e-02
-9.561601782895e+00,7.969278098113e-01,7.538566911348e-02
-9.561515155704e+00,2.971224986802e+00,5.873427703343e-02
-9.561474103441e+00,3.906380317321e-01,7.595008009509e-02
-9.561006520874e+00,1.091345904965e+00,7.471821215141e-02
-9.560964948948e+00,1.642786093163e+00,7.265786316645e-02
-9.560579468548e+00,4.218853814652e-01,7.594158590319e-02
-9.559663199926e+00,4.531318789362e-01,7.593153667863e-02
-9.559194176585e+00,8.281750426004e-01,7.538210850341e-02
-9.558725300142e+00,4.843774613919e-01,7.591969343861e-02
-9.558263553340e+00,3.233596819765e+00,5.242759680889e-02
-9.557784204139e+00,2.711160667532e+00,6.350751598378e-02
-9.557149675882e+00,5.156301678120e-01,7.592000386676e-02
-9.556762607915e+00,8.594204184261e-01,7.537696600454e-02
-9.556656780822e+00,2.518810219335e+00,6.608423734728e-02
-9.556415939475e+00,1.335444714289e+00,7.406933264809e-02
-9.556107142866e+00,2.076909955977e+00,7.020126220276e-02
-9.555885006849e+00,1.952092061888e+00,7.107106350382e-02
-9.555281545422e+00,1.519298003725e+00,7.338371525282e-02
-9.555108769765e+00,2.904655887222e+00,6.046525085855e-02
-9.554936282795e+00,5.468899326128e-01,7.593269793051e-02
-9.554740408687e+00,2.202112680113e+00,6.927397609802e-02
-9.554583567137e+00,3.840977157272e+00,1.831967326739e-02
-9.554461775135e+00,3.910130823390e+00,1.010312652255e-02
-9.554307082416e+00,8.906638672468e-01,7.537023943808e-02
-9.554216191455e+00,3.772010579981e+00,2.513277700718e-02
-9.554144304401e+00,1.152195696475e+00,7.471810977511e-02
-9.554084719637e+00,1.827679281206e+00,7.188848707144e-02
-9.553848285285e+00,3.979468064739e+00,1.150235505386e-05
-9.553655702917e+00,3.166297799384e+00,5.474293660914e-02
-9.553362203231e+00,3.703234579844e+00,3.087358069981e-02
-9.552701172794e+00,5.781485879905e-01,7.594382393633e-02
-9.552024182610e+00,3.634652619091e+00,3.577664648423e-02
-9.551827605830e+00,9.219053189403e-01,7.536192596475e-02
-9.551774349062e+00,2.327679736712e+00,6.828342916586e-02
-9.550717260295e+00,1.703691679000e+00,7.265806259842e-02
-9.550444349214e+00,6.094060704797e-01,7.595338672625e-02
-9.550204734543e+00,3.566268133573e+00,4.001277362534e-02
-9.549615548692e+00,2.645369713272e+00,6.485011398097e-02
-9.549324184095e+00,9.531447035514e-01,7.535191993836e-02
-9.548584157753e+00,3.099219254226e+00,5.683436900652e-02
-9.548248809759e+00,2.838319738425e+00,6.204992999700e-02
-9.548165815576e+00,6.406623166376e-01,7.596012803905e-02
-9.548057109039e+00,1.396284085285e+00,7.406933672530e-02
-9.547906488396e+00,3.498084532995e+00,4.370928624886e-02
-9.547198776600e+00,2.453590416133e+00,6.722306805704e-02
-9.546909872291e+00,1.213002369253e+00,7.471802104242e-02
-9.546796823347e+00,9.843819511850e-01,7.534608670138e-02
-9.545865575584e+00,6.719172630395e-01,7.596452847782e-02
-9.545793863914e+00,1.580149099393e+00,7.338381990996e-02
-9.545512119910e+00,1.562620080891e-02,7.647163200874e-02
-9.545132097687e+00,3.430105200839e+00,4.696303845160e-02
-9.544859396412e+00,4.687857408340e-02,7.648353003549e-02
-9.544187301594e+00,7.813086248469e-02,7.649389620683e-02
-9.543733909696e+00,2.013004382303e+00,7.107149592104e-02
-9.543543633130e+00,7.031708462592e-01,7.596737718647e-02
-9.543495835781e+00,1.093830098240e-01,7.650273501127e-02
-9.543186249456e+00,2.137842950614e+00,7.020182057571e-02
-9.543051709595e+00,3.032364413783e+00,5.873283059540e-02
-9.542784999470e+00,1.406349594958e-01,7.651005028751e-02
-9.542700431830e+00,1.888561137749e+00,7.188880509938e-02
-9.542376816095e+00,1.030367271307e+00,7.533273962283e-02
-9.542054793323e+00,1.718866547708e-01,7.651584522841e-02
-9.541884239920e+00,3.362333494010e+00,4.984901454301e-02
-9.541305218161e+00,2.031380393769e-01,7.651991190819e-02
-9.541199992288e+00,7.344230028834e-01,7.596867532928e-02
-9.541046858715e+00,2.263056484170e+00,6.927467353153e-02
-9.541003775321e+00,2.579823801224e+00,6.608543374686e-02
-9.540938154519e+00,2.772219666688e+00,6.350607493160e-02
-9.540536274968e+00,2.343890569908e-01,7.652074450841e-02
-9.540096669882e+00,1.764533358344e+00,7.265827648008e-02
-9.539747964899e+00,2.656396510602e-01,7.652006237934e-02
-9.539326018024e+00,1.457071160233e+00,7.406935471122e-02
-9.539303495349e+00,1.273763646064e+00,7.471794595378e-02
-9.538940289276e+00,2.968897649150e-01,7.651786517048e-02
-9.538834657320e+00,7.656736695218e-01,7.596842342148e-02
-9.538165616394e+00,3.294772742517e+00,5.242617200898e-02
-9.538113249582e+00,3.281393420604e-01,7.651415189498e-02
-9.537305410309e+00,2.388624411886e+00,6.828428055720e-02
-9.537266847456e+00,3.593883263234e-01,7.650892092797e-02
-9.537061172841e+00,2.965736479840e+00,6.046381005558e-02
-9.536447632677e+00,7.969227827340e-01,7.596662132968e-02
-9.536401084708e+00,3.906366612866e-01,7.650217000515e-02
-9.535933735301e+00,1.640940966773e+00,7.338393874401e-02
-9.535890438625e+00,1.091081916811e+00,7.533257846705e-02
-9.535515963326e+00,4.218842901004e-01,7.649389622082e-02
-9.534611485452e+00,4.531311563640e-01,7.648409602425e-02
-9.534038922988e+00,8.281702791623e-01,7.596326827166e-02
-9.533978951951e+00,3.227426249367e+00,5.474150621435e-02
-9.533687653380e+00,4.843772039296e-01,7.647254126646e-02
-9.533179704580e+00,2.706358770047e+00,6.484868339971e-02
-9.532108229131e+00,5.156296255686e-01,7.647291710711e-02
-9.531951846381e+00,2.514525952318e+00,6.722409040271e-02
-9.531608533068e+00,8.594160954808e-01,7.595836281560e-02
-9.531325458257e+00,1.334477251776e+00,7.471788450968e-02
-9.531209637193e+00,2.073841080821e+00,7.107194333918e-02
-9.530943274626e+00,1.949372099282e+00,7.188913785095e-02
-9.530748333582e+00,3.833291211166e+00,2.513179875841e-02
-9.530682249545e+00,3.902278333539e+00,1.831890495527e-02
-9.530615384236e+00,2.899338626514e+00,6.204849681151e-02
-9.530326398754e+00,3.764491564857e+00,3.087245748831e-02
-9.530222993481e+00,1.517803661231e+00,7.406938660573e-02
-9.530125613779e+00,3.971449426182e+00,1.010266607042e-02
-9.529891935557e+00,2.198695574720e+00,7.020239422800e-02
-9.529873173022e+00,5.468883626009e-01,7.648544261395e-02
-9.529419002854e+00,3.695882875101e+00,3.577542260671e-02
-9.529326994664e+00,3.160297290591e+00,5.683293776259e-02
-9.529156467921e+00,8.906601683185e-01,7.595190287859e-02
-9.529103576137e+00,1.825308847955e+00,7.265850480996e-02
-9.529075918709e+00,4.040800957856e+00,1.150235504849e-05
-9.529032802570e+00,1.151755760827e+00,7.533243069604e-02
-9.528028728632e+00,3.627468596270e+00,4.001147995926e-02
-9.527618685990e+00,5.781461069915e-01,7.649642868333e-02
-9.526979704301e+00,2.323915148803e+00,6.927538652062e-02
-9.526682732745e+00,9.219024342317e-01,7.594388572439e-02
-9.526158183579e+00,3.559252156350e+00,4.370794471427e-02
-9.525701529192e+00,1.701671326234e+00,7.338407175438e-02
-9.525344771020e+00,6.094028019555e-01,7.650527162271e-02
-9.524976381934e+00,2.640740118131e+00,6.608664650245e-02
-9.524212515563e+00,3.093389115207e+00,5.873140204520e-02
-9.524187332909e+00,9.531428299275e-01,7.593291922586e-02
-9.523809999549e+00,3.491236957177e+00,4.696166484487e-02
-9.523717202635e+00,2.833174000081e+00,6.350465082451e-02
-9.523051431260e+00,6.406583907284e-01,7.651124682082e-02
-9.522976059590e+00,1.395140913230e+00,7.471783671050e-02
-9.522462744985e+00,2.449479158686e+00,6.828514777806e-02
-9.521804164387e+00,1.212386533207e+00,7.533229631067e-02
-9.521670273966e+00,9.843812921674e-01,7.592924985088e-02
-9.520986832496e+00,3.423426374333e+00,4.984762038622e-02
-9.520748376388e+00,1.578479312510e+00,7.406943240869e-02
-9.520738670026e+00,6.719128165617e-01,7.651569671125e-02
-9.520502635655e+00,1.562605959610e-02,7.699704969598e-02
-9.519832084742e+00,4.687815377948e-02,7.700873188058e-02
-9.519144441487e+00,7.813017307474e-02,7.701890992270e-02
-9.518813689398e+00,2.010109882223e+00,7.188948532423e-02
-9.518638308513e+00,3.026704944712e+00,6.046238684310e-02
-9.518439706180e+00,1.093820679036e-01,7.702758826092e-02
-9.518406490799e+00,7.031660227056e-01,7.651862315662e-02
-9.518312659919e+00,2.134599870960e+00,7.107240575583e-02
-9.517738391514e+00,1.886015866819e+00,7.265874758670e-02
-9.517717879256e+00,1.406337883199e-01,7.703477069104e-02
-9.517691362311e+00,3.355823756803e+00,5.242476578701e-02
-9.517257367290e+00,1.030279269474e+00,7.591538891729e-02
-9.516978961300e+00,1.718852842684e-01,7.704046037009e-02
-9.516369508770e+00,2.767245718773e+00,6.484726943402e-02
-9.516331129710e+00,2.575366752268e+00,6.722512884283e-02
-9.516224700962e+00,2.259465539971e+00,7.020298315604e-02
-9.516222953036e+00,2.031365060974e-01,7.704405906732e-02
-9.516054897225e+00,7.344179524220e-01,7.652002737599e-02
-9.515449855334e+00,2.343874041096e-01,7.704493578157e-02
-9.515097629130e+00,1.762337900557e+00,7.338421894040e-02
-9.514659669212e+00,2.656379284061e-01,7.704432521530e-02
-9.514255611879e+00,1.455752358765e+00,7.471780255652e-02
-9.514204794471e+00,1.272971964975e+00,7.533217531161e-02
-9.513926292628e+00,3.288432426661e+00,5.474009422006e-02
-9.513852395835e+00,2.968880289839e-01,7.704222705277e-02
-9.513683893118e+00,7.656685489932e-01,7.651990994619e-02
-9.513028036515e+00,3.281376559945e-01,7.703864034883e-02
-9.512607189977e+00,2.960247972878e+00,6.204708090248e-02
-9.512539474748e+00,2.384686383516e+00,6.927611506173e-02
-9.512186592695e+00,3.593867598737e-01,7.703356352738e-02
-9.511328065973e+00,3.906352908412e-01,7.702699438003e-02
-9.511293482459e+00,7.969177556568e-01,7.651827080236e-02
-9.510902521655e+00,1.639095840383e+00,7.406949211974e-02
-9.510774356375e+00,1.090817928657e+00,7.591518742040e-02
-9.510452458105e+00,4.218831987357e-01,7.701893006396e-02
-9.509694350563e+00,3.221255678969e+00,5.683152468595e-02
-9.509559770978e+00,4.531304337917e-01,7.700936709852e-02
-9.508883669391e+00,8.281655157242e-01,7.651510923781e-02
-9.508650006617e+00,4.843769464673e-01,7.699808746701e-02
-9.508575205021e+00,2.701556872563e+00,6.608787560859e-02
-9.507246911941e+00,2.510241685302e+00,6.828603082333e-02
-9.507066782379e+00,5.156290833252e-01,7.699852200160e-02
-9.506913100028e+00,3.825605265060e+00,3.087135046002e-02
-9.506902723955e+00,3.894425843688e+00,2.513083482023e-02
-9.506454458221e+00,8.594117725354e-01,7.651042390337e-02
-9.506436606052e+00,3.756972549734e+00,3.577421610069e-02
-9.506402942273e+00,3.963430787626e+00,1.831814805710e-02
-9.506312131520e+00,2.070772205664e+00,7.188984751714e-02
-9.506234977038e+00,1.333509789264e+00,7.533206769963e-02
-9.506121998707e+00,2.894021365806e+00,6.350324367022e-02
-9.506001542402e+00,1.946652136676e+00,7.265900480907e-02
-9.505475802478e+00,3.688531170359e+00,4.001020438748e-02
-9.505411244653e+00,4.032616573423e+00,1.010221256712e-02
-9.505164441540e+00,1.516309318737e+00,7.471778204794e-02
-9.505043462428e+00,2.195278469327e+00,7.107288316849e-02
-9.504998286410e+00,3.154296781797e+00,5.872999139039e-02
-9.504810063249e+00,5.468867925891e-01,7.701087958593e-02
-9.504122432636e+00,1.822938414704e+00,7.338438030104e-02
-9.504033274654e+00,3.620284573448e+00,4.370662167438e-02
-9.504005853427e+00,8.906564693902e-01,7.650421280591e-02
-9.503925146364e+00,4.101979651983e+00,1.150235502169e-05
-9.503921300739e+00,1.151315825178e+00,7.591499905688e-02
-9.502536199186e+00,5.781436259925e-01,7.702172550837e-02
-9.502185059541e+00,2.320150560894e+00,7.020358735631e-02
-9.502111632615e+00,3.552236179128e+00,4.696030990669e-02
-9.501537859659e+00,9.218995495231e-01,7.649647330626e-02
-9.500685798088e+00,1.699650973469e+00,7.406956573857e-02
-9.500337215177e+00,2.636110522990e+00,6.722618337206e-02
-9.500245192825e+00,6.093995334314e-01,7.702927613070e-02
-9.499840873373e+00,3.087558976187e+00,6.046098122816e-02
-9.499713510701e+00,3.484389381359e+00,4.984624491224e-02
-9.499185595511e+00,2.828028261737e+00,6.484587209243e-02
-9.499050481723e+00,9.531409563035e-01,7.648473479740e-02
-9.497937046944e+00,6.406544648192e-01,7.703526300955e-02
-9.497895010142e+00,1.393997741174e+00,7.533197347538e-02
-9.497726713370e+00,2.445367901239e+00,6.927685915111e-02
-9.496841567305e+00,3.416747547828e+00,5.242337814953e-02
-9.496698456484e+00,1.211770697160e+00,7.591482382786e-02
-9.496543724585e+00,9.843806331497e-01,7.648289173637e-02
-9.495702888862e+00,1.576809525628e+00,7.471777518490e-02
-9.495611764467e+00,6.719083700839e-01,7.703975200730e-02
-9.495493151399e+00,1.562591838329e-02,7.749711664199e-02
-9.494804773072e+00,4.687773347556e-02,7.750858947641e-02
-9.494224907432e+00,3.021045475640e+00,6.204568227718e-02
-9.494101581381e+00,7.812948366479e-02,7.751858505162e-02
-9.493893469100e+00,2.007215382143e+00,7.265927647559e-02
-9.493498484703e+00,3.349314019597e+00,5.473870063289e-02
-9.493439070383e+00,2.131356791306e+00,7.189022442769e-02
-9.493383576578e+00,1.093811259831e-01,7.752710775617e-02
-9.493269348468e+00,7.031611991520e-01,7.704274502858e-02
-9.492776351197e+00,1.883470595889e+00,7.338455583534e-02
-9.492650759041e+00,1.406326171439e-01,7.753416134290e-02
-9.492137918485e+00,1.030191267641e+00,7.646864998737e-02
-9.491903129276e+00,1.718839137660e-01,7.753974893296e-02
-9.491800863020e+00,2.762271770859e+00,6.608771765351e-02
-9.491658484099e+00,2.570909703312e+00,6.828692968743e-02
-9.491402543209e+00,2.255874595773e+00,7.107337557417e-02
-9.491140687911e+00,2.031349728178e-01,7.754294257562e-02
-9.490909802163e+00,7.344129019606e-01,7.704424334134e-02
-9.490363435700e+00,2.343857512284e-01,7.754385821075e-02
-9.490098588378e+00,1.760142442769e+00,7.406965326485e-02
-9.489686968863e+00,3.282092110806e+00,5.683012978351e-02
-9.489571373524e+00,2.656362057520e-01,7.754331319493e-02
-9.489185205734e+00,1.454433557296e+00,7.533189263944e-02
-9.489106093594e+00,1.272180283886e+00,7.591466173425e-02
-9.488764502395e+00,2.968862930528e-01,7.754130724461e-02
-9.488533128916e+00,7.656634284646e-01,7.704424757818e-02
-9.488153207114e+00,2.954759465916e+00,6.350185347596e-02
-9.487942823448e+00,3.281359699286e-01,7.753783945374e-02
-9.487773539187e+00,2.380748355146e+00,7.020420682574e-02
-9.487106337934e+00,3.593851934239e-01,7.753290829248e-02
-9.486255047239e+00,3.906339203957e-01,7.752651160577e-02
-9.486139332241e+00,7.969127285795e-01,7.704275773699e-02
-9.485871308009e+00,1.637250713993e+00,7.471778196740e-02
-9.485658274125e+00,1.090553940502e+00,7.646841240402e-02
-9.485409749174e+00,3.215085108570e+00,5.872859863829e-02
-9.485388952883e+00,4.218821073710e-01,7.751864661120e-02
-9.484508056504e+00,4.531297112195e-01,7.750930989571e-02
-9.483970705462e+00,2.696754975079e+00,6.722725398554e-02
-9.483728415793e+00,8.281607522861e-01,7.703977318089e-02
-9.483612359855e+00,4.843766890050e-01,7.749829293034e-02
-9.483123198365e+00,3.886573353837e+00,3.087025961958e-02
-9.483077866473e+00,3.817919318953e+00,3.577302697173e-02
-9.482680270768e+00,3.955412149069e+00,2.512988519545e-02
-9.482546813351e+00,3.749453534610e+00,4.000894691515e-02
-9.482541977499e+00,2.505957418285e+00,6.927761878437e-02
-9.482025335627e+00,5.156285410819e-01,7.749878016291e-02
-9.481746570596e+00,4.024432188989e+00,1.831740257525e-02
-9.481628613179e+00,2.888704105098e+00,6.484449138258e-02
-9.481532602102e+00,3.681179465616e+00,4.370531713428e-02
-9.481414625846e+00,2.067703330508e+00,7.265956258461e-02
-9.481300383374e+00,8.594074495901e-01,7.703529263773e-02
-9.481144495820e+00,1.332542326752e+00,7.591451277703e-02
-9.481059810179e+00,1.943932174069e+00,7.338474554239e-02
-9.480669578157e+00,3.148296273003e+00,6.045959321830e-02
-9.480319610310e+00,4.093629932287e+00,1.010176601417e-02
-9.480194989298e+00,2.191861363934e+00,7.189061605384e-02
-9.480105889599e+00,1.514814976243e+00,7.533182519226e-02
-9.480037820676e+00,3.613100550626e+00,4.695897364311e-02
-9.479746953475e+00,5.468852225772e-01,7.751097095002e-02
-9.479141289136e+00,1.820567981454e+00,7.406975469793e-02
-9.478855238933e+00,8.906527704620e-01,7.702931419855e-02
-9.478809798908e+00,1.150875889529e+00,7.646818770954e-02
-9.478396927994e+00,4.163001812552e+00,1.150235506410e-05
-9.478065081650e+00,3.545220201905e+00,4.984488812774e-02
-9.477453712382e+00,5.781411449935e-01,7.752065373544e-02
-9.477390414780e+00,2.316385972986e+00,7.107388296989e-02
-9.476392986574e+00,9.218966648145e-01,7.702183531569e-02
-9.475698048419e+00,2.631480927849e+00,6.828784436564e-02
-9.475670066985e+00,1.697630620704e+00,7.471780239541e-02
-9.475617021852e+00,3.477541805541e+00,5.242200910340e-02
-9.475469231183e+00,3.081728837168e+00,6.204430094264e-02
-9.475145614630e+00,6.093962649072e-01,7.752811786066e-02
-9.474653988387e+00,2.822882523393e+00,6.608634718304e-02
-9.473913630537e+00,9.531390826796e-01,7.700948224716e-02
-9.472990681754e+00,2.441256643792e+00,7.020484156110e-02
-9.472822662627e+00,6.406505389100e-01,7.753410816462e-02
-9.472813960693e+00,1.392854569119e+00,7.591437695714e-02
-9.472696302114e+00,3.410068721322e+00,5.473732545948e-02
-9.471592748580e+00,1.211154861114e+00,7.646797590530e-02
-9.471417175204e+00,9.843799741321e-01,7.700918072819e-02
-9.470657401335e+00,1.575139738745e+00,7.533177113430e-02
-9.470484858908e+00,6.719039236060e-01,7.753862722045e-02
-9.470483667143e+00,1.562577717048e-02,7.797361457813e-02
-9.469811506351e+00,3.015386006569e+00,6.350048024898e-02
-9.469777461401e+00,4.687731317164e-02,7.798488436038e-02
-9.469305607096e+00,3.342804282390e+00,5.682875306194e-02
-9.469058721275e+00,7.812879425484e-02,7.799470296143e-02
-9.468973248802e+00,2.004320882063e+00,7.338494942110e-02
-9.468565480847e+00,2.128113711652e+00,7.265986313456e-02
-9.468327446977e+00,1.093801840627e-01,7.800307471988e-02
-9.468132206136e+00,7.031563755985e-01,7.754167696944e-02
-9.467814310881e+00,1.880925324960e+00,7.406987003719e-02
-9.467583638827e+00,1.406314459680e-01,7.801000334571e-02
-9.467232217270e+00,2.757297822945e+00,6.722834067738e-02
-9.467018469680e+00,1.030103265808e+00,7.699466793981e-02
-9.466985838488e+00,2.566452654356e+00,6.927839395668e-02
-9.466827297253e+00,1.718825432636e-01,7.801549192422e-02
-9.466580385456e+00,2.252283651574e+00,7.189102239314e-02
-9.466058422787e+00,2.031334395382e-01,7.801833428304e-02
-9.465764707100e+00,7.344078514993e-01,7.754325872308e-02
-9.465447645096e+00,3.275751794950e+00,5.872722379582e-02
-9.465277016066e+00,2.343840983472e-01,7.801928422024e-02
-9.465099547626e+00,1.757946984981e+00,7.471783646886e-02
-9.464483077837e+00,2.656344830980e-01,7.801879934034e-02
-9.464114799590e+00,1.453114755828e+00,7.591425427537e-02
-9.464007392716e+00,1.271388602798e+00,7.646777699241e-02
-9.463699224251e+00,2.949270958954e+00,6.484312731168e-02
-9.463676608955e+00,2.968845571217e-01,7.801687938958e-02
-9.463382364713e+00,7.656583079361e-01,7.754337316447e-02
-9.463007603627e+00,2.376810326776e+00,7.107440535305e-02
-9.462857610380e+00,3.281342838627e-01,7.801352349868e-02
-9.462026083173e+00,3.593836269741e-01,7.800873018167e-02
-9.461182028504e+00,3.906325499503e-01,7.800249733443e-02
-9.461125147785e+00,3.208914538172e+00,6.045822282087e-02
-9.460985182023e+00,7.969077015023e-01,7.754202034899e-02
-9.460840094362e+00,1.635405587603e+00,7.533173046584e-02
-9.460542191876e+00,1.090289952348e+00,7.699439805361e-02
-9.460325447662e+00,4.218810160062e-01,7.799482223263e-02
-9.459456342029e+00,4.531289886473e-01,7.798570152840e-02
-9.459366205902e+00,2.691953077594e+00,6.828877485369e-02
-9.459343672775e+00,3.878720863986e+00,3.577185522508e-02
-9.459242632919e+00,3.810233372847e+00,4.000770754826e-02
-9.458957599262e+00,3.947393510513e+00,3.086918497047e-02
-9.458657020650e+00,3.741934519486e+00,4.370403109947e-02
-9.458574713092e+00,4.843764315427e-01,7.797493558767e-02
-9.458573162196e+00,8.281559888479e-01,7.753919970441e-02
-9.458081896540e+00,4.016247804556e+00,2.512894988732e-02
-9.457837043058e+00,2.501673151268e+00,7.020549155864e-02
-9.457589401726e+00,3.673827760874e+00,4.695765605947e-02
-9.457135227650e+00,2.883386844390e+00,6.608499302227e-02
-9.456983888875e+00,5.156279988385e-01,7.797547015611e-02
-9.456714074257e+00,4.085280212591e+00,1.831666851246e-02
-9.456517120173e+00,2.064634455352e+00,7.338516747023e-02
-9.456340869903e+00,3.142295764209e+00,6.204293690640e-02
-9.456146308527e+00,8.594031266448e-01,7.753491003036e-02
-9.456118077956e+00,1.941212211463e+00,7.406999928205e-02
-9.456054014602e+00,1.331574864239e+00,7.646759097206e-02
-9.456042366698e+00,3.605916527805e+00,4.984355003890e-02
-9.455346516169e+00,2.188444258541e+00,7.266017812380e-02
-9.455047337658e+00,1.513320633749e+00,7.591414473247e-02
-9.454851667637e+00,4.154487175959e+00,1.010132641276e-02
-9.454683843701e+00,5.468836525653e-01,7.798722886068e-02
-9.454160145636e+00,1.818197548203e+00,7.471788418749e-02
-9.454018530686e+00,3.538204224682e+00,5.242065865542e-02
-9.453704624439e+00,8.906490715337e-01,7.752914949695e-02
-9.453698297077e+00,1.150435953881e+00,7.699414081865e-02
-9.452595770020e+00,2.312621385077e+00,7.189144344310e-02
-9.452492237811e+00,4.223865110814e+00,1.150235496757e-05
-9.452371225577e+00,5.781386639946e-01,7.799611464060e-02
-9.451520533005e+00,3.470694229723e+00,5.473596870679e-02
-9.451248113489e+00,9.218937801059e-01,7.752191564285e-02
-9.451097588994e+00,3.075898698148e+00,6.349912399629e-02
-9.451058881662e+00,2.626851332708e+00,6.927918466391e-02
-9.450654335881e+00,1.695610267939e+00,7.533170318712e-02
-9.450122381263e+00,2.817736785050e+00,6.722944344116e-02
-9.450046036435e+00,6.093929963830e-01,7.800354920697e-02
-9.448776779350e+00,9.531372090556e-01,7.750907982930e-02
-9.448551036923e+00,3.403389894816e+00,5.682739452793e-02
-9.448254650139e+00,2.437145386346e+00,7.107494272090e-02
-9.447732911244e+00,1.391711397063e+00,7.646741784542e-02
-9.447708278310e+00,6.406466130007e-01,7.800953578562e-02
-9.446487040676e+00,1.210539025067e+00,7.699389623651e-02
-9.446290625823e+00,9.843793151145e-01,7.750898568385e-02
-9.445611913809e+00,1.573469951862e+00,7.591404832913e-02
-9.445474182888e+00,1.562563595767e-02,7.842816225449e-02
-9.445398105270e+00,3.009726537497e+00,6.484177988689e-02
-9.445357953350e+00,6.718994771282e-01,7.801407697467e-02
-9.445112729487e+00,3.336294545184e+00,5.872586686970e-02
-9.444750149731e+00,4.687689286772e-02,7.843923508321e-02
-9.444053028504e+00,2.001426381984e+00,7.407014243176e-02
-9.444015861170e+00,7.812810484489e-02,7.844888202870e-02
-9.443691891311e+00,2.124870631998e+00,7.338539968856e-02
-9.443271317376e+00,1.093792421422e-01,7.845710737978e-02
-9.442995063805e+00,7.031515520449e-01,7.801717474725e-02
-9.442852270565e+00,1.878380054030e+00,7.471794555098e-02
-9.442663571520e+00,2.752323875030e+00,6.828972114642e-02
-9.442516518612e+00,1.406302747921e-01,7.846391480371e-02
-9.442313192876e+00,2.561995605400e+00,7.020615681421e-02
-9.441899020875e+00,1.030015263975e+00,7.749538571423e-02
-9.441758227702e+00,2.248692707375e+00,7.266050755035e-02
-9.441751465230e+00,1.718811727612e-01,7.846930735015e-02
-9.441208321330e+00,3.269411479094e+00,6.045687004276e-02
-9.440976157663e+00,2.031319062586e-01,7.847184451341e-02
-9.440619612037e+00,7.344028010379e-01,7.801883045358e-02
-9.440190596432e+00,2.343824454660e-01,7.847282463711e-02
-9.440100506874e+00,1.755751527194e+00,7.533168929831e-02
-9.439394782150e+00,2.656327604439e-01,7.847239500618e-02
-9.439245241388e+00,2.943782451992e+00,6.608365517834e-02
-9.439044393445e+00,1.451795954360e+00,7.646725761353e-02
-9.438908691839e+00,1.270596921709e+00,7.699366430847e-02
-9.438588715515e+00,2.968828211905e-01,7.847055539446e-02
-9.438241668067e+00,2.372872298406e+00,7.189187920152e-02
-9.438231600511e+00,7.656531874075e-01,7.801904482248e-02
-9.437772397314e+00,3.281325977969e-01,7.846730496730e-02
-9.436945828413e+00,3.593820605243e-01,7.846264228036e-02
-9.436840546396e+00,3.202743967774e+00,6.204159017575e-02
-9.436109009770e+00,3.906311795048e-01,7.845656527827e-02
-9.435831031804e+00,7.969026744251e-01,7.801781796207e-02
-9.435808880716e+00,1.633560461213e+00,7.591396506592e-02
-9.435564147185e+00,3.870868374136e+00,4.000648629254e-02
-9.435426109626e+00,1.090025964194e+00,7.749508689723e-02
-9.435407399364e+00,3.802547426741e+00,4.370276357632e-02
-9.435261942440e+00,4.218799246415e-01,7.844907129249e-02
-9.435234927756e+00,3.939374871957e+00,3.577070086468e-02
-9.434767227949e+00,3.734415504363e+00,4.695635716150e-02
-9.434761706343e+00,2.687151180110e+00,6.927999090227e-02
-9.434417222484e+00,4.008063420123e+00,3.086812651661e-02
-9.434404627555e+00,4.531282660751e-01,7.844015703811e-02
-9.433646201350e+00,3.666476056132e+00,4.984223065130e-02
-9.433537066330e+00,4.843761740804e-01,7.842963122997e-02
-9.433417908598e+00,8.281512254098e-01,7.801514935997e-02
-9.433132108617e+00,2.497388884251e+00,7.107549507024e-02
-9.433108538204e+00,4.076930492895e+00,2.512802889960e-02
-9.432641842121e+00,2.878069583682e+00,6.723056227077e-02
-9.432046912720e+00,3.598732504983e+00,5.241932681194e-02
-9.432012161650e+00,3.136295255416e+00,6.349778472537e-02
-9.431942442124e+00,5.156274565951e-01,7.843020832955e-02
-9.431619614499e+00,2.061565580195e+00,7.407029948543e-02
-9.431306407280e+00,4.145972539367e+00,1.831594587097e-02
-9.431176345733e+00,1.938492248857e+00,7.471802055902e-02
-9.430992233679e+00,8.593988036994e-01,7.801103788287e-02
-9.430963533383e+00,1.330607401727e+00,7.699344503593e-02
-9.430498043039e+00,2.185027153148e+00,7.338564607483e-02
-9.429988785717e+00,1.511826291255e+00,7.646711027735e-02
-9.429971979721e+00,3.531188247460e+00,5.473463038171e-02
-9.429620733928e+00,5.468820825535e-01,7.844093929273e-02
-9.429179002135e+00,1.815827114952e+00,7.533168879948e-02
-9.429008387935e+00,4.215185983423e+00,1.010089376400e-02
-9.428586795246e+00,1.149996018232e+00,7.749480050061e-02
-9.428554009945e+00,8.906453726054e-01,7.800548177515e-02
-9.427801125259e+00,2.308856797168e+00,7.266085141217e-02
-9.427424044157e+00,3.463846653906e+00,5.682605418851e-02
-9.427288738774e+00,5.781361829956e-01,7.844976500013e-02
-9.426725946804e+00,3.070068559129e+00,6.484044911520e-02
-9.426419714904e+00,2.622221737567e+00,7.020683732419e-02
-9.426212064366e+00,4.284567224159e+00,1.150235499979e-05
-9.426103240403e+00,9.218908953973e-01,7.799847865710e-02
-9.425638604778e+00,1.693589915174e+00,7.591389494330e-02
-9.425590774139e+00,2.812591046706e+00,6.829068323819e-02
-9.424946458240e+00,6.093897278589e-01,7.845716456435e-02
-9.424405771731e+00,3.396711068310e+00,5.872452786662e-02
-9.423639928164e+00,9.531353354317e-01,7.798527063934e-02
-9.423518618524e+00,2.433034128899e+00,7.189232966610e-02
-9.422651861796e+00,1.390568225008e+00,7.699323842026e-02
-9.422593893994e+00,6.406426870916e-01,7.846314122508e-02
-9.421381332772e+00,1.209923189021e+00,7.749452652614e-02
-9.421164076442e+00,9.843786560969e-01,7.798274242085e-02
-9.420984704189e+00,3.004067068426e+00,6.608233365839e-02
-9.420919851879e+00,3.329784807978e+00,6.045553489070e-02
-9.420566426282e+00,1.571800164980e+00,7.646697583779e-02
-9.420464698633e+00,1.562549474486e-02,7.886223366134e-02
-9.420231047791e+00,6.718950306504e-01,7.846769760103e-02
-9.419722838061e+00,4.687647256380e-02,7.887311543357e-02
-9.419132808206e+00,1.998531881904e+00,7.471810921119e-02
-9.418973001064e+00,7.812741543494e-02,7.888259586602e-02
-9.418818301775e+00,2.121627552344e+00,7.407047044219e-02
-9.418215187775e+00,1.093783002218e-01,7.889067919800e-02
-9.418094925770e+00,2.747349927116e+00,6.928081266730e-02
-9.417890230249e+00,1.875834783100e+00,7.533170169058e-02
-9.417857921474e+00,7.031467284913e-01,7.847083569283e-02
-9.417640547265e+00,2.557538556444e+00,7.107606239755e-02
-9.417449398398e+00,1.406291036161e-01,7.889736905433e-02
-9.416968997564e+00,3.263071163239e+00,6.204026075760e-02
-9.416936069949e+00,2.245101763177e+00,7.338590662748e-02
-9.416779572069e+00,1.029927262142e+00,7.797256714580e-02
-9.416675633207e+00,1.718798022588e-01,7.890254755863e-02
-9.415893892538e+00,2.031303729790e-01,7.890494003470e-02
-9.415474516974e+00,7.343977505765e-01,7.847255688514e-02
-9.415104176799e+00,2.343807925848e-01,7.890594667141e-02
-9.415101466121e+00,1.753556069406e+00,7.591383796168e-02
-9.414791258525e+00,2.938293945030e+00,6.723169716006e-02
-9.414306486463e+00,2.656310377898e-01,7.890556786937e-02
-9.413973987300e+00,1.450477152892e+00,7.699304446271e-02
-9.413809990961e+00,1.269805240620e+00,7.749426497527e-02
-9.413500822075e+00,2.968810852594e-01,7.890380342807e-02
-9.413475732506e+00,2.368934270035e+00,7.266120970745e-02
-9.413080836309e+00,7.656480668789e-01,7.847286194813e-02
-9.412687184247e+00,3.281309117310e-01,7.890065254544e-02
-9.412555945008e+00,3.196573397376e+00,6.349646244346e-02
-9.411865573652e+00,3.593804940746e-01,7.889611381672e-02
-9.411784621595e+00,3.863015884285e+00,4.370151457086e-02
-9.411572165810e+00,3.794861480635e+00,4.695507695585e-02
-9.411512256250e+00,3.931356233400e+00,4.000528315236e-02
-9.411035991037e+00,3.906298090593e-01,7.889018523322e-02
-9.410877435248e+00,3.726896489239e+00,4.984092997085e-02
-9.410777667069e+00,1.631715334823e+00,7.646685429571e-02
-9.410752548428e+00,3.999879035690e+00,3.576956389509e-02
-9.410676881587e+00,7.968976473478e-01,7.847175103833e-02
-9.410310027376e+00,1.089761976040e+00,7.797224240941e-02
-9.410198437219e+00,4.218788332768e-01,7.888286418006e-02
-9.410157206783e+00,2.682349282625e+00,7.020753308529e-02
-9.409703000974e+00,3.659124351389e+00,5.241801357864e-02
-9.409503002150e+00,4.068580773199e+00,3.086708426257e-02
-9.409352913082e+00,4.531275435029e-01,7.887414743311e-02
-9.408499419568e+00,4.843759166181e-01,7.886385155271e-02
-9.408427174177e+00,2.493104617234e+00,7.189279483417e-02
-9.408262655001e+00,8.281464619717e-01,7.846922369887e-02
-9.408148456592e+00,2.872752322974e+00,6.829166112360e-02
-9.408051458742e+00,3.591548482161e+00,5.473331049066e-02
-9.407761146923e+00,4.137457902774e+00,2.512712223539e-02
-9.407683453397e+00,3.130294746622e+00,6.483913500403e-02
-9.406900995372e+00,5.156269143518e-01,7.886412858297e-02
-9.406722108826e+00,2.058496705039e+00,7.471821150693e-02
-9.406234613510e+00,1.935772286250e+00,7.533172797159e-02
-9.405925428757e+00,3.524172270237e+00,5.682473205060e-02
-9.405873052165e+00,1.329639939215e+00,7.749401584958e-02
-9.405838158832e+00,8.593944807541e-01,7.846527885910e-02
-9.405649569909e+00,2.181610047755e+00,7.407065530111e-02
-9.405524538058e+00,4.206506856031e+00,1.831523465291e-02
-9.404930233777e+00,1.510331948761e+00,7.699286316445e-02
-9.404557624155e+00,5.468805125416e-01,7.887429597337e-02
-9.404197858635e+00,1.813456681701e+00,7.591379412141e-02
-9.403475293415e+00,1.149556082584e+00,7.797192986920e-02
-9.403403395450e+00,8.906416736772e-01,7.845931264567e-02
-9.403327555309e+00,3.456999078088e+00,5.872320679365e-02
-9.403006480499e+00,2.305092209260e+00,7.338618134489e-02
-9.402790756789e+00,4.275724039777e+00,1.010046806902e-02
-9.402354304613e+00,3.064238420109e+00,6.608102846930e-02
-9.402206251970e+00,5.781337019966e-01,7.888305769956e-02
-9.401780548147e+00,2.617592142426e+00,7.107664469968e-02
-9.401059167014e+00,2.807445308362e+00,6.928164995406e-02
-9.400958367318e+00,9.218880106887e-01,7.845312931893e-02
-9.400622873674e+00,1.691569562408e+00,7.646674565175e-02
-9.400260506540e+00,3.390032241805e+00,6.045421737141e-02
-9.399846880045e+00,6.093864593347e-01,7.889041762882e-02
-9.399557410468e+00,4.345105836277e+00,1.150235500876e-05
-9.398782586908e+00,2.428922871452e+00,7.266158243428e-02
-9.398503076978e+00,9.531334618077e-01,7.843964192101e-02
-9.397570812347e+00,1.389425052953e+00,7.749377915063e-02
-9.397479509678e+00,6.406387611823e-01,7.889637901077e-02
-9.396726974271e+00,3.323275070771e+00,6.203894865863e-02
-9.396571303107e+00,2.998407599354e+00,6.723284810309e-02
-9.396275624869e+00,1.209307352974e+00,7.797162952713e-02
-9.396037527062e+00,9.843779970793e-01,7.843502319829e-02
-9.395520938756e+00,1.570130378097e+00,7.699269452661e-02
-9.395455214377e+00,1.562535353205e-02,7.927717385932e-02
-9.395104142232e+00,6.718905841725e-01,7.890094448087e-02
-9.394695526391e+00,4.687605225988e-02,7.928787027070e-02
-9.394212587908e+00,1.995637381824e+00,7.533176764236e-02
-9.393944712239e+00,2.118384472690e+00,7.471832744566e-02
-9.393930140958e+00,7.812672602499e-02,7.929718915673e-02
-9.393526280020e+00,2.742375979201e+00,7.020824409365e-02
-9.393159058174e+00,1.093773583013e-01,7.930513470764e-02
-9.392967901654e+00,2.553081507488e+00,7.189327470271e-02
-9.392928189932e+00,1.873289512170e+00,7.591376342272e-02
-9.392729673798e+00,3.256730847383e+00,6.349515715745e-02
-9.392720779143e+00,7.031419049377e-01,7.890411606335e-02
-9.392382278184e+00,1.406279324402e-01,7.931171050608e-02
-9.392113912196e+00,2.241510818978e+00,7.407085406101e-02
-9.391660123264e+00,1.029839260309e+00,7.842781697595e-02
-9.391599801184e+00,1.718784317564e-01,7.931656755917e-02
-9.390811627414e+00,2.031288396994e-01,7.931895968682e-02
-9.390337275661e+00,2.932805438068e+00,6.829265479721e-02
-9.390329421911e+00,7.343927001151e-01,7.890589517334e-02
-9.390102425369e+00,1.751360611618e+00,7.646664990655e-02
-9.390017757165e+00,2.343791397035e-01,7.931998955236e-02
-9.389218190776e+00,2.656293151357e-01,7.931965757339e-02
-9.388903581156e+00,1.449158351424e+00,7.749355487985e-02
-9.388711290084e+00,1.269013559531e+00,7.797134138479e-02
-9.388709796946e+00,2.364996241665e+00,7.338647022558e-02
-9.388412928635e+00,2.968793493283e-01,7.931796357321e-02
-9.388271343619e+00,3.190402826978e+00,6.483783756056e-02
-9.388005096005e+00,3.855163394434e+00,4.695381544882e-02
-9.387930072107e+00,7.656429463503e-01,7.890628261847e-02
-9.387789584744e+00,3.923337594844e+00,4.370028408784e-02
-9.387736932255e+00,3.787175534528e+00,4.983964800437e-02
-9.387601971180e+00,3.281292256651e-01,7.931490678048e-02
-9.387087874372e+00,3.991694651257e+00,4.000409813271e-02
-9.386987642547e+00,3.719377474115e+00,5.241671896157e-02
-9.386785318892e+00,3.593789276248e-01,7.931048582812e-02
-9.385962972303e+00,3.906284386139e-01,7.930469875211e-02
-9.385897466097e+00,4.060231053503e+00,3.576844432146e-02
-9.385759800598e+00,3.651772646647e+00,5.473200903942e-02
-9.385746453423e+00,1.629870208433e+00,7.699253855025e-02
-9.385552707224e+00,2.677547385141e+00,7.107724197378e-02
-9.385522731369e+00,7.968926202705e-01,7.890527859970e-02
-9.385193945127e+00,1.089497987885e+00,7.842746901476e-02
-9.385134931999e+00,4.218777419120e-01,7.929754298925e-02
-9.384301198608e+00,4.531268209306e-01,7.928901537414e-02
-9.384215886567e+00,4.128943266182e+00,3.086605821214e-02
-9.384056004764e+00,3.584364459339e+00,5.682342812068e-02
-9.383722239736e+00,2.488820350217e+00,7.266196959044e-02
-9.383655071063e+00,2.867435062266e+00,6.928250275778e-02
-9.383461772806e+00,4.843756591558e-01,7.927893984780e-02
-9.383354745143e+00,3.124294237828e+00,6.607973961846e-02
-9.383107401404e+00,8.281416985335e-01,7.890288271168e-02
-9.382040688181e+00,4.197827728640e+00,2.512622989764e-02
-9.381878877793e+00,3.517156293015e+00,5.872190365771e-02
-9.381859548621e+00,5.156263721084e-01,7.927854907536e-02
-9.381824603153e+00,2.055427829883e+00,7.533182070262e-02
-9.381292881287e+00,1.933052323644e+00,7.591374586580e-02
-9.380801096780e+00,2.178192942362e+00,7.471845702676e-02
-9.380782570946e+00,1.328672476702e+00,7.797106544392e-02
-9.380684083985e+00,8.593901578087e-01,7.889873996019e-02
-9.379871681836e+00,1.508837606268e+00,7.749334303861e-02
-9.379494514383e+00,5.468789425297e-01,7.928862561221e-02
-9.379369449213e+00,4.266880855395e+00,1.831453486041e-02
-9.379231066461e+00,3.450151502270e+00,6.045291749190e-02
-9.379216715134e+00,1.811086248450e+00,7.646656706071e-02
-9.378363791584e+00,1.149116146935e+00,7.842713303209e-02
-9.378252780956e+00,8.906379747489e-01,7.889202116498e-02
-9.378211835738e+00,2.301327621351e+00,7.407106672064e-02
-9.377982662424e+00,3.058408281090e+00,6.723177311781e-02
-9.377141381390e+00,2.612962547285e+00,7.189376926905e-02
-9.377123765166e+00,5.781312209976e-01,7.929732012882e-02
-9.376527559890e+00,2.802299570018e+00,7.020897034494e-02
-9.376199773996e+00,4.336099036409e+00,1.010004932902e-02
-9.376115241349e+00,3.383353415299e+00,6.203765388554e-02
-9.375813494233e+00,9.218851259801e-01,7.888733067095e-02
-9.375607142571e+00,1.689549209643e+00,7.699239523623e-02
-9.374747301851e+00,6.093831908105e-01,7.930463649215e-02
-9.374046555293e+00,2.424811614005e+00,7.338677326802e-02
-9.373366225792e+00,9.531315881838e-01,7.887364191375e-02
-9.372534096663e+00,3.316765333565e+00,6.349386887399e-02
-9.372529293301e+00,4.405478636910e+00,1.150235499680e-05
-9.372489762899e+00,1.388281880897e+00,7.797080170624e-02
-9.372365125362e+00,6.406348352731e-01,7.931057795831e-02
-9.372157902026e+00,2.992748130283e+00,6.829366425377e-02
-9.371169916965e+00,1.208691516928e+00,7.842680903003e-02
-9.370910977681e+00,9.843773380616e-01,7.886722840867e-02
-9.370475451230e+00,1.568460591214e+00,7.749314362823e-02
-9.370445730122e+00,1.562521231924e-02,7.967421277686e-02
-9.369977236674e+00,6.718861376947e-01,7.931514717602e-02
-9.369668214721e+00,4.687563195595e-02,7.968472932356e-02
-9.369292367610e+00,1.992742881744e+00,7.591374145077e-02
-9.369071122703e+00,2.115141393036e+00,7.533188715207e-02
-9.368957634270e+00,2.737402031287e+00,7.107785421652e-02
-9.368887280852e+00,7.812603661504e-02,7.969389145571e-02
-9.368490350032e+00,3.250390531528e+00,6.483655679165e-02
-9.368295256043e+00,2.548624458532e+00,7.266237117343e-02
-9.368102928573e+00,1.093764163809e-01,7.970170331481e-02
-9.367966149616e+00,1.870744241240e+00,7.646649711469e-02
-9.367583636812e+00,7.031370813841e-01,7.931834618957e-02
-9.367315157970e+00,1.406267612642e-01,7.970816844182e-02
-9.367291754443e+00,2.237919874780e+00,7.471860024941e-02
-9.366540674459e+00,1.029751258476e+00,7.886259826554e-02
-9.366523969161e+00,1.718770612540e-01,7.971273848081e-02
-9.365883292798e+00,2.927316931106e+00,6.928337107368e-02
-9.365729362290e+00,2.031273064198e-01,7.971512801478e-02
-9.365184326849e+00,7.343876496537e-01,7.932017644107e-02
-9.365103384617e+00,1.749165153830e+00,7.699226458538e-02
-9.364931337531e+00,2.343774868223e-01,7.971617816867e-02
-9.364225570415e+00,3.847310904583e+00,4.983838475836e-02
-9.364129895089e+00,2.656275924817e-01,7.971588937541e-02
-9.364066913239e+00,3.915318956288e+00,4.695257264540e-02
-9.363986742230e+00,3.184232256580e+00,6.607846711298e-02
-9.363943861385e+00,2.361058213295e+00,7.407129327886e-02
-9.363901698700e+00,3.779489588422e+00,5.241544296768e-02
-9.363833175011e+00,1.447839549955e+00,7.797055017338e-02
-9.363612589206e+00,1.268221878442e+00,7.842649701033e-02
-9.363423200316e+00,3.983510266824e+00,4.369907213251e-02
-9.363325035196e+00,2.968776133972e-01,7.971426148048e-02
-9.363097849845e+00,3.711858458991e+00,5.473072603413e-02
-9.362779307904e+00,7.656378258217e-01,7.932063877198e-02
-9.362516758113e+00,3.281275395992e-01,7.971129374150e-02
-9.362291930044e+00,4.051881333807e+00,4.000293123917e-02
-9.361816600222e+00,3.644420941905e+00,5.682214240458e-02
-9.361705064132e+00,3.593773611750e-01,7.970698482731e-02
-9.360948207665e+00,2.672745487656e+00,7.189427853073e-02
-9.360889953569e+00,3.906270681684e-01,7.970133281673e-02
-9.360715239777e+00,1.628025082043e+00,7.749295664997e-02
-9.360670626210e+00,4.120428629590e+00,3.576734214810e-02
-9.360368581151e+00,7.968875931933e-01,7.931973342413e-02
-9.360077862877e+00,1.089233999731e+00,7.886222949509e-02
-9.360071426777e+00,4.218766505473e-01,7.969433519630e-02
-9.360060550786e+00,3.577180436518e+00,5.872061846531e-02
-9.359249484134e+00,4.531260983584e-01,7.968598885739e-02
-9.359161685534e+00,2.862117801558e+00,7.020971183498e-02
-9.359026036890e+00,3.118293729035e+00,6.723050941113e-02
-9.359017305295e+00,2.484536083201e+00,7.338709047039e-02
-9.358556838305e+00,4.189148601248e+00,3.086504836893e-02
-9.358424126044e+00,4.843754016935e-01,7.967586299817e-02
-9.357952147806e+00,8.281369350954e-01,7.931740154285e-02
-9.357832326828e+00,3.510140315792e+00,6.045163525912e-02
-9.356927097479e+00,2.052358954727e+00,7.591375017765e-02
-9.356818101870e+00,5.156258298651e-01,7.967515898809e-02
-9.356351149064e+00,1.930332361038e+00,7.646644006891e-02
-9.355952623650e+00,2.174775836969e+00,7.533196699037e-02
-9.355948141637e+00,4.258037671013e+00,2.512535188932e-02
-9.355692089728e+00,1.327705014190e+00,7.842619697486e-02
-9.355530009138e+00,8.593858348634e-01,7.931229140467e-02
-9.355134577613e+00,3.443303926452e+00,6.203637644535e-02
-9.354813129895e+00,1.507343263774e+00,7.797031084686e-02
-9.354431404609e+00,5.468773725179e-01,7.968514270748e-02
-9.354235571634e+00,1.808715815199e+00,7.699214659852e-02
-9.353611020233e+00,3.052578142070e+00,6.829468948772e-02
-9.353417190978e+00,2.297563033443e+00,7.471875711268e-02
-9.353252289753e+00,1.148676211287e+00,7.886187249186e-02
-9.353102166462e+00,8.906342758207e-01,7.930580871030e-02
-9.352842137525e+00,4.327092236540e+00,1.831384649569e-02
-9.352502214632e+00,2.608332952144e+00,7.266278718095e-02
-9.352041278363e+00,5.781287399986e-01,7.969376737295e-02
-9.351995952766e+00,2.797153831674e+00,7.107848142416e-02
-9.351969976158e+00,3.376674588793e+00,6.349259759975e-02
-9.350668621147e+00,9.218822412715e-01,7.930142341582e-02
-9.350591411467e+00,1.687528856878e+00,7.749278210487e-02
-9.349647723656e+00,6.093799222864e-01,7.970103684815e-02
-9.349310523678e+00,2.420700356558e+00,7.407153373443e-02
-9.349236453669e+00,4.396308670734e+00,1.009963754521e-02
-9.348341219055e+00,3.310255596358e+00,6.483529270388e-02
-9.348229374606e+00,9.531297145598e-01,7.928859459162e-02
-9.347744500945e+00,2.987088661211e+00,6.928425489711e-02
-9.347408713450e+00,1.387138708842e+00,7.842590892551e-02
-9.347250741045e+00,6.406309093639e-01,7.970695439253e-02
-9.346064209061e+00,1.208075680881e+00,7.886152725807e-02
-9.345784428300e+00,9.843766790440e-01,7.928064144124e-02
-9.345436245866e+00,1.562507110643e-02,8.005447727278e-02
-9.345429963703e+00,1.566790804332e+00,7.797008372817e-02
-9.345128744221e+00,4.465683322300e+00,1.150235510062e-05
-9.344850331116e+00,6.718816912169e-01,7.971152266497e-02
-9.344640903051e+00,4.687521165203e-02,8.006481925489e-02
-9.344388988520e+00,2.732428083372e+00,7.189480248491e-02
-9.344372147312e+00,1.989848381665e+00,7.646639592372e-02
-9.344251026266e+00,3.244050215672e+00,6.607721095964e-02
-9.344197533166e+00,2.111898313382e+00,7.591377204636e-02
-9.343844420746e+00,7.812534720509e-02,8.007382925447e-02
-9.343622610432e+00,2.544167409576e+00,7.338742183063e-02
-9.343046798972e+00,1.093754744604e-01,8.008151136486e-02
-9.343004109300e+00,1.868198970311e+00,7.699204127634e-02
-9.342469596690e+00,2.234328930581e+00,7.533206021701e-02
-9.342446494481e+00,7.031322578306e-01,7.971474372666e-02
-9.342248037756e+00,1.406255900883e-01,8.008786908573e-02
-9.341448137137e+00,1.718756907516e-01,8.009218222276e-02
-9.341429309934e+00,2.921828424144e+00,7.021046855960e-02
-9.341421225654e+00,1.029663256643e+00,7.927824759053e-02
-9.340647097165e+00,2.031257731402e-01,8.009456719756e-02
-9.340446044825e+00,3.839458414732e+00,5.241418560360e-02
-9.340344241733e+00,3.907300317731e+00,4.983714023796e-02
-9.340104343865e+00,1.746969696043e+00,7.749261999393e-02
-9.340066465146e+00,3.771803642316e+00,5.472946148183e-02
-9.340039231786e+00,7.343825991923e-01,7.971661904347e-02
-9.339844917898e+00,2.343758339411e-01,8.009563500337e-02
-9.339758526260e+00,3.975325882391e+00,4.695134855106e-02
-9.339702140841e+00,3.178061686182e+00,6.722926172915e-02
-9.339208057144e+00,3.704339443868e+00,5.682087490850e-02
-9.339177925825e+00,2.357120184925e+00,7.471892761573e-02
-9.339041599402e+00,2.656258698276e-01,8.009538608700e-02
-9.338762768866e+00,1.446520748487e+00,7.842563286406e-02
-9.338686393990e+00,4.043531614110e+00,4.369787871082e-02
-9.338513888329e+00,1.267430197353e+00,7.886119379559e-02
-9.338237141756e+00,2.968758774660e-01,8.009382031456e-02
-9.337873399846e+00,3.637069237162e+00,5.871935122231e-02
-9.337628543702e+00,7.656327052931e-01,7.971714948747e-02
-9.337431545047e+00,3.281258535333e-01,8.009093697105e-02
-9.337125365853e+00,4.111913992997e+00,4.000178247647e-02
-9.336624809371e+00,3.593757947252e-01,8.008673475955e-02
-9.336343708106e+00,2.667943590172e+00,7.266321761093e-02
-9.336065096808e+00,3.569996413696e+00,6.045037067958e-02
-9.335816934835e+00,3.906256977230e-01,8.008121179995e-02
-9.335684026130e+00,1.626179955653e+00,7.796986881877e-02
-9.335214430933e+00,7.968825661161e-01,7.971633533798e-02
-9.335072988428e+00,4.180469473857e+00,3.576625737915e-02
-9.335007921556e+00,4.218755591825e-01,8.007436562676e-02
-9.334961780627e+00,1.088970011577e+00,7.927786017999e-02
-9.334697328637e+00,3.112293220241e+00,6.829573049290e-02
-9.334668300005e+00,2.856800540850e+00,7.107912359305e-02
-9.334312370854e+00,2.480251816184e+00,7.407178808594e-02
-9.334197769660e+00,4.531253757862e-01,8.006619318624e-02
-9.333785775864e+00,3.503124338569e+00,6.203511634496e-02
-9.333386479281e+00,4.843751442312e-01,8.005569054767e-02
-9.332796894209e+00,8.281321716573e-01,7.971304393341e-02
-9.332526834061e+00,4.249194486632e+00,3.086405473657e-02
-9.332029591806e+00,2.049290079571e+00,7.646636467938e-02
-9.331776655118e+00,5.156252876217e-01,8.005507168179e-02
-9.331409416841e+00,1.927612398431e+00,7.699194861945e-02
-9.331104150520e+00,2.171358731576e+00,7.591380705683e-02
-9.331038088765e+00,3.436456350634e+00,6.349134334168e-02
-9.330601608510e+00,1.326737551677e+00,7.886087210643e-02
-9.330375934291e+00,8.593815119180e-01,7.970813315370e-02
-9.329754577954e+00,1.505848921280e+00,7.842536879217e-02
-9.329484501053e+00,4.318085436671e+00,2.512448821349e-02
-9.329368294836e+00,5.468758025060e-01,8.006496110493e-02
-9.329254428133e+00,1.806345381948e+00,7.749247031820e-02
-9.329239378043e+00,3.046748003051e+00,6.928515422317e-02
-9.328622546217e+00,2.293798445534e+00,7.533216683139e-02
-9.328140787922e+00,1.148236275638e+00,7.927748433154e-02
-9.327951551968e+00,8.906305768924e-01,7.970187292111e-02
-9.327863047875e+00,2.603703357003e+00,7.338776734684e-02
-9.327824710967e+00,3.369995762287e+00,6.483404530389e-02
-9.327464345642e+00,2.792008093330e+00,7.189534112835e-02
-9.326958791558e+00,5.781262589996e-01,8.007351378451e-02
-9.325943614038e+00,4.387138704557e+00,1.831316956103e-02
-9.325575680363e+00,1.685508504113e+00,7.796966611986e-02
-9.325523748062e+00,9.218793565629e-01,7.969679879608e-02
-9.324574492063e+00,2.416589099111e+00,7.471911175762e-02
-9.324548145461e+00,6.093766537622e-01,8.008073357810e-02
-9.324148341447e+00,3.303745859152e+00,6.607597116501e-02
-9.323331099863e+00,2.981429192140e+00,7.021124051469e-02
-9.323092523420e+00,9.531278409359e-01,7.968571258945e-02
-9.322327664002e+00,1.385995536787e+00,7.886056219262e-02
-9.322136356729e+00,6.406269834547e-01,8.008662374582e-02
-9.321901824047e+00,4.456350646644e+00,1.009923271863e-02
-9.320958501158e+00,1.207459844835e+00,7.927712004754e-02
-9.320657878919e+00,9.843760200264e-01,7.967644039409e-02
-9.320384476177e+00,1.565121017449e+00,7.842511671151e-02
-9.320011702500e+00,3.237709899817e+00,6.722803007860e-02
-9.319820342770e+00,2.727454135458e+00,7.266366246097e-02
-9.319723425557e+00,6.718772447391e-01,8.009118695383e-02
-9.319451927014e+00,1.986953881585e+00,7.699186862841e-02
-9.319323943630e+00,2.108655233728e+00,7.646634633605e-02
-9.318949964821e+00,2.539710360620e+00,7.407205633172e-02
-9.318162008604e+00,1.562500050003e-02,8.045126762886e-02
-9.318042068984e+00,1.865653699381e+00,7.749233307853e-02
-9.317647438936e+00,2.230737986383e+00,7.591385520883e-02
-9.317360265384e+00,4.687500150007e-02,8.046123981932e-02
-9.317356808773e+00,4.525717595151e+00,1.150235521927e-05
-9.317309352150e+00,7.031274342770e-01,8.009442527743e-02
-9.316975327071e+00,2.916339917182e+00,7.107978071953e-02
-9.316666519235e+00,3.831605924881e+00,5.472821538919e-02
-9.316621570227e+00,3.899281679175e+00,5.241294687457e-02
-9.316558522163e+00,7.812500250012e-02,8.046992321981e-02
-9.316301776849e+00,1.029575254810e+00,7.967598833909e-02
-9.316231231591e+00,3.764117696209e+00,5.681962563950e-02
-9.316093852204e+00,3.967141497957e+00,4.983591444885e-02
-9.315756778942e+00,1.093750035002e-01,8.047732173784e-02
-9.315417539452e+00,3.171891115784e+00,6.829678726318e-02
-9.315318264443e+00,3.696820428744e+00,5.871810193495e-02
-9.315105303113e+00,1.744774238255e+00,7.796947563261e-02
-9.315080857937e+00,4.035181894415e+00,4.695014317201e-02
-9.314955035721e+00,1.406250045003e-01,8.048343871211e-02
-9.314894136723e+00,7.343775487309e-01,8.009634020330e-02
-9.314411990264e+00,2.353182156555e+00,7.533228683290e-02
-9.314153292500e+00,1.718750055004e-01,8.048739351615e-02
-9.313930199469e+00,3.629717532420e+00,6.044912375915e-02
-9.313692362722e+00,1.445201947019e+00,7.886026405606e-02
-9.313580105497e+00,4.103399356405e+00,4.369670382785e-02
-9.313415187452e+00,1.266638516264e+00,7.927676732997e-02
-9.313351549279e+00,2.031250065004e-01,8.048968240641e-02
-9.312549806058e+00,2.343750075005e-01,8.049069657435e-02
-9.312477779500e+00,7.656275847645e-01,8.009693263116e-02
-9.312069642830e+00,3.562812390874e+00,6.203387359086e-02
-9.311748062837e+00,2.656250085005e-01,8.049043644253e-02
-9.311739208546e+00,2.663141692688e+00,7.338812701726e-02
-9.311589138552e+00,4.171790346465e+00,4.000065184918e-02
-9.310946319616e+00,2.968750095005e-01,8.048890187689e-02
-9.310652812484e+00,1.624334829263e+00,7.842487662369e-02
-9.310368620383e+00,3.106292711447e+00,6.928606904642e-02
-9.310174914476e+00,2.851483280142e+00,7.189589445790e-02
-9.310144576395e+00,3.281250105004e-01,8.048609218647e-02
-9.310060280715e+00,7.968775390388e-01,8.009548570788e-02
-9.309845698378e+00,1.088706023422e+00,7.967558423957e-02
-9.309739224900e+00,3.496108361346e+00,6.349010610669e-02
-9.309607436413e+00,2.475967549167e+00,7.471930953728e-02
-9.309342833174e+00,3.593750115003e-01,8.048200612251e-02
-9.309105526485e+00,4.240351302250e+00,3.576519001875e-02
-9.308541089953e+00,3.906250125002e-01,8.047664187740e-02
-9.307739346732e+00,4.218750135002e-01,8.046999708242e-02
-9.307641640612e+00,8.281274082191e-01,8.009208721239e-02
-9.307132086133e+00,2.046221204414e+00,7.699180130371e-02
-9.306941599917e+00,3.429608774816e+00,6.483281459858e-02
-9.306937603511e+00,4.531250145001e-01,8.046206880516e-02
-9.306467684618e+00,1.924892435825e+00,7.749220827574e-02
-9.306255677391e+00,2.167941626183e+00,7.646634089389e-02
-9.306135860290e+00,4.843750155000e-01,8.045131500485e-02
-9.306126864582e+00,4.309078636802e+00,3.086307731879e-02
-9.305511127291e+00,1.325770089165e+00,7.927642618095e-02
-9.305221859443e+00,8.593771889727e-01,8.008736387354e-02
-9.304867735853e+00,3.040917864031e+00,7.021202769594e-02
-9.304696026013e+00,1.504354578786e+00,7.885997769859e-02
-9.304529172771e+00,5.156250165000e-01,8.045067828787e-02
-9.304273284633e+00,1.803974948697e+00,7.796929735823e-02
-9.303827901457e+00,2.290033857626e+00,7.591391650204e-02
-9.303679445775e+00,3.363316935782e+00,6.607474773564e-02
-9.303223881117e+00,2.599073761862e+00,7.407233847020e-02
-9.303029286091e+00,1.147796339990e+00,7.967519150302e-02
-9.302932738517e+00,2.786862354986e+00,7.266412172828e-02
-9.302800937474e+00,8.906268779641e-01,8.008131352258e-02
-9.302650774406e+00,4.377968738381e+00,2.512363887329e-02
-9.302117540952e+00,5.468750175000e-01,8.046017557241e-02
-9.300559949260e+00,1.683488151348e+00,7.842464853008e-02
-9.300378874977e+00,9.218764718543e-01,8.007565071598e-02
-9.299955463839e+00,3.297236121945e+00,6.722681446595e-02
-9.299838460447e+00,2.412477841664e+00,7.533242022090e-02
-9.299705909133e+00,5.781250185001e-01,8.046837933053e-02
-9.298917698782e+00,2.975769723068e+00,7.108045280002e-02
-9.298674903873e+00,4.447017970987e+00,1.831250405839e-02
-9.297955672234e+00,9.531259673119e-01,8.006610856712e-02
-9.297294277315e+00,6.093750195001e-01,8.047529323315e-02
-9.297246614553e+00,1.384852364731e+00,7.927609660266e-02
-9.295852793254e+00,1.206844008788e+00,7.967481013192e-02
-9.295772378734e+00,3.231369583961e+00,6.829785979350e-02
-9.295531329538e+00,9.843753610088e-01,8.005570844672e-02
-9.295338988650e+00,1.563451230566e+00,7.885970312199e-02
-9.295251697020e+00,2.722480187543e+00,7.338850083989e-02
-9.294882645496e+00,6.406250205001e-01,8.048092037863e-02
-9.294531706716e+00,1.984059381505e+00,7.749209591059e-02
-9.294450354094e+00,2.105412154075e+00,7.699174664573e-02
-9.294277319210e+00,2.535253311664e+00,7.471952095339e-02
-9.294196927506e+00,4.516222674467e+00,1.009883485031e-02
-9.293080028667e+00,1.863108428451e+00,7.796913129777e-02
-9.292898898721e+00,3.891263040618e+00,5.472698776158e-02
-9.292886993646e+00,3.823753435030e+00,5.681839460433e-02
-9.292825281183e+00,2.227147042184e+00,7.646634835292e-02
-9.292521344208e+00,2.910851410220e+00,7.189646247039e-02
-9.292471013678e+00,6.718750215001e-01,8.048526329629e-02
-9.292429178148e+00,3.958957113524e+00,5.241172678642e-02
-9.292395998037e+00,3.756431750103e+00,5.871687061028e-02
-9.291475321884e+00,4.026832174718e+00,4.983470739740e-02
-9.291428471742e+00,3.689301413620e+00,6.044789450405e-02
-9.291182328044e+00,1.029487252977e+00,8.005569910703e-02
-9.291132938063e+00,3.165720545386e+00,6.928699936143e-02
-9.290106262361e+00,1.742578780467e+00,7.842443243198e-02
-9.290059381859e+00,7.031250225002e-01,8.048832394905e-02
-9.290034845141e+00,4.094884719813e+00,4.694895651356e-02
-9.289986999093e+00,3.622365827677e+00,6.203264818892e-02
-9.289646054704e+00,2.349244128185e+00,7.591399093610e-02
-9.289214546830e+00,4.585579164329e+00,1.150235518371e-05
-9.288623018336e+00,1.562500050003e-02,8.086131070093e-02
-9.288621956577e+00,1.443883145550e+00,7.927577859710e-02
-9.288316486574e+00,1.265846835176e+00,7.967444012835e-02
-9.288105288675e+00,4.163111219073e+00,4.369554748840e-02
-9.288074188852e+00,3.555628368053e+00,6.348888590119e-02
-9.287826301718e+00,4.687500150007e-02,8.087074527901e-02
-9.287647750040e+00,7.343750235002e-01,8.049010373577e-02
-9.287134708987e+00,2.658339795203e+00,7.407263449994e-02
-9.287029585101e+00,7.812500250012e-02,8.087895209726e-02
-9.286232868483e+00,1.093750035002e-01,8.088593476280e-02
-9.286039912129e+00,3.100292202653e+00,7.021283009854e-02
-9.285692673935e+00,3.489092384124e+00,6.483160059480e-02
-9.285684218909e+00,4.231508117868e+00,3.999953936180e-02
-9.285681528947e+00,2.846166019434e+00,7.266459541017e-02
-9.285621598838e+00,1.622489702873e+00,7.885944032805e-02
-9.285436151865e+00,1.406250045003e-01,8.089169635398e-02
-9.285236118222e+00,7.656250245003e-01,8.049024315312e-02
-9.284902501972e+00,2.471683282150e+00,7.533256699461e-02
-9.284729616128e+00,1.088442035268e+00,8.005610435517e-02
-9.284639435248e+00,1.718750055004e-01,8.089520974965e-02
-9.283842718630e+00,2.031250065004e-01,8.089732340052e-02
-9.283046002012e+00,2.343750075005e-01,8.089822218100e-02
-9.282845111069e+00,3.422761198998e+00,6.607354067839e-02
-9.282824486403e+00,7.968750255002e-01,8.048817732466e-02
-9.282769228111e+00,4.300071836933e+00,3.576414007119e-02
-9.282249285395e+00,2.656250085005e-01,8.089790645751e-02
-9.282234580459e+00,2.043152329258e+00,7.749199598375e-02
-9.281525952395e+00,1.922172473219e+00,7.796897745222e-02
-9.281452568777e+00,2.968750095005e-01,8.089637607849e-02
-9.281407204261e+00,2.164524520790e+00,7.699170465480e-02
-9.280655852159e+00,3.281250105004e-01,8.089363037414e-02
-9.280496093663e+00,3.035087725012e+00,7.108113983072e-02
-9.280420646073e+00,1.324802626653e+00,7.967408149455e-02
-9.280412854585e+00,8.281250265001e-01,8.048483045305e-02
-9.279859135542e+00,3.593750115003e-01,8.088966815562e-02
-9.279637474072e+00,1.502860236292e+00,7.927547216625e-02
-9.279534180584e+00,3.356638109276e+00,6.722561489773e-02
-9.279357934775e+00,4.368798772205e+00,3.086211611942e-02
-9.279292141132e+00,1.801604515446e+00,7.842422833078e-02
-9.279062418924e+00,3.906250125002e-01,8.088448771407e-02
-9.279033256696e+00,2.286269269717e+00,7.646636871306e-02
-9.278584714360e+00,2.594444166721e+00,7.471974600472e-02
-9.278401131393e+00,2.781716616643e+00,7.338888881238e-02
-9.278265702306e+00,4.218750135002e-01,8.087808681856e-02
-9.278001222766e+00,8.593750275000e-01,8.048020100641e-02
-9.277917784260e+00,1.147356404341e+00,8.005578011900e-02
-9.277468985689e+00,4.531250145001e-01,8.086991191109e-02
-9.276672269071e+00,4.843750155000e-01,8.085957819250e-02
-9.275762586231e+00,3.290726384739e+00,6.829721262904e-02
-9.275589590947e+00,8.906250285000e-01,8.047428688845e-02
-9.275544218156e+00,1.681467798582e+00,7.885918931825e-02
-9.275447983699e+00,4.437685295331e+00,2.512280387145e-02
-9.275102428832e+00,2.408366584217e+00,7.591407851062e-02
-9.275075654827e+00,5.156250165000e-01,8.085883411429e-02
-9.274504297701e+00,2.970110253996e+00,7.189704516269e-02
-9.273177959129e+00,9.218750295000e-01,8.046802541367e-02
-9.272679142957e+00,5.468750175000e-01,8.086768212272e-02
-9.272165565105e+00,1.383709192676e+00,7.967373423279e-02
-9.271533054967e+00,3.225029268106e+00,6.928794516363e-02
-9.271037046239e+00,4.506727753784e+00,1.831184998971e-02
-9.270766327310e+00,9.531250305000e-01,8.045991859412e-02
-9.270747085350e+00,1.206228172742e+00,8.005538340488e-02
-9.270683051270e+00,2.717506239629e+00,7.407294441930e-02
-9.270293501124e+00,1.561781443684e+00,7.927517731203e-02
-9.270282631087e+00,5.781250185001e-01,8.087529778804e-02
-9.269611486418e+00,1.981164881425e+00,7.796883582250e-02
-9.269604673599e+00,2.530796262708e+00,7.533272715306e-02
-9.269576764558e+00,2.102169074420e+00,7.749190849581e-02
-9.269176227216e+00,3.883244402062e+00,5.681718180840e-02
-9.269107468056e+00,3.815900945180e+00,5.871565725507e-02
-9.268764504091e+00,3.950772729091e+00,5.472577860490e-02
-9.268560764482e+00,3.748745803997e+00,6.044668292135e-02
-9.268354695492e+00,9.843750315000e-01,8.044846296813e-02
-9.268117988351e+00,1.860563157521e+00,7.842403622769e-02
-9.268067361345e+00,2.905362903259e+00,7.266508350391e-02
-9.268003123430e+00,2.223556097986e+00,7.699167533123e-02
-9.267886119218e+00,6.093750195001e-01,8.088168444397e-02
-9.267869785831e+00,4.018482455022e+00,5.241052534564e-02
-9.267538679041e+00,3.681782398496e+00,6.203144014534e-02
-9.266848336674e+00,3.159549974988e+00,7.021364771771e-02
-9.266489584784e+00,4.086370083220e+00,4.983351908907e-02
-9.266122820694e+00,4.575922470687e+00,1.009844394151e-02
-9.266043798717e+00,3.615014122935e+00,6.348768273105e-02
-9.265489607348e+00,6.406250205001e-01,8.088684489204e-02
-9.265107221609e+00,1.740383322680e+00,7.885895009405e-02
-9.264880119143e+00,2.345306099815e+00,7.646640197422e-02
-9.264621438799e+00,4.154432091682e+00,4.694778858076e-02
-9.264078734874e+00,3.548444345231e+00,6.483040329894e-02
-9.264017424245e+00,1.029401558586e+00,8.044742525209e-02
-9.263551550432e+00,1.442564344082e+00,7.967339834522e-02
-9.263217785696e+00,1.265055154087e+00,8.005499786593e-02
-9.263093095478e+00,6.718750215001e-01,8.089078140447e-02
-9.262530209428e+00,2.653537897719e+00,7.471998469008e-02
-9.262262911333e+00,4.222664933486e+00,4.369440969735e-02
-9.261711203876e+00,3.094291693860e+00,7.108184180744e-02
-9.261646122971e+00,3.482076406901e+00,6.607235000003e-02
-9.261188143418e+00,2.840848758726e+00,7.338929093243e-02
-9.260703032397e+00,4.645265745302e+00,1.150235517142e-05
-9.260696583608e+00,7.031250225002e-01,8.089349572675e-02
-9.260590385191e+00,1.620644576483e+00,7.927489403634e-02
-9.260197567531e+00,2.467399015133e+00,7.591417922508e-02
-9.259411591639e+00,4.291065037065e+00,3.999844501905e-02
-9.259084028068e+00,1.562500050003e-02,8.125225753571e-02
-9.258748622221e+00,3.415913623180e+00,6.722443138072e-02
-9.258300071738e+00,7.343750235002e-01,8.089493681552e-02
-9.258292338053e+00,4.687500150007e-02,8.126119294781e-02
-9.257575755921e+00,1.088185022176e+00,8.044763625978e-02
-9.257500648039e+00,7.812500250012e-02,8.126895742309e-02
-9.257337074786e+00,2.040083454102e+00,7.796870640949e-02
-9.256708958025e+00,1.093750035002e-01,8.127555429668e-02
-9.256584220172e+00,1.919452510612e+00,7.842385612383e-02
-9.256558731132e+00,2.161107415397e+00,7.749183344728e-02
-9.256124451473e+00,3.029257585992e+00,7.189764253148e-02
-9.256065095143e+00,4.359628806029e+00,3.576310754077e-02
-9.255917268010e+00,1.406250045003e-01,8.128098641139e-02
-9.255903559868e+00,7.656250245003e-01,8.089398480992e-02
-9.255388915393e+00,3.349959282770e+00,6.829603666157e-02
-9.255330164855e+00,1.323835164140e+00,8.005462350443e-02
-9.255125577996e+00,1.718750055004e-01,8.128410450901e-02
-9.254578922131e+00,1.501365893798e+00,7.967307383391e-02
-9.254333887981e+00,2.031250065004e-01,8.128605647695e-02
-9.254310997632e+00,1.799234082196e+00,7.885872265696e-02
-9.254238611936e+00,2.282504681808e+00,7.699165867514e-02
-9.253945547603e+00,2.589814571581e+00,7.533290069528e-02
-9.253869524269e+00,2.776570878299e+00,7.407326822631e-02
-9.253542197967e+00,2.343750075005e-01,8.128684933705e-02
-9.253507047998e+00,7.968750255002e-01,8.089181214035e-02
-9.252750507952e+00,2.656250085005e-01,8.128648340574e-02
-9.252221063525e+00,4.428352619674e+00,3.086117114180e-02
-9.251958817938e+00,2.968750095005e-01,8.128495851676e-02
-9.251569708623e+00,3.284216647533e+00,6.928890644816e-02
-9.251167127924e+00,3.281250105004e-01,8.128227402071e-02
-9.251110536128e+00,8.281250265001e-01,8.088841782388e-02
-9.250776694931e+00,1.146928218193e+00,8.044784867725e-02
-9.250528487053e+00,1.679447445817e+00,7.927462234083e-02
-9.250375437909e+00,3.593750115003e-01,8.127842878449e-02
-9.250366397217e+00,2.404255326770e+00,7.646644813619e-02
-9.250090896620e+00,2.964450784925e+00,7.266558600677e-02
-9.249583747895e+00,3.906250125002e-01,8.127342119028e-02
-9.248792057880e+00,4.218750135002e-01,8.126724913362e-02
-9.248714024258e+00,8.593750275000e-01,8.088380035344e-02
-9.248000367866e+00,4.531250145001e-01,8.125887536174e-02
-9.247877164972e+00,4.497232833100e+00,2.512198321068e-02
-9.247293731201e+00,3.218688952250e+00,7.021448054937e-02
-9.247208677851e+00,4.843750155000e-01,8.124894864521e-02
-9.247084515656e+00,1.382566020620e+00,8.005426032280e-02
-9.246317512389e+00,8.906250285000e-01,8.087795769605e-02
-9.246114405521e+00,2.712532291715e+00,7.472023700817e-02
-9.245622136884e+00,5.156250165000e-01,8.124810777728e-02
-9.245453555710e+00,3.875225763506e+00,5.871446187475e-02
-9.245327942465e+00,3.808048455329e+00,6.044548901777e-02
-9.245248013598e+00,1.560111656801e+00,7.967276070090e-02
-9.245099830035e+00,3.942588344658e+00,5.681598725763e-02
-9.244932027987e+00,2.526339213752e+00,7.591429307882e-02
-9.244725530928e+00,3.741059857890e+00,6.203024946716e-02
-9.244703175022e+00,2.098925994767e+00,7.796858921392e-02
-9.244691266120e+00,1.978270381346e+00,7.842368802033e-02
-9.244264249777e+00,4.010132735326e+00,5.472458792569e-02
-9.243921000519e+00,9.218750295000e-01,8.087110290630e-02
-9.243648886340e+00,3.674263383372e+00,6.348649660246e-02
-9.243620493215e+00,1.205628970138e+00,8.044806251684e-02
-9.243613378481e+00,2.899874396297e+00,7.338970719771e-02
-9.243240744963e+00,5.468750175001e-01,8.125635546450e-02
-9.243180965677e+00,2.219965153787e+00,7.749177083868e-02
-9.243155948035e+00,1.858017886591e+00,7.885850700836e-02
-9.243031094557e+00,4.566265777046e+00,1.831120735733e-02
-9.242944324427e+00,4.077855446628e+00,5.240934255780e-02
-9.242563735285e+00,3.153379404589e+00,7.108255872593e-02
-9.242100598341e+00,3.607662418193e+00,6.482922271681e-02
-9.241524488649e+00,9.531250305000e-01,8.086431145506e-02
-9.241137588922e+00,4.145752964291e+00,4.983234952910e-02
-9.240859353041e+00,5.781250185001e-01,8.126342778051e-02
-9.240114183583e+00,2.341368071445e+00,7.699165468664e-02
-9.240108180857e+00,1.738187864892e+00,7.927436222704e-02
-9.240083280896e+00,3.541260322409e+00,6.607117570690e-02
-9.239127976779e+00,9.843750315000e-01,8.085188921609e-02
-9.238841603757e+00,4.213821749105e+00,4.694663937868e-02
-9.238481144287e+00,1.441245542614e+00,8.005390832328e-02
-9.238477961120e+00,6.093750195001e-01,8.126932775584e-02
-9.237925709869e+00,2.648736000235e+00,7.533308762037e-02
-9.237680574336e+00,4.635447758369e+00,1.009805999349e-02
-9.237599572006e+00,3.475060429678e+00,6.722326392161e-02
-9.237382495623e+00,3.088291185066e+00,7.189825457311e-02
-9.236694757889e+00,2.835531498018e+00,7.407360591904e-02
-9.236107416038e+00,1.264285102580e+00,8.044827779248e-02
-9.236096569199e+00,6.406250205001e-01,8.127405792534e-02
-9.236053955168e+00,4.282058237196e+00,4.369329045967e-02
-9.235559171545e+00,1.618799450093e+00,7.967245894823e-02
-9.235492633090e+00,2.463114748116e+00,7.646650719874e-02
-9.234807065452e+00,1.029318171637e+00,8.085013278351e-02
-9.234652133373e+00,3.409066047362e+00,6.829487642806e-02
-9.233715177278e+00,6.718750215001e-01,8.127762033091e-02
-9.232772255512e+00,4.350458839853e+00,3.999736882563e-02
-9.232439569112e+00,2.037014578946e+00,7.842353191820e-02
-9.231823353443e+00,4.704775060482e+00,1.150235521938e-05
-9.231752809283e+00,3.023427446973e+00,7.266610291589e-02
-9.231710258002e+00,2.157690310004e+00,7.796848423651e-02
-9.231642487949e+00,1.916732548006e+00,7.885830314953e-02
-9.231333785357e+00,7.031250225002e-01,8.128001652362e-02
-9.231243650202e+00,3.343280456264e+00,6.928988320948e-02
-9.229545037799e+00,1.562500050003e-02,8.162540293292e-02
-9.229520370190e+00,1.499871551304e+00,8.005356750803e-02
-9.229443967175e+00,2.278740093900e+00,7.749172067036e-02
-9.229337917145e+00,2.771425139955e+00,7.472050295738e-02
-9.229329854132e+00,1.796863648945e+00,7.927411369664e-02
-9.229306380845e+00,2.585184976440e+00,7.591442007115e-02
-9.228994143352e+00,4.419019944018e+00,3.576209243134e-02
-9.228952393436e+00,7.343750235002e-01,8.128035493014e-02
-9.228758374388e+00,4.687500150007e-02,8.163387412654e-02
-9.228384117758e+00,1.087934984147e+00,8.085002924582e-02
-9.228237741848e+00,1.322894442225e+00,8.044809755258e-02
-9.227971710977e+00,7.812500250012e-02,8.164122737639e-02
-9.227376831015e+00,3.277706910326e+00,7.021532858917e-02
-9.227185047566e+00,1.093750035002e-01,8.164746577093e-02
-9.226571001514e+00,7.656250245003e-01,8.127925254669e-02
-9.226398384155e+00,1.406250045003e-01,8.165244489788e-02
-9.225677495538e+00,2.958791315854e+00,7.339013760587e-02
-9.225630365602e+00,2.400144069323e+00,7.699166336575e-02
-9.225611720744e+00,1.718750055004e-01,8.165535525965e-02
-9.225512755949e+00,1.677427093052e+00,7.967216857765e-02
-9.224825057333e+00,2.031250065004e-01,8.165715782700e-02
-9.224717283705e+00,4.487737912416e+00,3.086024238923e-02
-9.224189609593e+00,7.968750255002e-01,8.127698490587e-02
-9.224038393921e+00,2.343750075005e-01,8.165785332287e-02
-9.223251730510e+00,2.656250085005e-01,8.165744201925e-02
-9.223054407435e+00,3.212348636394e+00,7.108329058258e-02
-9.222465067099e+00,2.968750095005e-01,8.165592373748e-02
-9.221808217672e+00,8.281250265001e-01,8.127355101569e-02
-9.221730884204e+00,3.867207124949e+00,6.044431279879e-02
-9.221678403688e+00,3.281250105004e-01,8.165329784791e-02
-9.221606018103e+00,1.146511781545e+00,8.084990909212e-02
-9.221548416875e+00,3.800195965478e+00,6.202907616108e-02
-9.221545759771e+00,2.707558343800e+00,7.533328792729e-02
-9.221435155979e+00,3.934403960225e+00,5.871328447530e-02
-9.220891740277e+00,3.593750115003e-01,8.164956326930e-02
-9.220890297373e+00,3.733373911784e+00,6.348532752237e-02
-9.220658713724e+00,4.001783015630e+00,5.681481095864e-02
-9.220259382376e+00,2.521882164796e+00,7.646657916145e-02
-9.220202526071e+00,1.558441869918e+00,8.005323787925e-02
-9.220105076866e+00,3.906250125002e-01,8.164471846791e-02
-9.220011762301e+00,1.381454817729e+00,8.044754420051e-02
-9.219939368421e+00,4.556609083404e+00,2.512117689416e-02
-9.219829585486e+00,2.095682915113e+00,7.842338781834e-02
-9.219771045822e+00,1.975375881266e+00,7.885811108170e-02
-9.219759093638e+00,3.666744368249e+00,6.482805885455e-02
-9.219426825751e+00,8.593750275000e-01,8.126894939504e-02
-9.219399064071e+00,4.069340810036e+00,5.472341572963e-02
-9.219318413454e+00,4.218750135002e-01,8.163854266957e-02
-9.219159395618e+00,2.894385889335e+00,7.407395749552e-02
-9.218531750043e+00,4.531250145001e-01,8.163024148909e-02
-9.218358807924e+00,2.216374209589e+00,7.796839147796e-02
-9.218279133897e+00,3.147208834191e+00,7.189888128383e-02
-9.218193907719e+00,1.855472615662e+00,7.927387675114e-02
-9.218157397965e+00,3.600310713450e+00,6.607001780479e-02
-9.217745086632e+00,4.843750155000e-01,8.162069628367e-02
-9.217653739046e+00,4.137073836899e+00,5.240817842826e-02
-9.217045433830e+00,8.906250285000e-01,8.126317807217e-02
-9.216168618940e+00,5.156250165000e-01,8.161976811493e-02
-9.216087826918e+00,3.534076299587e+00,6.722211252670e-02
-9.215420296181e+00,4.204978564723e+00,4.983119872274e-02
-9.215348248022e+00,2.337430043074e+00,7.749168294261e-02
-9.215109140104e+00,1.735992407104e+00,7.967188959083e-02
-9.214664041909e+00,9.218750295000e-01,8.125582618075e-02
-9.214658116275e+00,4.625629771436e+00,1.831057616356e-02
-9.214473016850e+00,1.205046400979e+00,8.084977235697e-02
-9.213802346968e+00,5.468750175001e-01,8.162745990207e-02
-9.213553021042e+00,3.468044452456e+00,6.829373193512e-02
-9.213321210309e+00,2.643934102750e+00,7.591456020138e-02
-9.213053787369e+00,3.082290676272e+00,7.266663422807e-02
-9.212696318697e+00,4.273051437327e+00,4.694550891255e-02
-9.212282649988e+00,9.531250305000e-01,8.125017958696e-02
-9.212201372361e+00,2.830214237310e+00,7.472078253611e-02
-9.211436074995e+00,5.781250185001e-01,8.163402945474e-02
-9.211429782339e+00,1.439964059107e+00,8.044699218918e-02
-9.210787698650e+00,2.458830481100e+00,7.699168471245e-02
-9.210555644525e+00,3.402218471544e+00,6.929087544165e-02
-9.210527957898e+00,1.616954323702e+00,8.005291943902e-02
-9.209901258066e+00,9.843750315000e-01,8.123695871362e-02
-9.209479415880e+00,4.341288873676e+00,4.369218978038e-02
-9.209069803023e+00,6.093750195001e-01,8.163947953023e-02
-9.208871273081e+00,4.694796267485e+00,1.009768300722e-02
-9.207542063439e+00,2.033945703789e+00,7.885793080608e-02
-9.207381167093e+00,3.017597307954e+00,7.339058215446e-02
-9.207098385010e+00,3.336601629758e+00,7.021619183220e-02
-9.206985377598e+00,1.263536680654e+00,8.084961907912e-02
-9.206861784872e+00,2.154273204612e+00,7.842325572163e-02
-9.206703531051e+00,6.406250205001e-01,8.164381242353e-02
-9.206700755725e+00,1.914012585400e+00,7.927365139195e-02
-9.205767223178e+00,4.409687268361e+00,3.999631078577e-02
-9.205596706660e+00,1.029234784687e+00,8.123430225505e-02
-9.204806310021e+00,2.766279401611e+00,7.533350161478e-02
-9.204667214088e+00,2.580555381299e+00,7.646666402389e-02
-9.204649322415e+00,2.274975505991e+00,7.796831093881e-02
-9.204348710631e+00,1.794493215694e+00,7.967162198954e-02
-9.204337259078e+00,6.718750215001e-01,8.164702996965e-02
-9.203183953407e+00,3.271197173120e+00,7.108403737352e-02
-9.202576612005e+00,4.764104839010e+00,1.150235526384e-05
-9.202492120091e+00,1.498419998466e+00,8.044644153115e-02
-9.201970987106e+00,7.031250225002e-01,8.164863462670e-02
-9.201557402438e+00,4.478242991732e+00,3.576109474670e-02
-9.201264094457e+00,2.953131846782e+00,7.407432295375e-02
-9.200894333986e+00,2.396032811876e+00,7.749165765564e-02
-9.200497024846e+00,1.675406740287e+00,8.005261218923e-02
-9.200006047531e+00,1.562500050003e-02,8.198192746647e-02
-9.199604715133e+00,7.343750235002e-01,8.164850911610e-02
-9.199224410723e+00,4.687500150007e-02,8.198996627622e-02
-9.199192479594e+00,1.087684946117e+00,8.123391561167e-02
-9.199143377052e+00,1.321980460905e+00,8.084944930104e-02
-9.198815083669e+00,3.206008320539e+00,7.189952266044e-02
-9.198442773915e+00,7.812500250012e-02,8.199693664127e-02
-9.198008212698e+00,3.859188486393e+00,6.202792023257e-02
-9.197770481923e+00,3.926219575791e+00,6.044315427036e-02
-9.197768891286e+00,3.792343475627e+00,6.348417549748e-02
-9.197661137107e+00,1.093750035002e-01,8.200284142574e-02
-9.197238443161e+00,7.656250245003e-01,8.164727064170e-02
-9.197055063819e+00,3.725687965678e+00,6.482691171909e-02
-9.197053177671e+00,3.993433295934e+00,5.871212506331e-02
-9.196977114021e+00,2.702584395886e+00,7.591471346876e-02
-9.196879500300e+00,1.406250045003e-01,8.200740391282e-02
-9.196847642284e+00,4.546952389762e+00,3.085932986562e-02
-9.196097863492e+00,1.718750055004e-01,8.201012732187e-02
-9.195869300937e+00,3.659225353125e+00,6.606887629977e-02
-9.195853803714e+00,4.060826173443e+00,5.681365291714e-02
-9.195586736765e+00,2.517425115840e+00,7.699171872658e-02
-9.195316226684e+00,2.031250065004e-01,8.201179163956e-02
-9.194955995949e+00,2.092439835459e+00,7.885776232368e-02
-9.194872171188e+00,7.968750255002e-01,8.164491866231e-02
-9.194850825524e+00,1.972481381186e+00,7.927343762044e-02
-9.194705412755e+00,2.888897382373e+00,7.472107574271e-02
-9.194534589876e+00,2.343750075005e-01,8.201239751983e-02
-9.194214197589e+00,3.592959008708e+00,6.722097720171e-02
-9.194169889169e+00,4.128394709507e+00,5.472226202214e-02
-9.193994532508e+00,3.141038263793e+00,7.266717994006e-02
-9.193752953068e+00,2.656250085005e-01,8.201194519501e-02
-9.193536650171e+00,2.212783265390e+00,7.842313562895e-02
-9.193231867402e+00,1.852927344732e+00,7.967136577544e-02
-9.193199106879e+00,1.556820469948e+00,8.044589224053e-02
-9.192971316260e+00,2.968750095005e-01,8.201043447613e-02
-9.192505899216e+00,8.281250265001e-01,8.164145218072e-02
-9.192435341275e+00,1.146095344897e+00,8.123349594374e-02
-9.192189679452e+00,3.281250105004e-01,8.200786475254e-02
-9.192092372940e+00,3.526892276766e+00,6.829260318898e-02
-9.191998988604e+00,4.196135380341e+00,5.240703296239e-02
-9.191635658215e+00,4.615811784503e+00,2.512038492507e-02
-9.191408042644e+00,3.593750115003e-01,8.200423499139e-02
-9.190947305039e+00,1.380375584001e+00,8.084926306897e-02
-9.190626405836e+00,3.906250125002e-01,8.199954373679e-02
-9.190582312462e+00,2.333492014704e+00,7.796824261952e-02
-9.190139627243e+00,8.593750275000e-01,8.163686974279e-02
-9.190110099352e+00,1.733796949317e+00,8.005231613169e-02
-9.189844769029e+00,4.218750135002e-01,8.199316438675e-02
-9.189506470077e+00,3.461028475233e+00,6.929187941708e-02
-9.189338682225e+00,4.264044637459e+00,4.983006667536e-02
-9.189063132221e+00,4.531250145001e-01,8.198516732098e-02
-9.188725079116e+00,3.076290167479e+00,7.339104084070e-02
-9.188716710750e+00,2.639132205266e+00,7.646676178559e-02
-9.188281495413e+00,4.843750155000e-01,8.197598026260e-02
-9.187773355271e+00,8.906250285000e-01,8.163116943580e-02
-9.187707986831e+00,2.824896976602e+00,7.533372868153e-02
-9.186715100997e+00,5.156250165000e-01,8.197497332589e-02
-9.186459155677e+00,3.395370895726e+00,7.021707027319e-02
-9.186186576249e+00,4.332118907500e+00,4.694439718760e-02
-9.186082764209e+00,2.454546214083e+00,7.749164480963e-02
-9.185919192719e+00,4.684817474487e+00,1.830995641026e-02
-9.185407083299e+00,9.218750295000e-01,8.162340299339e-02
-9.185325540484e+00,1.204463831819e+00,8.123304330005e-02
-9.184363948973e+00,5.468750175001e-01,8.198214960198e-02
-9.183551087219e+00,1.615163309704e+00,8.044534433279e-02
-9.183040811326e+00,9.531250305000e-01,8.161875393939e-02
-9.183009524903e+00,3.011767168934e+00,7.407470229164e-02
-9.182953119819e+00,3.329922803253e+00,7.108479909439e-02
-9.182644557766e+00,2.030876828633e+00,7.927323543795e-02
-9.182540303004e+00,4.400354592705e+00,4.369110766400e-02
-9.182397464588e+00,1.438719893560e+00,8.084906043318e-02
-9.182013311743e+00,2.150856099219e+00,7.885760563555e-02
-9.182012796949e+00,5.781250185001e-01,8.198825328038e-02
-9.181759023502e+00,1.911292622794e+00,7.967112095003e-02
-9.180674539354e+00,9.843750315000e-01,8.160487789351e-02
-9.180274702896e+00,2.761133663267e+00,7.591487987231e-02
-9.180028047331e+00,2.575925786158e+00,7.699176540793e-02
-9.179854677654e+00,2.271210918083e+00,7.842302754101e-02
-9.179696015590e+00,4.753965734711e+00,1.009731298366e-02
-9.179661644926e+00,6.093750195001e-01,8.199328687175e-02
-9.179367567131e+00,1.792122782443e+00,8.005203126824e-02
-9.178991075799e+00,3.264687435913e+00,7.190017869953e-02
-9.178397521171e+00,4.468748071048e+00,3.999527090363e-02
-9.177863339159e+00,1.262788258729e+00,8.123255773563e-02
-9.177310492902e+00,6.406250205001e-01,8.199725245486e-02
-9.176850693376e+00,2.947472377711e+00,7.472138257552e-02
-9.176386347867e+00,1.029151397738e+00,8.160144211461e-02
-9.176158302371e+00,2.391921554429e+00,7.796818652048e-02
-9.174959340878e+00,6.718750215001e-01,8.200005008555e-02
-9.174575759903e+00,3.199668004683e+00,7.266774004903e-02
-9.174285541193e+00,3.851169847836e+00,6.348304053320e-02
-9.174105807867e+00,3.918035191358e+00,6.202678168756e-02
-9.173989365696e+00,3.784490985776e+00,6.482578131705e-02
-9.173755916148e+00,4.537295696121e+00,3.576011449125e-02
-9.173548418762e+00,1.673446356266e+00,8.044479782467e-02
-9.173494171834e+00,1.497011235283e+00,8.084884144791e-02
-9.173447641617e+00,3.985083576238e+00,6.044201343908e-02
-9.173219830264e+00,3.718002019571e+00,6.606775119872e-02
-9.172963924136e+00,4.823252816848e+00,1.150235534115e-05
-9.172608188855e+00,7.031250225002e-01,8.200081729991e-02
-9.172408468271e+00,2.697610447971e+00,7.646687244604e-02
-9.172308543358e+00,4.052311536851e+00,5.871098364451e-02
-9.171979508236e+00,3.651706338001e+00,6.721985795267e-02
-9.170914091154e+00,2.512968066884e+00,7.749164440466e-02
-9.170686039293e+00,4.119715582116e+00,5.681251313861e-02
-9.170467057263e+00,1.562500050003e-02,8.232290981211e-02
-9.170270997213e+00,3.585607303965e+00,6.829149019530e-02
-9.170257036831e+00,7.343750235002e-01,8.200052013815e-02
-9.170251429892e+00,2.883408875411e+00,7.533396912621e-02
-9.170082406413e+00,2.089196755805e+00,7.927304484562e-02
-9.170049012257e+00,1.321066479586e+00,8.123203931127e-02
-9.170000841431e+00,1.087434908088e+00,8.160080036456e-02
-9.169930605226e+00,1.969586881106e+00,7.967088751483e-02
-9.169709931119e+00,3.134867693395e+00,7.339151366178e-02
-9.169690447058e+00,4.687500150007e-02,8.233054529604e-02
-9.168913836854e+00,7.812500250012e-02,8.233715864010e-02
-9.168714492418e+00,2.209192321192e+00,7.885746074272e-02
-9.168613200154e+00,4.605993797569e+00,3.085843357474e-02
-9.168577681029e+00,4.187292195959e+00,5.472112680868e-02
-9.168269827086e+00,1.850382073802e+00,8.005175760065e-02
-9.168137226649e+00,1.093750035002e-01,8.234275250411e-02
-9.168096918962e+00,3.519708253944e+00,6.929077296509e-02
-9.167905884807e+00,7.656250245003e-01,8.199915845397e-02
-9.167360616444e+00,1.406250045003e-01,8.234693618673e-02
-9.166584006240e+00,1.718750055004e-01,8.234948590643e-02
-9.165981045754e+00,4.255037837590e+00,5.240590616567e-02
-9.165816376901e+00,2.329553986334e+00,7.842293145844e-02
-9.165807396035e+00,2.031250065004e-01,8.235102211824e-02
-9.165554732783e+00,7.968750255002e-01,8.199673167501e-02
-9.165459919113e+00,3.454012498011e+00,7.021796390706e-02
-9.165030785830e+00,2.343750075005e-01,8.235154541374e-02
-9.164396370862e+00,3.070289658685e+00,7.407509550682e-02
-9.164254175626e+00,2.656250085005e-01,8.235105598992e-02
-9.164237756021e+00,1.555247456889e+00,8.084807731810e-02
-9.164112211191e+00,2.634330307782e+00,7.699182475623e-02
-9.163477565421e+00,2.968750095005e-01,8.234955364926e-02
-9.163264664447e+00,1.145678908248e+00,8.160011064217e-02
-9.163214601302e+00,2.819579715894e+00,7.591505941101e-02
-9.163203580760e+00,8.281250265001e-01,8.199323880229e-02
-9.163191472358e+00,1.731667450159e+00,8.044425273429e-02
-9.162967112356e+00,4.674838681490e+00,2.511960730597e-02
-9.162893736617e+00,4.322948941324e+00,4.982895339236e-02
-9.162700955217e+00,3.281250105004e-01,8.234703779941e-02
-9.162362666828e+00,3.388523319909e+00,7.108557574053e-02
-9.161924345012e+00,3.593750115003e-01,8.234350745271e-02
-9.161882847776e+00,1.379296350273e+00,8.123148809354e-02
-9.161377829768e+00,2.450261947066e+00,7.796814264207e-02
-9.161147734807e+00,3.906250125002e-01,8.233896122547e-02
-9.160852428736e+00,8.593750275000e-01,8.198867840918e-02
-9.160371124603e+00,4.218750135002e-01,8.233242211911e-02
-9.159594514398e+00,4.531250145001e-01,8.232471112151e-02
-9.159313382831e+00,4.391021917048e+00,4.694330420855e-02
-9.158817904193e+00,4.843750155000e-01,8.231586075406e-02
-9.158807854628e+00,3.323243976747e+00,7.190084939725e-02
-9.158637882713e+00,3.005937029915e+00,7.472170303276e-02
-9.158501276712e+00,8.906250285000e-01,8.198304863997e-02
-9.157747052092e+00,2.027807953477e+00,7.967066547129e-02
-9.157261583054e+00,5.156250165000e-01,8.231478273590e-02
-9.157164838613e+00,2.147438993826e+00,7.927286584465e-02
-9.156817291279e+00,1.908572660187e+00,8.005149513056e-02
-9.156815419176e+00,4.743826630413e+00,1.830934809920e-02
-9.156178064119e+00,1.203881262659e+00,8.159937300397e-02
-9.156150124688e+00,9.218750295000e-01,8.197493860423e-02
-9.155743095772e+00,2.755987924924e+00,7.646699600452e-02
-9.155388880573e+00,2.571296191017e+00,7.749165644071e-02
-9.155237639905e+00,4.459253150364e+00,4.369004411497e-02
-9.155060032894e+00,2.267446330174e+00,7.885732764606e-02
-9.154925550978e+00,5.468750175001e-01,8.232148029507e-02
-9.154798198190e+00,3.258177698707e+00,7.266831455197e-02
-9.154628559507e+00,1.613426408098e+00,8.084711848474e-02
-9.153798972665e+00,9.531250305000e-01,8.197115949337e-02
-9.153365146837e+00,1.437475728014e+00,8.123090415517e-02
-9.152589518903e+00,5.781250185001e-01,8.232715169290e-02
-9.152480632061e+00,1.789824433901e+00,8.044370908137e-02
-9.152437292295e+00,2.941812908639e+00,7.533422294743e-02
-9.151447820641e+00,9.843750315000e-01,8.195675099400e-02
-9.151422270756e+00,2.387810296982e+00,7.842284738178e-02
-9.150664190012e+00,4.527639002479e+00,3.999424918397e-02
-9.150562869687e+00,3.843151209280e+00,6.482466765383e-02
-9.150441133811e+00,3.909850806925e+00,6.348192263546e-02
-9.150336436136e+00,3.193327688828e+00,7.339200061520e-02
-9.150253486828e+00,6.093750195001e-01,8.233179921703e-02
-9.150209840106e+00,3.776638495925e+00,6.606664250817e-02
-9.150155914494e+00,4.812953903528e+00,1.009694992377e-02
-9.149842105564e+00,3.976733856542e+00,6.202566053261e-02
-9.149384596709e+00,3.710316073465e+00,6.721875478636e-02
-9.148763283001e+00,4.043796900258e+00,6.044089031068e-02
-9.148741300719e+00,1.262039836803e+00,8.159858751422e-02
-9.148089715535e+00,3.644187322877e+00,6.829039296006e-02
-9.147917454753e+00,6.406250205001e-01,8.233542475097e-02
-9.147839822521e+00,2.692636500057e+00,7.699189677118e-02
-9.147202189416e+00,4.111036454724e+00,5.870986022443e-02
-9.147175989075e+00,1.029068010789e+00,8.195264069478e-02
-9.146327796836e+00,3.578255599223e+00,6.928968195321e-02
-9.146241445543e+00,2.508511017928e+00,7.796811098455e-02
-9.145797447028e+00,2.877920368449e+00,7.591525208379e-02
-9.145590742094e+00,4.596175810636e+00,3.575915166928e-02
-9.145581422678e+00,6.718750215001e-01,8.233730388184e-02
-9.145425329730e+00,3.128697122997e+00,7.407550259685e-02
-9.145208816877e+00,2.085953676151e+00,7.967045482069e-02
-9.145156373453e+00,4.178449011578e+00,5.681139162853e-02
-9.145010384928e+00,1.966692381026e+00,8.005124385958e-02
-9.144666937698e+00,1.671545940990e+00,8.084614296736e-02
-9.144496223576e+00,1.495602472100e+00,8.123028757482e-02
-9.144101464984e+00,3.512524231122e+00,7.021887272930e-02
-9.143892334664e+00,2.205601376993e+00,7.927269843620e-02
-9.143245390603e+00,7.031250225002e-01,8.233786871894e-02
-9.142986419839e+00,4.882216736932e+00,1.150235544230e-05
-9.142623409283e+00,4.246031037721e+00,5.472001009480e-02
-9.141416295047e+00,1.847915152494e+00,8.044316688691e-02
-9.141413368148e+00,3.446996520788e+00,7.108636730741e-02
-9.141050441341e+00,2.325615957964e+00,7.885720634635e-02
-9.140954647461e+00,1.320152498267e+00,8.159775424466e-02
-9.140928066995e+00,1.562500050003e-02,8.264933751224e-02
-9.140909358528e+00,7.343750235002e-01,8.233741460638e-02
-9.140809203268e+00,1.087184870059e+00,8.195176884193e-02
-9.140156483394e+00,4.687500150007e-02,8.265659624548e-02
-9.140067662609e+00,3.064289149892e+00,7.472203711244e-02
-9.140015031994e+00,4.664859888492e+00,3.085755351979e-02
-9.139600896986e+00,4.313778975148e+00,5.240479804361e-02
-9.139507711631e+00,2.629528410297e+00,7.749168091770e-02
-9.139384899792e+00,7.812500250012e-02,8.266287621788e-02
-9.138721215774e+00,2.814262455185e+00,7.646713246027e-02
-9.138613316191e+00,1.093750035002e-01,8.266817990275e-02
-9.138573326453e+00,7.656250245003e-01,8.233594134508e-02
-9.138266177981e+00,3.381675744091e+00,7.190153474946e-02
-9.137841732589e+00,1.406250045003e-01,8.267201849915e-02
-9.137070148988e+00,1.718750055004e-01,8.267440663408e-02
-9.136672895327e+00,2.445977680049e+00,7.842277531159e-02
-9.136298565387e+00,2.031250065004e-01,8.267582398491e-02
-9.136237294378e+00,7.968750255002e-01,8.233344833684e-02
-9.136086462657e+00,4.381689241392e+00,4.982785887862e-02
-9.135526981785e+00,2.343750075005e-01,8.267627108700e-02
-9.135276405164e+00,1.553674443831e+00,8.122963843699e-02
-9.134755398184e+00,2.656250085005e-01,8.267574810567e-02
-9.134662589436e+00,3.316565150241e+00,7.266890344549e-02
-9.134353259121e+00,1.729603909632e+00,8.084515080864e-02
-9.134266240523e+00,3.000106890895e+00,7.533449014372e-02
-9.134093987619e+00,1.145262471600e+00,8.195083539063e-02
-9.133983814582e+00,2.968750095005e-01,8.267425483639e-02
-9.133934822762e+00,4.733687526115e+00,2.511884403935e-02
-9.133901262303e+00,8.281250265001e-01,8.232993458369e-02
-9.133212230981e+00,3.281250105004e-01,8.267179070444e-02
-9.132849546419e+00,2.024739078321e+00,8.005100378926e-02
-9.132818390514e+00,1.378217116545e+00,8.159687327447e-02
-9.132440647380e+00,3.593750115003e-01,8.266835476450e-02
-9.132316365483e+00,2.144021888433e+00,7.967025556432e-02
-9.132077758638e+00,4.449758229680e+00,4.694222998008e-02
-9.131669063778e+00,3.906250125002e-01,8.266363922374e-02
-9.131565230228e+00,8.593750275000e-01,8.232539868694e-02
-9.131211488648e+00,2.750842186580e+00,7.699198145232e-02
-9.130897480177e+00,4.218750135002e-01,8.265728422009e-02
-9.130749713816e+00,2.566666595876e+00,7.796809154811e-02
-9.130605320582e+00,3.251667961501e+00,7.339250169833e-02
-9.130265388133e+00,2.263681742265e+00,7.927254262130e-02
-9.130125896575e+00,4.531250145001e-01,8.264984268058e-02
-9.129998871580e+00,1.905937453591e+00,8.044262617337e-02
-9.129354312974e+00,4.843750155000e-01,8.264130926350e-02
-9.129229198153e+00,8.906250285000e-01,8.231983884576e-02
-9.128023891213e+00,2.936153439568e+00,7.591545788955e-02
-9.127808065110e+00,5.156250165000e-01,8.264016709936e-02
-9.127572463875e+00,4.517982308838e+00,4.368899913836e-02
-9.127347904853e+00,4.802654990208e+00,1.830875123223e-02
-9.127030587753e+00,1.203298693499e+00,8.194984039981e-02
-9.126893166078e+00,9.218750295000e-01,8.231144630780e-02
-9.126840198181e+00,3.835132570723e+00,6.606555023350e-02
-9.126776459755e+00,3.901666422492e+00,6.482357073530e-02
-9.126686239141e+00,2.383699039536e+00,7.885709684429e-02
-9.126430314516e+00,3.768786006074e+00,6.721766770929e-02
-9.126236569511e+00,3.968384136846e+00,6.348082181078e-02
-9.126097112370e+00,3.186987372972e+00,7.407592355956e-02
-9.125706031794e+00,1.611689506491e+00,8.122895683236e-02
-9.125549363155e+00,3.702630127359e+00,6.828931148997e-02
-9.125487152984e+00,5.468750175001e-01,8.264641952316e-02
-9.125218022644e+00,4.035282263666e+00,6.202455677346e-02
-9.124557134003e+00,9.531250305000e-01,8.230736760779e-02
-9.124332829085e+00,1.436231562468e+00,8.159594469054e-02
-9.124199922833e+00,3.636668307754e+00,6.928860638734e-02
-9.123718339539e+00,4.102357327333e+00,6.043978489068e-02
-9.123687905422e+00,1.787598170067e+00,8.084414205537e-02
-9.123271176771e+00,2.687662552143e+00,7.749171783555e-02
-9.123166240857e+00,5.781250185001e-01,8.265168928973e-02
-9.122568284034e+00,4.586357823703e+00,3.999324563155e-02
-9.122384596460e+00,3.570903894480e+00,7.021979673533e-02
-9.122221101928e+00,9.843750315000e-01,8.229359053101e-02
-9.121735065876e+00,4.169605827196e+00,5.870875480856e-02
-9.121568799932e+00,2.504053968972e+00,7.842271524831e-02
-9.121343464165e+00,2.872431861487e+00,7.646728181249e-02
-9.121140728341e+00,3.122526552599e+00,7.472238481245e-02
-9.120845328731e+00,6.093750195001e-01,8.265597848463e-02
-9.120335227341e+00,2.082710596497e+00,8.005077492103e-02
-9.120252096317e+00,4.871758524367e+00,1.009659382858e-02
-9.120106011006e+00,3.505340208300e+00,7.108717379095e-02
-9.119619262280e+00,1.261291414878e+00,8.194878393736e-02
-9.119265772811e+00,4.237024237852e+00,5.681028839251e-02
-9.119070176911e+00,2.202010432795e+00,7.967006770350e-02
-9.118524416605e+00,6.406250205001e-01,8.265899860537e-02
-9.118228785012e+00,1.963889187457e+00,8.044208696460e-02
-9.117965630282e+00,1.028984623839e+00,8.228889689716e-02
-9.117366817184e+00,3.439980543565e+00,7.190223475214e-02
-9.117062951632e+00,4.654881095495e+00,3.575820628445e-02
-9.116308057354e+00,4.304609008972e+00,5.471891188609e-02
-9.116284505781e+00,2.321677929594e+00,7.927239840086e-02
-9.116203504479e+00,6.718750215001e-01,8.266035370004e-02
-9.115785456635e+00,1.669645525715e+00,8.122824285764e-02
-9.115738954356e+00,3.058288641098e+00,7.533477071342e-02
-9.115498275319e+00,1.494193708917e+00,8.159496858736e-02
-9.114903212072e+00,2.624726512813e+00,7.796808433284e-02
-9.114227830245e+00,2.808945194477e+00,7.699207879913e-02
-9.114169689133e+00,3.374828168273e+00,7.266950672594e-02
-9.113882592352e+00,7.031250225002e-01,8.266073231974e-02
-9.112859542483e+00,4.372356565735e+00,5.240370860121e-02
-9.112671271286e+00,1.845526580810e+00,8.084311675823e-02
-9.112645243140e+00,4.940994349014e+00,1.150235541259e-05
-9.111967960886e+00,2.441693413032e+00,7.885699914056e-02
-9.111860282665e+00,1.319238516948e+00,8.194766607988e-02
-9.111617565104e+00,1.086934832029e+00,8.228781731796e-02
-9.111561680226e+00,7.343750235003e-01,8.266013459366e-02
-9.111389076727e+00,1.562500050003e-02,8.296211640413e-02
-9.111054226348e+00,4.723548421816e+00,3.085668970378e-02
-9.110622519729e+00,4.687500150007e-02,8.296902273635e-02
-9.110517324245e+00,3.309886323736e+00,7.339301690821e-02
-9.109894598333e+00,2.994276751876e+00,7.591567682708e-02
-9.109855962730e+00,7.812500250012e-02,8.297499100166e-02
-9.109240768100e+00,7.656250245003e-01,8.265856027678e-02
-9.109089405732e+00,1.093750035002e-01,8.298002350282e-02
-9.108917877371e+00,4.440263308996e+00,4.982678313896e-02
-9.108322848734e+00,1.406250045003e-01,8.298354713958e-02
-9.107556291736e+00,1.718750055004e-01,8.298578475677e-02
-9.107467892353e+00,2.140604783040e+00,8.005055725626e-02
-9.106919855973e+00,7.968750255002e-01,8.265600874958e-02
-9.106789734738e+00,2.031250065004e-01,8.298709168763e-02
-9.106679881524e+00,2.745696448236e+00,7.749176719400e-02
-9.106412442974e+00,3.245158224294e+00,7.407635839266e-02
-9.106315054306e+00,1.552101430772e+00,8.159394506692e-02
-9.106110547058e+00,2.562037000735e+00,7.842266719232e-02
-9.106106471794e+00,2.021768206921e+00,8.044154928586e-02
-9.106023177740e+00,2.343750075005e-01,8.298746841651e-02
-9.105515045885e+00,1.727540369105e+00,8.122749661519e-02
-9.105470743373e+00,2.259917154357e+00,7.966989123939e-02
-9.105256620742e+00,2.656250085005e-01,8.298691508043e-02
-9.104923310791e+00,1.144846034952e+00,8.228666371192e-02
-9.104598943847e+00,8.281250265001e-01,8.265247901751e-02
-9.104539895211e+00,4.792356076888e+00,2.511809512777e-02
-9.104490063743e+00,2.968750095005e-01,8.298543146923e-02
-9.104480737739e+00,4.508325615197e+00,4.694117450746e-02
-9.103753933252e+00,1.377137882817e+00,8.194648691276e-02
-9.103723506745e+00,3.281250105004e-01,8.298301702514e-02
-9.103610490132e+00,2.930493970496e+00,7.646744406030e-02
-9.103117526675e+00,3.827113932167e+00,6.721659672676e-02
-9.103111785699e+00,3.893482038059e+00,6.606447438054e-02
-9.102956949747e+00,3.593750115003e-01,8.297967084248e-02
-9.102650788926e+00,3.760933516224e+00,6.828824579143e-02
-9.102631033458e+00,3.960034417150e+00,6.482249056794e-02
-9.102278031721e+00,8.593750275000e-01,8.264796971002e-02
-9.102190392749e+00,3.906250125002e-01,8.297478495673e-02
-9.101950207525e+00,2.379587782089e+00,7.927226577571e-02
-9.101857788604e+00,3.180647057117e+00,7.472274613092e-02
-9.101714129600e+00,3.694944181252e+00,6.928754627409e-02
-9.101672762288e+00,4.026767627073e+00,6.347973806485e-02
-9.101423835751e+00,4.218750135002e-01,8.296863974429e-02
-9.101303764406e+00,1.903387003005e+00,8.084207497181e-02
-9.100657278753e+00,4.531250145001e-01,8.296145234758e-02
-9.100310130132e+00,3.629149292630e+00,7.022073591943e-02
-9.100234489663e+00,4.093678199941e+00,6.202347041560e-02
-9.099957119594e+00,8.906250285000e-01,8.264247907921e-02
-9.099890721754e+00,4.843750155000e-01,8.295321768632e-02
-9.099545825973e+00,4.576539836770e+00,4.368797273918e-02
-9.098702531021e+00,2.682688604228e+00,7.796808933883e-02
-9.098441396084e+00,3.563552189738e+00,7.108799518707e-02
-9.098354547167e+00,5.156250165000e-01,8.295201764380e-02
-9.098313758300e+00,4.160762642814e+00,6.043869718458e-02
-9.097883111387e+00,1.202716124339e+00,8.228543613599e-02
-9.097636207468e+00,9.218750295000e-01,8.263385670904e-02
-9.097517772795e+00,4.861300311801e+00,1.830816581128e-02
-9.096896154321e+00,2.499596920016e+00,7.885691323582e-02
-9.096889481302e+00,2.866943354525e+00,7.699218881102e-02
-9.096856126953e+00,3.116355982201e+00,7.533506465474e-02
-9.096783504082e+00,1.609952604884e+00,8.159287423905e-02
-9.096110557028e+00,3.498156185479e+00,7.190294940163e-02
-9.096048754989e+00,5.468750175001e-01,8.295785563620e-02
-9.095908136340e+00,4.228017437983e+00,5.870766740254e-02
-9.095315295342e+00,9.531250305000e-01,8.262873803574e-02
-9.095300511334e+00,1.434987396921e+00,8.194524653034e-02
-9.094895178783e+00,1.785371906233e+00,8.122613754268e-02
-9.094248019158e+00,2.198419488596e+00,8.005035079641e-02
-9.094110871270e+00,4.644902302498e+00,3.999226025028e-02
-9.093742962811e+00,5.781250185001e-01,8.296275178398e-02
-9.093632381512e+00,2.079572367224e+00,8.044101316381e-02
-9.093320266219e+00,3.432964566343e+00,7.267012438975e-02
-9.093015217723e+00,4.295439042795e+00,5.680920343617e-02
-9.092994383215e+00,9.843750315000e-01,8.261632652688e-02
-9.091518570220e+00,2.317739901224e+00,7.966972617303e-02
-9.091437170634e+00,6.093750195001e-01,8.296670798937e-02
-9.091410246102e+00,3.052288132304e+00,7.591590889501e-02
-9.090497223840e+00,1.260542992953e+00,8.228413465707e-02
-9.090298712513e+00,2.619924615328e+00,7.842263114384e-02
-9.090073200284e+00,3.367980592455e+00,7.339354624163e-02
-9.089985701553e+00,4.930377354460e+00,1.009624469928e-02
-9.089734444716e+00,2.803627933769e+00,7.749182899275e-02
-9.089632622309e+00,4.363023890078e+00,5.471783218761e-02
-9.089585805477e+00,1.961177300397e+00,8.084101675470e-02
-9.089131378456e+00,6.406250205001e-01,8.296892469050e-02
-9.088755271490e+00,1.028901236890e+00,8.261112905647e-02
-9.088173629933e+00,4.713409317518e+00,3.575727834021e-02
-9.087263026445e+00,2.437409146015e+00,7.927214474669e-02
-9.086903975571e+00,1.667745110439e+00,8.159175622116e-02
-9.086825586279e+00,6.718750215001e-01,8.297006821082e-02
-9.086500327062e+00,1.492784945734e+00,8.194394503586e-02
-9.086372059054e+00,3.303207497230e+00,7.407680709357e-02
-9.085757996104e+00,4.430768388312e+00,5.240263784340e-02
-9.085522956143e+00,2.988446612856e+00,7.646761920275e-02
-9.084519794101e+00,7.031250225002e-01,8.297027532775e-02
-9.083926247526e+00,1.843138009125e+00,8.122467502401e-02
-9.082765917870e+00,1.318324535629e+00,8.228275935177e-02
-9.082425926941e+00,1.086684794000e+00,8.260986181645e-02
-9.082219565366e+00,3.238648487088e+00,7.472312106589e-02
-9.082214001924e+00,7.343750235003e-01,8.296954610774e-02
-9.082148274400e+00,2.740550709892e+00,7.796810656604e-02
-9.081941552095e+00,4.999583409684e+00,1.150235519386e-05
-9.081850086459e+00,1.562500050003e-02,8.326207890145e-02
-9.081731885569e+00,4.782057163568e+00,3.085584212987e-02
-9.081471380301e+00,2.557407405594e+00,7.885683913057e-02
-9.081389011603e+00,4.498668921555e+00,4.982572617883e-02
-9.081088556064e+00,4.687500150007e-02,8.326865518298e-02
-9.080806976756e+00,2.137299526656e+00,8.044047862649e-02
-9.080676098612e+00,2.256152566448e+00,8.005015554275e-02
-9.080327025669e+00,7.812500250012e-02,8.327433162286e-02
-9.079908209746e+00,7.656250245003e-01,8.296788026578e-02
-9.079565495274e+00,1.093750035002e-01,8.327911036769e-02
-9.079447111642e+00,3.885297653625e+00,6.721554184455e-02
-9.079394855170e+00,3.819095293611e+00,6.828719586974e-02
-9.079197089051e+00,2.924834501425e+00,7.699231148735e-02
-9.079025497405e+00,3.951684697454e+00,6.606341495570e-02
-9.078871263336e+00,3.753081026373e+00,6.928650161983e-02
-9.078803964879e+00,1.406250045003e-01,8.328234602833e-02
-9.078127501931e+00,4.018252990481e+00,6.482142715739e-02
-9.078042434484e+00,1.718750055004e-01,8.328444326395e-02
-9.077878896045e+00,3.687258235146e+00,7.022052586198e-02
-9.077618464838e+00,3.174306741261e+00,7.533537196609e-02
-9.077602417568e+00,7.968750255002e-01,8.296527716503e-02
-9.077517828216e+00,2.018895339277e+00,8.083994216950e-02
-9.077353703448e+00,1.550528417714e+00,8.194258254132e-02
-9.077280904089e+00,2.031250065004e-01,8.328564749503e-02
-9.077214175910e+00,2.375476524642e+00,7.966957250536e-02
-9.076750639786e+00,4.084999072550e+00,6.347867140316e-02
-9.076676832648e+00,1.725476828578e+00,8.159059113813e-02
-9.076523367913e+00,4.566721849837e+00,4.694013779590e-02
-9.076519373694e+00,2.343750075005e-01,8.328595915974e-02
-9.076420337431e+00,3.621630277506e+00,7.108883149067e-02
-9.075757843299e+00,2.656250085005e-01,8.328537836975e-02
-9.075752633963e+00,1.144429598304e+00,8.260850920798e-02
-9.075296625391e+00,8.281250265001e-01,8.296173581640e-02
-9.074996312904e+00,2.968750095005e-01,8.328390491038e-02
-9.074892450724e+00,4.151919458432e+00,6.202240146453e-02
-9.074783449273e+00,4.850842099235e+00,2.511736057390e-02
-9.074689475990e+00,1.376058649089e+00,8.228131030643e-02
-9.074498195708e+00,3.556200484996e+00,7.190367869428e-02
-9.074234782509e+00,3.281250105004e-01,8.328153824022e-02
-9.074133885271e+00,2.677714656314e+00,7.842260710313e-02
-9.073473252115e+00,3.593750115003e-01,8.327827749077e-02
-9.072990833213e+00,8.593750275000e-01,8.295725487749e-02
-9.072711721720e+00,3.906250125002e-01,8.327325331591e-02
-9.072608657231e+00,1.900836552419e+00,8.122317961009e-02
-9.072571525564e+00,3.110185411803e+00,7.591615409186e-02
-9.072550499869e+00,4.219010638114e+00,6.043762719801e-02
-9.072435498439e+00,2.861454847563e+00,7.749190323143e-02
-9.072223508710e+00,2.495139871061e+00,7.927203531459e-02
-9.072115103050e+00,3.490972162657e+00,7.267075643367e-02
-9.071950191325e+00,4.218750135002e-01,8.326730638352e-02
-9.071188660930e+00,4.531250145001e-01,8.326035898388e-02
-9.071158790908e+00,4.634923509500e+00,4.368696492168e-02
-9.070685041035e+00,8.906250285000e-01,8.295183265134e-02
-9.070427130535e+00,4.843750155000e-01,8.325240628011e-02
-9.069722378092e+00,4.286269076619e+00,5.870659801200e-02
-9.069273715255e+00,3.425948589120e+00,7.339408969543e-02
-9.068901029223e+00,5.156250165000e-01,8.325115403155e-02
-9.068735635022e+00,1.202133555180e+00,8.260707128265e-02
-9.068379248858e+00,9.218750295000e-01,8.294302591242e-02
-9.067860976369e+00,1.608215703278e+00,8.194115916788e-02
-9.067630733085e+00,2.194947546654e+00,8.043994570348e-02
-9.067326159967e+00,4.919760359906e+00,1.830759183851e-02
-9.067081537849e+00,3.046287623511e+00,7.646780723875e-02
-9.066752634659e+00,2.313801872853e+00,8.004997149645e-02
-9.066610356994e+00,5.468750175001e-01,8.325660571348e-02
-9.066405702135e+00,4.353691214422e+00,5.680813676465e-02
-9.066268193583e+00,1.433743231375e+00,8.227978761731e-02
-9.066102452145e+00,1.783145642400e+00,8.158937912260e-02
-9.066073456680e+00,9.531250305000e-01,8.293700403135e-02
-9.065976711436e+00,3.361133016637e+00,7.407726965948e-02
-9.065694212953e+00,2.615122717844e+00,7.885677682519e-02
-9.065293033519e+00,4.703270213219e+00,3.999129304406e-02
-9.065241059187e+00,2.798310673061e+00,7.796813601436e-02
-9.065100279392e+00,2.076538988333e+00,8.083885128262e-02
-9.064319684765e+00,5.781250185001e-01,8.326115388845e-02
-9.063767664503e+00,9.843750315000e-01,8.292581466159e-02
-9.062598114838e+00,4.421273467628e+00,5.471677100438e-02
-9.062558092004e+00,2.433124878999e+00,7.966943023736e-02
-9.062226793863e+00,3.296528670724e+00,7.472350961511e-02
-9.062029012537e+00,6.093750195001e-01,8.326445262805e-02
-9.061375185401e+00,1.259794571027e+00,8.260554810265e-02
-9.061151313953e+00,2.982616473837e+00,7.699244682740e-02
-9.060942825942e+00,1.958465413337e+00,8.122165138322e-02
-9.059738340308e+00,6.406250205001e-01,8.326629946052e-02
-9.059544912697e+00,1.028817849941e+00,8.292018279090e-02
-9.059357884676e+00,4.988808157853e+00,1.009590253693e-02
-9.058923875928e+00,4.771758250249e+00,3.575636784016e-02
-9.058297285466e+00,4.489012227914e+00,5.240158577572e-02
-9.058026687758e+00,3.232138749882e+00,7.533569264578e-02
-9.058022494507e+00,1.665844695163e+00,8.193967504558e-02
-9.057616667276e+00,2.735404971548e+00,7.842259507037e-02
-9.057502378804e+00,1.491376182551e+00,8.227819139057e-02
-9.057447668079e+00,6.718750215002e-01,8.326724722291e-02
-9.056832213543e+00,2.552777810454e+00,7.927193748009e-02
-9.055782437586e+00,3.877113269192e+00,6.828616173058e-02
-9.055672183663e+00,3.811076655054e+00,6.928547242976e-02
-9.055419961351e+00,3.943334977757e+00,6.721450306900e-02
-9.055181223765e+00,1.840749437440e+00,8.158812031507e-02
-9.055156995850e+00,7.031250225002e-01,8.326729625652e-02
-9.055091737746e+00,3.745228536522e+00,7.021950184676e-02
-9.054783687969e+00,2.919175032353e+00,7.749198990960e-02
-9.054582241575e+00,4.009738353889e+00,6.606237196459e-02
-9.054104139148e+00,2.252514291277e+00,8.043941442571e-02
-9.054043662491e+00,3.679572289040e+00,7.108968269618e-02
-9.053671553074e+00,1.317410554309e+00,8.260393974055e-02
-9.053500909853e+00,4.556903862904e+00,4.982468800358e-02
-9.053379141072e+00,3.167966425406e+00,7.591641241630e-02
-9.053266789910e+00,4.076319945158e+00,6.482038050911e-02
-9.053234288777e+00,1.086434755971e+00,8.291874591756e-02
-9.052866323621e+00,7.343750235003e-01,8.326644657214e-02
-9.052530544730e+00,3.614111262382e+00,7.190442262556e-02
-9.052478144295e+00,2.371365267195e+00,8.004979865856e-02
-9.052333618690e+00,2.134106119281e+00,8.083774416451e-02
-9.052311096190e+00,1.562500050003e-02,8.354999128844e-02
-9.052049125752e+00,4.840383886670e+00,3.085501080130e-02
-9.051554592398e+00,4.687500150007e-02,8.355625806945e-02
-9.051471143148e+00,4.143076274050e+00,6.347762183116e-02
-9.050876518395e+00,5.057981683115e+00,1.150235514488e-05
-9.050798088607e+00,7.812500250012e-02,8.356166096052e-02
-9.050575651392e+00,7.656250245003e-01,8.326469785000e-02
-9.050554995331e+00,3.548848780253e+00,7.267140285441e-02
-9.050041584815e+00,1.093750035002e-01,8.356620196497e-02
-9.049565239522e+00,2.672740708399e+00,7.885672632011e-02
-9.049285081024e+00,1.406250045003e-01,8.356917387447e-02
-9.049192863397e+00,4.210003838246e+00,6.202134992585e-02
-9.048929184639e+00,2.016022471633e+00,8.122009043177e-02
-9.048528577232e+00,1.718750055004e-01,8.357114002754e-02
-9.048392352590e+00,1.548955404655e+00,8.227652174214e-02
-9.048286924175e+00,3.104014841405e+00,7.646800816708e-02
-9.048284979163e+00,7.968750255002e-01,8.326204943948e-02
-9.048206710546e+00,4.624944716503e+00,4.693911984987e-02
-9.048119649072e+00,3.483788139836e+00,7.339464726670e-02
-9.047981515575e+00,2.855966340601e+00,7.796817768361e-02
-9.047838619412e+00,1.723413288052e+00,8.193813031330e-02
-9.047772073440e+00,2.031250065004e-01,8.357224863151e-02
-9.047550863098e+00,2.490682822105e+00,7.966929936995e-02
-9.047015569649e+00,2.343750075005e-01,8.357250008259e-02
-9.046581957135e+00,1.144013161656e+00,8.291721332184e-02
-9.046429538460e+00,4.277099110443e+00,6.043657493661e-02
-9.046259065857e+00,2.656250085005e-01,8.357189446973e-02
-9.045994306934e+00,8.281250265001e-01,8.325850035857e-02
-9.045625018728e+00,1.374979415362e+00,8.260224627943e-02
-9.045502562065e+00,2.968750095005e-01,8.357043157475e-02
-9.045227164290e+00,3.418932611898e+00,7.407774608761e-02
-9.044746058274e+00,3.281250105004e-01,8.356811087195e-02
-9.044666618380e+00,4.909143365352e+00,2.511664038066e-02
-9.043989554482e+00,3.593750115003e-01,8.356469344871e-02
-9.043913550056e+00,1.898286101832e+00,8.158681486356e-02
-9.043703634706e+00,8.593750275000e-01,8.325347974173e-02
-9.043233050690e+00,3.906250125002e-01,8.355979677924e-02
-9.043178781962e+00,4.344358538766e+00,5.870554664208e-02
-9.042752829595e+00,3.040287114717e+00,7.699259483032e-02
-9.042476546899e+00,4.218750135002e-01,8.355403747120e-02
-9.042412437105e+00,4.693131108921e+00,4.368597568993e-02
-9.041880222589e+00,3.354285440819e+00,7.472391177615e-02
-9.041720043107e+00,4.531250145001e-01,8.354731698165e-02
-9.041412962477e+00,8.906250285000e-01,8.324869459470e-02
-9.041089713394e+00,2.610320820360e+00,7.927185124368e-02
-9.040963539316e+00,4.843750155000e-01,8.353963070055e-02
-9.040747673658e+00,2.792993412353e+00,7.842259504561e-02
-9.040227696612e+00,2.309997627546e+00,8.043888482542e-02
-9.039588158656e+00,1.201550986020e+00,8.291558504718e-02
-9.039447511280e+00,5.156250165000e-01,8.353833138668e-02
-9.039438233571e+00,4.411778546945e+00,5.680708838297e-02
-9.039218318691e+00,2.191594606968e+00,8.083662088975e-02
-9.039122290248e+00,9.218750295000e-01,8.323974276770e-02
-9.038938448657e+00,1.606478801671e+00,8.227477879805e-02
-9.038081528671e+00,3.289849844219e+00,7.533602669190e-02
-9.037853157563e+00,2.428840611982e+00,8.004963703018e-02
-9.037309725506e+00,1.780919378566e+00,8.193652511895e-02
-9.037235875832e+00,1.432499065828e+00,8.260046781299e-02
-9.037171959000e+00,5.468750175001e-01,8.354342255547e-02
-9.036831618019e+00,9.531250305000e-01,8.323293741795e-02
-9.036779671763e+00,2.976786334818e+00,7.749208902675e-02
-9.036774217258e+00,4.978032906023e+00,1.830702931589e-02
-9.036568177271e+00,2.073505609442e+00,8.121849685003e-02
-9.036115866286e+00,4.761459336929e+00,3.999034401677e-02
-9.035205559330e+00,4.479355534272e+00,5.471572834199e-02
-9.034896406719e+00,5.781250185001e-01,8.354764627526e-02
-9.034540945790e+00,9.843750315000e-01,8.322284348791e-02
-9.033833810150e+00,3.225629012675e+00,7.591668386688e-02
-9.033085060151e+00,2.730259233205e+00,7.885668761565e-02
-9.032620854439e+00,6.093750195001e-01,8.355023185680e-02
-9.032299846408e+00,1.955753526277e+00,8.158546292379e-02
-9.032253146961e+00,1.259046149102e+00,8.291386114801e-02
-9.032193046786e+00,2.548148215313e+00,7.966917990396e-02
-9.032117763530e+00,3.868928884759e+00,6.928445870952e-02
-9.031949512157e+00,3.803058016498e+00,7.021849298920e-02
-9.031814425298e+00,3.934985258061e+00,6.828514338025e-02
-9.031312212156e+00,3.737376046671e+00,7.109054879923e-02
-9.031036981218e+00,4.001223717296e+00,6.721348040567e-02
-9.030478451792e+00,4.547085875971e+00,5.240055240364e-02
-9.030370286888e+00,2.913515563282e+00,7.796823157355e-02
-9.030345302159e+00,6.406250205001e-01,8.355186186594e-02
-9.030334553905e+00,1.028734462991e+00,8.321683796793e-02
-9.030208428936e+00,3.671886342933e+00,7.190518119049e-02
-9.029782940033e+00,4.067640817767e+00,6.606134541259e-02
-9.029314802230e+00,4.829925674104e+00,3.575547478800e-02
-9.029141013444e+00,1.663944279887e+00,8.227296269427e-02
-9.029139817306e+00,3.161626109550e+00,7.646822198664e-02
-9.028640752028e+00,3.606592247259e+00,7.267206364798e-02
-9.028504430547e+00,1.489967419368e+00,8.259860444551e-02
-9.028369813751e+00,5.047048706139e+00,1.009556734243e-02
-9.028069749879e+00,6.718750215002e-01,8.355262833763e-02
-9.028049835572e+00,4.134233089669e+00,6.481935062852e-02
-9.026611794955e+00,3.541497075511e+00,7.339521895255e-02
-9.026436200004e+00,1.838360865755e+00,8.193485961965e-02
-9.026001920127e+00,2.367395425588e+00,8.043835693624e-02
-9.025835226926e+00,4.200997038377e+00,6.347658935444e-02
-9.025794197599e+00,7.031250225002e-01,8.355253154437e-02
-9.025754864980e+00,2.249002328843e+00,8.083548153674e-02
-9.025254630184e+00,4.614965923506e+00,4.982366861780e-02
-9.024996593772e+00,2.667766760485e+00,7.927177660592e-02
-9.024577188279e+00,1.316496572990e+00,8.291204168972e-02
-9.024124195094e+00,3.476604117014e+00,7.407823637539e-02
-9.024042650614e+00,1.086184717941e+00,8.321524768709e-02
-9.024002322786e+00,3.097844271007e+00,7.699275549516e-02
-9.023860260625e+00,2.130912711907e+00,8.121687073842e-02
-9.023527532712e+00,2.850477833640e+00,7.842260702884e-02
-9.023518645319e+00,7.343750235003e-01,8.355157144754e-02
-9.023136698829e+00,4.267929144266e+00,6.202031580518e-02
-9.022878217487e+00,2.486225773149e+00,8.004948661234e-02
-9.022772105922e+00,1.562500050003e-02,8.382656016130e-02
-9.022020628733e+00,4.687500150007e-02,8.383253636781e-02
-9.022007076793e+00,4.898526370797e+00,3.085419572163e-02
-9.021269151545e+00,7.812500250012e-02,8.383768253868e-02
-9.021243093038e+00,7.656250245003e-01,8.354974769724e-02
-9.021180613326e+00,3.411916634675e+00,7.472432754657e-02
-9.020517674357e+00,1.093750035002e-01,8.384200054560e-02
-9.020340541063e+00,2.013149603989e+00,8.158348503511e-02
-9.019951861788e+00,4.335025863109e+00,6.043554040552e-02
-9.019766197168e+00,1.406250045003e-01,8.384473050098e-02
-9.019531840691e+00,4.682992004622e+00,4.693812067364e-02
-9.019451327301e+00,5.116186941166e+00,1.150235523127e-05
-9.019431001732e+00,1.547382391597e+00,8.259665629184e-02
-9.019014719980e+00,1.718750055004e-01,8.384657411628e-02
-9.019000406175e+00,1.721349747525e+00,8.227107357663e-02
-9.018967540758e+00,7.968750255002e-01,8.354705963208e-02
-9.018424121342e+00,3.034286605923e+00,7.749220058226e-02
-9.018263242791e+00,2.031250065004e-01,8.384759358284e-02
-9.017783733740e+00,3.347437865002e+00,7.533637410233e-02
-9.017511765603e+00,2.343750075005e-01,8.384778925871e-02
-9.017411280307e+00,1.143596725008e+00,8.321355222866e-02
-9.016760288415e+00,2.656250085005e-01,8.384716121252e-02
-9.016691988478e+00,8.281250265001e-01,8.354321203555e-02
-9.016560561466e+00,1.373900181634e+00,8.291012674868e-02
-9.016485213835e+00,2.605518922875e+00,7.966907184000e-02
-9.016278352304e+00,4.402283626261e+00,5.870451329785e-02
-9.016254288129e+00,2.787676151645e+00,7.885666071204e-02
-9.016008811226e+00,2.968750095005e-01,8.384570922344e-02
-9.015257334038e+00,3.281250105004e-01,8.384343278089e-02
-9.015218442881e+00,1.895735651246e+00,8.193313398143e-02
-9.014505856850e+00,3.593750115003e-01,8.383986220049e-02
-9.014416436198e+00,8.593750275000e-01,8.353792697668e-02
-9.014190549840e+00,4.967257654192e+00,2.511593455079e-02
-9.013936263480e+00,3.283171017713e+00,7.591696844199e-02
-9.013754379661e+00,3.906250125002e-01,8.383510974319e-02
-9.013307856645e+00,4.751160423609e+00,4.368500504812e-02
-9.013002902473e+00,4.218750135002e-01,8.382952817996e-02
-9.012408029573e+00,2.970956195798e+00,7.796829768385e-02
-9.012251425285e+00,4.531250145001e-01,8.382302247370e-02
-9.012140883918e+00,8.906250285000e-01,8.353299345083e-02
-9.012113833194e+00,4.469698840630e+00,5.680605829680e-02
-9.011943756078e+00,2.306327165300e+00,8.083432618778e-02
-9.011499948096e+00,4.843750155000e-01,8.381558822623e-02
-9.011427337328e+00,2.424705558641e+00,8.043783079327e-02
-9.010805904298e+00,2.188241667282e+00,8.121521220355e-02
-9.010440682291e+00,1.200968416860e+00,8.321175162570e-02
-9.010015920944e+00,1.604741900064e+00,8.259462347761e-02
-9.009993993336e+00,5.156250165000e-01,8.381424651211e-02
-9.009865331638e+00,9.218750295000e-01,8.352473529513e-02
-9.009640932542e+00,3.219119275469e+00,7.646844869624e-02
-9.008553453027e+00,2.725113494861e+00,7.927171356731e-02
-9.008516998867e+00,1.778693114733e+00,8.226911160104e-02
-9.008453089474e+00,3.860744500326e+00,7.021749929489e-02
-9.008226840652e+00,3.795039377941e+00,7.109142979550e-02
-9.008208889245e+00,3.926635538365e+00,6.928346046532e-02
-9.008203558080e+00,1.431254900282e+00,8.290811641233e-02
-9.008036075151e+00,2.070472230551e+00,8.158143555642e-02
-9.007733561005e+00,5.468750175001e-01,8.381900087067e-02
-9.007589779358e+00,9.531250305000e-01,8.351725148194e-02
-9.007553880028e+00,2.543518620172e+00,8.004934740603e-02
-9.007532686566e+00,3.729523556820e+00,7.190595438510e-02
-9.007491720861e+00,3.992709080704e+00,6.828414082422e-02
-9.007455993732e+00,4.537267889038e+00,5.471470420599e-02
-9.006580478708e+00,4.819467461539e+00,3.998941317245e-02
-9.006373195381e+00,3.664200396827e+00,7.267273880993e-02
-9.006299090157e+00,4.058961690375e+00,6.721247385992e-02
-9.005956885807e+00,2.907856094211e+00,7.842263102001e-02
-9.005863109108e+00,5.036115729163e+00,1.830647824511e-02
-9.005473128673e+00,5.781250185001e-01,8.382260688435e-02
-9.005314227077e+00,9.843750315000e-01,8.350814083163e-02
-9.004900493540e+00,3.155285793695e+00,7.699292882100e-02
-9.004750959327e+00,3.599073232135e+00,7.339580474942e-02
-9.004628527996e+00,4.125389905287e+00,6.606033530512e-02
-9.003656866873e+00,1.953041639217e+00,8.193134837935e-02
-9.003212696342e+00,6.093750195001e-01,8.382486593037e-02
-9.003131108522e+00,1.258297727176e+00,8.320984592256e-02
-9.002668594579e+00,3.534145370769e+00,7.407874052024e-02
-9.002477590455e+00,4.191990238508e+00,6.481833752117e-02
-9.002302549821e+00,4.604987130508e+00,5.239953773185e-02
-9.001124195112e+00,1.028651076042e+00,8.350181489724e-02
-9.000952264011e+00,6.406250205001e-01,8.382629441798e-02
-9.000427948022e+00,2.662792812570e+00,7.966897517876e-02
-9.000259532380e+00,1.662043864612e+00,8.259250613917e-02
-9.000128741116e+00,3.469420094192e+00,7.472475692410e-02
-8.999843859197e+00,4.258759178090e+00,6.347557397859e-02
-8.999717721397e+00,3.091673700609e+00,7.749232457540e-02
-8.999506482289e+00,1.488558656186e+00,8.290601077925e-02
-8.999347535207e+00,4.887909376243e+00,3.575459918773e-02
-8.999073549849e+00,2.844989326678e+00,7.885664560945e-02
-8.998691831679e+00,6.718750215002e-01,8.382689285141e-02
-8.997785503408e+00,2.363566999820e+00,8.083315492913e-02
-8.997691176243e+00,1.835972294070e+00,8.226707693360e-02
-8.997405590812e+00,2.245490366409e+00,8.121352135802e-02
-8.997134062362e+00,3.404900657452e+00,7.533673487496e-02
-8.997022670364e+00,5.105096778570e+00,1.009523911660e-02
-8.996724941614e+00,4.325693187452e+00,6.201929910767e-02
-8.996651244277e+00,4.672852900324e+00,4.982266802595e-02
-8.996504488753e+00,2.481925903357e+00,8.043730643306e-02
-8.996431399348e+00,7.031250225002e-01,8.382666144145e-02
-8.995482823483e+00,1.315582591671e+00,8.320783517483e-02
-8.995386902560e+00,2.127719304532e+00,8.157933862686e-02
-8.994851012450e+00,1.085934679912e+00,8.350008583814e-02
-8.994170967016e+00,7.343750235003e-01,8.382560010558e-02
-8.994095413089e+00,3.028286097130e+00,7.796837601412e-02
-8.993687244892e+00,3.340590289184e+00,7.591726613982e-02
-8.993233115653e+00,1.562500050003e-02,8.409243813117e-02
-8.993118471037e+00,4.392788705577e+00,6.043452360983e-02
-8.992486665068e+00,4.687500150007e-02,8.409814122079e-02
-8.991910534685e+00,7.656250245003e-01,8.382370846793e-02
-8.991880714275e+00,2.600717025391e+00,8.004921941196e-02
-8.991760902600e+00,2.782358890937e+00,7.927166212824e-02
-8.991751897486e+00,2.010276736346e+00,8.192950299753e-02
-8.991740214483e+00,7.812500250012e-02,8.410304619116e-02
-8.991606882422e+00,4.956482402361e+00,3.085339689412e-02
-8.990993763898e+00,1.093750035002e-01,8.410714026203e-02
-8.990499847004e+00,4.740861510289e+00,4.693714027161e-02
-8.990469650874e+00,1.545809378538e+00,8.290380995907e-02
-8.990247313313e+00,1.406250045003e-01,8.410966244832e-02
-8.990162192939e+00,1.719286206997e+00,8.259030442352e-02
-8.989790998289e+00,3.276492191207e+00,7.646868829451e-02
-8.989650102353e+00,7.968750255002e-01,8.382097205722e-02
-8.989500862728e+00,1.718750055004e-01,8.411139138957e-02
-8.989022107057e+00,4.460042146989e+00,5.870349798498e-02
-8.988754412143e+00,2.031250065004e-01,8.411232768253e-02
-8.988240603480e+00,1.143180288360e+00,8.349824296506e-02
-8.988036387383e+00,2.965126056779e+00,7.842266701897e-02
-8.988007961558e+00,2.343750075005e-01,8.411247165056e-02
-8.987667177928e+00,5.174196962844e+00,1.150235532023e-05
-8.987496104203e+00,1.372820947906e+00,8.320571944942e-02
-8.987389670022e+00,8.281250265001e-01,8.381658665410e-02
-8.987261510973e+00,2.656250085005e-01,8.411182334396e-02
-8.986523335707e+00,1.893185200660e+00,8.226496975043e-02
-8.986515060387e+00,2.968750095005e-01,8.411038254008e-02
-8.985768609802e+00,3.281250105004e-01,8.410814874289e-02
-8.985448054934e+00,3.212609538263e+00,7.699311480689e-02
-8.985129237690e+00,8.593750275000e-01,8.381136684139e-02
-8.985022159217e+00,3.593750115003e-01,8.410444952806e-02
-8.984788415417e+00,3.852560115893e+00,7.109145868411e-02
-8.984603353191e+00,3.918285818669e+00,7.021652076993e-02
-8.984504169146e+00,3.787020739385e+00,7.190674220550e-02
-8.984433535671e+00,4.527449902105e+00,5.680504651168e-02
-8.984275708632e+00,3.906250125002e-01,8.409983401075e-02
-8.984021845903e+00,2.719967756517e+00,7.966888992088e-02
-8.983946460504e+00,3.984194444112e+00,6.928247770259e-02
-8.983846155187e+00,4.809009248974e+00,4.368405300057e-02
-8.983753160976e+00,3.721671066969e+00,7.267342833666e-02
-8.983659815544e+00,2.302656703055e+00,8.121179832039e-02
-8.983529258047e+00,4.218750135002e-01,8.409442101832e-02
-8.983356404465e+00,5.025182752188e+00,2.511524308660e-02
-8.983280631297e+00,2.420719718976e+00,8.083196785109e-02
-8.982868805359e+00,8.906250285000e-01,8.380610293166e-02
-8.982815240280e+00,4.050282562983e+00,6.828315406781e-02
-8.982782807462e+00,4.531250145001e-01,8.408811884116e-02
-8.982537961827e+00,3.656514450721e+00,7.339640465336e-02
-8.982393489904e+00,2.184888727596e+00,8.157719437435e-02
-8.982036356877e+00,4.843750155000e-01,8.408092327917e-02
-8.981543484726e+00,2.902196625139e+00,7.885664230797e-02
-8.981293205925e+00,1.200385847700e+00,8.349628629898e-02
-8.981233927815e+00,2.539054339920e+00,8.043678389353e-02
-8.981207220420e+00,4.116546720905e+00,6.721148343706e-02
-8.981093393232e+00,1.603004998458e+00,8.290151407273e-02
-8.980861166626e+00,3.591554217011e+00,7.407925851905e-02
-8.980661169774e+00,3.148945477839e+00,7.749246100547e-02
-8.980608373028e+00,9.218750295000e-01,8.379867639483e-02
-8.980540475393e+00,5.156250165000e-01,8.407954340340e-02
-8.979724272228e+00,1.776466850899e+00,8.258801848851e-02
-8.979503973030e+00,2.067438851659e+00,8.192759802941e-02
-8.979350469459e+00,4.595008337511e+00,5.471369860114e-02
-8.979171240329e+00,1.430010734736e+00,8.320349882457e-02
-8.979119953983e+00,4.182983438639e+00,6.605934164764e-02
-8.978725394203e+00,3.526793666026e+00,7.472519990647e-02
-8.978347940696e+00,9.531250305000e-01,8.379060634265e-02
-8.978295163010e+00,5.468750175001e-01,8.408398276315e-02
-8.976687993620e+00,4.877292381689e+00,3.998850051549e-02
-8.976551019566e+00,4.249589211914e+00,6.481734119261e-02
-8.976133287138e+00,3.462236071371e+00,7.533710900780e-02
-8.976087508365e+00,9.843750315000e-01,8.378237948096e-02
-8.976049850627e+00,5.781250185001e-01,8.408694751527e-02
-8.975859302272e+00,2.657818864656e+00,8.004910263092e-02
-8.975433120008e+00,3.085503130211e+00,7.796846656382e-02
-8.975013887339e+00,1.950329752158e+00,8.226279023777e-02
-8.974619566985e+00,2.839500819716e+00,7.927162228901e-02
-8.974594013428e+00,5.094006615975e+00,1.830593862776e-02
-8.974009070082e+00,1.257549305251e+00,8.349421587227e-02
-8.973804538245e+00,6.093750195001e-01,8.408898743259e-02
-8.973770647862e+00,4.662713796025e+00,5.239854176491e-02
-8.973498021440e+00,4.316360511796e+00,6.347457570871e-02
-8.973087511397e+00,3.397884680230e+00,7.591757695854e-02
-8.971913836319e+00,1.028567689093e+00,8.377577984697e-02
-8.971559225862e+00,6.406250205001e-01,8.409022845106e-02
-8.971378051316e+00,1.660143449336e+00,8.289912325241e-02
-8.970508534032e+00,1.487149893003e+00,8.320117339000e-02
-8.969958589770e+00,4.383293784893e+00,6.201829983837e-02
-8.969766704835e+00,3.022285588336e+00,7.842271502551e-02
-8.969590756045e+00,3.333742713366e+00,7.646894077995e-02
-8.969569086689e+00,2.359738574053e+00,8.121004321533e-02
-8.969313913479e+00,6.718750215002e-01,8.409067100288e-02
-8.969056316644e+00,2.241978403975e+00,8.157500293456e-02
-8.969023215003e+00,4.945707150530e+00,3.575374104313e-02
-8.968946152482e+00,1.833583722385e+00,8.258564850296e-02
-8.968429676895e+00,2.477783212730e+00,8.083076504800e-02
-8.967691837362e+00,4.730562596969e+00,4.982168623253e-02
-8.967267517071e+00,2.777041630229e+00,7.966881606689e-02
-8.967068601096e+00,7.031250225002e-01,8.409031524338e-02
-8.966913544494e+00,2.124525897158e+00,8.192563367742e-02
-8.966388458688e+00,1.314668610351e+00,8.349203172874e-02
-8.965930380921e+00,4.450385453347e+00,6.043352455516e-02
-8.965659374287e+00,1.085684641882e+00,8.377392522079e-02
-8.965645733098e+00,3.269813364702e+00,7.699331345171e-02
-8.965616220986e+00,2.596088751350e+00,8.043626321381e-02
-8.965317649905e+00,5.162950161523e+00,1.009491786031e-02
-8.964823288714e+00,7.343750235003e-01,8.408916105110e-02
-8.963694125385e+00,1.562500050003e-02,8.434822888525e-02
-8.963664745193e+00,2.959295917759e+00,7.885665080762e-02
-8.963163253908e+00,2.007403868702e+00,8.226053859201e-02
-8.962952701403e+00,4.687500150007e-02,8.435367498555e-02
-8.962577976331e+00,7.656250245003e-01,8.408720802781e-02
-8.962211277421e+00,7.812500250012e-02,8.435835308957e-02
-8.961508300017e+00,1.544236365480e+00,8.319874324683e-02
-8.961469853439e+00,1.093750035002e-01,8.436218297853e-02
-8.961411077611e+00,4.517631915172e+00,5.870250070903e-02
-8.961323979702e+00,1.717222666470e+00,8.289663764151e-02
-8.961255177326e+00,3.206099801056e+00,7.749260987171e-02
-8.961123741361e+00,3.844375731460e+00,7.190754464687e-02
-8.961111831665e+00,4.798551036408e+00,4.693617864825e-02
-8.960997817138e+00,3.909936098973e+00,7.109049944429e-02
-8.960849699822e+00,5.014249775212e+00,3.085261432164e-02
-8.960781497640e+00,3.779002100829e+00,7.267413222468e-02
-8.960728429458e+00,1.406250045003e-01,8.436456795023e-02
-8.960401200148e+00,3.975679807519e+00,7.021555741971e-02
-8.960332663948e+00,7.968750255002e-01,8.408392574041e-02
-8.959987005476e+00,1.718750055004e-01,8.436618946511e-02
-8.959973635386e+00,3.713818577119e+00,7.339701866113e-02
-8.959490238779e+00,2.714822018173e+00,8.004899706370e-02
-8.959331390403e+00,4.041603435592e+00,6.928151042658e-02
-8.959245581494e+00,2.031250065004e-01,8.436704807302e-02
-8.959069926651e+00,1.142763851712e+00,8.377194889121e-02
-8.958702728272e+00,3.648828504614e+00,7.407979036829e-02
-8.958504157512e+00,2.343750075005e-01,8.436714406568e-02
-8.958431646941e+00,1.371741714178e+00,8.348973392357e-02
-8.958087351565e+00,8.281250265001e-01,8.407957315887e-02
-8.957828228532e+00,1.890634750074e+00,8.258319464650e-02
-8.957785912844e+00,4.107703536523e+00,6.828218311629e-02
-8.957762733530e+00,2.656250085005e-01,8.436647747701e-02
-8.957130083644e+00,2.896537156068e+00,7.927159404986e-02
-8.957021309548e+00,2.968750095005e-01,8.436504808312e-02
-8.956971373925e+00,3.584035201888e+00,7.472565649095e-02
-8.956421846007e+00,3.142605161984e+00,7.796856933244e-02
-8.956398389097e+00,4.585029544513e+00,5.680405303244e-02
-8.956279885567e+00,3.281250105004e-01,8.436276832913e-02
-8.955842039183e+00,8.593750275000e-01,8.407441761488e-02
-8.955762317512e+00,4.173976638771e+00,6.721050914256e-02
-8.955538461585e+00,3.593750115003e-01,8.435904901738e-02
-8.955525283172e+00,5.232009534448e+00,1.150235541902e-05
-8.955375875009e+00,2.298986240809e+00,8.157276445081e-02
-8.955133925266e+00,2.416733879310e+00,8.120825617366e-02
-8.954797037603e+00,3.906250125002e-01,8.435456367009e-02
-8.954782193827e+00,3.519441961284e+00,7.533749649887e-02
-8.954055613621e+00,4.218750135002e-01,8.434931071705e-02
-8.954028452033e+00,4.866675387135e+00,4.368311955191e-02
-8.953981075511e+00,2.181535787910e+00,8.192361015299e-02
-8.953596726800e+00,8.906250285000e-01,8.406886815160e-02
-8.953314189639e+00,4.531250145001e-01,8.434320160925e-02
-8.953258179934e+00,4.240419245738e+00,6.605836444568e-02
-8.953233190145e+00,2.534755374558e+00,8.082954661812e-02
-8.952572765657e+00,4.843750155000e-01,8.433623233203e-02
-8.952170865520e+00,1.601268096851e+00,8.319620850776e-02
-8.952165356492e+00,5.082916453379e+00,2.511456599032e-02
-8.952145729560e+00,1.199803278540e+00,8.376985086582e-02
-8.952137833160e+00,3.455052048549e+00,7.591790089644e-02
-8.951351414417e+00,9.218750295000e-01,8.406218893085e-02
-8.951148518619e+00,3.079332559813e+00,7.842277503928e-02
-8.951086957449e+00,5.156250165000e-01,8.433481815020e-02
-8.950971870910e+00,2.064405472768e+00,8.225821501988e-02
-8.950931545589e+00,1.774240587065e+00,8.289405739487e-02
-8.950890051448e+00,4.652574691727e+00,5.471271153205e-02
-8.950271101266e+00,4.307027836139e+00,6.481636164790e-02
-8.950165584122e+00,2.834012312754e+00,7.966875361724e-02
-8.950138922578e+00,1.428766569189e+00,8.348732252349e-02
-8.949651947628e+00,2.653027024157e+00,8.043574443457e-02
-8.949106102035e+00,9.531250305000e-01,8.405361375182e-02
-8.949040960433e+00,3.390868703007e+00,7.646920615097e-02
-8.948856765015e+00,5.468750175001e-01,8.433874175861e-02
-8.946860789652e+00,9.843750315000e-01,8.404618225416e-02
-8.946798708504e+00,4.373798864209e+00,6.347359454985e-02
-8.946626572581e+00,5.781250185001e-01,8.434134686419e-02
-8.946439547585e+00,4.934931898699e+00,3.998760604998e-02
-8.946370907804e+00,1.947617865098e+00,8.258065710972e-02
-8.945494267197e+00,3.326895137548e+00,7.699352475420e-02
-8.945437996582e+00,3.016285079542e+00,7.885667110836e-02
-8.944887031642e+00,1.256800883326e+00,8.376763116355e-02
-8.944883827720e+00,4.720263683649e+00,5.239756450742e-02
-8.944396380147e+00,6.093750195001e-01,8.434318233863e-02
-8.942968121882e+00,5.151703360202e+00,1.830541046545e-02
-8.942838654784e+00,4.440728759706e+00,6.201731800290e-02
-8.942774131542e+00,2.771724369521e+00,8.004890271096e-02
-8.942703477526e+00,1.028484302143e+00,8.403934996642e-02
-8.942496570253e+00,1.658243034060e+00,8.319356929712e-02
-8.942166187713e+00,6.406250205001e-01,8.434424881068e-02
-8.941510585775e+00,1.485741129820e+00,8.348479760684e-02
-8.941500467907e+00,3.263134538196e+00,7.749277117322e-02
-8.941352669970e+00,2.355910148286e+00,8.157047907426e-02
-8.940707042476e+00,2.238466441541e+00,8.192097796687e-02
-8.940354865038e+00,2.473640522104e+00,8.120643733242e-02
-8.940201128721e+00,1.831195150701e+00,8.289138267876e-02
-8.939935995279e+00,6.718750215002e-01,8.434454664730e-02
-8.939293103003e+00,2.953465778740e+00,7.927157741097e-02
-8.938440186429e+00,2.121332489783e+00,8.225581973830e-02
-8.938388619550e+00,4.507813928238e+00,6.043254324710e-02
-8.938377508144e+00,4.788092823843e+00,4.982072324219e-02
-8.938342995179e+00,5.003316798237e+00,3.575290035742e-02
-8.937705802845e+00,7.031250225002e-01,8.434407595400e-02
-8.937691733968e+00,2.591634100752e+00,8.082831266347e-02
-8.937459067305e+00,3.836191347026e+00,7.267485046965e-02
-8.937392281085e+00,3.901586379277e+00,7.190836170440e-02
-8.937294093892e+00,1.313754629032e+00,8.376528981478e-02
-8.937062299718e+00,3.199590063850e+00,7.796868431940e-02
-8.937058826134e+00,3.770983462272e+00,7.339764676957e-02
-8.936855939791e+00,3.967165170927e+00,7.108955507930e-02
-8.936467736124e+00,1.085434603853e+00,8.403738172212e-02
-8.936194109796e+00,3.705966087268e+00,7.408033606504e-02
-8.935847540527e+00,4.032924308200e+00,7.021460924940e-02
-8.935475610411e+00,7.343750235003e-01,8.434283657482e-02
-8.934867494718e+00,3.641142558508e+00,7.472612667442e-02
-8.934574610331e+00,2.004531001058e+00,8.257803609422e-02
-8.934364605268e+00,4.098860352142e+00,6.928055864251e-02
-8.934155135117e+00,1.562500050003e-02,8.459449168912e-02
-8.933446308735e+00,4.575050751516e+00,5.870152147484e-02
-8.933418737738e+00,4.687500150007e-02,8.459969572059e-02
-8.933341699749e+00,2.709867049203e+00,8.043522759792e-02
-8.933255961492e+00,5.220606648641e+00,1.009460357441e-02
-8.933245417977e+00,7.656250245003e-01,8.434061126937e-02
-8.933081581224e+00,3.576516186764e+00,7.533789734577e-02
-8.932716682563e+00,2.890877686996e+00,7.966870257229e-02
-8.932682340359e+00,7.812500250012e-02,8.460416021666e-02
-8.932546949159e+00,1.542663352421e+00,8.348215926352e-02
-8.932485766466e+00,1.715159125943e+00,8.319082575083e-02
-8.932404681041e+00,4.164969838902e+00,6.828122797506e-02
-8.932182522241e+00,3.136264846128e+00,7.842284705994e-02
-8.931945942981e+00,1.093750035002e-01,8.460774528099e-02
-8.931368910447e+00,4.856058392581e+00,4.693523580841e-02
-8.931209545602e+00,1.406250045003e-01,8.461000136249e-02
-8.931015225543e+00,7.968750255002e-01,8.433706395397e-02
-8.930838993451e+00,3.512090256542e+00,7.591823795178e-02
-8.930473148224e+00,1.718750055004e-01,8.461152214035e-02
-8.929965340303e+00,4.231249279562e+00,6.720955098186e-02
-8.929899249823e+00,1.142347415064e+00,8.403528456721e-02
-8.929736750845e+00,2.031250065004e-01,8.461230812143e-02
-8.929736699556e+00,5.071826290784e+00,3.085184800693e-02
-8.929367189679e+00,1.370662480450e+00,8.376282686132e-02
-8.929133121357e+00,1.888084299488e+00,8.288861367099e-02
-8.929000353467e+00,2.343750075005e-01,8.461235956857e-02
-8.928785033109e+00,8.281250265001e-01,8.433274491579e-02
-8.928263956088e+00,2.656250085005e-01,8.461167650096e-02
-8.928142379182e+00,3.447868025727e+00,7.646948440611e-02
-8.928009455034e+00,4.642435587429e+00,5.680307786374e-02
-8.927527558709e+00,2.968750095005e-01,8.461025869409e-02
-8.927091934475e+00,2.295315778564e+00,8.191827111484e-02
-8.927044181092e+00,4.297695160483e+00,6.605740370426e-02
-8.926987219236e+00,2.412748039645e+00,8.156814696400e-02
-8.926863917231e+00,3.073161989415e+00,7.885670321003e-02
-8.926791161331e+00,3.281250105004e-01,8.460783454563e-02
-8.926554840675e+00,8.593750275001e-01,8.432765263432e-02
-8.926054763952e+00,3.593750115003e-01,8.460421093001e-02
-8.925711601259e+00,2.828523805792e+00,8.004881957326e-02
-8.925568661118e+00,2.178182848224e+00,8.225335297436e-02
-8.925318366574e+00,3.906250125002e-01,8.459984944140e-02
-8.925232452476e+00,2.530456409196e+00,8.120458683467e-02
-8.924994409469e+00,3.383852725785e+00,7.699374871304e-02
-8.924581969195e+00,4.218750135002e-01,8.459474858263e-02
-8.924324648241e+00,8.906250285000e-01,8.432185717992e-02
-8.923855880167e+00,4.924156646869e+00,4.368220470648e-02
-8.923845571816e+00,4.531250145001e-01,8.458882280902e-02
-8.923638827237e+00,4.364303943525e+00,6.481539889207e-02
-8.923248337807e+00,1.599531195245e+00,8.347940759521e-02
-8.923109174438e+00,4.843750155000e-01,8.458206827970e-02
-8.923026869651e+00,5.289622449687e+00,1.150235541348e-05
-8.922998253194e+00,1.199220709381e+00,8.403305849488e-02
-8.922439768789e+00,2.061372093877e+00,8.257533181274e-02
-8.922138818950e+00,1.772014323231e+00,8.318797801658e-02
-8.922094455807e+00,9.218750295000e-01,8.431585026744e-02
-8.922075818079e+00,4.709964770329e+00,5.471174300340e-02
-8.921805884092e+00,2.648417291074e+00,8.082706329020e-02
-8.921633439506e+00,5.156250165000e-01,8.458062330283e-02
-8.921397778349e+00,3.320047561730e+00,7.749294490897e-02
-8.921109288328e+00,3.010284570749e+00,7.927157237246e-02
-8.921106604826e+00,1.427522403643e+00,8.376024235650e-02
-8.920618593859e+00,5.140456558881e+00,2.511390326422e-02
-8.919864263373e+00,9.531250305000e-01,8.430684139086e-02
-8.919746928648e+00,4.431072066064e+00,6.347263050761e-02
-8.919418367021e+00,5.468750175001e-01,8.458396378313e-02
-8.917727928269e+00,1.944905978038e+00,8.288575056082e-02
-8.917634070939e+00,9.843750315000e-01,8.430012652244e-02
-8.917355202715e+00,3.256455711690e+00,7.796881152401e-02
-8.917203294535e+00,5.781250185001e-01,8.458634964641e-02
-8.916686082274e+00,2.766606720701e+00,8.043471274733e-02
-8.915836290536e+00,4.992383821261e+00,3.998672977947e-02
-8.915764993203e+00,1.256052461400e+00,8.403070350955e-02
-8.915643184622e+00,4.777634611277e+00,5.239660596413e-02
-8.915366161490e+00,4.497995941305e+00,6.201635360683e-02
-8.914988222050e+00,6.093750195001e-01,8.458799421287e-02
-8.914921460813e+00,2.947635639720e+00,7.966866293237e-02
-8.913794393249e+00,3.828006962593e+00,7.339828897484e-02
-8.913786745031e+00,3.893236659581e+00,7.267558306726e-02
-8.913615089189e+00,1.656342618784e+00,8.347654271533e-02
-8.913493118734e+00,1.028400915194e+00,8.429309768707e-02
-8.913336154628e+00,3.762964823716e+00,7.408089560650e-02
-8.913310679435e+00,3.958650534334e+00,7.190919337325e-02
-8.913136253251e+00,2.352081722519e+00,8.191550375978e-02
-8.912869422110e+00,3.193080326644e+00,7.842293108709e-02
-8.912773149565e+00,6.406250205002e-01,8.458889803789e-02
-8.912512637517e+00,1.484332366637e+00,8.375753636527e-02
-8.912414584206e+00,3.698113597417e+00,7.472661045426e-02
-8.912363690650e+00,4.024245180809e+00,7.108862559424e-02
-8.912357768308e+00,2.234954479107e+00,8.225081496562e-02
-8.912280053180e+00,2.469497831477e+00,8.156576828706e-02
-8.911456104960e+00,1.828806579016e+00,8.318502625391e-02
-8.911032261163e+00,3.633456612402e+00,7.533831154575e-02
-8.910986639812e+00,5.209203762835e+00,1.830489375981e-02
-8.910943297691e+00,4.090017167760e+00,7.021367626418e-02
-8.910558077079e+00,6.718750215002e-01,8.458906142937e-02
-8.910494228373e+00,4.565071958518e+00,6.043157969049e-02
-8.909966828363e+00,2.118139082408e+00,8.257254448912e-02
-8.909767246949e+00,2.587179450155e+00,8.120270482941e-02
-8.909191788522e+00,3.568997171640e+00,7.591858812247e-02
-8.909047044569e+00,4.155963039033e+00,6.927962235570e-02
-8.908709368860e+00,4.845441398027e+00,4.981977905988e-02
-8.908343004594e+00,7.031250225002e-01,8.458848444800e-02
-8.908303281482e+00,2.885218217924e+00,8.004874765112e-02
-8.908199729096e+00,1.312840647713e+00,8.402821962697e-02
-8.907943198475e+00,3.129924530273e+00,7.885674711244e-02
-8.907308042620e+00,5.060736128188e+00,3.575207713373e-02
-8.907276097960e+00,1.085184565824e+00,8.429102664772e-02
-8.906895793075e+00,3.504738551799e+00,7.646977554386e-02
-8.906672500671e+00,4.222079313385e+00,6.828028864949e-02
-8.906127932109e+00,7.343750235003e-01,8.458716690731e-02
-8.905985966754e+00,2.001658133414e+00,8.288279354918e-02
-8.905576228814e+00,2.705102849608e+00,8.082579860853e-02
-8.905128858620e+00,4.632296483130e+00,5.870056028710e-02
-8.904616144848e+00,1.562500050003e-02,8.483174540067e-02
-8.904146925204e+00,3.440684002906e+00,7.699398532695e-02
-8.903912859623e+00,7.656250245003e-01,8.458446050253e-02
-8.903884774073e+00,4.687500150007e-02,8.483672118642e-02
-8.903817260919e+00,4.288362484826e+00,6.720860895994e-02
-8.903647553229e+00,1.713095585417e+00,8.347356474918e-02
-8.903585598301e+00,1.541090339363e+00,8.375470896420e-02
-8.903153403298e+00,7.812500250012e-02,8.484098435507e-02
-8.902579315842e+00,3.066991419017e+00,7.927157893432e-02
-8.902422032522e+00,1.093750035002e-01,8.484434222146e-02
-8.901697787138e+00,7.968750255002e-01,8.458091923715e-02
-8.901690661747e+00,1.406250045003e-01,8.484647711338e-02
-8.901272212749e+00,4.913381395038e+00,4.693431175661e-02
-8.900959290972e+00,1.718750055004e-01,8.484790333672e-02
-8.900947858504e+00,3.376836748562e+00,7.749313107787e-02
-8.900838827917e+00,5.278064040958e+00,1.009429625982e-02
-8.900728572996e+00,1.141930978416e+00,8.428882011434e-02
-8.900478945970e+00,4.354809022841e+00,6.605645942836e-02
-8.900438014183e+00,1.885533848901e+00,8.318197063423e-02
-8.900302732417e+00,1.369583246722e+00,8.402560687421e-02
-8.900227920196e+00,2.031250065004e-01,8.484862135885e-02
-8.899685713014e+00,2.823243936355e+00,8.043419992758e-02
-8.899496549421e+00,2.343750075005e-01,8.484863141627e-02
-8.899482714653e+00,8.281250265001e-01,8.457663431993e-02
-8.899267808437e+00,4.699665857009e+00,5.680212101029e-02
-8.898840513205e+00,2.408762199980e+00,8.191267607877e-02
-8.898807993940e+00,2.291645316318e+00,8.224820596015e-02
-8.898765178646e+00,2.656250085005e-01,8.484793351492e-02
-8.898269065836e+00,5.129209757560e+00,3.085109795273e-02
-8.898033807870e+00,2.968750095005e-01,8.484652743016e-02
-8.897302437095e+00,3.281250105004e-01,8.484397837822e-02
-8.897301289501e+00,3.313199985913e+00,7.796895094546e-02
-8.897267642168e+00,8.593750275001e-01,8.457160427379e-02
-8.897231714806e+00,2.526157443835e+00,8.156334321832e-02
-8.897156246724e+00,2.174829908538e+00,8.256967435825e-02
-8.896780580075e+00,3.004284061955e+00,7.966863469774e-02
-8.896655202512e+00,4.421415372423e+00,6.481445293065e-02
-8.896571066320e+00,3.593750115003e-01,8.484044607965e-02
-8.895839695544e+00,3.906250125002e-01,8.483620255792e-02
-8.895108324769e+00,4.218750135002e-01,8.483124638413e-02
-8.895052569682e+00,8.906250285000e-01,8.456559778324e-02
-8.894376953994e+00,4.531250145001e-01,8.482549487148e-02
-8.894325810095e+00,1.597794293638e+00,8.375176024161e-02
-8.893959820555e+00,2.643807557990e+00,8.120079147194e-02
-8.893907666669e+00,2.058338714986e+00,8.287974284879e-02
-8.893850776828e+00,1.198638140221e+00,8.428647806500e-02
-8.893645583219e+00,4.843750155000e-01,8.481894434226e-02
-8.893346092311e+00,1.769788059398e+00,8.347047383396e-02
-8.893329585893e+00,4.981450844286e+00,4.368130846809e-02
-8.893209937524e+00,3.249776885185e+00,7.842302712023e-02
-8.892908861100e+00,4.767176398712e+00,5.471079302000e-02
-8.892837497197e+00,9.218750295000e-01,8.456019632439e-02
-8.892343703429e+00,4.488177954372e+00,6.347168358748e-02
-8.892179921562e+00,5.156250165000e-01,8.481738532944e-02
-8.892074287075e+00,1.426278238097e+00,8.402286528975e-02
-8.890622424712e+00,9.531250305000e-01,8.455081672461e-02
-8.890549818623e+00,2.941805500701e+00,8.004868694497e-02
-8.890181208978e+00,3.884886939885e+00,7.339894527300e-02
-8.890173177767e+00,5.347033509585e+00,1.150235517571e-05
-8.890129719193e+00,3.819822578160e+00,7.408146898921e-02
-8.889979969026e+00,5.468750175001e-01,8.482028117765e-02
-8.889765419078e+00,3.950135897742e+00,7.267633001311e-02
-8.889613483123e+00,3.754946185160e+00,7.472710782796e-02
-8.889084948735e+00,1.942194090978e+00,8.317881134090e-02
-8.889003369267e+00,2.761688683769e+00,8.082451873253e-02
-8.888879840773e+00,4.015566053417e+00,7.190897948819e-02
-8.888717318133e+00,5.197800877028e+00,2.511325491050e-02
-8.888676544502e+00,3.186570589437e+00,7.885680281535e-02
-8.888635058616e+00,3.690261107566e+00,7.533873909648e-02
-8.888407352226e+00,9.843750315000e-01,8.454474825446e-02
-8.887780016489e+00,5.781250185001e-01,8.482246181453e-02
-8.887542148011e+00,4.555093165521e+00,6.201540665496e-02
-8.887521990115e+00,4.081173983378e+00,7.108771099421e-02
-8.887197027608e+00,3.625770666296e+00,7.591895140611e-02
-8.886642954763e+00,1.255304039475e+00,8.428400048879e-02
-8.886049827274e+00,4.834824403473e+00,5.239566614009e-02
-8.885689408097e+00,4.146956239164e+00,7.021275846929e-02
-8.885580063953e+00,6.093750195001e-01,8.482392796318e-02
-8.885301995821e+00,3.561478156516e+00,7.647007956243e-02
-8.884919836531e+00,2.348253296752e+00,8.224552621637e-02
-8.884879385684e+00,5.049645965593e+00,3.998587170742e-02
-8.884733608126e+00,1.654442203508e+00,8.374869029767e-02
-8.884282759941e+00,1.028317528245e+00,8.453755466438e-02
-8.884205241323e+00,2.465355140850e+00,8.190978825829e-02
-8.884008494140e+00,2.231442516673e+00,8.256672166641e-02
-8.883703874709e+00,3.123584214417e+00,7.927159709652e-02
-8.883514689260e+00,1.482923603454e+00,8.401999492359e-02
-8.883380111416e+00,6.406250205002e-01,8.482468011215e-02
-8.883379661040e+00,4.212909347209e+00,6.927870157147e-02
-8.882952592699e+00,3.497386847057e+00,7.699423459468e-02
-8.882711081199e+00,1.826418007331e+00,8.346727011900e-02
-8.882341222568e+00,2.879776597699e+00,8.043368918487e-02
-8.882248262206e+00,4.622157378832e+00,6.043063388999e-02
-8.881842759931e+00,2.582724799557e+00,8.156087194033e-02
-8.881493470298e+00,2.114945675034e+00,8.287659868406e-02
-8.881180158880e+00,6.718750215002e-01,8.482471851581e-02
-8.880590340745e+00,4.279029809170e+00,6.827936514453e-02
-8.880151471226e+00,3.433499980084e+00,7.749332967886e-02
-8.879105364301e+00,1.311926666394e+00,8.428138738588e-02
-8.878980206343e+00,7.031250225002e-01,8.482404319459e-02
-8.878688545330e+00,4.902606143207e+00,4.981885369030e-02
-8.878650786183e+00,5.266505632229e+00,1.830438851251e-02
-8.878294714453e+00,3.060820848619e+00,7.966861786856e-02
-8.878084459796e+00,1.084934527794e+00,8.453539064681e-02
-8.877810757878e+00,2.700338650012e+00,8.119884692374e-02
-8.877397323178e+00,1.998785265771e+00,8.317554856933e-02
-8.877319064703e+00,4.345314102157e+00,6.720768308173e-02
-8.876901307540e+00,3.369820771339e+00,7.796910258287e-02
-8.876780253806e+00,7.343750235003e-01,8.482233738445e-02
-8.876459798795e+00,4.689366943689e+00,5.869961715052e-02
-8.875919537813e+00,5.117962956239e+00,3.575127137523e-02
-8.875077154580e+00,1.562500050003e-02,8.506047205657e-02
-8.874809339993e+00,1.711032044890e+00,8.374549924447e-02
-8.874624247443e+00,1.539517326304e+00,8.401699583727e-02
-8.874580301270e+00,7.656250245003e-01,8.481951998357e-02
-8.874350810408e+00,4.687500150007e-02,8.506523242027e-02
-8.873624466236e+00,7.812500250012e-02,8.506930565155e-02
-8.873563476375e+00,4.411758678781e+00,6.605553162348e-02
-8.873204800653e+00,3.306352410095e+00,7.842313515874e-02
-8.872898122064e+00,1.093750035002e-01,8.507245239974e-02
-8.872451871821e+00,2.998283553161e+00,8.004863745521e-02
-8.872380348733e+00,7.968750255002e-01,8.481598670964e-02
-8.872171777892e+00,1.406250045003e-01,8.507447323506e-02
-8.872087919388e+00,2.818172704442e+00,8.082322378026e-02
-8.871742907008e+00,1.882983398315e+00,8.346395376566e-02
-8.871557896168e+00,1.141514541767e+00,8.453308512274e-02
-8.871445433720e+00,1.718750055004e-01,8.507581062543e-02
-8.871238275154e+00,1.368504012994e+00,8.427863876765e-02
-8.870822881250e+00,4.970517867310e+00,4.693340649685e-02
-8.870719089548e+00,2.031250065004e-01,8.507646500187e-02
-8.870693807174e+00,2.404776360315e+00,8.224277600313e-02
-8.870524053406e+00,2.287974854073e+00,8.256368667125e-02
-8.870180396196e+00,8.281250265001e-01,8.481173636411e-02
-8.870174537579e+00,4.756718186146e+00,5.680118247692e-02
-8.869992745375e+00,2.343750075005e-01,8.507643657680e-02
-8.869321245369e+00,4.478359967439e+00,6.481352376913e-02
-8.869266401204e+00,2.656250085005e-01,8.507572534428e-02
-8.869230977136e+00,2.521858478473e+00,8.190684049404e-02
-8.869064672333e+00,3.243098058679e+00,7.885687031842e-02
-8.868743832331e+00,2.171476968852e+00,8.287336129120e-02
-8.868540057031e+00,2.968750095005e-01,8.507433107996e-02
-8.868067485698e+00,5.335320146806e+00,1.009399591760e-02
-8.867980443660e+00,8.593750275001e-01,8.480676751158e-02
-8.867813712859e+00,3.281250105004e-01,8.507167438249e-02
-8.867087368687e+00,3.593750115003e-01,8.506822930055e-02
-8.866575672925e+00,3.876537220189e+00,7.408205620964e-02
-8.866465045137e+00,3.811638193727e+00,7.472761879245e-02
-8.866447996453e+00,5.186397991222e+00,3.085036416176e-02
-8.866361024515e+00,3.906250125002e-01,8.506409823827e-02
-8.866220158721e+00,3.941621261150e+00,7.339961566013e-02
-8.866113757019e+00,2.639197824907e+00,8.155835464376e-02
-8.865890811617e+00,3.746927546603e+00,7.533917999573e-02
-8.865780491123e+00,8.906250285000e-01,8.480058090213e-02
-8.865634680343e+00,4.218750135002e-01,8.505927983074e-02
-8.865403282382e+00,1.596057392031e+00,8.401386810401e-02
-8.865395990897e+00,4.006886926026e+00,7.267709130315e-02
-8.865375564548e+00,2.055305336095e+00,8.317218252713e-02
-8.864908336171e+00,4.531250145001e-01,8.505369411163e-02
-8.864855533026e+00,3.682408617715e+00,7.591932780063e-02
-8.864703300462e+00,1.198055571061e+00,8.453063805463e-02
-8.864653254328e+00,2.936202610091e+00,8.043318056677e-02
-8.864590067649e+00,4.545114372523e+00,6.347075379429e-02
-8.864553365672e+00,1.767561795564e+00,8.374218720608e-02
-8.864483666894e+00,3.180060852231e+00,7.927162685896e-02
-8.864181991999e+00,4.843750155000e-01,8.504733755656e-02
-8.864100682539e+00,4.072330798996e+00,7.190808282964e-02
-8.863580538587e+00,9.218750295000e-01,8.479572520950e-02
-8.863390285687e+00,4.824207408919e+00,5.470986158698e-02
-8.863361794054e+00,3.618084720190e+00,7.647039645973e-02
-8.863041969324e+00,1.425034072550e+00,8.427575465659e-02
-8.862726403619e+00,5.156250165000e-01,8.504548744652e-02
-8.862450728748e+00,5.038555802998e+00,4.368043084041e-02
-8.862331771626e+00,4.137949439295e+00,7.108681128443e-02
-8.861412203120e+00,3.553959141393e+00,7.699449651469e-02
-8.861380586050e+00,9.531250305000e-01,8.478603046342e-02
-8.861320656259e+00,2.756770646837e+00,8.119687135243e-02
-8.860541571031e+00,5.468750175001e-01,8.504816556452e-02
-8.860441969200e+00,1.939482203919e+00,8.346052494757e-02
-8.860086821408e+00,4.203739381033e+00,7.021185587000e-02
-8.859464550943e+00,3.117243898562e+00,7.966861244490e-02
-8.859367665791e+00,4.612018274533e+00,6.201447715198e-02
-8.859180633513e+00,9.843750315000e-01,8.477991354730e-02
-8.859009392322e+00,3.490035142315e+00,7.749354071088e-02
-8.858356738443e+00,5.781250185001e-01,8.505015393420e-02
-8.857520916323e+00,1.254555617550e+00,8.452804941566e-02
-8.857363420571e+00,4.269697133513e+00,6.927779629473e-02
-8.856965461350e+00,5.404240523113e+00,1.150235502676e-05
-8.856703419812e+00,2.344424870984e+00,8.256056964174e-02
-8.856462744450e+00,5.254947223500e+00,2.511262093151e-02
-8.856171905855e+00,6.093750195001e-01,8.505145320532e-02
-8.856156017248e+00,3.426315957262e+00,7.796926643537e-02
-8.856130429465e+00,2.461212450223e+00,8.223944352423e-02
-8.856104877912e+00,4.891830891376e+00,5.239474504007e-02
-8.855852127062e+00,1.652541788232e+00,8.401061180877e-02
-8.855659219972e+00,2.227930554239e+00,8.287003091845e-02
-8.855072401148e+00,1.028234141295e+00,8.477321531446e-02
-8.854830505823e+00,2.874552826319e+00,8.082191387367e-02
-8.854516741002e+00,1.481514840271e+00,8.427273508657e-02
-8.854159183436e+00,4.335819181473e+00,6.827845746506e-02
-8.854010113064e+00,3.054650278221e+00,8.004859918214e-02
-8.853987073268e+00,6.406250205002e-01,8.505206380551e-02
-8.853966057438e+00,1.824029435646e+00,8.373875431869e-02
-8.853918272912e+00,2.578270148960e+00,8.190383299091e-02
-8.853651789154e+00,4.679068030369e+00,6.042970585037e-02
-8.853570009790e+00,5.106716154918e+00,3.998503183727e-02
-8.853020112232e+00,2.111752267659e+00,8.316871343416e-02
-8.852854756575e+00,3.362804794117e+00,7.842325520194e-02
-8.851802240680e+00,6.718750215002e-01,8.505198594062e-02
-8.850471750239e+00,4.402101985140e+00,6.720677335269e-02
-8.850045286943e+00,2.695574450416e+00,8.155579152730e-02
-8.850010999505e+00,1.311012685075e+00,8.452531918983e-02
-8.849617408092e+00,7.031250225002e-01,8.505121959486e-02
-8.849108311805e+00,3.299504834277e+00,7.885694962123e-02
-8.848892821633e+00,1.084684489765e+00,8.477096723441e-02
-8.848808679601e+00,1.995912398127e+00,8.345698385063e-02
-8.848316176607e+00,4.959584890335e+00,4.981794713753e-02
-8.847440214057e+00,4.746259973581e+00,5.869869206998e-02
-8.847432575504e+00,7.343750235003e-01,8.504908368138e-02
-8.846622464345e+00,2.992519883129e+00,8.043267412226e-02
-8.846298787308e+00,4.468541980506e+00,6.605462029502e-02
-8.845971126756e+00,1.708968504363e+00,8.400722704840e-02
-8.845961793630e+00,5.323606784027e+00,1.830389472551e-02
-8.845662896585e+00,1.537944313246e+00,8.426958010282e-02
-8.845538164312e+00,1.562500050003e-02,8.528112008322e-02
-8.845247742916e+00,7.656250245003e-01,8.504625083445e-02
-8.844919407142e+00,3.236419232173e+00,7.927166822146e-02
-8.844816846743e+00,4.687500150007e-02,8.528567693686e-02
-8.844490125761e+00,2.813101472530e+00,8.119486493172e-02
-8.844178674774e+00,5.174995105415e+00,3.575048308503e-02
-8.844095529174e+00,7.812500250012e-02,8.528957080865e-02
-8.843374211605e+00,1.093750035002e-01,8.529252113243e-02
-8.843062910328e+00,7.968750255002e-01,8.504272727897e-02
-8.843047799833e+00,1.880432947729e+00,8.373520073074e-02
-8.842970136871e+00,3.868187500493e+00,7.472814334455e-02
-8.842800371081e+00,3.803453809294e+00,7.533963424076e-02
-8.842674898365e+00,3.933106624557e+00,7.408265726427e-02
-8.842652894036e+00,1.406250045003e-01,8.529443452682e-02
-8.842547101144e+00,2.400790520650e+00,8.255737085827e-02
-8.842387219339e+00,1.141098105119e+00,8.476857215853e-02
-8.842240112872e+00,2.284304391827e+00,8.286660782610e-02
-8.842173817892e+00,1.367424779267e+00,8.452244737199e-02
-8.842168140111e+00,3.738908908047e+00,7.591971730405e-02
-8.841931576468e+00,1.718750055004e-01,8.529568838585e-02
-8.841912141020e+00,3.998207798634e+00,7.340030013255e-02
-8.841637987286e+00,4.535135579526e+00,6.481261141228e-02
-8.841230239466e+00,2.517559513111e+00,8.223601995094e-02
-8.841210258899e+00,2.031250065004e-01,8.529628310711e-02
-8.841076007436e+00,3.674556127865e+00,7.647072623392e-02
-8.840878077740e+00,8.281250265001e-01,8.503851184411e-02
-8.840730744100e+00,4.813590414365e+00,5.680026226880e-02
-8.840679374963e+00,4.063487614614e+00,7.267786693342e-02
-8.840488941330e+00,2.343750075005e-01,8.529621888099e-02
-8.840331417938e+00,2.168124029166e+00,8.316514152244e-02
-8.840290789286e+00,3.173551115024e+00,7.966861842682e-02
-8.840022071813e+00,5.027465640402e+00,4.693252003297e-02
-8.839767623761e+00,2.656250085005e-01,8.529549569086e-02
-8.839526560500e+00,3.610398774083e+00,7.699477108516e-02
-8.839046306193e+00,2.968750095005e-01,8.529406502380e-02
-8.838974135155e+00,4.128942639426e+00,7.190720076852e-02
-8.838693245152e+00,8.593750275001e-01,8.503360313455e-02
-8.838324988624e+00,3.281250105004e-01,8.529136426660e-02
-8.838267693482e+00,2.634588091824e+00,8.190076596334e-02
-8.837603671055e+00,3.593750115003e-01,8.528800255692e-02
-8.837522410419e+00,3.546440126269e+00,7.749376417262e-02
-8.837231767929e+00,2.930826967889e+00,8.082058913875e-02
-8.836882353486e+00,3.906250125002e-01,8.528397879947e-02
-8.836843462428e+00,2.052271957203e+00,8.345333067323e-02
-8.836793981776e+00,4.194569414856e+00,7.108592647007e-02
-8.836508412564e+00,8.906250285000e-01,8.502726377817e-02
-8.836487069377e+00,4.601879170235e+00,6.346984113267e-02
-8.836480754669e+00,1.594320490425e+00,8.426628976201e-02
-8.836161035917e+00,4.218750135002e-01,8.527929168927e-02
-8.835760639033e+00,1.765335531731e+00,8.400371393165e-02
-8.835555824097e+00,1.197473001901e+00,8.476603003338e-02
-8.835439718348e+00,4.531250145001e-01,8.527386385156e-02
-8.835225227177e+00,3.110903582706e+00,8.004857212597e-02
-8.835066191946e+00,3.482683437573e+00,7.796944250206e-02
-8.834943184738e+00,5.392372782429e+00,1.009370254859e-02
-8.834718400780e+00,4.843750155000e-01,8.526769190619e-02
-8.834323579976e+00,9.218750295000e-01,8.502290047808e-02
-8.834274702716e+00,5.243388814771e+00,3.084964663688e-02
-8.834136500397e+00,4.260364457857e+00,7.021096847114e-02
-8.834009651572e+00,1.423789907004e+00,8.451943396793e-02
-8.833637943252e+00,2.751852609904e+00,8.155318279757e-02
-8.833521210494e+00,4.881055639545e+00,5.470894870913e-02
-8.833272885676e+00,5.156250165000e-01,8.526558240377e-02
-8.832160563270e+00,3.419131934441e+00,7.842338724912e-02
-8.832138747389e+00,9.531250305000e-01,8.501293967812e-02
-8.831798989665e+00,1.936770316859e+00,8.373152660296e-02
-8.831220481767e+00,5.095469353598e+00,4.367957182714e-02
-8.831103173036e+00,5.468750175001e-01,8.526805611557e-02
-8.830999302169e+00,4.326324260789e+00,6.927690653029e-02
-8.830843779512e+00,4.668769117050e+00,6.201356510260e-02
-8.829953914801e+00,9.843750315000e-01,8.500629577276e-02
-8.828933460397e+00,5.781250185001e-01,8.526986421459e-02
-8.828808205611e+00,3.355788816894e+00,7.885704072327e-02
-8.828487003093e+00,2.340596445217e+00,8.286309228654e-02
-8.828398877884e+00,1.253807195624e+00,8.476334081586e-02
-8.828249521449e+00,3.048726330267e+00,8.043216990166e-02
-8.828055617607e+00,2.457069759596e+00,8.255409061281e-02
-8.827380024103e+00,4.392445291498e+00,6.827756561646e-02
-8.827319789077e+00,2.869329054940e+00,8.119282784147e-02
-8.827309945805e+00,2.224418591805e+00,8.316146703658e-02
-8.826970645998e+00,1.650641372957e+00,8.426286413243e-02
-8.826763747758e+00,6.093750195001e-01,8.527100728346e-02
-8.825993785893e+00,2.573815498362e+00,8.223252418267e-02
-8.825862042356e+00,1.028150754346e+00,8.500053999271e-02
-8.825809471964e+00,4.948651913359e+00,5.239384266827e-02
-8.825518792745e+00,1.480106077088e+00,8.451627899444e-02
-8.825221033678e+00,1.821640863961e+00,8.400007257939e-02
-8.825011822956e+00,3.292657258459e+00,7.927172118377e-02
-8.824705890535e+00,4.735801761015e+00,6.042879557645e-02
-8.824594035119e+00,6.406250205002e-01,8.527148569425e-02
-8.824546754167e+00,2.108558860284e+00,8.344956562626e-02
-8.823856101561e+00,5.311893421248e+00,2.511200132989e-02
-8.823404987392e+00,5.461241307624e+00,1.150235512812e-05
-8.823276329248e+00,4.458723993573e+00,6.720587977816e-02
-8.822424322480e+00,6.718750215002e-01,8.527129960878e-02
-8.822279816008e+00,2.690810250820e+00,8.189763963533e-02
-8.821909353094e+00,5.163592219609e+00,3.998421017243e-02
-8.820916634709e+00,1.310098703755e+00,8.476050447332e-02
-8.820774141950e+00,3.229740405667e+00,7.966863581428e-02
-8.820254609841e+00,7.031250225002e-01,8.527010785367e-02
-8.820220036023e+00,1.993039530483e+00,8.372773210849e-02
-8.819701183469e+00,1.084434451736e+00,8.499821595752e-02
-8.819364600818e+00,3.859837780797e+00,7.534010182873e-02
-8.819292357644e+00,2.986993051857e+00,8.081924970547e-02
-8.819135697024e+00,3.795269424861e+00,7.592011991395e-02
-8.819129638008e+00,3.924591987965e+00,7.472868148111e-02
-8.818685906924e+00,4.525156786528e+00,6.605372544775e-02
-8.818445468605e+00,3.730890269491e+00,7.647106888325e-02
-8.818428291144e+00,3.989528671243e+00,7.408327214975e-02
-8.818084897201e+00,7.343750235003e-01,8.526792829408e-02
-8.818071202514e+00,4.802973419811e+00,5.869778505063e-02
-8.817593414876e+00,5.016375477807e+00,4.981705940558e-02
-8.817296481846e+00,3.666703638014e+00,7.699505830448e-02
-8.817258067387e+00,4.054644430233e+00,7.340099868665e-02
-8.817132913519e+00,1.706904963836e+00,8.425930329406e-02
-8.816892332135e+00,2.808030240618e+00,8.155052866913e-02
-8.816701545727e+00,1.536371300187e+00,8.451298247945e-02
-8.816097911677e+00,3.167041377818e+00,8.004855628686e-02
-8.815999174043e+00,1.562500050003e-02,8.549410717753e-02
-8.815915184562e+00,7.656250245003e-01,8.526508282888e-02
-8.815691326945e+00,3.602712827977e+00,7.749400006253e-02
-8.815616498683e+00,4.119935839558e+00,7.267865689916e-02
-8.815282883078e+00,4.687500150007e-02,8.549847160010e-02
-8.814566592112e+00,7.812500250012e-02,8.550219594826e-02
-8.814400395113e+00,2.396804680984e+00,8.285948458428e-02
-8.814352692658e+00,1.877882497143e+00,8.399630312466e-02
-8.813956172338e+00,2.280633929582e+00,8.315769023375e-02
-8.813850301147e+00,1.093750035002e-01,8.550496329719e-02
-8.813745471923e+00,7.968750255002e-01,8.526157052637e-02
-8.813632617718e+00,3.538921111146e+00,7.796963078188e-02
-8.813606472963e+00,4.591740065936e+00,6.481171586471e-02
-8.813501142145e+00,4.185399448680e+00,7.190633330996e-02
-8.813229501796e+00,2.513260547749e+00,8.255072920893e-02
-8.813216542511e+00,1.140681668471e+00,8.499573991699e-02
-8.813134010181e+00,1.406250045003e-01,8.550677539405e-02
-8.813109360630e+00,1.366345545539e+00,8.475752098366e-02
-8.812920908127e+00,5.380505041745e+00,1.830341240041e-02
-8.812417719216e+00,1.718750055004e-01,8.550795064030e-02
-8.812086660983e+00,5.231830406042e+00,3.574971226634e-02
-8.811919003544e+00,2.164771089480e+00,8.344568893319e-02
-8.811701428250e+00,2.031250065004e-01,8.550848940273e-02
-8.811575759284e+00,8.281250265001e-01,8.525739024274e-02
-8.811122991570e+00,3.475331732830e+00,7.842353129957e-02
-8.810985137285e+00,2.343750075005e-01,8.550839185153e-02
-8.810937543076e+00,4.870280387714e+00,5.679936039077e-02
-8.810909580223e+00,4.251031782200e+00,7.108505655592e-02
-8.810421629946e+00,2.629978358740e+00,8.222895644793e-02
-8.810268846319e+00,2.656250085005e-01,8.550765796050e-02
-8.809810281530e+00,2.925451325688e+00,8.119076026774e-02
-8.809552555354e+00,2.968750095005e-01,8.550610334074e-02
-8.809535107245e+00,3.104819868851e+00,8.043166795662e-02
-8.809406046645e+00,8.593750275001e-01,8.525254062125e-02
-8.808870953745e+00,5.084222552277e+00,4.693165236883e-02
-8.808836264388e+00,3.281250105004e-01,8.550345968198e-02
-8.808311360307e+00,2.049238578312e+00,8.372381743311e-02
-8.808165109292e+00,3.411947911619e+00,7.885714362399e-02
-8.808119973422e+00,3.593750115003e-01,8.550017773596e-02
-8.808035769871e+00,4.658470203730e+00,6.346894560734e-02
-8.807839420902e+00,4.316829340105e+00,7.021009627749e-02
-8.807558226957e+00,1.592583588818e+00,8.450954446204e-02
-8.807403682457e+00,3.906250125002e-01,8.549625645296e-02
-8.807236334005e+00,8.906250285000e-01,8.524607277135e-02
-8.806967912394e+00,1.763109267897e+00,8.425560733866e-02
-8.806687391491e+00,4.218750135002e-01,8.549169458429e-02
-8.806408347731e+00,1.196890432741e+00,8.499311180161e-02
-8.805971100526e+00,4.531250145001e-01,8.548641722558e-02
-8.805955230245e+00,2.746934572972e+00,8.189445424033e-02
-8.805254809560e+00,4.843750155000e-01,8.548025473556e-02
-8.805066621366e+00,9.218750295000e-01,8.524137919868e-02
-8.804977333821e+00,1.422545741458e+00,8.475439033530e-02
-8.804761654646e+00,3.348772839672e+00,7.927178574554e-02
-8.804288297966e+00,4.382788597856e+00,6.927603228346e-02
-8.803819367732e+00,5.156250165000e-01,8.547808062602e-02
-8.803302767321e+00,4.937718936384e+00,5.470805439075e-02
-8.803156010131e+00,1.934058429799e+00,8.399240571279e-02
-8.802896908727e+00,9.531250305000e-01,8.523197060744e-02
-8.801971567014e+00,4.725343548449e+00,6.201267051168e-02
-8.801750409493e+00,5.300180058469e+00,3.084894538128e-02
-8.801664775042e+00,5.468750175001e-01,8.548036228736e-02
-8.801467188062e+00,5.449219772412e+00,1.009341615346e-02
-8.801012939607e+00,3.043049004759e+00,8.081789570771e-02
-8.800915334108e+00,3.285809682641e+00,7.966866460718e-02
-8.800727196088e+00,9.843750315000e-01,8.522486394250e-02
-8.800270586374e+00,2.336768019450e+00,8.315381138375e-02
-8.800253871187e+00,4.448906006640e+00,6.827668960403e-02
-8.799980805750e+00,2.452927068969e+00,8.285578501620e-02
-8.799809072331e+00,2.864105283561e+00,8.154782936457e-02
-8.799640031414e+00,5.152189333802e+00,4.367873143191e-02
-8.799510182351e+00,5.781250185001e-01,8.548200123399e-02
-8.799276839444e+00,1.253058773699e+00,8.499033155180e-02
-8.798960671637e+00,2.220906629371e+00,8.344170083032e-02
-8.798089164934e+00,1.648740957681e+00,8.450596499266e-02
-8.798069298875e+00,2.569360847764e+00,8.254728696192e-02
-8.797355589661e+00,6.093750195001e-01,8.548299798702e-02
-8.796651683563e+00,1.028067367396e+00,8.521995785547e-02
-8.796628876759e+00,3.223061579162e+00,8.004855166492e-02
-8.796520844487e+00,1.478697313905e+00,8.475111252737e-02
-8.796476009916e+00,1.819252292276e+00,8.425177636995e-02
-8.796073396101e+00,2.105365452910e+00,8.371978277521e-02
-8.795759064765e+00,3.851488061101e+00,7.592053562781e-02
-8.795733826562e+00,4.515177993531e+00,6.720500236285e-02
-8.795584377651e+00,3.916077351373e+00,7.534058275682e-02
-8.795471022968e+00,3.787085040428e+00,7.647142440561e-02
-8.795411660927e+00,4.792356425256e+00,6.042790307341e-02
-8.795200996970e+00,6.406250205002e-01,8.548335286784e-02
-8.795164757940e+00,5.005285315211e+00,5.239295902877e-02
-8.794944441267e+00,3.980849543851e+00,7.472923319910e-02
-8.794722797100e+00,3.722871630934e+00,7.699535817114e-02
-8.794514345072e+00,2.686046051225e+00,8.222531698604e-02
-8.793836759811e+00,4.045801245851e+00,7.408390086283e-02
-8.793516956256e+00,3.658851148163e+00,7.749424837922e-02
-8.793046404280e+00,6.718750215002e-01,8.548305448469e-02
-8.792258862212e+00,4.110929039689e+00,7.340171131814e-02
-8.791962250945e+00,2.981466220586e+00,8.118866240283e-02
-8.791856093390e+00,3.595026881871e+00,7.796983127351e-02
-8.791822269914e+00,1.309184722436e+00,8.498739911804e-02
-8.791631392446e+00,1.990166662840e+00,8.398838050154e-02
-8.790898631516e+00,5.368637301061e+00,2.511139610784e-02
-8.790891811589e+00,7.031250225002e-01,8.548148476832e-02
-8.790725876549e+00,4.581600961638e+00,6.605284708622e-02
-8.790509545306e+00,1.084184413706e+00,8.521756524597e-02
-8.790479915964e+00,3.160798420574e+00,8.043116834018e-02
-8.790208302513e+00,4.176229482504e+00,7.267785331052e-02
-8.789898619249e+00,5.220271997313e+00,3.998340671644e-02
-8.789742825017e+00,3.531402096022e+00,7.842368735242e-02
-8.789493036390e+00,5.518033688252e+00,1.150235524464e-05
-8.789294538509e+00,2.802959008706e+00,8.189121002122e-02
-8.788737218899e+00,7.343750235003e-01,8.547927251040e-02
-8.788353875657e+00,4.859505135884e+00,5.869689609733e-02
-8.788294700283e+00,1.704841423309e+00,8.450224413322e-02
-8.787740194869e+00,1.534798287129e+00,8.474768756976e-02
-8.787682660049e+00,4.241699106544e+00,7.190548045867e-02
-8.787179791194e+00,3.467980028088e+00,7.885725832284e-02
-8.786582626208e+00,7.656250245003e-01,8.547641699549e-02
-8.786521425722e+00,5.072975750956e+00,4.981619049843e-02
-8.786460183775e+00,1.562500050003e-02,8.569982289629e-02
-8.786253689082e+00,2.392818841319e+00,8.314983076904e-02
-8.785748919413e+00,4.687500150007e-02,8.570400520446e-02
-8.785672231803e+00,2.276963467336e+00,8.343760156688e-02
-8.785657585483e+00,1.875332046556e+00,8.424781050367e-02
-8.785228764127e+00,2.508961582387e+00,8.285199389155e-02
-8.785227760229e+00,4.648171290410e+00,6.481083713110e-02
-8.785037655051e+00,7.812500250012e-02,8.570756918592e-02
-8.784679539635e+00,4.307334419421e+00,7.108420154668e-02
-8.784428033518e+00,7.968750255002e-01,8.547291730755e-02
-8.784326390688e+00,1.093750035002e-01,8.571016589030e-02
-8.784169655314e+00,3.404763888797e+00,7.927186190637e-02
-8.784045865683e+00,1.140265231823e+00,8.521501606209e-02
-8.784044903367e+00,1.365266311811e+00,8.498431446089e-02
-8.783615126326e+00,1.406250045003e-01,8.571188240125e-02
-8.783506589151e+00,2.161418149794e+00,8.371562834599e-02
-8.782903861964e+00,1.718750055004e-01,8.571298360322e-02
-8.782575566409e+00,2.625368625657e+00,8.254376419896e-02
-8.782394191148e+00,3.098992756996e+00,8.081652728331e-02
-8.782388795131e+00,2.920075683487e+00,8.154508511454e-02
-8.782273440827e+00,8.281250265001e-01,8.546877232911e-02
-8.782192597601e+00,2.031250065004e-01,8.571346983460e-02
-8.781481333239e+00,2.343750075005e-01,8.571334124709e-02
-8.781196571829e+00,4.373131904215e+00,7.020923929429e-02
-8.780796062678e+00,4.926785959408e+00,5.679847684716e-02
-8.780770068877e+00,2.656250085005e-01,8.571259780586e-02
-8.780715103682e+00,3.341756862449e+00,7.966870480533e-02
-8.780118848137e+00,8.593750275001e-01,8.546398074048e-02
-8.780058804515e+00,2.968750095005e-01,8.571093354863e-02
-8.779779258186e+00,2.046205199421e+00,8.398422766129e-02
-8.779644717425e+00,5.288466695690e+00,3.574895892280e-02
-8.779529388731e+00,5.437198237200e+00,1.830294153846e-02
-8.779347540152e+00,3.281250105004e-01,8.570834473488e-02
-8.779237243492e+00,4.714885335884e+00,6.346806722311e-02
-8.778636275790e+00,3.593750115003e-01,8.570513916121e-02
-8.778635699244e+00,1.590846687211e+00,8.474411548318e-02
-8.778272517237e+00,2.742016536040e+00,8.222160604694e-02
-8.778175185755e+00,1.760883004063e+00,8.449838195716e-02
-8.777964255446e+00,8.906250285000e-01,8.545740590255e-02
-8.777925011428e+00,3.906250125002e-01,8.570131582077e-02
-8.777370709735e+00,5.140786447996e+00,4.693080350826e-02
-8.777260871365e+00,1.196307863582e+00,8.521231021824e-02
-8.777231413127e+00,4.439088019707e+00,6.927517355950e-02
-8.777213747065e+00,4.218750135002e-01,8.569687351778e-02
-8.776818845260e+00,3.278962106823e+00,8.004855826019e-02
-8.776502482703e+00,4.531250145001e-01,8.569173970434e-02
-8.775945016069e+00,1.421301575911e+00,8.498107755107e-02
-8.775809662756e+00,9.218750295000e-01,8.545223829912e-02
-8.775791218341e+00,4.843750155000e-01,8.568553537271e-02
-8.774513030596e+00,1.931346542739e+00,8.424370986775e-02
-8.774365849789e+00,5.156250165000e-01,8.568336520387e-02
-8.773776357766e+00,3.037371679250e+00,8.118653444518e-02
-8.773655070065e+00,9.531250305000e-01,8.544352119197e-02
-8.772781746200e+00,4.505199200533e+00,6.827582943242e-02
-8.772752119340e+00,4.781739430702e+00,6.201179338435e-02
-8.772736101004e+00,4.994195152616e+00,5.470717863597e-02
-8.772298355586e+00,2.858881512181e+00,8.188790723048e-02
-8.772226377047e+00,5.468750175001e-01,8.568546628549e-02
-8.772153528712e+00,3.843138341405e+00,7.647179279874e-02
-8.772054169655e+00,2.332939593683e+00,8.343339140504e-02
-8.772039117295e+00,3.907562714780e+00,7.592096444307e-02
-8.771905993892e+00,2.448784378342e+00,8.314574868504e-02
-8.771806348912e+00,3.778900655995e+00,7.699567068326e-02
-8.771500477375e+00,9.843750315000e-01,8.543600906972e-02
-8.771460591391e+00,3.972170416460e+00,7.534107702231e-02
-8.771084654443e+00,3.216659911517e+00,8.043067110678e-02
-8.771000125594e+00,3.714852992378e+00,7.749450912135e-02
-8.770611397469e+00,2.217394666937e+00,8.371135436963e-02
-8.770415452235e+00,4.036958061469e+00,7.472979849559e-02
-8.770154801004e+00,1.252310351773e+00,8.520944763828e-02
-8.770144811856e+00,2.564906197167e+00,8.284811153213e-02
-8.770086904305e+00,5.781250185001e-01,8.568694639549e-02
-8.769737430666e+00,3.650998658312e+00,7.797004397575e-02
-8.769207683870e+00,1.646840542405e+00,8.474039629942e-02
-8.768901225741e+00,4.101922239820e+00,7.408454339963e-02
-8.768876354905e+00,5.356769560377e+00,3.084826039762e-02
-8.768020859836e+00,3.587340935764e+00,7.842385540657e-02
-8.767947431564e+00,6.093750195001e-01,8.568780599862e-02
-8.767845280135e+00,4.571461857339e+00,6.720414111129e-02
-8.767730986156e+00,1.816863720592e+00,8.449437854961e-02
-8.767710577516e+00,5.208713588584e+00,4.367790965848e-02
-8.767640772144e+00,5.505858949101e+00,1.009313673298e-02
-8.767600038036e+00,2.102172045535e+00,8.397994737509e-02
-8.767522896230e+00,1.477288550722e+00,8.497768836960e-02
-8.767441324770e+00,1.027983980447e+00,8.543186944058e-02
-8.766915462882e+00,4.167059516328e+00,7.340243802304e-02
-8.766748874137e+00,2.681281851629e+00,8.253967584647e-02
-8.765853032315e+00,3.523883080898e+00,7.885738481913e-02
-8.765807958822e+00,6.406250205002e-01,8.568804536995e-02
-8.765770208239e+00,4.848729884053e+00,6.042702834610e-02
-8.764632144245e+00,2.975939389314e+00,8.154229615783e-02
-8.764455739875e+00,4.232366430887e+00,7.267701708244e-02
-8.764171897699e+00,5.061728949635e+00,5.239209412565e-02
-8.763668486080e+00,6.718750215002e-01,8.568735316167e-02
-8.763436802144e+00,3.154822243294e+00,8.081514457400e-02
-8.763236590818e+00,3.460628323345e+00,7.927194966586e-02
-8.763042748869e+00,1.987293795196e+00,8.423947460244e-02
-8.762727905118e+00,1.308270741117e+00,8.520642825566e-02
-8.762419750587e+00,4.637872377090e+00,6.605198521509e-02
-8.761696744882e+00,2.797887776793e+00,8.221782389134e-02
-8.761529013338e+00,7.031250225002e-01,8.568573269334e-02
-8.761519658369e+00,4.297839498737e+00,7.190464221931e-02
-8.761317907142e+00,1.083934375677e+00,8.542941498356e-02
-8.760174201335e+00,3.397579865976e+00,7.966875640847e-02
-8.759456487046e+00,1.702777882782e+00,8.473653006134e-02
-8.759389540596e+00,7.343750235003e-01,8.568349119868e-02
-8.758778844011e+00,1.533225274070e+00,8.497414690787e-02
-8.758289358035e+00,4.915852982432e+00,5.869602521443e-02
-8.758106983052e+00,2.388833001654e+00,8.342907062015e-02
-8.758104845693e+00,4.363475210573e+00,7.108336144754e-02
-8.757591589401e+00,5.425176701989e+00,2.511080526715e-02
-8.757539025357e+00,5.276753332911e+00,3.998262147323e-02
-8.757388291269e+00,2.273293005091e+00,8.370696108339e-02
-8.757250067855e+00,7.656250245003e-01,8.568062796793e-02
-8.757228026457e+00,2.504662617025e+00,8.314156544013e-02
-8.756962478309e+00,1.872781595970e+00,8.449023400753e-02
-8.756921193507e+00,1.562500050003e-02,8.589863098794e-02
-8.756668552717e+00,3.334740885226e+00,8.004857607261e-02
-8.756502919971e+00,4.704427123318e+00,6.480997521622e-02
-8.756214955748e+00,4.687500150007e-02,8.590264079975e-02
-8.755508717989e+00,7.812500250012e-02,8.590605294930e-02
-8.755253275051e+00,3.093165645141e+00,8.118437659937e-02
-8.755230902538e+00,5.574615497594e+00,1.150235522202e-05
-8.755110595113e+00,7.968750255002e-01,8.567714210068e-02
-8.755101388056e+00,5.129383562189e+00,4.981534042001e-02
-8.755094174757e+00,2.158065210108e+00,8.397553983882e-02
-8.754980446105e+00,1.364187078083e+00,8.520325201352e-02
-8.754967308732e+00,2.914700041286e+00,8.188454613023e-02
-8.754875188855e+00,1.139848795175e+00,8.542679978783e-02
-8.754802480230e+00,1.093750035002e-01,8.590849033065e-02
-8.754729502872e+00,2.620758892573e+00,8.284413827242e-02
-8.754208955066e+00,4.429270032773e+00,7.020839752673e-02
-8.754096242471e+00,1.406250045003e-01,8.591011657193e-02
-8.753390004712e+00,1.718750055004e-01,8.591114797779e-02
-8.752971122371e+00,8.281250265001e-01,8.567303250510e-02
-8.752683766953e+00,2.031250065004e-01,8.591158486041e-02
-8.751977529194e+00,2.343750075005e-01,8.591142735449e-02
-8.751350042102e+00,3.272402272221e+00,8.043017631221e-02
-8.751271291435e+00,2.656250085005e-01,8.591067541749e-02
-8.751247156066e+00,2.043171820530e+00,8.423510486050e-02
-8.750831649629e+00,8.593750275001e-01,8.566829789717e-02
-8.750589804230e+00,2.737098499108e+00,8.253548569899e-02
-8.750565053676e+00,2.968750095005e-01,8.590891434634e-02
-8.750307444069e+00,4.983104990020e+00,5.679761164212e-02
-8.750092577754e+00,4.771122436148e+00,6.346720598508e-02
-8.749858815917e+00,3.281250105004e-01,8.590637825045e-02
-8.749829665838e+00,4.495220407536e+00,6.927433036299e-02
-8.749713171532e+00,1.589109785605e+00,8.497045316768e-02
-8.749382459116e+00,1.758656740230e+00,8.473251682308e-02
-8.749152578157e+00,3.593750115003e-01,8.590324585842e-02
-8.748692176888e+00,8.906250285000e-01,8.566163515133e-02
-8.748547992658e+00,3.834788621709e+00,7.699599583886e-02
-8.748493856938e+00,3.899048078188e+00,7.647217406038e-02
-8.748446340398e+00,3.906250125002e-01,8.589951620382e-02
-8.748141674856e+00,3.770716271562e+00,7.749478228731e-02
-8.748113395000e+00,1.195725294422e+00,8.542402375179e-02
-8.747976741514e+00,3.963491289069e+00,7.592140635732e-02
-8.747740102640e+00,4.218750135002e-01,8.589518814064e-02
-8.747277454088e+00,3.706834353822e+00,7.797026888745e-02
-8.747033864880e+00,4.531250145001e-01,8.589019137027e-02
-8.746994144659e+00,4.028114877088e+00,7.534158462254e-02
-8.746912698318e+00,1.420057410365e+00,8.519991886464e-02
-8.746854078294e+00,5.344901819693e+00,3.574822305743e-02
-8.746552704146e+00,9.218750295000e-01,8.565604735953e-02
-8.746539775924e+00,3.031694353742e+00,8.153946274124e-02
-8.746327627121e+00,4.843750155000e-01,8.588395935987e-02
-8.745957905076e+00,3.643146168462e+00,7.842403546101e-02
-8.745870051061e+00,1.928634655679e+00,8.448594843989e-02
-8.745788507897e+00,5.493684209951e+00,1.830248214112e-02
-8.745543589269e+00,4.092915439952e+00,7.473037736706e-02
-8.745522535783e+00,5.197155179855e+00,4.692997345516e-02
-8.744964683721e+00,4.561322753041e+00,6.827498510613e-02
-8.744912331845e+00,5.156250165000e-01,8.588179412585e-02
-8.744787638840e+00,2.853657740802e+00,8.221397079076e-02
-8.744413231404e+00,9.531250305000e-01,8.564796336501e-02
-8.744185626281e+00,3.579654989658e+00,7.885752311198e-02
-8.744141475003e+00,3.210535402734e+00,8.081374772561e-02
-8.743837752935e+00,2.329111167916e+00,8.370244873781e-02
-8.743831182034e+00,2.444641687716e+00,8.342463950081e-02
-8.743622623250e+00,4.157889550152e+00,7.408519975651e-02
-8.743186540821e+00,4.837954632222e+00,6.201093372543e-02
-8.742787979052e+00,5.468750175001e-01,8.588372528847e-02
-8.742273758662e+00,9.843750315000e-01,8.564009695762e-02
-8.742262123301e+00,2.213882704503e+00,8.397100526137e-02
-8.742220324838e+00,2.560451546569e+00,8.313728135588e-02
-8.741963239614e+00,3.516364065774e+00,7.927204902349e-02
-8.741822369676e+00,5.050482148314e+00,5.470632144892e-02
-8.741228819702e+00,4.223033755231e+00,7.340317879742e-02
-8.741032762565e+00,1.251561929848e+00,8.542108678280e-02
-8.740663626259e+00,5.781250185001e-01,8.588505614336e-02
-8.740326202807e+00,1.644940127129e+00,8.496660716148e-02
-8.739611740946e+00,4.627573463770e+00,6.720329602809e-02
-8.739293390441e+00,3.453276618603e+00,7.966881941633e-02
-8.739126679970e+00,2.098978638161e+00,8.423060080729e-02
-8.738985962394e+00,1.814475148907e+00,8.472835665012e-02
-8.738983403202e+00,2.676517652033e+00,8.284007445936e-02
-8.738539273466e+00,6.093750195001e-01,8.588578710356e-02
-8.738524947972e+00,1.475879787539e+00,8.519642877169e-02
-8.738359777102e+00,4.288344578053e+00,7.267619518088e-02
-8.738230965978e+00,1.027900593498e+00,8.563633940379e-02
-8.737302037545e+00,2.970412558043e+00,8.188112699230e-02
-8.736414920673e+00,6.406250205002e-01,8.588591840181e-02
-8.736393688325e+00,3.148846066013e+00,8.118218907621e-02
-8.736178747357e+00,3.390395843154e+00,8.004860510207e-02
-8.735782653392e+00,4.904920005457e+00,6.042617139884e-02
-8.735653790071e+00,5.413155166777e+00,3.084759168811e-02
-8.735433333288e+00,5.265039970132e+00,4.367710651100e-02
-8.735013119557e+00,4.353818516932e+00,7.190381859698e-02
-8.734454105292e+00,1.984420927552e+00,8.448152196773e-02
-8.734290567880e+00,6.718750215002e-01,8.588486947968e-02
-8.734098951256e+00,2.792816544881e+00,8.253121289279e-02
-8.733768596449e+00,4.693968910753e+00,6.605113983909e-02
-8.733633540322e+00,1.307356759798e+00,8.541798879731e-02
-8.733465227106e+00,5.562288152285e+00,1.009286428796e-02
-8.732832066376e+00,5.117980676382e+00,5.239124796292e-02
-8.732166215087e+00,7.031250225002e-01,8.588320249072e-02
-8.732126268979e+00,1.083684337648e+00,8.563401295486e-02
-8.731276810987e+00,3.328023437542e+00,8.042968401356e-02
-8.731186497006e+00,4.419452045840e+00,7.108253626360e-02
-8.730618273809e+00,1.700714342255e+00,8.496260891250e-02
-8.730041862294e+00,7.343750235003e-01,8.588093493520e-02
-8.729960277021e+00,2.384847161989e+00,8.369781759673e-02
-8.729817493153e+00,1.531652261012e+00,8.519278170721e-02
-8.729227288787e+00,2.500363651664e+00,8.342009834908e-02
-8.729104350735e+00,2.269622542845e+00,8.396634386485e-02
-8.728267371134e+00,1.870231145384e+00,8.472404961952e-02
-8.728112358954e+00,3.087338533286e+00,8.153658511966e-02
-8.727917509501e+00,7.656250245003e-01,8.587806610965e-02
-8.727878787133e+00,4.972014827425e+00,5.869517240610e-02
-8.727545822333e+00,2.909324399085e+00,8.221004702768e-02
-8.727433036167e+00,4.760505441594e+00,6.480913012515e-02
-8.727382203238e+00,1.562500050003e-02,8.609087149632e-02
-8.726883439336e+00,2.616149159490e+00,8.313289676712e-02
-8.726877585475e+00,4.485241614538e+00,7.020757097933e-02
-8.726681760364e+00,2.154712270422e+00,8.422596262093e-02
-8.726680992083e+00,4.687500150007e-02,8.609471778859e-02
-8.725979780927e+00,7.812500250012e-02,8.609798607009e-02
-8.725915988843e+00,1.363107844355e+00,8.541472972098e-02
-8.725793156708e+00,7.968750255002e-01,8.587459512924e-02
-8.725704512027e+00,1.139432358527e+00,8.563146413223e-02
-8.725278569771e+00,1.093750035002e-01,8.610027453896e-02
-8.724948596582e+00,3.890533441596e+00,7.699633363593e-02
-8.724942456605e+00,3.826438902013e+00,7.749506787535e-02
-8.724831801682e+00,5.333034079010e+00,3.998185444612e-02
-8.724577358615e+00,1.406250045003e-01,8.610181546430e-02
-8.724508924633e+00,3.266130178833e+00,8.081233688785e-02
-8.724492891638e+00,3.954812161677e+00,7.647256818836e-02
-8.724477000800e+00,3.762531887129e+00,7.797050600722e-02
-8.723936243651e+00,5.481509470800e+00,2.511022880982e-02
-8.723876147460e+00,1.718750055004e-01,8.610278102869e-02
-8.723668803915e+00,8.281250265001e-01,8.587052005528e-02
-8.723572837082e+00,4.019271692706e+00,7.592186136816e-02
-8.723554782582e+00,3.698815715265e+00,7.842422751475e-02
-8.723334494049e+00,5.185596771126e+00,4.981450917435e-02
-8.723174936304e+00,2.031250065004e-01,8.610317152003e-02
-8.722907091222e+00,2.732180462176e+00,8.283592045274e-02
-8.722715053945e+00,2.040138441639e+00,8.447695472442e-02
-8.722473725148e+00,2.343750075005e-01,8.610298705747e-02
-8.722185952798e+00,4.083908640083e+00,7.534210555434e-02
-8.722178379486e+00,3.635293678611e+00,7.885767320053e-02
-8.722084087306e+00,4.551183648742e+00,6.927350269839e-02
-8.721772513992e+00,2.656250085005e-01,8.610222759156e-02
-8.721544451122e+00,8.593750275001e-01,8.586584225353e-02
-8.721071302837e+00,2.968750095005e-01,8.610038120553e-02
-8.720790643819e+00,1.587372883998e+00,8.518897765378e-02
-8.720619893444e+00,5.630984576213e+00,1.150235515379e-05
-8.720602873403e+00,4.827179380391e+00,6.346636189805e-02
-8.720589732477e+00,1.756430476396e+00,8.495845845481e-02
-8.720370091681e+00,3.281250105004e-01,8.609789581742e-02
-8.720350392726e+00,3.571969043552e+00,7.927215997856e-02
-8.720329783619e+00,4.148719583976e+00,7.473096981024e-02
-8.719668880525e+00,3.593750115003e-01,8.609483360179e-02
-8.719472841653e+00,5.039235346993e+00,5.679676477984e-02
-8.719420098329e+00,8.906250285000e-01,8.585910853592e-02
-8.719303194082e+00,3.026017028233e+00,8.187765009820e-02
-8.718967669369e+00,3.906250125002e-01,8.609119363034e-02
-8.718965918634e+00,1.195142725262e+00,8.562862478553e-02
-8.718266458214e+00,4.218750135002e-01,8.608697480393e-02
-8.718073446913e+00,3.508845050650e+00,7.966889382855e-02
-8.718001899528e+00,4.213701079574e+00,7.408586992993e-02
-8.717880380567e+00,1.418813244819e+00,8.541130948859e-02
-8.717565247058e+00,4.531250145001e-01,8.608194727691e-02
-8.717295745535e+00,9.218750295000e-01,8.585314884466e-02
-8.717276922095e+00,2.848433969422e+00,8.252685770934e-02
-8.717227071526e+00,1.925922768619e+00,8.471959581999e-02
-8.717198295564e+00,3.204410893951e+00,8.117997209276e-02
-8.716864035902e+00,4.843750155000e-01,8.607586170580e-02
-8.716803731304e+00,4.617274550450e+00,6.827415662971e-02
-8.715756370177e+00,2.440498997089e+00,8.369306793758e-02
-8.715621336216e+00,2.325282742148e+00,8.396155588467e-02
-8.715458813902e+00,5.156250165000e-01,8.607370229625e-02
-8.715350190065e+00,3.445924913861e+00,8.004864534841e-02
-8.715199895835e+00,4.278849657370e+00,7.340308693222e-02
-8.715171392742e+00,9.531250305000e-01,8.584564512660e-02
-8.714295837819e+00,2.555996895971e+00,8.341544748061e-02
-8.713912849133e+00,2.210370742069e+00,8.422119049251e-02
-8.713715990741e+00,5.401133631565e+00,3.574750467280e-02
-8.713349581058e+00,5.468750175001e-01,8.607547345815e-02
-8.713327641221e+00,5.253326607353e+00,4.692916221386e-02
-8.713275948749e+00,4.893987028481e+00,6.201009153926e-02
-8.713047039949e+00,9.843750315000e-01,8.583747017273e-02
-8.711921393420e+00,4.344161823290e+00,7.267538761090e-02
-8.711910724125e+00,1.250813507923e+00,8.562562068151e-02
-8.711699551674e+00,5.549960806977e+00,1.830203420991e-02
-8.711444721743e+00,1.643039711854e+00,8.518501660412e-02
-8.711240348213e+00,5.781250185001e-01,8.607666396669e-02
-8.711217932267e+00,2.671753452438e+00,8.312841202192e-02
-8.711034272927e+00,4.683510698187e+00,6.720246711794e-02
-8.710865705773e+00,3.383521346674e+00,8.042919426933e-02
-8.710653321905e+00,2.095785230786e+00,8.447224685579e-02
-8.710562744696e+00,5.106577790576e+00,5.470548283367e-02
-8.710240938634e+00,1.812086577222e+00,8.495415583346e-02
-8.709971930845e+00,2.964885726772e+00,8.220605289561e-02
-8.709526999714e+00,1.474471024357e+00,8.540772804432e-02
-8.709350574505e+00,3.142869888733e+00,8.153366355614e-02
-8.709131115369e+00,6.093750195001e-01,8.607727418742e-02
-8.709020607185e+00,1.027817206548e+00,8.583344621802e-02
-8.708164038945e+00,4.409634058907e+00,7.190300959674e-02
-8.707021882525e+00,6.406250205002e-01,8.607706127262e-02
-8.706501157630e+00,2.787745312969e+00,8.283167662539e-02
-8.705865461715e+00,1.981548059909e+00,8.471499535212e-02
-8.705450130196e+00,4.960924664829e+00,6.042533223586e-02
-8.704912649680e+00,6.718750215002e-01,8.607593223718e-02
-8.704773494581e+00,4.749888447040e+00,6.605031096324e-02
-8.704539878491e+00,3.321604519396e+00,8.081091221437e-02
-8.704539175527e+00,1.306442778478e+00,8.562245171973e-02
-8.703925505113e+00,4.475262821541e+00,7.108172599938e-02
-8.702934630815e+00,1.083434299618e+00,8.583105638468e-02
-8.702809525071e+00,5.321166338326e+00,4.367632199304e-02
-8.702803416836e+00,7.031250225002e-01,8.607422263135e-02
-8.702083979405e+00,5.469334731650e+00,3.084693925521e-02
-8.701813570990e+00,2.380861322324e+00,8.395664156973e-02
-8.701780060573e+00,1.698650801728e+00,8.518089856137e-02
-8.701403336225e+00,3.882018805003e+00,7.749536588371e-02
-8.701336920552e+00,3.818089182317e+00,7.797075533353e-02
-8.701226551118e+00,2.496064686302e+00,8.368820005152e-02
-8.701146452316e+00,5.174038362397e+00,5.239042054474e-02
-8.701009041761e+00,3.946133034286e+00,7.699668407254e-02
-8.700971442856e+00,3.081511421431e+00,8.187411573907e-02
-8.700856142295e+00,1.530079247954e+00,8.540398534180e-02
-8.700820410200e+00,2.265952080600e+00,8.421628462631e-02
-8.700812326744e+00,3.754347502695e+00,7.842443156662e-02
-8.700694183991e+00,7.343750235003e-01,8.607193193053e-02
-8.700151529506e+00,4.010428508324e+00,7.647297518052e-02
-8.700124335933e+00,2.903948756884e+00,8.252242044210e-02
-8.699832111077e+00,3.690797076709e+00,7.885783508396e-02
-8.699572263959e+00,1.867680694798e+00,8.494970110472e-02
-8.699203490892e+00,4.541044544444e+00,7.020675965651e-02
-8.699037375799e+00,2.611539426407e+00,8.341068722480e-02
-8.698941856435e+00,5.618505229688e+00,1.009259881918e-02
-8.698828316327e+00,4.074901840214e+00,7.592232947275e-02
-8.698584951147e+00,7.656250245003e-01,8.606905943801e-02
-8.698398853896e+00,3.627441188760e+00,7.927228253038e-02
-8.698269345970e+00,2.151359330736e+00,8.446739852023e-02
-8.698019205984e+00,4.816404128560e+00,6.480830186265e-02
-8.697843212970e+00,1.562500050003e-02,8.627686266179e-02
-8.697667807164e+00,3.259858085446e+00,8.117772587236e-02
-8.697147028418e+00,4.687500150007e-02,8.628055382200e-02
-8.697123313630e+00,5.027988545672e+00,5.869433767654e-02
-8.697036943988e+00,4.139549617800e+00,7.534263981475e-02
-8.696851531580e+00,1.362028610627e+00,8.561911780843e-02
-8.696533835199e+00,1.139015921879e+00,8.582849951602e-02
-8.696515159172e+00,3.564283097446e+00,7.966897964459e-02
-8.696475718303e+00,7.968750255002e-01,8.606560428449e-02
-8.696450843865e+00,7.812500250012e-02,8.628368567464e-02
-8.695754659313e+00,1.093750035002e-01,8.628583481753e-02
-8.695224378215e+00,2.727262425244e+00,8.312382748182e-02
-8.695058474760e+00,1.406250045003e-01,8.628729504780e-02
-8.694774979354e+00,4.204368403918e+00,7.473157582186e-02
-8.694366485458e+00,8.281250265001e-01,8.606122927689e-02
-8.694362290208e+00,1.718750055004e-01,8.628819845593e-02
-8.694183654211e+00,3.501326035527e+00,8.004869681141e-02
-8.694182951824e+00,2.037105062747e+00,8.471024832849e-02
-8.693995721662e+00,4.606975637130e+00,6.927269057019e-02
-8.693666105655e+00,2.031250065004e-01,8.628854530743e-02
-8.692969921103e+00,2.343750075005e-01,8.628833570713e-02
-8.692273736550e+00,2.656250085005e-01,8.628752724057e-02
-8.692257252614e+00,8.593750275001e-01,8.605665764565e-02
-8.692066612241e+00,3.020339702725e+00,8.220198869910e-02
-8.692040014568e+00,4.269354736686e+00,7.408655391575e-02
-8.691868116107e+00,1.585635982392e+00,8.540008134411e-02
-8.691797005838e+00,1.754204212562e+00,8.517662353900e-02
-8.691778191411e+00,5.389112096353e+00,3.998110563791e-02
-8.691577551998e+00,2.968750095005e-01,8.628564821955e-02
-8.691221949152e+00,5.241613244574e+00,4.981369676593e-02
-8.690881367445e+00,3.281250105004e-01,8.628321163783e-02
-8.690769244106e+00,4.883054051506e+00,6.346553496634e-02
-8.690255116124e+00,3.198286385169e+00,8.153069832194e-02
-8.690185182893e+00,3.593750115003e-01,8.628021676502e-02
-8.690148019770e+00,8.906250285000e-01,8.605015199864e-02
-8.690117483727e+00,3.438893943253e+00,8.042870713933e-02
-8.689933876242e+00,5.537633461668e+00,2.510966673794e-02
-8.689818442268e+00,1.194560156102e+00,8.582577559111e-02
-8.689766205349e+00,2.843210198043e+00,8.282734083135e-02
-8.689488998340e+00,3.906250125002e-01,8.627666270885e-02
-8.688848062815e+00,1.417569079272e+00,8.561561886446e-02
-8.688829667284e+00,4.334505129649e+00,7.340229498082e-02
-8.688792813788e+00,4.218750135002e-01,8.627254841436e-02
-8.688584091992e+00,1.923210881560e+00,8.494509433619e-02
-8.688299949406e+00,4.673052485622e+00,6.827334400779e-02
-8.688293423017e+00,5.095174904769e+00,5.679593626442e-02
-8.688096629235e+00,4.531250145001e-01,8.626747783559e-02
-8.688038786925e+00,9.218750295000e-01,8.604386375836e-02
-8.687681558319e+00,2.436356306462e+00,8.395160118261e-02
-8.687404919497e+00,2.321454316381e+00,8.421124523985e-02
-8.687400444683e+00,4.843750155000e-01,8.626155615171e-02
-8.686371350800e+00,2.551542245374e+00,8.368321424355e-02
-8.686005295959e+00,5.156250165000e-01,8.625940336185e-02
-8.685929554081e+00,9.531250305000e-01,8.603689242401e-02
-8.685661329806e+00,5.687138773153e+00,1.150235524429e-05
-8.685563574965e+00,2.206858779636e+00,8.446240988903e-02
-8.685141580885e+00,4.399816071974e+00,7.267459437746e-02
-8.684235076582e+00,3.376956376536e+00,8.080947386277e-02
-8.683911183063e+00,5.468750175001e-01,8.626102375996e-02
-8.683820321237e+00,9.843750315000e-01,8.602844983880e-02
-8.683452461331e+00,2.666989252842e+00,8.340581792483e-02
-8.683021473260e+00,4.949834502234e+00,6.200926683002e-02
-8.682788685686e+00,1.250065085997e+00,8.582288459746e-02
-8.682641824145e+00,2.959358895500e+00,8.251790139668e-02
-8.682563240679e+00,1.641139296578e+00,8.539601602408e-02
-8.682307460686e+00,3.136893711452e+00,8.187052421590e-02
-8.682179963839e+00,2.092591823411e+00,8.470535487395e-02
-8.682113952994e+00,4.739271452486e+00,6.720165438578e-02
-8.681817070167e+00,5.781250185001e-01,8.626208221370e-02
-8.681495914872e+00,1.809698005537e+00,8.517219156113e-02
-8.680973424751e+00,4.465284028543e+00,7.190221522301e-02
-8.680787248460e+00,5.309298597642e+00,4.692836978810e-02
-8.680529051457e+00,1.473062261174e+00,8.561195481353e-02
-8.680231715159e+00,5.457159992500e+00,3.574680377167e-02
-8.679810248392e+00,1.027733819599e+00,8.602418875485e-02
-8.679722957272e+00,6.093750195001e-01,8.626257904497e-02
-8.678958410582e+00,5.162479953668e+00,5.470466279442e-02
-8.678903364004e+00,2.782674081056e+00,8.311914352214e-02
-8.677858075868e+00,3.873504168411e+00,7.797101686484e-02
-8.677802945995e+00,3.315185601251e+00,8.117545064449e-02
-8.677731384499e+00,3.809739462621e+00,7.842464761529e-02
-8.677628844376e+00,6.406250205002e-01,8.626203615724e-02
-8.677525191885e+00,3.937453906894e+00,7.749567631065e-02
-8.677276818138e+00,1.978675192265e+00,8.494033560698e-02
-8.677263819426e+00,5.606025883164e+00,1.830159774626e-02
-8.677147652688e+00,3.746163118262e+00,7.885800876129e-02
-8.676730221930e+00,4.001585323942e+00,7.699704714675e-02
-8.676322894478e+00,4.530905440146e+00,7.108093065919e-02
-8.676109439571e+00,3.682778438153e+00,7.927241667827e-02
-8.675534731480e+00,6.718750215002e-01,8.626084956296e-02
-8.675470679855e+00,4.065895040346e+00,7.647339503433e-02
-8.675444810731e+00,1.305528797159e+00,8.581982653104e-02
-8.675435538566e+00,4.805628876729e+00,6.604949859227e-02
-8.674773785607e+00,5.016741744352e+00,6.042451086131e-02
-8.674619328306e+00,3.619588698909e+00,7.966907686392e-02
-8.673830526759e+00,3.075684309576e+00,8.219785475372e-02
-8.673744104356e+00,4.130379651623e+00,7.592281066838e-02
-8.673742992652e+00,1.083184261589e+00,8.602174163265e-02
-8.673666864960e+00,2.376875482659e+00,8.420607256418e-02
-8.673440618585e+00,7.031250225002e-01,8.625910094460e-02
-8.673225813448e+00,2.491765720940e+00,8.394643499976e-02
-8.672941847336e+00,1.696587261201e+00,8.539178936445e-02
-8.672702849534e+00,2.898573114682e+00,8.282243472455e-02
-8.672679925617e+00,3.556597151339e+00,8.004875949071e-02
-8.672536469666e+00,2.262281618354e+00,8.445728114640e-02
-8.671894791438e+00,1.528506234895e+00,8.560812559031e-02
-8.671548059181e+00,4.195035728261e+00,7.534318740081e-02
-8.671346505689e+00,7.343750235003e-01,8.625678977658e-02
-8.671191312263e+00,2.606929693323e+00,8.367811083282e-02
-8.671187712021e+00,4.596676723810e+00,7.020596356271e-02
-8.670877156784e+00,1.865130244212e+00,8.516760266261e-02
-8.670826689695e+00,3.253585992059e+00,8.152768969654e-02
-8.669856931577e+00,2.148006391050e+00,8.470031512565e-02
-8.669840392081e+00,5.377090561141e+00,4.367555610757e-02
-8.669252392793e+00,7.656250245003e-01,8.625391536941e-02
-8.669116257084e+00,5.229899881795e+00,5.238961187559e-02
-8.669032914536e+00,3.494139175822e+00,8.042822268477e-02
-8.668880133302e+00,4.259859816002e+00,7.473219539821e-02
-8.668304222702e+00,1.562500050003e-02,8.645690264226e-02
-8.668262539463e+00,4.872121074530e+00,6.480749043301e-02
-8.668168200809e+00,5.525306116359e+00,3.084630310145e-02
-8.667787074318e+00,1.360949376899e+00,8.581660139641e-02
-8.667613064752e+00,4.687500150007e-02,8.646044651550e-02
-8.667541665208e+00,2.722344388311e+00,8.340083993785e-02
-8.667363158372e+00,1.138599485231e+00,8.601912429238e-02
-8.667158279898e+00,7.968750255002e-01,8.625039978382e-02
-8.666921906803e+00,7.812500250012e-02,8.646344889569e-02
-8.666230748854e+00,1.093750035002e-01,8.646546755236e-02
-8.666024101337e+00,5.083772018963e+00,5.869352102987e-02
-8.665737941148e+00,4.324848436007e+00,7.408725170976e-02
-8.665650849704e+00,2.034071683856e+00,8.493542500786e-02
-8.665565625884e+00,4.662594273056e+00,6.927189398299e-02
-8.665539590905e+00,1.406250045003e-01,8.646685140232e-02
-8.665064167002e+00,8.281250265001e-01,8.624583496538e-02
-8.664848432956e+00,1.718750055004e-01,8.646769609188e-02
-8.664830030399e+00,3.014662377216e+00,8.251330089080e-02
-8.664157275006e+00,2.031250065004e-01,8.646800186579e-02
-8.664071976661e+00,5.674508037486e+00,1.009234032736e-02
-8.663595271427e+00,3.432183706781e+00,8.080802199460e-02
-8.663466117057e+00,2.343750075005e-01,8.646776881573e-02
-8.663311936684e+00,3.192161876386e+00,8.186687583961e-02
-8.663004279199e+00,1.751977948729e+00,8.538740135783e-02
-8.662970054107e+00,8.593750275001e-01,8.624111121803e-02
-8.662945588394e+00,1.583899080785e+00,8.560413113839e-02
-8.662774959108e+00,2.656250085005e-01,8.646685942948e-02
-8.662255488603e+00,2.837986426663e+00,8.311436053193e-02
-8.662119122824e+00,4.389998085041e+00,7.340151708819e-02
-8.662083801159e+00,2.968750095005e-01,8.646500977858e-02
-8.661392643209e+00,3.281250105004e-01,8.646262020291e-02
-8.660875941211e+00,8.906250285000e-01,8.623507111770e-02
-8.660701485260e+00,3.593750115003e-01,8.645968999850e-02
-8.660670965903e+00,1.193977586942e+00,8.601633669682e-02
-8.660592816324e+00,4.938744339638e+00,6.346472519412e-02
-8.660010327311e+00,3.906250125002e-01,8.645621830707e-02
-8.659941112457e+00,1.920498994500e+00,8.516285688927e-02
-8.659815745064e+00,1.416324913726e+00,8.581319271440e-02
-8.659606746461e+00,2.432213615835e+00,8.420076684407e-02
-8.659454411407e+00,4.728654457932e+00,6.827254724528e-02
-8.659319169362e+00,4.218750135002e-01,8.645220411540e-02
-8.659188502777e+00,2.317625890614e+00,8.445201248983e-02
-8.658781828315e+00,9.218750295000e-01,8.622849328038e-02
-8.658764971849e+00,5.297430856958e+00,4.981290319856e-02
-8.658628011412e+00,4.531250145001e-01,8.644710181444e-02
-8.658446863781e+00,2.547087594776e+00,8.394114331168e-02
-8.658379450913e+00,5.444985253349e+00,3.998037505167e-02
-8.658021344389e+00,4.455305235546e+00,7.267381548495e-02
-8.657936853463e+00,4.843750155000e-01,8.644133682886e-02
-8.657604447392e+00,3.370391406397e+00,8.117314664487e-02
-8.657214300797e+00,2.203346817202e+00,8.469512923337e-02
-8.656770368849e+00,5.150921544939e+00,5.679512610007e-02
-8.656687715420e+00,9.531250305000e-01,8.622201085939e-02
-8.656551778015e+00,5.156250165000e-01,8.643919136854e-02
-8.655686990396e+00,2.662225053246e+00,8.367289015256e-02
-8.655585782417e+00,5.593546536639e+00,2.510911905351e-02
-8.655311717445e+00,2.953832064229e+00,8.281743628147e-02
-8.655264346867e+00,3.130917534172e+00,8.219365138622e-02
-8.654593602524e+00,9.843750315000e-01,8.621333726945e-02
-8.654472785068e+00,5.468750175001e-01,8.644066961366e-02
-8.654312815512e+00,3.864989531819e+00,7.842487565940e-02
-8.654125848445e+00,3.801389742925e+00,7.885819423136e-02
-8.654041342008e+00,3.928774779503e+00,7.797129059962e-02
-8.653706605773e+00,2.089398416037e+00,8.493036264154e-02
-8.653681759615e+00,1.639238881302e+00,8.559997141058e-02
-8.653666647246e+00,1.249316664072e+00,8.601337881664e-02
-8.653482978631e+00,3.737978733829e+00,7.927256242141e-02
-8.653442298063e+00,4.520766335847e+00,7.190143548009e-02
-8.653308914354e+00,3.992742139561e+00,7.749599915447e-02
-8.652851871148e+00,4.794853624898e+00,6.720085783632e-02
-8.652750891112e+00,1.807309433852e+00,8.538285200700e-02
-8.652424257584e+00,5.005494943031e+00,6.200845960190e-02
-8.652393792121e+00,5.781250185001e-01,8.644160373713e-02
-8.652386768065e+00,3.674759799596e+00,7.966918548599e-02
-8.652113043384e+00,4.056888240477e+00,7.699742285631e-02
-8.651531103199e+00,1.471653497991e+00,8.580945406292e-02
-8.651305570377e+00,2.777602849144e+00,8.339575363535e-02
-8.651066013499e+00,3.308766683105e+00,8.152463796761e-02
-8.650839802716e+00,3.611736209058e+00,8.004883338590e-02
-8.650599889600e+00,1.027650432650e+00,8.620886543968e-02
-8.650451264725e+00,4.121209685447e+00,7.647382774733e-02
-8.650356545541e+00,5.743075945725e+00,1.150235534481e-05
-8.650314799174e+00,6.093750195001e-01,8.644184643598e-02
-8.648688174561e+00,1.975802324621e+00,8.515795429801e-02
-8.648379702379e+00,4.586377810490e+00,7.108015024744e-02
-8.648321139007e+00,4.185703052605e+00,7.592330495239e-02
-8.648235806227e+00,6.406250205002e-01,8.644115046093e-02
-8.647902592751e+00,5.365069025929e+00,4.692759618099e-02
-8.647612780268e+00,3.549254997912e+00,8.042774096813e-02
-8.647010565016e+00,5.218186519016e+00,5.470386133574e-02
-8.646689610662e+00,3.069857197721e+00,8.250861925432e-02
-8.646402525377e+00,5.512978771051e+00,3.574612035696e-02
-8.646350445936e+00,1.304614815840e+00,8.601025063043e-02
-8.646156813281e+00,6.718750215002e-01,8.643991050800e-02
-8.645755834820e+00,4.861188097554e+00,6.604870273041e-02
-8.645720252035e+00,4.250364895318e+00,7.534374830915e-02
-8.645520158929e+00,2.372889642994e+00,8.444660413016e-02
-8.645281363135e+00,2.893197472481e+00,8.310947891416e-02
-8.645225075778e+00,2.487466755578e+00,8.419532833812e-02
-8.644551354488e+00,1.082934223560e+00,8.620636660721e-02
-8.644252529131e+00,2.258611156109e+00,8.468979735968e-02
-8.644103634100e+00,1.694523720674e+00,8.559564636911e-02
-8.644077820334e+00,7.031250225002e-01,8.643812620741e-02
-8.643985572227e+00,3.247313898672e+00,8.186317093097e-02
-8.643754779658e+00,5.072369133156e+00,6.042370727934e-02
-8.643345248726e+00,2.602319960240e+00,8.393572642316e-02
-8.642933440580e+00,1.526933221837e+00,8.580554666874e-02
-8.642831302362e+00,4.652136060491e+00,7.020518270246e-02
-8.642646215011e+00,4.315191742366e+00,7.473282853545e-02
-8.642621227886e+00,3.487284471537e+00,8.080655677538e-02
-8.642482623517e+00,5.661877301820e+00,1.830117275154e-02
-8.642182049609e+00,1.862579793625e+00,8.537814132504e-02
-8.641998827387e+00,7.343750235003e-01,8.643579703347e-02
-8.641444517183e+00,2.144653451364e+00,8.492514862278e-02
-8.639919834440e+00,7.656250245003e-01,8.643292230421e-02
-8.639858952200e+00,2.717426351379e+00,8.366755255043e-02
-8.639096664764e+00,4.380180098108e+00,7.408753089140e-02
-8.638765232433e+00,1.562500050003e-02,8.663127107369e-02
-8.638722617056e+00,1.359870143172e+00,8.600695212482e-02
-8.638192481544e+00,1.138183048583e+00,8.620369466481e-02
-8.638164159388e+00,4.927654177043e+00,6.480669584036e-02
-8.638079101087e+00,4.687500150007e-02,8.663467500523e-02
-8.637840841493e+00,7.968750255002e-01,8.642913445421e-02
-8.637593448558e+00,3.008985051708e+00,8.281234582469e-02
-8.637392969741e+00,7.812500250012e-02,8.663755442449e-02
-8.637118747583e+00,2.031038304965e+00,8.515289495704e-02
-8.637073059127e+00,3.425473470309e+00,8.117081411548e-02
-8.636794869820e+00,4.718037463378e+00,6.927111294163e-02
-8.636742695238e+00,5.285563116274e+00,5.238882195941e-02
-8.636706838395e+00,1.093750035002e-01,8.663945075685e-02
-8.636527186667e+00,5.432810514199e+00,4.367480885786e-02
-8.636368757244e+00,3.186037367603e+00,8.218937893474e-02
-8.636020707049e+00,1.406250045003e-01,8.664076225952e-02
-8.635761848546e+00,8.281250265001e-01,8.642462216332e-02
-8.635334575703e+00,1.718750055004e-01,8.664155144045e-02
-8.635069264027e+00,4.445326442549e+00,7.340075325864e-02
-8.634744771858e+00,2.832762655284e+00,8.339055940313e-02
-8.634648444357e+00,2.031250065004e-01,8.664181852514e-02
-8.634582327115e+00,5.139363136210e+00,5.869272247033e-02
-8.634211552560e+00,1.749751684895e+00,8.559115598561e-02
-8.634023060681e+00,1.582162179178e+00,8.580147045606e-02
-8.633962313011e+00,2.343750075005e-01,8.664156359319e-02
-8.633907745407e+00,5.581067190115e+00,3.084568322927e-02
-8.633682855599e+00,8.593750275001e-01,8.641976520199e-02
-8.633276181666e+00,2.656250085005e-01,8.664056325790e-02
-8.632590050320e+00,2.968750095005e-01,8.663874208996e-02
-8.631903918974e+00,3.281250105004e-01,8.663639781408e-02
-8.631603862652e+00,8.906250285000e-01,8.641415266323e-02
-8.631531934604e+00,2.428070925208e+00,8.444105629186e-02
-8.631523489537e+00,1.193395017783e+00,8.620084955913e-02
-8.631298132922e+00,1.917787107440e+00,8.537326933552e-02
-8.631217787628e+00,3.593750115003e-01,8.663352975129e-02
-8.630973818201e+00,3.363826436259e+00,8.152154343103e-02
-8.630972086058e+00,2.313797464847e+00,8.468431968015e-02
-8.630783427312e+00,1.415080748180e+00,8.600348329476e-02
-8.630767555155e+00,3.856474895226e+00,7.885839149302e-02
-8.630561701649e+00,4.510627231549e+00,7.267305093759e-02
-8.630557492131e+00,3.920095652111e+00,7.842511569763e-02
-8.630531656282e+00,3.906250125002e-01,8.663013707553e-02
-8.630522376763e+00,2.542632944179e+00,8.418975731911e-02
-8.630520312392e+00,3.793040023228e+00,7.927271975884e-02
-8.630268203729e+00,4.784078373067e+00,6.827176634683e-02
-8.630074729561e+00,4.994248141710e+00,6.346393258553e-02
-8.629887606778e+00,3.983898955179e+00,7.797157653635e-02
-8.629845524936e+00,4.218750135002e-01,8.662617835625e-02
-8.629818304575e+00,3.729794349396e+00,7.966930551015e-02
-8.629524869705e+00,9.218750295000e-01,8.640732025759e-02
-8.629159393590e+00,4.531250145001e-01,8.662109481846e-02
-8.628865026628e+00,2.199834854768e+00,8.491978307861e-02
-8.628856917490e+00,5.730294440090e+00,1.009208881317e-02
-8.628755406913e+00,4.047881440608e+00,7.749633441313e-02
-8.628664096559e+00,3.666741161040e+00,8.004891849656e-02
-8.628473262244e+00,4.843750155000e-01,8.661547976393e-02
-8.628221233047e+00,3.124941356891e+00,8.250385682953e-02
-8.627981610745e+00,2.948305232957e+00,8.310449908579e-02
-8.627921519461e+00,2.657460853651e+00,8.393018465338e-02
-8.627445876758e+00,9.531250305000e-01,8.640128724229e-02
-8.627158425093e+00,4.112039719271e+00,7.699781119899e-02
-8.627098260072e+00,5.156250165000e-01,8.661334226576e-02
-8.625964793421e+00,5.353047490717e+00,4.981212847550e-02
-8.625857875540e+00,3.604239367604e+00,8.042726205322e-02
-8.625571692738e+00,4.576078897170e+00,7.190067037231e-02
-8.625366883811e+00,9.843750315000e-01,8.639241545595e-02
-8.625233247708e+00,2.086205008662e+00,8.514767894612e-02
-8.625094218833e+00,4.176370376949e+00,7.647427331712e-02
-8.625034387073e+00,5.468750175001e-01,8.661468639257e-02
-8.624904872947e+00,5.206473156237e+00,5.679433429141e-02
-8.624800278552e+00,1.637338466026e+00,8.579722535773e-02
-8.624636849945e+00,5.500651425742e+00,3.997966269057e-02
-8.624544608807e+00,1.248568242146e+00,8.619783124416e-02
-8.624329081002e+00,3.302347764959e+00,8.185940982072e-02
-8.624005867350e+00,1.804920862167e+00,8.558650024132e-02
-8.623707776751e+00,2.772531617232e+00,8.366209838872e-02
-8.623249130177e+00,4.850255120579e+00,6.720007747376e-02
-8.622970514075e+00,5.781250185001e-01,8.661550338882e-02
-8.622560370768e+00,4.240869974634e+00,7.592381232173e-02
-8.622533154942e+00,1.470244734808e+00,8.599984414347e-02
-8.621485457978e+00,5.060966247349e+00,6.200766985901e-02
-8.621389530807e+00,1.027567045700e+00,8.638775668168e-02
-8.621313723125e+00,3.542256637164e+00,8.080507837457e-02
-8.620906641077e+00,6.093750195001e-01,8.661543821227e-02
-8.620893270373e+00,5.649246566153e+00,2.510858575841e-02
-8.620099530984e+00,1.972929456977e+00,8.536823607271e-02
-8.620096978841e+00,4.641677847925e+00,7.107938476860e-02
-8.619554488875e+00,4.305535048725e+00,7.534432253628e-02
-8.619548694565e+00,3.064030085866e+00,8.280716368987e-02
-8.618842768079e+00,6.406250205002e-01,8.661467590861e-02
-8.617859876736e+00,2.887821830280e+00,8.338525764153e-02
-8.617373452898e+00,2.368903803328e+00,8.467869638358e-02
-8.617256081140e+00,1.303700834521e+00,8.619463968126e-02
-8.617224338108e+00,2.483167790216e+00,8.443536921323e-02
-8.617144454758e+00,3.241041805285e+00,8.218503774873e-02
-8.616778895081e+00,6.718750215002e-01,8.661338649314e-02
-8.616209541237e+00,3.480429767251e+00,8.116845330462e-02
-8.616074206703e+00,4.370362111175e+00,7.473347522989e-02
-8.615968588597e+00,2.254940693863e+00,8.491426614858e-02
-8.615735502452e+00,4.916564014448e+00,6.604792338179e-02
-8.615499185189e+00,2.597710227157e+00,8.418405407419e-02
-8.615359716325e+00,1.082684185530e+00,8.638521124866e-02
-8.615265420863e+00,1.692460180147e+00,8.579281131546e-02
-8.614720418627e+00,5.273695375590e+00,5.470307846159e-02
-8.614715022082e+00,7.031250225002e-01,8.661156958951e-02
-8.614706887992e+00,5.798793959179e+00,1.150235531686e-05
-8.614674922421e+00,5.420635775048e+00,4.692684139596e-02
-8.614135328234e+00,4.707420468823e+00,7.020441708054e-02
-8.613972089722e+00,1.525360208778e+00,8.599603468277e-02
-8.613486942434e+00,1.860029343039e+00,8.558167912731e-02
-8.613032102790e+00,2.141300511678e+00,8.514230635668e-02
-8.612651149084e+00,7.343750235003e-01,8.660922467266e-02
-8.612394285382e+00,5.127804727481e+00,6.042292149418e-02
-8.612229708399e+00,5.568587843590e+00,3.574545443142e-02
-8.612176239193e+00,2.712508314447e+00,8.392451833611e-02
-8.612117183665e+00,4.435347649551e+00,7.408678170340e-02
-8.610587276086e+00,7.656250245003e-01,8.660624884720e-02
-8.610550846828e+00,3.418763233837e+00,8.151840639093e-02
-8.610356866716e+00,3.003307726199e+00,8.309942147807e-02
-8.609658159794e+00,1.358790909444e+00,8.619127483927e-02
-8.609425577804e+00,3.179912858820e+00,8.249901397118e-02
-8.609226242165e+00,1.562500050003e-02,8.680023048726e-02
-8.609021804716e+00,1.137766611935e+00,8.638249008246e-02
-8.608586645463e+00,2.028004926074e+00,8.536304158169e-02
-8.608545137422e+00,4.687500150007e-02,8.680350136115e-02
-8.608523403088e+00,7.968750255002e-01,8.660231943600e-02
-8.607864032679e+00,7.812500250012e-02,8.680626392062e-02
-8.607725201538e+00,4.983001340389e+00,6.480591808884e-02
-8.607684536311e+00,4.773303121237e+00,6.927034745069e-02
-8.607681105235e+00,4.500488127250e+00,7.340000349635e-02
-8.607357289439e+00,5.717512934455e+00,1.830075922704e-02
-8.607234055112e+00,2.827538883904e+00,8.365652804455e-02
-8.607222294799e+00,3.847960258634e+00,7.927288868957e-02
-8.607182927937e+00,1.093750035002e-01,8.680804547432e-02
-8.607073642255e+00,3.911416524720e+00,7.885860054511e-02
-8.606914776339e+00,3.784690303532e+00,7.966943693560e-02
-8.606501823194e+00,1.406250045003e-01,8.680928840296e-02
-8.606466299202e+00,3.975055770797e+00,7.842536772863e-02
-8.606459530090e+00,8.281250265001e-01,8.659785869299e-02
-8.606153630519e+00,3.721609964963e+00,8.004901482218e-02
-8.605820718451e+00,1.718750055004e-01,8.681002507534e-02
-8.605418825921e+00,1.747525421062e+00,8.578822827988e-02
-8.605397770441e+00,4.038874640740e+00,7.797187467323e-02
-8.605139613709e+00,2.031250065004e-01,8.681025569915e-02
-8.605100532969e+00,1.580425277572e+00,8.599205493320e-02
-8.604458508966e+00,2.343750075005e-01,8.680998034285e-02
-8.604395657091e+00,8.593750275001e-01,8.659288554034e-02
-8.604343189011e+00,3.357261466121e+00,8.185559284950e-02
-8.604026994091e+00,5.341025955506e+00,5.238805079953e-02
-8.603865585462e+00,4.102869753095e+00,7.749668208467e-02
-8.603777404223e+00,2.656250085005e-01,8.680889809397e-02
-8.603769007522e+00,3.659090247541e+00,8.042678600523e-02
-8.603457122746e+00,2.423928234581e+00,8.467292767220e-02
-8.603096299480e+00,2.968750095005e-01,8.680710455999e-02
-8.602871174513e+00,5.488324080434e+00,4.367408024730e-02
-8.602799180879e+00,5.194759793458e+00,5.869194200252e-02
-8.602763683096e+00,4.565779983850e+00,7.267230073968e-02
-8.602755669339e+00,2.309969039080e+00,8.490859798500e-02
-8.602655153387e+00,1.915075220380e+00,8.557669264470e-02
-8.602597889744e+00,2.538178293581e+00,8.442954314667e-02
-8.602415194738e+00,3.281250105004e-01,8.680480396527e-02
-8.602376013172e+00,1.192812448623e+00,8.637959311383e-02
-8.602331784093e+00,8.906250285000e-01,8.658766601398e-02
-8.601867298659e+00,4.167037701292e+00,7.699821217263e-02
-8.601751109561e+00,1.413836582633e+00,8.618773669477e-02
-8.601734089995e+00,3.593750115003e-01,8.680199565457e-02
-8.601178119228e+00,3.118965179610e+00,8.280189022598e-02
-8.601052985252e+00,3.906250125002e-01,8.679867883230e-02
-8.600742425534e+00,4.839322143603e+00,6.827100131658e-02
-8.600651504045e+00,2.942778401686e+00,8.337984876549e-02
-8.600515752461e+00,2.196322892334e+00,8.513677729210e-02
-8.600371880510e+00,4.218750135002e-01,8.679467206448e-02
-8.600267911095e+00,9.218750295000e-01,8.658061056431e-02
-8.600156048525e+00,2.652696654055e+00,8.417821890494e-02
-8.599690775767e+00,4.531250145001e-01,8.678971574818e-02
-8.599673546778e+00,3.597098174547e+00,8.080358696551e-02
-8.599400489501e+00,4.231375053951e+00,7.647473174095e-02
-8.599303917229e+00,5.636615830486e+00,3.084507964096e-02
-8.599216136299e+00,5.049563361543e+00,6.346315714469e-02
-8.599009671024e+00,4.843750155000e-01,8.678424424824e-02
-8.598204038097e+00,9.531250305000e-01,8.657499100346e-02
-8.597644742128e+00,5.156250165000e-01,8.678211527482e-02
-8.597592148506e+00,3.295928846814e+00,8.218062818906e-02
-8.597362655319e+00,4.631219635360e+00,7.189991990409e-02
-8.596759889642e+00,2.083011601288e+00,8.535768591867e-02
-8.596462762739e+00,4.295878355083e+00,7.592433277323e-02
-8.596140165099e+00,9.843750315000e-01,8.656595042476e-02
-8.596109983124e+00,2.767460385320e+00,8.391872782011e-02
-8.595918797488e+00,1.635438050750e+00,8.598790492402e-02
-8.595595989079e+00,5.468750175001e-01,8.678333278735e-02
-8.595422570367e+00,1.247819820221e+00,8.637652028032e-02
-8.595260843590e+00,1.802532290483e+00,8.578347621065e-02
-8.595014665982e+00,3.535258276416e+00,8.116606446684e-02
-8.593547236029e+00,5.781250185001e-01,8.678400560729e-02
-8.593535206685e+00,1.468835971625e+00,8.618402523209e-02
-8.593306845516e+00,4.905473851852e+00,6.719931330216e-02
-8.593298021999e+00,5.785862309823e+00,1.009184427732e-02
-8.593051748643e+00,4.360544124242e+00,7.534491007881e-02
-8.592822658175e+00,5.408461035898e+00,4.981137260027e-02
-8.592698142016e+00,5.261827634907e+00,5.679356084243e-02
-8.592407778468e+00,3.058202974011e+00,8.309418570662e-02
-8.592179172015e+00,1.027483658751e+00,8.656112619554e-02
-8.591510887407e+00,1.970056589334e+00,8.557154080475e-02
-8.591498482980e+00,6.093750195001e-01,8.678369213540e-02
-8.591475786647e+00,4.696803474269e+00,7.107863422740e-02
-8.590551671390e+00,5.556108497066e+00,3.997896855761e-02
-8.590438390337e+00,2.882446188079e+00,8.365084191000e-02
-8.590303337289e+00,3.234769711898e+00,8.249409104664e-02
-8.590206243648e+00,5.116246318752e+00,6.200689760557e-02
-8.589797854587e+00,3.473575062966e+00,8.151522715986e-02
-8.589449729930e+00,6.406250205002e-01,8.678286788890e-02
-8.589226746867e+00,2.364917963663e+00,8.490277875313e-02
-8.589223600438e+00,2.478868824854e+00,8.466701376195e-02
-8.589165103303e+00,4.425368856554e+00,7.473413547781e-02
-8.588161716344e+00,1.302786853201e+00,8.637327152628e-02
-8.587684648063e+00,2.251270231618e+00,8.513109186791e-02
-8.587653121652e+00,2.593100494073e+00,8.442357835890e-02
-8.587400976881e+00,6.718750215002e-01,8.678153262762e-02
-8.586427207627e+00,1.690396639620e+00,8.598358469354e-02
-8.586168078161e+00,1.082434147501e+00,8.655853884583e-02
-8.585857661388e+00,5.704731428820e+00,2.510806685441e-02
-8.585375673515e+00,4.971754539068e+00,6.604716055050e-02
-8.585352223831e+00,7.031250225002e-01,8.677968596977e-02
-8.585100868893e+00,4.762527869406e+00,7.020366670149e-02
-8.585010738864e+00,1.523787195720e+00,8.618014044359e-02
-8.584800508821e+00,4.490349022952e+00,7.408604631258e-02
-8.584791835259e+00,1.857478892453e+00,8.577855507679e-02
-8.584619688396e+00,2.137947571991e+00,8.535216915117e-02
-8.584493526185e+00,2.707590277515e+00,8.417225212774e-02
-8.584028634528e+00,3.412052997365e+00,8.185172036797e-02
-8.583677034442e+00,3.839445622042e+00,7.966957976150e-02
-8.583589792378e+00,3.902737397328e+00,7.927306921260e-02
-8.583309240285e+00,3.776340583836e+00,8.004912236212e-02
-8.583303470782e+00,7.343750235003e-01,8.677732739164e-02
-8.583120284875e+00,2.997630400691e+00,8.337433320494e-02
-8.583044991626e+00,3.966212586416e+00,7.885882138645e-02
-8.582482398365e+00,3.173788350037e+00,8.279652579554e-02
-8.582089194761e+00,5.329004420294e+00,5.470231417538e-02
-8.582040133970e+00,4.029867840871e+00,7.842563175083e-02
-8.581346995643e+00,3.713805605668e+00,8.042631289070e-02
-8.581254717732e+00,7.656250245003e-01,8.677410154567e-02
-8.581105499081e+00,5.475996735125e+00,4.692610543656e-02
-8.580693488811e+00,5.183046430679e+00,6.042215351042e-02
-8.580593702532e+00,1.357711675716e+00,8.636984680294e-02
-8.580572745830e+00,4.093699786919e+00,7.797218500849e-02
-8.580054543342e+00,2.024971547183e+00,8.556622362910e-02
-8.579955673454e+00,4.555481070531e+00,7.339926780556e-02
-8.579851127888e+00,1.137350175287e+00,8.655577338788e-02
-8.579723338366e+00,2.822315112525e+00,8.391281346915e-02
-8.579687251897e+00,1.562500050003e-02,8.696402759832e-02
-8.579205964683e+00,7.968750255002e-01,8.677020659101e-02
-8.579011173757e+00,4.687500150007e-02,8.696717187252e-02
-8.578713717645e+00,5.854290687159e+00,1.150235532550e-05
-8.578640378485e+00,4.157705025636e+00,7.749704216711e-02
-8.578335095618e+00,7.812500250012e-02,8.696982329421e-02
-8.578235720891e+00,4.828389166628e+00,6.926959751429e-02
-8.577714564085e+00,5.623985094819e+00,3.574480599769e-02
-8.577712559820e+00,3.350696495983e+00,8.217615062799e-02
-8.577701500955e+00,3.651807059101e+00,8.080208272551e-02
-8.577659017478e+00,1.093750035002e-01,8.697149705373e-02
-8.577157211633e+00,8.281250265001e-01,8.676579642843e-02
-8.576982939339e+00,1.406250045003e-01,8.697267494187e-02
-8.576946814619e+00,5.038160475736e+00,6.480515718251e-02
-8.576626099282e+00,1.745299157228e+00,8.597893768849e-02
-8.576306861199e+00,1.718750055004e-01,8.697336191229e-02
-8.576240608234e+00,4.221880133267e+00,7.699862577475e-02
-8.576178005257e+00,1.578688375965e+00,8.617608232977e-02
-8.575630783060e+00,2.031250065004e-01,8.697355815608e-02
-8.575382310888e+00,2.419785543955e+00,8.489680863143e-02
-8.575108458584e+00,8.593750275001e-01,8.676072242446e-02
-8.574954704920e+00,2.343750075005e-01,8.697326373152e-02
-8.574673402725e+00,2.533723642983e+00,8.466095488271e-02
-8.574628331797e+00,4.620761422794e+00,7.267156489557e-02
-8.574539252620e+00,2.306140613312e+00,8.512525021207e-02
-8.574278626781e+00,2.656250085005e-01,8.697210776473e-02
-8.574135005409e+00,3.112989002330e+00,8.308844494550e-02
-8.574012173853e+00,1.912363333321e+00,8.577346485681e-02
-8.573602548642e+00,2.968750095005e-01,8.697034105169e-02
-8.573489218016e+00,3.589956981489e+00,8.116364786288e-02
-8.573371036602e+00,4.286221661442e+00,7.647520301593e-02
-8.573321397345e+00,2.937251570414e+00,8.364504039226e-02
-8.573228536806e+00,1.192229879463e+00,8.655282973684e-02
-8.573059705534e+00,8.906250285000e-01,8.675586444869e-02
-8.572926470502e+00,3.281250105004e-01,8.696808260125e-02
-8.572718791810e+00,1.412592417087e+00,8.636624606873e-02
-8.572390577590e+00,2.647932454459e+00,8.441747513113e-02
-8.572250392363e+00,3.593750115003e-01,8.696533178074e-02
-8.572166478293e+00,2.192810929900e+00,8.534649135820e-02
-8.571889156007e+00,5.772930660468e+00,1.830035717405e-02
-8.571574314223e+00,3.906250125002e-01,8.696208782349e-02
-8.571010952485e+00,9.218750295000e-01,8.674861434466e-02
-8.570970393929e+00,5.396286296748e+00,5.238729839957e-02
-8.570898236084e+00,4.218750135002e-01,8.695804241556e-02
-8.570878188580e+00,4.894383689257e+00,6.827025215858e-02
-8.570855216010e+00,3.289509928668e+00,8.248908843591e-02
-8.570675865404e+00,5.249959894223e+00,5.869117963045e-02
-8.570222157944e+00,4.531250145001e-01,8.695320804402e-02
-8.570029290583e+00,4.350726137309e+00,7.592486630379e-02
-8.569546079805e+00,4.843750155000e-01,8.694787408482e-02
-8.568962199435e+00,9.531250305000e-01,8.674309000644e-02
-8.568873634381e+00,5.543629150541e+00,4.367337027911e-02
-8.568816245060e+00,4.686186479715e+00,7.189918408011e-02
-8.568715608839e+00,3.528259915668e+00,8.151200605869e-02
-8.568512189498e+00,2.762389153407e+00,8.416615407407e-02
-8.568286531577e+00,2.079818193913e+00,8.556074115008e-02
-8.568191224185e+00,5.156250165000e-01,8.694575413532e-02
-8.568018201915e+00,5.104687910023e+00,6.346239887578e-02
-8.567037316424e+00,1.633537635475e+00,8.617185089934e-02
-8.566913446386e+00,9.843750315000e-01,8.673419247753e-02
-8.566515819829e+00,1.800143718798e+00,8.597409853522e-02
-8.566300531927e+00,1.247071398295e+00,8.654970781407e-02
-8.566213022940e+00,4.415390063557e+00,7.534551093337e-02
-8.566157591084e+00,5.468750175001e-01,8.694685204810e-02
-8.565266862370e+00,3.052375862157e+00,8.336871140500e-02
-8.564537258427e+00,1.467427208442e+00,8.636246928925e-02
-8.564358033337e+00,5.691949923184e+00,3.084449233871e-02
-8.564123957983e+00,5.781250185001e-01,8.694723548075e-02
-8.563462219820e+00,3.228497618511e+00,8.279107077464e-02
-8.563386167938e+00,3.466720358680e+00,8.184779273705e-02
-8.563026145493e+00,4.960507737747e+00,6.719856532560e-02
-8.563016903938e+00,2.877070545878e+00,8.390677566238e-02
-8.562968813222e+00,1.027400271802e+00,8.672922221040e-02
-8.562922243829e+00,1.967183721690e+00,8.576820553886e-02
-8.562517201474e+00,4.751752617575e+00,7.107789862831e-02
-8.562090324882e+00,6.093750195001e-01,8.694684876494e-02
-8.561919912407e+00,4.480209918654e+00,7.473452368892e-02
-8.561222862768e+00,2.474569859492e+00,8.489068781186e-02
-8.561080040837e+00,2.360932123998e+00,8.511925246518e-02
-8.560151395431e+00,5.316982885082e+00,5.679280575655e-02
-8.560131774085e+00,3.830930985449e+00,8.004924111569e-02
-8.560105942501e+00,3.894058269937e+00,7.966973398700e-02
-8.560056691782e+00,6.406250205002e-01,8.694596665888e-02
-8.559807058116e+00,2.588490760990e+00,8.465475127859e-02
-8.559623684050e+00,3.957369402034e+00,7.927326132691e-02
-8.559400707528e+00,2.247599769372e+00,8.534065263053e-02
-8.559339823649e+00,5.463669389817e+00,4.981063557652e-02
-8.559067351549e+00,1.301872871882e+00,8.654640754719e-02
-8.558682497499e+00,4.020861041002e+00,7.885905401566e-02
-8.558592671577e+00,3.768383415238e+00,8.042584277738e-02
-8.558587796743e+00,5.171333067900e+00,6.200614284615e-02
-8.558023058681e+00,6.718750215002e-01,8.694458891160e-02
-8.557588994390e+00,1.688333099093e+00,8.616744616953e-02
-8.557506422228e+00,3.405342760893e+00,8.217160544936e-02
-8.557396646361e+00,5.841209527382e+00,1.009160672056e-02
-8.557279906199e+00,4.084529820743e+00,7.842590776263e-02
-8.557147663813e+00,4.545182157211e+00,7.408532472311e-02
-8.556976439998e+00,1.082184109471e+00,8.672659724059e-02
-8.556810813178e+00,2.702672240583e+00,8.441123375939e-02
-8.556207274003e+00,2.134594632305e+00,8.555509341084e-02
-8.556125210941e+00,5.611354359153e+00,3.997829265571e-02
-8.556096728085e+00,1.854928441867e+00,8.596908694015e-02
-8.556049388006e+00,1.522214182661e+00,8.635851643756e-02
-8.555989425580e+00,7.031250225002e-01,8.694271513686e-02
-8.555883703033e+00,2.991953075182e+00,8.363912391401e-02
-8.555729016247e+00,4.817456189652e+00,7.020293156938e-02
-8.555539218925e+00,3.167663841254e+00,8.308260344174e-02
-8.555413458312e+00,4.148372349979e+00,7.797250754039e-02
-8.555398399946e+00,3.706381271510e+00,8.080056583584e-02
-8.554677492940e+00,5.026757589930e+00,6.604641424058e-02
-8.553955792479e+00,7.343750235003e-01,8.694025575092e-02
-8.553080726968e+00,4.212385212583e+00,7.749741465825e-02
-8.552212621621e+00,2.817091341145e+00,8.415992509060e-02
-8.551922159379e+00,7.656250245003e-01,8.693689372714e-02
-8.551894008276e+00,4.610303210229e+00,7.339854619056e-02
-8.551633994387e+00,3.644523870660e+00,8.116120375981e-02
-8.551529245270e+00,1.356632441988e+00,8.654292887010e-02
-8.551522441221e+00,2.021938168291e+00,8.576277712100e-02
-8.551081930629e+00,3.344131525845e+00,8.248400653166e-02
-8.550680451060e+00,1.136933738638e+00,8.672379201690e-02
-8.550480290014e+00,5.759999011112e+00,2.510756234331e-02
-8.550279310466e+00,4.276564967800e+00,7.699905200275e-02
-8.550148261629e+00,1.562500050003e-02,8.712289448046e-02
-8.549888526278e+00,7.968750255002e-01,8.693303299368e-02
-8.549477210092e+00,4.687500150007e-02,8.712591821883e-02
-8.549118129683e+00,5.384111557597e+00,5.470156848076e-02
-8.548806158556e+00,7.812500250012e-02,8.712844358626e-02
-8.548653588793e+00,5.238092153539e+00,6.042140333207e-02
-8.548449531644e+00,4.883293526661e+00,6.926886313641e-02
-8.548135107020e+00,1.093750035002e-01,8.713003631219e-02
-8.547854893177e+00,8.281250265001e-01,8.692867245733e-02
-8.547833372644e+00,1.743072893394e+00,8.616286816638e-02
-8.547464055484e+00,1.406250045003e-01,8.713115247187e-02
-8.547307499031e+00,2.415642853328e+00,8.511309878075e-02
-8.547304889254e+00,3.582815788432e+00,8.150874341653e-02
-8.547255477544e+00,1.576951474359e+00,8.635438749429e-02
-8.547195597372e+00,5.531149804017e+00,4.692538830612e-02
-8.547091891589e+00,3.107012825049e+00,8.336298382592e-02
-8.547006832522e+00,4.340908150376e+00,7.647568713924e-02
-8.546793003947e+00,1.718750055004e-01,8.713179236816e-02
-8.546748915706e+00,2.529268992386e+00,8.488441650009e-02
-8.546322835900e+00,2.302312187545e+00,8.533465307101e-02
-8.546156703474e+00,4.675569485161e+00,7.267084340987e-02
-8.546121952411e+00,2.031250065004e-01,8.713195617680e-02
-8.545991290644e+00,2.931724739143e+00,8.390061479439e-02
-8.545830160181e+00,5.093129501294e+00,6.480441312555e-02
-8.545821260076e+00,8.593750275001e-01,8.692351143364e-02
-8.545450900875e+00,2.343750075005e-01,8.713164394664e-02
-8.545369194318e+00,1.909651446261e+00,8.596390285922e-02
-8.544779849339e+00,2.656250085005e-01,8.713042170250e-02
-8.544625106654e+00,2.643168254863e+00,8.464840320811e-02
-8.544118283514e+00,3.283091010522e+00,8.278552555303e-02
-8.544108797803e+00,2.968750095005e-01,8.712868103129e-02
-8.544081060441e+00,1.191647310303e+00,8.672080643925e-02
-8.543817204124e+00,2.189298967466e+00,8.554928046556e-02
-8.543787626975e+00,8.906250285000e-01,8.691898632486e-02
-8.543686474059e+00,1.411348251541e+00,8.653927172331e-02
-8.543437746267e+00,3.281250105004e-01,8.712646326465e-02
-8.543260942578e+00,4.405411270559e+00,7.592541291033e-02
-8.542858405286e+00,5.679168417549e+00,3.574417505828e-02
-8.542766694730e+00,3.593750115003e-01,8.712376779135e-02
-8.542416551696e+00,3.521261554920e+00,8.184381032775e-02
-8.542378408089e+00,5.909564011770e+00,1.150235522092e-05
-8.542095643194e+00,3.906250125002e-01,8.712059387211e-02
-8.541753993875e+00,9.218750295000e-01,8.691156714866e-02
-8.541424591658e+00,4.218750135002e-01,8.711651823121e-02
-8.540914395872e+00,2.757317921495e+00,8.440485455480e-02
-8.540753540122e+00,4.531250145001e-01,8.711180082133e-02
-8.540676617470e+00,4.949260936426e+00,6.826951887683e-02
-8.540082488585e+00,4.843750155000e-01,8.710659872588e-02
-8.539933534056e+00,4.740977365744e+00,7.189846290475e-02
-8.539813173511e+00,2.076624786538e+00,8.575717961143e-02
-8.539720360774e+00,9.531250305000e-01,8.690575479879e-02
-8.539039315992e+00,4.470070814355e+00,7.534612509658e-02
-8.538737706241e+00,5.156250165000e-01,8.710448824189e-02
-8.538213596101e+00,5.304961349870e+00,5.869043535757e-02
-8.538155835361e+00,1.631637220199e+00,8.635008244774e-02
-8.538125946273e+00,3.046548750302e+00,8.363309291363e-02
-8.537770796068e+00,1.797755147113e+00,8.615811692483e-02
-8.537686727673e+00,9.843750315000e-01,8.689737732526e-02
-8.537574148216e+00,5.451342044508e+00,5.238656476323e-02
-8.537178493488e+00,1.246322976370e+00,8.671764041312e-02
-8.536974481288e+00,3.459865654395e+00,8.216699304878e-02
-8.536719193089e+00,5.468750175001e-01,8.710547311754e-02
-8.536622092625e+00,3.885379142545e+00,8.004937108218e-02
-8.536621102351e+00,3.222225525124e+00,8.307666157239e-02
-8.536482104674e+00,5.159619705121e+00,6.346165778336e-02
-8.536202376474e+00,3.948526217652e+00,7.966989961124e-02
-8.536079575078e+00,5.828128367606e+00,1.829996659396e-02
-8.535595417539e+00,2.871694903677e+00,8.415356553957e-02
-8.535539310170e+00,1.466018445259e+00,8.653543605396e-02
-8.535506879476e+00,3.822821654256e+00,8.042537573440e-02
-8.535324861027e+00,4.011854241133e+00,7.927346503129e-02
-8.534700679937e+00,5.781250185001e-01,8.710559007812e-02
-8.534535857797e+00,5.598723623486e+00,4.367267895635e-02
-8.534339654171e+00,4.534883243891e+00,7.473381579613e-02
-8.534333600253e+00,1.964310854046e+00,8.595854625749e-02
-8.533987066567e+00,4.075359854566e+00,7.885929843133e-02
-8.533758454429e+00,1.027316884852e+00,8.689227857672e-02
-8.533222311604e+00,4.806523212677e+00,7.107717797534e-02
-8.533222125098e+00,2.470270894131e+00,8.510678932547e-02
-8.532933334806e+00,2.356946284333e+00,8.532849279474e-02
-8.532765070213e+00,3.760818797738e+00,8.079903648162e-02
-8.532682166785e+00,6.093750195001e-01,8.710513460544e-02
-8.532408171260e+00,5.015354704123e+00,6.719783354806e-02
-8.532186538138e+00,4.139039674323e+00,7.842619576247e-02
-8.531960994579e+00,2.583881027907e+00,8.487799491581e-02
-8.531116766994e+00,2.243929307127e+00,8.554330237979e-02
-8.530984209928e+00,3.398632524421e+00,8.247884573941e-02
-8.530663653633e+00,6.406250205002e-01,8.710419844435e-02
-8.529972986753e+00,1.300958890563e+00,8.671429384967e-02
-8.529920845701e+00,4.202890291899e+00,7.797284226692e-02
-8.529449804249e+00,3.698956937353e+00,8.115873243103e-02
-8.529159684754e+00,4.599844997663e+00,7.408461693922e-02
-8.529128100170e+00,2.697754203650e+00,8.464191094452e-02
-8.529071424022e+00,5.747067361757e+00,3.084392132467e-02
-8.528750781154e+00,1.686269558566e+00,8.634560129417e-02
-8.528647121191e+00,2.986275749674e+00,8.389433127561e-02
-8.528645140481e+00,6.718750215002e-01,8.710278133433e-02
-8.528596039485e+00,3.161539332471e+00,8.335715094344e-02
-8.527794859609e+00,2.131241692620e+00,8.575141302872e-02
-8.527784801834e+00,1.081934071442e+00,8.688961993080e-02
-8.527401620910e+00,1.852377991281e+00,8.615319248890e-02
-8.527265865437e+00,5.371936818447e+00,5.679206903748e-02
-8.527187584330e+00,4.266908274159e+00,7.749779955571e-02
-8.527088037149e+00,1.520641169603e+00,8.653142181603e-02
-8.526631312182e+00,5.226224412855e+00,6.200540558475e-02
-8.526626627329e+00,7.031250225002e-01,8.710088288556e-02
-8.526020874708e+00,4.872203364066e+00,7.020221168814e-02
-8.525566487820e+00,3.637240682220e+00,8.150543957092e-02
-8.525517560363e+00,5.518670457493e+00,4.980991740772e-02
-8.524701904875e+00,2.811867569766e+00,8.439833784381e-02
-8.524608114177e+00,7.343750235003e-01,8.709819153440e-02
-8.524451301439e+00,3.337566555707e+00,8.277989053421e-02
-8.523984374462e+00,4.331090163443e+00,7.699949085404e-02
-8.523642118448e+00,5.081571092565e+00,6.604568445616e-02
-8.523497161887e+00,4.664952490607e+00,7.339783865589e-02
-8.522990339101e+00,2.018904789400e+00,8.595301710937e-02
-8.522589601025e+00,7.656250245003e-01,8.709484876896e-02
-8.522464788007e+00,1.355553208260e+00,8.671076666581e-02
-8.521509774232e+00,1.136517301990e+00,8.688677909758e-02
-8.521358777235e+00,5.666386911914e+00,3.997763498757e-02
-8.521154159802e+00,5.896333981896e+00,1.009137614362e-02
-8.521120560492e+00,3.575674595374e+00,8.183977352121e-02
-8.520609271361e+00,1.562500050003e-02,8.727704963648e-02
-8.520571087873e+00,7.968750255002e-01,8.709102199389e-02
-8.520308862216e+00,4.395432477562e+00,7.647618410807e-02
-8.520048777770e+00,3.101036647768e+00,8.362694784529e-02
-8.519943246428e+00,4.687500150007e-02,8.727995853794e-02
-8.519277221495e+00,7.812500250012e-02,8.728236052069e-02
-8.519232687173e+00,2.411500162701e+00,8.532217192935e-02
-8.519040646005e+00,1.740846629561e+00,8.634094403806e-02
-8.518824428688e+00,2.524814341788e+00,8.510032427948e-02
-8.518661183944e+00,2.926197907871e+00,8.414707579893e-02
-8.518611196562e+00,1.093750035002e-01,8.728388059554e-02
-8.518552574721e+00,8.281250265001e-01,8.708671014360e-02
-8.518332949832e+00,1.575214572752e+00,8.652722897053e-02
-8.518327089447e+00,4.938014135105e+00,6.926814432104e-02
-8.518106419181e+00,2.298483761778e+00,8.553715923069e-02
-8.517945171629e+00,1.406250045003e-01,8.728493813388e-02
-8.517381351018e+00,3.276672092376e+00,8.307061972903e-02
-8.517349866638e+00,4.730202113913e+00,7.267013628692e-02
-8.517279146696e+00,1.718750055004e-01,8.728553341867e-02
-8.516859635719e+00,2.638404055268e+00,8.487142329303e-02
-8.516726214783e+00,1.906939559201e+00,8.614809491200e-02
-8.516613121763e+00,2.031250065004e-01,8.728566661137e-02
-8.516534061568e+00,8.593750275001e-01,8.708147457786e-02
-8.516275796770e+00,5.292939814658e+00,6.042067096259e-02
-8.516158719578e+00,4.459931710057e+00,7.592597258976e-02
-8.516117494553e+00,3.514263194172e+00,8.216231383359e-02
-8.515947096830e+00,2.343750075005e-01,8.728530874120e-02
-8.515808472784e+00,5.439014699199e+00,5.470084138148e-02
-8.515467929956e+00,2.185787005032e+00,8.574547740197e-02
-8.515281071897e+00,2.656250085005e-01,8.728405599137e-02
-8.514933584075e+00,1.191064741143e+00,8.688375596206e-02
-8.514762503794e+00,5.815047207830e+00,2.510707222704e-02
-8.514654156307e+00,1.410104085994e+00,8.670705878446e-02
-8.514615046964e+00,2.968750095005e-01,8.728234061490e-02
-8.514515548416e+00,8.906250285000e-01,8.707722460954e-02
-8.514376412606e+00,5.147906342342e+00,6.480368592246e-02
-8.513949022031e+00,3.281250105004e-01,8.728016214295e-02
-8.513316602245e+00,2.752246689583e+00,8.463527477613e-02
-8.513282997098e+00,3.593750115003e-01,8.727751998471e-02
-8.512946504653e+00,5.586092887819e+00,4.692469000786e-02
-8.512781068897e+00,3.939683033270e+00,8.004951226085e-02
-8.512616972165e+00,3.906250125002e-01,8.727440065439e-02
-8.512497035264e+00,9.218750295000e-01,8.706969097225e-02
-8.512090475907e+00,3.877118305655e+00,8.042491183221e-02
-8.511967224556e+00,4.002847441264e+00,7.967007663316e-02
-8.511950947232e+00,4.218750135002e-01,8.727031506530e-02
-8.511531644530e+00,4.524584330571e+00,7.534675256499e-02
-8.511339815445e+00,2.073431379164e+00,8.594731539891e-02
-8.511284922299e+00,4.531250145001e-01,8.726570990714e-02
-8.510985030176e+00,3.040721638447e+00,8.388792553261e-02
-8.510715606961e+00,4.795590235701e+00,7.189775638200e-02
-8.510694226936e+00,4.066189888390e+00,7.927368032451e-02
-8.510618897366e+00,4.843750155000e-01,8.726063431165e-02
-8.510562794638e+00,3.453010950109e+00,8.247360647784e-02
-8.510478522112e+00,9.531250305000e-01,8.706362201990e-02
-8.510138849580e+00,5.003951818316e+00,6.826880147531e-02
-8.509802350615e+00,3.815117628463e+00,8.079749485194e-02
-8.509779984882e+00,3.215953431737e+00,8.335121324883e-02
-8.509284188298e+00,5.156250165000e-01,8.725853368250e-02
-8.509274354297e+00,1.629736804923e+00,8.652285748555e-02
-8.509025772307e+00,1.795366575428e+00,8.633611069226e-02
-8.508959617964e+00,4.129706998666e+00,7.885955463207e-02
-8.508460008960e+00,9.843750315000e-01,8.705572712681e-02
-8.508173931139e+00,2.866319261475e+00,8.439168396849e-02
-8.508056455048e+00,1.245574554445e+00,8.688055041422e-02
-8.507662558029e+00,5.734135712401e+00,3.574356161563e-02
-8.507280795095e+00,5.468750175001e-01,8.725933670819e-02
-8.506937468849e+00,3.753254180237e+00,8.115623415618e-02
-8.506760964434e+00,4.193395371215e+00,7.842649574858e-02
-8.506541361912e+00,1.464609682076e+00,8.670317013456e-02
-8.506425361233e+00,4.589386785098e+00,7.473312144650e-02
-8.505744956676e+00,1.961437986403e+00,8.614282425719e-02
-8.505702345981e+00,5.964611823634e+00,1.150235514387e-05
-8.505413601191e+00,5.359762079296e+00,5.868970918759e-02
-8.505277401891e+00,5.781250185001e-01,8.725928315361e-02
-8.505221387429e+00,2.465971928769e+00,8.531569061536e-02
-8.504786628775e+00,2.352960444668e+00,8.553085110726e-02
-8.504609035570e+00,5.214356672171e+00,6.346093387138e-02
-8.504548095637e+00,1.027233497903e+00,8.705051578100e-02
-8.504461997628e+00,3.391922287949e+00,8.277416613568e-02
-8.504114931042e+00,2.579271294823e+00,8.509370383672e-02
-8.504095858193e+00,4.257251580517e+00,7.797318918595e-02
-8.503839523353e+00,5.506191110968e+00,5.238584989404e-02
-8.503592217772e+00,4.861113201470e+00,7.107647227240e-02
-8.503501208553e+00,3.691532603196e+00,8.150209486784e-02
-8.503274008688e+00,6.093750195001e-01,8.725876311466e-02
-8.502832826459e+00,2.240258844882e+00,8.573937277117e-02
-8.501652860045e+00,3.155414823688e+00,8.362068917916e-02
-8.501454076714e+00,5.070012683836e+00,6.719711797365e-02
-8.501445387163e+00,2.692836166718e+00,8.486470188029e-02
-8.501410539350e+00,2.980598424165e+00,8.414045626271e-02
-8.501270615484e+00,6.406250205002e-01,8.725777644587e-02
-8.500961916401e+00,4.321272176510e+00,7.749819685717e-02
-8.500878621958e+00,1.300044909244e+00,8.687716234913e-02
-8.500837620300e+00,4.654335496053e+00,7.408392296539e-02
-8.499929911515e+00,5.883103952021e+00,1.829958748814e-02
-8.499912567917e+00,1.684206018039e+00,8.651830733658e-02
-8.499859149184e+00,5.653605406279e+00,4.367200628194e-02
-8.499498981252e+00,3.629957493779e+00,8.183568270879e-02
-8.499382445216e+00,2.127888752933e+00,8.594144112000e-02
-8.499267222281e+00,6.718750215002e-01,8.725632287832e-02
-8.498706513735e+00,1.849827540694e+00,8.633110127816e-02
-8.498593163671e+00,1.081684033413e+00,8.704782708151e-02
-8.498126686291e+00,1.519068156544e+00,8.669910065133e-02
-8.497820672248e+00,3.331001585568e+00,8.306447831786e-02
-8.497356781854e+00,4.385453684565e+00,7.699994232606e-02
-8.497263829078e+00,7.031250225002e-01,8.725435457127e-02
-8.497191188129e+00,2.806643798386e+00,8.462849500654e-02
-8.495977561423e+00,4.926767333784e+00,7.020150706170e-02
-8.495260435874e+00,7.343750235003e-01,8.725150044942e-02
-8.494936231729e+00,3.568533402317e+00,8.215756822284e-02
-8.494766199220e+00,4.719426862082e+00,7.339714520584e-02
-8.494458236980e+00,2.015871410509e+00,8.613723927366e-02
-8.494337997440e+00,5.280918279446e+00,6.200468582482e-02
-8.494042797352e+00,5.426687353891e+00,5.679135068898e-02
-8.493445432511e+00,5.801966048053e+00,3.084336660123e-02
-8.493400330745e+00,1.354473974532e+00,8.687359166704e-02
-8.493278123164e+00,4.449792605758e+00,7.647669391961e-02
-8.493257042671e+00,7.656250245003e-01,8.724817729337e-02
-8.493005663950e+00,3.095060470488e+00,8.388139800816e-02
-8.492339097404e+00,1.136100865342e+00,8.704495445768e-02
-8.492270720538e+00,5.136192979563e+00,6.604497120170e-02
-8.491357151509e+00,5.573462152152e+00,4.980921809717e-02
-8.491331077244e+00,2.920671076600e+00,8.438489328675e-02
-8.491253649468e+00,7.968750255002e-01,8.724438418998e-02
-8.491157875315e+00,2.407357472074e+00,8.552437811067e-02
-8.491070281092e+00,1.562500050003e-02,8.742669897670e-02
-8.490899941669e+00,2.520359691191e+00,8.530904900636e-02
-8.490644418521e+00,3.270253174231e+00,8.334500131974e-02
-8.490409282763e+00,4.687500150007e-02,8.742949840183e-02
-8.490247919366e+00,1.738620365727e+00,8.651357850676e-02
-8.489890002462e+00,2.294655336011e+00,8.573309918745e-02
-8.489818437410e+00,3.507264833424e+00,8.246828917875e-02
-8.489748284433e+00,7.812500250012e-02,8.743178379729e-02
-8.489410422119e+00,1.573477671145e+00,8.669485027643e-02
-8.489250256264e+00,8.281250265001e-01,8.724012010029e-02
-8.489094164784e+00,2.633639855672e+00,8.508692820515e-02
-8.489087286103e+00,1.093750035002e-01,8.743323474740e-02
-8.488723634888e+00,4.514285417251e+00,7.592654533893e-02
-8.488609588084e+00,3.993840641396e+00,8.004966465082e-02
-8.488426287773e+00,1.406250045003e-01,8.743423658175e-02
-8.488344329656e+00,3.931271357741e+00,8.042445114261e-02
-8.488208902318e+00,4.784657258725e+00,7.266944353064e-02
-8.488083235249e+00,1.904227672141e+00,8.632591582599e-02
-8.487869527901e+00,4.992548932510e+00,6.926744107208e-02
-8.487765289444e+00,1.718750055004e-01,8.743478956474e-02
-8.487401387304e+00,4.057019922214e+00,7.967026505169e-02
-8.487246863061e+00,8.593750275001e-01,8.723482125345e-02
-8.487118655788e+00,2.182275042598e+00,8.593539427657e-02
-8.487104291114e+00,2.031250065004e-01,8.743489384455e-02
-8.486511092347e+00,3.869275759266e+00,8.079594113977e-02
-8.486443292784e+00,2.343750075005e-01,8.743445587597e-02
-8.486253692037e+00,5.721204063046e+00,3.997699555591e-02
-8.485786107709e+00,1.190482171984e+00,8.704189777992e-02
-8.485782294455e+00,2.656250085005e-01,8.743321432364e-02
-8.485732697790e+00,4.120374323010e+00,7.927390720534e-02
-8.485718808619e+00,2.747175457671e+00,8.485783094105e-02
-8.485621838556e+00,1.408859920448e+00,8.686983827362e-02
-8.485243469857e+00,8.906250285000e-01,8.723029725047e-02
-8.485121296125e+00,2.968750095005e-01,8.743152352507e-02
-8.484571944571e+00,5.951233570973e+00,1.009115254716e-02
-8.484460297795e+00,3.281250105004e-01,8.742938302556e-02
-8.484151107989e+00,3.446156245824e+00,8.276835278917e-02
-8.484097821753e+00,3.807413602670e+00,8.115370922120e-02
-8.483844114079e+00,3.034894526592e+00,8.413370734132e-02
-8.483799299466e+00,3.593750115003e-01,8.742679225370e-02
-8.483691037711e+00,4.578928572533e+00,7.534704937128e-02
-8.483601083167e+00,4.183900450531e+00,7.885982261631e-02
-8.483561336944e+00,5.347587340146e+00,6.041995640569e-02
-8.483240076654e+00,9.218750295000e-01,8.722319521057e-02
-8.483138301136e+00,3.906250125002e-01,8.742362884067e-02
-8.482938867413e+00,3.209681338349e+00,8.361431740172e-02
-8.482866457380e+00,2.070237971789e+00,8.613144332132e-02
-8.482586758959e+00,5.202488931487e+00,6.480297557719e-02
-8.482477302806e+00,4.218750135002e-01,8.741963615025e-02
-8.482161486344e+00,5.493711764443e+00,5.470013288115e-02
-8.481816304476e+00,4.531250145001e-01,8.741513878820e-02
-8.481236683451e+00,9.531250305000e-01,8.721689813948e-02
-8.481163560836e+00,4.850023038875e+00,7.189706451571e-02
-8.481155306147e+00,4.843750155000e-01,8.741018462051e-02
-8.481109867485e+00,3.745689562737e+00,8.149870966169e-02
-8.481004132057e+00,4.247594886876e+00,7.842680771904e-02
-8.480752444740e+00,2.860943619274e+00,8.462157195498e-02
-8.480392873233e+00,1.627836389647e+00,8.669041895805e-02
-8.480280748546e+00,1.792978003743e+00,8.650867098701e-02
-8.479830670355e+00,5.156250165000e-01,8.740809418807e-02
-8.479266034981e+00,5.058454275107e+00,6.826809995806e-02
-8.479233290247e+00,9.843750315000e-01,8.720945144080e-02
-8.478934416608e+00,1.244826132519e+00,8.703865692310e-02
-8.478705663229e+00,5.869873922147e+00,2.510659650745e-02
-8.478359521134e+00,5.640823900644e+00,4.692401054484e-02
-8.478178078714e+00,4.643718501499e+00,7.473244064444e-02
-8.477939785328e+00,3.385212051477e+00,8.305823775997e-02
-8.477939458341e+00,4.311454189577e+00,7.797354829536e-02
-8.477842397100e+00,5.468750175001e-01,8.740864398408e-02
-8.477552612856e+00,3.684108269039e+00,8.183153829224e-02
-8.477543413655e+00,1.463200918893e+00,8.686590207998e-02
-8.477220649759e+00,2.461672963407e+00,8.551774035451e-02
-8.477156313099e+00,1.958565118759e+00,8.632055437508e-02
-8.476639922744e+00,2.348974605003e+00,8.572665671337e-02
-8.476268867506e+00,2.574661561740e+00,8.530224726944e-02
-8.475854123845e+00,5.781250185001e-01,8.740851631517e-02
-8.475337736844e+00,1.027150110954e+00,8.720414187683e-02
-8.474709680605e+00,3.149290314905e+00,8.387474916155e-02
-8.474548885925e+00,2.236588382636e+00,8.592917488292e-02
-8.474404701492e+00,4.375474891567e+00,7.749860656027e-02
-8.474173957508e+00,2.974921098657e+00,8.437796617274e-02
-8.473865850590e+00,6.093750195001e-01,8.740793562643e-02
-8.473762674155e+00,2.687918129786e+00,8.507999760708e-02
-8.473628033401e+00,4.915520532463e+00,7.107578152335e-02
-8.473431474685e+00,3.622674305339e+00,8.215275664744e-02
-8.472400198110e+00,5.268896744234e+00,6.346022714331e-02
-8.472277121920e+00,5.414360008582e+00,5.868900112430e-02
-8.472182531801e+00,4.708651610252e+00,7.408324280585e-02
-8.472128361227e+00,5.788884888277e+00,3.574296567242e-02
-8.471877577336e+00,6.406250205002e-01,8.740690175972e-02
-8.471784257162e+00,1.299130927925e+00,8.703523176659e-02
-8.471190043058e+00,3.324436615430e+00,8.333839618405e-02
-8.471074354680e+00,1.682142477512e+00,8.668580665117e-02
-8.470970030822e+00,2.124535813247e+00,8.612547159968e-02
-8.470397526750e+00,4.439653501460e+00,7.700040641625e-02
-8.470165028470e+00,5.124479616784e+00,6.719641860678e-02
-8.470011406561e+00,1.847277090108e+00,8.650358477627e-02
-8.469889304081e+00,6.718750215002e-01,8.740541443875e-02
-8.469767798365e+00,5.560831416485e+00,5.238515379541e-02
-8.469680471383e+00,2.801420027007e+00,8.485081075398e-02
-8.469401525507e+00,1.081433995383e+00,8.720142645299e-02
-8.469165335433e+00,1.517495143486e+00,8.686178300290e-02
-8.468751902967e+00,3.561392209260e+00,8.246289428698e-02
-8.468686930790e+00,6.019432022257e+00,1.150235518472e-05
-8.467901030826e+00,7.031250225002e-01,8.740322897009e-02
-8.465962550131e+00,3.089084293207e+00,8.412682946172e-02
-8.465926134860e+00,2.012838031618e+00,8.631501697416e-02
-8.465915625247e+00,4.503986503932e+00,7.647721657094e-02
-8.465912757572e+00,7.343750235003e-01,8.740038131212e-02
-8.465702197675e+00,4.773724281750e+00,7.339646584428e-02
-8.465600206221e+00,4.981146046703e+00,7.020081769395e-02
-8.464844826045e+00,5.708272413690e+00,4.367135225875e-02
-8.464335873483e+00,1.353394740804e+00,8.703162219436e-02
-8.464269321637e+00,3.985278804423e+00,8.042399373867e-02
-8.464108547673e+00,4.047849956038e+00,8.004982825113e-02
-8.464000970544e+00,2.915144245328e+00,8.461450595655e-02
-8.463924484317e+00,7.656250245003e-01,8.739707805999e-02
-8.463907486025e+00,3.263834256085e+00,8.360783301600e-02
-8.463519380267e+00,3.500266472677e+00,8.276245094073e-02
-8.463441543161e+00,5.937855318312e+00,1.829921985782e-02
-8.463168420576e+00,1.135684428694e+00,8.719852554947e-02
-8.463083063458e+00,2.403214781447e+00,8.572004542316e-02
-8.462975454650e+00,2.515905040593e+00,8.551093796514e-02
-8.462892158750e+00,3.923291191065e+00,8.079437554208e-02
-8.462505777616e+00,4.111041647353e+00,7.967046486575e-02
-8.461936211063e+00,7.968750255002e-01,8.739331832088e-02
-8.461709072698e+00,5.335412600995e+00,6.200398357007e-02
-8.461673585742e+00,2.290826910244e+00,8.592278296397e-02
-8.461531290824e+00,1.562500050003e-02,8.757203671374e-02
-8.461455192727e+00,1.736394101893e+00,8.668101331786e-02
-8.461328693848e+00,2.628875656077e+00,8.529528558543e-02
-8.460956714189e+00,4.568470359967e+00,7.592713115424e-02
-8.460931708787e+00,3.861433212876e+00,8.115115791835e-02
-8.460875319098e+00,4.687500150007e-02,8.757473170915e-02
-8.460564482348e+00,5.190621190803e+00,6.604427448111e-02
-8.460487894407e+00,1.571740769539e+00,8.685748096506e-02
-8.460483449335e+00,5.481232417919e+00,5.679065071469e-02
-8.460441201900e+00,4.174405529848e+00,7.927414567238e-02
-8.460219347371e+00,7.812500250012e-02,8.757690685426e-02
-8.459947937808e+00,8.281250265001e-01,8.738910108151e-02
-8.459563375645e+00,1.093750035002e-01,8.757829199566e-02
-8.459440255714e+00,1.901515785081e+00,8.649831988174e-02
-8.458907403918e+00,1.406250045003e-01,8.757924086744e-02
-8.458769381621e+00,2.178763080164e+00,8.611932408751e-02
-8.458734903900e+00,4.838932876279e+00,7.266876514483e-02
-8.458393292892e+00,3.799709576877e+00,8.149528431532e-02
-8.458251432192e+00,1.718750055004e-01,8.757975371665e-02
-8.458121014992e+00,2.742104225758e+00,8.507291227955e-02
-8.457959664553e+00,8.593750275001e-01,8.738374911983e-02
-8.457912405920e+00,4.237938193234e+00,7.886010238231e-02
-8.457739421339e+00,3.439301541538e+00,8.305189849166e-02
-8.457595460465e+00,2.031250065004e-01,8.757983067914e-02
-8.457481414942e+00,5.856643892273e+00,3.084282817060e-02
-8.457077993247e+00,5.046895866378e+00,6.926675339355e-02
-8.456939488739e+00,2.343750075005e-01,8.757931934761e-02
-8.456859893083e+00,5.628042395009e+00,4.980853764802e-02
-8.456703197981e+00,3.029067414737e+00,8.437090301713e-02
-8.456638631343e+00,1.189899602824e+00,8.719543902257e-02
-8.456589520804e+00,1.407615754902e+00,8.702782809519e-02
-8.456283517012e+00,2.656250085005e-01,8.757808887535e-02
-8.456097749944e+00,3.203409244962e+00,8.386797946883e-02
-8.455971391298e+00,8.906250285000e-01,8.737897856816e-02
-8.455627545286e+00,2.968750095005e-01,8.757642196645e-02
-8.455518537127e+00,4.633101506945e+00,7.534638135607e-02
-8.455282266122e+00,3.738124945237e+00,8.182734068365e-02
-8.454971573560e+00,3.281250105004e-01,8.757431817971e-02
-8.454917000280e+00,4.301636202644e+00,7.842713167192e-02
-8.454393099315e+00,2.067044564415e+00,8.630930368153e-02
-8.454315601833e+00,3.593750115003e-01,8.757177696225e-02
-8.453983118044e+00,9.218750295000e-01,8.737227753258e-02
-8.453659630107e+00,3.906250125002e-01,8.756857664505e-02
-8.453330958341e+00,2.855567977073e+00,8.484364161328e-02
-8.453003658380e+00,4.218750135002e-01,8.756467326373e-02
-8.452347686654e+00,4.531250145001e-01,8.756027947935e-02
-8.451994844789e+00,9.531250305000e-01,8.736577818979e-02
-8.451691714927e+00,4.843750155000e-01,8.755544193904e-02
-8.451604017159e+00,3.676683934882e+00,8.214787955037e-02
-8.451535724785e+00,1.790589432058e+00,8.667603892739e-02
-8.451511392170e+00,1.625935974371e+00,8.685299589506e-02
-8.451452621130e+00,4.365496098570e+00,7.797391959304e-02
-8.451417573028e+00,3.378501815005e+00,8.333168280935e-02
-8.451278505378e+00,4.904273731143e+00,7.189638730969e-02
-8.450811289944e+00,5.775803728501e+00,3.997637436363e-02
-8.450511446488e+00,5.402032663273e+00,6.041925966516e-02
-8.450462398780e+00,5.256875209022e+00,6.480228209315e-02
-8.450377152411e+00,5.156250165000e-01,8.755336200201e-02
-8.450006571534e+00,9.843750315000e-01,8.735874809924e-02
-8.449812378169e+00,1.244077710594e+00,8.719216673241e-02
-8.449598864383e+00,4.697876358421e+00,7.473177339413e-02
-8.449219912089e+00,2.457373998045e+00,8.571326540308e-02
-8.448567669522e+00,1.955692251115e+00,8.649287631916e-02
-8.448545465397e+00,1.461792155710e+00,8.702384936277e-02
-8.448493216714e+00,2.344988765337e+00,8.591621855563e-02
-8.448422803969e+00,2.570051828657e+00,8.550397108197e-02
-8.448403999105e+00,5.468750175001e-01,8.755367741867e-02
-8.448178445221e+00,5.548200680819e+00,5.469944298318e-02
-8.448059336401e+00,5.112766254005e+00,6.826741432945e-02
-8.447766501166e+00,3.143165806123e+00,8.411982306778e-02
-8.447651395685e+00,6.005906201076e+00,1.009093593178e-02
-8.447516930336e+00,4.429514397162e+00,7.749902866269e-02
-8.447363968117e+00,3.615391116898e+00,8.245742226069e-02
-8.446937375666e+00,2.969243773148e+00,8.460729736264e-02
-8.446430845799e+00,5.781250185001e-01,8.755347987234e-02
-8.446264945391e+00,2.232917920390e+00,8.611300077340e-02
-8.446127378051e+00,1.027066724004e+00,8.735335334021e-02
-8.446079961148e+00,2.683000092854e+00,8.528816414921e-02
-8.444559413867e+00,3.317871645292e+00,8.360123654191e-02
-8.444457692493e+00,6.093750195001e-01,8.755284219673e-02
-8.443435960053e+00,5.695340764335e+00,4.692334992007e-02
-8.443330884541e+00,4.969743160896e+00,7.107510573203e-02
-8.443195493032e+00,4.762791304775e+00,7.408257646443e-02
-8.443107615605e+00,4.493687590612e+00,7.700088312195e-02
-8.442689892366e+00,1.298216946605e+00,8.718870854306e-02
-8.442567574205e+00,3.554251016202e+00,8.275646105068e-02
-8.442557616429e+00,2.121182873562e+00,8.630341456542e-02
-8.442484539187e+00,6.406250205002e-01,8.755176422224e-02
-8.442311141751e+00,5.924477065651e+00,2.510613518624e-02
-8.442236141444e+00,1.680078936985e+00,8.684832772772e-02
-8.442169754638e+00,2.796196255628e+00,8.506567247460e-02
-8.441316299386e+00,1.844726639522e+00,8.667088345647e-02
-8.440511385881e+00,6.718750215002e-01,8.755024566619e-02
-8.440209887344e+00,1.081183957354e+00,8.735061425317e-02
-8.440203984575e+00,1.515922130427e+00,8.701968589584e-02
-8.439866345002e+00,4.039138644927e+00,8.042353969470e-02
-8.439856808452e+00,5.323237861845e+00,6.345953760282e-02
-8.439278857442e+00,4.101708971697e+00,8.005000306087e-02
-8.438946425214e+00,3.977161930347e+00,8.079279825969e-02
-8.438919436311e+00,3.083108115927e+00,8.436370422742e-02
-8.438805412326e+00,5.468753071394e+00,5.868831117133e-02
-8.438542205737e+00,5.178753450119e+00,6.719573545132e-02
-8.438538232575e+00,7.031250225002e-01,8.754786227255e-02
-8.438222390668e+00,4.558012147402e+00,7.647775205881e-02
-8.437439987844e+00,3.915311024389e+00,8.114858054624e-02
-8.437394032739e+00,2.009804652726e+00,8.648725411314e-02
-8.437281320634e+00,4.164910609164e+00,7.967067607411e-02
-8.437220323124e+00,3.493268111928e+00,8.304546096457e-02
-8.437170553529e+00,3.257415337939e+00,8.386108942320e-02
-8.436670863844e+00,2.909617414057e+00,8.483632382898e-02
-8.436565079269e+00,7.343750235003e-01,8.754502188971e-02
-8.436306246964e+00,4.827842713684e+00,7.339580057496e-02
-8.436257166655e+00,5.843413862398e+00,3.574238723121e-02
-8.435360265032e+00,5.615260889374e+00,5.238447647053e-02
-8.435352325227e+00,3.853590666487e+00,8.149181920008e-02
-8.435271416220e+00,1.352315507077e+00,8.718506432263e-02
-8.435050967632e+00,2.511450389995e+00,8.570631675170e-02
-8.435008251600e+00,2.399072090820e+00,8.590948170497e-02
-8.434889951514e+00,5.035337457649e+00,7.020014358882e-02
-8.434820679784e+00,4.228281499593e+00,7.927439572409e-02
-8.434591925963e+00,7.656250245003e-01,8.754173878478e-02
-8.433997743748e+00,1.135267992046e+00,8.734768829945e-02
-8.433563222913e+00,2.624111456481e+00,8.549683985789e-02
-8.433457169023e+00,2.286998484476e+00,8.610650165610e-02
-8.432858995541e+00,4.622484512391e+00,7.592773003169e-02
-8.432688764030e+00,3.792005551084e+00,8.182309030549e-02
-8.432662466088e+00,1.734167838060e+00,8.684347640435e-02
-8.432618772657e+00,7.968750255002e-01,8.753801208466e-02
-8.431992300556e+00,1.562500050003e-02,8.771324618205e-02
-8.431894542220e+00,4.291818215711e+00,7.886039392836e-02
-8.431565366694e+00,1.570003867932e+00,8.701533759843e-02
-8.431341355432e+00,4.687500150007e-02,8.771584150263e-02
-8.431333574906e+00,6.074022515870e+00,1.150235528850e-05
-8.431327734690e+00,3.432446837253e+00,8.332486162929e-02
-8.430797276179e+00,1.898803898022e+00,8.666554688951e-02
-8.430690410309e+00,7.812500250012e-02,8.771791231120e-02
-8.430645619352e+00,8.281250265001e-01,8.753384080091e-02
-8.430523221366e+00,2.737032993846e+00,8.528088317013e-02
-8.430420107453e+00,2.175251117730e+00,8.629734970438e-02
-8.430039465186e+00,1.093750035002e-01,8.771923476469e-02
-8.429562281884e+00,3.023240302882e+00,8.459994654123e-02
-8.429494218661e+00,5.762722568725e+00,4.367071688989e-02
-8.429454664758e+00,3.730560327736e+00,8.214293738668e-02
-8.429388520063e+00,1.406250045003e-01,8.772013325204e-02
-8.429256632476e+00,3.197137151575e+00,8.411268862046e-02
-8.428928977355e+00,4.893026929822e+00,7.266810113327e-02
-8.428745771055e+00,5.389705317965e+00,6.200329882427e-02
-8.428737574940e+00,1.718750055004e-01,8.772060800409e-02
-8.428672466045e+00,8.593750275001e-01,8.752844490466e-02
-8.428524599450e+00,5.244853673810e+00,6.604359429780e-02
-8.428500540768e+00,4.355517305572e+00,7.842746760531e-02
-8.428086629816e+00,2.031250065004e-01,8.772065914520e-02
-8.427557203053e+00,1.406371589355e+00,8.718123394342e-02
-8.427491154978e+00,1.189317033664e+00,8.734457532159e-02
-8.427435684693e+00,2.343750075005e-01,8.772008062274e-02
-8.427015196965e+00,4.687101106590e+00,7.534572663775e-02
-8.426784739570e+00,2.656250085005e-01,8.771886110856e-02
-8.426699312740e+00,8.906250285000e-01,8.752345284005e-02
-8.426615860581e+00,5.992380379894e+00,1.829886370411e-02
-8.426589092077e+00,5.535569945152e+00,5.678996911807e-02
-8.426133794447e+00,2.968750095005e-01,8.771721742815e-02
-8.425953644333e+00,5.101052891225e+00,6.926608128975e-02
-8.425919741249e+00,2.063851157040e+00,8.648145329730e-02
-8.425909471942e+00,2.850192334872e+00,8.505827845966e-02
-8.425655421463e+00,3.669259600725e+00,8.245187357162e-02
-8.425482849324e+00,3.281250105004e-01,8.771514915325e-02
-8.424895360728e+00,3.371791578533e+00,8.359452851632e-02
-8.424831904201e+00,3.593750115003e-01,8.771265574861e-02
-8.424726159434e+00,9.218750295000e-01,8.751712468459e-02
-8.424636333921e+00,4.419375292864e+00,7.797430307685e-02
-8.424180959077e+00,3.906250125002e-01,8.770942499829e-02
-8.423530013954e+00,4.218750135002e-01,8.770560752341e-02
-8.422879068831e+00,4.531250145001e-01,8.770131331948e-02
-8.422790701024e+00,1.788200860374e+00,8.683844187290e-02
-8.422753006128e+00,9.531250305000e-01,8.751044653787e-02
-8.422629911106e+00,1.624035559096e+00,8.701080437995e-02
-8.422228123708e+00,4.843750155000e-01,8.769658785966e-02
-8.422027094060e+00,5.682409114980e+00,4.980787606340e-02
-8.421296461550e+00,3.608107928458e+00,8.275038359387e-02
-8.421219174419e+00,2.453075032683e+00,8.590257247063e-02
-8.421180740341e+00,5.911098812989e+00,3.084230603488e-02
-8.421061562862e+00,4.958340275090e+00,7.189572476774e-02
-8.420923634468e+00,5.156250165000e-01,8.769445281198e-02
-8.420823321726e+00,3.137041297340e+00,8.435637022815e-02
-8.420779852822e+00,9.843750315000e-01,8.750380401019e-02
-8.420690339729e+00,1.243329288668e+00,8.734127516538e-02
-8.420688788389e+00,4.751858327799e+00,7.473111969932e-02
-8.420576740432e+00,2.565442095573e+00,8.569919958028e-02
-8.420346510683e+00,2.341002925672e+00,8.609982674476e-02
-8.420299605964e+00,4.483388677292e+00,7.749946316200e-02
-8.419979025944e+00,1.952819383471e+00,8.666002921891e-02
-8.419700793825e+00,2.963566447640e+00,8.482885772734e-02
-8.419547517140e+00,1.460383392527e+00,8.717721728208e-02
-8.418965601110e+00,5.468750175001e-01,8.769461706788e-02
-8.418397248140e+00,2.678082055922e+00,8.548954445945e-02
-8.418004544206e+00,5.311063122694e+00,6.480160547402e-02
-8.417981004856e+00,2.229247458145e+00,8.629110918746e-02
-8.417928784676e+00,3.311306675154e+00,8.385407953526e-02
-8.417127375317e+00,5.456273724870e+00,6.041858074462e-02
-8.417007567753e+00,5.781250185001e-01,8.769435361444e-02
-8.416917019259e+00,1.026983337055e+00,8.749833585599e-02
-8.416519929126e+00,5.166885709436e+00,6.826674459330e-02
-8.416383245443e+00,3.547109823145e+00,8.303892564557e-02
-8.415488067146e+00,4.547553934836e+00,7.700137244017e-02
-8.415136305133e+00,4.092848883831e+00,8.042308908643e-02
-8.415049534396e+00,6.093750195001e-01,8.769366238000e-02
-8.415032918368e+00,5.830183832524e+00,3.997577141354e-02
-8.414674779291e+00,4.030885988880e+00,8.079120949730e-02
-8.414659037892e+00,2.790972484248e+00,8.527344287230e-02
-8.414145202036e+00,2.117829933875e+00,8.647547391467e-02
-8.414121439367e+00,4.155415688480e+00,8.005018907895e-02
-8.413877590028e+00,4.816752551089e+00,7.408192394482e-02
-8.413860636981e+00,5.602479383739e+00,5.469877169084e-02
-8.413623528791e+00,3.969045056270e+00,8.114597740979e-02
-8.413595527571e+00,1.297302965286e+00,8.733778768002e-02
-8.413397928207e+00,1.678015396458e+00,8.700608615545e-02
-8.413091501039e+00,6.406250205002e-01,8.769254318466e-02
-8.412701909780e+00,5.023779048920e+00,7.107444490235e-02
-8.412621192211e+00,1.842176188936e+00,8.683322408817e-02
-8.411987816938e+00,3.907330857713e+00,8.148831469582e-02
-8.411876322492e+00,3.077131938646e+00,8.459245387720e-02
-8.411728953648e+00,4.218624805951e+00,7.967089867540e-02
-8.411242633717e+00,1.514349117369e+00,8.717301421973e-02
-8.411133467681e+00,6.718750215002e-01,8.769083475855e-02
-8.411018249180e+00,1.080933919325e+00,8.749557592180e-02
-8.410921265980e+00,3.486269751181e+00,8.331793309363e-02
-8.410433621033e+00,3.250996419794e+00,8.410542659830e-02
-8.410393921041e+00,6.060349787355e+00,1.009072629799e-02
-8.410199453954e+00,4.611867517837e+00,7.647830037952e-02
-8.409772941667e+00,3.845748120098e+00,8.181878759064e-02
-8.409340757144e+00,2.904090582785e+00,8.505073051784e-02
-8.409175434324e+00,7.031250225002e-01,8.768843202745e-02
-8.408872084160e+00,4.282000228778e+00,7.927465735891e-02
-8.408861930619e+00,2.006771273835e+00,8.665433044534e-02
-8.408177147378e+00,5.749641408949e+00,4.692270813679e-02
-8.407217400967e+00,7.343750235003e-01,8.768559965345e-02
-8.407126480613e+00,2.506995739398e+00,8.589549092311e-02
-8.406984235169e+00,3.784301525291e+00,8.213793062349e-02
-8.406980095623e+00,5.377377972656e+00,6.345886525366e-02
-8.406933439743e+00,2.394929400193e+00,8.609297605924e-02
-8.406586800120e+00,5.232832138598e+00,6.719506851064e-02
-8.406579449332e+00,4.881780128501e+00,7.339514940160e-02
-8.406206958958e+00,1.351236273349e+00,8.733411271816e-02
-8.405797751977e+00,2.619347256885e+00,8.569191401309e-02
-8.405580325477e+00,5.978854558713e+00,2.510568826495e-02
-8.405548460405e+00,4.345538512575e+00,7.886069725270e-02
-8.405259367610e+00,7.656250245003e-01,8.768233689256e-02
-8.405240752304e+00,2.283170058709e+00,8.628452884308e-02
-8.404999738933e+00,5.522939209485e+00,5.868763933217e-02
-8.404916048040e+00,3.425592132967e+00,8.358770949328e-02
-8.404827066920e+00,1.134851555398e+00,8.749262788979e-02
-8.404431529547e+00,4.676325854759e+00,7.592778336198e-02
-8.403869739449e+00,1.731941574226e+00,8.700118284585e-02
-8.403847952264e+00,5.089339528446e+00,7.019948475057e-02
-8.403627063394e+00,3.722995710236e+00,8.244624870501e-02
-8.403301334252e+00,7.968750255002e-01,8.767864289084e-02
-8.402925427740e+00,2.731961761934e+00,8.548208506737e-02
-8.402642838982e+00,1.568266966326e+00,8.716862464218e-02
-8.402453310287e+00,1.562500050003e-02,8.785050058949e-02
-8.402421365787e+00,3.017413191027e+00,8.482124365117e-02
-8.402415515007e+00,3.190865058188e+00,8.434890146131e-02
-8.402154296645e+00,1.896092010962e+00,8.682782301208e-02
-8.402070833285e+00,2.171739155296e+00,8.646931601803e-02
-8.401807391767e+00,4.687500150007e-02,8.785300071883e-02
-8.401755737507e+00,4.409236188565e+00,7.842781551727e-02
-8.401343300895e+00,8.281250265001e-01,8.767451668378e-02
-8.401161473247e+00,7.812500250012e-02,8.785497271527e-02
-8.400618228068e+00,5.669477465624e+00,5.238381792263e-02
-8.400515554727e+00,1.093750035002e-01,8.785623542018e-02
-8.400050338931e+00,5.897720560328e+00,3.574182629435e-02
-8.399869636208e+00,1.406250045003e-01,8.785708594956e-02
-8.399706825766e+00,3.661835266568e+00,8.274421905997e-02
-8.399385267538e+00,8.593750275001e-01,8.766908514426e-02
-8.399223717688e+00,1.718750055004e-01,8.785752451907e-02
-8.398792241182e+00,4.946937389283e+00,7.266745149970e-02
-8.398577799168e+00,2.031250065004e-01,8.785755124236e-02
-8.398524885301e+00,1.405127423809e+00,8.733025013608e-02
-8.398487985543e+00,2.844816692671e+00,8.526584349497e-02
-8.398373148428e+00,3.365081342061e+00,8.384695033321e-02
-8.398343678612e+00,1.188734464504e+00,8.748949158917e-02
-8.398182083746e+00,4.740925350824e+00,7.534508522003e-02
-8.397931880648e+00,2.343750075005e-01,8.785691118946e-02
-8.397491596322e+00,4.473089763972e+00,7.797469874459e-02
-8.397446383184e+00,2.060657749665e+00,8.664845057798e-02
-8.397427234181e+00,8.906250285000e-01,8.766389438558e-02
-8.397285962128e+00,2.656250085005e-01,8.785570250753e-02
-8.396640043608e+00,2.968750095005e-01,8.785408142006e-02
-8.396152279960e+00,5.298888383544e+00,6.604293065539e-02
-8.395994125088e+00,3.281250105004e-01,8.785204751116e-02
-8.395469200824e+00,9.218750295000e-01,8.765791322908e-02
-8.395449338308e+00,5.443794378345e+00,6.200263159103e-02
-8.395348206568e+00,3.593750115003e-01,8.784960026244e-02
-8.395228954982e+00,3.600824740017e+00,8.303229301716e-02
-8.394702288048e+00,3.906250125002e-01,8.784634491296e-02
-8.394497652514e+00,5.155017968752e+00,6.926542476447e-02
-8.394056369528e+00,4.218750135002e-01,8.784261011643e-02
-8.394045677263e+00,1.785812288689e+00,8.699609437814e-02
-8.393880142286e+00,3.130916788557e+00,8.458481977265e-02
-8.393808670082e+00,5.816953802650e+00,4.367010017832e-02
-8.393748430042e+00,1.622135143820e+00,8.716404844008e-02
-8.393643703837e+00,6.128381221144e+00,1.150235523983e-05
-8.393511167466e+00,9.531250305000e-01,8.765107759690e-02
-8.393410451008e+00,4.531250145001e-01,8.783841170243e-02
-8.393218436749e+00,2.448776067321e+00,8.608594963044e-02
-8.392764532488e+00,4.843750155000e-01,8.783379401290e-02
-8.392753743625e+00,4.537095722271e+00,7.749991005546e-02
-8.392730676896e+00,2.560832362490e+00,8.588823714512e-02
-8.392464211983e+00,2.957889122131e+00,8.504302894837e-02
-8.392361008930e+00,5.589697878104e+00,5.678930590240e-02
-8.392199804653e+00,2.337017086007e+00,8.627775396042e-02
-8.391568301290e+00,1.242580866743e+00,8.748616685187e-02
-8.391553134109e+00,9.843750315000e-01,8.764479589590e-02
-8.391470116524e+00,5.156250165000e-01,8.783154294061e-02
-8.391448933092e+00,4.805662388493e+00,7.473047956368e-02
-8.391390382367e+00,1.949946515828e+00,8.682223861400e-02
-8.391298155486e+00,3.304741705016e+00,8.409803749768e-02
-8.390714535133e+00,2.673164018990e+00,8.568446018777e-02
-8.390549568882e+00,1.458974629345e+00,8.732619979382e-02
-8.390513868047e+00,5.012220640191e+00,7.189507689370e-02
-8.390198916681e+00,3.539968630087e+00,8.331089766829e-02
-8.390080119544e+00,4.146407531294e+00,8.042264199079e-02
-8.390078120688e+00,4.084461383756e+00,8.078960946359e-02
-8.389697064322e+00,2.225576995899e+00,8.646297967020e-02
-8.389527203116e+00,5.468750175001e-01,8.783163316304e-02
-8.389483213581e+00,4.022633332834e+00,8.114334882023e-02
-8.389454267175e+00,6.046677058840e+00,1.829851902800e-02
-8.388637227511e+00,4.208968112310e+00,8.005038630417e-02
-8.388300632368e+00,3.960928182194e+00,8.148477119097e-02
-8.387706660466e+00,1.026899950106e+00,8.763926504190e-02
-8.387584289707e+00,5.781250185001e-01,8.783130752549e-02
-8.387539912367e+00,4.601250523283e+00,7.700187436754e-02
-8.387148321146e+00,2.785748712869e+00,8.547446187681e-02
-8.386860076094e+00,5.736560249172e+00,4.980723334663e-02
-8.386535646032e+00,3.899350691037e+00,8.181443298261e-02
-8.385849626099e+00,4.272182241845e+00,7.967113266823e-02
-8.385732787642e+00,2.114476994189e+00,8.664238963483e-02
-8.385641376299e+00,6.093750195001e-01,8.783056594252e-02
-8.385214420191e+00,5.365050627347e+00,6.480094572351e-02
-8.384833208672e+00,3.071155761365e+00,8.481348196027e-02
-8.384649000790e+00,5.220810603387e+00,6.826609075296e-02
-8.384622208837e+00,3.479271390433e+00,8.358043740608e-02
-8.384559714971e+00,1.675951855931e+00,8.715928550910e-02
-8.384544790372e+00,5.965328737531e+00,3.084180019592e-02
-8.384501162775e+00,1.296388983967e+00,8.748265351261e-02
-8.384229921309e+00,4.870533327180e+00,7.408128525069e-02
-8.384193558107e+00,3.837905573709e+00,8.213285974016e-02
-8.383926085036e+00,1.839625738350e+00,8.699082068559e-02
-8.383698462890e+00,6.406250205002e-01,8.782940822498e-02
-8.383696688536e+00,3.244577501648e+00,8.434129838673e-02
-8.383410385789e+00,5.510308473818e+00,6.041791964756e-02
-8.382596380043e+00,4.335559719578e+00,7.927493057528e-02
-8.382281282859e+00,1.512776104310e+00,8.732196155530e-02
-8.382010650444e+00,2.898563751514e+00,8.525808529293e-02
-8.381847862129e+00,4.665550602929e+00,7.647886152990e-02
-8.381826611017e+00,1.080683881295e+00,8.763648685212e-02
-8.381755549482e+00,6.718750215002e-01,8.782751204666e-02
-8.381742260196e+00,5.077626165667e+00,7.107379903849e-02
-8.381279706308e+00,3.776597499498e+00,8.244054815978e-02
-8.380329828498e+00,2.003737894944e+00,8.681647087095e-02
-8.379812636073e+00,7.031250225002e-01,8.782510617380e-02
-8.379209362075e+00,5.656545816269e+00,5.469811900738e-02
-8.379201993594e+00,2.502541088800e+00,8.607874750066e-02
-8.378919937521e+00,5.884342307667e+00,3.997518670820e-02
-8.378875141093e+00,4.399097084267e+00,7.886101235360e-02
-8.378858627885e+00,2.390786709567e+00,8.627080024533e-02
-8.378504361390e+00,3.418737428682e+00,8.383970236309e-02
-8.378032281042e+00,2.614583057289e+00,8.588081123201e-02
-8.377869722664e+00,7.343750235003e-01,8.782228247129e-02
-8.377799462030e+00,3.715431092735e+00,8.273796795355e-02
-8.377142501696e+00,1.350157039621e+00,8.747895140903e-02
-8.377024335585e+00,2.279341632942e+00,8.645646494430e-02
-8.376522919503e+00,4.935534503477e+00,7.339451232790e-02
-8.375926809256e+00,7.656250245003e-01,8.781904020922e-02
-8.375675379103e+00,4.729992373848e+00,7.592715385796e-02
-8.375656390092e+00,1.134435118750e+00,8.763351947782e-02
-8.375574397538e+00,3.184592964801e+00,8.457704464731e-02
-8.375327634113e+00,2.726890530022e+00,8.567683825569e-02
-8.375280449690e+00,3.011586079172e+00,8.503517406695e-02
-8.375077012810e+00,1.729715310392e+00,8.715433575019e-02
-8.374683586680e+00,4.462790850652e+00,7.842817540579e-02
-8.374300015714e+00,5.286713644393e+00,6.719441778834e-02
-8.373983895848e+00,7.968750255002e-01,8.781534621120e-02
-8.373771301299e+00,5.431315031821e+00,6.345821009944e-02
-8.373758230069e+00,3.654410932410e+00,8.302556357778e-02
-8.373721559117e+00,2.168227192862e+00,8.663614764309e-02
-8.373720311269e+00,1.566530064719e+00,8.731753528857e-02
-8.373511317110e+00,1.893380123902e+00,8.698536170802e-02
-8.372914320019e+00,1.562500050003e-02,8.798396370732e-02
-8.372800941598e+00,6.114562253376e+00,1.009052364637e-02
-8.372584421795e+00,5.803723772775e+00,4.692208519807e-02
-8.372475375903e+00,5.143150228068e+00,7.019884118297e-02
-8.372273428102e+00,4.687500150007e-02,8.798637287647e-02
-8.372040982439e+00,8.281250265001e-01,8.781121154926e-02
-8.371850936128e+00,3.358371105589e+00,8.409052183305e-02
-8.371632536186e+00,7.812500250012e-02,8.798825122641e-02
-8.371066499143e+00,2.839441050470e+00,8.546667509782e-02
-8.370991644269e+00,1.093750035002e-01,8.798945695328e-02
-8.370861380879e+00,5.576916372469e+00,5.868698561010e-02
-8.370350752352e+00,1.406250045003e-01,8.799026181008e-02
-8.370098069030e+00,8.593750275001e-01,8.780583686505e-02
-8.370019420103e+00,4.526637509706e+00,7.797510659375e-02
-8.369709860436e+00,1.718750055004e-01,8.799066599828e-02
-8.369492567550e+00,1.403883258263e+00,8.747506038182e-02
-8.369196202246e+00,1.188151895344e+00,8.763036273532e-02
-8.369161448414e+00,3.593541551576e+00,8.330375583563e-02
-8.369068968519e+00,2.031250065004e-01,8.799066962156e-02
-8.369020276156e+00,4.794572225898e+00,7.534445710652e-02
-8.368973025118e+00,2.057464342291e+00,8.681051976793e-02
-8.368514613310e+00,6.033004330324e+00,2.510525574498e-02
-8.368428076602e+00,2.343750075005e-01,8.798997323372e-02
-8.368325826313e+00,5.000662231462e+00,7.266681624790e-02
-8.368155155622e+00,8.906250285000e-01,8.780046822319e-02
-8.367787184686e+00,2.656250085005e-01,8.798877525503e-02
-8.367146292769e+00,2.968750095005e-01,8.798717614922e-02
-8.366936962846e+00,3.124792279774e+00,8.480557303163e-02
-8.366505400852e+00,3.281250105004e-01,8.798517551229e-02
-8.366212242213e+00,9.218750295000e-01,8.779481022486e-02
-8.365864508936e+00,3.593750115003e-01,8.798270419807e-02
-8.365543004811e+00,5.723479089396e+00,5.238317815506e-02
-8.365300653502e+00,1.783423717004e+00,8.714919906979e-02
-8.365227630142e+00,2.952211796623e+00,8.525016853682e-02
-8.365223617019e+00,3.906250125002e-01,8.797949815293e-02
-8.365217699080e+00,2.444477101959e+00,8.626366770101e-02
-8.365157361166e+00,4.137886137607e+00,8.078799837106e-02
-8.365019936244e+00,4.076073883681e+00,8.114069509516e-02
-8.364884613359e+00,2.556222629407e+00,8.607136972393e-02
-8.364880370781e+00,4.590633528729e+00,7.750036934000e-02
-8.364866948978e+00,1.620234728544e+00,8.731292086593e-02
-8.364698717774e+00,4.199812603267e+00,8.042219848591e-02
-8.364667526295e+00,3.298176734877e+00,8.433356148238e-02
-8.364582725102e+00,4.218750135002e-01,8.797584296991e-02
-8.364291647870e+00,4.014380676788e+00,8.148118908253e-02
-8.364269328805e+00,9.531250305000e-01,8.778783648206e-02
-8.364053098622e+00,2.333031246342e+00,8.644977192427e-02
-8.364014587918e+00,3.532827437030e+00,8.357294336420e-02
-8.363941833186e+00,4.531250145001e-01,8.797173674858e-02
-8.363509255268e+00,5.951802916350e+00,3.574128286400e-02
-8.363448744759e+00,5.352723282039e+00,6.604228355759e-02
-8.363300941269e+00,4.843750155000e-01,8.796722274038e-02
-8.363031822125e+00,2.668245982057e+00,8.587321329204e-02
-8.362977735945e+00,3.952811308118e+00,8.181002693541e-02
-8.362827168038e+00,4.262364254911e+00,8.005059473526e-02
-8.362801738790e+00,1.947073648184e+00,8.697971739208e-02
-8.362711201460e+00,5.208789068175e+00,6.926478382102e-02
-8.362446262850e+00,1.241832444818e+00,8.762701644307e-02
-8.362326415396e+00,9.843750315000e-01,8.778189097242e-02
-8.362016598581e+00,5.156250165000e-01,8.796486660143e-02
-8.361880393286e+00,4.859286525859e+00,7.472985299083e-02
-8.361821032645e+00,5.497677738151e+00,6.200198187383e-02
-8.361551620625e+00,1.457565866162e+00,8.747098027486e-02
-8.361413123788e+00,2.221906533654e+00,8.662972463946e-02
-8.361083475126e+00,3.891370524361e+00,8.212772522840e-02
-8.360088805121e+00,5.468750175001e-01,8.796488677004e-02
-8.359644299681e+00,4.325580926580e+00,7.967137805119e-02
-8.359637604401e+00,2.780524941489e+00,8.566904838236e-02
-8.359636568128e+00,5.065912802888e+00,7.189444369172e-02
-8.359264194710e+00,4.654775351098e+00,7.700238890113e-02
-8.358614174547e+00,3.830063027320e+00,8.243477244865e-02
-8.358496301674e+00,1.026816563156e+00,8.777630711557e-02
-8.358323151694e+00,3.472273029685e+00,8.383233618917e-02
-8.358161011661e+00,5.781250185001e-01,8.796450244173e-02
-8.357800496083e+00,5.643614166913e+00,5.678866107095e-02
-8.357790094853e+00,3.065179584085e+00,8.502716620614e-02
-8.357789536112e+00,5.870964055006e+00,4.366950212679e-02
-8.357320373249e+00,2.111124054503e+00,8.680438529820e-02
-8.356959756040e+00,3.238158583502e+00,8.456912893888e-02
-8.356233218201e+00,6.093750195001e-01,8.796371351851e-02
-8.355994544679e+00,4.388957979968e+00,7.927521537162e-02
-8.355721501734e+00,1.673888315404e+00,8.730811816412e-02
-8.355618755986e+00,6.182506063518e+00,1.150235518528e-05
-8.355575177446e+00,3.768893473705e+00,8.273163079419e-02
-8.355406797979e+00,1.295475002648e+00,8.762348042179e-02
-8.355230977861e+00,1.837075287763e+00,8.714387538008e-02
-8.354680543744e+00,2.893036920242e+00,8.545872495569e-02
-8.354305424742e+00,6.406250205002e-01,8.796245367113e-02
-8.354253597823e+00,4.924131617670e+00,7.408066038569e-02
-8.353319932001e+00,1.511203091252e+00,8.746671093533e-02
-8.353168674460e+00,4.719059396873e+00,7.647943550714e-02
-8.352634972853e+00,1.080433843266e+00,8.777351305605e-02
-8.352447751468e+00,5.274538905243e+00,6.826545281199e-02
-8.352377631282e+00,6.718750215002e-01,8.796045161595e-02
-8.352093264290e+00,5.418835685296e+00,6.480030284521e-02
-8.352092674741e+00,3.411882724396e+00,8.408288013727e-02
-8.351971860666e+00,3.707866475235e+00,8.301873784183e-02
-8.351958179359e+00,6.100743285608e+00,1.829818583059e-02
-8.351875577039e+00,4.452491937332e+00,7.886133922921e-02
-8.351797726377e+00,2.000704516053e+00,8.697388769153e-02
-8.351360173508e+00,5.790493742901e+00,4.980660950088e-02
-8.351277506576e+00,2.498086438203e+00,8.625635634154e-02
-8.350783816027e+00,2.386644018940e+00,8.644290070514e-02
-8.350453099292e+00,5.131282487384e+00,7.107316814417e-02
-8.350449837822e+00,7.031250225002e-01,8.795804367927e-02
-8.350266810107e+00,2.609818857694e+00,8.606381636643e-02
-8.349361752828e+00,5.564134866834e+00,6.041727637728e-02
-8.348807918866e+00,2.275513207175e+00,8.662312067044e-02
-8.348733280069e+00,3.178320871414e+00,8.479751725999e-02
-8.348522044362e+00,7.343750235003e-01,8.795522924568e-02
-8.348139533592e+00,3.005758967317e+00,8.524209351366e-02
-8.348078044434e+00,1.349077805893e+00,8.761975449453e-02
-8.347809634373e+00,3.646986598253e+00,8.329650809490e-02
-8.347729840487e+00,2.721819298109e+00,8.586544344680e-02
-8.347574959445e+00,6.019331601809e+00,3.084131065546e-02
-8.347285096581e+00,4.516179297140e+00,7.842854726859e-02
-8.346594250902e+00,7.656250245003e-01,8.795200759903e-02
-8.346591619220e+00,4.783482063303e+00,7.592653741075e-02
-8.346485713264e+00,1.134018682102e+00,8.777052885919e-02
-8.346284286171e+00,1.727489046559e+00,8.730312706459e-02
-8.346137784580e+00,4.989103822733e+00,7.339388935759e-02
-8.345372284949e+00,2.164715230428e+00,8.679806746364e-02
-8.345328723829e+00,3.351660869116e+00,8.432569124474e-02
-8.344868337575e+00,1.890668236842e+00,8.713836459914e-02
-8.344797783556e+00,1.564793163112e+00,8.746225221398e-02
-8.344666457443e+00,7.968750255002e-01,8.794815519734e-02
-8.344225933528e+00,5.710397929620e+00,5.469748493621e-02
-8.343645012744e+00,2.834065408268e+00,8.566109074781e-02
-8.343375329751e+00,1.562500050003e-02,8.811379050456e-02
-8.343093941847e+00,3.586258363136e+00,8.356533441997e-02
-8.342739464437e+00,4.687500150007e-02,8.811611270923e-02
-8.342738663983e+00,8.281250265001e-01,8.794394373970e-02
-8.342473720164e+00,5.938277095168e+00,3.997462024998e-02
-8.342220829194e+00,4.580016534175e+00,7.797552662153e-02
-8.342103599124e+00,7.812500250012e-02,8.811790224735e-02
-8.341683069327e+00,5.340395936730e+00,6.719378328808e-02
-8.341467733810e+00,1.093750035002e-01,8.811905360952e-02
-8.340831868497e+00,1.406250045003e-01,8.811981494784e-02
-8.340810870523e+00,8.593750275001e-01,8.793885821142e-02
-8.340773402129e+00,5.196767532963e+00,7.019821288926e-02
-8.340499667052e+00,2.054270934916e+00,8.696787256754e-02
-8.340460249799e+00,1.402639092716e+00,8.761583848686e-02
-8.340234602788e+00,4.129364743920e+00,8.113801655854e-02
-8.340231679501e+00,5.485047002485e+00,6.345757214360e-02
-8.340196003184e+00,1.718750055004e-01,8.812018645051e-02
-8.340048725881e+00,1.187569326185e+00,8.776735432878e-02
-8.339993783406e+00,3.118667770991e+00,8.501900571576e-02
-8.339961751799e+00,4.067686383607e+00,8.147756877611e-02
-8.339913424435e+00,4.191158278824e+00,8.078637643609e-02
-8.339560137870e+00,2.031250065004e-01,8.812016821189e-02
-8.339530865263e+00,4.848039724539e+00,7.534384230079e-02
-8.339100082160e+00,4.006128020742e+00,8.180556991370e-02
-8.338993041393e+00,4.253062121474e+00,8.042175865128e-02
-8.338924272557e+00,2.343750075005e-01,8.811942026147e-02
-8.338883077063e+00,8.906250285000e-01,8.793333067651e-02
-8.338288407243e+00,2.656250085005e-01,8.811823285437e-02
-8.338036897104e+00,3.291611764739e+00,8.456107310348e-02
-8.337991048300e+00,2.946534471114e+00,8.545061169135e-02
-8.337830259156e+00,3.525686243972e+00,8.382485239432e-02
-8.337654839522e+00,3.944694434041e+00,8.212252759233e-02
-8.337652541930e+00,2.968750095005e-01,8.811665514198e-02
-8.337530876060e+00,5.054199440109e+00,7.266619538198e-02
-8.337216961410e+00,2.440178136598e+00,8.643585139339e-02
-8.337038549823e+00,2.551612896323e+00,8.624886619224e-02
-8.337016676616e+00,3.281250105004e-01,8.811468673168e-02
-8.336955283603e+00,9.218750295000e-01,8.792797385389e-02
-8.336692219319e+00,4.315602133583e+00,8.005081437103e-02
-8.336680527292e+00,4.644000099267e+00,7.750084101291e-02
-8.336659134702e+00,5.857585802345e+00,4.692148110680e-02
-8.336555629741e+00,1.781035145319e+00,8.729794745368e-02
-8.336391630091e+00,5.630682517558e+00,5.868635000841e-02
-8.336380811303e+00,3.593750115003e-01,8.811217920860e-02
-8.335985467914e+00,1.618334313268e+00,8.745760396522e-02
-8.335906392591e+00,2.329045406677e+00,8.661633579277e-02
-8.335744945990e+00,3.906250125002e-01,8.810903784948e-02
-8.335631304220e+00,3.883390357685e+00,8.242892209824e-02
-8.335349109118e+00,2.663327945125e+00,8.605608750680e-02
-8.335109080676e+00,4.218750135002e-01,8.810545936798e-02
-8.335027490144e+00,9.531250305000e-01,8.792087961581e-02
-8.334873891164e+00,6.168541531451e+00,1.009032797756e-02
-8.334473215363e+00,4.531250145001e-01,8.810144192287e-02
-8.334213095213e+00,1.944200780540e+00,8.713266665135e-02
-8.333837350049e+00,4.843750155000e-01,8.809700185257e-02
-8.333324224411e+00,1.241084022892e+00,8.776398927029e-02
-8.333129183253e+00,2.218236071409e+00,8.679156627507e-02
-8.333113948265e+00,4.378818875670e+00,7.967163482287e-02
-8.333099696684e+00,9.843750315000e-01,8.791477074028e-02
-8.333034790987e+00,3.822220480931e+00,8.272520811660e-02
-8.332563080637e+00,5.156250165000e-01,8.809457654117e-02
-8.332553672367e+00,1.456157102979e+00,8.761173222694e-02
-8.332126887655e+00,2.775301170110e+00,8.585750183160e-02
-8.332024094551e+00,3.465274668937e+00,8.407511296195e-02
-8.331984276144e+00,4.912728731864e+00,7.472923998435e-02
-8.331115417121e+00,6.086924317841e+00,2.510483762784e-02
-8.330746981033e+00,3.059203406804e+00,8.523386052713e-02
-8.330661969818e+00,4.708126419897e+00,7.700291603831e-02
-8.330650407126e+00,5.468750175001e-01,8.809453039635e-02
-8.330595487222e+00,5.262364166092e+00,6.926415846291e-02
-8.330415227281e+00,5.406356338772e+00,6.604165300793e-02
-8.330222823544e+00,3.231739665356e+00,8.478931505813e-02
-8.330135925221e+00,5.777263713027e+00,5.238255717107e-02
-8.329870648585e+00,3.761189447912e+00,8.301181633999e-02
-8.329285942881e+00,1.026733176207e+00,8.790961950982e-02
-8.329067567397e+00,4.442193024013e+00,7.927551174627e-02
-8.328907958855e+00,2.107771114817e+00,8.696167198894e-02
-8.328737733615e+00,5.781250185001e-01,8.809409065725e-02
-8.328430822681e+00,5.119414746700e+00,7.189382516546e-02
-8.327862124777e+00,5.551353361199e+00,6.200134967596e-02
-8.327350437044e+00,2.887510088971e+00,8.565296554701e-02
-8.326883288497e+00,1.671824774877e+00,8.745276604734e-02
-8.326825060104e+00,6.093750195001e-01,8.809325721439e-02
-8.326635305579e+00,6.005658873294e+00,3.574075694212e-02
-8.326535870686e+00,1.834524837177e+00,8.729257922288e-02
-8.326312433184e+00,1.294561021328e+00,8.776043349084e-02
-8.326144259302e+00,3.700301857735e+00,8.328915496237e-02
-8.325680988091e+00,3.405028020111e+00,8.431768818904e-02
-8.324912386593e+00,6.406250205002e-01,8.809181813053e-02
-8.324550773060e+00,4.505721084575e+00,7.886167787748e-02
-8.324358581143e+00,1.509630078193e+00,8.760743554572e-02
-8.324162962284e+00,4.772391900707e+00,7.647913135469e-02
-8.323949742846e+00,4.977545414004e+00,7.408004935352e-02
-8.323443334690e+00,1.080183805237e+00,8.790681177770e-02
-8.323353019557e+00,2.493631787605e+00,8.642857139156e-02
-8.323265624257e+00,1.997671137162e+00,8.712678146762e-02
-8.322999713082e+00,6.718750215002e-01,8.808980413620e-02
-8.322908862244e+00,5.697316769844e+00,5.678803462716e-02
-8.322709004169e+00,2.382501328313e+00,8.660937007380e-02
-8.322501339172e+00,2.605054658098e+00,8.624119729010e-02
-8.321892162600e+00,3.172048778027e+00,8.501069296327e-02
-8.321861038676e+00,3.639562264096e+00,8.355761106669e-02
-8.321438185060e+00,5.924751273987e+00,4.366892273779e-02
-8.321087039571e+00,7.031250225002e-01,8.808739512847e-02
-8.320998617495e+00,2.999931855462e+00,8.544233556184e-02
-8.320591502146e+00,2.271684781408e+00,8.678488175261e-02
-8.320132046861e+00,2.716748066197e+00,8.604818323659e-02
-8.319917393895e+00,5.328068591422e+00,6.826483077400e-02
-8.319561287608e+00,4.569399539621e+00,7.842893110311e-02
-8.319174366060e+00,7.343750235003e-01,8.808459050134e-02
-8.319013587172e+00,1.347998572165e+00,8.775668679937e-02
-8.318835602799e+00,5.184745997751e+00,7.107255222262e-02
-8.318806511529e+00,3.344950632644e+00,8.455287761595e-02
-8.318642326357e+00,5.472416266818e+00,6.479967684253e-02
-8.317491559532e+00,1.725262782725e+00,8.744773832273e-02
-8.317315036436e+00,1.133602245454e+00,8.790381307947e-02
-8.317261692549e+00,7.656250245003e-01,8.808138495892e-02
-8.317260182321e+00,6.236394977677e+00,1.150235525154e-05
-8.317181337241e+00,4.836792923218e+00,7.592593402388e-02
-8.317026435279e+00,3.578975174695e+00,8.381725158026e-02
-8.317023010781e+00,2.161203267994e+00,8.695528593263e-02
-8.316225358040e+00,1.887956349782e+00,8.728702226905e-02
-8.316223526345e+00,2.828689766067e+00,8.584938859594e-02
-8.315875255844e+00,1.563056261506e+00,8.760294827706e-02
-8.315528733292e+00,5.844207549684e+00,4.980600452912e-02
-8.315425183991e+00,5.042486077330e+00,7.339328049472e-02
-8.315349019037e+00,7.968750255002e-01,8.807739413161e-02
-8.315311844410e+00,4.120843350233e+00,8.147391068594e-02
-8.315128131096e+00,4.182503954381e+00,8.113531354060e-02
-8.314982764098e+00,5.617750868202e+00,6.041665093705e-02
-8.314903567355e+00,4.059298883532e+00,8.180106239287e-02
-8.314347246164e+00,4.244275841533e+00,8.078474387894e-02
-8.314129026342e+00,6.154576999385e+00,1.829786411306e-02
-8.314096859874e+00,4.633224847436e+00,7.797595882541e-02
-8.313908516449e+00,3.997875364696e+00,8.211726734857e-02
-8.313836339482e+00,1.562500050003e-02,8.824012773179e-02
-8.313436345526e+00,8.281250265001e-01,8.807311501811e-02
-8.313205500772e+00,4.687500150007e-02,8.824236674821e-02
-8.313050603966e+00,3.112543262208e+00,8.522546989812e-02
-8.312964044123e+00,4.306154113178e+00,8.042132256770e-02
-8.312574662062e+00,7.812500250012e-02,8.824407200354e-02
-8.312331943098e+00,3.936577559965e+00,8.242299764934e-02
-8.312026308987e+00,2.051077527541e+00,8.712070898565e-02
-8.311943823352e+00,1.093750035002e-01,8.824517146781e-02
-8.311645930394e+00,3.518545050915e+00,8.406722087789e-02
-8.311523672015e+00,8.593750275001e-01,8.806829902488e-02
-8.311427932048e+00,1.401394927170e+00,8.775274900676e-02
-8.311406267914e+00,3.285046794601e+00,8.478096685738e-02
-8.311312984642e+00,1.406250045003e-01,8.824589131943e-02
-8.310901249515e+00,1.186986757025e+00,8.790062320688e-02
-8.310754466458e+00,2.940857145606e+00,8.564467299029e-02
-8.310682145931e+00,1.718750055004e-01,8.824623173413e-02
-8.310272654882e+00,6.073105350073e+00,3.084083741532e-02
-8.310233351850e+00,4.368679771371e+00,8.005104521011e-02
-8.310179133313e+00,3.875410191009e+00,8.271870047086e-02
-8.310051307221e+00,2.031250065004e-01,8.824619279760e-02
-8.309714954464e+00,4.901325846058e+00,7.534324080639e-02
-8.309610998504e+00,8.906250285000e-01,8.806262993444e-02
-8.309420468511e+00,2.343750075005e-01,8.824539767147e-02
-8.309216223740e+00,2.435879171236e+00,8.660222359178e-02
-8.309192486286e+00,2.547003163240e+00,8.642097959760e-02
-8.308911676935e+00,5.764033683152e+00,5.469686948064e-02
-8.308789629801e+00,2.656250085005e-01,8.824422070219e-02
-8.308743222975e+00,5.250189426942e+00,7.019759987292e-02
-8.308737190272e+00,5.393876992247e+00,6.719316501338e-02
-8.308158791091e+00,2.968750095005e-01,8.824266381683e-02
-8.308155265175e+00,4.697193442922e+00,7.750132507175e-02
-8.307810605980e+00,1.778646573634e+00,8.744252065814e-02
-8.307759686560e+00,2.325059567012e+00,8.677801392604e-02
-8.307698324993e+00,9.218750295000e-01,8.805755399944e-02
-8.307666396111e+00,2.658409908193e+00,8.623334968408e-02
-8.307527952381e+00,3.281250105004e-01,8.824072663366e-02
-8.307455407427e+00,3.814377934542e+00,8.300479961920e-02
-8.307103986851e+00,1.616433897992e+00,8.759827025800e-02
-8.306897113671e+00,3.593750115003e-01,8.823818803511e-02
-8.306408546069e+00,5.107547006016e+00,7.266558890553e-02
-8.306362496726e+00,5.538571855563e+00,6.345695138943e-02
-8.306266274960e+00,3.906250125002e-01,8.823510906885e-02
-8.306259557755e+00,4.431894110693e+00,7.967190298174e-02
-8.305785651482e+00,9.531250305000e-01,8.805035528708e-02
-8.305725037408e+00,3.458276308189e+00,8.430955284972e-02
-8.305695651714e+00,5.991986144778e+00,3.997407204102e-02
-8.305635436250e+00,4.218750135002e-01,8.823160452010e-02
-8.305624451636e+00,1.941327912896e+00,8.728127649470e-02
-8.305004597540e+00,4.531250145001e-01,8.822767260414e-02
-8.304845242719e+00,2.214565609163e+00,8.694871438392e-02
-8.304616170910e+00,2.770077398730e+00,8.604010366063e-02
-8.304373758830e+00,4.843750155000e-01,8.822322105863e-02
-8.304202185971e+00,1.240335600967e+00,8.789724195277e-02
-8.304166119723e+00,3.753485422119e+00,8.328169697146e-02
-8.303872977971e+00,9.843750315000e-01,8.804407372063e-02
-8.303703867214e+00,3.053227229523e+00,8.543389684070e-02
-8.303555724110e+00,1.454748339796e+00,8.774861992596e-02
-8.303485891048e+00,3.225320747211e+00,8.500222833424e-02
-8.303109562694e+00,5.156250165000e-01,8.822081749104e-02
-8.301816449538e+00,4.495262872009e+00,7.927581969735e-02
-8.301761701113e+00,4.965987005275e+00,7.472864054790e-02
-8.301734305348e+00,4.761301738112e+00,7.700345577591e-02
-8.301591790961e+00,5.684235610067e+00,5.868573253056e-02
-8.301212009132e+00,5.468750175001e-01,8.822070855051e-02
-8.300495544462e+00,2.104418175131e+00,8.711444915028e-02
-8.300402649956e+00,5.911225452805e+00,4.692089586559e-02
-8.300316657939e+00,3.692737240234e+00,8.354977381552e-02
-8.300075584088e+00,1.026649789257e+00,8.803935144070e-02
-8.300020330344e+00,2.881983257700e+00,8.584110390388e-02
-8.299314455569e+00,5.781250185001e-01,8.822021648206e-02
-8.299269301441e+00,3.398173315825e+00,8.454454297022e-02
-8.298151718462e+00,5.315741246113e+00,6.926354869373e-02
-8.298045075261e+00,1.669761234350e+00,8.759340132885e-02
-8.297840763512e+00,1.831974386591e+00,8.743711292483e-02
-8.297416902007e+00,6.093750195001e-01,8.821934116577e-02
-8.297218068388e+00,1.293647040009e+00,8.789366911117e-02
-8.297052973213e+00,5.459785531151e+00,6.604103900981e-02
-8.296901746021e+00,4.558782545067e+00,7.886202829606e-02
-8.296897803469e+00,5.172724462539e+00,7.189322131809e-02
-8.296614216067e+00,6.222285563100e+00,1.009013929211e-02
-8.295912442979e+00,3.632137929939e+00,8.380939209589e-02
-8.295519348444e+00,6.406250205002e-01,8.821773701850e-02
-8.295428532539e+00,2.489177137008e+00,8.659489643642e-02
-8.295397230286e+00,1.508057065135e+00,8.774429937209e-02
-8.295051045131e+00,3.165776684639e+00,8.521692196502e-02
-8.294831809218e+00,4.825546121897e+00,7.647853904581e-02
-8.294735868236e+00,2.600290458502e+00,8.641320613365e-02
-8.294733522136e+00,1.994637758270e+00,8.727534180834e-02
-8.294634192312e+00,2.378358637686e+00,8.677096283518e-02
-8.294398331882e+00,5.830829297023e+00,5.238195497369e-02
-8.294251696527e+00,1.079933767207e+00,8.803653205982e-02
-8.293857701398e+00,2.994104743607e+00,8.563621330378e-02
-8.293621794882e+00,6.718750215002e-01,8.821571243062e-02
-8.293573898106e+00,5.604819218847e+00,6.200073500071e-02
-8.293384161520e+00,6.140612467318e+00,2.510443391513e-02
-8.293319491923e+00,5.030772714552e+00,7.407945215813e-02
-8.292534253234e+00,2.711676834285e+00,8.622532343556e-02
-8.292375085427e+00,2.267856355640e+00,8.694195733678e-02
-8.292284299229e+00,3.338240396172e+00,8.477247310795e-02
-8.291724241320e+00,7.031250225003e-01,8.821330326594e-02
-8.291513192456e+00,4.622449595606e+00,7.842932690704e-02
-8.290958928712e+00,3.571691986255e+00,8.405920447540e-02
-8.290389086032e+00,4.112321956547e+00,8.179650485899e-02
-8.290342837758e+00,4.173849629937e+00,8.147021523489e-02
-8.289949129909e+00,1.346919338437e+00,8.788990447733e-02
-8.289845382910e+00,4.050911383457e+00,8.211194502633e-02
-8.289826687757e+00,7.343750235003e-01,8.821050892781e-02
-8.289701450934e+00,4.235489561592e+00,8.113258637795e-02
-8.289429892643e+00,6.059286382305e+00,3.574024853081e-02
-8.288802039946e+00,2.823314123866e+00,8.603184889754e-02
-8.288716950739e+00,3.989622708650e+00,8.241699965681e-02
-8.288698832893e+00,1.723036518891e+00,8.758834133346e-02
-8.288673736613e+00,2.157691305560e+00,8.710800191381e-02
-8.288459774092e+00,4.297236865366e+00,8.078310092375e-02
-8.288144359608e+00,1.133185808806e+00,8.803352099908e-02
-8.287929134195e+00,7.656250245003e-01,8.820715373118e-02
-8.287687428648e+00,5.750803653278e+00,5.678742657437e-02
-8.287582378506e+00,1.885244462723e+00,8.743151499891e-02
-8.287445632785e+00,4.889922960251e+00,7.592534370084e-02
-8.287059153263e+00,5.381397645723e+00,6.826422464248e-02
-8.287009046675e+00,3.928460685889e+00,8.271210842270e-02
-8.286952728132e+00,1.561319359899e+00,8.773978716268e-02
-8.286890958729e+00,5.238014687791e+00,7.107195127725e-02
-8.286612691745e+00,4.359086611361e+00,8.042089031718e-02
-8.286107424526e+00,3.106418753425e+00,8.542529581848e-02
-8.286031580632e+00,7.968750255002e-01,8.820320438111e-02
-8.285648560532e+00,4.686260465946e+00,7.797640320316e-02
-8.285461601632e+00,3.511403857857e+00,8.430128578090e-02
-8.284862868676e+00,5.525790349928e+00,6.479906771874e-02
-8.284775638723e+00,3.278481824463e+00,8.499361223280e-02
-8.284755997849e+00,5.978313416263e+00,4.366836201367e-02
-8.284726962407e+00,3.867430024333e+00,8.299768824309e-02
-8.284386269458e+00,5.095679265332e+00,7.339268574284e-02
-8.284297349214e+00,1.562500050003e-02,8.836311445905e-02
-8.284134027070e+00,8.281250265001e-01,8.819886595612e-02
-8.283671537107e+00,4.687500150007e-02,8.836527385850e-02
-8.283552950921e+00,2.047884120167e+00,8.726921812467e-02
-8.283517884617e+00,2.935179820097e+00,8.583264793449e-02
-8.283451548114e+00,4.421595197373e+00,8.005128725123e-02
-8.283045725000e+00,7.812500250012e-02,8.836689907751e-02
-8.282419912893e+00,1.093750035002e-01,8.836794897398e-02
-8.282395614296e+00,1.400150761623e+00,8.788594784791e-02
-8.282236473508e+00,8.593750275001e-01,8.819430137877e-02
-8.281876023868e+00,3.806535388152e+00,8.327413467303e-02
-8.281794100786e+00,1.406250045003e-01,8.836862925659e-02
-8.281753773150e+00,1.186404187865e+00,8.803031803861e-02
-8.281346422749e+00,2.542393430156e+00,8.658738870928e-02
-8.281215486070e+00,2.431580205874e+00,8.676372853030e-02
-8.281168288679e+00,1.718750055004e-01,8.836894008939e-02
-8.280542476573e+00,2.031250065004e-01,8.836884029768e-02
-8.280338919945e+00,8.906250285000e-01,8.818850656874e-02
-8.280274719677e+00,5.671154450291e+00,6.041604333033e-02
-8.279983683103e+00,2.653491871261e+00,8.640525101905e-02
-8.279916664466e+00,2.343750075005e-01,8.836804328339e-02
-8.279612980530e+00,2.321073727347e+00,8.693501479437e-02
-8.279573659380e+00,4.954428596546e+00,7.534265262689e-02
-8.279425980265e+00,3.451277947441e+00,8.453606967976e-02
-8.279367114852e+00,5.897699631624e+00,4.980541843406e-02
-8.279305648412e+00,4.750211575517e+00,7.750182151362e-02
-8.279290852359e+00,2.656250085005e-01,8.836687661650e-02
-8.279082126016e+00,4.484804659444e+00,7.967218252613e-02
-8.279065582219e+00,1.776258001949e+00,8.758309011943e-02
-8.278665040252e+00,2.968750095005e-01,8.836534001252e-02
-8.278569446610e+00,6.290045907211e+00,1.150235522672e-05
-8.278461590862e+00,3.745781396326e+00,8.354182319565e-02
-8.278441366383e+00,9.218750295000e-01,8.818356270547e-02
-8.278222505787e+00,1.614533482717e+00,8.773508311786e-02
-8.278039228145e+00,3.281250105004e-01,8.836343310018e-02
-8.277413416038e+00,3.593750115003e-01,8.836086809227e-02
-8.277105454164e+00,2.764853627351e+00,8.621711861877e-02
-8.277035808059e+00,1.938455045253e+00,8.742572676153e-02
-8.276787603931e+00,3.906250125002e-01,8.835784933566e-02
-8.276748958551e+00,3.218901829065e+00,8.520821708429e-02
-8.276660753394e+00,3.047251052243e+00,8.562758672986e-02
-8.276561302184e+00,2.210895146918e+00,8.710136723639e-02
-8.276543812821e+00,9.531250305000e-01,8.817640416827e-02
-8.276386043030e+00,5.303413900804e+00,7.019700213750e-02
-8.276161791824e+00,4.218750135002e-01,8.835441608516e-02
-8.275968249812e+00,6.208176148522e+00,1.829755387642e-02
-8.275535979718e+00,4.531250145001e-01,8.835056661010e-02
-8.275463620068e+00,5.447154795484e+00,6.719256296758e-02
-8.275080147532e+00,1.239587179042e+00,8.802692295908e-02
-8.274960004139e+00,5.160702927327e+00,7.266499682171e-02
-8.274910167611e+00,4.843750155000e-01,8.834610880012e-02
-8.274646259258e+00,9.843750315000e-01,8.816996889703e-02
-8.274557775853e+00,1.453339576613e+00,8.788179902111e-02
-8.274489056575e+00,3.685172622734e+00,8.380111042508e-02
-8.274242204434e+00,4.548165550513e+00,7.927613922273e-02
-8.273656044750e+00,5.156250165000e-01,8.834372668432e-02
-8.273267930472e+00,5.817451044362e+00,5.469627264370e-02
-8.272857614791e+00,3.391318611540e+00,8.476383427937e-02
-8.272690223644e+00,2.876456426428e+00,8.602341908007e-02
-8.272639296698e+00,6.126647935252e+00,3.084038047748e-02
-8.272482281195e+00,4.814299320576e+00,7.700383144388e-02
-8.272165032114e+00,5.591887569491e+00,6.345634784019e-02
-8.272083130068e+00,2.101065235445e+00,8.726290536497e-02
-8.271773611137e+00,5.468750175001e-01,8.834355825839e-02
-8.271213799855e+00,5.019059351773e+00,7.472805468538e-02
-8.270865225296e+00,1.026566402308e+00,8.816564443239e-02
-8.269963847282e+00,3.624713595782e+00,8.405106436456e-02
-8.269891177523e+00,5.781250185001e-01,8.834301675725e-02
-8.269206862025e+00,1.667697693823e+00,8.773018706046e-02
-8.269145656337e+00,1.829423936005e+00,8.757764753835e-02
-8.268929525037e+00,4.611674343775e+00,7.886239048282e-02
-8.268587130405e+00,6.045467414538e+00,3.997354208365e-02
-8.268209927662e+00,3.159504591252e+00,8.541653280308e-02
-8.268123703593e+00,1.292733058690e+00,8.802333554184e-02
-8.268008743909e+00,6.093750195001e-01,8.834200578819e-02
-8.267504045520e+00,2.484722486410e+00,8.675631107254e-02
-8.266970397301e+00,2.595526258907e+00,8.657970052404e-02
-8.266716785301e+00,2.988277631752e+00,8.582402088229e-02
-8.266559380454e+00,2.374215947059e+00,8.692788676931e-02
-8.266463180361e+00,5.737573623403e+00,5.868513317986e-02
-8.266435879428e+00,1.506484052076e+00,8.787745779674e-02
-8.266201420015e+00,1.991604379379e+00,8.741974809925e-02
-8.266126310296e+00,6.406250205002e-01,8.834034590848e-02
-8.265762086929e+00,3.331530159700e+00,8.498484508207e-02
-8.265557544419e+00,4.165195305494e+00,8.179189780901e-02
-8.265466327653e+00,4.103800562860e+00,8.210656116753e-02
-8.265381116254e+00,5.368918299198e+00,6.926295451692e-02
-8.265176311105e+00,4.878520074445e+00,7.647795956067e-02
-8.265060058363e+00,1.079683729178e+00,8.816281526731e-02
-8.265055655705e+00,4.226703281651e+00,8.146648285452e-02
-8.265038694483e+00,5.225839948641e+00,7.189263215302e-02
-8.264936459608e+00,2.706605602372e+00,8.639711428507e-02
-8.264891422144e+00,3.564408797814e+00,8.429288755668e-02
-8.264787198465e+00,4.042523883382e+00,8.241092868991e-02
-8.264243876682e+00,6.718750215002e-01,8.833831197778e-02
-8.264158668708e+00,2.264027929873e+00,8.709454508629e-02
-8.263955504062e+00,4.288319617555e+00,8.112983541362e-02
-8.263816343983e+00,5.964640687748e+00,4.692032947691e-02
-8.263525385028e+00,3.981370052604e+00,8.270543255344e-02
-8.263363240625e+00,5.513008844293e+00,6.604044156646e-02
-8.263141855889e+00,4.675327488971e+00,7.842973467831e-02
-8.262363992847e+00,5.083811524649e+00,7.407886880306e-02
-8.262361443068e+00,7.031250225003e-01,8.833590349755e-02
-8.262251967949e+00,4.350039395638e+00,8.078144779858e-02
-8.261686150252e+00,3.920343811812e+00,8.299048279220e-02
-8.261380553547e+00,2.817938481665e+00,8.620873532125e-02
-8.260884672647e+00,1.345840104709e+00,8.801955556891e-02
-8.260479009455e+00,7.343750235003e-01,8.833311988042e-02
-8.260324462445e+00,2.154179343126e+00,8.725640345738e-02
-8.259939961965e+00,4.411857655023e+00,8.042046198310e-02
-8.259906106254e+00,1.720810255058e+00,8.772509881627e-02
-8.259277272869e+00,3.504262664800e+00,8.452745827804e-02
-8.259274791501e+00,3.859449857657e+00,8.326646863565e-02
-8.259164245086e+00,3.100294244642e+00,8.561879352768e-02
-8.258973682780e+00,1.132769372158e+00,8.815979381528e-02
-8.258957648394e+00,5.658073290515e+00,6.200013785149e-02
-8.258939398971e+00,1.882532575663e+00,8.757201344602e-02
-8.258596575841e+00,7.656250245003e-01,8.832962875388e-02
-8.258331579747e+00,5.884173810442e+00,5.238137156571e-02
-8.258145009532e+00,3.271916854325e+00,8.519935563092e-02
-8.258030200419e+00,1.559582458292e+00,8.787292397646e-02
-8.258023375393e+00,6.275792298708e+00,1.008995759049e-02
-8.257385617646e+00,4.942870187818e+00,7.592476644519e-02
-8.256876991476e+00,4.739121412921e+00,7.797685975210e-02
-8.256714142227e+00,7.968750255002e-01,8.832572009692e-02
-8.256347802495e+00,4.474346446878e+00,8.005154049281e-02
-8.256296640308e+00,3.798692841763e+00,8.353375975457e-02
-8.256281302775e+00,2.929502494589e+00,8.601481435560e-02
-8.255322283558e+00,6.194066733945e+00,2.510404460827e-02
-8.255079592856e+00,2.044690712792e+00,8.741357890427e-02
-8.254831708614e+00,8.281250265001e-01,8.832132998107e-02
-8.254758358946e+00,1.562500050003e-02,8.848288257198e-02
-8.254620367598e+00,5.291086555496e+00,7.107136531157e-02
-8.254137573442e+00,4.687500150007e-02,8.848496573429e-02
-8.253874266924e+00,5.434524059817e+00,6.826363442074e-02
-8.253516787938e+00,7.812500250012e-02,8.848651490189e-02
-8.253500359213e+00,2.537783697073e+00,8.674871053439e-02
-8.253363296545e+00,1.398906596077e+00,8.801558282321e-02
-8.253214748401e+00,2.427281240512e+00,8.692057328410e-02
-8.253126923122e+00,3.444279586693e+00,8.475505086092e-02
-8.253022204809e+00,5.148681392115e+00,7.339210510506e-02
-8.252949275000e+00,8.593750275001e-01,8.831700007238e-02
-8.252896002435e+00,1.093750035002e-01,8.848751743302e-02
-8.252757062000e+00,3.738077370532e+00,8.379270742132e-02
-8.252606296784e+00,1.185821618705e+00,8.815657984521e-02
-8.252300970096e+00,2.648573834329e+00,8.657183200713e-02
-8.252275216931e+00,1.406250045003e-01,8.848815995783e-02
-8.252137529063e+00,5.804072791701e+00,5.678683691562e-02
-8.251894431876e+00,6.112683403186e+00,3.573975763231e-02
-8.251654431428e+00,1.718750055004e-01,8.848844262942e-02
-8.251582662848e+00,4.537548555959e+00,7.967247345408e-02
-8.251466274499e+00,2.317087887681e+00,8.708753544036e-02
-8.251066841386e+00,8.906250285000e-01,8.831109401308e-02
-8.251033645924e+00,2.031250065004e-01,8.848828425675e-02
-8.250756166121e+00,5.578955920135e+00,6.479847547708e-02
-8.250412860420e+00,2.343750075005e-01,8.848748782508e-02
-8.250320558458e+00,1.773869430264e+00,8.771981821428e-02
-8.250132753172e+00,4.803052519256e+00,7.750233033550e-02
-8.250012026055e+00,3.212482910919e+00,8.540760812037e-02
-8.249792074917e+00,2.656250085005e-01,8.848633132389e-02
-8.249617639575e+00,3.041274874962e+00,8.581522295780e-02
-8.249594737418e+00,2.759629855971e+00,8.638879597530e-02
-8.249341024724e+00,1.612633067441e+00,8.786819736397e-02
-8.249184407773e+00,9.218750295000e-01,8.830597961689e-02
-8.249171289413e+00,2.968750095005e-01,8.848481447535e-02
-8.249108107787e+00,5.007345988994e+00,7.534207776619e-02
-8.248661455211e+00,3.677608005234e+00,8.404280117552e-02
-8.248550503909e+00,3.281250105004e-01,8.848293691826e-02
-8.248447164482e+00,1.935582177609e+00,8.756618770277e-02
-8.248277361650e+00,2.207224684672e+00,8.724971233733e-02
-8.247929718406e+00,3.593750115003e-01,8.848034974302e-02
-8.247744368166e+00,6.031648446770e+00,4.366781995685e-02
-8.247308932902e+00,3.906250125002e-01,8.847738911607e-02
-8.247301974159e+00,9.531250305000e-01,8.829915979371e-02
-8.246688147398e+00,4.218750135002e-01,8.847402465538e-02
-8.246445928142e+00,3.384463907254e+00,8.497592732455e-02
-8.246345857619e+00,4.600899091944e+00,7.927647032045e-02
-8.246067361895e+00,4.531250145001e-01,8.847025468198e-02
-8.245958109092e+00,1.238838757116e+00,8.815317312603e-02
-8.245559827595e+00,1.451930813430e+00,8.801141708864e-02
-8.245446576391e+00,4.843750155000e-01,8.846579529252e-02
-8.245419540545e+00,9.843750315000e-01,8.829258817222e-02
-8.245360116944e+00,2.870929595157e+00,8.620017364426e-02
-8.245238932074e+00,5.724343593529e+00,6.041545356045e-02
-8.244202526807e+00,5.156250165000e-01,8.846343433447e-02
-8.244015251586e+00,3.617289261624e+00,8.428435877153e-02
-8.243703079244e+00,5.356438952674e+00,7.019641968640e-02
-8.243670715675e+00,2.097712295759e+00,8.740721907477e-02
-8.243186430237e+00,5.213665209491e+00,7.266441913387e-02
-8.242906989426e+00,4.867117188638e+00,7.700326247144e-02
-8.242876690118e+00,5.950967959232e+00,4.980485121823e-02
-8.242335213142e+00,5.468750175001e-01,8.846320954011e-02
-8.241863612574e+00,5.500227338658e+00,6.719197715391e-02
-8.241654866503e+00,1.026483015359e+00,8.828843130839e-02
-8.241368810193e+00,3.153232497865e+00,8.560983397355e-02
-8.240772251080e+00,4.156540981051e+00,8.210111632686e-02
-8.240635151246e+00,4.664394511995e+00,7.886276443586e-02
-8.240543569275e+00,4.095279169173e+00,8.240478533234e-02
-8.240467899477e+00,5.781250185001e-01,8.846262133076e-02
-8.240450549162e+00,1.826873485419e+00,8.771434508690e-02
-8.240409860475e+00,4.217917001711e+00,8.178724175063e-02
-8.240368648788e+00,1.665634153296e+00,8.786327776514e-02
-8.240341716236e+00,5.071943783965e+00,7.472748240028e-02
-8.239729014020e+00,4.034136383307e+00,8.269867346033e-02
-8.239579558501e+00,2.480267835812e+00,8.691307437162e-02
-8.239575869204e+00,2.982450519897e+00,8.600603488661e-02
-8.239548025396e+00,6.343456804652e+00,1.150235520538e-05
-8.239451234032e+00,4.279402369743e+00,8.146271398511e-02
-8.239239874629e+00,3.324819923228e+00,8.519033799885e-02
-8.239204926365e+00,2.590762059311e+00,8.674092699999e-02
-8.239029338797e+00,1.291819077371e+00,8.814957342684e-02
-8.238823915576e+00,3.557125609374e+00,8.451870931895e-02
-8.238600585812e+00,6.093750195001e-01,8.846145117936e-02
-8.238484568596e+00,2.370073256433e+00,8.708033828439e-02
-8.238333819318e+00,3.973117396558e+00,8.298318386405e-02
-8.237891244154e+00,4.340992179915e+00,8.112706099695e-02
-8.237669317895e+00,1.988571000488e+00,8.756017017373e-02
-8.237640577111e+00,5.644992130738e+00,6.345576149928e-02
-8.237477304176e+00,6.261538690206e+00,1.829725512156e-02
-8.237474528570e+00,1.504911039018e+00,8.800705815019e-02
-8.237338665982e+00,2.701534370460e+00,8.656378329820e-02
-8.237296044643e+00,5.870647989261e+00,5.469569442823e-02
-8.236733272147e+00,6.406250205002e-01,8.845977348657e-02
-8.236363253829e+00,3.912226937736e+00,8.325869944597e-02
-8.235942251988e+00,2.260199504106e+00,8.724283194781e-02
-8.235868420200e+00,1.079433691148e+00,8.828565130883e-02
-8.235724799309e+00,4.402681483642e+00,8.077978473538e-02
-8.235197575913e+00,4.931311779089e+00,7.647739290277e-02
-8.234865958482e+00,6.718750215002e-01,8.845773137577e-02
-8.234676317304e+00,6.179957319368e+00,3.083993984363e-02
-8.234448334541e+00,4.728031250326e+00,7.843015441444e-02
-8.233959067148e+00,2.812562839464e+00,8.638029614622e-02
-8.233822620595e+00,3.851469690981e+00,8.352558405847e-02
-8.233092944107e+00,3.497121471743e+00,8.474612336213e-02
-8.232998644817e+00,7.031250225003e-01,8.845532435416e-02
-8.232946844327e+00,4.464465289332e+00,8.042003764992e-02
-8.232854692165e+00,5.278759210187e+00,7.189205767369e-02
-8.232284913780e+00,5.421893324151e+00,6.926237593575e-02
-8.232221065647e+00,3.094169735859e+00,8.580625438796e-02
-8.231975188277e+00,2.150667380692e+00,8.740066851524e-02
-8.231820215385e+00,1.344760870981e+00,8.814578051691e-02
-8.231514380342e+00,3.265351884186e+00,8.539852211458e-02
-8.231149567054e+00,6.098718871119e+00,3.997303038029e-02
-8.231131331152e+00,7.343750235003e-01,8.845243861425e-02
-8.231113379616e+00,1.718583991224e+00,8.785816498823e-02
-8.231084405479e+00,5.136659856903e+00,7.407829929136e-02
-8.231007127653e+00,5.790694539040e+00,5.868455195941e-02
-8.230717256747e+00,3.790850295374e+00,8.378418362257e-02
-8.230296419436e+00,1.879820688603e+00,8.770867927018e-02
-8.229803005952e+00,1.132352935509e+00,8.828267931848e-02
-8.229347300129e+00,5.566024270780e+00,6.603986068111e-02
-8.229264017488e+00,7.656250245003e-01,8.844893739883e-02
-8.229107672707e+00,1.557845556686e+00,8.800250579414e-02
-8.229044720934e+00,2.923825169080e+00,8.619143370325e-02
-8.228923121261e+00,4.526931561405e+00,8.005180493309e-02
-8.227783225149e+00,4.791805717935e+00,7.797732846945e-02
-8.227396703822e+00,7.968750255002e-01,8.844506866568e-02
-8.227052533139e+00,3.730373344739e+00,8.403441555908e-02
-8.227002415719e+00,4.995632626215e+00,7.592420226071e-02
-8.226901605928e+00,6.017829479002e+00,4.691978194328e-02
-8.226827865978e+00,3.437281225945e+00,8.496685942267e-02
-8.226606234790e+00,2.041497305417e+00,8.755396072909e-02
-8.225654295676e+00,2.533173963990e+00,8.690539007552e-02
-8.225529390158e+00,8.281250265001e-01,8.844063382051e-02
-8.225219368678e+00,1.562500050003e-02,8.859955723002e-02
-8.225214010731e+00,2.422982275150e+00,8.707295361348e-02
-8.224618257088e+00,2.643655797396e+00,8.673296056569e-02
-8.224603609777e+00,4.687500150007e-02,8.860156735594e-02
-8.224330978794e+00,1.397662430531e+00,8.814179416587e-02
-8.224014683787e+00,5.711113563655e+00,6.199955823163e-02
-8.223987850877e+00,7.812500250012e-02,8.860304421467e-02
-8.223762190201e+00,4.590123840113e+00,7.967277576381e-02
-8.223662076493e+00,8.593750275001e-01,8.843652308809e-02
-8.223458820419e+00,1.185239049545e+00,8.827951518533e-02
-8.223372091977e+00,1.093750035002e-01,8.860400146363e-02
-8.223319568468e+00,2.313102048016e+00,8.723576223980e-02
-8.223275093559e+00,3.206063992774e+00,8.560070836153e-02
-8.222833853847e+00,3.670043387733e+00,8.427570004060e-02
-8.222756333076e+00,1.406250045003e-01,8.860460794240e-02
-8.222574525756e+00,3.035298697682e+00,8.599708085122e-02
-8.222140574176e+00,1.718750055004e-01,8.860486379378e-02
-8.222084020673e+00,2.754406084592e+00,8.655537062425e-02
-8.222025042235e+00,5.343959606149e+00,7.107079432894e-02
-8.221937036253e+00,5.937295230717e+00,5.238080694969e-02
-8.221794762828e+00,8.906250285000e-01,8.843051900674e-02
-8.221575534698e+00,1.771480858580e+00,8.785285884414e-02
-8.221524815275e+00,2.031250065004e-01,8.860465100011e-02
-8.221334165991e+00,5.201490470340e+00,7.339153858468e-02
-8.220909056375e+00,2.343750075005e-01,8.860385538280e-02
-8.220637667746e+00,4.855714302832e+00,7.750285153434e-02
-8.220459543660e+00,1.610732652165e+00,8.799775980829e-02
-8.220363984523e+00,5.487445833023e+00,6.826306011197e-02
-8.220293297475e+00,2.656250085005e-01,8.860270890970e-02
-8.220034241492e+00,3.377609202969e+00,8.518116460149e-02
-8.219993421116e+00,2.203554222426e+00,8.739392713686e-02
-8.219927449163e+00,9.218750295000e-01,8.842525106816e-02
-8.219858520905e+00,1.932709309965e+00,8.770282060413e-02
-8.219677538574e+00,2.968750095005e-01,8.860121130941e-02
-8.219102840955e+00,6.329059697580e+00,1.008978287320e-02
-8.219061779674e+00,3.281250105004e-01,8.859930835446e-02
-8.218446020773e+00,3.593750115003e-01,8.859675674466e-02
-8.218319439625e+00,5.060076043281e+00,7.534151622768e-02
-8.218128446602e+00,4.653461535020e+00,7.927681298875e-02
-8.218066655889e+00,3.609864927467e+00,8.450982337718e-02
-8.218060135498e+00,9.531250305000e-01,8.841874900290e-02
-8.218030010244e+00,2.865402763885e+00,8.637161486753e-02
-8.217830261873e+00,3.906250125002e-01,8.859385226437e-02
-8.217214502973e+00,4.218750135002e-01,8.859055420345e-02
-8.216931232959e+00,6.247285081704e+00,2.510366970849e-02
-8.216836070652e+00,1.238090335191e+00,8.827612613884e-02
-8.216598744072e+00,4.531250145001e-01,8.858680291513e-02
-8.216561879337e+00,1.450522050247e+00,8.813761414379e-02
-8.216323505827e+00,5.631910970962e+00,6.479790012093e-02
-8.216260509539e+00,5.857122168079e+00,5.678626565379e-02
-8.216192821833e+00,9.843750315000e-01,8.841205690000e-02
-8.215986957741e+00,4.147886656607e+00,8.239857018238e-02
-8.215982985172e+00,4.843750155000e-01,8.858240417286e-02
-8.215764065246e+00,4.209130721770e+00,8.209561107183e-02
-8.215620810897e+00,4.086757775486e+00,8.269183175665e-02
-8.215258301281e+00,2.094359356073e+00,8.754755924446e-02
-8.214946964002e+00,4.270485121932e+00,8.178253720255e-02
-8.214749008864e+00,5.156250165000e-01,8.858006407721e-02
-8.214670829575e+00,4.025748883233e+00,8.297579207342e-02
-8.214527692724e+00,3.146960404478e+00,8.579711541667e-02
-8.214030351050e+00,6.165847904791e+00,3.573928424855e-02
-8.213530520358e+00,4.331944964192e+00,8.145890907569e-02
-8.213142253607e+00,3.964864740512e+00,8.325082770880e-02
-8.213009534180e+00,4.919753370360e+00,7.700270609332e-02
-8.212896815147e+00,5.468750175001e-01,8.857978585101e-02
-8.212756409009e+00,3.549842420933e+00,8.473705231325e-02
-8.212717662329e+00,3.318109686756e+00,8.538927514885e-02
-8.212444507711e+00,1.026399628409e+00,8.840780864692e-02
-8.212434953107e+00,2.976623408042e+00,8.618251562839e-02
-8.212019677605e+00,4.716941087731e+00,7.886315015290e-02
-8.211755441988e+00,1.824323034832e+00,8.784735914660e-02
-8.211655071482e+00,2.475813185215e+00,8.706538143257e-02
-8.211530435552e+00,1.663570612769e+00,8.799281998203e-02
-8.211509636653e+00,4.393505312262e+00,8.112426348373e-02
-8.211439455430e+00,2.585997859715e+00,8.689752045062e-02
-8.211089016733e+00,5.266431864878e+00,7.266385584540e-02
-8.211044621431e+00,5.781250185001e-01,8.857915349738e-02
-8.211040357406e+00,3.904110063659e+00,8.351729669254e-02
-8.210695560636e+00,5.409262588484e+00,7.019585252286e-02
-8.210409756739e+00,2.365930565806e+00,8.722850317267e-02
-8.210404702233e+00,6.084754339053e+00,4.366729656993e-02
-8.209934974002e+00,1.290905096052e+00,8.827251627382e-02
-8.209876726243e+00,5.777316286379e+00,6.041488163048e-02
-8.209740872355e+00,2.696463138548e+00,8.672481134061e-02
-8.209192427715e+00,6.093750195001e-01,8.857783603720e-02
-8.209146606149e+00,5.124638321692e+00,7.472692369560e-02
-8.209137215775e+00,1.985537621597e+00,8.769676893296e-02
-8.208879251512e+00,4.455161186804e+00,8.077811196983e-02
-8.208513177712e+00,1.503338025959e+00,8.813324022130e-02
-8.208370449689e+00,3.843489524305e+00,8.377553958628e-02
-8.207938434136e+00,5.553092621425e+00,6.719140757553e-02
-8.207725835269e+00,2.256371078339e+00,8.738699485780e-02
-8.207340233999e+00,6.406250205002e-01,8.857614198153e-02
-8.206908615345e+00,3.489980278685e+00,8.495764185925e-02
-8.206676782036e+00,1.079183653119e+00,8.840501796306e-02
-8.206537580749e+00,2.807187197262e+00,8.654676535832e-02
-8.206058843689e+00,6.004010511235e+00,4.980430288427e-02
-8.205634340192e+00,4.516907565654e+00,8.041961740326e-02
-8.205488040282e+00,6.718750215002e-01,8.857409277168e-02
-8.205433697126e+00,4.780558916614e+00,7.843058611289e-02
-8.205277886207e+00,3.088045227076e+00,8.598795244363e-02
-8.205137873187e+00,3.783007748985e+00,8.402588048940e-02
-8.204896723650e+00,4.983919263436e+00,7.647683907587e-02
-8.204883751151e+00,3.258786914048e+00,8.559141700388e-02
-8.203635846566e+00,7.031250225003e-01,8.857168792064e-02
-8.203625914109e+00,2.147155418258e+00,8.754096560116e-02
-8.202790435501e+00,5.697883533780e+00,6.345519237001e-02
-8.202755758123e+00,1.343681637254e+00,8.826871264361e-02
-8.202320652977e+00,1.716357727390e+00,8.798768610661e-02
-8.201808139092e+00,2.918147843572e+00,8.636275222271e-02
-8.201783652850e+00,7.343750235003e-01,8.856867204218e-02
-8.201653439902e+00,1.877108801543e+00,8.784166571246e-02
-8.201348004277e+00,3.722669318946e+00,8.426691200027e-02
-8.201178522783e+00,4.579348588282e+00,8.005208057045e-02
-8.200997382387e+00,5.923622502202e+00,5.469513483685e-02
-8.200632329125e+00,1.131936498861e+00,8.840203482829e-02
-8.200528808835e+00,3.430282865197e+00,8.517183587218e-02
-8.200347005226e+00,5.331480259625e+00,7.189149788341e-02
-8.200197407737e+00,6.396625631838e+00,1.150235521482e-05
-8.200185144994e+00,1.556108655079e+00,8.812867216984e-02
-8.199931459134e+00,7.656250245003e-01,8.856520069190e-02
-8.199481901745e+00,5.189315731190e+00,7.407774362630e-02
-8.198864356472e+00,5.474664327388e+00,6.926181295338e-02
-8.198657656515e+00,6.314662590507e+00,1.829696784942e-02
-8.198368346067e+00,4.844311417025e+00,7.797780935238e-02
-8.198132876725e+00,2.038303898043e+00,8.769052410541e-02
-8.198079265418e+00,7.968750255002e-01,8.856137112801e-02
-8.197808232139e+00,2.528564230906e+00,8.705762175681e-02
-8.197213273061e+00,2.418683309788e+00,8.722105471455e-02
-8.197006252483e+00,3.662478770233e+00,8.450080104858e-02
-8.196935544081e+00,2.638737760464e+00,8.688946556344e-02
-8.196538161063e+00,3.199645074628e+00,8.578780630526e-02
-8.196385161741e+00,6.233031473201e+00,3.083951551533e-02
-8.196297163014e+00,5.048208302597e+00,7.592365115080e-02
-8.196227071701e+00,8.281250265001e-01,8.855689791436e-02
-8.195680378410e+00,1.562500050003e-02,8.871325728984e-02
-8.195621741959e+00,4.642528558044e+00,7.967308945369e-02
-8.195531411936e+00,3.029322520401e+00,8.617341956507e-02
-8.195298661042e+00,1.396418264984e+00,8.826471500500e-02
-8.195224974435e+00,5.843596346898e+00,5.868398887207e-02
-8.195172862438e+00,2.309116208351e+00,8.737987160366e-02
-8.195069646112e+00,4.687500150007e-02,8.871519741251e-02
-8.195006434544e+00,5.618829811186e+00,6.603929635709e-02
-8.194573303927e+00,2.749182313212e+00,8.671647944702e-02
-8.194458913815e+00,7.812500250012e-02,8.871660548014e-02
-8.194374877985e+00,8.593750275001e-01,8.855287594150e-02
-8.194311344053e+00,1.184656480386e+00,8.839885907856e-02
-8.193848181518e+00,1.093750035002e-01,8.871751941850e-02
-8.193622554843e+00,3.370754498684e+00,8.537986760576e-02
-8.193384384795e+00,6.151738490214e+00,3.997253693305e-02
-8.193237449221e+00,1.406250045003e-01,8.871809146999e-02
-8.192830510937e+00,1.769092286895e+00,8.798235797536e-02
-8.192626716924e+00,1.718750055004e-01,8.871832176774e-02
-8.192522684269e+00,8.906250285000e-01,8.854690200585e-02
-8.192118060192e+00,3.602440593310e+00,8.472783826567e-02
-8.192015984627e+00,2.031250065004e-01,8.871805840770e-02
-8.191709480581e+00,2.199883760181e+00,8.753417968665e-02
-8.191578062596e+00,1.608832236889e+00,8.812390976176e-02
-8.191405252330e+00,2.343750075005e-01,8.871726381749e-02
-8.191269877328e+00,1.929836442322e+00,8.783577836193e-02
-8.191201664403e+00,4.139232332164e+00,8.268490807196e-02
-8.191118270016e+00,4.200344441829e+00,8.239228385305e-02
-8.190821492446e+00,4.908194961631e+00,7.750267168504e-02
-8.190794520032e+00,2.656250085005e-01,8.871612723427e-02
-8.190699903544e+00,2.859875932614e+00,8.653797581096e-02
-8.190698052519e+00,4.078236381799e+00,8.296830805261e-02
-8.190670490553e+00,9.218750295000e-01,8.854149611662e-02
-8.190442693972e+00,4.261567874120e+00,8.209004598296e-02
-8.190183787735e+00,2.968750095005e-01,8.871464839288e-02
-8.189659837411e+00,6.070789806987e+00,4.691925326740e-02
-8.189612645131e+00,4.017361383158e+00,8.324285404742e-02
-8.189591020668e+00,4.705850925135e+00,7.927716722556e-02
-8.189573055438e+00,3.281250105004e-01,8.871271292958e-02
-8.189323341301e+00,5.254104519570e+00,7.339098618506e-02
-8.189169796562e+00,4.322897748469e+00,8.177778469440e-02
-8.189106207492e+00,5.396631852817e+00,7.107023833257e-02
-8.188962323141e+00,3.593750115003e-01,8.871020666140e-02
-8.188818296836e+00,9.531250305000e-01,8.853529235133e-02
-8.188746324833e+00,5.763938033717e+00,6.199899614419e-02
-8.188351590844e+00,3.906250125002e-01,8.870735643602e-02
-8.187950687897e+00,3.956612084465e+00,8.350889826124e-02
-8.187740858547e+00,4.218750135002e-01,8.870412249613e-02
-8.187714032213e+00,1.237341913265e+00,8.839549054955e-02
-8.187686575255e+00,3.140688311091e+00,8.597864987467e-02
-8.187563931080e+00,1.449113287064e+00,8.826052311471e-02
-8.187294473998e+00,4.384329140882e+00,8.145506858407e-02
-8.187208806819e+00,5.112616786480e+00,7.534096801435e-02
-8.187130126250e+00,4.531250145001e-01,8.870035995322e-02
-8.186966103120e+00,9.843750315000e-01,8.852849428192e-02
-8.186845886888e+00,2.091006416387e+00,8.768408597503e-02
-8.186688902441e+00,3.542559232492e+00,8.494827513807e-02
-8.186529568144e+00,5.540160972069e+00,6.826250171931e-02
-8.186519393952e+00,4.843750155000e-01,8.869605290894e-02
-8.186195450029e+00,3.311399450284e+00,8.558196023165e-02
-8.185717460983e+00,3.895993189583e+00,8.376677588981e-02
-8.185295490920e+00,5.156250165000e-01,8.869373337966e-02
-8.185294037009e+00,2.970796296187e+00,8.635370830948e-02
-8.185216081450e+00,5.990191543467e+00,5.238026112832e-02
-8.184811658697e+00,4.445857084277e+00,8.112144323601e-02
-8.183730584464e+00,2.471358534617e+00,8.721341684281e-02
-8.183673984495e+00,2.581233660119e+00,8.704967461202e-02
-8.183458417153e+00,5.468750175001e-01,8.869340448977e-02
-8.183234148918e+00,1.026316241460e+00,8.852416424609e-02
-8.183084169103e+00,4.769312115293e+00,7.886354763159e-02
-8.183060334813e+00,1.821772584246e+00,8.797683538389e-02
-8.182918278783e+00,3.835509357629e+00,8.401680608915e-02
-8.182791031582e+00,4.972205900657e+00,7.700216231322e-02
-8.182692222315e+00,1.661507072242e+00,8.811895277052e-02
-8.182334944881e+00,2.361787875179e+00,8.737255730786e-02
-8.182143078729e+00,2.691391906635e+00,8.688122549270e-02
-8.181716319642e+00,4.507476568707e+00,8.077642974138e-02
-8.181621343385e+00,5.781250185001e-01,8.869263984932e-02
-8.181566187214e+00,5.684653503906e+00,6.479734165356e-02
-8.180840609206e+00,1.289991114732e+00,8.839192907667e-02
-8.180724286583e+00,3.482839085628e+00,8.516235226476e-02
-8.180605113654e+00,1.982504242706e+00,8.782969691888e-02
-8.180057728522e+00,5.909949773686e+00,5.678571279152e-02
-8.179854097033e+00,6.382085728293e+00,1.008961514078e-02
-8.179784269618e+00,6.093750195002e-01,8.869127662567e-02
-8.179558489628e+00,3.775165202596e+00,8.425799530869e-02
-8.179551826854e+00,1.501765012901e+00,8.825613672953e-02
-8.179509418550e+00,2.252542652571e+00,8.752720139481e-02
-8.179116094349e+00,2.801811555061e+00,8.670796502093e-02
-8.178668968217e+00,5.319000913100e+00,7.266330695958e-02
-8.178334706767e+00,3.081920718294e+00,8.616414567441e-02
-8.178253121960e+00,3.252221943910e+00,8.577832733308e-02
-8.178212472075e+00,6.300265483434e+00,2.510330921711e-02
-8.178003462965e+00,4.569182541137e+00,8.041920133009e-02
-8.177947195850e+00,6.406250205002e-01,8.868956756319e-02
-8.177629637499e+00,5.177140992040e+00,7.472637857457e-02
-8.177485143873e+00,1.078933615090e+00,8.852136459371e-02
-8.177364728421e+00,5.461882821753e+00,7.019530064998e-02
-8.176110122083e+00,6.718750215002e-01,8.868751225947e-02
-8.176099024388e+00,4.832908531219e+00,7.843102977105e-02
-8.175839090524e+00,6.218777864699e+00,3.573882838128e-02
-8.175643475416e+00,3.714965293153e+00,8.449164295080e-02
-8.175276639941e+00,2.143643455824e+00,8.767745440056e-02
-8.174571557250e+00,2.912470518063e+00,8.652900203369e-02
-8.174274886403e+00,5.036340561914e+00,7.647629808328e-02
-8.174273048315e+00,7.031250225003e-01,8.868506900343e-02
-8.174229751692e+00,3.423284504449e+00,8.537029988776e-02
-8.174189439330e+00,5.830070525716e+00,6.041432754329e-02
-8.173691300861e+00,1.342602403526e+00,8.838817449527e-02
-8.173689363261e+00,5.605748651410e+00,6.719085423578e-02
-8.173527926338e+00,1.714131463557e+00,8.811380097087e-02
-8.173115037316e+00,4.631595581069e+00,8.005236740336e-02
-8.173010460367e+00,1.874396914483e+00,8.797111813038e-02
-8.172738418541e+00,6.137629075637e+00,4.366679185516e-02
-8.172435974548e+00,7.343750235003e-01,8.868197557559e-02
-8.171461652297e+00,1.131520062213e+00,8.851837211691e-02
-8.171262617282e+00,1.554371753473e+00,8.825155560646e-02
-8.171178651119e+00,3.654914152733e+00,8.471848179235e-02
-8.170598900780e+00,7.656250245003e-01,8.867853370093e-02
-8.169962168603e+00,2.523954497823e+00,8.720558954455e-02
-8.169801228567e+00,3.193226156482e+00,8.596917337236e-02
-8.169659518659e+00,2.035110490668e+00,8.782342121113e-02
-8.169252831073e+00,2.633819723532e+00,8.704154003515e-02
-8.169212535391e+00,2.414384344426e+00,8.736505191200e-02
-8.168914972589e+00,6.056825274920e+00,4.980377343492e-02
-8.168761827013e+00,7.968750255002e-01,8.867474256642e-02
-8.168633450713e+00,4.896636552902e+00,7.797830239777e-02
-8.168488298117e+00,3.023346343120e+00,8.634448324034e-02
-8.167615923423e+00,5.750559781056e+00,6.345464045542e-02
-8.167557665869e+00,5.241777174261e+00,7.407720181118e-02
-8.167516854348e+00,5.384001117150e+00,7.189095278536e-02
-8.167210868193e+00,3.363899794398e+00,8.557233839517e-02
-8.167162363732e+00,4.694760762540e+00,7.967341452182e-02
-8.167062587181e+00,2.743958541833e+00,8.687280032986e-02
-8.167026156407e+00,2.305130368686e+00,8.752003062636e-02
-8.166924753245e+00,8.281250265001e-01,8.867023679712e-02
-8.166472474787e+00,4.191558161888e+00,8.267790305217e-02
-8.166416371064e+00,4.130578007721e+00,8.296073245168e-02
-8.166266343291e+00,1.395174099438e+00,8.838422664078e-02
-8.166169464495e+00,3.595016259153e+00,8.493875978424e-02
-8.166141388141e+00,1.562500050003e-02,8.882409569724e-02
-8.165938423941e+00,4.252650626308e+00,8.238592697215e-02
-8.165775294141e+00,4.069714988112e+00,8.323477910397e-02
-8.165535682447e+00,4.687500150007e-02,8.882596869279e-02
-8.165271007489e+00,5.100595251268e+00,7.592311311838e-02
-8.165163867688e+00,1.184073911226e+00,8.851518664005e-02
-8.165120702152e+00,5.527229322714e+00,6.926126557292e-02
-8.165087679478e+00,8.593750275001e-01,8.866606032014e-02
-8.164929976754e+00,7.812500250012e-02,8.882731127837e-02
-8.164809072767e+00,4.313850532746e+00,8.208442165382e-02
-8.164554460686e+00,4.008973883083e+00,8.350038938855e-02
-8.164373319211e+00,5.976372575699e+00,5.469459387229e-02
-8.164324271060e+00,1.093750035002e-01,8.882818377327e-02
-8.164085487176e+00,1.766703715210e+00,8.810845413909e-02
-8.163718565366e+00,1.406250045003e-01,8.882872292922e-02
-8.163425540047e+00,2.196213297936e+00,8.767062924623e-02
-8.163369796844e+00,2.854349101342e+00,8.669926821260e-02
-8.163250605710e+00,8.906250285000e-01,8.866035756497e-02
-8.163112859672e+00,1.718750055004e-01,8.882892887028e-02
-8.163079311342e+00,4.375152969502e+00,8.177298476688e-02
-8.162759122186e+00,3.948359428419e+00,8.375789313057e-02
-8.162696581533e+00,1.606931821614e+00,8.824677950298e-02
-8.162681233751e+00,1.926963574678e+00,8.796520601579e-02
-8.162507153978e+00,2.031250065004e-01,8.882861851814e-02
-8.161901448284e+00,2.343750075005e-01,8.882782515014e-02
-8.161413531943e+00,9.218750295000e-01,8.865482803902e-02
-8.161295742590e+00,2.656250085005e-01,8.882669831828e-02
-8.160845457787e+00,3.134416217704e+00,8.615469413381e-02
-8.160744065882e+00,4.436552981749e+00,8.145119297683e-02
-8.160734641081e+00,4.758065313972e+00,7.927753302870e-02
-8.160690036896e+00,2.968750095005e-01,8.882523776342e-02
-8.160685339514e+00,4.960492537878e+00,7.750213764958e-02
-8.160621395874e+00,3.535276044052e+00,8.515271425414e-02
-8.160519095273e+00,6.449550359817e+00,1.150235520462e-05
-8.160394564560e+00,3.887876315507e+00,8.400760453440e-02
-8.160341938927e+00,5.671423474032e+00,6.603874859766e-02
-8.160084331202e+00,3.281250105004e-01,8.882327364369e-02
-8.159673237729e+00,3.304689213812e+00,8.576867879806e-02
-8.159576458175e+00,9.531250305000e-01,8.864890449177e-02
-8.159510786329e+00,6.367545824749e+00,1.829669206102e-02
-8.159478625509e+00,3.593750115003e-01,8.882081124651e-02
-8.159118074657e+00,5.896277045171e+00,5.868344392049e-02
-8.158872919815e+00,3.906250125002e-01,8.881801347016e-02
-8.158591993773e+00,1.236593491340e+00,8.851180798671e-02
-8.158565982823e+00,1.447704523881e+00,8.838008534894e-02
-8.158433472495e+00,2.087653476701e+00,8.781695107073e-02
-8.158267214121e+00,4.218750135002e-01,8.881484147733e-02
-8.158153120912e+00,2.964969184332e+00,8.651984409181e-02
-8.157798299092e+00,4.498045571759e+00,8.111860062221e-02
-8.157767287634e+00,6.285868376361e+00,3.083910749413e-02
-8.157739384408e+00,9.843750315000e-01,8.864201373580e-02
-8.157661508427e+00,4.531250145001e-01,8.881107172455e-02
-8.157466107876e+00,3.827529190953e+00,8.424895064596e-02
-8.157055802733e+00,4.843750155000e-01,8.880685317839e-02
-8.156990931208e+00,5.306521566576e+00,7.339044790943e-02
-8.155908513559e+00,2.576469460524e+00,8.719757281691e-02
-8.155865100370e+00,5.449101316118e+00,7.106969732552e-02
-8.155841972977e+00,5.156250165000e-01,8.880455391934e-02
-8.155806097445e+00,2.466903884019e+00,8.735735536638e-02
-8.155777373253e+00,5.164966252889e+00,7.534043312938e-02
-8.155293019307e+00,6.204524256196e+00,3.997206174387e-02
-8.154545285103e+00,2.686320674723e+00,8.703321807488e-02
-8.154539957820e+00,3.475697892570e+00,8.536057241786e-02
-8.154365227638e+00,1.819222133660e+00,8.810291205323e-02
-8.154260133023e+00,2.357645184552e+00,8.751266728925e-02
-8.154237010748e+00,4.559625698678e+00,8.077473829339e-02
-8.154023790126e+00,1.026232854511e+00,8.863761074037e-02
-8.154020019158e+00,5.468750175001e-01,8.880417697654e-02
-8.153979106068e+00,3.767322656207e+00,8.448234972374e-02
-8.153854009078e+00,1.659443531715e+00,8.824180817710e-02
-8.153829702708e+00,4.821505645412e+00,7.886395686953e-02
-8.153153904226e+00,5.816544704535e+00,6.199845159203e-02
-8.152372291977e+00,5.592667491633e+00,6.826195924605e-02
-8.152252609792e+00,5.024472821230e+00,7.700163113442e-02
-8.152198065339e+00,5.781250185001e-01,8.880326905110e-02
-8.152092452287e+00,6.123519661060e+00,4.691874345164e-02
-8.152073011533e+00,1.979470863814e+00,8.795909884420e-02
-8.151746244411e+00,1.289077133413e+00,8.850823597974e-02
-8.151694607950e+00,2.796435912860e+00,8.686419017958e-02
-8.151622492770e+00,3.245656973772e+00,8.595952318243e-02
-8.151391527327e+00,3.075796209511e+00,8.633507714319e-02
-8.151293001831e+00,2.248714226804e+00,8.766361038218e-02
-8.150590475996e+00,1.500191999842e+00,8.837575045591e-02
-8.150376111520e+00,6.093750195002e-01,8.880188351270e-02
-8.150055237874e+00,4.621288279120e+00,8.041878951883e-02
-8.149938946554e+00,3.707261267360e+00,8.470898348844e-02
-8.148554157702e+00,6.406250205002e-01,8.880016071177e-02
-8.148293505709e+00,1.078683577060e+00,8.863480370346e-02
-8.148170107767e+00,6.042860742854e+00,5.237973410444e-02
-8.147930694549e+00,3.416286143701e+00,8.556255186461e-02
-8.147334975409e+00,2.906793192555e+00,8.669038918712e-02
-8.146927365773e+00,2.140131493390e+00,8.781028633437e-02
-8.146732203883e+00,6.718750215002e-01,8.879810024882e-02
-8.146485522013e+00,5.737181528395e+00,6.479680007800e-02
-8.146445408979e+00,4.885078144173e+00,7.843148538601e-02
-8.145927501204e+00,5.371370381483e+00,7.266277247953e-02
-8.145791990437e+00,5.229449828953e+00,7.472584704046e-02
-8.145351049755e+00,3.647349535232e+00,8.492909634481e-02
-8.144910250064e+00,7.031250225003e-01,8.879553163322e-02
-8.144735199699e+00,1.711905199723e+00,8.823664138759e-02
-8.144733706796e+00,4.683670599944e+00,8.005266543012e-02
-8.144626843598e+00,1.341523169798e+00,8.850447044141e-02
-8.144367480832e+00,1.871685027424e+00,8.809717449333e-02
-8.143711836159e+00,5.514297673358e+00,7.019476407084e-02
-8.143530556973e+00,5.962553607931e+00,5.678517833154e-02
-8.143333208159e+00,5.088573716056e+00,7.647576992792e-02
-8.143088296245e+00,7.343750235003e-01,8.879245868681e-02
-8.143064296071e+00,3.186807238337e+00,8.614506513750e-02
-8.142340089569e+00,1.552634851866e+00,8.837122179850e-02
-8.142290975469e+00,1.131103625565e+00,8.863180354905e-02
-8.142116105066e+00,2.519344764740e+00,8.734946763046e-02
-8.141826679557e+00,4.182771881946e+00,8.295306593851e-02
-8.141631077725e+00,4.121923683277e+00,8.322660353958e-02
-8.141570118066e+00,2.628901686600e+00,8.718936666771e-02
-8.141445184297e+00,3.017370165840e+00,8.651050206502e-02
-8.141434153911e+00,4.243733378496e+00,8.267081735977e-02
-8.141266342426e+00,7.656250245003e-01,8.878904589573e-02
-8.141211797721e+00,2.410085379064e+00,8.750511129911e-02
-8.141186160594e+00,2.031917083294e+00,8.795279642306e-02
-8.140852535762e+00,4.061193594425e+00,8.349177071842e-02
-8.140799181543e+00,3.357045090112e+00,8.575886101725e-02
-8.140448348971e+00,4.304803317023e+00,8.237950018254e-02
-8.140278640441e+00,6.434868368608e+00,1.008945439372e-02
-8.140220868799e+00,3.587591924996e+00,8.514292233674e-02
-8.139551870436e+00,2.738734770454e+00,8.702470879206e-02
-8.139496276241e+00,4.000586383008e+00,8.374889192653e-02
-8.139444388607e+00,7.968750255002e-01,8.878529246520e-02
-8.139167475625e+00,6.353005921204e+00,2.510296313549e-02
-8.139117690640e+00,5.658193444157e+00,6.719031713786e-02
-8.138879450376e+00,2.301144529021e+00,8.765639768480e-02
-8.138864148686e+00,4.365976798121e+00,8.207873869112e-02
-8.138579647446e+00,4.948779175099e+00,7.797854673148e-02
-8.138385113058e+00,4.746818512651e+00,7.967375096620e-02
-8.138178420791e+00,5.882604316656e+00,6.041379130153e-02
-8.137622434789e+00,8.281250265001e-01,8.878075945278e-02
-8.137567556475e+00,3.940106772373e+00,8.399827640993e-02
-8.137322103194e+00,6.271471269288e+00,3.573839003232e-02
-8.137234025540e+00,1.393929933892e+00,8.850051119363e-02
-8.136676473068e+00,4.427248879222e+00,8.176813797178e-02
-8.136602397873e+00,1.562500050003e-02,8.893217985010e-02
-8.136039690143e+00,2.848822270071e+00,8.685539516029e-02
-8.136016391322e+00,1.183491342066e+00,8.862861009029e-02
-8.136001718782e+00,4.687500150007e-02,8.893398844745e-02
-8.135800480970e+00,8.593750275001e-01,8.877644261591e-02
-8.135401039692e+00,7.812500250012e-02,8.893526866606e-02
-8.135340463415e+00,1.764315143525e+00,8.823127889424e-02
-8.135312894199e+00,5.294042220052e+00,7.407667384919e-02
-8.135141599513e+00,2.192542835690e+00,8.780342684365e-02
-8.135071668136e+00,3.879759441430e+00,8.423977871465e-02
-8.134800360601e+00,1.093750035002e-01,8.893610148676e-02
-8.134746948090e+00,6.190270647694e+00,4.366630581462e-02
-8.134553889306e+00,3.527992855611e+00,8.535068564013e-02
-8.134365472319e+00,5.436319810483e+00,7.189042238256e-02
-8.134199681510e+00,1.406250045003e-01,8.893660919743e-02
-8.134092590174e+00,1.924090707034e+00,8.809124124165e-02
-8.134004340318e+00,3.128144124317e+00,8.632549016177e-02
-8.133978527151e+00,8.906250285000e-01,8.877099469138e-02
-8.133925109007e+00,5.152791513739e+00,7.592258816659e-02
-8.133880278541e+00,4.488614574812e+00,8.144728272929e-02
-8.133815100469e+00,1.605031406338e+00,8.836649471254e-02
-8.133599002420e+00,1.718750055004e-01,8.893679191358e-02
-8.133151025429e+00,3.297978977340e+00,8.594969956892e-02
-8.132998323329e+00,2.031250065004e-01,8.893643788585e-02
-8.132397644239e+00,2.343750075005e-01,8.893564591888e-02
-8.132156573332e+00,9.218750295000e-01,8.876535467442e-02
-8.132118369122e+00,5.803018883353e+00,6.345410575836e-02
-8.132013936970e+00,3.819549024277e+00,8.447292202991e-02
-8.131796965148e+00,2.656250085005e-01,8.893452869979e-02
-8.131560381028e+00,4.810102759606e+00,7.927791039595e-02
-8.131446486033e+00,6.109410246483e+00,4.980326287265e-02
-8.131196286057e+00,2.968750095005e-01,8.893308597526e-02
-8.131055220694e+00,5.579586331857e+00,6.926073379760e-02
-8.131012204815e+00,2.959142072478e+00,8.668114107885e-02
-8.130595606967e+00,3.281250105004e-01,8.893109672868e-02
-8.130470558532e+00,4.550068856218e+00,8.111573601712e-02
-8.130334619513e+00,9.531250305000e-01,8.875969452835e-02
-8.130230333180e+00,5.012605080546e+00,7.750161598940e-02
-8.130021058101e+00,2.084300537015e+00,8.794629856353e-02
-8.129994927876e+00,3.593750115003e-01,8.892867679648e-02
-8.129568034565e+00,1.446295760698e+00,8.849635805807e-02
-8.129469955334e+00,1.235845069415e+00,8.862522313910e-02
-8.129394248786e+00,3.906250125002e-01,8.892592974418e-02
-8.128793569695e+00,4.218750135002e-01,8.892281762304e-02
-8.128512665695e+00,9.843750315000e-01,8.875272323841e-02
-8.128399722508e+00,3.759480109818e+00,8.469934397180e-02
-8.128355629058e+00,3.468556699513e+00,8.555260103060e-02
-8.128192890604e+00,4.531250145001e-01,8.891904432039e-02
-8.128143042624e+00,2.571705260928e+00,8.734138867318e-02
-8.127881610426e+00,2.462449233422e+00,8.749736257964e-02
-8.127592211514e+00,4.843750155000e-01,8.891491122028e-02
-8.127425242945e+00,6.028896210787e+00,5.469407153739e-02
-8.126947491476e+00,2.681249442811e+00,8.718097111589e-02
-8.126442343633e+00,4.611606652199e+00,8.077303787323e-02
-8.126388455033e+00,5.156250165000e-01,8.891263193565e-02
-8.126185321166e+00,2.353502493925e+00,8.764899103713e-02
-8.125670120463e+00,1.816671683074e+00,8.822572045804e-02
-8.125355120604e+00,5.723803275734e+00,6.603821740582e-02
-8.125015795842e+00,1.657379991188e+00,8.836151166802e-02
-8.124991863579e+00,3.239092003634e+00,8.613525889710e-02
-8.124813431333e+00,1.026149467561e+00,8.874825538972e-02
-8.124581621163e+00,5.468750175001e-01,8.891220940353e-02
-8.124448347887e+00,3.069671700728e+00,8.650097604788e-02
-8.124338148060e+00,5.358739645817e+00,7.338992376086e-02
-8.124273121551e+00,2.791060270659e+00,8.701601226027e-02
-8.124257367246e+00,4.873519735444e+00,7.886437786404e-02
-8.124234417693e+00,3.699557241567e+00,8.491928538926e-02
-8.124026315005e+00,5.217122483644e+00,7.533991157599e-02
-8.123540909413e+00,1.976437484923e+00,8.808511208306e-02
-8.123076585112e+00,2.244885801037e+00,8.779637244552e-02
-8.122774787293e+00,5.781250185001e-01,8.891116826212e-02
-8.122687794734e+00,5.948734640163e+00,5.868291710743e-02
-8.122651879615e+00,1.288163152094e+00,8.862164250617e-02
-8.122302970167e+00,5.501366024003e+00,7.106917131082e-02
-8.121790701766e+00,4.673222849531e+00,8.041838205896e-02
-8.121631637406e+00,3.409287782953e+00,8.574887432738e-02
-8.121629125139e+00,1.498618986784e+00,8.849201085634e-02
-8.121395408829e+00,5.076552180844e+00,7.700111255978e-02
-8.120967953423e+00,6.093750195002e-01,8.890976191336e-02
-8.120514602145e+00,6.502228968955e+00,1.150235523243e-05
-8.120098393567e+00,2.901115867046e+00,8.684641540480e-02
-8.120038185608e+00,6.420186377399e+00,1.829642775726e-02
-8.119523448391e+00,3.639784917732e+00,8.513297703106e-02
-8.119161119553e+00,6.406250205002e-01,8.890802656059e-02
-8.119101867546e+00,1.078433539031e+00,8.874544243064e-02
-8.118824164920e+00,6.338466017659e+00,3.083871578174e-02
-8.118578091605e+00,2.136619530957e+00,8.793960508076e-02
-8.117893442354e+00,5.644963414283e+00,6.826143269536e-02
-8.117354285683e+00,6.718750215002e-01,8.890596180744e-02
-8.117238766926e+00,5.868931588140e+00,6.199792457781e-02
-8.117180884327e+00,4.173985602005e+00,8.321832803469e-02
-8.116929883881e+00,4.234816130685e+00,8.294530919922e-02
-8.116876918753e+00,6.257074162216e+00,3.997160481474e-02
-8.116845784387e+00,4.113269358834e+00,8.348304291502e-02
-8.116473955378e+00,4.937065812320e+00,7.843195295486e-02
-8.116327363574e+00,3.180388320191e+00,8.631572245625e-02
-8.116087625175e+00,4.295756101300e+00,8.266365167404e-02
-8.116035585034e+00,4.735571711330e+00,8.005297464889e-02
-8.115942473060e+00,1.709678935889e+00,8.835633260145e-02
-8.115929777384e+00,4.052672200738e+00,8.373977291656e-02
-8.115724501298e+00,1.868973140364e+00,8.821996584144e-02
-8.115562386336e+00,1.340443936070e+00,8.861786800118e-02
-8.115547451813e+00,7.031250225003e-01,8.890327812558e-02
-8.114648986030e+00,4.356800626741e+00,8.237300414217e-02
-8.114438091797e+00,3.992198882933e+00,8.398882232182e-02
-8.114402070478e+00,3.011393988559e+00,8.667169324740e-02
-8.114387494894e+00,3.350190385827e+00,8.593970281481e-02
-8.114272273102e+00,3.580167590839e+00,8.534064002025e-02
-8.114270041529e+00,2.514735031656e+00,8.748942106314e-02
-8.114200876873e+00,6.176017039191e+00,4.691825249817e-02
-8.113887405058e+00,2.623983649668e+00,8.733311847362e-02
-8.113740617943e+00,7.343750235003e-01,8.890022558365e-02
-8.113634857190e+00,5.281562873527e+00,7.472532909640e-02
-8.113417561857e+00,1.550897950259e+00,8.848746941020e-02
-8.113211060051e+00,2.405786413703e+00,8.764139032933e-02
-8.113120298641e+00,1.130687188917e+00,8.874243613561e-02
-8.112865844268e+00,5.423538304847e+00,7.266225240825e-02
-8.112712802528e+00,2.028723675919e+00,8.807878680521e-02
-8.112608880253e+00,4.417944776694e+00,8.207299771487e-02
-8.112375990765e+00,3.931854116327e+00,8.423048024031e-02
-8.112072844761e+00,5.140616774589e+00,7.647525461286e-02
-8.112041153690e+00,2.733510999074e+00,8.717238619208e-02
-8.111933784073e+00,7.656250245003e-01,8.889684148242e-02
-8.111082834018e+00,5.789493062172e+00,6.479627539708e-02
-8.110800519779e+00,6.095300831906e+00,5.237922588055e-02
-8.110732744346e+00,2.297158689355e+00,8.778912299258e-02
-8.110126950203e+00,7.968750255002e-01,8.889312504480e-02
-8.109962257991e+00,4.479183577864e+00,8.176324487193e-02
-8.109748771713e+00,3.871642567354e+00,8.446336055498e-02
-8.109738149410e+00,5.566505172081e+00,7.019424278865e-02
-8.109291059349e+00,4.798699873799e+00,7.967409878479e-02
-8.108709583443e+00,2.843295438799e+00,8.700712856637e-02
-8.108486382738e+00,3.520709667171e+00,8.554248630480e-02
-8.108320116332e+00,8.281250265001e-01,8.888856964468e-02
-8.108208056569e+00,5.000737339862e+00,7.797803430360e-02
-8.108201707788e+00,1.392685768345e+00,8.861389943292e-02
-8.107163222849e+00,3.121872030930e+00,8.649126615043e-02
-8.107063407604e+00,1.562500050003e-02,8.903761193480e-02
-8.106868914956e+00,1.182908772906e+00,8.873923630697e-02
-8.106857658978e+00,2.188872373445e+00,8.793271579436e-02
-8.106704106316e+00,4.540512013759e+00,8.144333832565e-02
-8.106680378123e+00,6.014931678721e+00,5.678466227674e-02
-8.106628813129e+00,3.291268740868e+00,8.612527564227e-02
-8.106595439654e+00,1.761926571840e+00,8.835095725663e-02
-8.106561766064e+00,3.811568857601e+00,8.468956388343e-02
-8.106513282462e+00,8.593750275001e-01,8.888412548326e-02
-8.106467755117e+00,4.687500150007e-02,8.903935872475e-02
-8.105872102630e+00,7.812500250012e-02,8.904057951105e-02
-8.105503946597e+00,1.921217839390e+00,8.821401480861e-02
-8.105276450142e+00,1.093750035002e-01,8.904137433506e-02
-8.104933619405e+00,1.603130991062e+00,8.848273354170e-02
-8.104706448592e+00,8.906250285000e-01,8.887891717440e-02
-8.104680797655e+00,1.406250045003e-01,8.904185197433e-02
-8.104224719194e+00,5.710425023073e+00,6.718979628475e-02
-8.104085145168e+00,1.718750055004e-01,8.904201253635e-02
-8.103871288717e+00,2.953314960623e+00,8.683725106091e-02
-8.103489492680e+00,2.031250065004e-01,8.904161791236e-02
-8.102899614722e+00,9.218750295000e-01,8.887317874315e-02
-8.102893840193e+00,2.343750075005e-01,8.904082751013e-02
-8.102829449392e+00,4.601925025278e+00,8.111284980211e-02
-8.102820338948e+00,3.751637563428e+00,8.490932751016e-02
-8.102748794916e+00,5.346108910150e+00,7.407615974338e-02
-8.102298187706e+00,2.656250085005e-01,8.903971976535e-02
-8.102260639573e+00,5.204795138336e+00,7.592207629862e-02
-8.102171300296e+00,3.461415506455e+00,8.573871908551e-02
-8.102069325512e+00,4.861961326715e+00,7.927829932485e-02
-8.101845032495e+00,5.934915672395e+00,6.041327290798e-02
-8.101702535218e+00,2.968750095005e-01,8.903829443038e-02
-8.101608643708e+00,2.080947597329e+00,8.807226519891e-02
-8.101106882731e+00,3.281250105004e-01,8.903628329185e-02
-8.101092780852e+00,9.531250305000e-01,8.886776634557e-02
-8.100894104174e+00,5.488434374647e+00,7.188990667801e-02
-8.100570086308e+00,1.444886997515e+00,8.860973660948e-02
-8.100511230244e+00,3.593750115003e-01,8.903390447956e-02
-8.100377980457e+00,6.487405605558e+00,1.008930063242e-02
-8.100377571688e+00,2.566941061332e+00,8.748128669089e-02
-8.100347916894e+00,1.235096647489e+00,8.873584274537e-02
-8.099957123408e+00,2.457994582824e+00,8.763359545905e-02
-8.099915577756e+00,3.906250125002e-01,8.903120650259e-02
-8.099797730776e+00,6.405504386190e+00,2.510263146490e-02
-8.099457609499e+00,5.064530645633e+00,7.750110670736e-02
-8.099349697850e+00,2.676178210899e+00,8.732465702146e-02
-8.099319925269e+00,4.218750135002e-01,8.902810600056e-02
-8.099285946982e+00,9.843750315000e-01,8.886072564436e-02
-8.098724272782e+00,4.531250145001e-01,8.902437872822e-02
-8.098529888831e+00,3.691853215774e+00,8.512287887833e-02
-8.098480854216e+00,6.323926114114e+00,3.573796920356e-02
-8.098361234389e+00,3.232527033495e+00,8.630577420389e-02
-8.098333348642e+00,4.663417511298e+00,8.077132873197e-02
-8.098128620294e+00,4.843750155000e-01,8.902032816128e-02
-8.098110509308e+00,2.349359803298e+00,8.778167834357e-02
-8.097505168447e+00,3.063547191945e+00,8.666205868664e-02
-8.096975013289e+00,1.814121232488e+00,8.834538537806e-02
-8.096934937090e+00,5.156250165000e-01,8.901806855608e-02
-8.096851635152e+00,2.785684628458e+00,8.716361193911e-02
-8.096669194067e+00,5.631733384408e+00,6.926021763058e-02
-8.096431734313e+00,6.242677055143e+00,4.366583845039e-02
-8.096299113060e+00,5.855258859625e+00,6.345358828149e-02
-8.096177582606e+00,1.655316450661e+00,8.847780307352e-02
-8.095603072540e+00,1.026066080612e+00,8.885620039228e-02
-8.095332580263e+00,3.402289422205e+00,8.592953322251e-02
-8.095143223169e+00,5.468750175001e-01,8.901754277604e-02
-8.095008807292e+00,1.973404106032e+00,8.820786712572e-02
-8.094860168392e+00,2.241057375270e+00,8.792563052862e-02
-8.094368263309e+00,4.925352449541e+00,7.886481061239e-02
-8.093695847027e+00,3.632220300231e+00,8.533043604612e-02
-8.093654805656e+00,6.161763430689e+00,4.980277119970e-02
-8.093557514819e+00,1.287249170774e+00,8.873225524980e-02
-8.093351509247e+00,5.781250185001e-01,8.901643775480e-02
-8.093210903303e+00,4.724984328505e+00,8.041797904117e-02
-8.092861811725e+00,2.895438541538e+00,8.699805781109e-02
-8.092667774281e+00,1.497045973726e+00,8.860537933840e-02
-8.092535089098e+00,4.165199322064e+00,8.347420666299e-02
-8.092425613851e+00,4.225898882873e+00,8.320995328931e-02
-8.092060491048e+00,4.104615034391e+00,8.373053676083e-02
-8.091956820181e+00,5.269083527003e+00,7.533940335727e-02
-8.091726901380e+00,4.286708885577e+00,8.293746293825e-02
-8.091559795326e+00,6.093750195002e-01,8.901501200861e-02
-8.091366216218e+00,5.410756799213e+00,7.338941374232e-02
-8.091007019006e+00,4.044150807051e+00,8.397924289799e-02
-8.090433823374e+00,4.347624455361e+00,8.265640669119e-02
-8.090228817437e+00,2.133107568523e+00,8.806554705843e-02
-8.090220580515e+00,5.128442035438e+00,7.700060659235e-02
-8.090154553524e+00,6.081191417329e+00,5.469356783471e-02
-8.090047298913e+00,5.775967240990e+00,6.603770278438e-02
-8.089910229383e+00,1.078183501002e+00,8.885338286105e-02
-8.089768081404e+00,6.406250205002e-01,8.901326521441e-02
-8.089590431078e+00,3.173969402045e+00,8.648137249873e-02
-8.089379907352e+00,3.983811382859e+00,8.422061078115e-02
-8.088541287438e+00,4.408640674167e+00,8.236643952430e-02
-8.088421078127e+00,5.553424012305e+00,7.106866029165e-02
-8.088323677405e+00,3.572743256682e+00,8.553220812051e-02
-8.087976367483e+00,6.718750215002e-01,8.901111709367e-02
-8.087975808244e+00,3.343335681541e+00,8.611511562132e-02
-8.087358956658e+00,3.005417811278e+00,8.682790229191e-02
-8.087184425054e+00,3.923601460281e+00,8.445366600824e-02
-8.087149746421e+00,1.707452672056e+00,8.847267782921e-02
-8.087081521763e+00,1.866261253304e+00,8.833961671116e-02
-8.087021737669e+00,4.787296987992e+00,8.005329505777e-02
-8.086497929074e+00,1.339364702342e+00,8.872847361775e-02
-8.086423977993e+00,2.510125298573e+00,8.762560633201e-02
-8.086204692051e+00,2.619065612736e+00,8.747295941370e-02
-8.086185779958e+00,4.988869599179e+00,7.843243247505e-02
-8.086184653562e+00,7.031250225003e-01,8.900840775063e-02
-8.086044237441e+00,4.469752580917e+00,8.206719935834e-02
-8.085935513301e+00,6.000967146655e+00,5.868240843578e-02
-8.085210322382e+00,2.401487448341e+00,8.777403836371e-02
-8.084530436944e+00,2.728287227695e+00,8.731600431749e-02
-8.084495034144e+00,1.549161048653e+00,8.860082742688e-02
-8.084425875290e+00,3.863525693278e+00,8.467964388797e-02
-8.084392939640e+00,7.343750235003e-01,8.900537552026e-02
-8.084239444463e+00,2.025530268544e+00,8.820152256123e-02
-8.083949621813e+00,1.130270752269e+00,8.885037184462e-02
-8.083094317784e+00,5.697046770412e+00,6.826092207018e-02
-8.082937654099e+00,4.530955171300e+00,8.175830604142e-02
-8.082601225719e+00,7.656250245003e-01,8.900201971422e-02
-8.082586038315e+00,2.293172849690e+00,8.791834911299e-02
-8.082418876171e+00,3.513426478730e+00,8.572839566965e-02
-8.081379476743e+00,2.837768607528e+00,8.715464841255e-02
-8.081159441772e+00,5.333478174484e+00,7.472482474540e-02
-8.081109595158e+00,3.803588690925e+00,8.489922332362e-02
-8.081002270257e+00,5.921096704628e+00,6.199741510429e-02
-8.080809511798e+00,7.968750255002e-01,8.899833957254e-02
-8.080494964141e+00,5.192467793027e+00,7.647475214125e-02
-8.080322105380e+00,3.115599937542e+00,8.665223747295e-02
-8.080241358768e+00,6.472582242161e+00,1.829617493891e-02
-8.080185454995e+00,6.554659448942e+00,1.150235518015e-05
-8.080106600830e+00,3.284558504396e+00,8.629564559962e-02
-8.079881283779e+00,4.850402917986e+00,7.967445797530e-02
-8.079557275943e+00,6.390822394981e+00,3.083834037965e-02
-8.079485238182e+00,5.475502725292e+00,7.266174674869e-02
-8.079216555152e+00,4.592243398357e+00,8.143936025909e-02
-8.079169390037e+00,1.391441602799e+00,8.872449764536e-02
-8.079017797876e+00,8.281250265001e-01,8.899376622219e-02
-8.078573718444e+00,2.185201911199e+00,8.805863218189e-02
-8.078137543512e+00,6.309386210570e+00,3.997116614772e-02
-8.077850415893e+00,1.759538000156e+00,8.846735763335e-02
-8.077721438591e+00,1.182326203746e+00,8.884716713495e-02
-8.077524417336e+00,1.562500050003e-02,8.914048923858e-02
-8.077519810169e+00,5.052509110421e+00,7.797753403461e-02
-8.077240955388e+00,3.743795017039e+00,8.511262844308e-02
-8.077226083955e+00,8.593750275001e-01,8.898920675464e-02
-8.076933791452e+00,4.687500150007e-02,8.914217668223e-02
-8.076915303020e+00,1.918344971747e+00,8.833365100252e-02
-8.076730372620e+00,2.947487848768e+00,8.698880010968e-02
-8.076343165568e+00,7.812500250012e-02,8.914334080285e-02
-8.076052138342e+00,1.601230575786e+00,8.859608068192e-02
-8.075986971534e+00,3.454274313398e+00,8.591919111462e-02
-8.075986549873e+00,6.228279948070e+00,4.691778040919e-02
-8.075752539684e+00,1.093750035002e-01,8.914409922158e-02
-8.075444945780e+00,5.618503354534e+00,7.019373680651e-02
-8.075434370034e+00,8.906250285000e-01,8.898422389160e-02
-8.075359459195e+00,5.841586131109e+00,6.479576761344e-02
-8.075161913800e+00,1.406250045003e-01,8.914454809172e-02
-8.074875995518e+00,4.653612173066e+00,8.110994236480e-02
-8.074571287916e+00,1.718750055004e-01,8.914468751321e-02
-8.073980662032e+00,2.031250065004e-01,8.914425515384e-02
-8.073642656112e+00,9.218750295000e-01,8.897839814393e-02
-8.073390036148e+00,2.343750075005e-01,8.914346646602e-02
-8.073196229314e+00,2.077594657643e+00,8.819498088616e-02
-8.073108734439e+00,6.147509822186e+00,5.237873645891e-02
-8.072825359970e+00,3.684149189981e+00,8.532007422845e-02
-8.072799410263e+00,2.656250085005e-01,8.914236805745e-02
-8.072612100753e+00,2.562176861737e+00,8.761742286231e-02
-8.072262571241e+00,4.913639086762e+00,7.927869981286e-02
-8.072208784379e+00,2.968750095005e-01,8.914095762241e-02
-8.072032636389e+00,2.453539932227e+00,8.776620292522e-02
-8.071850942191e+00,9.531250305000e-01,8.897308508451e-02
-8.071751904223e+00,2.671106978986e+00,8.746443919244e-02
-8.071730605198e+00,3.225962063357e+00,8.647129523551e-02
-8.071618158495e+00,3.281250105004e-01,8.913892962080e-02
-8.071572138050e+00,1.443478234333e+00,8.872032712760e-02
-8.071225878455e+00,1.234348225564e+00,8.884376852185e-02
-8.071027532611e+00,3.593750115003e-01,8.913659064090e-02
-8.070561989008e+00,3.057422683162e+00,8.681836927725e-02
-8.070436906727e+00,3.906250125002e-01,8.913394016252e-02
-8.070278783172e+00,5.256604180478e+00,7.592157751750e-02
-8.070059228269e+00,9.843750315000e-01,8.896611898309e-02
-8.070035697451e+00,2.345217112671e+00,8.791087138242e-02
-8.069911067862e+00,4.715056364175e+00,8.076961112449e-02
-8.069866588167e+00,5.397975293578e+00,7.407565949665e-02
-8.069846280843e+00,4.218750135002e-01,8.913082643270e-02
-8.069508587270e+00,6.067082002752e+00,5.678416462969e-02
-8.069430148752e+00,2.780308986256e+00,8.730716037419e-02
-8.069255654959e+00,4.531250145001e-01,8.912717113425e-02
-8.069033523120e+00,3.395291061457e+00,8.610477910176e-02
-8.069011763809e+00,5.762441419809e+00,6.718929167923e-02
-8.068665029075e+00,4.843750155000e-01,8.912320031882e-02
-8.068368316269e+00,5.116267296288e+00,7.750060980644e-02
-8.068279906114e+00,1.811570781901e+00,8.846184231189e-02
-8.067921343820e+00,4.216981635061e+00,8.346526266788e-02
-8.067889293868e+00,4.156413042123e+00,8.372118414106e-02
-8.067868245664e+00,3.624655682731e+00,8.552176693326e-02
-8.067481419146e+00,5.156250165000e-01,8.912096009923e-02
-8.067366177584e+00,4.277661669854e+00,8.320148002327e-02
-8.067339369369e+00,1.653252910134e+00,8.859113891065e-02
-8.067275197709e+00,4.095960709947e+00,8.396953878850e-02
-8.067104006844e+00,5.540342852528e+00,7.188940567483e-02
-8.066643751673e+00,2.237228949503e+00,8.805152037157e-02
-8.066476705172e+00,1.970370727141e+00,8.832748800022e-02
-8.066392713748e+00,1.025982693663e+00,8.896154317584e-02
-8.066218660718e+00,4.338448283981e+00,8.292952787873e-02
-8.066084260628e+00,4.035629413364e+00,8.421060772057e-02
-8.065704825174e+00,5.468750175001e-01,8.912030381587e-02
-8.065625229884e+00,2.889761216029e+00,8.714549568141e-02
-8.065190648479e+00,5.987002614588e+00,6.041277236550e-02
-8.064473694623e+00,4.399336571639e+00,8.264908312465e-02
-8.064463150024e+00,1.286335189455e+00,8.884017579299e-02
-8.064321722907e+00,3.975423882784e+00,8.444383912310e-02
-8.064316902910e+00,4.776570798493e+00,8.041758055736e-02
-8.064163503347e+00,4.977001858495e+00,7.886525511223e-02
-8.063928231201e+00,5.781250185001e-01,8.911917305782e-02
-8.063706423423e+00,1.495472960667e+00,8.871596185841e-02
-8.062853498582e+00,3.167550483899e+00,8.664222969833e-02
-8.062375081709e+00,3.565318922524e+00,8.571790447938e-02
-8.062151637228e+00,6.093750195002e-01,8.911772924172e-02
-8.062126216890e+00,4.460321583969e+00,8.235980701758e-02
-8.061992859344e+00,3.915348804235e+00,8.466958467433e-02
-8.061963916374e+00,5.683668517751e+00,6.925971707475e-02
-8.061879543269e+00,2.129595606089e+00,8.818824187449e-02
-8.061564121594e+00,3.336480977256e+00,8.628533685670e-02
-8.060718591219e+00,1.077933462972e+00,8.895872231856e-02
-8.060375043256e+00,6.406250205002e-01,8.911597204532e-02
-8.060315842839e+00,2.999441633998e+00,8.697935559242e-02
-8.060159508018e+00,5.907277736860e+00,6.345308802753e-02
-8.060153638812e+00,6.539695435471e+00,1.008915385730e-02
-8.060104737079e+00,6.457758878764e+00,2.510231420639e-02
-8.059570088628e+00,5.320847438817e+00,7.533890847618e-02
-8.059316821111e+00,6.376140403772e+00,3.573756589677e-02
-8.059171201883e+00,4.521398328840e+00,8.206134426824e-02
-8.059102978867e+00,3.855408819201e+00,8.488897346985e-02
-8.058729288709e+00,5.180140447719e+00,7.700011323522e-02
-8.058598449283e+00,6.718750215002e-01,8.911371193333e-02
-8.058577914456e+00,2.505515565490e+00,8.775817190773e-02
-8.058521979043e+00,2.614147575803e+00,8.760904497303e-02
-8.058438542229e+00,1.863549366244e+00,8.845613169239e-02
-8.058357019782e+00,1.705226408222e+00,8.858600192055e-02
-8.058076372190e+00,5.462571075936e+00,7.338891785673e-02
-8.057794232808e+00,6.294846307025e+00,4.366538976472e-02
-8.057693242045e+00,4.838844509257e+00,8.005362665465e-02
-8.057433471812e+00,1.338285468614e+00,8.883638873411e-02
-8.057209584712e+00,2.397188482979e+00,8.790319717786e-02
-8.057019720198e+00,2.723063456315e+00,8.745572599856e-02
-8.056821855311e+00,7.031250225003e-01,8.911101511248e-02
-8.056351369603e+00,3.506143290290e+00,8.590867683451e-02
-8.055766086397e+00,2.022336861170e+00,8.832112745408e-02
-8.055657424251e+00,3.795608524249e+00,8.510222631371e-02
-8.055603660911e+00,4.582561771435e+00,8.175332206569e-02
-8.055582010839e+00,5.040487575209e+00,7.843201322238e-02
-8.055572506432e+00,1.547424147046e+00,8.871140163090e-02
-8.055541365432e+00,6.213882840998e+00,4.980229841833e-02
-8.055045261338e+00,7.343750235003e-01,8.910800308634e-02
-8.054778944985e+00,1.129854315621e+00,8.895570789108e-02
-8.054439332284e+00,2.289187010025e+00,8.804421143433e-02
-8.054419805330e+00,5.827913402594e+00,6.603720473594e-02
-8.054220697493e+00,5.605273324660e+00,7.106816427106e-02
-8.054049370043e+00,2.832241776256e+00,8.729812521628e-02
-8.053584388530e+00,3.277848267924e+00,8.646103452083e-02
-8.053480987911e+00,3.109327844155e+00,8.680860756300e-02
-8.053268667365e+00,7.656250245003e-01,8.910467518056e-02
-8.052562663222e+00,6.133256213684e+00,5.469308276656e-02
-8.051661571828e+00,3.735952470650e+00,8.530955510150e-02
-8.051492073393e+00,7.968750255002e-01,8.910102786647e-02
-8.051418642394e+00,4.643806834834e+00,8.143534903165e-02
-8.050289777910e+00,2.181531448954e+00,8.818130530346e-02
-8.050156879173e+00,4.901925723983e+00,7.967482853540e-02
-8.050137072286e+00,1.390197437253e+00,8.883240712915e-02
-8.049802642772e+00,3.447133120341e+00,8.609426637101e-02
-8.049715479420e+00,8.281250265001e-01,8.909644340621e-02
-8.049589456523e+00,2.941660736913e+00,8.713615382863e-02
-8.049105392132e+00,1.757149428471e+00,8.858066951965e-02
-8.048862621016e+00,6.052972588174e+00,5.868191790809e-02
-8.048600746163e+00,5.244124833954e+00,7.647426251609e-02
-8.048573962225e+00,1.181743634587e+00,8.895249967533e-02
-8.048366960116e+00,5.385193787943e+00,7.472433399032e-02
-8.048326659443e+00,1.915472104103e+00,8.845022560440e-02
-8.047985427068e+00,1.562500050003e-02,8.924090443948e-02
-8.047976228705e+00,5.748915598627e+00,6.826042737327e-02
-8.047938885447e+00,8.593750275001e-01,8.909177971755e-02
-8.047399827787e+00,4.687500150007e-02,8.924253487606e-02
-8.047170657278e+00,1.599330160510e+00,8.870664623753e-02
-8.047120831108e+00,3.676445164188e+00,8.551116322150e-02
-8.046814228506e+00,7.812500250012e-02,8.924364494105e-02
-8.046611232421e+00,4.705128399845e+00,8.110701409921e-02
-8.046516052023e+00,5.104092557138e+00,7.797704592748e-02
-8.046228629225e+00,1.093750035002e-01,8.924436846508e-02
-8.046162291475e+00,8.906250285001e-01,8.908700909394e-02
-8.045786935560e+00,5.527261692752e+00,7.266125550394e-02
-8.045643029944e+00,1.406250045003e-01,8.924478980113e-02
-8.045099976007e+00,3.219397093219e+00,8.663203547100e-02
-8.045057430664e+00,1.718750055004e-01,8.924490904204e-02
-8.044846629818e+00,2.557412662141e+00,8.774994519878e-02
-8.044783814921e+00,2.074241717957e+00,8.831456911595e-02
-8.044471831383e+00,2.031250065004e-01,8.924444160681e-02
-8.044445783657e+00,5.973038082522e+00,6.199692317432e-02
-8.044385697502e+00,9.218750295000e-01,8.908110623060e-02
-8.044154110597e+00,2.666035747074e+00,8.760047259677e-02
-8.044108149370e+00,2.449085281629e+00,8.789532634662e-02
-8.043886232102e+00,2.343750075005e-01,8.924365477008e-02
-8.043618809568e+00,3.051298174379e+00,8.696972440533e-02
-8.043417073790e+00,4.208064387250e+00,8.371171576097e-02
-8.043300632821e+00,2.656250085005e-01,8.924256556014e-02
-8.043243498638e+00,4.147626762183e+00,8.395971066594e-02
-8.043005453788e+00,4.268614454131e+00,8.345621165636e-02
-8.042734465977e+00,3.388292700709e+00,8.627484820732e-02
-8.042715033540e+00,2.968750095005e-01,8.924112424433e-02
-8.042609103529e+00,9.531250305000e-01,8.907567797085e-02
-8.042574189793e+00,1.442069471150e+00,8.882823076041e-02
-8.042489904370e+00,4.087306385504e+00,8.420047288111e-02
-8.042141226736e+00,4.965134117811e+00,7.927911185778e-02
-8.042129434260e+00,3.281250105004e-01,8.923912746681e-02
-8.042103840015e+00,1.233599803638e+00,8.894909745066e-02
-8.042040644300e+00,3.617091065231e+00,8.570724593650e-02
-8.042008662353e+00,2.774933344055e+00,8.744681981465e-02
-8.042003498062e+00,4.329272112600e+00,8.319290897666e-02
-8.041960885593e+00,2.341074422045e+00,8.803670518199e-02
-8.041543834979e+00,3.593750115003e-01,8.923682708614e-02
-8.041176555070e+00,4.766521305299e+00,8.076788530945e-02
-8.041161502250e+00,4.027108019677e+00,8.443388065763e-02
-8.040958235698e+00,3.906250125002e-01,8.923422259753e-02
-8.040833514964e+00,5.670290265089e+00,7.019324612728e-02
-8.040832509557e+00,9.843750315000e-01,8.906899673560e-02
-8.040406101809e+00,4.390032469112e+00,8.292150476266e-02
-8.040372636417e+00,4.218750135002e-01,8.923109890730e-02
-8.040121822629e+00,6.524731422001e+00,1.829593360674e-02
-8.039968115391e+00,6.442935515367e+00,3.083798128919e-02
-8.039787037136e+00,4.531250145001e-01,8.922751320464e-02
-8.039584798939e+00,1.809020331315e+00,8.857514151683e-02
-8.039533192858e+00,6.606839798934e+00,1.150235515879e-05
-8.039316745779e+00,5.893458769092e+00,6.479527672979e-02
-8.039263538462e+00,3.967036382709e+00,8.465938695620e-02
-8.039201437855e+00,4.843750155000e-01,8.922361948285e-02
-8.039076366278e+00,6.361458412563e+00,3.997074574472e-02
-8.038501156132e+00,1.651189369607e+00,8.870169547037e-02
-8.038427334954e+00,2.233400523735e+00,8.817417095393e-02
-8.038388648042e+00,2.884083890520e+00,8.728889888133e-02
-8.038208196340e+00,4.450890587022e+00,8.264168170509e-02
-8.038027901203e+00,5.156250165000e-01,8.922139835654e-02
-8.037980735484e+00,5.308216703150e+00,7.592109182616e-02
-8.037944603051e+00,1.967337348250e+00,8.844409266376e-02
-8.037450922104e+00,6.280306403480e+00,4.691732718701e-02
-8.037182354955e+00,1.025899306713e+00,8.906437666958e-02
-8.036963613276e+00,5.167813102410e+00,7.750012528969e-02
-8.036801293633e+00,3.907096148189e+00,8.487857861383e-02
-8.036667506197e+00,5.449639426581e+00,7.407517311189e-02
-8.036426486012e+00,3.557894588367e+00,8.589799074702e-02
-8.036266427179e+00,5.468750175001e-01,8.922062020453e-02
-8.036116566085e+00,3.161131565754e+00,8.679849662357e-02
-8.035404749666e+00,4.511841486381e+00,8.235310732614e-02
-8.035368785228e+00,1.285421208136e+00,8.894550099387e-02
-8.035152434945e+00,3.329626272971e+00,8.645059053270e-02
-8.035109772658e+00,4.827980348473e+00,8.041718670049e-02
-8.035096180992e+00,6.199485733925e+00,5.237826584189e-02
-8.034745072565e+00,1.493899947609e+00,8.882385940868e-02
-8.034504953155e+00,5.781250185001e-01,8.921946523230e-02
-8.033780082444e+00,3.847291945125e+00,8.509167310309e-02
-8.033644211509e+00,5.028466039997e+00,7.886571136110e-02
-8.033530269101e+00,2.126083643655e+00,8.830781274007e-02
-8.033480151464e+00,5.814240674079e+00,6.718880332388e-02
-8.033272729019e+00,2.993465456717e+00,8.712662295177e-02
-8.032996449206e+00,5.592043294785e+00,7.188891937605e-02
-8.032743479131e+00,6.093750195002e-01,8.921800459387e-02
-8.032016592005e+00,6.119002605181e+00,5.678368539271e-02
-8.031990766670e+00,4.572880144514e+00,8.205543310492e-02
-8.031526953056e+00,1.077683424943e+00,8.906155363626e-02
-8.030982005107e+00,6.406250205002e-01,8.921623796806e-02
-8.030839266036e+00,2.609229538871e+00,8.774152269428e-02
-8.030731850920e+00,2.500905832406e+00,8.788725874290e-02
-8.030283863036e+00,3.498860101849e+00,8.608357773711e-02
-8.030205253345e+00,3.787628357573e+00,8.529887922357e-02
-8.029795562694e+00,1.860837479184e+00,8.856941772208e-02
-8.029564293143e+00,1.703000144389e+00,8.869654912136e-02
-8.029509003453e+00,2.717839684936e+00,8.759170567615e-02
-8.029220531083e+00,6.718750215002e-01,8.921387456386e-02
-8.029208847042e+00,2.392889517617e+00,8.802900143177e-02
-8.028369014550e+00,1.337206234886e+00,8.894171007936e-02
-8.028216654761e+00,6.038863173597e+00,6.041228967666e-02
-8.028051187105e+00,4.890212361204e+00,8.005396943738e-02
-8.027961289270e+00,4.634001496602e+00,8.174829354142e-02
-8.027459057059e+00,7.031250225003e-01,8.921119041870e-02
-8.027292728332e+00,2.019143453795e+00,8.843771919565e-02
-8.027062176229e+00,3.271138031452e+00,8.662165491612e-02
-8.026940693600e+00,5.735389777446e+00,6.925923213285e-02
-8.026922709154e+00,5.231645487430e+00,7.699963249136e-02
-8.026867332065e+00,5.372412282308e+00,7.533842693556e-02
-8.026719263343e+00,2.826714944985e+00,8.743772063501e-02
-8.026649978719e+00,1.545687245440e+00,8.881929285349e-02
-8.026639870442e+00,3.103055750768e+00,8.695990671081e-02
-8.026292626254e+00,2.285201170360e+00,8.816683861079e-02
-8.026082188268e+00,3.728109924261e+00,8.550039748728e-02
-8.025697583035e+00,7.343750235003e-01,8.920819847641e-02
-8.025608268157e+00,1.129437878973e+00,8.905853700728e-02
-8.024663787777e+00,5.091917817987e+00,7.843153364495e-02
-8.024469864277e+00,5.514180532976e+00,7.338843610711e-02
-8.023936109011e+00,7.656250245003e-01,8.920485673752e-02
-8.023700918835e+00,5.959073550455e+00,6.345260499934e-02
-8.023618314010e+00,3.439991927283e+00,8.626417990329e-02
-8.023311396981e+00,4.695200435514e+00,8.143130515421e-02
-8.022448540426e+00,2.935833625058e+00,8.727948142043e-02
-8.022174634988e+00,7.968750255003e-01,8.920108241138e-02
-8.022005837375e+00,2.177860986708e+00,8.830085808341e-02
-8.021416302247e+00,3.668741138395e+00,8.569642048570e-02
-8.021104754535e+00,1.388953271706e+00,8.893772447931e-02
-8.020413160964e+00,8.281250265001e-01,8.919669105511e-02
-8.020360368371e+00,1.754760856786e+00,8.869120698250e-02
-8.020118950125e+00,4.953266377127e+00,7.967521046301e-02
-8.020090006446e+00,6.509767408531e+00,2.510201136106e-02
-8.019831493702e+00,6.428112151970e+00,3.573718011340e-02
-8.019738015866e+00,1.912599236459e+00,8.856349794684e-02
-8.019703113554e+00,5.656912012428e+00,7.106768325189e-02
-8.019607149582e+00,6.591735864117e+00,1.008901406882e-02
-8.019426485860e+00,1.181161065427e+00,8.905532655495e-02
-8.018912803760e+00,4.199147139438e+00,8.394975922590e-02
-8.018835911446e+00,6.346776421354e+00,4.366495975958e-02
-8.018651686940e+00,8.593750275001e-01,8.919193337299e-02
-8.018644729992e+00,4.259567238408e+00,8.370213234665e-02
-8.018597703409e+00,4.138840482242e+00,8.419020692089e-02
-8.018473983541e+00,5.879639801324e+00,6.603672326321e-02
-8.018469346816e+00,3.212832123081e+00,8.678819660009e-02
-8.018446436799e+00,1.562500050003e-02,8.933894587603e-02
-8.018289176214e+00,1.597429745235e+00,8.881453087321e-02
-8.018036207231e+00,4.756471812106e+00,8.110406540579e-02
-8.017865864122e+00,4.687500150007e-02,8.934052153017e-02
-8.017788335406e+00,4.320095941220e+00,8.344705437673e-02
-8.017704611032e+00,4.078652061061e+00,8.442373548517e-02
-8.017285291444e+00,7.812500250012e-02,8.934158000354e-02
-8.017107611400e+00,6.265766499935e+00,4.980184453092e-02
-8.017081158882e+00,2.552648462545e+00,8.787899422821e-02
-8.016890212916e+00,8.906250285001e-01,8.918736267131e-02
-8.016704718767e+00,1.093750035002e-01,8.934227006745e-02
-8.016675630128e+00,3.045173665596e+00,8.711690316364e-02
-8.016556316971e+00,2.660964515162e+00,8.773290429911e-02
-8.016435408834e+00,3.381294339961e+00,8.643996346774e-02
-8.016391382340e+00,5.295585967484e+00,7.647378574026e-02
-8.016371400528e+00,2.070888778271e+00,8.843114734809e-02
-8.016338508994e+00,4.380728366584e+00,8.318424090999e-02
-8.016238743871e+00,4.018586625990e+00,8.464905147259e-02
-8.016213042936e+00,3.609526447730e+00,8.588713323911e-02
-8.016183662352e+00,2.444630631031e+00,8.802110000671e-02
-8.016124146089e+00,1.406250045003e-01,8.934266504131e-02
-8.015543573412e+00,1.718750055004e-01,8.934275471801e-02
-8.015258640205e+00,5.436707777226e+00,7.472385683401e-02
-8.015197937844e+00,5.155485757102e+00,7.797656998521e-02
-8.015128738892e+00,9.218750295000e-01,8.918139207030e-02
-8.014963000734e+00,2.031250065004e-01,8.934226497389e-02
-8.014650996551e+00,6.185088626852e+00,5.469261633530e-02
-8.014587175954e+00,2.769557701854e+00,8.758274416438e-02
-8.014382428056e+00,2.343750075005e-01,8.934148011287e-02
-8.014290175789e+00,4.441459590074e+00,8.291339435119e-02
-8.014205354017e+00,3.958648882634e+00,8.486803944581e-02
-8.013886073735e+00,2.336931731418e+00,8.815930806332e-02
-8.013801855379e+00,2.656250085005e-01,8.934039996462e-02
-8.013576241536e+00,1.440660707967e+00,8.893354396376e-02
-8.013367264868e+00,9.531250305000e-01,8.917586027546e-02
-8.013221282701e+00,2.968750095005e-01,8.933893078127e-02
-8.012981801576e+00,1.232851381713e+00,8.905192204852e-02
-8.012640710024e+00,3.281250105004e-01,8.933696430833e-02
-8.012540497599e+00,5.800567945564e+00,6.825994860720e-02
-8.012130875616e+00,4.817810435633e+00,8.076615154920e-02
-8.012060137346e+00,3.593750115003e-01,8.933470134516e-02
-8.011772200919e+00,5.578813264911e+00,7.266077867697e-02
-8.011706412179e+00,5.016444504785e+00,7.927953545732e-02
-8.011638297449e+00,4.502284643921e+00,8.263420318073e-02
-8.011609727923e+00,3.898843492143e+00,8.508096944920e-02
-8.011605790844e+00,9.843750315000e-01,8.916944809263e-02
-8.011479564669e+00,3.906250125002e-01,8.933214140170e-02
-8.011470520788e+00,6.104748996679e+00,5.868144552675e-02
-8.011152066201e+00,2.878406565012e+00,8.742842846627e-02
-8.010898991991e+00,4.218750135002e-01,8.932901072834e-02
-8.010889691764e+00,1.806469880729e+00,8.868566884612e-02
-8.010477890315e+00,3.550470254210e+00,8.607271352936e-02
-8.010318419313e+00,4.531250145001e-01,8.932549234723e-02
-8.010210918235e+00,2.229572097968e+00,8.829370490605e-02
-8.009737846636e+00,4.843750155000e-01,8.932167317806e-02
-8.009662942896e+00,1.649125829080e+00,8.880957324538e-02
-8.009412500931e+00,1.964303969358e+00,8.855738200432e-02
-8.009379633589e+00,3.154712647608e+00,8.694990268836e-02
-8.008740748295e+00,3.322771568685e+00,8.661108817643e-02
-8.008574383259e+00,5.156250165000e-01,8.931945835211e-02
-8.008457186021e+00,3.839175071048e+00,8.528804717772e-02
-8.008377872429e+00,4.563198517593e+00,8.234634116992e-02
-8.007971996163e+00,1.025815919764e+00,8.916478955769e-02
-8.007570688507e+00,6.024753759020e+00,6.199644879048e-02
-8.006828029184e+00,5.468750175001e-01,8.931857888014e-02
-8.006274420433e+00,1.284507226817e+00,8.904832325432e-02
-8.006229615200e+00,2.987489279437e+00,8.726987289873e-02
-8.005905158496e+00,5.721863956264e+00,7.019277075368e-02
-8.005783721707e+00,1.492326934550e+00,8.892916830087e-02
-8.005590596150e+00,4.879211074149e+00,8.041679756476e-02
-8.005367704014e+00,5.359630776673e+00,7.592061922740e-02
-8.005244672145e+00,5.219166140905e+00,7.749965316004e-02
-8.005180994933e+00,2.122571681221e+00,8.842437685616e-02
-8.005081675109e+00,5.781250185001e-01,8.931740112885e-02
-8.004753082439e+00,3.779648190897e+00,8.548947025688e-02
-8.004503936146e+00,4.624196158370e+00,8.204946654231e-02
-8.004216356468e+00,3.491576913409e+00,8.625333221678e-02
-8.003335321034e+00,6.093750195002e-01,8.931592484093e-02
-8.003156553028e+00,2.604311501939e+00,8.787053267192e-02
-8.003152792994e+00,5.501099373200e+00,7.407470059209e-02
-8.002956054013e+00,5.945109018389e+00,6.479480274895e-02
-8.002885787383e+00,2.496296099323e+00,8.801300073619e-02
-8.002811523531e+00,5.079743078837e+00,7.886554688776e-02
-8.002335314892e+00,1.077433386913e+00,8.916196540939e-02
-8.001998286707e+00,2.712615913556e+00,8.772408992762e-02
-8.001588966959e+00,6.406250205002e-01,8.931406234514e-02
-8.001208109372e+00,2.388590552255e+00,8.815157910565e-02
-8.001152583159e+00,1.858125592125e+00,8.867993450520e-02
-8.000771566504e+00,1.700773880555e+00,8.880441974689e-02
-8.000539963930e+00,3.264427794980e+00,8.677770758291e-02
-8.000502804708e+00,3.720267377872e+00,8.568542859531e-02
-8.000058190264e+00,6.494803395061e+00,3.083763851167e-02
-8.000011561540e+00,4.685272471184e+00,8.174322107669e-02
-7.999842612883e+00,6.718750215002e-01,8.931169107153e-02
-7.999798752973e+00,3.096783657381e+00,8.710699459296e-02
-7.999694872013e+00,6.413288788574e+00,3.997034360736e-02
-7.999681106307e+00,6.576631929300e+00,1.829570376161e-02
-7.999389156643e+00,2.821188113714e+00,8.757358802584e-02
-7.999304557288e+00,1.336127001159e+00,8.904452993584e-02
-7.998819370267e+00,2.015950046421e+00,8.855106970983e-02
-7.998595456614e+00,6.332094430145e+00,4.691689283373e-02
-7.998572712144e+00,5.643533759767e+00,7.188844778446e-02
-7.998559367030e+00,6.658768027721e+00,1.150235513574e-05
-7.998145920223e+00,2.281215330695e+00,8.828635297148e-02
-7.998096673513e+00,4.941398636443e+00,8.005432340401e-02
-7.998096258808e+00,7.031250225003e-01,8.930901973127e-02
-7.997727451007e+00,1.543950343833e+00,8.892459725700e-02
-7.997631221302e+00,5.865820833556e+00,6.718833122138e-02
-7.997433985247e+00,3.432850734226e+00,8.642915354188e-02
-7.996764300696e+00,6.251226596390e+00,5.237781403186e-02
-7.996437591329e+00,1.129021442325e+00,8.915894769517e-02
-7.996349904733e+00,7.343750235003e-01,8.930604774074e-02
-7.995711773385e+00,3.661037112601e+00,8.587610472056e-02
-7.995307624328e+00,2.930006513203e+00,8.741894332802e-02
-7.994895859392e+00,4.746422318913e+00,8.142722914669e-02
-7.994802029196e+00,5.282955231817e+00,7.699916436360e-02
-7.994603550658e+00,7.656250245003e-01,8.930261488356e-02
-7.994408533730e+00,4.190229891626e+00,8.417981052188e-02
-7.994284006196e+00,4.250520022685e+00,8.393968518740e-02
-7.994205812111e+00,6.170691519779e+00,5.678322456820e-02
-7.993951908179e+00,4.130054202301e+00,8.441306643513e-02
-7.993849774213e+00,5.423776127870e+00,7.533795873822e-02
-7.993721896841e+00,2.174190524463e+00,8.841740745720e-02
-7.993573172750e+00,4.310919769840e+00,8.369243464703e-02
-7.993432262412e+00,5.143158411793e+00,7.843106601965e-02
-7.992919317693e+00,4.069997736618e+00,8.463857898843e-02
-7.992857196583e+00,7.968750255003e-01,8.929880433161e-02
-7.992270916179e+00,4.371424264057e+00,8.343779159919e-02
-7.992072436783e+00,1.387709106160e+00,8.904054185391e-02
-7.991838717626e+00,3.206267152942e+00,8.693971253527e-02
-7.991615344610e+00,1.752372285101e+00,8.879907015422e-02
-7.991600843733e+00,5.786895217048e+00,6.925876280740e-02
-7.991315985493e+00,4.010065232303e+00,8.485735668201e-02
-7.991149372289e+00,1.909726368816e+00,8.867400375363e-02
-7.991110842507e+00,8.281250265001e-01,8.929459491262e-02
-7.990924449571e+00,6.090495388176e+00,6.041182484384e-02
-7.990547952633e+00,5.565583235037e+00,7.338796849642e-02
-7.990385441572e+00,3.601961830230e+00,8.606167409904e-02
-7.990372155239e+00,4.432028593127e+00,8.317547660455e-02
-7.990279009494e+00,1.180578496267e+00,8.915573617806e-02
-7.990136351691e+00,3.374295979214e+00,8.660033541288e-02
-7.989768612849e+00,5.004422969573e+00,7.967560375602e-02
-7.989732450688e+00,3.039049156813e+00,8.726007339614e-02
-7.989407695151e+00,1.595529329959e+00,8.891983059696e-02
-7.989364488432e+00,8.593750275001e-01,8.928975267657e-02
-7.989315687947e+00,2.547884262950e+00,8.800470345631e-02
-7.989151978575e+00,4.807640522793e+00,8.110109669123e-02
-7.989147169573e+00,3.950261382559e+00,8.507011601580e-02
-7.988958523345e+00,2.655893283250e+00,8.786187395177e-02
-7.988907446531e+00,1.562500050003e-02,8.943469779813e-02
-7.988331900457e+00,4.687500150007e-02,8.943622078661e-02
-7.988259175333e+00,2.440175980434e+00,8.814365153717e-02
-7.987958986134e+00,2.067535838585e+00,8.854456088110e-02
-7.987871845233e+00,4.492727801462e+00,8.290519742473e-02
-7.987756354382e+00,7.812500250012e-02,8.943722999599e-02
-7.987618134357e+00,8.906250285001e-01,8.928531488092e-02
-7.987180808308e+00,1.093750035002e-01,8.943788796296e-02
-7.987165689555e+00,2.764182059653e+00,8.771507950419e-02
-7.986924722253e+00,6.010644344443e+00,6.345213919945e-02
-7.986605262234e+00,1.406250045003e-01,8.943825768718e-02
-7.986418162212e+00,3.890590836097e+00,8.527705957242e-02
-7.986029716159e+00,1.718750055004e-01,8.943830339981e-02
-7.985871780282e+00,9.218750295000e-01,8.927934068439e-02
-7.985811261878e+00,2.332789040791e+00,8.827880204708e-02
-7.985454170085e+00,2.031250065004e-01,8.943780891116e-02
-7.984878624011e+00,2.343750075005e-01,8.943702613926e-02
-7.984869623392e+00,5.708338135083e+00,7.106721723682e-02
-7.984764978188e+00,4.553516890672e+00,8.262664831751e-02
-7.984578293278e+00,1.439251944784e+00,8.903635876678e-02
-7.984529294619e+00,3.543045920053e+00,8.624230544099e-02
-7.984303077937e+00,2.656250085005e-01,8.943595491658e-02
-7.984125426206e+00,9.531250305000e-01,8.927371611406e-02
-7.983915484359e+00,2.872729239503e+00,8.756423723671e-02
-7.983868075964e+00,5.346849271038e+00,7.647332181652e-02
-7.983859763136e+00,1.232102959787e+00,8.915233061764e-02
-7.983727531862e+00,2.968750095005e-01,8.943446064773e-02
-7.983566635136e+00,5.206686794381e+00,7.797610621068e-02
-7.983151985788e+00,3.281250105004e-01,8.943252359652e-02
-7.983134289597e+00,3.831058196972e+00,8.547838208148e-02
-7.982775106309e+00,4.868921862818e+00,8.076441010988e-02
-7.982642701093e+00,3.148293729462e+00,8.709689738513e-02
-7.982576439714e+00,3.593750115003e-01,8.943029691776e-02
-7.982379072131e+00,9.843750315000e-01,8.926755819549e-02
-7.982329061645e+00,3.315916864400e+00,8.676702967959e-02
-7.982211189191e+00,5.931144486323e+00,6.603625836898e-02
-7.982194584590e+00,1.803919430143e+00,8.879352424373e-02
-7.982000893639e+00,3.906250125002e-01,8.942778013551e-02
-7.981994501515e+00,2.225743672201e+00,8.841023889104e-02
-7.981835721710e+00,5.488018213424e+00,7.472339327943e-02
-7.981425347565e+00,4.218750135002e-01,8.942464519091e-02
-7.981046583022e+00,4.614390820138e+00,8.233950928462e-02
-7.980959259285e+00,5.067568339686e+00,7.927997060869e-02
-7.980880398810e+00,1.961270590467e+00,8.866787638658e-02
-7.980849801491e+00,4.531250145001e-01,8.942119195528e-02
-7.980824729659e+00,1.647062288553e+00,8.891486808420e-02
-7.980274255417e+00,4.843750155000e-01,8.941744490811e-02
-7.980026374081e+00,6.479839381591e+00,3.573681185500e-02
-7.979755063031e+00,6.561527994483e+00,2.510172293005e-02
-7.979558250325e+00,6.398465425177e+00,4.366454843677e-02
-7.979300911533e+00,3.771668024221e+00,8.567427075797e-02
-7.979186501381e+00,2.981513102156e+00,8.740926525345e-02
-7.979120865316e+00,5.156250165000e-01,8.941517058235e-02
-7.978761637370e+00,1.025732532815e+00,8.926286651625e-02
-7.978740059060e+00,6.643524906859e+00,1.008888126738e-02
-7.978355001781e+00,6.317412438936e+00,4.980140953963e-02
-7.978148849901e+00,3.484293724968e+00,8.641816099109e-02
-7.977442310735e+00,5.630155507106e+00,7.266031627055e-02
-7.977389631190e+00,5.468750175001e-01,8.941426280446e-02
-7.977180055637e+00,1.283593245498e+00,8.914873077014e-02
-7.976831720765e+00,2.119059718787e+00,8.853785533872e-02
-7.976822370850e+00,1.490753921492e+00,8.903198043038e-02
-7.976788459063e+00,5.852001865789e+00,6.825948577459e-02
-7.976711726099e+00,4.675344506854e+00,8.204344526806e-02
-7.976420989992e+00,6.236686692845e+00,5.469216854336e-02
-7.975760468656e+00,4.930261077717e+00,8.041641324578e-02
-7.975658397063e+00,5.781250185001e-01,8.941306362723e-02
-7.975473840021e+00,2.599393465007e+00,8.799620801049e-02
-7.975039723846e+00,2.491686366239e+00,8.813552516304e-02
-7.974923421148e+00,3.712424831483e+00,8.586490562477e-02
-7.974487569962e+00,2.707392142177e+00,8.785301795441e-02
-7.974017751630e+00,3.257717558508e+00,8.692933646733e-02
-7.973927162937e+00,6.093750195002e-01,8.941157279261e-02
-7.973760627670e+00,6.156294412706e+00,5.868099129411e-02
-7.973212676052e+00,5.270324496150e+00,7.749919342030e-02
-7.973207371703e+00,2.384291586893e+00,8.827105190452e-02
-7.973143676729e+00,1.077183348884e+00,8.926004223164e-02
-7.972957635504e+00,3.090511563994e+00,8.725008300804e-02
-7.972509603625e+00,1.855413705065e+00,8.878778179188e-02
-7.972440908221e+00,5.410844478515e+00,7.592015972397e-02
-7.972195928810e+00,6.406250205002e-01,8.940960887801e-02
-7.972059049943e+00,2.815661282442e+00,8.770587296383e-02
-7.971978839865e+00,1.698547616721e+00,8.890970948111e-02
-7.971755511552e+00,4.736372825720e+00,8.173810529099e-02
-7.971666586980e+00,5.130831066485e+00,7.886508733045e-02
-7.971249656485e+00,3.425709541168e+00,8.658939680539e-02
-7.970661189868e+00,5.773222488533e+00,7.019231068820e-02
-7.970464694684e+00,6.718750215002e-01,8.940724362932e-02
-7.970378378353e+00,6.076241779674e+00,6.199599195510e-02
-7.970346012201e+00,2.012756639046e+00,8.866155220080e-02
-7.970240100025e+00,1.335047767431e+00,8.914493638854e-02
-7.970007244524e+00,3.653333086808e+00,8.605045982015e-02
-7.969999214192e+00,2.277229491030e+00,8.840287090046e-02
-7.969923282401e+00,4.241472806962e+00,8.416928439046e-02
-7.969904263699e+00,4.181312643814e+00,8.440226023776e-02
-7.969358010095e+00,4.301743598459e+00,8.392948929342e-02
-7.969323704346e+00,5.552353205163e+00,7.407424194015e-02
-7.969306112950e+00,4.121267922360e+00,8.462797029516e-02
-7.968804923295e+00,1.542213442226e+00,8.902740659842e-02
-7.968733460557e+00,7.031250225003e-01,8.940458520073e-02
-7.968203323365e+00,4.362120161529e+00,8.368262343427e-02
-7.968166708231e+00,2.924179401348e+00,8.755469178558e-02
-7.968134024354e+00,4.061343412174e+00,8.484653106516e-02
-7.967830813519e+00,4.992401434362e+00,8.005468855258e-02
-7.967266914501e+00,1.128605005677e+00,8.925702446198e-02
-7.967002226431e+00,7.343750235003e-01,8.940163301931e-02
-7.966454134688e+00,4.422597596179e+00,8.342842411621e-02
-7.966393227115e+00,4.001543838616e+00,8.505911349305e-02
-7.966278755999e+00,5.996534929866e+00,6.479434567347e-02
-7.966173081534e+00,4.797470609953e+00,8.142312153786e-02
-7.965437956307e+00,2.170520062217e+00,8.853095290648e-02
-7.965270992304e+00,7.656250245003e-01,8.939811704884e-02
-7.965208088435e+00,3.199702182804e+00,8.708661170287e-02
-7.964557840209e+00,3.594397212730e+00,8.623109989095e-02
-7.964105393016e+00,4.483170959002e+00,8.316661686260e-02
-7.964088985128e+00,3.941873882485e+00,8.526591704228e-02
-7.963837294547e+00,3.367297618466e+00,8.675616301545e-02
-7.963834088288e+00,5.694812313901e+00,7.188799090271e-02
-7.963539758178e+00,7.968750255003e-01,8.939427474833e-02
-7.963040119032e+00,1.386464940614e+00,8.914094722273e-02
-7.962870320850e+00,1.749983713416e+00,8.890435454916e-02
-7.962789271248e+00,3.032924648030e+00,8.739939428999e-02
-7.962560728712e+00,1.906853501172e+00,8.878184257558e-02
-7.962368447913e+00,5.334067765403e+00,7.699870885466e-02
-7.961888598127e+00,5.194207447857e+00,7.843061034933e-02
-7.961808524051e+00,8.281250265001e-01,8.939023683912e-02
-7.961550217012e+00,2.543120063354e+00,8.812719979461e-02
-7.961466324369e+00,5.917179954256e+00,6.718787537450e-02
-7.961360729718e+00,2.650822051337e+00,8.798751424995e-02
-7.961226596502e+00,3.882338180050e+00,8.546713353794e-02
-7.961152083947e+00,4.543835263751e+00,8.289691478330e-02
-7.961131533128e+00,1.179995927107e+00,8.925381296138e-02
-7.960526214087e+00,1.593628914683e+00,8.902263702256e-02
-7.960518650427e+00,5.474937053648e+00,7.533750388705e-02
-7.960334688315e+00,2.435721329836e+00,8.826310232015e-02
-7.960077289924e+00,8.593750275001e-01,8.938531876366e-02
-7.959994557898e+00,6.464875368121e+00,3.996995973733e-02
-7.959959616469e+00,4.858632651487e+00,8.109810836865e-02
-7.959829019755e+00,6.546424059666e+00,3.083731204850e-02
-7.959744203156e+00,2.758806417452e+00,8.784396457600e-02
-7.959546571741e+00,2.064182898899e+00,8.865503099494e-02
-7.959421628636e+00,6.383642061780e+00,4.691647735118e-02
-7.959368456263e+00,1.562500050003e-02,8.952824060072e-02
-7.959106995039e+00,5.055393600536e+00,7.967600841182e-02
-7.958920751091e+00,6.628281785998e+00,1.829548540426e-02
-7.958797936792e+00,4.687500150007e-02,8.952971293876e-02
-7.958580698922e+00,3.535621585896e+00,8.640698607214e-02
-7.958346055798e+00,8.906250285001e-01,8.938077369768e-02
-7.958227417321e+00,7.812500250012e-02,8.953067508438e-02
-7.958114546949e+00,6.302730447727e+00,5.237738103107e-02
-7.957811393174e+00,3.822941322896e+00,8.566294749133e-02
-7.957736450020e+00,2.328646350164e+00,8.839530323154e-02
-7.957656897849e+00,1.093750035002e-01,8.953130225034e-02
-7.957589229898e+00,4.604585481906e+00,8.261901789928e-02
-7.957265541070e+00,6.710442153724e+00,1.150235515500e-05
-7.957086378379e+00,1.406250045003e-01,8.953164778165e-02
-7.956678902517e+00,2.867051913995e+00,8.769647025279e-02
-7.956614821671e+00,9.218750295000e-01,8.937503327340e-02
-7.956515858907e+00,1.718750055004e-01,8.953165215059e-02
-7.956311909325e+00,5.616777254445e+00,7.338751502738e-02
-7.956077679288e+00,6.222146789301e+00,5.678278215860e-02
-7.955945696825e+00,5.838182898021e+00,6.925830910103e-02
-7.955945339436e+00,2.031250065004e-01,8.953115325858e-02
-7.955917374995e+00,3.309062160114e+00,8.691860408009e-02
-7.955905768596e+00,3.141874811316e+00,8.723990184598e-02
-7.955580345021e+00,1.437843181601e+00,8.913676301963e-02
-7.955374819965e+00,2.343750075005e-01,8.953037267878e-02
-7.954883587545e+00,9.531250305000e-01,8.936932585426e-02
-7.954804300494e+00,2.656250085005e-01,8.952931024646e-02
-7.954737724696e+00,1.231354537862e+00,8.925040748013e-02
-7.954233781023e+00,2.968750095005e-01,8.952779346146e-02
-7.953848740627e+00,3.763687857545e+00,8.585353640942e-02
-7.953778084796e+00,2.221915246434e+00,8.852385341184e-02
-7.953663261552e+00,3.281250105004e-01,8.952588498385e-02
-7.953499477415e+00,1.801368979557e+00,8.889880304922e-02
-7.953411890658e+00,4.665416542524e+00,8.233261242194e-02
-7.953315443230e+00,6.141897305633e+00,6.041137786940e-02
-7.953152353419e+00,9.843750315000e-01,8.936340836112e-02
-7.953110335552e+00,4.919853700949e+00,8.076266126160e-02
-7.953092742081e+00,3.593750115003e-01,8.952369350244e-02
-7.952522222610e+00,3.906250125002e-01,8.952118562653e-02
-7.952348296690e+00,1.958237211576e+00,8.877570637252e-02
-7.952143387561e+00,2.975536924875e+00,8.754495167415e-02
-7.952081343333e+00,3.477010536527e+00,8.657827255360e-02
-7.951986516423e+00,1.644998748026e+00,8.901767145271e-02
-7.951951703139e+00,4.218750135002e-01,8.951808180814e-02
-7.951623322908e+00,5.257693760484e+00,7.797565460665e-02
-7.951381183668e+00,4.531250145001e-01,8.951469163474e-02
-7.951032042229e+00,5.397912829159e+00,7.647287074760e-02
-7.950810664197e+00,4.843750155000e-01,8.951101438325e-02
-7.949900911548e+00,5.118503721176e+00,7.927997892550e-02
-7.949832307136e+00,6.061988171171e+00,6.345169063024e-02
-7.949721536003e+00,5.759549760017e+00,7.106676622830e-02
-7.949667347373e+00,5.156250165000e-01,8.950868575505e-02
-7.949551278578e+00,1.025649145865e+00,8.935868843459e-02
-7.949344037588e+00,3.704582285094e+00,8.603907109018e-02
-7.948615163713e+00,4.726323332526e+00,8.203736998368e-02
-7.948482446597e+00,2.115547756353e+00,8.864831257002e-02
-7.948099456059e+00,5.539123175288e+00,7.472294332943e-02
-7.948085690842e+00,1.282679264178e+00,8.924680776474e-02
-7.947951233195e+00,5.468750175001e-01,8.950775118672e-02
-7.947861019992e+00,1.489180908433e+00,8.913238352336e-02
-7.947791127013e+00,2.594475428075e+00,8.811867524996e-02
-7.947495539330e+00,3.251007322035e+00,8.707613772701e-02
-7.947193660310e+00,2.487076633156e+00,8.825495307557e-02
-7.946976853216e+00,2.702168370797e+00,8.797862203427e-02
-7.946235119017e+00,5.781250185001e-01,8.950653185977e-02
-7.946116518035e+00,3.084239470607e+00,8.738933050003e-02
-7.945632789744e+00,5.982425515289e+00,6.603581005576e-02
-7.945620496968e+00,4.981128468108e+00,8.041603384041e-02
-7.945562558605e+00,4.232425591239e+00,8.439131758194e-02
-7.945399993669e+00,4.172395396003e+00,8.461722621135e-02
-7.945206634033e+00,2.379992621532e+00,8.838753563409e-02
-7.945142847439e+00,4.292567427079e+00,8.415862925788e-02
-7.945065327723e+00,3.418568348111e+00,8.674510773444e-02
-7.944728943243e+00,2.810134451171e+00,8.783471372274e-02
-7.944660317720e+00,4.112481642418e+00,8.483556336519e-02
-7.944519004839e+00,6.093750195002e-01,8.950502751564e-02
-7.944302715662e+00,3.645629061015e+00,8.621971590417e-02
-7.944135730550e+00,4.352816059002e+00,8.391917231133e-02
-7.943952038565e+00,1.076933310855e+00,8.935586491595e-02
-7.943866624090e+00,1.852701818005e+00,8.889305474181e-02
-7.943348731015e+00,4.052689087731e+00,8.504796259817e-02
-7.943194184492e+00,4.787300697113e+00,8.173294681529e-02
-7.943186113227e+00,1.696321352888e+00,8.901250963719e-02
-7.942802890661e+00,6.406250205002e-01,8.950296961511e-02
-7.942798553183e+00,5.681286492720e+00,7.265986828728e-02
-7.942536114138e+00,4.413166599232e+00,8.367269950417e-02
-7.941872654135e+00,2.009563231671e+00,8.876937296145e-02
-7.941852508162e+00,2.273243651365e+00,8.851650318998e-02
-7.941470468737e+00,3.993022444930e+00,8.525462024866e-02
-7.941175642763e+00,1.333968533703e+00,8.924301355809e-02
-7.941086776484e+00,6.718750215002e-01,8.950061071544e-02
-7.941025792134e+00,2.918352289493e+00,8.768687132923e-02
-7.940868819862e+00,5.321286259768e+00,7.749874607313e-02
-7.940721459548e+00,5.903215422190e+00,6.825903887820e-02
-7.940338940800e+00,4.473614116543e+00,8.341895274278e-02
-7.940210561118e+00,5.181728101332e+00,7.886463952174e-02
-7.939962741715e+00,6.449911354651e+00,4.366415579802e-02
-7.939902976480e+00,6.531320124850e+00,3.573646112315e-02
-7.939882395582e+00,1.540476540620e+00,8.912780847542e-02
-7.939370662306e+00,7.031250225003e-01,8.949796528464e-02
-7.939285006948e+00,6.368818698383e+00,4.980099344638e-02
-7.939201579144e+00,5.461855893871e+00,7.591971331876e-02
-7.939101443121e+00,6.613038665137e+00,2.510144891441e-02
-7.939030800683e+00,3.933486382410e+00,8.545572522946e-02
-7.938730238845e+00,3.586832595229e+00,8.639562906334e-02
-7.938577459244e+00,3.193137212666e+00,8.722953003840e-02
-7.938096237673e+00,1.128188569028e+00,8.935284804050e-02
-7.937874092116e+00,6.288048456518e+00,5.469173939302e-02
-7.937654548128e+00,7.343750235003e-01,8.949494497445e-02
-7.937553925762e+00,6.695060588656e+00,1.008875545332e-02
-7.937539189706e+00,4.534153636829e+00,8.315766250775e-02
-7.937538237404e+00,3.360299257718e+00,8.690763446575e-02
-7.937254730793e+00,5.043218861386e+00,8.005506488067e-02
-7.937154015772e+00,2.166849599972e+00,8.864139672972e-02
-7.937144126628e+00,4.848343440155e+00,8.141898286546e-02
-7.936035030791e+00,3.874085524004e+00,8.565145933882e-02
-7.935938433950e+00,7.656250245003e-01,8.949144109228e-02
-7.935846091808e+00,3.026800139247e+00,8.753501691781e-02
-7.935734368584e+00,6.207606885756e+00,5.868055521266e-02
-7.935181507915e+00,5.603399001784e+00,7.407379715878e-02
-7.935102934586e+00,5.824363930253e+00,7.019186593341e-02
-7.934222319773e+00,7.968750255003e-01,8.948757117084e-02
-7.934131876774e+00,4.594780143674e+00,8.288854724683e-02
-7.934125297089e+00,1.747595141731e+00,8.900715132303e-02
-7.934007801281e+00,1.385220775067e+00,8.923902459953e-02
-7.933972085135e+00,1.903980633528e+00,8.888710938740e-02
-7.933784746077e+00,2.538355863758e+00,8.824660395800e-02
-7.933762936092e+00,2.645750819425e+00,8.810995135442e-02
-7.932870258789e+00,6.127500198561e+00,6.199555267058e-02
-7.932632103225e+00,3.528197251739e+00,8.656696287764e-02
-7.932506205595e+00,8.281250265001e-01,8.948369502754e-02
-7.932488496751e+00,3.814824448819e+00,8.584199755728e-02
-7.932410201296e+00,2.431266679239e+00,8.837956786212e-02
-7.932322716757e+00,2.753430775251e+00,8.796953123198e-02
-7.931984056763e+00,1.179413357947e+00,8.934963755377e-02
-7.931644733023e+00,1.591728499407e+00,8.912303761482e-02
-7.931134157347e+00,2.060829959213e+00,8.876284212255e-02
-7.930790091417e+00,8.593750275001e-01,8.947870915979e-02
-7.930460202448e+00,4.909446324180e+00,8.109510085772e-02
-7.930112055218e+00,4.655488578194e+00,8.261131272799e-02
-7.930033969764e+00,5.245063024817e+00,7.843016663673e-02
-7.929829465994e+00,1.562500050003e-02,8.961965104152e-02
-7.929661638163e+00,2.324503659537e+00,8.850892214392e-02
-7.929623176236e+00,5.384981179804e+00,7.699826596724e-02
-7.929505688346e+00,3.302207455828e+00,8.706547565726e-02
-7.929442320676e+00,2.861374588486e+00,8.782526531155e-02
-7.929286235919e+00,6.047734562669e+00,6.479390550566e-02
-7.929263973127e+00,4.687500150007e-02,8.962107464864e-02
-7.929168836100e+00,3.135455893171e+00,8.737907396165e-02
-7.929073977239e+00,8.906250285001e-01,8.947406672010e-02
-7.928781882137e+00,5.745877031502e+00,7.188754873322e-02
-7.928698480259e+00,7.812500250012e-02,8.962199181160e-02
-7.928396569721e+00,3.755707690869e+00,8.602750833087e-02
-7.928135236116e+00,5.106176375867e+00,7.967642442785e-02
-7.928132987391e+00,1.093750035002e-01,8.962258940918e-02
-7.927567494523e+00,1.406250045003e-01,8.962291175179e-02
-7.927357863062e+00,9.218750295000e-01,8.946854742726e-02
-7.927002001656e+00,1.718750055004e-01,8.962287722933e-02
-7.926875207773e+00,5.525893145414e+00,7.533706238490e-02
-7.926582396763e+00,1.436434418418e+00,8.923484062506e-02
-7.926436508788e+00,2.031250065004e-01,8.962237425476e-02
-7.926013836765e+00,3.469727348087e+00,8.673386399985e-02
-7.925871015920e+00,2.343750075005e-01,8.962159596039e-02
-7.925641748884e+00,9.531250305000e-01,8.946276631943e-02
-7.925615686257e+00,1.230606115937e+00,8.934623319710e-02
-7.925561668077e+00,2.218086820667e+00,8.863428328086e-02
-7.925474815873e+00,4.716273839333e+00,8.232565134974e-02
-7.925305523052e+00,2.656250085005e-01,8.962054218422e-02
-7.925100273742e+00,2.969560747595e+00,8.767707616383e-02
-7.924986823490e+00,5.968316100712e+00,6.718743578572e-02
-7.924804370240e+00,1.798818528970e+00,8.900159625609e-02
-7.924740030184e+00,2.968750095005e-01,8.961900525659e-02
-7.924174537317e+00,3.281250105004e-01,8.961712453734e-02
-7.923925634706e+00,9.843750315000e-01,8.945707629234e-02
-7.923816194569e+00,1.955203832685e+00,8.888096674674e-02
-7.923764654028e+00,3.696739738704e+00,8.620815384154e-02
-7.923609044449e+00,3.593750115003e-01,8.961496720990e-02
-7.923148303186e+00,1.642935207499e+00,8.911807067838e-02
-7.923137663198e+00,4.970604070812e+00,8.076090527828e-02
-7.923043551581e+00,3.906250125002e-01,8.961244575364e-02
-7.922478058713e+00,4.218750135002e-01,8.960939652272e-02
-7.921912565846e+00,4.531250145001e-01,8.960606741609e-02
-7.921763018079e+00,5.667760671538e+00,7.338707570255e-02
-7.921347072978e+00,4.843750155000e-01,8.960245773270e-02
-7.921201834809e+00,4.223378375516e+00,8.460614788468e-02
-7.920973327030e+00,3.244297085563e+00,8.721896773143e-02
-7.920927684783e+00,4.283391255699e+00,8.438023918228e-02
-7.920895723639e+00,4.163478148191e+00,8.482445437993e-02
-7.920340919785e+00,1.025565758916e+00,8.945233262225e-02
-7.920215287451e+00,4.777130784273e+00,8.203124140460e-02
-7.920213829429e+00,5.156250165000e-01,8.960007961873e-02
-7.920133172429e+00,2.112035793919e+00,8.875611363781e-02
-7.920108414006e+00,2.589557391142e+00,8.823805476083e-02
-7.920068137735e+00,4.343511956474e+00,8.414784588091e-02
-7.920014522490e+00,4.103695362477e+00,8.503666407620e-02
-7.919976933204e+00,6.516216190033e+00,3.996959413636e-02
-7.919976594725e+00,5.889250890123e+00,6.925787101643e-02
-7.919930925532e+00,6.434947341181e+00,4.691608074123e-02
-7.919466136470e+00,2.696944599418e+00,8.810102794115e-02
-7.919369191811e+00,5.308504754133e+00,7.797521517578e-02
-7.919347596773e+00,2.482466900073e+00,8.837139967425e-02
-7.919282135152e+00,6.597795544275e+00,3.083700190094e-02
-7.919275400566e+00,3.077967377220e+00,8.752488754642e-02
-7.919148385259e+00,6.353995334986e+00,5.237696684144e-02
-7.918991326046e+00,1.281765282859e+00,8.934263470768e-02
-7.918899669134e+00,1.487607895375e+00,8.923046136744e-02
-7.918880998960e+00,3.411427155053e+00,8.689647365938e-02
-7.918618093587e+00,4.403735602284e+00,8.390873503338e-02
-7.918598186801e+00,3.637925035222e+00,8.638409026532e-02
-7.918563437677e+00,4.044034763288e+00,8.524316988051e-02
-7.918532524109e+00,5.169248754808e+00,7.927953874406e-02
-7.918512835200e+00,5.468750175001e-01,8.959911969255e-02
-7.917884507861e+00,5.448774734095e+00,7.647243253632e-02
-7.917842310454e+00,6.679679023589e+00,1.829527853535e-02
-7.917633637284e+00,6.273366465309e+00,5.678235816619e-02
-7.917398836543e+00,2.804607619899e+00,8.796024172108e-02
-7.917205896363e+00,2.375693656170e+00,8.850114055031e-02
-7.916811840971e+00,5.781250185001e-01,8.959788141990e-02
-7.916572488583e+00,4.464057274083e+00,8.366266367642e-02
-7.916547710358e+00,3.984501051243e+00,8.544415778637e-02
-7.915653290637e+00,6.761860205194e+00,1.150235529477e-05
-7.915391057880e+00,6.193066982211e+00,6.041094875581e-02
-7.915223644555e+00,1.849989930945e+00,8.899584418149e-02
-7.915171799244e+00,5.031811361260e+00,8.041565944633e-02
-7.915110846742e+00,6.093750195002e-01,8.959629221535e-02
-7.914760400402e+00,1.076683272826e+00,8.944951070107e-02
-7.914393386588e+00,1.694095089054e+00,8.911290740088e-02
-7.914328636788e+00,4.838054228824e+00,8.172774629204e-02
-7.914260172347e+00,5.810544962485e+00,7.106633022889e-02
-7.914051106506e+00,5.590020749123e+00,7.472250698668e-02
-7.913972616238e+00,3.925098882335e+00,8.563980687048e-02
-7.913926295466e+00,4.524472009908e+00,8.340937831682e-02
-7.913884876037e+00,2.912525177638e+00,8.781561927069e-02
-7.913705802131e+00,2.269257811699e+00,8.862697203384e-02
-7.913409852513e+00,6.406250205002e-01,8.959421957377e-02
-7.913399296070e+00,2.006369824297e+00,8.887462658116e-02
-7.912902637481e+00,3.579267977729e+00,8.655546801888e-02
-7.912425074349e+00,6.113103091488e+00,6.345125929404e-02
-7.912111185501e+00,1.332889299975e+00,8.933884181864e-02
-7.911946830054e+00,3.186572242528e+00,8.736862476938e-02
-7.911708858284e+00,6.718750215002e-01,8.959186731757e-02
-7.911239180261e+00,3.353300896970e+00,8.705462571298e-02
-7.910959867870e+00,1.538739639013e+00,8.922588655639e-02
-7.910843465081e+00,3.865832867958e+00,8.583028957697e-02
-7.910674523650e+00,4.584974805442e+00,8.314861438533e-02
-7.910007864055e+00,7.031250225003e-01,8.958923495161e-02
-7.908925560845e+00,1.127772132380e+00,8.944649559512e-02
-7.908902912369e+00,3.020675630464e+00,8.766708474049e-02
-7.908870075238e+00,2.163179137726e+00,8.874918729142e-02
-7.908740164702e+00,6.033480954167e+00,6.603537832587e-02
-7.908444616620e+00,5.232432289150e+00,7.886420346431e-02
-7.908306869826e+00,7.343750235003e-01,8.958613308659e-02
-7.908214310244e+00,5.372049530449e+00,7.749831112120e-02
-7.907842228272e+00,5.732204302987e+00,7.265943472957e-02
-7.907810069345e+00,4.899038947412e+00,8.141481367644e-02
-7.907165600328e+00,3.806707574743e+00,8.601577198901e-02
-7.906812219777e+00,4.645560613864e+00,8.288009565532e-02
-7.906683507528e+00,3.520772917581e+00,8.672243199509e-02
-7.906605875597e+00,7.656250245003e-01,8.958266143044e-02
-7.906369560684e+00,5.093849030559e+00,8.005545238590e-02
-7.906165142466e+00,2.640679587513e+00,8.822930528416e-02
-7.906019275141e+00,2.533591664162e+00,8.836303083423e-02
-7.905650959486e+00,5.512663115540e+00,7.591928001454e-02
-7.905383441558e+00,1.901107765884e+00,8.898989484379e-02
-7.905380273328e+00,1.745206570046e+00,8.910754751533e-02
-7.904975483529e+00,1.383976609521e+00,8.933485425925e-02
-7.904904881368e+00,7.968750255003e-01,8.957876769363e-02
-7.904901230358e+00,2.748055133049e+00,8.809190485165e-02
-7.904485714277e+00,2.426812028641e+00,8.849315814139e-02
-7.904340857236e+00,5.954206686135e+00,6.825860792049e-02
-7.903203887139e+00,8.281250265001e-01,8.957504420515e-02
-7.903094001696e+00,3.295352751543e+00,8.720821508961e-02
-7.902944398815e+00,3.747727524193e+00,8.619641408808e-02
-7.902836580397e+00,1.178830788788e+00,8.944328704171e-02
-7.902763251960e+00,1.589828084131e+00,8.922111591875e-02
-7.902721742954e+00,2.057477019527e+00,8.886808865293e-02
-7.902431903604e+00,3.129036975025e+00,8.751456360505e-02
-7.902334468034e+00,4.706224346140e+00,8.260353362393e-02
-7.902205738834e+00,2.855697262978e+00,8.795075338978e-02
-7.901586826305e+00,2.320360968910e+00,8.861946280302e-02
-7.901502892909e+00,8.593750275001e-01,8.956999797742e-02
-7.900727482975e+00,5.654234850357e+00,7.407336625048e-02
-7.900654829428e+00,4.960079673517e+00,8.109207458458e-02
-7.900290475727e+00,1.562500050003e-02,8.970900244424e-02
-7.900050889928e+00,6.501112255216e+00,4.366378184520e-02
-7.899946330198e+00,3.462444159646e+00,8.688512178803e-02
-7.899899109349e+00,6.419983327711e+00,4.980059625307e-02
-7.899801898680e+00,8.906250285001e-01,8.956526732732e-02
-7.899730009462e+00,4.687500150007e-02,8.971037914969e-02
-7.899462827182e+00,6.582552423414e+00,3.573612791925e-02
-7.899231729903e+00,5.875286358057e+00,7.019143649201e-02
-7.899169543197e+00,7.812500250012e-02,8.971125329959e-02
-7.899011763570e+00,6.339171971589e+00,5.469132888623e-02
-7.898609076933e+00,1.093750035002e-01,8.971182250181e-02
-7.898185270468e+00,3.688897192315e+00,8.637237000182e-02
-7.898130695146e+00,6.664297458522e+00,2.510118931504e-02
-7.898100904451e+00,9.218750295000e-01,8.955995732199e-02
-7.898057159922e+00,2.963584570314e+00,8.780577554042e-02
-7.898048610668e+00,1.406250045003e-01,8.971212261044e-02
-7.897869563760e+00,5.295723248498e+00,7.842973488444e-02
-7.897584448506e+00,1.435025655235e+00,8.933067175494e-02
-7.897488144404e+00,1.718750055004e-01,8.971205149291e-02
-7.897393182452e+00,6.258684474100e+00,5.868013728466e-02
-7.897345251358e+00,2.214258394899e+00,8.874206287017e-02
-7.897236390409e+00,4.766960871433e+00,8.231862685210e-02
-7.896927678139e+00,2.031250065004e-01,8.971154473748e-02
-7.896854487100e+00,5.156769408283e+00,7.967653790066e-02
-7.896841111013e+00,4.214331159793e+00,8.481320493570e-02
-7.896712522127e+00,4.274215084319e+00,8.459467946244e-02
-7.896567436577e+00,5.435693574319e+00,7.699783570412e-02
-7.896493647817e+00,1.229857694011e+00,8.943988477359e-02
-7.896399910222e+00,9.531250305000e-01,8.955411097957e-02
-7.896391453609e+00,4.154560900379e+00,8.502521870064e-02
-7.896367211875e+00,2.343750075005e-01,8.971076881288e-02
-7.896109263066e+00,1.796268078384e+00,8.910199075317e-02
-7.896050320261e+00,6.746340944260e+00,1.008863662696e-02
-7.896000544920e+00,4.334207853947e+00,8.436902577984e-02
-7.895806745610e+00,2.656250085005e-01,8.970972355975e-02
-7.895368727261e+00,4.094909082536e+00,8.523156665496e-02
-7.895284092449e+00,1.952170453794e+00,8.898374798736e-02
-7.895246279346e+00,2.968750095005e-01,8.970816868252e-02
-7.895047747176e+00,6.178527078666e+00,6.199513093937e-02
-7.894700073037e+00,4.394304605337e+00,8.413693504226e-02
-7.894698915993e+00,9.843750315000e-01,8.954858538509e-02
-7.894685813081e+00,3.281250105004e-01,8.970631493770e-02
-7.894451114730e+00,3.237586849091e+00,8.735798303493e-02
-7.894310089950e+00,1.640871666972e+00,8.921614917868e-02
-7.894125346816e+00,3.593750115003e-01,8.970419076217e-02
-7.893778144338e+00,4.035380438844e+00,8.543243186687e-02
-7.893564880552e+00,3.906250125002e-01,8.970165823934e-02
-7.893417410108e+00,5.796725994717e+00,7.188712127852e-02
-7.893004414287e+00,4.218750135002e-01,8.969866190452e-02
-7.892920705096e+00,5.576642496462e+00,7.533663423436e-02
-7.892893657939e+00,3.630221009429e+00,8.654378824074e-02
-7.892858200394e+00,5.021171100160e+00,8.075914243732e-02
-7.892806036367e+00,4.454500431624e+00,8.389817827701e-02
-7.892696670198e+00,3.404285961996e+00,8.704358813402e-02
-7.892443948023e+00,4.531250145001e-01,8.969539195233e-02
-7.892434283098e+00,3.071695283832e+00,8.765689705704e-02
-7.892425700999e+00,2.584639354210e+00,8.835446111143e-02
-7.891979889908e+00,6.098705984415e+00,6.479348224789e-02
-7.891955419725e+00,2.691720828038e+00,8.822035533533e-02
-7.891883481758e+00,4.843750155000e-01,8.969182367705e-02
-7.891783898262e+00,2.108523831485e+00,8.886135272561e-02
-7.891624951980e+00,3.975979657556e+00,8.562799068363e-02
-7.891513146947e+00,4.827765017493e+00,8.202506026019e-02
-7.891501533237e+00,2.477857166989e+00,8.848497465350e-02
-7.891130560992e+00,1.025482371967e+00,8.954387300269e-02
-7.890760311486e+00,5.156250165000e-01,8.968942456844e-02
-7.890313401225e+00,4.514790382987e+00,8.365251679516e-02
-7.890068729843e+00,2.799080788628e+00,8.808258193640e-02
-7.889938318276e+00,1.486034882316e+00,8.932629402758e-02
-7.889896961251e+00,1.280851301540e+00,8.943628851898e-02
-7.889205158693e+00,2.371394690808e+00,8.861175540724e-02
-7.889074437206e+00,5.468750175001e-01,8.968844063911e-02
-7.888914431794e+00,3.916711382260e+00,8.581841300379e-02
-7.888194093485e+00,6.019227345664e+00,6.718701245735e-02
-7.887388562925e+00,5.781250185001e-01,8.968718455701e-02
-7.887217170526e+00,4.575169467210e+00,8.339970169968e-02
-7.887075036117e+00,3.571703360228e+00,8.671081192453e-02
-7.886902574407e+00,5.718531574472e+00,7.338665052432e-02
-7.886855263476e+00,5.219801553483e+00,7.927911011364e-02
-7.886805444252e+00,5.359117881093e+00,7.797478792068e-02
-7.886743959940e+00,2.906698065783e+00,8.794106613703e-02
-7.886580665021e+00,1.847278043886e+00,8.909623684458e-02
-7.885702688645e+00,6.093750195002e-01,8.968550239665e-02
-7.885651899370e+00,3.857580211912e+00,8.600386253725e-02
-7.885600659949e+00,1.691868825220e+00,8.921098605792e-02
-7.885568762239e+00,1.076433234796e+00,8.954105344475e-02
-7.885559096100e+00,2.265271972034e+00,8.873474016392e-02
-7.885316200863e+00,3.180007272390e+00,8.750404515470e-02
-7.885159936241e+00,4.888631570643e+00,8.172250437546e-02
-7.884940123118e+00,3.346302536222e+00,8.719727229673e-02
-7.884925938005e+00,2.003176416922e+00,8.897740335668e-02
-7.884426711199e+00,5.499433085666e+00,7.647200718544e-02
-7.884415505254e+00,5.082307879699e+00,8.041529016249e-02
-7.884016814364e+00,6.406250205002e-01,8.968343046950e-02
-7.883694890981e+00,5.940097271557e+00,6.925744855605e-02
-7.883512384336e+00,4.635632649534e+00,8.313947336260e-02
-7.883046728239e+00,1.331810066247e+00,8.943249800167e-02
-7.882330940084e+00,6.718750215002e-01,8.968108512367e-02
-7.882037340157e+00,1.537002737406e+00,8.932172079553e-02
-7.881959732929e+00,3.014551121681e+00,8.779573407369e-02
-7.881842703905e+00,3.798590700667e+00,8.618449705379e-02
-7.880734911832e+00,3.513348583424e+00,8.687357899849e-02
-7.880645065804e+00,7.031250225003e-01,8.967845376822e-02
-7.880586134704e+00,2.159508675481e+00,8.885441856449e-02
-7.880124846653e+00,6.486008320400e+00,4.691570300580e-02
-7.879867293166e+00,6.405019314240e+00,5.237657146495e-02
-7.879754884018e+00,1.127355695732e+00,8.953804091459e-02
-7.879691947871e+00,5.640709029176e+00,7.472208425366e-02
-7.879643519213e+00,6.567309302552e+00,3.996924680598e-02
-7.879194120195e+00,4.696174852947e+00,8.287156086916e-02
-7.878959191523e+00,7.343750235003e-01,8.967528925031e-02
-7.878875141882e+00,6.324348608193e+00,5.678195259295e-02
-7.878567348839e+00,2.635608355600e+00,8.834569028134e-02
-7.878486865081e+00,5.861321825990e+00,7.106590924124e-02
-7.878419079839e+00,6.648915893455e+00,3.083670807012e-02
-7.878253804206e+00,2.528827464567e+00,8.847658982756e-02
-7.878171995658e+00,4.949555276222e+00,8.141061452678e-02
-7.877492227908e+00,3.739747357517e+00,8.636046862062e-02
-7.877479743959e+00,2.742679490848e+00,8.821120472951e-02
-7.877273317243e+00,7.656250245003e-01,8.967184922427e-02
-7.877152727619e+00,6.244002482891e+00,6.041053750535e-02
-7.876794797981e+00,1.898234898241e+00,8.909028551879e-02
-7.876682315046e+00,3.288498047257e+00,8.734714888801e-02
-7.876635249567e+00,1.742817998362e+00,8.920562627595e-02
-7.876561227259e+00,2.422357378043e+00,8.860384967035e-02
-7.876447349886e+00,6.730821683326e+00,1.829508315547e-02
-7.876369935710e+00,5.282941742863e+00,7.886377916074e-02
-7.875943165778e+00,1.382732443974e+00,8.942851294118e-02
-7.875694971108e+00,3.122618056879e+00,8.764651312600e-02
-7.875587442963e+00,7.968750255003e-01,8.966793518078e-02
-7.875250365294e+00,5.422612414543e+00,7.749788856726e-02
-7.875176450091e+00,5.144290061759e+00,8.005585106602e-02
-7.874969156993e+00,2.850019937469e+00,8.807305905547e-02
-7.874704436472e+00,6.163987175121e+00,6.345084519331e-02
-7.874309328561e+00,2.054124079841e+00,8.897086069663e-02
-7.874257493368e+00,4.756790958593e+00,8.259568142586e-02
-7.873901568682e+00,8.281250265001e-01,8.966421175732e-02
-7.873881770896e+00,1.587927668856e+00,8.931695177388e-02
-7.873878823630e+00,3.455160971206e+00,8.703222244037e-02
-7.873724203670e+00,6.813020219992e+00,1.150235533024e-05
-7.873689104032e+00,1.178248219628e+00,8.953483514165e-02
-7.873512014447e+00,2.316218278283e+00,8.872721896595e-02
-7.872605886908e+00,3.681054645926e+00,8.653192382955e-02
-7.872574647870e+00,5.782907026950e+00,7.265901559991e-02
-7.872497359471e+00,4.265038912938e+00,8.480181588803e-02
-7.872480387218e+00,4.205283944070e+00,8.501362727423e-02
-7.872215694402e+00,8.593750275001e-01,8.965925610005e-02
-7.871932952106e+00,4.324903751419e+00,8.458306965698e-02
-7.871887183578e+00,4.145643652568e+00,8.521981131823e-02
-7.871790303686e+00,5.563264243801e+00,7.591885981390e-02
-7.871534705468e+00,6.084308877342e+00,6.603496318165e-02
-7.871014046103e+00,2.957608393034e+00,8.793117987329e-02
-7.870782052487e+00,4.384873608389e+00,8.435767814260e-02
-7.870751485458e+00,1.562500050003e-02,8.979636488817e-02
-7.870722932031e+00,4.086122802595e+00,8.542054815781e-02
-7.870544601544e+00,5.010530839060e+00,8.108902998150e-02
-7.870529820122e+00,8.906250285001e-01,8.965444572608e-02
-7.870196045797e+00,4.687500150007e-02,8.979769643608e-02
-7.869640606136e+00,7.812500250012e-02,8.979852943808e-02
-7.869128834639e+00,2.210429969132e+00,8.884728593692e-02
-7.869085166475e+00,1.093750035002e-01,8.979907136169e-02
-7.869039584150e+00,4.444943589164e+00,8.412589755099e-02
-7.868992850999e+00,4.026726114401e+00,8.561601140376e-02
-7.868843945841e+00,9.218750295000e-01,8.964933390363e-02
-7.868697657107e+00,4.817475806162e+00,8.231153972950e-02
-7.868586500249e+00,1.433616892052e+00,8.942433305285e-02
-7.868529726813e+00,1.406250045003e-01,8.979935014444e-02
-7.867974287152e+00,1.718750055004e-01,8.979924458336e-02
-7.867928902430e+00,3.230876612619e+00,8.749333227307e-02
-7.867648022268e+00,6.004973737162e+00,6.825819290373e-02
-7.867418847491e+00,2.031250065004e-01,8.979873433087e-02
-7.867414155891e+00,1.793717627798e+00,8.920006955028e-02
-7.867371609378e+00,1.229109272086e+00,8.953143585042e-02
-7.867189129078e+00,3.622516983636e+00,8.669900401428e-02
-7.867158071561e+00,9.531250305000e-01,8.964343013013e-02
-7.866863407829e+00,2.343750075005e-01,8.979796085199e-02
-7.866751990328e+00,1.949137074902e+00,8.908413650430e-02
-7.866702193602e+00,3.967458263869e+00,8.580636840051e-02
-7.866700506984e+00,4.505108756066e+00,8.388750288542e-02
-7.866512341436e+00,3.397144768938e+00,8.718613955669e-02
-7.866307968168e+00,2.656250085005e-01,8.979691662541e-02
-7.865962920541e+00,5.704858845956e+00,7.407294921761e-02
-7.865752528507e+00,2.968750095005e-01,8.979535318978e-02
-7.865593165629e+00,3.065423190445e+00,8.778549483686e-02
-7.865472197280e+00,9.843750315000e-01,8.963782049127e-02
-7.865471876713e+00,1.638808126445e+00,8.931198667462e-02
-7.865396578259e+00,5.346186231738e+00,7.842931509504e-02
-7.865265910332e+00,5.207170817817e+00,7.967611647706e-02
-7.865197088846e+00,3.281250105004e-01,8.979352566511e-02
-7.864742987991e+00,2.579721317278e+00,8.846800340954e-02
-7.864641649184e+00,3.593750115003e-01,8.979143367871e-02
-7.864444702979e+00,2.686497056659e+00,8.833671812619e-02
-7.864086209523e+00,3.906250125002e-01,8.978889239615e-02
-7.863856247349e+00,3.908323882185e+00,8.599178047497e-02
-7.863759817402e+00,4.565364128978e+00,8.364225972947e-02
-7.863655469700e+00,2.473247433906e+00,8.859574542169e-02
-7.863530769862e+00,4.218750135002e-01,8.978594733511e-02
-7.863434624094e+00,2.105011869051e+00,8.896411975299e-02
-7.863202462913e+00,5.486203055791e+00,7.699741806802e-02
-7.863048924727e+00,5.925987856980e+00,7.019102236640e-02
-7.862975330200e+00,4.531250145001e-01,8.978273470379e-02
-7.862738623143e+00,2.793553957356e+00,8.820185329026e-02
-7.862509803137e+00,4.878224193875e+00,8.201882729406e-02
-7.862419890539e+00,4.843750155000e-01,8.977916567434e-02
-7.862273069827e+00,5.071552923288e+00,8.075737301987e-02
-7.861920202200e+00,1.025398985017e+00,8.963338029466e-02
-7.861306793543e+00,5.156250165000e-01,8.977678982849e-02
-7.861247434753e+00,3.564138742728e+00,8.686184545817e-02
-7.861204421024e+00,2.367095725446e+00,8.871949907352e-02
-7.860976967418e+00,1.484461869258e+00,8.941995804799e-02
-7.860802596455e+00,1.279937320221e+00,8.952784276051e-02
-7.860460333660e+00,3.849327555866e+00,8.617240317445e-02
-7.860212548895e+00,4.625704685203e+00,8.338992377636e-02
-7.860198803377e+00,6.470904385583e+00,4.980021796169e-02
-7.859835476983e+00,6.390055300770e+00,5.469093702498e-02
-7.859824211243e+00,6.552066181691e+00,4.366342657996e-02
-7.859636039211e+00,5.468750175001e-01,8.977578317746e-02
-7.859603043842e+00,2.900870953928e+00,8.806333607917e-02
-7.858738520193e+00,6.309525244796e+00,5.867973751211e-02
-7.858707464531e+00,6.633534328388e+00,3.573581224462e-02
-7.858685571673e+00,3.173442302251e+00,8.763593297533e-02
-7.858656412767e+00,5.627183207994e+00,7.533621943791e-02
-7.858641065975e+00,3.339304175474e+00,8.733612247714e-02
-7.857965284879e+00,5.781250185001e-01,8.977451035845e-02
-7.857937685486e+00,1.844566156826e+00,8.919431559672e-02
-7.857742000259e+00,5.847357293924e+00,7.188670854122e-02
-7.857412390070e+00,2.261286132369e+00,8.883995461281e-02
-7.856912272787e+00,6.229320491682e+00,6.199472676374e-02
-7.856844379510e+00,6.715302422392e+00,2.510094413278e-02
-7.856807933310e+00,1.689642561387e+00,8.930682520690e-02
-7.856519807482e+00,3.790473826590e+00,8.634838649426e-02
-7.856452579939e+00,1.999983009548e+00,8.907778952928e-02
-7.856377124075e+00,1.076183196767e+00,8.963056380473e-02
-7.856294530548e+00,6.093750195002e-01,8.977274165837e-02
-7.856053772355e+00,4.686125359753e+00,8.313024032914e-02
-7.855689161888e+00,4.939030878926e+00,8.171722173141e-02
-7.855016553489e+00,3.008426612899e+00,8.792109452112e-02
-7.854870307659e+00,5.270160237228e+00,7.927869303677e-02
-7.854786316135e+00,3.505924249267e+00,8.702057959321e-02
-7.854623776216e+00,6.406250205002e-01,8.977067089469e-02
-7.854361125767e+00,6.149447271576e+00,6.479307590257e-02
-7.854230825365e+00,6.797364017999e+00,1.008852478863e-02
-7.853982270977e+00,1.330730832519e+00,8.952405558674e-02
-7.853933294011e+00,5.409531254767e+00,7.797437284406e-02
-7.853352756259e+00,5.132616152746e+00,8.041492608915e-02
-7.853114812445e+00,1.535265835800e+00,8.941538763408e-02
-7.852953021884e+00,6.718750215002e-01,8.976833270043e-02
-7.852302194169e+00,2.155838213235e+00,8.895718027267e-02
-7.852040057002e+00,3.731767190841e+00,8.651987509542e-02
-7.851731885631e+00,5.769088059182e+00,7.338623949513e-02
-7.851282267553e+00,7.031250225003e-01,8.976562102353e-02
-7.851278596327e+00,4.746621045753e+00,8.286294376934e-02
-7.851089521028e+00,6.069911770269e+00,6.718660539168e-02
-7.850969555213e+00,2.630537123688e+00,8.845921515102e-02
-7.850659902276e+00,5.549885991140e+00,7.647159469748e-02
-7.850584207190e+00,1.126939259084e+00,8.962755459259e-02
-7.850488333271e+00,2.524063264971e+00,8.858738517866e-02
-7.850270628397e+00,3.281643342972e+00,8.748242505544e-02
-7.850058257559e+00,2.737303848647e+00,8.832754443542e-02
-7.849611513221e+00,7.343750235003e-01,8.976248153401e-02
-7.848958038612e+00,3.116199138734e+00,8.777505781042e-02
-7.848636740240e+00,2.417902727446e+00,8.871158028836e-02
-7.848282196815e+00,4.255862741558e+00,8.500189062962e-02
-7.848231002694e+00,4.999890577960e+00,8.140638598135e-02
-7.848206154404e+00,1.895362030597e+00,8.918836412959e-02
-7.848119663422e+00,4.196236728347e+00,8.520790464635e-02
-7.847940758889e+00,7.656250245003e-01,8.975907255384e-02
-7.847890225806e+00,1.740429426677e+00,8.930146707718e-02
-7.847865359291e+00,4.315599648892e+00,8.479028812220e-02
-7.847811317062e+00,3.447877782765e+00,8.717481709438e-02
-7.847732575151e+00,2.844342611961e+00,8.819230085020e-02
-7.847382913548e+00,4.136726404756e+00,8.540850737550e-02
-7.847101951051e+00,5.990720128659e+00,6.925704172214e-02
-7.847026503348e+00,3.673212099537e+00,8.668700851306e-02
-7.846910848027e+00,1.381488278428e+00,8.952007403928e-02
-7.846864031936e+00,4.375442611442e+00,8.457131921710e-02
-7.846270004558e+00,7.968750255003e-01,8.975514143857e-02
-7.846077136802e+00,4.077336522654e+00,8.560386968531e-02
-7.845896914167e+00,2.050771140155e+00,8.907124432186e-02
-7.845882167266e+00,4.807186594831e+00,8.258775699120e-02
-7.845437202590e+00,2.312075587657e+00,8.883242436501e-02
-7.845273131934e+00,4.435386746705e+00,8.434619706595e-02
-7.845023266676e+00,5.691186117441e+00,7.472167513269e-02
-7.845000289832e+00,1.586027253580e+00,8.941062151489e-02
-7.844599250226e+00,8.281250265001e-01,8.975132459358e-02
-7.844541627666e+00,1.177665650468e+00,8.962435238010e-02
-7.844207557661e+00,4.018071789958e+00,8.579415635826e-02
-7.843987712267e+00,5.333254582383e+00,7.886336661357e-02
-7.843970932283e+00,2.951632215753e+00,8.805341288875e-02
-7.843676557188e+00,5.194540082150e+00,8.005601402458e-02
-7.843087612743e+00,4.495427129144e+00,8.411473424316e-02
-7.842928495894e+00,8.593750275001e-01,8.974655135460e-02
-7.842402958473e+00,5.911878442403e+00,7.106550326771e-02
-7.841978214626e+00,5.472973025917e+00,7.749747841397e-02
-7.841779435224e+00,3.958936870182e+00,8.597952632912e-02
-7.841484600216e+00,3.614812957843e+00,8.684992135586e-02
-7.841406690130e+00,3.224166376147e+00,8.762515664922e-02
-7.841257741563e+00,8.906250285001e-01,8.974166911834e-02
-7.841212495190e+00,1.562500050003e-02,8.988180538545e-02
-7.840912417920e+00,2.206601543365e+00,8.895004200421e-02
-7.840662082132e+00,4.687500150007e-02,8.988309343953e-02
-7.840328012674e+00,3.390003575881e+00,8.732490397050e-02
-7.840302464278e+00,4.555558790746e+00,8.387670972818e-02
-7.840272760101e+00,6.455800450766e+00,5.237619490361e-02
-7.840130634400e+00,5.060797966877e+00,8.108596748717e-02
-7.840111669074e+00,7.812500250012e-02,8.988388706090e-02
-7.840004903274e+00,6.536823060829e+00,4.691534414661e-02
-7.839859670033e+00,4.867816817107e+00,8.230439079903e-02
-7.839803660801e+00,6.375091287300e+00,5.678156544090e-02
-7.839588551991e+00,1.432208128869e+00,8.951589782371e-02
-7.839586987231e+00,9.218750295000e-01,8.973674506060e-02
-7.839561256016e+00,1.093750035002e-01,8.988440276962e-02
-7.839010842958e+00,1.406250045003e-01,8.988466109062e-02
-7.838995849223e+00,6.618152763321e+00,3.996891774763e-02
-7.838798062904e+00,3.899936382111e+00,8.616013291258e-02
-7.838752048160e+00,3.059151097058e+00,8.791081001598e-02
-7.838719048716e+00,1.791167177212e+00,8.929591198952e-02
-7.838601898504e+00,6.294701881399e+00,6.041014412003e-02
-7.838460429900e+00,1.718750055004e-01,8.988452310285e-02
-7.838249570938e+00,1.228360850160e+00,8.962095688384e-02
-7.838219888207e+00,1.946103696011e+00,8.918221486214e-02
-7.837916232899e+00,9.531250305000e-01,8.973079105961e-02
-7.837910016842e+00,2.031250065004e-01,8.988400962029e-02
-7.837620877663e+00,5.613657386813e+00,7.591845271926e-02
-7.837359603784e+00,2.343750075005e-01,8.988323865533e-02
-7.837241409134e+00,6.699783161457e+00,3.083643055702e-02
-7.837060274984e+00,2.574803280346e+00,8.857878562050e-02
-7.836997135438e+00,5.833392761857e+00,7.265861090086e-02
-7.836933986234e+00,2.681273285279e+00,8.845022480974e-02
-7.836912713455e+00,4.615776720873e+00,8.363189337372e-02
-7.836809190726e+00,2.656250085005e-01,8.988216890488e-02
-7.836671817954e+00,6.214638500473e+00,6.345044833030e-02
-7.836633663477e+00,1.636744585918e+00,8.940565939069e-02
-7.836258777668e+00,2.968750095005e-01,8.988062520368e-02
-7.836245478568e+00,9.843750315000e-01,8.972510611683e-02
-7.835809406163e+00,2.468637700823e+00,8.870346241717e-02
-7.835708364610e+00,3.281250105004e-01,8.987882317311e-02
-7.835419833389e+00,3.556574125227e+00,8.700874349705e-02
-7.835408516443e+00,2.788027126085e+00,8.831816900638e-02
-7.835268767949e+00,3.841074899820e+00,8.633612402104e-02
-7.835157951552e+00,3.593750115003e-01,8.987676245031e-02
-7.835085349926e+00,2.101499906617e+00,8.906450061051e-02
-7.834737447061e+00,6.781707816006e+00,1.829489926525e-02
-7.834607538494e+00,3.906250125002e-01,8.987421452446e-02
-7.834057125436e+00,4.218750135002e-01,8.987131918039e-02
-7.834017815063e+00,6.134907368032e+00,6.603456462547e-02
-7.833506712378e+00,4.531250145001e-01,8.986816211102e-02
-7.833370679608e+00,5.257378731593e+00,7.967570641266e-02
-7.833206328118e+00,4.928506481631e+00,8.201254326411e-02
-7.833203683354e+00,2.362796760084e+00,8.882469496982e-02
-7.832956299320e+00,4.843750155000e-01,8.986459467608e-02
-7.832913424516e+00,4.676075866560e+00,8.338004545598e-02
-7.832709843407e+00,1.025315598068e+00,8.972092218213e-02
-7.832616222728e+00,5.396450094991e+00,7.842890727122e-02
-7.832462127745e+00,2.895043842073e+00,8.818254725163e-02
-7.832342008832e+00,3.332305814726e+00,8.747132361539e-02
-7.832054942482e+00,3.166877332113e+00,8.776442298983e-02
-7.832015616560e+00,1.482888856199e+00,8.951152664126e-02
-7.831853275600e+00,5.156250165000e-01,8.986224162337e-02
-7.831708231660e+00,1.279023338901e+00,8.961736781516e-02
-7.831479880491e+00,6.863920245474e+00,1.150235516580e-05
-7.831383405603e+00,5.121747681246e+00,8.075559731106e-02
-7.831196911059e+00,3.782356952514e+00,8.650764237308e-02
-7.830889123393e+00,5.755269091415e+00,7.407254606260e-02
-7.830644336587e+00,6.055514663197e+00,6.825779383020e-02
-7.830197641217e+00,5.468750175001e-01,8.986121346316e-02
-7.829529500867e+00,5.536507738479e+00,7.699701306144e-02
-7.829294705951e+00,1.841854269766e+00,8.929015964581e-02
-7.829265684039e+00,2.257300292704e+00,8.894270469820e-02
-7.828837720438e+00,3.498499915110e+00,8.716330515651e-02
-7.828542006833e+00,5.781250185001e-01,8.985988363262e-02
-7.828299699285e+00,4.736451132913e+00,8.312091619714e-02
-7.828073374049e+00,3.002302104116e+00,8.804328937704e-02
-7.828015206671e+00,1.687416297553e+00,8.940050095848e-02
-7.827979221874e+00,1.996789602173e+00,8.917586750676e-02
-7.827185485912e+00,1.075933158737e+00,8.971810940835e-02
-7.826886372450e+00,6.093750195002e-01,8.985807566976e-02
-7.826587886096e+00,3.723787024164e+00,8.667482569312e-02
-7.826555879834e+00,5.976466520156e+00,7.019062355879e-02
-7.825917403844e+00,4.989250316860e+00,8.171189903734e-02
-7.825230738068e+00,6.406250205002e-01,8.985600648572e-02
-7.824917813714e+00,1.329651598792e+00,8.961358488024e-02
-7.824192284732e+00,1.533528934193e+00,8.950696018890e-02
-7.824083612811e+00,5.677513388926e+00,7.533581799783e-02
-7.824067034159e+00,4.246686570178e+00,8.519584744586e-02
-7.824018253635e+00,2.152167750990e+00,8.905755812442e-02
-7.823858941747e+00,3.274788638687e+00,8.761418420889e-02
-7.823797766476e+00,4.306295546365e+00,8.499000963003e-02
-7.823758939626e+00,4.187189512624e+00,8.539631026659e-02
-7.823575103685e+00,6.718750215002e-01,8.985367566031e-02
-7.823371761587e+00,2.625465891776e+00,8.856998357730e-02
-7.823066677426e+00,4.796897383500e+00,8.285424525769e-02
-7.822946011386e+00,4.366011614494e+00,8.477819123532e-02
-7.822878643518e+00,4.127809156945e+00,8.559156621257e-02
-7.822722862335e+00,2.519299065375e+00,8.869514527208e-02
-7.822636771160e+00,2.731928206446e+00,8.844103215014e-02
-7.822578846275e+00,5.320322933027e+00,7.927828751598e-02
-7.822221106116e+00,3.109780220588e+00,8.790032630695e-02
-7.821984704735e+00,5.182734316974e+00,8.041456732773e-02
-7.821919469302e+00,7.031250225003e-01,8.985088992406e-02
-7.821756992218e+00,5.897769027826e+00,7.188631052366e-02
-7.821743810495e+00,3.440594594325e+00,8.731349355689e-02
-7.821506679717e+00,4.425829904246e+00,8.455942891985e-02
-7.821447119788e+00,3.665369553148e+00,8.683780690265e-02
-7.821431341572e+00,4.068550242714e+00,8.578177749734e-02
-7.821413530362e+00,1.126522822436e+00,8.971510419692e-02
-7.820753966339e+00,5.459742996043e+00,7.797396994855e-02
-7.820712253222e+00,2.413448076848e+00,8.881676620747e-02
-7.820495993310e+00,2.838665286452e+00,8.830859164488e-02
-7.820346716826e+00,6.440696515949e+00,5.469056381132e-02
-7.820263834919e+00,7.343750235003e-01,8.984777508913e-02
-7.820185595304e+00,6.521579939968e+00,4.979985857402e-02
-7.819771844618e+00,6.360127273830e+00,5.867935589703e-02
-7.819617510827e+00,1.892489162953e+00,8.928420974608e-02
-7.819474718502e+00,4.485745502223e+00,8.433458337334e-02
-7.819422264322e+00,4.009417465514e+00,8.596710065509e-02
-7.819284233915e+00,6.602771198253e+00,4.366309000382e-02
-7.819145202045e+00,1.738040854992e+00,8.939514591218e-02
-7.818608200536e+00,7.656250245003e-01,8.984439658208e-02
-7.818465276816e+00,6.279878518002e+00,6.199434014567e-02
-7.817988198974e+00,5.050043010466e+00,8.140212861413e-02
-7.817878530276e+00,1.380244112882e+00,8.960960778029e-02
-7.817638438759e+00,6.684263900523e+00,3.573551410041e-02
-7.817484499774e+00,2.047418200469e+00,8.916932177534e-02
-7.817362390732e+00,2.307932897030e+00,8.893516810764e-02
-7.817209536930e+00,4.857409440338e+00,8.257976119634e-02
-7.816952566153e+00,7.968750255003e-01,8.984045137722e-02
-7.816927818464e+00,2.945656038472e+00,8.817259234724e-02
-7.816856676846e+00,3.950415476495e+00,8.614768675827e-02
-7.816845111153e+00,4.545753452513e+00,8.410344598245e-02
-7.816585342558e+00,5.600131565632e+00,7.647119507487e-02
-7.816431363122e+00,6.199956509264e+00,6.479268647194e-02
-7.816252270616e+00,5.819428229791e+00,7.338584261754e-02
-7.816118808769e+00,1.584126838304e+00,8.950219815950e-02
-7.815780071355e+00,3.607108932050e+00,8.699671430353e-02
-7.815394151300e+00,1.177083081308e+00,8.971190626244e-02
-7.815296931770e+00,8.281250265001e-01,8.983654903068e-02
-7.815244068757e+00,6.766051614013e+00,2.510071336848e-02
-7.814884477830e+00,3.217456139675e+00,8.775359038624e-02
-7.814143683912e+00,3.382862382824e+00,8.746002808575e-02
-7.813739878459e+00,3.891548882036e+00,8.632368162587e-02
-7.813674504359e+00,6.120367464487e+00,6.718621459110e-02
-7.813641297387e+00,8.593750275001e-01,8.983194867292e-02
-7.813612878014e+00,4.605848756543e+00,8.386579970161e-02
-7.812696001200e+00,2.202773117598e+00,8.905041659389e-02
-7.812097036217e+00,6.848127863670e+00,1.008841993868e-02
-7.811985663004e+00,8.906250285001e-01,8.982700185851e-02
-7.811910930691e+00,3.052879003671e+00,8.803296544919e-02
-7.811871051557e+00,5.244597225958e+00,8.005561074043e-02
-7.811673504922e+00,1.562500050003e-02,8.996538804667e-02
-7.811299151444e+00,5.383368935215e+00,7.886296582545e-02
-7.811128118467e+00,4.687500150007e-02,8.996663419467e-02
-7.810723494348e+00,4.917982084335e+00,8.229718089455e-02
-7.810590603734e+00,1.430799365686e+00,8.960543621153e-02
-7.810582732012e+00,7.812500250012e-02,8.996739011089e-02
-7.810330028621e+00,9.218750295000e-01,8.982225578515e-02
-7.810199152147e+00,6.041117556124e+00,6.925665051694e-02
-7.810077202238e+00,3.832822243774e+00,8.649522602282e-02
-7.810046361154e+00,5.741450123647e+00,7.472127962616e-02
-7.810037345558e+00,1.093750035002e-01,8.996788061835e-02
-7.810023941541e+00,1.788616726625e+00,8.938959394287e-02
-7.809773076677e+00,4.666026373367e+00,8.362141864804e-02
-7.809687786087e+00,1.943070317120e+00,8.927806198876e-02
-7.809592232025e+00,3.549009507727e+00,8.715160401250e-02
-7.809491959103e+00,1.406250045003e-01,8.996811930025e-02
-7.809423269488e+00,2.676049513900e+00,8.856097878299e-02
-7.809414054948e+00,5.110879209746e+00,8.108288754686e-02
-7.809377561976e+00,2.569885243414e+00,8.868662867131e-02
-7.809127532499e+00,1.227612428235e+00,8.970851531392e-02
-7.808946572648e+00,1.718750055004e-01,8.996795077745e-02
-7.808674394238e+00,9.531250305000e-01,8.981625820673e-02
-7.808401186193e+00,2.031250065004e-01,8.996743431603e-02
-7.808399099457e+00,5.523129485818e+00,7.749708066381e-02
-7.808078409743e+00,2.782500294813e+00,8.843163694397e-02
-7.807963342627e+00,2.464027967739e+00,8.880863786266e-02
-7.807855799739e+00,2.343750075005e-01,8.996666592591e-02
-7.807795450240e+00,1.634681045391e+00,8.949724024207e-02
-7.807310413284e+00,2.656250085005e-01,8.996557276225e-02
-7.807018759855e+00,9.843750315000e-01,8.981050605131e-02
-7.806765026829e+00,2.968750095005e-01,8.996404828682e-02
-7.806736075758e+00,2.097987944183e+00,8.916257737966e-02
-7.806219640375e+00,3.281250105004e-01,8.996227105112e-02
-7.806042951689e+00,3.325307453978e+00,8.760301573347e-02
-7.806009808617e+00,5.962212911654e+00,7.106511231051e-02
-7.805874014636e+00,3.774240078437e+00,8.666245585111e-02
-7.805674253920e+00,3.593750115003e-01,8.996024070177e-02
-7.805424313291e+00,3.160312361975e+00,8.788964335752e-02
-7.805321211648e+00,2.889216730218e+00,8.829881216587e-02
-7.805320802244e+00,4.726281220073e+00,8.337006767214e-02
-7.805202945684e+00,2.358497794722e+00,8.892743198848e-02
-7.805128867465e+00,3.906250125002e-01,8.995768807386e-02
-7.804583481010e+00,4.218750135002e-01,8.995484095208e-02
-7.804038094556e+00,4.531250145001e-01,8.995173775654e-02
-7.803603804994e+00,4.978610055760e+00,8.200620894240e-02
-7.803499484615e+00,1.025232211118e+00,8.980649083606e-02
-7.803492708101e+00,4.843750155000e-01,8.994817405572e-02
-7.803143958945e+00,5.663840660411e+00,7.591805873289e-02
-7.803054265703e+00,1.481315843141e+00,8.960106986547e-02
-7.802889124741e+00,3.491075580953e+00,8.730189144652e-02
-7.802613866864e+00,1.278109357582e+00,8.970493105476e-02
-7.802399757656e+00,5.156250165000e-01,8.994584333776e-02
-7.801169980282e+00,5.307391283672e+00,7.967530770995e-02
-7.801135715189e+00,3.715806857488e+00,8.682550233290e-02
-7.801130194609e+00,2.996177595333e+00,8.816243600074e-02
-7.801118978008e+00,2.253314453039e+00,8.904307575075e-02
-7.801111025964e+00,5.883659613249e+00,7.265822063475e-02
-7.800759243222e+00,5.468750175001e-01,8.994479481602e-02
-7.800651726417e+00,1.839142382706e+00,8.938384473905e-02
-7.800420673550e+00,6.425592581132e+00,5.678119671208e-02
-7.800366287335e+00,6.506336819106e+00,5.237583715925e-02
-7.800251187585e+00,4.786608172168e+00,8.311150190166e-02
-7.800190352973e+00,5.171753522290e+00,8.075381559960e-02
-7.799851871503e+00,4.237510398798e+00,8.538395760879e-02
-7.799740028435e+00,6.345163260360e+00,6.040976860183e-02
-7.799730173661e+00,4.296991443837e+00,8.518364055463e-02
-7.799572618607e+00,6.587389633186e+00,4.691500416527e-02
-7.799529718052e+00,5.446512966169e+00,7.842851141556e-02
-7.799505863808e+00,1.993596194798e+00,8.927171607104e-02
-7.799398215831e+00,4.178142296901e+00,8.557910170053e-02
-7.799222480032e+00,1.685190033719e+00,8.949208612191e-02
-7.799118728788e+00,5.781250185001e-01,8.994337888927e-02
-7.799027990835e+00,4.356580617547e+00,8.497798517012e-02
-7.798374373488e+00,4.118891909133e+00,8.576923246819e-02
-7.798328655127e+00,6.265055154605e+00,6.345006870700e-02
-7.798035468383e+00,6.668744639589e+00,3.996860696258e-02
-7.797993847748e+00,1.075683120708e+00,8.980370219196e-02
-7.797740227501e+00,4.416273061786e+00,8.476592353189e-02
-7.797478214354e+00,6.093750195002e-01,8.994156729855e-02
-7.797447255098e+00,3.267933934401e+00,8.774256002738e-02
-7.796785546343e+00,4.059763962773e+00,8.595450403764e-02
-7.796190908289e+00,6.185274518055e+00,6.603418265958e-02
-7.795867736228e+00,3.657527006758e+00,8.698449218620e-02
-7.795861824261e+00,4.476063875302e+00,8.454739957136e-02
-7.795853356452e+00,1.328572365064e+00,8.970115318288e-02
-7.795845763547e+00,5.039288054055e+00,8.170653698250e-02
-7.795837699919e+00,6.406250205002e-01,8.993950007958e-02
-7.795773967960e+00,2.620394659863e+00,8.867791243975e-02
-7.795750690452e+00,6.750395412019e+00,3.083616936274e-02
-7.795734313101e+00,2.148497288744e+00,8.915563403172e-02
-7.795676303927e+00,3.433311405884e+00,8.744853861953e-02
-7.795549807454e+00,5.586605744450e+00,7.699662068673e-02
-7.795507405794e+00,5.805463697725e+00,7.407215678795e-02
-7.795484173620e+00,3.103361302442e+00,8.802244102348e-02
-7.795269757020e+00,1.531792032587e+00,8.959650842899e-02
-7.795215284761e+00,2.726552564245e+00,8.855177097767e-02
-7.794957391400e+00,2.514534865780e+00,8.880030972500e-02
-7.794636970983e+00,4.000763141071e+00,8.613506523012e-02
-7.794559403826e+00,4.847002063570e+00,8.284546625719e-02
-7.794197185485e+00,6.718750215002e-01,8.993715598476e-02
-7.793387758029e+00,4.535948114281e+00,8.432283791702e-02
-7.793331193655e+00,6.105827560942e+00,6.825741070224e-02
-7.793259411468e+00,2.832987960944e+00,8.842203897092e-02
-7.792787766203e+00,2.408993426251e+00,8.891949610011e-02
-7.792714191943e+00,6.832335481865e+00,1.829472686533e-02
-7.792556671051e+00,7.031250225003e-01,8.993432285489e-02
-7.792242853534e+00,1.126106385788e+00,8.980072207407e-02
-7.791933918468e+00,3.941894082808e+00,8.631105976121e-02
-7.791028867250e+00,1.889616295310e+00,8.937789798692e-02
-7.790916156616e+00,7.343750235003e-01,8.993123230357e-02
-7.790400178284e+00,1.735652283307e+00,8.948673548086e-02
-7.790313042573e+00,4.595920792213e+00,8.409203366068e-02
-7.790312514510e+00,5.232660515977e+00,8.041421398057e-02
-7.790075542493e+00,3.599404906257e+00,8.713954779325e-02
-7.789982080161e+00,5.370287775438e+00,7.927789355386e-02
-7.789884704645e+00,2.939679861192e+00,8.828883039413e-02
-7.789753967706e+00,6.026720449051e+00,7.019024007142e-02
-7.789287578875e+00,2.303790206403e+00,8.903553532880e-02
-7.789275642182e+00,7.656250245003e-01,8.992788370813e-02
-7.789203598915e+00,5.727631155879e+00,7.533542991648e-02
-7.789072085380e+00,2.044065260783e+00,8.926517168911e-02
-7.788921933197e+00,6.914558339231e+00,1.150235518491e-05
-7.788846212524e+00,1.378999947335e+00,8.969718139086e-02
-7.788681694015e+00,3.883161381961e+00,8.648262643145e-02
-7.788362265530e+00,3.210745903203e+00,8.787876114640e-02
-7.788240660578e+00,4.907457687040e+00,8.257169493679e-02
-7.787959355149e+00,3.375721189766e+00,8.759165132083e-02
-7.787635127748e+00,7.968750255003e-01,8.992392716256e-02
-7.787444704292e+00,5.100010738246e+00,8.139784300835e-02
-7.787268698047e+00,5.509751233157e+00,7.797357923659e-02
-7.787237327705e+00,1.582226423028e+00,8.959175158451e-02
-7.786632728837e+00,4.655976880174e+00,8.385477372937e-02
-7.786246674935e+00,1.176500512148e+00,8.979755025944e-02
-7.785994613314e+00,8.281250265001e-01,8.991994667721e-02
-7.785463737399e+00,5.947959303152e+00,7.188592722801e-02
-7.785069813222e+00,3.046606910284e+00,8.815207808766e-02
-7.784885636528e+00,3.824569587727e+00,8.664989930904e-02
-7.784479584481e+00,2.198944691831e+00,8.914849144417e-02
-7.784354098879e+00,8.593750275001e-01,8.991551024332e-02
-7.783764630661e+00,3.541444890227e+00,8.729009787195e-02
-7.782713584445e+00,8.906250285001e-01,8.991050560092e-02
-7.782341905202e+00,4.716111307233e+00,8.361083649877e-02
-7.782204305080e+00,5.650167931896e+00,7.647080831980e-02
-7.782134514653e+00,1.562500050003e-02,9.004717423593e-02
-7.781912552742e+00,2.670825742520e+00,8.866899640952e-02
-7.781694848969e+00,2.564967206482e+00,8.879178158965e-02
-7.781594154802e+00,4.687500150007e-02,9.004837999381e-02
-7.781592655476e+00,1.429390602503e+00,8.969301536596e-02
-7.781328834367e+00,1.786066276039e+00,8.948118799749e-02
-7.781290206144e+00,4.967969794661e+00,8.228991086670e-02
-7.781155683966e+00,1.940036938229e+00,8.937175337067e-02
-7.781073070011e+00,9.218750295000e-01,8.990572407334e-02
-7.781053794951e+00,7.812500250012e-02,9.004909979417e-02
-7.780748303043e+00,2.776973463542e+00,8.854235990818e-02
-7.780551118212e+00,3.766123204361e+00,8.681300790505e-02
-7.780546979365e+00,6.491093698245e+00,5.469020924710e-02
-7.780513435099e+00,1.093750035002e-01,9.004956606670e-02
-7.780494630274e+00,6.410488646315e+00,5.867899244148e-02
-7.780465059710e+00,5.869550198672e+00,7.338545989381e-02
-7.780117279090e+00,2.459418234656e+00,8.891136020584e-02
-7.780005494059e+00,1.226864006310e+00,8.979417572244e-02
-7.779973075248e+00,1.406250045003e-01,9.004978589297e-02
-7.779861003299e+00,6.572008068119e+00,4.979951809170e-02
-7.779761114290e+00,5.294459634316e+00,8.005521862997e-02
-7.779743894546e+00,3.318309093230e+00,8.773133195836e-02
-7.779708212252e+00,6.330199246889e+00,6.199397108717e-02
-7.779432715396e+00,1.718750055004e-01,9.004958861026e-02
-7.779432555576e+00,9.531250305000e-01,8.989989330798e-02
-7.778957237004e+00,1.632617504864e+00,8.958679901015e-02
-7.778892355545e+00,2.031250065004e-01,9.004906940636e-02
-7.778793684101e+00,3.153747391837e+00,8.801171603204e-02
-7.778432498008e+00,6.653225378655e+00,4.366277211812e-02
-7.778396001211e+00,5.160772727605e+00,8.107979061219e-02
-7.778386801590e+00,2.094475981749e+00,8.925842853860e-02
-7.778351995693e+00,2.343750075005e-01,9.004830364528e-02
-7.778305469766e+00,5.433282936294e+00,7.886257679892e-02
-7.778192033438e+00,6.250231791208e+00,6.479231395797e-02
-7.778180295551e+00,2.883389618363e+00,8.841223801928e-02
-7.777811635842e+00,2.656250085005e-01,9.004718903203e-02
-7.777792041142e+00,9.843750315000e-01,8.989408143111e-02
-7.777435697745e+00,4.776318960837e+00,8.335999138325e-02
-7.777271275990e+00,2.968750095005e-01,9.004568329114e-02
-7.777202208014e+00,2.354198829360e+00,8.902779506425e-02
-7.776940529045e+00,3.483651246796e+00,8.743685539074e-02
-7.776730916139e+00,3.281250105004e-01,9.004393017661e-02
-7.776257312148e+00,6.734739210026e+00,3.573523348785e-02
-7.776190556288e+00,3.593750115003e-01,9.004189694003e-02
-7.775950453457e+00,6.170592526846e+00,6.718584005780e-02
-7.775683544283e+00,3.707826690812e+00,8.697207734155e-02
-7.775662580847e+00,4.287687341310e+00,8.537145021174e-02
-7.775650196436e+00,3.906250125002e-01,9.003937379407e-02
-7.775636708847e+00,4.228334227418e+00,8.556647689573e-02
-7.775109970285e+00,4.347149620599e+00,8.517128484269e-02
-7.775109836585e+00,4.218750135002e-01,9.003657345889e-02
-7.775037492035e+00,4.169095081178e+00,8.575652195226e-02
-7.774762540972e+00,5.791499165659e+00,7.472089773654e-02
-7.774569476733e+00,4.531250145001e-01,9.003351209464e-02
-7.774514272350e+00,5.573079923269e+00,7.749669531911e-02
-7.774289125822e+00,1.025148824169e+00,8.989002661346e-02
-7.774187015170e+00,2.990053086550e+00,8.827864616495e-02
-7.774092914845e+00,1.479742830082e+00,8.968865479034e-02
-7.774029116882e+00,4.843750155000e-01,9.002996449710e-02
-7.773973775284e+00,4.406716219327e+00,8.496581817692e-02
-7.773870103457e+00,4.109974661321e+00,8.594173709185e-02
-7.773703328120e+00,5.028533097644e+00,8.199982511544e-02
-7.773519502068e+00,1.277195376263e+00,8.979059699765e-02
-7.773331347669e+00,6.816543100061e+00,2.510049702303e-02
-7.772987882951e+00,6.091287657397e+00,6.925627494278e-02
-7.772972271978e+00,2.249328613374e+00,8.914114933071e-02
-7.772946239713e+00,5.156250165000e-01,9.002765566636e-02
-7.772248930020e+00,4.466382248381e+00,8.475351068886e-02
-7.772139751113e+00,4.050977682832e+00,8.612226887619e-02
-7.772008746882e+00,1.836430495646e+00,8.947544334739e-02
-7.771909270722e+00,4.836594686801e+00,8.310199840104e-02
-7.771320845228e+00,5.468750175001e-01,9.002658786964e-02
-7.771035568448e+00,3.261079230116e+00,8.786767966833e-02
-7.771032505743e+00,1.990402787424e+00,8.936541057274e-02
-7.770429753393e+00,1.682963769886e+00,8.958165037997e-02
-7.770288352668e+00,3.649684460369e+00,8.712722851295e-02
-7.769930404905e+00,4.526142776049e+00,8.453523200762e-02
-7.769851677644e+00,3.992108816628e+00,8.629825890804e-02
-7.769695450742e+00,5.781250185001e-01,9.002509143748e-02
-7.769650559691e+00,6.898630545266e+00,1.008832207739e-02
-7.769608797360e+00,3.426028217443e+00,8.758009108858e-02
-7.769308783266e+00,6.012323341978e+00,7.106473637183e-02
-7.768802209585e+00,1.075433082679e+00,8.988724100694e-02
-7.768747241123e+00,3.096942384297e+00,8.814151849608e-02
-7.768695068468e+00,5.221568601652e+00,8.075202817783e-02
-7.768665008878e+00,5.357206615662e+00,7.967492037147e-02
-7.768360836677e+00,5.713812188112e+00,7.591767785708e-02
-7.768176174334e+00,2.615323427951e+00,8.878305325790e-02
-7.768070056257e+00,6.093750195002e-01,9.002327675786e-02
-7.767793798362e+00,2.721176922044e+00,8.865985923654e-02
-7.767450372566e+00,2.144826826499e+00,8.925148631493e-02
-7.767191920465e+00,2.509770666184e+00,8.890302407341e-02
-7.767013207132e+00,4.585992827883e+00,8.431096157861e-02
-7.767011160089e+00,3.933372689121e+00,8.646984401325e-02
-7.766788899190e+00,1.327493131336e+00,8.978682494681e-02
-7.766444661771e+00,6.406250205002e-01,9.002121186060e-02
-7.766347229307e+00,1.530055130980e+00,8.968409934117e-02
-7.766138296637e+00,5.496372980496e+00,7.842812753047e-02
-7.766022829626e+00,2.827310635435e+00,8.853274532877e-02
-7.765757826807e+00,4.896933289744e+00,8.283660771229e-02
-7.765475353637e+00,5.089142266746e+00,8.170113626805e-02
-7.764917666182e+00,5.933705694649e+00,7.265784480371e-02
-7.764863279184e+00,2.404538775653e+00,8.901985469625e-02
-7.764819267285e+00,6.718750215002e-01,9.001879422827e-02
-7.764371013632e+00,3.591700880463e+00,8.727811308918e-02
-7.763623509570e+00,3.874773881886e+00,8.663715641529e-02
-7.763492380998e+00,4.645927386980e+00,8.408049819837e-02
-7.763193872800e+00,7.031250225003e-01,9.001597958122e-02
-7.763072176706e+00,1.125689949140e+00,8.988426424003e-02
-7.762841590825e+00,2.933703683911e+00,8.840223388660e-02
-7.762440223673e+00,1.886743427666e+00,8.946950120343e-02
-7.761840053230e+00,3.204035666731e+00,8.800079042171e-02
-7.761775026387e+00,3.368579996709e+00,8.771990624258e-02
-7.761655154523e+00,1.733263711622e+00,8.957630536418e-02
-7.761568478314e+00,7.343750235004e-01,9.001291294555e-02
-7.761264651215e+00,5.636495203381e+00,7.699624094611e-02
-7.761212767017e+00,2.299647515776e+00,8.913360740651e-02
-7.760727671396e+00,6.475850577383e+00,5.678084640838e-02
-7.760659670987e+00,2.040712321097e+00,8.935886927420e-02
-7.760568586998e+00,6.395384711499e+00,6.040941095283e-02
-7.760149387991e+00,6.556626503052e+00,5.237549823353e-02
-7.759943083829e+00,7.656250245003e-01,9.000959371119e-02
-7.759819093456e+00,5.855440784095e+00,7.407178139591e-02
-7.759813894773e+00,1.377755781789e+00,8.978285925423e-02
-7.759694070817e+00,3.816316931681e+00,8.680032390271e-02
-7.759676396069e+00,6.315235233419e+00,6.344970632539e-02
-7.759363008161e+00,4.705941394393e+00,8.384363276292e-02
-7.758976607294e+00,4.957329533560e+00,8.256355912735e-02
-7.758829527632e+00,6.637706117721e+00,4.691468306317e-02
-7.758355846641e+00,1.580326007752e+00,8.967934869082e-02
-7.758337360861e+00,5.282392900225e+00,8.041354033332e-02
-7.758317689343e+00,7.968750255003e-01,9.000562835824e-02
-7.758228695753e+00,3.040334816897e+00,8.826825932487e-02
-7.758055411750e+00,6.235408427811e+00,6.603381728592e-02
-7.757937029297e+00,3.533880272726e+00,8.742497859537e-02
-7.757099198569e+00,1.175917942989e+00,8.988109608187e-02
-7.757081221479e+00,5.420052906420e+00,7.927751115292e-02
-7.756763933844e+00,6.719083008033e+00,3.996831445215e-02
-7.756692294857e+00,8.281250265001e-01,9.000157658063e-02
-7.756601649450e+00,5.149791932921e+00,8.139352975632e-02
-7.756263167762e+00,2.195116266064e+00,8.924434471364e-02
-7.755709998625e+00,6.155910535637e+00,6.825704352204e-02
-7.755228221789e+00,3.758006330285e+00,8.695946998989e-02
-7.755066900372e+00,8.593750275001e-01,8.999729565258e-02
-7.754620207904e+00,4.766029749506e+00,8.360014789889e-02
-7.754401835997e+00,2.665601971141e+00,8.877412453778e-02
-7.754017676150e+00,5.777534633593e+00,7.533505519628e-02
-7.754012135962e+00,2.560049169549e+00,8.889448747556e-02
-7.753948503394e+00,6.800750718257e+00,3.083592448828e-02
-7.753478737246e+00,5.559554102088e+00,7.797320071047e-02
-7.753444837403e+00,3.311310732482e+00,8.785639893495e-02
-7.753441505886e+00,8.906250285001e-01,8.999223943842e-02
-7.753418196343e+00,2.771446632270e+00,8.865043593959e-02
-7.752644572247e+00,6.076747753852e+00,7.018987190657e-02
-7.752633727192e+00,1.783515825453e+00,8.957076362931e-02
-7.752623581846e+00,1.937003559337e+00,8.946336123603e-02
-7.752595524385e+00,1.562500050003e-02,9.012722271603e-02
-7.752594707219e+00,1.427981839320e+00,8.977869959855e-02
-7.752271215553e+00,2.454808501572e+00,8.901171396739e-02
-7.752163054910e+00,3.147182421699e+00,8.813075712741e-02
-7.752060191137e+00,4.687500150007e-02,9.012838953183e-02
-7.751816111401e+00,9.218750295000e-01,8.998738549272e-02
-7.751594988032e+00,4.278383238782e+00,8.555369257715e-02
-7.751560892693e+00,5.017778141233e+00,8.228258158309e-02
-7.751524857889e+00,7.812500250012e-02,9.012907472465e-02
-7.751421546191e+00,4.219158056037e+00,8.574364666294e-02
-7.751191949735e+00,4.337718623652e+00,8.535878891791e-02
-7.751039379454e+00,2.877562506508e+00,8.852292700172e-02
-7.750991933348e+00,3.476226912638e+00,8.756833517491e-02
-7.750989524641e+00,1.093750035002e-01,9.012951768387e-02
-7.750883455619e+00,1.226115584384e+00,8.987773629591e-02
-7.750676768239e+00,4.160047865455e+00,8.592880046408e-02
-7.750454191392e+00,1.406250045003e-01,9.012971940100e-02
-7.750379186186e+00,6.882702751300e+00,1.829456595625e-02
-7.750231373377e+00,3.699846524136e+00,8.711471407138e-02
-7.750207323067e+00,4.397159376867e+00,8.515878121323e-02
-7.750190716915e+00,9.531250305000e-01,8.998175553615e-02
-7.750119023767e+00,1.630553964337e+00,8.967440250698e-02
-7.750037527422e+00,2.090964019315e+00,8.935212915508e-02
-7.749918858144e+00,1.718750055004e-01,9.012949502493e-02
-7.749383524896e+00,2.031250065004e-01,9.012897330098e-02
-7.749365833427e+00,4.101057413509e+00,8.610929827500e-02
-7.749259137618e+00,4.826187310033e+00,8.334981757292e-02
-7.749201470345e+00,2.349899863999e+00,8.912586538866e-02
-7.748863598825e+00,5.997926234905e+00,7.188555865644e-02
-7.748848191648e+00,2.343750075005e-01,9.012821021687e-02
-7.748636035779e+00,4.456700621460e+00,8.495322474232e-02
-7.748565322429e+00,9.843750315000e-01,8.997589087405e-02
-7.748312858400e+00,2.656250085005e-01,9.012707598139e-02
-7.747777525152e+00,2.968750095005e-01,9.012558850044e-02
-7.747518074438e+00,5.699993220344e+00,7.647043443458e-02
-7.747493955883e+00,4.042191402891e+00,8.628527957680e-02
-7.747347937594e+00,5.344125455886e+00,8.005483769580e-02
-7.747243835730e+00,2.983928577767e+00,8.839202638040e-02
-7.747242191904e+00,3.281250105004e-01,9.012385885769e-02
-7.747077622425e+00,5.210476687327e+00,8.107667714101e-02
-7.746706858656e+00,3.593750115003e-01,9.012181340866e-02
-7.746473051781e+00,4.516337437817e+00,8.474095352175e-02
-7.746171525407e+00,3.906250125002e-01,9.011932987650e-02
-7.746051985601e+00,6.964932569152e+00,1.150235527136e-05
-7.745636192159e+00,4.218750135002e-01,9.011657494828e-02
-7.745131563987e+00,1.478169817024e+00,8.977434565297e-02
-7.745100858911e+00,4.531250145001e-01,9.011351065680e-02
-7.745078767029e+00,1.025065437220e+00,8.997180078474e-02
-7.745066384306e+00,3.983454492184e+00,8.645687921089e-02
-7.745007895228e+00,5.482994727835e+00,7.886219953636e-02
-7.744825565947e+00,2.245342773708e+00,8.923700343088e-02
-7.744708969108e+00,3.641841913980e+00,8.726593737858e-02
-7.744623881798e+00,3.254224525830e+00,8.798966415485e-02
-7.744565525663e+00,4.843750155000e-01,9.011002413490e-02
-7.744425137272e+00,1.276281394944e+00,8.987418464003e-02
-7.744371594965e+00,5.919452086147e+00,7.338509132606e-02
-7.743713371692e+00,4.576064863553e+00,8.452292709507e-02
-7.743541290792e+00,3.418745029003e+00,8.770828296270e-02
-7.743506002981e+00,5.078273795246e+00,8.199339258434e-02
-7.743492721771e+00,5.156250165000e-01,9.010773675442e-02
-7.743365767348e+00,1.833718608587e+00,8.956502483852e-02
-7.743274993037e+00,4.886408892449e+00,8.309240667719e-02
-7.742559147677e+00,1.987209380049e+00,8.945702311346e-02
-7.742088401711e+00,3.924851295434e+00,8.662422754550e-02
-7.742010308627e+00,3.090523466151e+00,8.825766973242e-02
-7.741882447234e+00,5.468750175001e-01,9.010665071167e-02
-7.741637026754e+00,1.680737506052e+00,8.966926045288e-02
-7.740908363426e+00,6.460607456522e+00,5.867864714732e-02
-7.740642543723e+00,6.380280776682e+00,6.199361959031e-02
-7.740578380708e+00,2.610252196039e+00,8.888575019067e-02
-7.740437772684e+00,6.541244937985e+00,5.468987333400e-02
-7.740372311963e+00,2.715801279842e+00,8.876499524469e-02
-7.740352033158e+00,4.635877893787e+00,8.429895526971e-02
-7.740324997350e+00,5.622822474865e+00,7.749632238204e-02
-7.740272172697e+00,5.781250185001e-01,9.010507900807e-02
-7.739644579886e+00,6.300271219949e+00,6.479195836265e-02
-7.739610571421e+00,1.075183044649e+00,8.996901881645e-02
-7.739426449529e+00,2.505006466588e+00,8.900337262415e-02
-7.739226557257e+00,6.622186856787e+00,4.979919651620e-02
-7.739173127202e+00,5.841331369518e+00,7.472052946606e-02
-7.739166432032e+00,2.141156364253e+00,8.934518989474e-02
-7.738786247785e+00,2.821633309927e+00,8.864080847553e-02
-7.738666484770e+00,3.583996854670e+00,8.741290845242e-02
-7.738661898160e+00,6.093750195002e-01,9.010326174394e-02
-7.738565325125e+00,3.866386381811e+00,8.678745063559e-02
-7.737918790061e+00,6.220585064415e+00,6.718548179371e-02
-7.737724441927e+00,1.326413897608e+00,8.987044086662e-02
-7.737424701595e+00,1.528318229373e+00,8.976979708536e-02
-7.737270555540e+00,6.703426806040e+00,4.366247292429e-02
-7.737051623623e+00,6.406250205002e-01,9.010119949810e-02
-7.736938792165e+00,2.400084125055e+00,8.911792299671e-02
-7.736898719995e+00,5.271191081399e+00,8.075023534186e-02
-7.736663008444e+00,4.946689272460e+00,8.282767058902e-02
-7.736384111120e+00,4.695771481553e+00,8.406884054537e-02
-7.735856973192e+00,5.406822876546e+00,7.967454439972e-02
-7.735798477006e+00,2.927727506631e+00,8.851290469807e-02
-7.735590697625e+00,3.361438803651e+00,8.784491897572e-02
-7.735469543792e+00,6.141228544428e+00,6.925591500182e-02
-7.735441349086e+00,6.718750215002e-01,9.009871373772e-02
-7.735317840931e+00,3.197325430259e+00,8.811979389725e-02
-7.734807297688e+00,5.138811138236e+00,8.169569760703e-02
-7.734565659120e+00,6.784958336453e+00,3.573497040810e-02
-7.734502505107e+00,3.808064275635e+00,8.694667037638e-02
-7.733901499878e+00,1.125273512492e+00,8.996604602944e-02
-7.733851580096e+00,1.883870560022e+00,8.955908865181e-02
-7.733831074549e+00,7.031250225003e-01,9.009591738334e-02
-7.733272811328e+00,5.763570101526e+00,7.591731009426e-02
-7.733137955159e+00,2.295504825149e+00,8.922946216380e-02
-7.732910130762e+00,1.730875139937e+00,8.966392218753e-02
-7.732443202142e+00,5.546028280906e+00,7.842775561823e-02
-7.732301261543e+00,6.062207850307e+00,7.106437545395e-02
-7.732247256594e+00,2.037359381411e+00,8.945048650215e-02
-7.732220800012e+00,7.343750235004e-01,9.009287429858e-02
-7.732109427934e+00,3.526315655226e+00,8.755638373955e-02
-7.731804718063e+00,4.755740538175e+00,8.383237778199e-02
-7.731387578285e+00,3.034062723510e+00,8.838161531890e-02
-7.731107812681e+00,6.866774957335e+00,2.510029509717e-02
-7.730781577021e+00,1.376511616243e+00,8.986650472282e-02
-7.730610525475e+00,7.656250245003e-01,9.008958388559e-02
-7.729905325366e+00,3.749889456208e+00,8.710200465084e-02
-7.729474365578e+00,1.578425592477e+00,8.976505355839e-02
-7.729418457267e+00,5.007023184822e+00,8.255535470230e-02
-7.729000250938e+00,7.968750255003e-01,9.008561205930e-02
-7.728418414385e+00,5.983529127833e+00,7.265748340990e-02
-7.728046751043e+00,2.191287840296e+00,8.933805117222e-02
-7.727951722203e+00,1.175335373829e+00,8.996288218526e-02
-7.727527395217e+00,4.269079136255e+00,8.573060734648e-02
-7.727389976401e+00,8.281250265001e-01,9.008149535743e-02
-7.727273929184e+00,4.328287626704e+00,8.554074955715e-02
-7.727206383536e+00,4.209981884657e+00,8.591569483290e-02
-7.727145780259e+00,3.304312371734e+00,8.797833721019e-02
-7.726893014338e+00,6.948870137041e+00,1.008823120508e-02
-7.726891119251e+00,2.660378199761e+00,8.887681200330e-02
-7.726675312200e+00,5.686174252576e+00,7.699587384182e-02
-7.726609004514e+00,4.815779933265e+00,8.358935384842e-02
-7.726440870851e+00,4.387602534408e+00,8.534597460360e-02
-7.726329422954e+00,2.555131132617e+00,8.899483041752e-02
-7.726316044443e+00,4.151000649732e+00,8.609615403651e-02
-7.726088089643e+00,2.765919800999e+00,8.875566520204e-02
-7.726060430118e+00,5.331929627678e+00,8.041239677964e-02
-7.725779701864e+00,8.593750275001e-01,9.007736201942e-02
-7.725532425720e+00,3.140617451560e+00,8.824687725897e-02
-7.725460176383e+00,5.199384773002e+00,8.138918945939e-02
-7.725043337651e+00,3.468802578481e+00,8.769646222152e-02
-7.725023141538e+00,4.447018994538e+00,8.514613060331e-02
-7.724861563397e+00,4.092140165698e+00,8.627212230850e-02
-7.724779202471e+00,3.691866357460e+00,8.725356747160e-02
-7.724425152017e+00,2.450198768489e+00,8.910977995311e-02
-7.724169427327e+00,8.906250285001e-01,9.007226003249e-02
-7.724091479725e+00,1.933970180446e+00,8.955295472635e-02
-7.723938620017e+00,1.780965374867e+00,8.965838736589e-02
-7.723898463356e+00,2.871735394653e+00,8.863097658135e-02
-7.723877493818e+00,5.469616475174e+00,7.927714031552e-02
-7.723825523748e+00,5.905198477644e+00,7.407141988855e-02
-7.723596758961e+00,1.426573076138e+00,8.986237595060e-02
-7.723056534117e+00,1.562500050003e-02,9.020558978445e-02
-7.723015698657e+00,4.506532099585e+00,8.494030810491e-02
-7.722848160654e+00,4.033405122949e+00,8.644373249657e-02
-7.722559152790e+00,9.218750295000e-01,9.006734064639e-02
-7.722526227472e+00,4.687500150007e-02,9.020671424806e-02
-7.721995920827e+00,7.812500250012e-02,9.020737105946e-02
-7.721761417180e+00,1.225367162459e+00,8.995952703943e-02
-7.721688253254e+00,2.087452056881e+00,8.944375106709e-02
-7.721536652326e+00,5.067405323745e+00,8.227519392860e-02
-7.721465614182e+00,1.093750035002e-01,9.020779158470e-02
-7.721280810531e+00,1.628490423810e+00,8.976011472974e-02
-7.721200732675e+00,2.345600898637e+00,8.922172061097e-02
-7.721089055456e+00,6.445364335660e+00,6.040907117491e-02
-7.720948878253e+00,9.531250305000e-01,9.006190163048e-02
-7.720935307537e+00,1.406250045003e-01,9.020797590421e-02
-7.720792159267e+00,4.875884495153e+00,8.333954725047e-02
-7.720726157376e+00,6.525863372917e+00,5.678051453148e-02
-7.720716500447e+00,6.365176841865e+00,6.344936118754e-02
-7.720413536251e+00,4.566136899222e+00,8.472825287749e-02
-7.720405000892e+00,1.718750055004e-01,9.020772600016e-02
-7.720300656290e+00,2.977804068984e+00,8.850267819824e-02
-7.720281090967e+00,3.974800167741e+00,8.661111310369e-02
-7.719874694248e+00,2.031250065004e-01,9.020720196548e-02
-7.719623586881e+00,6.606667595853e+00,5.237517812797e-02
-7.719612763703e+00,6.285307206479e+00,6.603346850647e-02
-7.719385343484e+00,5.609149746350e+00,7.797283437235e-02
-7.719344387603e+00,2.343750075005e-01,9.020644160042e-02
-7.719338603717e+00,9.843750315000e-01,9.005599060584e-02
-7.719129585548e+00,3.633999367591e+00,8.740064520495e-02
-7.718814080958e+00,2.656250085005e-01,9.020528944367e-02
-7.718527160948e+00,5.827221954941e+00,7.533469383944e-02
-7.718283774313e+00,2.968750095005e-01,9.020381976394e-02
-7.718212195149e+00,3.247369821545e+00,8.810862873618e-02
-7.717782168372e+00,6.205761701018e+00,6.825669229152e-02
-7.717777177236e+00,6.687770604047e+00,4.691438084181e-02
-7.717753467668e+00,3.281250105004e-01,9.020211296673e-02
-7.717473784224e+00,3.411461840562e+00,8.783323983884e-02
-7.717223161023e+00,3.593750115003e-01,9.020005714715e-02
-7.717211685319e+00,4.625828400594e+00,8.451048573133e-02
-7.717165643333e+00,3.916329901747e+00,8.677438844054e-02
-7.716692854379e+00,3.906250125002e-01,9.019761208692e-02
-7.716678859917e+00,2.241356934043e+00,8.933071266669e-02
-7.716170213129e+00,1.476596803965e+00,8.985805428695e-02
-7.716162547734e+00,4.218750135002e-01,9.019490123924e-02
-7.715868408236e+00,1.024982050270e+00,9.005186926259e-02
-7.715632241089e+00,4.531250145001e-01,9.019183595852e-02
-7.715460079129e+00,5.259989262573e+00,8.107354759770e-02
-7.715330772477e+00,1.275367413624e+00,8.995598034160e-02
-7.715273376131e+00,3.084104548005e+00,8.837100053179e-02
-7.715229088959e+00,6.126546553219e+00,7.018951906639e-02
-7.715182814846e+00,6.769165954649e+00,3.996804021764e-02
-7.715101934444e+00,4.843750155000e-01,9.018840868642e-02
-7.714722787813e+00,1.831006721527e+00,8.965265563912e-02
-7.714632724905e+00,5.393592846671e+00,8.005446794034e-02
-7.714349409594e+00,4.936049011360e+00,8.308272773598e-02
-7.714085789612e+00,1.984015972674e+00,8.954662271673e-02
-7.714039203828e+00,5.156250165000e-01,9.018614232945e-02
-7.713507140680e+00,3.857998881736e+00,8.693367877205e-02
-7.713405214078e+00,4.685601568713e+00,8.428681993263e-02
-7.713012945926e+00,5.127830343552e+00,8.198691216483e-02
-7.712980587081e+00,2.605180964127e+00,8.898608710359e-02
-7.712961955909e+00,3.576292828877e+00,8.754423696489e-02
-7.712950825564e+00,2.710425637641e+00,8.886767270488e-02
-7.712844300115e+00,1.678511242219e+00,8.975498025225e-02
-7.712527946507e+00,5.749605569460e+00,7.647007342158e-02
-7.712444049239e+00,5.468750175001e-01,9.018497675783e-02
-7.711957950839e+00,6.047667946763e+00,7.188520481120e-02
-7.711836439175e+00,6.850847163369e+00,3.083569593461e-02
-7.711660978594e+00,2.500242266993e+00,8.910143598375e-02
-7.711549665943e+00,2.815955984418e+00,8.874613424197e-02
-7.711407667038e+00,5.532502459725e+00,7.886183404001e-02
-7.710882491498e+00,2.137485902008e+00,8.943681647213e-02
-7.710848894651e+00,5.781250185001e-01,9.018339694219e-02
-7.710418933258e+00,1.074933006620e+00,9.004909148509e-02
-7.709406368863e+00,3.354297610594e+00,8.796680958380e-02
-7.709310939396e+00,3.799811619589e+00,8.708910045816e-02
-7.709253740063e+00,6.093750195002e-01,9.018157756549e-02
-7.709014305147e+00,2.395629474458e+00,8.921377847295e-02
-7.708989228223e+00,4.745451326844e+00,8.405706168135e-02
-7.708795628631e+00,3.190615193787e+00,8.823588178951e-02
-7.708755363186e+00,2.921751329350e+00,8.862094000222e-02
-7.708659984665e+00,1.325334663880e+00,8.995224183563e-02
-7.708502173882e+00,1.526581327767e+00,8.985353946405e-02
-7.707973229944e+00,5.969132020760e+00,7.338473691641e-02
-7.707734043075e+00,6.932807704931e+00,1.829441653856e-02
-7.707658585475e+00,6.406250205002e-01,9.017950659536e-02
-7.707276021840e+00,4.996268228411e+00,8.281865587537e-02
-7.706281826570e+00,3.518751037726e+00,8.768444414294e-02
-7.706063430886e+00,6.718750215002e-01,9.017696943911e-02
-7.705832549961e+00,5.672355284809e+00,7.749596185481e-02
-7.705262936519e+00,1.880997692379e+00,8.964672665486e-02
-7.705063143302e+00,2.291362134522e+00,8.932317405784e-02
-7.704802486448e+00,5.320619131039e+00,8.074843739137e-02
-7.704730823050e+00,1.124857075844e+00,9.004612325658e-02
-7.704582428943e+00,3.741772582132e+00,8.724076608935e-02
-7.704546460816e+00,3.027790630122e+00,8.849224729282e-02
-7.704468276298e+00,7.031250225003e-01,9.017419118347e-02
-7.704165107001e+00,1.728486568253e+00,8.974964977415e-02
-7.703958871411e+00,4.805372556496e+00,8.382100979514e-02
-7.703842730341e+00,5.188292858677e+00,8.169022172430e-02
-7.703834842200e+00,2.034006441725e+00,8.954009227528e-02
-7.703459802402e+00,4.259775033727e+00,8.590242091013e-02
-7.703355908634e+00,4.318856629757e+00,8.571740478300e-02
-7.703279452531e+00,5.890944869142e+00,7.472017481676e-02
-7.702991220880e+00,4.200805713277e+00,8.608283680314e-02
-7.702873121710e+00,7.343750235004e-01,9.017117128822e-02
-7.702871673611e+00,7.015041012957e+00,1.150235532636e-05
-7.702747092408e+00,5.456238222513e+00,7.967417979702e-02
-7.702674418634e+00,4.378045691948e+00,8.552764868254e-02
-7.701955320648e+00,4.141953434009e+00,8.625878767567e-02
-7.701749259270e+00,1.375267450696e+00,8.994831125975e-02
-7.701410247297e+00,4.437337367617e+00,8.533300817978e-02
-7.701277967122e+00,7.656250245003e-01,9.016780070412e-02
-7.701269747487e+00,6.430121214798e+00,6.199328565694e-02
-7.701014542068e+00,6.510481807850e+00,5.867832001628e-02
-7.700846723116e+00,3.297314010986e+00,8.809726159065e-02
-7.700790457171e+00,6.350072907048e+00,6.479161968801e-02
-7.700592884514e+00,1.576525177201e+00,8.984883120949e-02
-7.700357293367e+00,4.083222917886e+00,8.643040437299e-02
-7.700020616505e+00,6.591148334919e+00,5.468955607357e-02
-7.699830334323e+00,2.187459414529e+00,8.942968238034e-02
-7.699682812533e+00,7.968750255003e-01,9.016393301760e-02
-7.699580947520e+00,6.270343193009e+00,6.718513980081e-02
-7.699567301670e+00,5.056536852245e+00,8.254708261569e-02
-7.699558345533e+00,4.496726761353e+00,8.513333398465e-02
-7.699380402505e+00,2.655154428382e+00,8.897714244414e-02
-7.699327031565e+00,3.683886190784e+00,8.738818912105e-02
-7.699094741955e+00,3.461378244324e+00,8.782136159221e-02
-7.698901796529e+00,3.134052481422e+00,8.836018186103e-02
-7.698804245838e+00,1.174752804669e+00,9.004296433129e-02
-7.698757982943e+00,2.760392969728e+00,8.885833209430e-02
-7.698646709947e+00,2.550213095685e+00,8.909289081850e-02
-7.698445689619e+00,5.595477017835e+00,7.842739568092e-02
-7.698309325497e+00,4.865360097858e+00,8.357845537504e-02
-7.698283798931e+00,6.672114402054e+00,4.979889384902e-02
-7.698202365424e+00,4.024618843008e+00,8.659781352324e-02
-7.698087657945e+00,8.281250265001e-01,9.015975731561e-02
-7.697881194693e+00,5.813112540364e+00,7.591695544659e-02
-7.697645546684e+00,6.190938337621e+00,6.925557069595e-02
-7.697113700810e+00,4.556208934892e+00,8.492724218500e-02
-7.696757547259e+00,2.865908282798e+00,8.873640220606e-02
-7.696579088480e+00,2.445589035406e+00,8.920563545269e-02
-7.696492503357e+00,8.593750275001e-01,9.015574576388e-02
-7.695799970572e+00,6.753373572845e+00,4.366219242369e-02
-7.695559377605e+00,1.930936801555e+00,8.964060005749e-02
-7.695495797628e+00,3.966145843297e+00,8.676113768258e-02
-7.695243512842e+00,1.778414924281e+00,8.974412293924e-02
-7.694988634127e+00,6.111864562010e+00,7.106402955896e-02
-7.694897348769e+00,8.906250285001e-01,9.015062173555e-02
-7.694598810704e+00,1.425164312955e+00,8.994418834675e-02
-7.694071337480e+00,4.615778907401e+00,8.471540963530e-02
-7.694021438264e+00,5.248787443747e+00,8.138482272817e-02
-7.693550201988e+00,3.626156821202e+00,8.753189505691e-02
-7.693517543848e+00,1.562500050003e-02,9.028232940094e-02
-7.693482919781e+00,5.381268863604e+00,8.041125815509e-02
-7.693357476850e+00,2.971679560201e+00,8.861069849218e-02
-7.693338979086e+00,2.083940094447e+00,8.953336305245e-02
-7.693302194180e+00,9.218750295000e-01,9.014564339214e-02
-7.693199995005e+00,2.341301933275e+00,8.931543502635e-02
-7.692992263807e+00,4.687500150007e-02,9.028341228952e-02
-7.692639378740e+00,1.224618740534e+00,9.003961445716e-02
-7.692565065670e+00,6.834919369404e+00,3.573472486220e-02
-7.692466983765e+00,7.812500250012e-02,9.028404262589e-02
-7.692442597294e+00,1.626426883283e+00,8.984392924651e-02
-7.692242884955e+00,3.907808508060e+00,8.692049547483e-02
-7.692035810744e+00,4.925408750260e+00,8.332918145127e-02
-7.691941703724e+00,1.093750035002e-01,9.028444155649e-02
-7.691800508499e+00,3.240515117259e+00,8.822468322347e-02
-7.691783081685e+00,5.735641037394e+00,7.699551937620e-02
-7.691707039592e+00,9.531250305000e-01,9.014038601904e-02
-7.691614640134e+00,6.033128043218e+00,7.265713645551e-02
-7.691416423682e+00,1.406250045003e-01,9.028460915682e-02
-7.691406277657e+00,3.404178652122e+00,8.795508128999e-02
-7.691218594164e+00,5.116849548867e+00,8.226774880538e-02
-7.690891143641e+00,1.718750055004e-01,9.028433519578e-02
-7.690426317037e+00,4.675431655874e+00,8.449790884594e-02
-7.690372131933e+00,5.518976638543e+00,7.927678104386e-02
-7.690365863599e+00,2.031250065004e-01,9.028380904737e-02
-7.690111885004e+00,9.843750315000e-01,9.013443457912e-02
-7.689840583557e+00,2.343750075005e-01,9.028305143799e-02
-7.689315303516e+00,2.656250085005e-01,9.028188294365e-02
-7.688790023474e+00,2.968750095005e-01,9.028043062162e-02
-7.688575071813e+00,6.916745272820e+00,2.510010759167e-02
-7.688536443635e+00,3.077685629859e+00,8.848161178333e-02
-7.688532153886e+00,2.237371094378e+00,8.942234845449e-02
-7.688448956235e+00,3.849611381662e+00,8.707600172575e-02
-7.688264743433e+00,3.281250105004e-01,9.027874606577e-02
-7.687739463391e+00,3.593750115003e-01,9.027668157700e-02
-7.687528045504e+00,5.954734913687e+00,7.407107226799e-02
-7.687257427047e+00,3.568588803084e+00,8.767222887308e-02
-7.687214183350e+00,3.906250125002e-01,9.027427388994e-02
-7.687208862271e+00,1.475023790907e+00,8.993987282406e-02
-7.686688903308e+00,4.218750135002e-01,9.027160584706e-02
-7.686658049444e+00,1.024898663321e+00,9.013028570944e-02
-7.686236407681e+00,1.274453432305e+00,9.003607337592e-02
-7.686173738382e+00,4.735162115513e+00,8.427455654091e-02
-7.686163623267e+00,4.531250145001e-01,9.026854135241e-02
-7.686079808278e+00,1.828294834467e+00,8.973839938717e-02
-7.685638343225e+00,4.843750155000e-01,9.026517157521e-02
-7.685612431546e+00,1.980822565300e+00,8.963427548842e-02
-7.685529339165e+00,2.705049995440e+00,8.896799620726e-02
-7.685382793455e+00,2.600109732214e+00,8.908414419181e-02
-7.685133586413e+00,4.985513272000e+00,8.307296260743e-02
-7.684989787723e+00,5.658536317041e+00,7.797248022440e-02
-7.684585685884e+00,5.156250165000e-01,9.026292582492e-02
-7.684313084102e+00,2.810278658910e+00,8.884878997866e-02
-7.684119373686e+00,3.791558963543e+00,8.722776759226e-02
-7.684051573477e+00,1.676284978385e+00,8.983883329420e-02
-7.683895507659e+00,2.495478067397e+00,8.919729125608e-02
-7.683826030757e+00,6.998844723051e+00,1.008814732198e-02
-7.683544542778e+00,5.309308634401e+00,8.107040245288e-02
-7.683222040101e+00,3.347156417536e+00,8.808569242392e-02
-7.683005651245e+00,5.468750175001e-01,9.026168470334e-02
-7.682733381314e+00,5.876691260640e+00,7.533434584798e-02
-7.682598550964e+00,2.133815439762e+00,8.952643469710e-02
-7.682273416331e+00,3.183904957315e+00,8.834915916167e-02
-7.682225284299e+00,5.177200944352e+00,8.198038468725e-02
-7.681712249367e+00,2.915775152069e+00,8.872643253798e-02
-7.681616690998e+00,5.442859969852e+00,8.005410936585e-02
-7.681450439517e+00,6.414878093937e+00,6.344903329530e-02
-7.681425616605e+00,5.781250185001e-01,9.026009831290e-02
-7.681308738307e+00,4.794965179728e+00,8.404516261641e-02
-7.681302926760e+00,6.495100242783e+00,6.040874926978e-02
-7.681227295094e+00,1.074682968591e+00,9.012751263049e-02
-7.681089818128e+00,2.391174823860e+00,8.930749525435e-02
-7.680864413895e+00,6.334968972231e+00,6.603313632323e-02
-7.680454225206e+00,3.511186420225e+00,8.780928432438e-02
-7.680417646130e+00,6.575629073985e+00,5.678020108293e-02
-7.679845581966e+00,6.093750195002e-01,9.025827726506e-02
-7.679595527403e+00,1.324255430152e+00,9.003234082321e-02
-7.679579646170e+00,1.524844426160e+00,8.993536441400e-02
-7.679549131337e+00,6.255379179539e+00,6.825635701261e-02
-7.679437888083e+00,4.309425632809e+00,8.588897944180e-02
-7.679392209588e+00,4.250470931200e+00,8.606934725082e-02
-7.679259532520e+00,3.733655708056e+00,8.737554049492e-02
-7.678907966418e+00,4.368488849489e+00,8.570403978758e-02
-7.678790420627e+00,6.656458200060e+00,5.237487684410e-02
-7.678776058224e+00,4.191629541896e+00,8.624527628347e-02
-7.678265547326e+00,6.406250205002e-01,9.025613819381e-02
-7.677797353056e+00,4.427655740696e+00,8.551439083546e-02
-7.677705343347e+00,3.021518536735e+00,8.860025181489e-02
-7.677597951015e+00,5.045668380745e+00,8.280956458154e-02
-7.677594596852e+00,4.132906218286e+00,8.641689537448e-02
-7.677508924995e+00,6.176114974224e+00,7.018918155274e-02
-7.677506035754e+00,5.581804289319e+00,7.886148031194e-02
-7.677235228439e+00,5.799003125787e+00,7.646972528291e-02
-7.676988331444e+00,2.287219443896e+00,8.941481435742e-02
-7.676685512687e+00,6.718750215002e-01,9.025361401899e-02
-7.676674292942e+00,1.878124824735e+00,8.973247875367e-02
-7.676417126298e+00,6.737581191041e+00,4.691409750262e-02
-7.676100992409e+00,4.486921423121e+00,8.531989059289e-02
-7.675853023336e+00,4.074305670074e+00,8.658432926805e-02
-7.675826491727e+00,4.854835700563e+00,8.380952984038e-02
-7.675560146222e+00,1.124440639196e+00,9.012454949217e-02
-7.675422427807e+00,2.030653502039e+00,8.962775258639e-02
-7.675420083240e+00,1.726097996568e+00,8.983354306778e-02
-7.675105478047e+00,7.031250225003e-01,9.025085366482e-02
-7.674748179295e+00,6.097182570801e+00,7.188486569435e-02
-7.674547665973e+00,3.290315650238e+00,8.821328147567e-02
-7.673874860659e+00,3.675906024108e+00,8.751935824631e-02
-7.673813865369e+00,4.546280970562e+00,8.512018029570e-02
-7.673556570194e+00,4.015832563067e+00,8.674769875600e-02
-7.673525443408e+00,7.343750235004e-01,9.024781406902e-02
-7.673293692165e+00,6.818991575438e+00,3.996778426021e-02
-7.673146146258e+00,3.453953910167e+00,8.794315236231e-02
-7.672716941518e+00,1.374023285150e+00,9.002841652874e-02
-7.672582797398e+00,5.237585624921e+00,8.168470935679e-02
-7.672407557819e+00,5.369850927344e+00,8.074663462963e-02
-7.672271167338e+00,3.127487511284e+00,8.847077148302e-02
-7.671945408768e+00,7.656250245003e-01,9.024438229649e-02
-7.671869685760e+00,2.649930657002e+00,8.907519584333e-02
-7.671711403450e+00,1.574624761925e+00,8.993066283394e-02
-7.671613917604e+00,2.183630988762e+00,8.951930685693e-02
-7.671427876243e+00,2.754866138456e+00,8.895864816802e-02
-7.671271329431e+00,6.018588139673e+00,7.338439666704e-02
-7.671038216863e+00,5.721676505327e+00,7.749561373973e-02
-7.670963996939e+00,2.545295058753e+00,8.918874559253e-02
-7.670930989640e+00,4.605729414208e+00,8.491402783951e-02
-7.670710504289e+00,3.957491518854e+00,8.690712081064e-02
-7.670365374128e+00,7.968750255003e-01,9.024064375972e-02
-7.669722211894e+00,4.914768489161e+00,8.356745353446e-02
-7.669656769472e+00,1.174170235509e+00,9.012139604167e-02
-7.669616631162e+00,2.860081170943e+00,8.883904617398e-02
-7.669424242403e+00,5.105868754183e+00,8.253874384154e-02
-7.669416100550e+00,6.900682840710e+00,3.083548370265e-02
-7.669336596829e+00,5.505450817362e+00,7.967382656553e-02
-7.668785339489e+00,8.281250265001e-01,9.023641456981e-02
-7.668733024944e+00,2.440979302322e+00,8.929935442594e-02
-7.667970818428e+00,3.618314274813e+00,8.765981658128e-02
-7.667447419995e+00,4.665261743033e+00,8.470242470741e-02
-7.667320126576e+00,3.899287114373e+00,8.706270871267e-02
-7.667205304849e+00,8.593750275001e-01,9.023233214354e-02
-7.667082861064e+00,5.940337806615e+00,7.471983379071e-02
-7.667027275484e+00,1.927903422664e+00,8.972636067081e-02
-7.666548405667e+00,1.775864473694e+00,8.982803142936e-02
-7.666414297410e+00,2.965555051418e+00,8.871617972180e-02
-7.665625270210e+00,8.906250285001e-01,9.022737670611e-02
-7.665600862446e+00,1.423755549772e+00,9.002430021645e-02
-7.665388821850e+00,3.233660412974e+00,8.833793230269e-02
-7.665338771090e+00,3.396895463681e+00,8.807392121701e-02
-7.665199257336e+00,2.337002967913e+00,8.940707975246e-02
-7.664989704918e+00,2.080428132013e+00,8.962103098781e-02
-7.664780387903e+00,6.982648433144e+00,1.829427861275e-02
-7.664147025484e+00,5.644717349273e+00,7.842704772073e-02
-7.664045235570e+00,9.218750295000e-01,9.022234542965e-02
-7.663978553580e+00,1.562500050003e-02,9.035749330719e-02
-7.663604384057e+00,1.624363342756e+00,8.992576779652e-02
-7.663517340301e+00,1.223870318608e+00,9.011805201966e-02
-7.663458300142e+00,4.687500150007e-02,9.035853622323e-02
-7.663390771791e+00,3.841223881587e+00,8.721457217431e-02
-7.663358248542e+00,4.724872904181e+00,8.448519740103e-02
-7.662991150986e+00,4.974758315589e+00,8.331872123705e-02
-7.662938046703e+00,7.812500250012e-02,9.035914104060e-02
-7.662465200931e+00,9.531250305000e-01,9.021726093386e-02
-7.662417793265e+00,1.093750035002e-01,9.035951917802e-02
-7.662286599109e+00,5.297998137762e+00,8.138043018237e-02
-7.662187310097e+00,5.862437652137e+00,7.591661391606e-02
-7.661897539827e+00,1.406250045003e-01,9.035967070632e-02
-7.661799511138e+00,3.071266711714e+00,8.858959974439e-02
-7.661631131548e+00,6.399634973075e+00,6.479129793589e-02
-7.661591311452e+00,6.479718677716e+00,6.199296928878e-02
-7.661552898186e+00,3.560884777291e+00,8.779700814566e-02
-7.661377286389e+00,1.718750055004e-01,9.035937407121e-02
-7.660938370620e+00,6.319865037415e+00,6.718481408106e-02
-7.660885166291e+00,9.843750315000e-01,9.021127458551e-02
-7.660857032950e+00,2.031250065004e-01,9.035884599444e-02
-7.660814675754e+00,6.560109813051e+00,5.867801104990e-02
-7.660607838256e+00,5.166109030027e+00,8.226024713300e-02
-7.660606038632e+00,5.430408780406e+00,8.041012456313e-02
-7.660385447855e+00,2.233385254713e+00,8.951197917885e-02
-7.660336779512e+00,2.343750075005e-01,9.035809117233e-02
-7.659816526074e+00,2.656250085005e-01,9.035690781518e-02
-7.659517315154e+00,6.240415166068e+00,6.925524202708e-02
-7.659382645188e+00,7.064881758277e+00,1.150235524537e-05
-7.659297042323e+00,6.640801998067e+00,5.468925746737e-02
-7.659296272636e+00,2.968750095005e-01,9.035547242180e-02
-7.658927807975e+00,3.783306307497e+00,8.736269964802e-02
-7.658776019197e+00,3.281250105004e-01,9.035380952419e-02
-7.658658605203e+00,4.784557802960e+00,8.426216610002e-02
-7.658255765759e+00,3.593750115003e-01,9.035173793752e-02
-7.658247511413e+00,1.473450777848e+00,9.001999160460e-02
-7.658107852766e+00,2.699674353239e+00,8.906604551847e-02
-7.657784999829e+00,2.595038500302e+00,8.917999817550e-02
-7.657735512321e+00,3.906250125002e-01,9.034936656593e-02
-7.657447690651e+00,1.024815276372e+00,9.020710164769e-02
-7.657436828743e+00,1.825582947407e+00,8.982231707497e-02
-7.657372303306e+00,6.161291610827e+00,7.106369868871e-02
-7.657215258883e+00,4.218750135002e-01,9.034674010028e-02
-7.657142042885e+00,1.273539450986e+00,9.011451716027e-02
-7.657139073481e+00,1.977629157925e+00,8.972004476729e-02
-7.657076502260e+00,2.804601333401e+00,8.894909810913e-02
-7.657037711339e+00,3.340015224479e+00,8.820167647719e-02
-7.657034282024e+00,6.721788809237e+00,4.979861009168e-02
-7.656695005444e+00,4.531250145001e-01,9.034367801693e-02
-7.656589262185e+00,5.784893711210e+00,7.699517755135e-02
-7.656566381888e+00,5.568131560804e+00,7.927643333998e-02
-7.656174752006e+00,4.843750155000e-01,9.034036404723e-02
-7.656130036723e+00,2.490713867801e+00,8.929101222764e-02
-7.655751204031e+00,3.177194720843e+00,8.845972621768e-02
-7.655628600359e+00,5.034799909245e+00,8.306311234622e-02
-7.655519867533e+00,4.299994635862e+00,8.605568609001e-02
-7.655324616773e+00,4.241166828672e+00,8.623158877076e-02
-7.655258846837e+00,1.674058714551e+00,8.992067900994e-02
-7.655141514201e+00,4.358932007030e+00,8.587537120938e-02
-7.655132167942e+00,5.156250165000e-01,9.033813849643e-02
-7.654669135548e+00,2.909798974789e+00,8.882910050590e-02
-7.654626623842e+00,3.503621802725e+00,8.793102285445e-02
-7.654560895568e+00,4.182453370516e+00,8.640320606807e-02
-7.654507724462e+00,6.082500579592e+00,7.265680394259e-02
-7.654314610429e+00,2.130144977517e+00,8.961411032712e-02
-7.654184458816e+00,4.417974113775e+00,8.569051321119e-02
-7.654022318660e+00,6.803063781473e+00,4.366193061758e-02
-7.653936636097e+00,3.725538833979e+00,8.750662678955e-02
-7.653567253251e+00,5.468750175001e-01,9.033682643775e-02
-7.653343657957e+00,4.844311303267e+00,8.403314439176e-02
-7.653233873056e+00,4.123859002563e+00,8.657066083361e-02
-7.653165331110e+00,2.386720173263e+00,8.939914430394e-02
-7.652643639285e+00,4.477116084889e+00,8.550097693430e-02
-7.652035656931e+00,1.074432930561e+00,9.020433373331e-02
-7.652002338560e+00,5.781250185001e-01,9.033523403934e-02
-7.651348753306e+00,4.065388422263e+00,8.673407208548e-02
-7.651332195857e+00,5.358432991084e+00,8.106724218352e-02
-7.651144156533e+00,5.226383806095e+00,8.197381099682e-02
-7.650928018727e+00,6.004048236129e+00,7.407073853635e-02
-7.650864225878e+00,3.015246443348e+00,8.870572106016e-02
-7.650657118457e+00,1.523107524554e+00,9.001549040601e-02
-7.650531070140e+00,1.323176196424e+00,9.011079119125e-02
-7.650514029928e+00,4.536353006232e+00,8.530662282592e-02
-7.650437423869e+00,6.093750195002e-01,9.033341173309e-02
-7.650293352041e+00,5.707711973261e+00,7.797213826891e-02
-7.650257129288e+00,6.884620408599e+00,3.573449685125e-02
-7.648913519587e+00,2.283076753269e+00,8.950445130939e-02
-7.648910774965e+00,4.007046283126e+00,8.689355513447e-02
-7.648872509178e+00,6.406250205002e-01,9.033120927603e-02
-7.648422689752e+00,3.667925857432e+00,8.764720746117e-02
-7.648301061725e+00,5.491924996180e+00,8.005376197451e-02
-7.648248608830e+00,3.283317289490e+00,8.832650116790e-02
-7.648085649365e+00,1.875251957091e+00,8.981640585016e-02
-7.647790641801e+00,4.595679921014e+00,8.510662341504e-02
-7.647629890641e+00,5.094887959498e+00,8.280039774024e-02
-7.647408613044e+00,4.904128228061e+00,8.379793898566e-02
-7.647307594487e+00,6.718750215002e-01,9.032869803644e-02
-7.647197550561e+00,3.446529576010e+00,8.806194796966e-02
-7.647010013413e+00,2.027300562353e+00,8.971353066875e-02
-7.646675059479e+00,1.723709424883e+00,8.991539617810e-02
-7.646637676624e+00,5.925940699542e+00,7.533401122393e-02
-7.646389469394e+00,1.124024202548e+00,9.020137617313e-02
-7.645925210951e+00,3.948837194411e+00,8.704922170571e-02
-7.645742679796e+00,7.031250225003e-01,9.032595538362e-02
-7.645734745050e+00,6.966452143237e+00,2.509993450718e-02
-7.645640538148e+00,3.120922541146e+00,8.857874206589e-02
-7.644468522954e+00,4.655091830194e+00,8.490066595940e-02
-7.644358969014e+00,2.644706885623e+00,8.917104872313e-02
-7.644177765105e+00,7.343750235004e-01,9.032285980781e-02
-7.644097769543e+00,2.749339307185e+00,8.905669296914e-02
-7.643684623767e+00,1.372779119604e+00,9.010687383413e-02
-7.643397500885e+00,2.179802562995e+00,8.960699023715e-02
-7.643304263245e+00,5.630898381506e+00,7.886113835429e-02
-7.643281283932e+00,2.540377021821e+00,8.928246834900e-02
-7.642829922386e+00,1.572724346649e+00,9.001079632820e-02
-7.642612850415e+00,7.656250245003e-01,9.031941052020e-02
-7.642475715065e+00,2.854254059088e+00,8.893934582172e-02
-7.642397368198e+00,3.890765720686e+00,8.720118005579e-02
-7.642391434868e+00,3.610471728424e+00,8.778453318917e-02
-7.641879696144e+00,6.464337112648e+00,6.344872265035e-02
-7.641811823578e+00,6.384391852214e+00,6.603282073804e-02
-7.641641238880e+00,5.848184043635e+00,7.646939002057e-02
-7.641211705378e+00,6.544590552117e+00,6.040844523898e-02
-7.641047935724e+00,7.968750255003e-01,9.031579469779e-02
-7.641028655439e+00,5.286687641123e+00,8.167916125341e-02
-7.641012327344e+00,6.304761102598e+00,6.825603768727e-02
-7.640886961407e+00,2.436369569239e+00,8.939100767769e-02
-7.640848715559e+00,4.964003359178e+00,8.355634941089e-02
-7.640542758701e+00,4.714583692850e+00,8.468929903982e-02
-7.640509293106e+00,1.173587666349e+00,9.019822870765e-02
-7.640451251563e+00,7.048552397214e+00,1.008807042833e-02
-7.639803664019e+00,6.625145796074e+00,5.677990606433e-02
-7.639715135311e+00,5.418884654174e+00,8.074416034787e-02
-7.639485498971e+00,6.225451152598e+00,7.018885936751e-02
-7.639483021033e+00,8.281250265001e-01,9.031151714966e-02
-7.639471117971e+00,2.959430542635e+00,8.881895281051e-02
-7.639271264522e+00,3.389612275241e+00,8.818986817637e-02
-7.638990392214e+00,5.155017115702e+00,8.253033937390e-02
-7.638977135200e+00,3.226805708688e+00,8.844847582651e-02
-7.638495173364e+00,1.924870043773e+00,8.981029737517e-02
-7.638332587346e+00,3.832836381512e+00,8.734953508574e-02
-7.637918106342e+00,8.593750275001e-01,9.030736994758e-02
-7.637853298492e+00,1.773314023108e+00,8.990991900092e-02
-7.637651437750e+00,6.705996427433e+00,5.237459438346e-02
-7.637235681618e+00,6.146468247430e+00,7.188454130772e-02
-7.637198519666e+00,2.332704002551e+00,8.949672289512e-02
-7.636640430750e+00,2.076916169579e+00,8.970681799810e-02
-7.636602914188e+00,1.422346786589e+00,9.010276480432e-02
-7.636353191651e+00,8.906250285001e-01,9.030257501706e-02
-7.636008472099e+00,4.774150426191e+00,8.447235239196e-02
-7.635943295931e+00,5.770784296633e+00,7.749527803888e-02
-7.635848369324e+00,3.553180751498e+00,8.791869284143e-02
-7.635626728023e+00,5.554458832289e+00,7.967348470727e-02
-7.635062578642e+00,3.064847793568e+00,8.869505630032e-02
-7.634788276960e+00,9.218750295000e-01,9.029749640598e-02
-7.634766170821e+00,1.622299802229e+00,9.000590907366e-02
-7.634750945154e+00,6.787135987507e+00,4.691383304689e-02
-7.634439563312e+00,1.562500050003e-02,9.043113113921e-02
-7.634395301861e+00,1.223121896683e+00,9.019489107050e-02
-7.634267269630e+00,6.067818588384e+00,7.338407057996e-02
-7.633924336477e+00,4.687500150007e-02,9.043213560924e-02
-7.633736242265e+00,3.775053651451e+00,8.749370097000e-02
-7.633659249704e+00,5.023931437745e+00,8.330816769646e-02
-7.633409109642e+00,7.812500250012e-02,9.043271582150e-02
-7.633223362269e+00,9.531250305000e-01,9.029255097093e-02
-7.632893882807e+00,1.093750035002e-01,9.043307393132e-02
-7.632378655972e+00,1.406250045003e-01,9.043319974820e-02
-7.632238741825e+00,2.229399415048e+00,8.959967034950e-02
-7.631863429137e+00,1.718750055004e-01,9.043289199661e-02
-7.631658447578e+00,9.843750315000e-01,9.028656036118e-02
-7.631601846982e+00,4.290563638914e+00,8.621772581122e-02
-7.631375061985e+00,4.349375164570e+00,8.604185406695e-02
-7.631348202302e+00,2.031250065004e-01,9.043236216592e-02
-7.631257023958e+00,4.231862726145e+00,8.638933705461e-02
-7.631098158025e+00,6.868557976489e+00,3.996754658098e-02
-7.630860824186e+00,4.833786905972e+00,8.424964964812e-02
-7.630853382576e+00,3.332874031422e+00,8.831486565687e-02
-7.630832975467e+00,2.343750075005e-01,9.043160953241e-02
-7.630686366366e+00,2.694298711038e+00,8.916189695886e-02
-7.630584708023e+00,5.989508332584e+00,7.471950639002e-02
-7.630571564575e+00,4.408292486854e+00,8.586159703071e-02
-7.630345732912e+00,4.173277199136e+00,8.655680874815e-02
-7.630317748632e+00,2.656250085005e-01,9.043041331156e-02
-7.630256833895e+00,5.347015054824e+00,8.137601245082e-02
-7.630187206202e+00,2.589967268390e+00,8.927372248314e-02
-7.629839920419e+00,2.798924007893e+00,8.904713795436e-02
-7.629802521797e+00,2.968750095005e-01,9.042899443167e-02
-7.629705515667e+00,5.215181987269e+00,8.225268984865e-02
-7.629548487219e+00,5.693747441195e+00,7.842671173988e-02
-7.629287294962e+00,3.281250105004e-01,9.042735262926e-02
-7.629286160555e+00,1.471877764790e+00,9.009846381130e-02
-7.629228991731e+00,3.170484484370e+00,8.856767857665e-02
-7.629186286161e+00,4.467310746657e+00,8.567682594174e-02
-7.628873149260e+00,4.114811786840e+00,8.672025812726e-02
-7.628799022478e+00,3.496057185225e+00,8.804977270131e-02
-7.628793849208e+00,1.822871060348e+00,8.990424717460e-02
-7.628772068127e+00,3.593750115003e-01,9.042527539559e-02
-7.628665715415e+00,1.974435750551e+00,8.980399126646e-02
-7.628613739673e+00,3.717421959903e+00,8.763440173178e-02
-7.628364565788e+00,2.485949668206e+00,8.938266954148e-02
-7.628256841292e+00,3.906250125003e-01,9.042293932087e-02
-7.628237331859e+00,1.024731889422e+00,9.028236656363e-02
-7.628047678090e+00,1.272625469667e+00,9.019136298854e-02
-7.627741614457e+00,4.218750135002e-01,9.042032813984e-02
-7.627626021728e+00,2.903822797508e+00,8.892939110603e-02
-7.627431006475e+00,5.479347558018e+00,8.040899610849e-02
-7.627226387622e+00,4.531250145001e-01,9.041729506540e-02
-7.627214194488e+00,4.526425041902e+00,8.548740793475e-02
-7.626844483276e+00,4.056471174451e+00,8.687979883161e-02
-7.626711160787e+00,4.843750155000e-01,9.041403528005e-02
-7.626689102196e+00,6.950255853331e+00,3.083528779319e-02
-7.626466120198e+00,1.671832450718e+00,9.000082834006e-02
-7.626192492183e+00,5.911543592469e+00,7.591628550468e-02
-7.626030669895e+00,2.126474515271e+00,8.969990637585e-02
-7.625835538879e+00,5.083907164814e+00,8.305317803194e-02
-7.625678649999e+00,5.156250165000e-01,9.041182373248e-02
-7.625240844091e+00,2.382265522665e+00,8.948879358318e-02
-7.625095014193e+00,4.893487966961e+00,8.402100808038e-02
-7.624650293961e+00,4.585630427821e+00,8.529320589932e-02
-7.624264979735e+00,3.998260003185e+00,8.703554102055e-02
-7.624128855256e+00,5.468750175001e-01,9.041045086682e-02
-7.624023108409e+00,3.008974349961e+00,8.880860293513e-02
-7.622970518846e+00,3.659945690756e+00,8.777185961187e-02
-7.622844018767e+00,1.074182892532e+00,9.027960424094e-02
-7.622579060514e+00,5.781250185001e-01,9.040885299412e-02
-7.622461501007e+00,5.617079413738e+00,7.927609720600e-02
-7.622168080836e+00,6.448955547581e+00,6.479099310797e-02
-7.621992515609e+00,6.369148731352e+00,6.718450463629e-02
-7.621949551687e+00,3.276318928742e+00,8.843702016299e-02
-7.621734590745e+00,1.521370622947e+00,9.009397055872e-02
-7.621608735003e+00,6.529071291183e+00,6.199267048738e-02
-7.621519857937e+00,7.032223036151e+00,1.829415217922e-02
-7.621489625912e+00,4.644921917354e+00,8.509291345215e-02
-7.621466612878e+00,1.322096962697e+00,9.018764418196e-02
-7.621248954865e+00,3.439105241853e+00,8.817785653975e-02
-7.621139917612e+00,3.940182869967e+00,8.718759148450e-02
-7.621095167664e+00,5.833930435133e+00,7.699484836922e-02
-7.621086284068e+00,6.289657167781e+00,6.925492899715e-02
-7.621029265772e+00,6.093750195002e-01,9.040702981524e-02
-7.620838707729e+00,2.278934062642e+00,8.959215029495e-02
-7.620310285714e+00,6.609489594081e+00,5.867772024979e-02
-7.619770711770e+00,5.275377144484e+00,8.196719195359e-02
-7.619497005788e+00,1.872379089447e+00,8.989838039190e-02
-7.619479471030e+00,6.406250205002e-01,9.040476838764e-02
-7.619453682788e+00,6.210487139128e+00,7.106338284508e-02
-7.619009908957e+00,3.114357571007e+00,8.868418520017e-02
-7.618824231989e+00,5.407360527942e+00,8.106406727312e-02
-7.618706280133e+00,4.953248402767e+00,8.378623832940e-02
-7.618597599020e+00,2.023947622667e+00,8.979748713705e-02
-7.618268593476e+00,6.690204045629e+00,5.468897751694e-02
-7.617930035718e+00,1.721320853198e+00,8.999555382044e-02
-7.617929676288e+00,6.718750215002e-01,9.040227002845e-02
-7.617727268860e+00,4.704294481519e+00,8.488715747051e-02
-7.617474609820e+00,3.882244326999e+00,8.733605375229e-02
-7.617372946172e+00,5.143925201377e+00,8.279115640685e-02
-7.617218792566e+00,1.123607765899e+00,9.027665270613e-02
-7.617099059929e+00,6.131644884034e+00,7.265648587295e-02
-7.616848252269e+00,2.639483114244e+00,8.926477432734e-02
-7.616812051309e+00,3.602629182034e+00,8.790616242061e-02
-7.616767662843e+00,2.743812475913e+00,8.915254261207e-02
-7.616379881545e+00,7.031250225003e-01,9.039954487446e-02
-7.615598570925e+00,2.535458984888e+00,8.937412956563e-02
-7.615586559939e+00,7.114452903111e+00,1.150235526910e-05
-7.615479571649e+00,6.771208193542e+00,4.979834524550e-02
-7.615334798968e+00,2.848426947234e+00,8.903738024103e-02
-7.615297329677e+00,5.756674882056e+00,7.797180850790e-02
-7.615181084166e+00,2.175974137228e+00,8.969279542049e-02
-7.614830086803e+00,7.343750235004e-01,9.039639782847e-02
-7.614687074157e+00,5.540786103773e+00,8.005342576830e-02
-7.614652306016e+00,1.371534954057e+00,9.018373436440e-02
-7.614026814798e+00,6.053136597175e+00,7.407041869564e-02
-7.613948441323e+00,1.570823931373e+00,9.008928474468e-02
-7.613358338995e+00,4.763743049423e+00,8.467603361309e-02
-7.613280292061e+00,7.656250245004e-01,9.039293340602e-02
-7.613274402902e+00,3.824448881437e+00,8.748058109914e-02
-7.613203757954e+00,3.382329086800e+00,8.830302568588e-02
-7.613040897871e+00,2.431759836156e+00,8.948066302171e-02
-7.612565448550e+00,3.219951004403e+00,8.855640908674e-02
-7.612527938531e+00,2.953306033852e+00,8.891923377217e-02
-7.611939186763e+00,6.852495544379e+00,4.366168750715e-02
-7.611730497319e+00,7.968750255003e-01,9.038943423389e-02
-7.611689899048e+00,5.013062966245e+00,8.354514411756e-02
-7.611361816741e+00,1.173005097190e+00,9.027351169325e-02
-7.610241397319e+00,5.974968429039e+00,7.533368996938e-02
-7.610180702577e+00,8.281250265001e-01,9.038511310187e-02
-7.610143840463e+00,3.545476725705e+00,8.803739545220e-02
-7.609963071243e+00,1.921836664881e+00,8.989231834251e-02
-7.609197781996e+00,2.328405037189e+00,8.958442970391e-02
-7.609181471933e+00,5.335597118564e+00,8.167357817506e-02
-7.609158191318e+00,1.770763572522e+00,8.999008520350e-02
-7.608803622397e+00,5.679782909128e+00,7.886080816928e-02
-7.608630907835e+00,8.593750275001e-01,9.038090681011e-02
-7.608544676554e+00,3.766800995405e+00,8.762139963869e-02
-7.608377990416e+00,4.823262508676e+00,8.445937484831e-02
-7.608325646146e+00,3.058428875422e+00,8.879805073912e-02
-7.608291156582e+00,2.073404207145e+00,8.979078459684e-02
-7.608266874801e+00,5.203980168443e+00,8.252187022727e-02
-7.607683826432e+00,4.281132641967e+00,8.637528896998e-02
-7.607643459342e+00,6.934059563424e+00,3.573428637615e-02
-7.607608609768e+00,4.339818322111e+00,8.620368811453e-02
-7.607604965931e+00,1.420938023406e+00,9.017963324313e-02
-7.607189431143e+00,4.222558623617e+00,8.654277357383e-02
-7.607081113092e+00,8.906250285001e-01,9.037626475764e-02
-7.606958670334e+00,4.398610859932e+00,8.602785196470e-02
-7.606726431079e+00,5.467718502876e+00,8.074155364964e-02
-7.606130570256e+00,4.164101027756e+00,8.670625737030e-02
-7.605927957584e+00,1.620236261702e+00,9.008440606187e-02
-7.605747307743e+00,5.897146485397e+00,7.646906763652e-02
-7.605728933037e+00,4.457505408425e+00,8.584765776114e-02
-7.605531318350e+00,9.218750295000e-01,9.037114401497e-02
-7.605273263422e+00,1.222373474757e+00,9.027018092923e-02
-7.604900573043e+00,1.562500050003e-02,9.050329053297e-02
-7.604669053814e+00,3.325732838364e+00,8.842535909585e-02
-7.604512425464e+00,4.105764571117e+00,8.686585231873e-02
-7.604390372812e+00,4.687500150007e-02,9.050425801182e-02
-7.604092035794e+00,2.225413575383e+00,8.968548474883e-02
-7.604041187117e+00,5.072926370129e+00,8.329752194542e-02
-7.603981523608e+00,9.531250305000e-01,9.036614069714e-02
-7.603914359047e+00,4.516497077571e+00,8.566297890514e-02
-7.603880172580e+00,7.812500250012e-02,9.050481449289e-02
-7.603369972348e+00,1.093750035002e-01,9.050515330671e-02
-7.603290843250e+00,3.709305085827e+00,8.775898759576e-02
-7.603264879967e+00,2.688923068837e+00,8.925562358370e-02
-7.602971421115e+00,3.488492567724e+00,8.816564155311e-02
-7.602859772117e+00,1.406250045003e-01,9.050525012412e-02
-7.602781415343e+00,4.882847705861e+00,8.423700825675e-02
-7.602706779431e+00,3.163774247899e+00,8.867310752909e-02
-7.602603338577e+00,2.793246682384e+00,8.914298541873e-02
-7.602589412576e+00,2.584896036478e+00,8.936538742353e-02
-7.602588464312e+00,7.015893675088e+00,2.509977584428e-02
-7.602456465528e+00,6.433573982514e+00,6.603252175255e-02
-7.602431728866e+00,9.843750315000e-01,9.036033968639e-02
-7.602349571885e+00,1.718750055004e-01,9.050493635736e-02
-7.602340213245e+00,4.047553926639e+00,8.702166700294e-02
-7.602173207639e+00,6.353905610491e+00,6.825573431730e-02
-7.602005764627e+00,6.513552030248e+00,6.344842925425e-02
-7.601839371653e+00,2.031250065004e-01,9.050440493689e-02
-7.601618738768e+00,5.603260445970e+00,7.967315422434e-02
-7.601509946122e+00,4.575580934628e+00,8.547368483085e-02
-7.601329171421e+00,2.343750075005e-01,9.050363125236e-02
-7.601160240792e+00,6.274553232964e+00,7.018855251262e-02
-7.600818971190e+00,2.656250085005e-01,9.050244670946e-02
-7.600816907410e+00,6.593833392088e+00,6.040815908411e-02
-7.600599094853e+00,2.481185468610e+00,8.947233086033e-02
-7.600582907909e+00,2.897846620227e+00,8.902741960463e-02
-7.600549096446e+00,5.819676826631e+00,7.749495475418e-02
-7.600324809697e+00,1.470304751731e+00,9.017534051914e-02
-7.600308770958e+00,2.968750095005e-01,9.050104394113e-02
-7.600192357349e+00,1.971242343176e+00,8.988606071332e-02
-7.600150869674e+00,1.820159173288e+00,8.998442217385e-02
-7.599798570726e+00,3.281250105004e-01,9.049939879879e-02
-7.599619184506e+00,3.989473723244e+00,8.717380673686e-02
-7.599421866605e+00,6.195523125658e+00,7.188423165316e-02
-7.599288370495e+00,3.593750115003e-01,9.049734114877e-02
-7.599026973066e+00,1.024648502473e+00,9.035612800548e-02
-7.598953313294e+00,1.271711488348e+00,9.026666013395e-02
-7.598885749202e+00,6.674411663825e+00,5.677962947721e-02
-7.598778170263e+00,3.906250125003e-01,9.049503938957e-02
-7.598512768100e+00,5.264066647845e+00,8.224507790724e-02
-7.598510728871e+00,4.634752004514e+00,8.527943171237e-02
-7.598267970032e+00,4.218750135002e-01,9.049242462662e-02
-7.597933328668e+00,5.395836401710e+00,8.137157017177e-02
-7.597757769800e+00,4.531250145001e-01,9.048943964842e-02
-7.597746729360e+00,2.122804053026e+00,8.978388325292e-02
-7.597673393559e+00,1.669606186884e+00,9.007933419784e-02
-7.597518347940e+00,3.651965524080e+00,8.789343171279e-02
-7.597316357072e+00,2.377810872068e+00,8.957650820685e-02
-7.597247569568e+00,4.843750155000e-01,9.048623248540e-02
-7.597181990940e+00,3.002702256574e+00,8.890887364097e-02
-7.596962438241e+00,6.116821520637e+00,7.338375865697e-02
-7.596770330975e+00,7.097991263783e+00,1.008800052430e-02
-7.596563844706e+00,4.942493446356e+00,8.400875478752e-02
-7.596354624273e+00,3.931528545524e+00,8.732237366652e-02
-7.596225132056e+00,5.156250165000e-01,9.048398724325e-02
-7.596208198144e+00,6.755280399576e+00,5.237433074740e-02
-7.595755500129e+00,5.132833287052e+00,8.304316076941e-02
-7.595650494544e+00,3.269320567994e+00,8.854493342004e-02
-7.595300359168e+00,3.431680907695e+00,8.829098118895e-02
-7.594911779020e+00,4.694005270188e+00,8.507905130914e-02
-7.594690457262e+00,5.468750175001e-01,9.048260494893e-02
-7.594651363423e+00,5.742565467479e+00,7.842638774040e-02
-7.593959054274e+00,5.528083383702e+00,8.040787289693e-02
-7.593786359965e+00,6.038454605966e+00,7.471919261667e-02
-7.593652380604e+00,1.073932854502e+00,9.035337166531e-02
-7.593155782469e+00,5.781250185001e-01,9.048100210434e-02
-7.592812063032e+00,1.519633721340e+00,9.017085588732e-02
-7.592780215500e+00,6.836433112268e+00,4.691358747588e-02
-7.592763895871e+00,2.274791372015e+00,8.967797397649e-02
-7.592551851442e+00,3.873722933312e+00,8.746726751776e-02
-7.592402155616e+00,1.321017728969e+00,9.026294902030e-02
-7.592379279766e+00,3.107792600869e+00,8.878718836703e-02
-7.591621107675e+00,6.093750195002e-01,9.047912583493e-02
-7.591232667749e+00,3.594786635645e+00,8.802481628450e-02
-7.590908362210e+00,1.869506221804e+00,8.997856441231e-02
-7.590708205892e+00,4.753335672654e+00,8.487350333435e-02
-7.590185184626e+00,2.020594682981e+00,8.987960718877e-02
-7.590086432882e+00,6.406250205002e-01,9.047686215064e-02
-7.589898086615e+00,5.960428525495e+00,7.591597021450e-02
-7.589720548393e+00,5.002194494744e+00,8.377442900103e-02
-7.589437556143e+00,2.738285644642e+00,8.924626995973e-02
-7.589337535523e+00,2.634259342864e+00,8.935644279227e-02
-7.589185011957e+00,1.718932281513e+00,9.007406883519e-02
-7.588597816488e+00,6.917863273518e+00,3.996732718100e-02
-7.588551758088e+00,6.718750215003e-01,9.047437660918e-02
-7.588216218457e+00,3.816061381362e+00,8.760820145528e-02
-7.588193882871e+00,2.842599835379e+00,8.913322512222e-02
-7.588106109971e+00,5.324179182304e+00,8.196052843258e-02
-7.588058757576e+00,5.665818377062e+00,7.927577264410e-02
-7.588048115738e+00,1.123191329251e+00,9.035042656508e-02
-7.587915857917e+00,2.530540947956e+00,8.946379675074e-02
-7.587136251387e+00,3.375045898359e+00,8.841349250998e-02
-7.587017083295e+00,7.031250225003e-01,9.047162412485e-02
-7.586964667446e+00,2.172145711460e+00,8.977678270995e-02
-7.586828233935e+00,5.192778349616e+00,8.278184165981e-02
-7.586153761901e+00,3.213096300117e+00,8.866182306879e-02
-7.586021855684e+00,5.456089447733e+00,8.106087821154e-02
-7.585895156646e+00,4.812738111381e+00,8.466262944323e-02
-7.585619988265e+00,1.370290788511e+00,9.025904729441e-02
-7.585584759091e+00,2.947181525070e+00,8.901725583002e-02
-7.585482408501e+00,7.343750235004e-01,9.046847444547e-02
-7.585302123303e+00,5.882749378324e+00,7.699453183176e-02
-7.585194834334e+00,2.427150103072e+00,8.956838543483e-02
-7.585066960259e+00,1.568923516098e+00,9.016617903669e-02
-7.584439311601e+00,3.537772699912e+00,8.815322322252e-02
-7.583947733708e+00,7.656250245004e-01,9.046499709739e-02
-7.583842157552e+00,4.330261479651e+00,8.636106248627e-02
-7.583765805881e+00,4.271701645019e+00,8.652855590790e-02
-7.583657070686e+00,6.999564314025e+00,3.083510820692e-02
-7.583353110844e+00,3.758548339358e+00,8.774591734901e-02
-7.583345776093e+00,4.388929233011e+00,8.618947642758e-02
-7.583121838328e+00,4.213254521090e+00,8.669207033750e-02
-7.582744850220e+00,6.418192417447e+00,6.718421146815e-02
-7.582413058914e+00,7.968750255003e-01,9.046160885821e-02
-7.582402794252e+00,6.498032769314e+00,6.479070520580e-02
-7.582353899670e+00,6.338662489629e+00,6.925463160795e-02
-7.582271579913e+00,4.447700070193e+00,8.601368060428e-02
-7.582246835355e+00,5.061945575445e+00,8.353383879722e-02
-7.582214340375e+00,1.172422528030e+00,9.034729243266e-02
-7.581915407600e+00,4.154924856375e+00,8.685171604522e-02
-7.581588713650e+00,3.052009957276e+00,8.889831054480e-02
-7.581430969122e+00,1.918803285990e+00,8.997251159625e-02
-7.581323529106e+00,6.578177190094e+00,6.199238925432e-02
-7.581234197517e+00,6.259449298147e+00,7.106308202995e-02
-7.581197044326e+00,2.324106071827e+00,8.967026271822e-02
-7.580878384121e+00,8.281250265001e-01,9.045724858630e-02
-7.580775976529e+00,5.589441478202e+00,8.005310074926e-02
-7.580614523606e+00,4.506569113241e+00,8.583355429461e-02
-7.580467816493e+00,4.872207444761e+00,8.444626583452e-02
-7.580463084143e+00,1.768213121936e+00,9.006860965180e-02
-7.580151701669e+00,4.096717355394e+00,8.700760002992e-02
-7.580003025229e+00,5.805423218128e+00,7.797149094329e-02
-7.579941882414e+00,2.069892244712e+00,8.987295745126e-02
-7.579502904928e+00,6.658619282021e+00,5.867744761748e-02
-7.579390050422e+00,6.180559112188e+00,7.265618224840e-02
-7.579343709327e+00,8.593750275001e-01,9.045298850717e-02
-7.578607017674e+00,1.419529260223e+00,9.025495465569e-02
-7.578484725052e+00,3.318591645307e+00,8.853325141508e-02
-7.578369598283e+00,4.565531441435e+00,8.564897306639e-02
-7.577967946827e+00,3.701188211750e+00,8.788050086336e-02
-7.577954102012e+00,7.081529624456e+00,1.829403723833e-02
-7.577835943215e+00,4.038636678827e+00,8.715982611914e-02
-7.577809034534e+00,8.906250285001e-01,9.044849212958e-02
-7.577254824430e+00,5.252756151207e+00,8.251333743662e-02
-7.577143819751e+00,3.480927950224e+00,8.827873211877e-02
-7.577089744348e+00,1.618172721175e+00,9.016130965053e-02
-7.577042425347e+00,5.384312275479e+00,8.166796089497e-02
-7.576936824638e+00,6.739352605610e+00,5.468871622367e-02
-7.576825816552e+00,6.101998157240e+00,7.407011274761e-02
-7.576274359740e+00,9.218750295000e-01,9.044333409103e-02
-7.576184567131e+00,3.157064011426e+00,8.877610027644e-02
-7.576151224982e+00,1.221625052832e+00,9.034396898854e-02
-7.575945329763e+00,2.221427735718e+00,8.976948257050e-02
-7.575843393568e+00,2.683547426635e+00,8.934729535322e-02
-7.575531831830e+00,4.624582091674e+00,8.545980865606e-02
-7.575366756735e+00,2.787569356876e+00,8.923671316905e-02
-7.575361582775e+00,1.562500050003e-02,9.057401722365e-02
-7.574991618950e+00,2.579824804565e+00,8.945506034724e-02
-7.574973389276e+00,3.980687443303e+00,8.730849506576e-02
-7.574856409147e+00,4.687500150007e-02,9.057494909843e-02
-7.574739684947e+00,9.531250305000e-01,9.043827859620e-02
-7.574421409279e+00,4.931738489945e+00,8.422424303151e-02
-7.574351235518e+00,7.812500250012e-02,9.057548268436e-02
-7.574138054087e+00,5.121741372727e+00,8.328678512745e-02
-7.574005397168e+00,5.728456052902e+00,7.886048975888e-02
-7.573846061890e+00,1.093750035002e-01,9.057580290154e-02
-7.573621244238e+00,6.820370680158e+00,4.979809931176e-02
-7.573545905133e+00,6.023772614757e+00,7.533338208627e-02
-7.573539794090e+00,2.891870442947e+00,8.912326147394e-02
-7.573442668372e+00,5.516350672074e+00,8.073894072173e-02
-7.573340888261e+00,1.406250045003e-01,9.057587214378e-02
-7.573205010153e+00,9.843750315000e-01,9.043265847924e-02
-7.572835714633e+00,1.718750055004e-01,9.057555265236e-02
-7.572833623917e+00,2.476421269014e+00,8.956006101994e-02
-7.572330541005e+00,2.031250065004e-01,9.057501979652e-02
-7.572096289179e+00,4.683716058857e+00,8.526524302542e-02
-7.572066177034e+00,3.643985357404e+00,8.801203528333e-02
-7.571825367376e+00,2.343750075005e-01,9.057422652449e-02
-7.571718999284e+00,1.968048935802e+00,8.996626339987e-02
-7.571569330935e+00,3.922874221081e+00,8.745370464134e-02
-7.571507890139e+00,1.817447286228e+00,9.006295632114e-02
-7.571485089062e+00,7.163752555891e+00,1.150235528310e-05
-7.571363458840e+00,1.468731738673e+00,9.025067079700e-02
-7.571320193748e+00,2.656250085005e-01,9.057305340647e-02
-7.570815020120e+00,2.968750095005e-01,9.057166636050e-02
-7.570340873471e+00,2.996430163187e+00,8.900688871222e-02
-7.570309846491e+00,3.281250105004e-01,9.057000957282e-02
-7.569858948499e+00,1.270797507028e+00,9.034045594589e-02
-7.569816614274e+00,1.024565115524e+00,9.042843167579e-02
-7.569804672863e+00,3.593750115003e-01,9.056798052238e-02
-7.569554775911e+00,5.945888621950e+00,7.646875813280e-02
-7.569552173634e+00,6.901666983611e+00,4.366146309348e-02
-7.569462788826e+00,2.119133590780e+00,8.986609889533e-02
-7.569391870054e+00,2.373356221470e+00,8.966235058844e-02
-7.569351763471e+00,3.424256573538e+00,8.840142030752e-02
-7.569351437401e+00,3.262322207246e+00,8.865033161418e-02
-7.569299499234e+00,3.906250125003e-01,9.056571213282e-02
-7.568880666921e+00,1.667379923050e+00,9.015624740665e-02
-7.568794325606e+00,4.218750135002e-01,9.056309529705e-02
-7.568289151978e+00,4.531250145001e-01,9.056015705032e-02
-7.568058072788e+00,4.742928295886e+00,8.506503792479e-02
-7.567783978349e+00,4.843750155000e-01,9.055700100584e-02
-7.567751197737e+00,4.991326023244e+00,8.399638565138e-02
-7.567629093064e+00,3.865201539625e+00,8.759480748389e-02
-7.567313892754e+00,5.651853844996e+00,7.967283511886e-02
-7.567030748009e+00,5.312761246043e+00,8.223741228152e-02
-7.566771614113e+00,5.156250165000e-01,9.055472490386e-02
-7.565748650576e+00,3.101227630731e+00,8.888754432843e-02
-7.565653284189e+00,3.586944089256e+00,8.814060157549e-02
-7.565389593070e+00,5.181576530790e+00,8.303306168906e-02
-7.565317280288e+00,5.444460392590e+00,8.136710399266e-02
-7.565252059268e+00,5.468750175001e-01,9.055333379025e-02
-7.564856938862e+00,5.868352271252e+00,7.749464388754e-02
-7.564725677061e+00,6.983234952962e+00,3.573409343768e-02
-7.564689084013e+00,2.270648681388e+00,8.976198243552e-02
-7.564460742440e+00,1.073682816473e+00,9.042568167515e-02
-7.563889535320e+00,1.517896819734e+00,9.024619540484e-02
-7.563732504423e+00,5.781250185001e-01,9.055172644671e-02
-7.563412322876e+00,4.802213714086e+00,8.485970454912e-02
-7.563337698354e+00,1.319938495241e+00,9.033675301068e-02
-7.563158034012e+00,3.807673881288e+00,8.773264910720e-02
-7.563033234912e+00,6.402810852380e+00,6.825544690434e-02
-7.562799823876e+00,6.482513508380e+00,6.603223936832e-02
-7.562534591700e+00,6.323419368768e+00,7.018826098983e-02
-7.562319718633e+00,1.866633354160e+00,9.005710851253e-02
-7.562212949578e+00,6.093750195002e-01,9.054979062571e-02
-7.562107449443e+00,2.732758813370e+00,8.933794479270e-02
-7.561830150801e+00,6.562520988101e+00,6.344815310858e-02
-7.561826818777e+00,2.629035571485e+00,8.944612130734e-02
-7.561772770233e+00,2.017241743295e+00,8.995981949455e-02
-7.561308154241e+00,6.244345363330e+00,7.188393673254e-02
-7.561068744819e+00,3.367762709919e+00,8.852136292609e-02
-7.561052966773e+00,2.836772723524e+00,8.922695293215e-02
-7.560693394733e+00,6.406250205002e-01,9.054753535697e-02
-7.560452483594e+00,5.050964780761e+00,8.376251216165e-02
-7.560439988196e+00,1.716543709828e+00,9.015099197760e-02
-7.560233144910e+00,2.525622911024e+00,8.955153459583e-02
-7.560191424096e+00,5.576614452134e+00,8.040675503552e-02
-7.560120060654e+00,6.642826900217e+00,6.040789080672e-02
-7.560075705335e+00,4.320704637192e+00,8.651415638400e-02
-7.559847785331e+00,4.262270648072e+00,8.667769758692e-02
-7.559742075251e+00,3.206241595832e+00,8.876480468946e-02
-7.559732881852e+00,4.379247606090e+00,8.634665831302e-02
-7.559456954013e+00,5.791169609626e+00,7.842607572415e-02
-7.559358234240e+00,6.165595098718e+00,7.338346089984e-02
-7.559173839889e+00,6.718750215003e-01,9.054506256331e-02
-7.559137873048e+00,7.065067985128e+00,2.509963160346e-02
-7.559054245514e+00,4.203950418562e+00,8.683739049436e-02
-7.558877438910e+00,1.122774892603e+00,9.042274338324e-02
-7.558814226789e+00,4.437894731961e+00,8.617509153561e-02
-7.558748250727e+00,2.168317285693e+00,8.985900994293e-02
-7.558734782740e+00,3.530068674119e+00,8.826627844790e-02
-7.558641579651e+00,2.941057016287e+00,8.911309423416e-02
-7.558161545133e+00,3.750295683312e+00,8.786737004351e-02
-7.558154217643e+00,4.861567183661e+00,8.464908758265e-02
-7.557700244944e+00,4.145748684995e+00,8.699334051109e-02
-7.557665451133e+00,6.723424811645e+00,5.677937132298e-02
-7.557654285044e+00,7.031250225003e-01,9.054225817747e-02
-7.557348770797e+00,2.422540369989e+00,8.965423720168e-02
-7.557314688165e+00,4.496641148911e+00,8.599934084588e-02
-7.556689194863e+00,6.087174793844e+00,7.471889247238e-02
-7.556587670513e+00,1.369046622965e+00,9.033285988175e-02
-7.556185479195e+00,1.567023100822e+00,9.024152815945e-02
-7.556151522025e+00,5.372788149247e+00,8.195382132402e-02
-7.556134730199e+00,7.343750235004e-01,9.053913416459e-02
-7.555996880760e+00,5.241445654568e+00,8.277245460084e-02
-7.555790977873e+00,4.087670139671e+00,8.714564996872e-02
-7.555229250443e+00,4.555481948241e+00,8.581928756488e-02
-7.554851781154e+00,3.045591039131e+00,8.899631805727e-02
-7.554615175354e+00,7.656250245004e-01,9.053564594104e-02
-7.554462272975e+00,6.804308248047e+00,5.237408593724e-02
-7.553359430914e+00,5.714346638325e+00,7.927545965622e-02
-7.553331673185e+00,4.029719431016e+00,8.729441821694e-02
-7.553305450301e+00,6.009090623548e+00,7.591566804744e-02
-7.553196306656e+00,2.319807106466e+00,8.975428190469e-02
-7.553095620509e+00,7.968750255003e-01,9.053221381437e-02
-7.553066864010e+00,1.171839958870e+00,9.041961652204e-02
-7.552926282470e+00,5.504617960447e+00,8.105726161405e-02
-7.552898867001e+00,1.915769907099e+00,9.005106589147e-02
-7.552784934761e+00,7.147159437412e+00,1.008793761011e-02
-7.552645050404e+00,3.693071337674e+00,8.799905255799e-02
-7.552552934788e+00,4.614412178834e+00,8.563480943075e-02
-7.552520608045e+00,5.110649458402e+00,8.352243462256e-02
-7.552300396290e+00,3.311450452249e+00,8.863863297434e-02
-7.552278973852e+00,4.920983533534e+00,8.443302645072e-02
-7.551767976968e+00,1.765662671350e+00,9.014554303088e-02
-7.551592608246e+00,2.066380282278e+00,8.995317954920e-02
-7.551576065665e+00,8.281250265002e-01,9.052796796665e-02
-7.551316218387e+00,3.473363332723e+00,8.838914240876e-02
-7.550506530781e+00,6.885470693705e+00,4.691336079073e-02
-7.550327594047e+00,3.971901163362e+00,8.743974171197e-02
-7.550056510820e+00,8.593750275001e-01,9.052365904522e-02
-7.549662354831e+00,3.150353774954e+00,8.887657485002e-02
-7.549609069416e+00,1.418120497040e+00,9.032877625101e-02
-7.549280799339e+00,4.673426847526e+00,8.544578048436e-02
-7.549211465207e+00,5.931348718405e+00,7.699422794096e-02
-7.548536955975e+00,8.906250285001e-01,9.051930153768e-02
-7.548421907169e+00,2.678171784434e+00,8.943697929233e-02
-7.548251531111e+00,1.616109180648e+00,9.023666873511e-02
-7.548130174894e+00,2.781892031367e+00,8.932839080262e-02
-7.547798623732e+00,2.217441896052e+00,8.985172154971e-02
-7.547393825323e+00,2.574753572653e+00,8.954280579833e-02
-7.547029186542e+00,1.220876630907e+00,9.041630080585e-02
-7.547017401130e+00,9.218750295000e-01,9.051411069757e-02
-7.546784037596e+00,3.914219896637e+00,8.758121805715e-02
-7.546614006128e+00,3.636005190728e+00,8.812777666206e-02
-7.546569027932e+00,5.637889312929e+00,8.005278691954e-02
-7.546496680270e+00,2.885894265666e+00,8.921698897703e-02
-7.545955386047e+00,5.301343309783e+00,8.250474205763e-02
-7.545822592507e+00,1.562500050003e-02,9.064335513904e-02
-7.545794283436e+00,6.966905591899e+00,3.996712606112e-02
-7.545781847082e+00,4.980457551744e+00,8.421135511272e-02
-7.545497846285e+00,9.531250305000e-01,9.050900833961e-02
-7.545407939684e+00,4.732520919118e+00,8.525089778473e-02
-7.545322445482e+00,4.687500150007e-02,9.064425273291e-02
-7.545068152982e+00,2.471657069418e+00,8.964592217306e-02
-7.544822298457e+00,7.812500250012e-02,9.064476422379e-02
-7.544612704893e+00,5.432831337448e+00,8.166231019853e-02
-7.544411754422e+00,5.853955164179e+00,7.797118557696e-02
-7.544322151432e+00,1.093750035002e-01,9.064506651311e-02
-7.543978291440e+00,9.843750315000e-01,9.050356088425e-02
-7.543950952204e+00,5.170374711964e+00,8.327595841424e-02
-7.543822004406e+00,1.406250045003e-01,9.064510952652e-02
-7.543499756003e+00,2.990158069800e+00,8.910272317278e-02
-7.543403167775e+00,3.416832239381e+00,8.850926782397e-02
-7.543321857381e+00,1.718750055004e-01,9.064478458643e-02
-7.543321619604e+00,6.387429287312e+00,6.925434986108e-02
-7.543245641218e+00,1.964855528427e+00,9.004482811992e-02
-7.543196853500e+00,6.466994247446e+00,6.718393457815e-02
-7.543052380258e+00,3.255323846498e+00,8.875330137277e-02
-7.542864910604e+00,1.814735399168e+00,9.013990022922e-02
-7.542821710356e+00,2.031250065004e-01,9.064425044051e-02
-7.542715283730e+00,6.308176247906e+00,7.106279624506e-02
-7.542706334686e+00,3.856680145938e+00,8.771918313457e-02
-7.542402107982e+00,1.467158725615e+00,9.032450180352e-02
-7.542336772497e+00,6.546864786108e+00,6.479043423094e-02
-7.542321563331e+00,2.343750075005e-01,9.064343895247e-02
-7.541821416306e+00,2.656250085005e-01,9.064227701308e-02
-7.541467383035e+00,2.368901570872e+00,8.974638057690e-02
-7.541382110965e+00,6.229241428514e+00,7.265589307080e-02
-7.541321269281e+00,2.968750095005e-01,9.064090531242e-02
-7.541178848291e+00,2.115463128535e+00,8.994634323073e-02
-7.540929489106e+00,4.791689316790e+00,8.505087427577e-02
-7.540821122256e+00,3.281250105004e-01,9.063923827970e-02
-7.540764583703e+00,1.269883525709e+00,9.041279594145e-02
-7.540737216379e+00,6.627034518412e+00,6.199212559115e-02
-7.540606255481e+00,1.024481728574e+00,9.049932151874e-02
-7.540321644085e+00,7.048606345800e+00,3.083494494447e-02
-7.540320975231e+00,3.593750115003e-01,9.063723706079e-02
-7.540087940282e+00,1.665153659217e+00,9.023161680028e-02
-7.540073900629e+00,3.579101542867e+00,8.825362016979e-02
-7.539865081468e+00,5.564779367766e+00,8.073632186205e-02
-7.539820828206e+00,3.906250125003e-01,9.063500112889e-02
-7.539326418057e+00,6.150631085248e+00,7.406982069402e-02
-7.539320681180e+00,4.218750135002e-01,9.063238360986e-02
-7.539118021385e+00,3.094662660593e+00,8.898554368311e-02
-7.538910882795e+00,5.776916001123e+00,7.886018312494e-02
-7.538820534155e+00,4.531250145001e-01,9.062949077987e-02
-7.538658131832e+00,5.039983986076e+00,8.398390184381e-02
-7.538394077628e+00,6.707497017679e+00,5.867719315438e-02
-7.538320387130e+00,4.843750155000e-01,9.062638440569e-02
-7.538099849567e+00,3.799286381213e+00,8.785403945143e-02
-7.537318096170e+00,5.156250165000e-01,9.062408009113e-02
-7.536614272156e+00,2.266505990761e+00,8.984423330246e-02
-7.536552573175e+00,6.072351430447e+00,7.533308757631e-02
-7.536309253118e+00,4.311147794732e+00,8.666313971310e-02
-7.536119987611e+00,4.369565979169e+00,8.649957567347e-02
-7.535929764781e+00,4.252839651124e+00,8.682287618456e-02
-7.535840618793e+00,4.850926922561e+00,8.484576215071e-02
-7.535813661274e+00,5.468750175001e-01,9.062268073447e-02
-7.535356873665e+00,4.428089393729e+00,8.633207719850e-02
-7.535303301713e+00,6.788245815937e+00,5.468847358887e-02
-7.535269104277e+00,1.073432778444e+00,9.049657818306e-02
-7.535260618704e+00,5.361264023015e+00,8.222969396241e-02
-7.535001238252e+00,3.360479521478e+00,8.862672697350e-02
-7.534986652699e+00,4.194646316035e+00,8.697888888987e-02
-7.534967007608e+00,1.516159918127e+00,9.032003621769e-02
-7.534777342743e+00,2.727231982099e+00,8.942763396796e-02
-7.534738937091e+00,5.230135157929e+00,8.302288194729e-02
-7.534316102032e+00,2.623811800105e+00,8.953387426599e-02
-7.534309226377e+00,5.781250185001e-01,9.062106933711e-02
-7.534273241092e+00,1.318859261513e+00,9.040910162810e-02
-7.534084780460e+00,7.130566318933e+00,1.829393379048e-02
-7.534014852725e+00,4.486713184581e+00,8.616053426346e-02
-7.533912050676e+00,2.830945611669e+00,8.931863308124e-02
-7.533731075056e+00,1.863760486516e+00,9.013406323088e-02
-7.533485082288e+00,4.136572513615e+00,8.713127865537e-02
-7.533360355839e+00,2.013888803609e+00,9.003839485667e-02
-7.533330388601e+00,3.199386891546e+00,8.886540198194e-02
-7.533064995468e+00,5.994408632339e+00,7.646846151128e-02
-7.533030253878e+00,3.522364648326e+00,8.837665875334e-02
-7.532969979423e+00,3.742043027266e+00,8.798586824315e-02
-7.532804791481e+00,6.093750195002e-01,9.061907785546e-02
-7.532713464660e+00,5.700237223748e+00,7.967252739278e-02
-7.532550431902e+00,2.520704874092e+00,8.963740511882e-02
-7.532409896568e+00,5.492885248819e+00,8.136261457011e-02
-7.532088902604e+00,4.545432455048e+00,8.598483359004e-02
-7.531698400211e+00,2.934932507504e+00,8.920682104006e-02
-7.531694964436e+00,1.714155138144e+00,9.022637201783e-02
-7.531460887927e+00,6.869274403798e+00,4.979787229165e-02
-7.531430254077e+00,4.078622923948e+00,8.728014341787e-02
-7.531300356585e+00,6.406250205002e-01,9.061683105655e-02
-7.530903162002e+00,5.099557544077e+00,8.375048900450e-02
-7.530531834008e+00,2.164488859926e+00,8.993931020435e-02
-7.530136538425e+00,4.910228577123e+00,8.463540912084e-02
-7.529795921689e+00,6.718750215003e-01,9.061437093411e-02
-7.529706762082e+00,1.122358455955e+00,9.049364704014e-02
-7.529574037747e+00,4.604242265994e+00,8.580485854667e-02
-7.529502707260e+00,2.417930636906e+00,8.973827805074e-02
-7.528868154503e+00,5.916808814861e+00,7.749434544094e-02
-7.528827403155e+00,4.020802183204e+00,8.742557830817e-02
-7.528291486793e+00,7.031250225003e-01,9.061151858049e-02
-7.528114848658e+00,3.039172120985e+00,8.909214807021e-02
-7.527555352762e+00,1.367802457418e+00,9.040521755772e-02
-7.527322153981e+00,3.684954463597e+00,8.811474855596e-02
-7.527303998132e+00,1.565122685546e+00,9.031537916540e-02
-7.527079915517e+00,7.212778835289e+00,1.150235530069e-05
-7.526862889811e+00,6.950576230836e+00,4.366125737751e-02
-7.526787051897e+00,7.343750235004e-01,9.060841976939e-02
-7.526465309498e+00,4.663137636195e+00,8.562048904491e-02
-7.526129368806e+00,5.624938965849e+00,8.040564263272e-02
-7.526116067528e+00,3.304309259192e+00,8.874159010670e-02
-7.525681798817e+00,3.963114883421e+00,8.756743353921e-02
-7.525488617023e+00,3.465798715223e+00,8.849696599729e-02
-7.525282617001e+00,7.656250245004e-01,9.060492257265e-02
-7.525195568986e+00,2.315508141104e+00,8.983654478634e-02
-7.524880024085e+00,5.289925373523e+00,8.276299635517e-02
-7.524366764881e+00,1.912736528208e+00,9.012803168992e-02
-7.523966569982e+00,5.839558057106e+00,7.842577569301e-02
-7.523919387644e+00,1.171257389710e+00,9.049052780628e-02
-7.523908129497e+00,5.421202282305e+00,8.194707153330e-02
-7.523812496426e+00,4.969589080244e+00,8.441965783343e-02
-7.523778182105e+00,7.968750255003e-01,9.060143067433e-02
-7.523610004296e+00,6.372047722245e+00,7.018798480073e-02
-7.523593883125e+00,6.451474986512e+00,6.825517544988e-02
-7.523243334078e+00,2.062868319844e+00,9.003176575765e-02
-7.523140142531e+00,3.143643538482e+00,8.897456542047e-02
-7.523072869793e+00,1.763112220763e+00,9.022093404527e-02
-7.522895975761e+00,6.292933127044e+00,7.188365654756e-02
-7.522843394193e+00,6.531208584115e+00,6.603197358687e-02
-7.522757806580e+00,4.722113542349e+00,8.543132847516e-02
-7.522512311338e+00,5.159172893138e+00,8.351093279678e-02
-7.522273747208e+00,8.281250265002e-01,9.059731389590e-02
-7.521998744257e+00,3.905565572194e+00,8.770551972529e-02
-7.521505415122e+00,7.032144706473e+00,3.573391803654e-02
-7.521456067690e+00,6.214137493697e+00,7.338317731041e-02
-7.521354372105e+00,6.611242136608e+00,6.344789421487e-02
-7.521161835222e+00,3.628025024052e+00,8.824075729997e-02
-7.521000420770e+00,2.672796142233e+00,8.952473964066e-02
-7.520893593052e+00,2.776214705859e+00,8.941808500511e-02
-7.520769312312e+00,8.593750275001e-01,9.059296074457e-02
-7.520611121159e+00,1.416711733857e+00,9.040114341501e-02
-7.519796031697e+00,2.569682340741e+00,8.962868565691e-02
-7.519651917702e+00,2.213456056387e+00,8.993208013409e-02
-7.519538738840e+00,5.552944283398e+00,8.105325340328e-02
-7.519453566451e+00,2.879918088386e+00,8.930867133386e-02
-7.519413317875e+00,1.614045640121e+00,9.031053031224e-02
-7.519294601874e+00,6.135667071778e+00,7.471860595890e-02
-7.519264877416e+00,8.906250285001e-01,9.058868321672e-02
-7.519122704122e+00,6.691569223714e+00,6.040764040821e-02
-7.518446655336e+00,4.781164919495e+00,8.523639694209e-02
-7.518364811578e+00,5.762662392621e+00,7.927515824420e-02
-7.517907148103e+00,1.220128208981e+00,9.048722018991e-02
-7.517783576307e+00,3.848158752251e+00,8.784050931361e-02
-7.517760442520e+00,9.218750295000e-01,9.058351621044e-02
-7.517454572078e+00,3.409407905224e+00,8.861461345203e-02
-7.517302682047e+00,2.466892869823e+00,8.972997392492e-02
-7.516863780070e+00,5.029003191392e+00,8.419834567620e-02
-7.516753323115e+00,3.248325485750e+00,8.885392549624e-02
-7.516658638534e+00,2.983885976413e+00,8.919644886671e-02
-7.516415951486e+00,6.057528067050e+00,7.591537900519e-02
-7.516283602238e+00,1.562500050003e-02,9.071134648750e-02
-7.516256007624e+00,9.531250305000e-01,9.057837193852e-02
-7.516144330450e+00,6.772183383827e+00,5.677913160297e-02
-7.515788481817e+00,4.687500150008e-02,9.071221106316e-02
-7.515384626159e+00,7.113973200455e+00,2.509950178528e-02
-7.515293361395e+00,7.812500250012e-02,9.071270122494e-02
-7.514798240973e+00,1.093750035002e-01,9.071298622614e-02
-7.514772283153e+00,1.961662121052e+00,9.012180525653e-02
-7.514751572728e+00,9.843750315000e-01,9.057308935586e-02
-7.514494517069e+00,3.571258996478e+00,8.836396930132e-02
-7.514369715382e+00,5.349739896783e+00,8.249608516706e-02
-7.514303120551e+00,1.406250045003e-01,9.071300428394e-02
-7.514221931070e+00,1.812023512108e+00,9.021530253502e-02
-7.513808000130e+00,1.718750055004e-01,9.071267415747e-02
-7.513542896016e+00,2.364446920275e+00,8.982865558525e-02
-7.513527019943e+00,4.840286661461e+00,8.503656137758e-02
-7.513480993421e+00,5.218824661290e+00,8.326504300597e-02
-7.513440757124e+00,1.465585712556e+00,9.039687887755e-02
-7.513312879708e+00,2.031250065004e-01,9.071213885809e-02
-7.513041665123e+00,3.790898881138e+00,8.797248250008e-02
-7.512894907757e+00,2.111792666289e+00,9.002494047639e-02
-7.512824540636e+00,5.979726641131e+00,7.699393669869e-02
-7.512817759286e+00,2.343750075005e-01,9.071131043964e-02
-7.512542800902e+00,4.301590952273e+00,8.680817367079e-02
-7.512507093370e+00,4.359884352247e+00,8.664839734841e-02
-7.512487392195e+00,3.088097690455e+00,8.908136871821e-02
-7.512415245073e+00,6.853078113892e+00,5.237385995419e-02
-7.512322638864e+00,2.656250085005e-01,9.071015943921e-02
-7.512067498406e+00,5.686127809171e+00,8.005248428101e-02
-7.512011744230e+00,4.243408654177e+00,8.696424564481e-02
-7.511899520540e+00,4.418284055496e+00,8.648481448654e-02
-7.511893510666e+00,5.481152537192e+00,8.165662688328e-02
-7.511827518442e+00,2.968750095005e-01,9.070880271845e-02
-7.511670218908e+00,1.268969544390e+00,9.048372389163e-02
-7.511395896689e+00,1.024398341625e+00,9.056883980250e-02
-7.511332398020e+00,3.281250105004e-01,9.070712674210e-02
-7.511295213643e+00,1.662927395383e+00,9.030548931768e-02
-7.510919059884e+00,4.185342213507e+00,8.711671258256e-02
-7.510837277599e+00,3.593750115003e-01,9.070515261345e-02
-7.510715017284e+00,4.476785220251e+00,8.631731993092e-02
-7.510342157177e+00,3.906250125003e-01,9.070294825954e-02
-7.509847036755e+00,4.218750135002e-01,9.070033133610e-02
-7.509351916333e+00,4.531250145001e-01,9.069748265587e-02
-7.509285715960e+00,5.088465629752e+00,8.397130457092e-02
-7.509269919632e+00,4.127396342234e+00,8.726567099854e-02
-7.508948554765e+00,4.535382961855e+00,8.614580547687e-02
-7.508933731684e+00,3.353196333038e+00,8.872967068618e-02
-7.508856795911e+00,4.843750155000e-01,9.069442455668e-02
-7.508539460298e+00,2.262363300135e+00,8.992465268316e-02
-7.508524843799e+00,5.902268911316e+00,7.797089241087e-02
-7.508496740405e+00,7.196055042955e+00,1.008788168593e-02
-7.507994102999e+00,4.899473620712e+00,8.483167721351e-02
-7.507931496186e+00,6.934246869773e+00,4.691315299241e-02
-7.507864578227e+00,5.156250165000e-01,9.069209450206e-02
-7.507778413712e+00,3.733790371220e+00,8.810151735586e-02
-7.507447236043e+00,2.721705150827e+00,8.951540156816e-02
-7.507325725017e+00,3.514660622532e+00,8.848445735344e-02
-7.507069530282e+00,4.069575708224e+00,8.741121468836e-02
-7.506918701952e+00,3.192532187261e+00,8.896338311384e-02
-7.506805385286e+00,2.618588028726e+00,8.961976340750e-02
-7.506771134579e+00,2.825118499814e+00,8.940833208047e-02
-7.506595140705e+00,4.594072353154e+00,8.597015977894e-02
-7.506375263279e+00,5.468750175001e-01,9.069068744728e-02
-7.506077466114e+00,1.073182740414e+00,9.056610342775e-02
-7.506044479895e+00,1.514423016520e+00,9.039242361598e-02
-7.505994915378e+00,5.613002803754e+00,8.073369737246e-02
-7.505208783830e+00,1.317780027785e+00,9.048003860432e-02
-7.505142431479e+00,1.860887618873e+00,9.020947713468e-02
-7.504947941446e+00,2.010535863923e+00,9.011538357735e-02
-7.504885948332e+00,5.781250185001e-01,9.068905836582e-02
-7.504867718895e+00,2.515786837160e+00,8.972146779887e-02
-7.504755220772e+00,2.928807998721e+00,8.929850527359e-02
-7.504323133125e+00,4.011884935392e+00,8.755343480494e-02
-7.503990912749e+00,6.435955725578e+00,6.925408375803e-02
-7.503898388988e+00,6.356666157178e+00,7.106252549199e-02
-7.503804662122e+00,5.278507437263e+00,8.301262272671e-02
-7.503649819658e+00,4.652848424863e+00,8.579026825692e-02
-7.503521385541e+00,5.825160950033e+00,7.885988826930e-02
-7.503396633384e+00,6.093750195002e-01,9.068702892628e-02
-7.503350015888e+00,6.515552382122e+00,6.718367396783e-02
-7.503203554102e+00,5.409573227163e+00,8.222192395898e-02
-7.503076667791e+00,6.277690006183e+00,7.265561834183e-02
-7.502949940675e+00,1.711766566459e+00,9.030025583531e-02
-7.502689186159e+00,7.015683067146e+00,3.996694322210e-02
-7.502315417288e+00,2.160660434159e+00,9.001791866437e-02
-7.501999257558e+00,3.676837589521e+00,8.822768987720e-02
-7.501971527831e+00,6.595449754804e+00,6.479018018492e-02
-7.501907318437e+00,6.406250205002e-01,9.068479064034e-02
-7.501843145771e+00,4.958720608744e+00,8.462159518528e-02
-7.501656643724e+00,2.413320903822e+00,8.982056528239e-02
-7.501530024414e+00,6.199033558880e+00,7.406954253669e-02
-7.501377916162e+00,3.032753202839e+00,8.918587221242e-02
-7.501073670473e+00,5.147971074312e+00,8.373836075561e-02
-7.501036003587e+00,3.954328603480e+00,8.769165920478e-02
-7.500536085254e+00,1.121942019307e+00,9.056317974359e-02
-7.500418003490e+00,6.718750215003e-01,9.068231001493e-02
-7.500107673477e+00,4.711706165581e+00,8.560601299812e-02
-7.499931738765e+00,3.297168066134e+00,8.884220533781e-02
-7.499851330617e+00,6.675641429748e+00,6.199187949926e-02
-7.499661015659e+00,3.458234097723e+00,8.860229226747e-02
-7.499262785691e+00,6.120703058308e+00,7.533280644122e-02
-7.499212396212e+00,5.541109199030e+00,8.135810257002e-02
-7.498928688542e+00,7.031250225003e-01,9.067944646806e-02
-7.498523035011e+00,1.366558291872e+00,9.047616401326e-02
-7.498422517068e+00,1.563222270270e+00,9.038777729416e-02
-7.497818740361e+00,5.748408784118e+00,7.967223104789e-02
-7.497439373595e+00,7.343750235004e-01,9.067637240279e-02
-7.497213450918e+00,3.896911247751e+00,8.782677988614e-02
-7.497194831317e+00,2.311209175742e+00,8.991702751446e-02
-7.496985359188e+00,6.756120951716e+00,5.867695686183e-02
-7.496684471858e+00,7.097380081976e+00,3.083479800650e-02
-7.496617930232e+00,3.136933302010e+00,8.907038492083e-02
-7.496279329798e+00,6.042704703654e+00,7.646817777363e-02
-7.495963821565e+00,4.770640522199e+00,8.541651618962e-02
-7.495950058647e+00,7.656250245004e-01,9.067286799753e-02
-7.495834662761e+00,1.909703149317e+00,9.020345748732e-02
-7.495709664316e+00,3.620044857376e+00,8.835107403432e-02
-7.495069428308e+00,5.018022396707e+00,8.440616115644e-02
-7.494894059910e+00,2.059356357410e+00,9.010876629580e-02
-7.494771911279e+00,1.170674820550e+00,9.056006846090e-02
-7.494460743700e+00,7.968750255003e-01,9.066932105150e-02
-7.494377762619e+00,1.760561770177e+00,9.029482951304e-02
-7.493657011211e+00,2.770537380350e+00,8.950585969895e-02
-7.493578934371e+00,2.667420500032e+00,8.961063799365e-02
-7.493478812061e+00,5.338215770552e+00,8.275346807192e-02
-7.493369602219e+00,6.836881823985e+00,5.468824961379e-02
-7.492971428752e+00,8.281250265002e-01,9.066532739694e-02
-7.492860817929e+00,3.839637358565e+00,8.795889551797e-02
-7.492584085804e+00,5.965044649922e+00,7.749405941622e-02
-7.492410452631e+00,2.873941911105e+00,8.939837487726e-02
-7.492223049751e+00,5.207514164651e+00,8.349933455407e-02
-7.492198238071e+00,2.564611108829e+00,8.971275927322e-02
-7.491774152165e+00,5.673055135089e+00,8.040453579795e-02
-7.491613172902e+00,1.415302970674e+00,9.047209979622e-02
-7.491505976382e+00,3.401983571067e+00,8.871754292174e-02
-7.491505211671e+00,2.209470216722e+00,9.001069997144e-02
-7.491482113805e+00,8.593750275001e-01,9.066093431825e-02
-7.491377124764e+00,5.469419825564e+00,8.194027998107e-02
-7.491213421093e+00,4.829646400361e+00,8.522174148925e-02
-7.490575104638e+00,1.611982099595e+00,9.038293956933e-02
-7.490454265972e+00,3.241327125002e+00,8.895199662238e-02
-7.489992798858e+00,8.906250285001e-01,9.065660440482e-02
-7.489913565293e+00,7.179331250622e+00,1.829384183598e-02
-7.489817521065e+00,2.977613883026e+00,8.928813462216e-02
-7.489537211111e+00,2.462128670227e+00,8.981227346064e-02
-7.489000102561e+00,6.917917508710e+00,4.979766418617e-02
-7.488915133509e+00,3.563416450089e+00,8.847174181973e-02
-7.488894199129e+00,4.350202725326e+00,8.679328354591e-02
-7.488785109663e+00,1.219379787056e+00,9.055676928245e-02
-7.488776348685e+00,4.292034109813e+00,8.694941129092e-02
-7.488503483910e+00,9.218750295000e-01,9.065159139682e-02
-7.488442167416e+00,4.408478717264e+00,8.663347116433e-02
-7.488181533095e+00,5.887729007771e+00,7.842548764889e-02
-7.488093723680e+00,4.233977657229e+00,8.710195218877e-02
-7.487983480678e+00,3.782511381063e+00,8.808808318663e-02
-7.487668269918e+00,5.077373715426e+00,8.418521593402e-02
-7.487415181843e+00,4.466857255921e+00,8.646987357380e-02
-7.487014168963e+00,9.531250305000e-01,9.064640982049e-02
-7.486851467069e+00,4.176038110980e+00,8.725100132250e-02
-7.486744611970e+00,1.562500050003e-02,9.077803184078e-02
-7.486298925087e+00,1.958468713678e+00,9.019724323179e-02
-7.486254518152e+00,4.687500150008e-02,9.077886460373e-02
-7.485860461949e+00,5.601066641660e+00,8.104922874796e-02
-7.485856763004e+00,3.081532720316e+00,8.917509084349e-02
-7.485851667572e+00,4.888718664301e+00,8.502210028549e-02
-7.485808206925e+00,4.525333468662e+00,8.630238733983e-02
-7.485764424333e+00,7.812500250012e-02,9.077933416992e-02
-7.485618408998e+00,2.359992269677e+00,8.990920429113e-02
-7.485578951535e+00,1.809311625048e+00,9.028920999338e-02
-7.485524854015e+00,9.843750315000e-01,9.064128473741e-02
-7.485274330515e+00,1.093750035002e-01,9.077960249521e-02
-7.485054756977e+00,4.118220170854e+00,8.739665114293e-02
-7.484784236696e+00,1.406250045003e-01,9.077959680193e-02
-7.484610967223e+00,2.108122204044e+00,9.010195305253e-02
-7.484479406266e+00,1.464012699498e+00,9.046784562362e-02
-7.484387942373e+00,6.420436464644e+00,7.018772394680e-02
-7.484294142878e+00,1.718750055004e-01,9.077926173836e-02
-7.484186773680e+00,6.341284592111e+00,7.188339109979e-02
-7.483872957195e+00,6.999221427818e+00,4.366107036007e-02
-7.483856637584e+00,6.499896180128e+00,6.825491995545e-02
-7.483804049059e+00,2.031250065004e-01,9.077872541400e-02
-7.483616243664e+00,4.583902440314e+00,8.613090608376e-02
-7.483313955240e+00,2.343750075005e-01,9.077788127054e-02
-7.483257359822e+00,6.262446885322e+00,7.338290789033e-02
-7.483076201101e+00,5.810763842961e+00,7.927486840984e-02
-7.482866225117e+00,3.345913144597e+00,8.883027631042e-02
-7.482823861422e+00,2.656250085005e-01,9.077674097573e-02
-7.482729300160e+00,5.267089501003e+00,8.325404013171e-02
-7.482708806486e+00,4.060528492501e+00,8.753899154044e-02
-7.482588683557e+00,6.579657373000e+00,6.603172440974e-02
-7.482586848002e+00,3.725537715174e+00,8.821441796471e-02
-7.482575854112e+00,1.268055563071e+00,9.055328190297e-02
-7.482502487004e+00,1.660701131549e+00,9.037791009237e-02
-7.482498978706e+00,5.397944172020e+00,8.248736786286e-02
-7.482372733812e+00,7.261529870452e+00,1.150235534447e-05
-7.482333767604e+00,2.968750095005e-01,9.077539888063e-02
-7.482185537896e+00,1.024314954676e+00,9.063702719712e-02
-7.481843673785e+00,3.281250105004e-01,9.077371517010e-02
-7.481621196156e+00,3.506956596739e+00,8.858976329562e-02
-7.481603981139e+00,6.183929624064e+00,7.471833307801e-02
-7.481353579966e+00,3.593750115003e-01,9.077176741605e-02
-7.480863486148e+00,3.906250125003e-01,9.076957947234e-02
-7.480834329817e+00,4.642559213532e+00,8.595532039767e-02
-7.480579957111e+00,6.659713635783e+00,6.344765257451e-02
-7.480507015302e+00,3.185677482975e+00,8.905919649534e-02
-7.480464648440e+00,2.258220609508e+00,9.000328404627e-02
-7.480373392329e+00,4.218750135002e-01,9.076697863961e-02
-7.480117129343e+00,2.716178319556e+00,8.960130904187e-02
-7.479883298511e+00,4.531250145001e-01,9.076417288776e-02
-7.479873795115e+00,4.947852137244e+00,8.481745085131e-02
-7.479818863094e+00,4.002967687581e+00,8.767760193116e-02
-7.479635029607e+00,5.136769255486e+00,8.395859507373e-02
-7.479630218482e+00,2.819291387959e+00,8.949611368882e-02
-7.479393204692e+00,4.843750155000e-01,9.076112199605e-02
-7.479294668540e+00,2.613364257346e+00,8.970384795041e-02
-7.479230969508e+00,6.105739044838e+00,7.591510308944e-02
-7.478886053584e+00,5.529274114662e+00,8.165091175909e-02
-7.478411060284e+00,5.156250165000e-01,9.075880823368e-02
-7.477984317557e+00,7.080786963497e+00,3.573376017351e-02
-7.477826387925e+00,6.740058519605e+00,6.040740788993e-02
-7.477812041332e+00,2.922683489938e+00,8.938821308605e-02
-7.477457540373e+00,4.701298788812e+00,8.577551775599e-02
-7.477272669144e+00,5.734155175616e+00,8.005219283546e-02
-7.477185005887e+00,2.510868800228e+00,8.980377970315e-02
-7.477121952183e+00,1.512686114914e+00,9.046340115867e-02
-7.476936865285e+00,5.468750175001e-01,9.075739399609e-02
-7.476885827950e+00,1.072932702385e+00,9.063429805179e-02
-7.476676361135e+00,3.668720715445e+00,8.833797295674e-02
-7.476553787902e+00,1.858014751229e+00,9.028339691368e-02
-7.476535527052e+00,2.007182924237e+00,9.019083400302e-02
-7.476390208358e+00,3.945542323539e+00,8.781285145604e-02
-7.476144326568e+00,1.316700794057e+00,9.054960600921e-02
-7.476142708110e+00,6.027881340257e+00,7.699365810659e-02
-7.475462670286e+00,5.781250185001e-01,9.075570850090e-02
-7.474640983665e+00,3.026334284694e+00,8.927755911073e-02
-7.474323959365e+00,6.820685534078e+00,5.677891031842e-02
-7.474204916914e+00,1.709377994774e+00,9.037268850793e-02
-7.474099000569e+00,2.156832008392e+00,9.009494348576e-02
-7.473988475287e+00,6.093750195002e-01,9.075368365888e-02
-7.473833414296e+00,3.450669480222e+00,8.870520664057e-02
-7.473810580187e+00,2.408711170739e+00,8.990115388939e-02
-7.473747410003e+00,3.290026873077e+00,8.894040582102e-02
-7.473480987795e+00,4.760116124904e+00,8.559138242329e-02
-7.473275076546e+00,5.007041602023e+00,8.460764694238e-02
-7.472587908739e+00,5.326691644320e+00,8.300228523667e-02
-7.472514280289e+00,6.406250205002e-01,9.075145391867e-02
-7.472428157580e+00,3.888256923307e+00,8.794510751521e-02
-7.472343630972e+00,5.950362658713e+00,7.797061144680e-02
-7.471833425938e+00,5.661019201503e+00,8.073106755857e-02
-7.471365408427e+00,1.121525582659e+00,9.063138210733e-02
-7.471330390181e+00,7.162607458288e+00,2.509938639015e-02
-7.471040085290e+00,6.718750215003e-01,9.074892463125e-02
-7.470965106082e+00,5.196203668012e+00,8.372612867433e-02
-7.470860738862e+00,5.457687113937e+00,8.221410329864e-02
-7.470257493409e+00,3.612064690700e+00,8.845881934454e-02
-7.470095717932e+00,3.130223065538e+00,8.916410453795e-02
-7.470068708935e+00,6.901588147647e+00,5.237365279926e-02
-7.469565890291e+00,7.031250225003e-01,9.074608141088e-02
-7.469541036004e+00,1.561321854995e+00,9.045876605751e-02
-7.469490717260e+00,1.365314126326e+00,9.054574128007e-02
-7.469194093647e+00,2.306910210380e+00,8.999567053681e-02
-7.468899822243e+00,4.819006139261e+00,8.540154419657e-02
-7.468091695292e+00,7.343750235004e-01,9.074303164406e-02
-7.467938059551e+00,3.831115964878e+00,8.807444620063e-02
-7.467838222391e+00,5.873189104227e+00,7.885960519386e-02
-7.467302560640e+00,1.906669770425e+00,9.027738990642e-02
-7.466617500294e+00,7.656250245004e-01,9.073952166685e-02
-7.466544785742e+00,2.055844394976e+00,9.018422943241e-02
-7.466420429369e+00,2.764860054842e+00,8.959177618284e-02
-7.466157447971e+00,2.662044857831e+00,8.969473343527e-02
-7.466050823875e+00,5.066281801101e+00,8.439253763165e-02
-7.465726008521e+00,5.589130479565e+00,8.135322193746e-02
-7.465682655444e+00,1.758011319591e+00,9.036727445470e-02
-7.465624434913e+00,1.170092251391e+00,9.062827906944e-02
-7.465557380685e+00,3.394559236910e+00,8.881813819550e-02
-7.465367338812e+00,2.867965733824e+00,8.948616319960e-02
-7.465281304888e+00,4.340521098405e+00,8.693438638120e-02
-7.465143305295e+00,7.968750255003e-01,9.073592409404e-02
-7.465056728232e+00,6.982759788491e+00,4.691296408178e-02
-7.465009896469e+00,4.282477267354e+00,8.708699794895e-02
-7.464984814292e+00,4.398673379032e+00,8.677820644206e-02
-7.464784971998e+00,6.404917203710e+00,7.106226977218e-02
-7.464600444444e+00,2.559539876916e+00,8.979508359385e-02
-7.464475158373e+00,6.325903027044e+00,7.265535806303e-02
-7.464363259280e+00,6.484239978135e+00,6.925383330032e-02
-7.464175703129e+00,4.224546660282e+00,8.723613478818e-02
-7.464155208829e+00,3.234328764255e+00,8.904780327313e-02
-7.464115346402e+00,4.456929291590e+00,8.661836187289e-02
-7.463907436901e+00,7.244676215704e+00,1.008783275192e-02
-7.463709232145e+00,4.877963707890e+00,8.520693245885e-02
-7.463669110296e+00,8.281250265002e-01,9.073204793881e-02
-7.463438051852e+00,6.247203764460e+00,7.406927827723e-02
-7.463358505640e+00,2.205484377057e+00,9.008773723168e-02
-7.463335749949e+00,3.555573903699e+00,8.857702643172e-02
-7.463205839283e+00,6.563864991196e+00,6.718342963870e-02
-7.462976403596e+00,2.971341789638e+00,8.937784640547e-02
-7.462925296233e+00,3.774123880988e+00,8.820094165149e-02
-7.462783874255e+00,4.166734008452e+00,8.738188799562e-02
-7.462667859086e+00,4.515283975468e+00,8.645475372746e-02
-7.462631016660e+00,5.796366735888e+00,7.967194608599e-02
-7.462615224644e+00,1.413894207491e+00,9.054168738672e-02
-7.462194915297e+00,8.593750275001e-01,9.072761894642e-02
-7.461794403311e+00,5.386315116877e+00,8.274387092437e-02
-7.461771740176e+00,2.457364470631e+00,8.989287566510e-02
-7.461736891402e+00,1.609918559068e+00,9.045393996939e-02
-7.461677937863e+00,6.168825689247e+00,7.533253868275e-02
-7.461653938198e+00,5.255671564743e+00,8.348764116002e-02
-7.461308583606e+00,6.643785841817e+00,6.478994306911e-02
-7.460839594321e+00,4.109043999474e+00,8.752434618946e-02
-7.460720720299e+00,8.906250285001e-01,9.072324133973e-02
-7.460637346623e+00,4.573732527474e+00,8.628728029746e-02
-7.459663071224e+00,1.218631365130e+00,9.062498863549e-02
-7.459284163257e+00,7.064193845019e+00,3.996677866479e-02
-7.459246525300e+00,9.218750295000e-01,9.071837548969e-02
-7.459226133813e+00,3.074967750178e+00,8.926677848081e-02
-7.459199153326e+00,6.090775031368e+00,7.646790692154e-02
-7.458667416662e+00,6.723996087495e+00,6.199165097999e-02
-7.458559710956e+00,5.517439030294e+00,8.193344760330e-02
-7.458348082690e+00,4.051481276778e+00,8.766334829661e-02
-7.458196388741e+00,5.125567436660e+00,8.417196713522e-02
-7.458018839976e+00,4.632270002201e+00,8.611583703558e-02
-7.457904444460e+00,4.936983665744e+00,8.500749209550e-02
-7.457825567022e+00,1.955275306303e+00,9.027118859955e-02
-7.457772330301e+00,9.531250305000e-01,9.071316090219e-02
-7.457693921979e+00,2.355537619080e+00,8.998785909081e-02
-7.457395282291e+00,3.717285059128e+00,8.832466609698e-02
-7.457205621702e+00,1.562500050003e-02,9.084345021206e-02
-7.457127049028e+00,5.720961177530e+00,8.040343464178e-02
-7.456935972001e+00,1.806599737989e+00,9.036166756565e-02
-7.456798718549e+00,3.338629956157e+00,8.892861060149e-02
-7.456720554487e+00,4.687500150008e-02,9.084425231367e-02
-7.456327026689e+00,2.104451741798e+00,9.017742914818e-02
-7.456298135302e+00,9.843750315000e-01,9.070799969078e-02
-7.456235487271e+00,7.812500250012e-02,9.084470198696e-02
-7.456006086421e+00,6.013057976860e+00,7.749378581499e-02
-7.455916667294e+00,3.499252570946e+00,8.869266168762e-02
-7.455750420056e+00,1.093750035002e-01,9.084495422237e-02
-7.455518055408e+00,1.462439686439e+00,9.053744399271e-02
-7.455314593064e+00,3.994050439769e+00,8.779872434270e-02
-7.455278316512e+00,6.804489244172e+00,5.867673874106e-02
-7.455265352841e+00,1.406250045003e-01,9.084492591804e-02
-7.454807407269e+00,4.690891412044e+00,8.594031647555e-02
-7.454780285626e+00,1.718750055004e-01,9.084458615436e-02
-7.454295218410e+00,2.031250065004e-01,9.084404892581e-02
-7.454095328653e+00,3.178822778690e+00,8.915291308654e-02
-7.453810151195e+00,2.343750075005e-01,9.084319018780e-02
-7.453709760365e+00,1.658474867716e+00,9.044892253692e-02
-7.453481489317e+00,1.267141581751e+00,9.062151049458e-02
-7.453325083980e+00,2.656250085005e-01,9.084206037136e-02
-7.452975179103e+00,1.024231567726e+00,9.070392284810e-02
-7.452840016765e+00,2.968750095005e-01,9.084073255841e-02
-7.452787022643e+00,2.710651488284e+00,8.968541533564e-02
-7.452747215069e+00,7.145883665954e+00,3.083466739353e-02
-7.452489302385e+00,2.813464276104e+00,8.958203905208e-02
-7.452389836583e+00,2.254077918881e+00,9.008033392492e-02
-7.452354949550e+00,3.281250105004e-01,9.083904223756e-02
-7.452103176139e+00,5.935680667504e+00,7.842521159356e-02
-7.451892699711e+00,5.648983267916e+00,8.104518812641e-02
-7.451869882334e+00,3.593750115003e-01,9.083712016687e-02
-7.451783951795e+00,2.608140485967e+00,8.978618471802e-02
-7.451744413128e+00,3.936756043598e+00,8.793111874081e-02
-7.451697005418e+00,5.315167518088e+00,8.324295104995e-02
-7.451480724785e+00,4.996060807338e+00,8.480308421838e-02
-7.451384815119e+00,3.906250125003e-01,9.083492710521e-02
-7.451353464712e+00,3.660603841368e+00,8.844568989852e-02
-7.451137315310e+00,6.885258786584e+00,5.468804429943e-02
-7.450998154025e+00,4.749591727608e+00,8.576060814890e-02
-7.450899747904e+00,4.218750135002e-01,9.083236415296e-02
-7.450868861892e+00,2.916558981155e+00,8.947600789991e-02
-7.450414680689e+00,4.531250145001e-01,9.082960015159e-02
-7.450344352960e+00,5.445954402309e+00,8.247859126428e-02
-7.449929613473e+00,4.843750155000e-01,9.082655227358e-02
-7.449707162412e+00,5.184893171374e+00,8.394577462885e-02
-7.449502292880e+00,2.505950763295e+00,8.988439560620e-02
-7.448957542341e+00,5.156250165000e-01,9.082425985831e-02
-7.448199424470e+00,1.510949213307e+00,9.053301075411e-02
-7.448123112659e+00,2.003829984551e+00,9.026479261675e-02
-7.448005812932e+00,3.443104862722e+00,8.880579079060e-02
-7.447965144325e+00,1.855141883585e+00,9.035586746829e-02
-7.447904051169e+00,3.019915366548e+00,8.936727454310e-02
-7.447694189787e+00,1.072682664356e+00,9.070120117500e-02
-7.447642864241e+00,3.879602598864e+00,8.806060657904e-02
-7.447563081241e+00,3.282885680020e+00,8.903620510086e-02
-7.447498467291e+00,5.468750175001e-01,9.082283892524e-02
-7.447494911687e+00,5.858649200682e+00,7.927459015502e-02
-7.447079869306e+00,1.315621560329e+00,9.061784432759e-02
-7.446586223393e+00,4.808365878161e+00,8.557619770242e-02
-7.446240499269e+00,6.966298149164e+00,4.979747499621e-02
-7.446039392241e+00,5.781250185001e-01,9.082110047171e-02
-7.445964516651e+00,2.404101437656e+00,8.997984935633e-02
-7.445882583850e+00,2.153003582624e+00,9.017043277575e-02
-7.445591555093e+00,5.577194317470e+00,8.164516564816e-02
-7.445459893153e+00,1.706989423089e+00,9.044371339619e-02
-7.445442139990e+00,7.227822560957e+00,1.829376137513e-02
-7.445182001622e+00,6.389397942775e+00,7.188314039065e-02
-7.444869880975e+00,6.468583776142e+00,7.018747842951e-02
-7.444805322503e+00,3.604084524024e+00,8.856408159157e-02
-7.444763543065e+00,6.310521461977e+00,7.338265264113e-02
-7.444580317190e+00,6.093750195002e-01,9.081908036661e-02
-7.444433377833e+00,5.055189886776e+00,8.459356559839e-02
-7.443822995009e+00,6.548072609392e+00,6.825468042253e-02
-7.443618743883e+00,6.231960643599e+00,7.471807383131e-02
-7.443573505632e+00,3.123512829066e+00,8.925579248513e-02
-7.443121242140e+00,6.406250205002e-01,9.081685919520e-02
-7.443015301173e+00,3.822594571191e+00,8.818726105362e-02
-7.442194731599e+00,1.121109146011e+00,9.069829322426e-02
-7.442185832220e+00,5.781969628815e+00,8.005191258468e-02
-7.442037210101e+00,6.627858047852e+00,6.603149183828e-02
-7.441751894587e+00,6.153721754431e+00,7.591484030192e-02
-7.441668410647e+00,4.330839471484e+00,8.707185037596e-02
-7.441662167090e+00,6.718750215003e-01,9.081428470516e-02
-7.441566796718e+00,4.867208751479e+00,8.538641350299e-02
-7.441527461168e+00,4.388868040800e+00,8.691917150798e-02
-7.441243444252e+00,4.272920424895e+00,8.722107183033e-02
-7.441193355977e+00,2.302611245018e+00,9.007273319898e-02
-7.441089827915e+00,5.374686061735e+00,8.299187071352e-02
-7.440815510962e+00,4.447001327260e+00,8.676294303206e-02
-7.440659554941e+00,1.559421439719e+00,9.052838731967e-02
-7.440584008956e+00,7.047600726540e+00,4.366090204201e-02
-7.440578576236e+00,5.244253628483e+00,8.371379405392e-02
-7.440458399508e+00,1.364069960779e+00,9.061398980733e-02
-7.440257682579e+00,4.215115663334e+00,8.736692560486e-02
-7.440203092040e+00,7.031250225003e-01,9.081146148887e-02
-7.439608784988e+00,3.387134902752e+00,8.891647767061e-02
-7.439527511246e+00,4.505234482275e+00,8.660307022811e-02
-7.439508445400e+00,6.707933655384e+00,6.344742818885e-02
-7.439183847527e+00,2.759182729333e+00,8.967589326304e-02
-7.439167337143e+00,6.075811017898e+00,7.699339216632e-02
-7.438770458519e+00,1.903636391534e+00,9.034987378495e-02
-7.438744016990e+00,7.343750235004e-01,9.080843558151e-02
-7.438735961572e+00,2.656669215629e+00,8.977708266288e-02
-7.438716281440e+00,4.157429905925e+00,8.750949903613e-02
-7.438324224992e+00,2.861989556544e+00,8.957209729066e-02
-7.438233368328e+00,5.505603945926e+00,8.220623302726e-02
-7.438195511574e+00,2.052332432542e+00,9.025820157782e-02
-7.437867111788e+00,3.765736380913e+00,8.831115350874e-02
-7.437856151686e+00,3.227330403507e+00,8.914151629361e-02
-7.437756366389e+00,3.547731357310e+00,8.867990792673e-02
-7.437658449581e+00,4.563562614634e+00,8.643945578284e-02
-7.437381880012e+00,5.708826789862e+00,8.072843272972e-02
-7.437365250095e+00,7.310003800906e+00,1.150235526689e-05
-7.437284941940e+00,7.656250245004e-01,9.080492154967e-02
-7.437002650818e+00,2.554468645004e+00,8.987571328048e-02
-7.436987548269e+00,1.755460869005e+00,9.043831217704e-02
-7.436757747875e+00,5.114365617834e+00,8.437878850982e-02
-7.436624431665e+00,4.099867828094e+00,8.764887712496e-02
-7.436476958547e+00,1.169509682231e+00,9.069519869662e-02
-7.436232673658e+00,6.788292954265e+00,6.040719325310e-02
-7.436135286127e+00,2.965069696251e+00,8.946564746601e-02
-7.435935093804e+00,4.926115194243e+00,8.519197092553e-02
-7.435869464732e+00,5.998234613463e+00,7.797034268638e-02
-7.435825866890e+00,7.968750255003e-01,9.080127748808e-02
-7.435211799610e+00,2.201498537392e+00,9.016323993816e-02
-7.435203350136e+00,4.621980790870e+00,8.627199972011e-02
-7.434366791840e+00,8.281250265002e-01,9.079751350853e-02
-7.434164039957e+00,7.129159873621e+00,3.573361984918e-02
-7.434006269240e+00,2.452600271036e+00,8.997164098220e-02
-7.433987358894e+00,4.042434061056e+00,8.778439889929e-02
-7.433617276387e+00,1.412485444308e+00,9.060994659864e-02
-7.432907716790e+00,8.593750275001e-01,9.079305234680e-02
-7.432898678165e+00,1.607855018541e+00,9.052357333100e-02
-7.432595504623e+00,3.068402780040e+00,8.935649721634e-02
-7.432205921685e+00,6.868929425521e+00,5.677870747035e-02
-7.432203716581e+00,3.709032403082e+00,8.843235347588e-02
-7.432157274165e+00,4.680484035275e+00,8.610059932872e-02
-7.431951973485e+00,5.636947334330e+00,8.134787372538e-02
-7.431862721307e+00,5.920998676295e+00,7.885933390037e-02
-7.431448641740e+00,8.906250285001e-01,9.078863143146e-02
-7.430810323034e+00,3.985133191957e+00,8.791692947579e-02
-7.430806102096e+00,5.303643391856e+00,8.347585391232e-02
-7.430731211981e+00,3.331346767716e+00,8.902440184147e-02
-7.430541032784e+00,1.217882943205e+00,9.069191728428e-02
-7.430212138433e+00,3.491548545153e+00,8.879323391048e-02
-7.429989566690e+00,9.218750295000e-01,9.078390625821e-02
-7.429827967058e+00,5.434221690681e+00,8.273420611016e-02
-7.429769434960e+00,2.351082968482e+00,9.006493468678e-02
-7.429686373023e+00,4.985080012654e+00,8.499273794555e-02
-7.429352208956e+00,1.952081898928e+00,9.034368613307e-02
-7.428530491640e+00,9.531250305000e-01,9.077866265800e-02
-7.428515320255e+00,4.739067330313e+00,8.592514908739e-02
-7.428449218743e+00,5.173582674735e+00,8.415860056656e-02
-7.428292992466e+00,1.803887850929e+00,9.043271850329e-02
-7.428043086154e+00,2.100781279553e+00,9.025141509900e-02
-7.427683642003e+00,3.171968074404e+00,8.924460088857e-02
-7.427666631433e+00,1.562500050003e-02,9.090763912960e-02
-7.427424270306e+00,6.949836509836e+00,5.237346447337e-02
-7.427186590822e+00,4.687500150008e-02,9.090841166999e-02
-7.427151600983e+00,5.844109297137e+00,7.967167250892e-02
-7.427098617899e+00,3.927969763657e+00,8.804656453326e-02
-7.427071416590e+00,9.843750315000e-01,9.077346109062e-02
-7.426976843079e+00,7.210968906209e+00,2.509928541851e-02
-7.426706550210e+00,7.812500250012e-02,9.090884212377e-02
-7.426556704551e+00,1.460866673381e+00,9.060571435849e-02
-7.426226509598e+00,1.093750035002e-01,9.090907883043e-02
-7.426030568288e+00,3.652486967292e+00,8.855092871275e-02
-7.425746468986e+00,1.406250045003e-01,9.090902899448e-02
-7.425579031246e+00,6.373878681841e+00,7.265511223581e-02
-7.425457101664e+00,5.565258155376e+00,8.192657535148e-02
-7.425456915943e+00,2.705124657013e+00,8.976777701818e-02
-7.425376502671e+00,6.452927574149e+00,7.106202908711e-02
-7.425348386287e+00,2.807637164249e+00,8.966616683335e-02
-7.425266428374e+00,1.718750055004e-01,9.090868475601e-02
-7.425051927757e+00,6.295139896910e+00,7.406902791717e-02
-7.424917033726e+00,1.656248603882e+00,9.051856842275e-02
-7.424786387762e+00,2.031250065004e-01,9.090814673680e-02
-7.424440150735e+00,6.532280227588e+00,6.925359848939e-02
-7.424387124521e+00,1.266227600432e+00,9.068844867095e-02
-7.424315024725e+00,2.249935228254e+00,9.015585025651e-02
-7.424306347150e+00,2.343750075005e-01,9.090727446462e-02
-7.424273235049e+00,2.602916714587e+00,8.986682825664e-02
-7.424272624543e+00,4.797725617061e+00,8.574554058653e-02
-7.423925682452e+00,2.910434472372e+00,8.956195054597e-02
-7.423826306538e+00,2.656250085005e-01,9.090615490520e-02
-7.423799435914e+00,6.216717522738e+00,7.533228430250e-02
-7.423764820311e+00,1.024148180777e+00,9.076956444598e-02
-7.423346265926e+00,2.968750095005e-01,9.090484104117e-02
-7.422866225314e+00,3.281250105004e-01,9.090314515419e-02
-7.422857570902e+00,3.870948274421e+00,8.817337631556e-02
-7.422815931790e+00,5.044097972451e+00,8.478857851042e-02
-7.422765836596e+00,6.611930253886e+00,6.718320159209e-02
-7.422386184702e+00,3.593750115003e-01,9.090124809900e-02
-7.422189345072e+00,5.768655318671e+00,8.040233927602e-02
-7.422178211568e+00,3.435540245222e+00,8.890412284522e-02
-7.421906144090e+00,3.906250125003e-01,9.089905114346e-02
-7.421883854655e+00,7.031007608061e+00,4.691279405976e-02
-7.421825851312e+00,6.138617819614e+00,7.646764895669e-02
-7.421819579872e+00,2.501032726363e+00,8.996323361867e-02
-7.421426103478e+00,4.218750135002e-01,9.089652504911e-02
-7.421378752479e+00,3.275744486962e+00,8.912991397823e-02
-7.421167118673e+00,3.013496448402e+00,8.945508158254e-02
-7.420946062866e+00,4.531250145001e-01,9.089380166185e-02
-7.420466022254e+00,4.843750155000e-01,9.089075801143e-02
-7.420385252520e+00,5.363057006592e+00,8.323177704898e-02
-7.420349474137e+00,6.691871223274e+00,6.478972288484e-02
-7.419710698266e+00,2.000477044865e+00,9.033730412551e-02
-7.419504024398e+00,5.156250165000e-01,9.088848649466e-02
-7.419503214274e+00,5.232835692223e+00,8.393284454914e-02
-7.419424361292e+00,4.856453795068e+00,8.556076982755e-02
-7.419376500749e+00,1.852269015941e+00,9.042693199299e-02
-7.419353151597e+00,3.596104357348e+00,8.866694524180e-02
-7.419276896758e+00,1.509212311701e+00,9.060129273612e-02
-7.419135520960e+00,6.060847004428e+00,7.749352463888e-02
-7.419018724831e+00,7.293021101305e+00,1.008779080825e-02
-7.418502551623e+00,1.072432626326e+00,9.076685046396e-02
-7.418118453114e+00,2.399491704572e+00,9.005693802112e-02
-7.418092542795e+00,3.814073177504e+00,8.829743527235e-02
-7.418070108044e+00,4.379062702568e+00,8.705651002202e-02
-7.418060069296e+00,5.468750175001e-01,9.088705932695e-02
-7.418055516406e+00,4.321157844562e+00,8.720581292157e-02
-7.418015412043e+00,1.314542326601e+00,9.068479253193e-02
-7.417907025700e+00,5.493768861558e+00,8.246975651221e-02
-7.417666167131e+00,2.149175156857e+00,9.024443279343e-02
-7.417636710996e+00,5.696692402194e+00,8.104113202360e-02
-7.417515675521e+00,4.437073362930e+00,8.690376730441e-02
-7.417476992036e+00,4.263363582435e+00,8.735176436529e-02
-7.417187030804e+00,6.772096664358e+00,6.199144003457e-02
-7.417051293332e+00,3.116802592594e+00,8.934551415328e-02
-7.416714869392e+00,1.704600851404e+00,9.051337222283e-02
-7.416616114195e+00,5.781250185001e-01,9.088527116749e-02
-7.416387163407e+00,4.495184989082e+00,8.674749403099e-02
-7.416339662029e+00,4.205684666387e+00,8.749445039907e-02
-7.415732843044e+00,5.983411250067e+00,7.842494752862e-02
-7.415580864845e+00,7.112436081288e+00,3.996663238983e-02
-7.415319107010e+00,5.103163799007e+00,8.457935240022e-02
-7.415172159094e+00,6.093750195002e-01,9.088325592532e-02
-7.414679552540e+00,4.553392701794e+00,8.658759702741e-02
-7.414648688625e+00,4.148125803397e+00,8.763395481002e-02
-7.413965743149e+00,4.915246722743e+00,8.537112515901e-02
-7.413728203992e+00,6.406250205002e-01,9.088103196182e-02
-7.413660189291e+00,3.379710568595e+00,8.901239337525e-02
-7.413274528059e+00,6.852600064457e+00,5.867653879313e-02
-7.413192618307e+00,2.298312279656e+00,9.014826335036e-02
-7.413024054771e+00,1.120692709363e+00,9.076395073581e-02
-7.412808927344e+00,3.757348880839e+00,8.841881009563e-02
-7.412409269009e+00,4.090691656713e+00,8.776987551423e-02
-7.412387860295e+00,4.611691579539e+00,8.642398061981e-02
-7.412284248891e+00,6.718750215003e-01,9.087842689066e-02
-7.412176982829e+00,3.539888810921e+00,8.878046738830e-02
-7.412011247258e+00,5.624911400744e+00,8.163938938497e-02
-7.411947265686e+00,2.753505403825e+00,8.975826737691e-02
-7.411778073877e+00,1.557521024443e+00,9.059668137322e-02
-7.411622266474e+00,5.906316685086e+00,7.927432348147e-02
-7.411557094543e+00,3.220332042759e+00,8.923320346914e-02
-7.411426081757e+00,1.362825795233e+00,9.068094853419e-02
-7.411314475173e+00,2.651293573428e+00,8.985774010485e-02
-7.411281111173e+00,2.856013379263e+00,8.965623566753e-02
-7.410840293789e+00,7.031250225003e-01,9.087562335989e-02
-7.410238356399e+00,1.900603012643e+00,9.042095225869e-02
-7.409915198775e+00,5.292119265625e+00,8.370135822218e-02
-7.409846237406e+00,2.048820470108e+00,9.033072737089e-02
-7.409626635099e+00,4.033386845333e+00,8.790254003466e-02
-7.409507141062e+00,4.670076658507e+00,8.625654656958e-02
-7.409404857191e+00,2.549397413092e+00,8.995462691801e-02
-7.409396338688e+00,7.343750235004e-01,9.087262088123e-02
-7.409311581156e+00,5.422488979054e+00,8.298138042090e-02
-7.409294168658e+00,2.958797602864e+00,8.955159847249e-02
-7.408608041343e+00,6.933374870508e+00,5.468785764676e-02
-7.408511546168e+00,7.194115251461e+00,3.083455310608e-02
-7.408292441095e+00,1.752910418419e+00,9.050798435256e-02
-7.407952383587e+00,7.656250245004e-01,9.086910420095e-02
-7.407892021261e+00,4.974099217969e+00,8.517685800718e-02
-7.407329482182e+00,1.168927113071e+00,9.076086495752e-02
-7.407191275073e+00,5.162272178096e+00,8.436491508151e-02
-7.407065093579e+00,2.197512697726e+00,9.023725427144e-02
-7.407012150870e+00,3.700779747036e+00,8.853756775588e-02
-7.406808290278e+00,5.829569393592e+00,8.005164353044e-02
-7.406508428485e+00,7.968750255003e-01,9.086541752431e-02
-7.406306053004e+00,3.976215944146e+00,8.803232030638e-02
-7.406240798305e+00,2.447836071440e+00,9.004874283515e-02
-7.406032486485e+00,4.728542933017e+00,8.608519400579e-02
-7.405976060871e+00,6.358359420908e+00,7.338241156420e-02
-7.405964875432e+00,3.061837809902e+00,8.944430994348e-02
-7.405883124367e+00,6.437271372155e+00,7.188290442161e-02
-7.405340312449e+00,6.279758331843e+00,7.471782822030e-02
-7.405322648235e+00,5.553321993281e+00,8.219831420933e-02
-7.405064473384e+00,8.281250265002e-01,9.086176067920e-02
-7.405057306460e+00,6.516487845784e+00,7.018724825032e-02
-7.404663705414e+00,3.324063579275e+00,8.911810597524e-02
-7.404619328129e+00,1.411076681126e+00,9.067691633650e-02
-7.404507609571e+00,3.483844519360e+00,8.889155781796e-02
-7.404060464929e+00,1.605791478014e+00,9.059187990403e-02
-7.403980127944e+00,6.201474401876e+00,7.591459064420e-02
-7.403620518282e+00,8.593750275001e-01,9.085727084124e-02
-7.403494463090e+00,6.596002459921e+00,6.825445685246e-02
-7.403183700354e+00,7.014414489583e+00,4.979730472271e-02
-7.402641555216e+00,5.756423805455e+00,8.072579319917e-02
-7.402452822669e+00,3.919183483716e+00,8.815928761163e-02
-7.402176563181e+00,8.906250285001e-01,9.085281071460e-02
-7.401959025693e+00,4.787085355961e+00,8.590981935478e-02
-7.401899808036e+00,6.123513884797e+00,7.699313887953e-02
-7.401844947942e+00,2.346628317884e+00,9.014047883828e-02
-7.401418994345e+00,1.217134521279e+00,9.075759281638e-02
-7.401271955353e+00,3.165113370119e+00,8.933432509366e-02
-7.401198485748e+00,5.033006058126e+00,8.497783901652e-02
-7.401190502875e+00,6.675808791164e+00,6.603127587380e-02
-7.400878850891e+00,1.948888491554e+00,9.041477890775e-02
-7.400732608080e+00,9.218750295000e-01,9.084822007435e-02
-7.400707671865e+00,3.644370093216e+00,8.865377353799e-02
-7.400672199567e+00,7.276038401703e+00,1.829369240825e-02
-7.399759145620e+00,2.097110817307e+00,9.032395547397e-02
-7.399680677124e+00,5.351427951450e+00,8.346397414114e-02
-7.399650012931e+00,1.801175963869e+00,9.050240442699e-02
-7.399288652978e+00,9.531250305000e-01,9.084295118507e-02
-7.399103704777e+00,6.045882990958e+00,7.797008613119e-02
-7.398427852312e+00,5.221417755962e+00,8.414511755327e-02
-7.398207470190e+00,2.801810052394e+00,8.974855333595e-02
-7.398141387950e+00,6.755900374452e+00,6.344722105907e-02
-7.398127641165e+00,1.562500050003e-02,9.097063470618e-02
-7.398126809243e+00,2.699597825741e+00,8.984844839742e-02
-7.398072277564e+00,3.862293949977e+00,8.828351149614e-02
-7.397891541980e+00,5.684558014525e+00,8.134249981743e-02
-7.397844697877e+00,9.843750315000e-01,9.083771359968e-02
-7.397652627156e+00,4.687500150008e-02,9.097137873692e-02
-7.397595353693e+00,1.459293660322e+00,9.067269558954e-02
-7.397580683072e+00,5.481933777190e+00,8.272447485157e-02
-7.397281925865e+00,4.845698838657e+00,8.573021539458e-02
-7.397177613148e+00,7.812500250012e-02,9.097179061670e-02
-7.396997689733e+00,7.095712288954e+00,4.366075242407e-02
-7.396982503012e+00,2.904309963589e+00,8.964609939237e-02
-7.396762518303e+00,2.597692943208e+00,8.994582053508e-02
-7.396702599139e+00,1.093750035002e-01,9.097201233210e-02
-7.396350610204e+00,3.427975627721e+00,8.900017960097e-02
-7.396240212868e+00,2.245792537627e+00,9.022987914107e-02
-7.396227585131e+00,1.406250045003e-01,9.097194198693e-02
-7.396124307088e+00,1.654022340048e+00,9.058688795563e-02
-7.395752571122e+00,1.718750055004e-01,9.097159348795e-02
-7.395596221355e+00,5.968587886670e+00,7.885907439039e-02
-7.395292759725e+00,1.265313619113e+00,9.075413399094e-02
-7.395277557113e+00,2.031250065004e-01,9.097105478475e-02
-7.395194423717e+00,3.268603293905e+00,8.922160001901e-02
-7.394802543105e+00,2.343750075005e-01,9.097016997326e-02
-7.394612754920e+00,4.369257364336e+00,8.719035857389e-02
-7.394554461518e+00,1.024064793828e+00,9.083388513440e-02
-7.394442622166e+00,4.311476217641e+00,8.733640470928e-02
-7.394430186177e+00,3.007077530257e+00,8.954104073263e-02
-7.394343134434e+00,6.836270703394e+00,6.040699649877e-02
-7.394327529096e+00,2.656250085005e-01,9.096906045520e-02
-7.394215840080e+00,4.427145398600e+00,8.704097748029e-02
-7.394136866865e+00,2.496114689431e+00,9.004034876304e-02
-7.393900980691e+00,3.588124190672e+00,8.876749107674e-02
-7.393880466144e+00,5.091961980181e+00,8.477393496557e-02
-7.393852515087e+00,2.968750095005e-01,9.096774102158e-02
-7.393710539819e+00,4.253806739976e+00,8.747920063292e-02
-7.393377501079e+00,3.281250105004e-01,9.096605973358e-02
-7.393246815567e+00,4.485135495888e+00,8.688817444605e-02
-7.393169784417e+00,3.805551783817e+00,8.840505980296e-02
-7.392902487070e+00,3.593750115003e-01,9.096418704838e-02
-7.392427473061e+00,3.906250125003e-01,9.096198733258e-02
-7.392421641478e+00,4.196253669439e+00,8.761882890901e-02
-7.392070521031e+00,5.612875467158e+00,8.191966419258e-02
-7.392059181925e+00,7.358198776809e+00,1.150235527455e-05
-7.391996392493e+00,4.904378251243e+00,8.554517940217e-02
-7.391952459053e+00,4.218750135002e-01,9.095949710902e-02
-7.391700655498e+00,4.543222788954e+00,8.673186019756e-02
-7.391477445044e+00,4.531250145001e-01,9.095681323922e-02
-7.391381811642e+00,5.891634693877e+00,7.967141031837e-02
-7.391298283872e+00,1.997124105179e+00,9.040841154262e-02
-7.391002431035e+00,4.843750155000e-01,9.095377493046e-02
-7.390787857172e+00,1.849396148298e+00,9.049663205507e-02
-7.390581095811e+00,4.138821700870e+00,8.775515461276e-02
-7.390529081032e+00,3.110092356122e+00,8.943333225298e-02
-7.390354369045e+00,1.507475410094e+00,9.066828593603e-02
-7.390272389577e+00,2.394881971489e+00,9.013249633836e-02
-7.390050506455e+00,5.156250165000e-01,9.095152387500e-02
-7.390046249258e+00,7.177261596714e+00,3.573349706413e-02
-7.389791812379e+00,6.916913231181e+00,5.677852305974e-02
-7.389572370455e+00,4.601402368208e+00,8.657194311315e-02
-7.389449750412e+00,2.145346731090e+00,9.031698803600e-02
-7.389310913460e+00,1.072182588297e+00,9.083118406408e-02
-7.389024295453e+00,5.280595139393e+00,8.391980618442e-02
-7.388950954781e+00,1.313463092874e+00,9.075048815114e-02
-7.388795195254e+00,5.410756267426e+00,8.322051944732e-02
-7.388621671302e+00,5.468750175001e-01,9.095007298155e-02
-7.388194106353e+00,4.081515485333e+00,8.788795076692e-02
-7.387969845631e+00,1.702212279719e+00,9.058170514803e-02
-7.387750742899e+00,3.748961380764e+00,8.852399870595e-02
-7.387711593595e+00,3.372286234438e+00,8.910609213628e-02
-7.387192836149e+00,5.781250185001e-01,9.094825610517e-02
-7.386962336489e+00,5.816135792242e+00,8.040124981369e-02
-7.386857007958e+00,4.659669281739e+00,8.640832916427e-02
-7.386597599269e+00,3.532046264532e+00,8.887878239199e-02
-7.386389746063e+00,6.421615170162e+00,7.265488086161e-02
-7.386373090495e+00,6.342840159974e+00,7.406879145788e-02
-7.386097669499e+00,4.963118423285e+00,8.535568025917e-02
-7.385933331403e+00,5.150961681457e+00,8.456500863650e-02
-7.385764000997e+00,6.093750195002e-01,9.094624583939e-02
-7.385674462186e+00,6.500695463980e+00,7.106180343822e-02
-7.385628697141e+00,6.264376766776e+00,7.533204330192e-02
-7.385265911303e+00,4.024339629609e+00,8.801787417465e-02
-7.385258037399e+00,3.213333682011e+00,8.932292978983e-02
-7.385191880638e+00,2.294013314294e+00,9.022230700845e-02
-7.385188194807e+00,5.541385831187e+00,8.246086476931e-02
-7.384710683844e+00,2.747828078316e+00,8.983895270937e-02
-7.384483546053e+00,6.997821371104e+00,5.237329497748e-02
-7.384335165844e+00,6.406250205002e-01,9.094397581092e-02
-7.384237997354e+00,2.850037201983e+00,8.973863449675e-02
-7.384223089585e+00,6.580074665955e+00,6.925337932658e-02
-7.384160819975e+00,6.186231281015e+00,7.646740388064e-02
-7.383892988774e+00,2.645917931227e+00,8.993675803139e-02
-7.383853377943e+00,1.120276272715e+00,9.082829831967e-02
-7.383549652715e+00,4.718018535722e+00,8.624092185464e-02
-7.383093765359e+00,5.744192292239e+00,8.103706093126e-02
-7.382906330691e+00,6.718750215003e-01,9.094138648454e-02
-7.382896592814e+00,1.555620609167e+00,9.066368701086e-02
-7.382453051189e+00,2.952525509477e+00,8.963575764124e-02
-7.382393764006e+00,1.361581629686e+00,9.074665495840e-02
-7.382325674303e+00,7.259055702102e+00,2.509919887078e-02
-7.382031531612e+00,6.659746359053e+00,6.718298982932e-02
-7.381973764761e+00,6.108409949980e+00,7.749327588954e-02
-7.381820585159e+00,3.692527090990e+00,8.864039274304e-02
-7.381807063565e+00,2.544326181179e+00,9.003175544051e-02
-7.381801782973e+00,3.967298696334e+00,8.814499514742e-02
-7.381706254278e+00,1.897569633752e+00,9.049066683999e-02
-7.381496963238e+00,2.045308507674e+00,9.040184976119e-02
-7.381477495539e+00,7.031250225003e-01,9.093860232465e-02
-7.380048660386e+00,7.343750235004e-01,9.093556742964e-02
-7.379645426843e+00,4.776445094861e+00,8.606962215704e-02
-7.379597333920e+00,1.750359967832e+00,9.057633109442e-02
-7.379581039706e+00,5.021914143801e+00,8.516159486601e-02
-7.379334246242e+00,3.055272839764e+00,8.953027699760e-02
-7.379095745096e+00,6.739704084545e+00,6.478951963332e-02
-7.379071888594e+00,6.030918977488e+00,7.842469545564e-02
-7.378976101729e+00,5.339798896307e+00,8.368882254207e-02
-7.378918387548e+00,2.193526858061e+00,9.030982465511e-02
-7.378803080710e+00,3.476140493567e+00,8.898770792347e-02
-7.378619825233e+00,7.656250245004e-01,9.093210482591e-02
-7.378596198847e+00,3.316780390835e+00,8.920979034560e-02
-7.378475327370e+00,2.443071871844e+00,9.012431546861e-02
-7.378414514621e+00,7.078988496621e+00,4.691264292709e-02
-7.378182005816e+00,1.168344543911e+00,9.082522764775e-02
-7.378146372965e+00,5.672423626857e+00,8.163313577224e-02
-7.377807027439e+00,3.910397203775e+00,8.826938231783e-02
-7.377352490350e+00,5.209999819702e+00,8.435091867781e-02
-7.377254340444e+00,5.470098692822e+00,8.297081565021e-02
-7.377190990080e+00,7.968750255003e-01,9.092837916094e-02
-7.375762154928e+00,8.281250265002e-01,9.092467382068e-02
-7.375621379872e+00,1.409667917943e+00,9.074263406567e-02
-7.375459599667e+00,5.953764523273e+00,7.927406839073e-02
-7.375411740808e+00,6.819941342331e+00,6.199124666405e-02
-7.375384775442e+00,3.636253219139e+00,8.875430484926e-02
-7.375222251692e+00,1.603727937487e+00,9.065889844127e-02
-7.375139490438e+00,4.834943882246e+00,8.589432844764e-02
-7.374860268704e+00,3.158258665833e+00,8.942214822631e-02
-7.374333319775e+00,8.593750275001e-01,9.092030941867e-02
-7.373920460923e+00,2.342173667287e+00,9.021453747835e-02
-7.373832316154e+00,7.341087855986e+00,1.008775585502e-02
-7.373286984225e+00,3.853639625534e+00,8.839110267062e-02
-7.372904484622e+00,8.906250285001e-01,9.091581390981e-02
-7.372441825278e+00,5.080760161355e+00,8.496279653327e-02
-7.372405492826e+00,1.945695084179e+00,9.048450837941e-02
-7.372296955905e+00,1.216386099354e+00,9.082197178653e-02
-7.372129794804e+00,5.600839533572e+00,8.219034792810e-02
-7.371580952347e+00,7.160407941967e+00,3.996650439786e-02
-7.371475649470e+00,9.218750295000e-01,9.091134018597e-02
-7.371475205086e+00,2.093440355062e+00,9.039509315714e-02
-7.371155401796e+00,4.359452026104e+00,8.732084710851e-02
-7.371141356809e+00,5.876952702668e+00,8.005138567446e-02
-7.371066554093e+00,2.795982940539e+00,8.982925261919e-02
-7.371007033397e+00,1.798464076809e+00,9.057076540141e-02
-7.370975583416e+00,6.900451591853e+00,5.867635701898e-02
-7.370916004639e+00,4.417217434270e+00,8.717470934019e-02
-7.370829727925e+00,4.301794590720e+00,8.746375012991e-02
-7.370796702543e+00,2.694070994470e+00,8.992748163069e-02
-7.370523008840e+00,3.420411010221e+00,8.909387233098e-02
-7.370106467728e+00,4.475086002695e+00,8.702525338637e-02
-7.370046814317e+00,9.531250305000e-01,9.090606126487e-02
-7.370039323572e+00,2.898185454806e+00,8.972851046615e-02
-7.370027041838e+00,4.893509779743e+00,8.571434594932e-02
-7.369944087602e+00,4.244249897516e+00,8.760349973680e-02
-7.369251801558e+00,2.592469171828e+00,9.002296250548e-02
-7.369010094955e+00,3.261462100847e+00,8.931132800776e-02
-7.368721758457e+00,4.533052876114e+00,8.687239365232e-02
-7.368634002835e+00,1.457720647264e+00,9.073842511762e-02
-7.368617979164e+00,9.843750315000e-01,9.090079170894e-02
-7.368588650897e+00,1.562500050003e-02,9.103247170471e-02
-7.368503620928e+00,4.186822672492e+00,8.774017520400e-02
-7.368448809785e+00,3.580144023996e+00,8.886579638949e-02
-7.368278809352e+00,5.399023555799e+00,8.345200320969e-02
-7.368247026038e+00,3.797030390130e+00,8.851022157363e-02
-7.368165401010e+00,2.241649847000e+00,9.030246492676e-02
-7.368133392132e+00,5.269071013161e+00,8.413151945984e-02
-7.368118663491e+00,4.687500150008e-02,9.103318823134e-02
-7.367693253680e+00,3.000658612111e+00,8.962521005498e-02
-7.367648676086e+00,7.812500250012e-02,9.103358215609e-02
-7.367613739615e+00,5.803808493088e+00,8.072314928409e-02
-7.367331580449e+00,1.651796076215e+00,9.065391984703e-02
-7.367178688681e+00,1.093750035002e-01,9.103378939520e-02
-7.366896367759e+00,6.405958968169e+00,7.338218466097e-02
-7.366770120120e+00,6.327320899040e+00,7.471759624633e-02
-7.366756880614e+00,4.591113156876e+00,8.671604233581e-02
-7.366708701275e+00,1.406250045003e-01,9.103369950962e-02
-7.366513502996e+00,4.129517598342e+00,8.787316205859e-02
-7.366454153858e+00,2.491196652499e+00,9.011593584764e-02
-7.366291617912e+00,6.484903082176e+00,7.188268319407e-02
-7.366238713870e+00,1.718750055004e-01,9.103334695391e-02
-7.366198394930e+00,1.264399637794e+00,9.081853046588e-02
-7.365917081834e+00,6.248995201708e+00,7.591435411772e-02
-7.365783391752e+00,6.981228252625e+00,5.468768965672e-02
-7.365768726465e+00,2.031250065004e-01,9.103280766691e-02
-7.365344102725e+00,1.023981406878e+00,9.089694509751e-02
-7.365298739059e+00,2.343750075005e-01,9.103191124969e-02
-7.365053741379e+00,5.529449669092e+00,8.271467839588e-02
-7.364951716079e+00,6.564146871989e+00,7.018703341053e-02
-7.364828751654e+00,2.656250085005e-01,9.103081156279e-02
-7.364675387733e+00,5.139651184818e+00,8.475915486540e-02
-7.364358764249e+00,2.968750095005e-01,9.102948149342e-02
-7.364341512005e+00,6.170988160154e+00,7.699289824778e-02
-7.364303317738e+00,4.952137628600e+00,8.552942749466e-02
-7.364206874854e+00,4.649261904970e+00,8.655610937420e-02
-7.364006868732e+00,3.103382119650e+00,8.951930694828e-02
-7.363979149039e+00,7.242073002500e+00,3.083445514465e-02
-7.363978943697e+00,4.072339313953e+00,8.800322644897e-02
-7.363888776843e+00,3.281250105004e-01,9.102782045750e-02
-7.363545975504e+00,5.731960779023e+00,8.133710086285e-02
-7.363418789438e+00,3.593750115003e-01,9.102597151819e-02
-7.362948802033e+00,3.906250125003e-01,9.102377009159e-02
-7.362885869479e+00,1.993771165493e+00,9.047815626578e-02
-7.362872560350e+00,6.643683926943e+00,6.825424924652e-02
-7.362692558454e+00,3.740573880689e+00,8.862680280854e-02
-7.362478814627e+00,4.218750135002e-01,9.102131478556e-02
-7.362426326041e+00,2.390272238406e+00,9.020657015460e-02
-7.362199213595e+00,1.846523280654e+00,9.056500766925e-02
-7.362047721485e+00,6.093306015164e+00,7.796984178288e-02
-7.362008827222e+00,4.531250145001e-01,9.101865953513e-02
-7.361762997898e+00,3.364861900281e+00,8.919777427264e-02
-7.361538839816e+00,4.843750155000e-01,9.101563742890e-02
-7.361431841333e+00,1.505738508487e+00,9.073402775073e-02
-7.361233333692e+00,2.141518305323e+00,9.038814132031e-02
-7.361066818945e+00,4.707494138427e+00,8.639250238966e-02
-7.361018215709e+00,3.524203718143e+00,8.897492719094e-02
-7.360905187507e+00,4.015292413886e+00,8.813049916137e-02
-7.360596988512e+00,5.156250165000e-01,9.101340640854e-02
-7.360119275296e+00,1.071932550268e+00,9.089425116469e-02
-7.360050102242e+00,6.723507794639e+00,6.603107651751e-02
-7.359886497519e+00,1.312383859146e+00,9.081490340748e-02
-7.359831339509e+00,7.062264704287e+00,4.979715336644e-02
-7.359224821870e+00,1.699823708035e+00,9.064875084062e-02
-7.359183273308e+00,5.468750175001e-01,9.101190479363e-02
-7.359040072412e+00,6.015954964018e+00,7.885882666548e-02
-7.358958980256e+00,3.206335321263e+00,8.941075759083e-02
-7.358401203949e+00,5.660289239188e+00,8.191271510926e-02
-7.358271526333e+00,5.328169841164e+00,8.390666092216e-02
-7.357963593664e+00,5.010822229476e+00,8.534007994366e-02
-7.357769558104e+00,5.781250185001e-01,9.101008949193e-02
-7.357474102002e+00,2.742150752808e+00,8.991800130250e-02
-7.357331827992e+00,4.765804833761e+00,8.622512663241e-02
-7.357297512943e+00,3.958381448522e+00,8.825504790607e-02
-7.357194883534e+00,2.844061024702e+00,8.981934770949e-02
-7.357191142968e+00,2.289714348933e+00,9.029490844413e-02
-7.356927997816e+00,5.458263608454e+00,8.320917959417e-02
-7.356629019449e+00,3.684274434943e+00,8.874090860137e-02
-7.356480347183e+00,6.803611981268e+00,6.344703118625e-02
-7.356471502375e+00,2.640542289026e+00,9.001396959870e-02
-7.356355842900e+00,6.093750195002e-01,9.100808430416e-02
-7.356277128388e+00,5.198581883442e+00,8.455053563839e-02
-7.355611933720e+00,2.946253416090e+00,8.971818085706e-02
-7.355605450384e+00,7.323976935163e+00,1.829363493553e-02
-7.355322977978e+00,5.938941159876e+00,7.967115951588e-02
-7.354942127696e+00,6.406250205002e-01,9.100577127636e-02
-7.354682701115e+00,1.119859836066e+00,9.089137308191e-02
-7.354209269939e+00,2.539254949267e+00,9.010735709522e-02
-7.354015111750e+00,1.553720193891e+00,9.072944159338e-02
-7.353528412492e+00,6.718750215003e-01,9.100319748790e-02
-7.353361446254e+00,1.360337464140e+00,9.081109032496e-02
-7.353174152158e+00,1.894536254861e+00,9.055905749211e-02
-7.353161232210e+00,3.901610923834e+00,8.837693880033e-02
-7.353147689071e+00,2.041796545240e+00,9.047161008667e-02
-7.353115655436e+00,7.143554287219e+00,4.366062150689e-02
-7.353098551848e+00,3.468436467774e+00,8.908144644817e-02
-7.352997055011e+00,4.824188925835e+00,8.605388492193e-02
-7.352703617051e+00,3.048707869625e+00,8.961445628268e-02
-7.352528692279e+00,3.309497202394e+00,8.929951952815e-02
-7.352189068577e+00,5.588803599985e+00,8.245191722025e-02
-7.352159354453e+00,6.883989952526e+00,6.040681762790e-02
-7.352114697288e+00,7.031250225003e-01,9.100043238813e-02
-7.351447330261e+00,5.863400839834e+00,8.040016636895e-02
-7.351003184413e+00,5.069558342529e+00,8.514618270970e-02
-7.350902226745e+00,1.747809517246e+00,9.064339102742e-02
-7.350771681518e+00,2.189541018396e+00,9.038099383707e-02
-7.350709856435e+00,2.438307672248e+00,9.019840464064e-02
-7.350700982084e+00,7.343750235004e-01,9.099732469431e-02
-7.350061879019e+00,3.628136345063e+00,8.885259965290e-02
-7.349287266880e+00,7.656250245004e-01,9.099395734091e-02
-7.349034529451e+00,1.167761974751e+00,9.088831059051e-02
-7.348501690886e+00,3.844985301091e+00,8.849623639670e-02
-7.348448582054e+00,3.151403961548e+00,8.950813027617e-02
-7.348265142741e+00,5.791481193933e+00,8.103297534792e-02
-7.348057691182e+00,4.882641308243e+00,8.587867758562e-02
-7.347873551676e+00,7.968750255003e-01,9.099019608339e-02
-7.347762423450e+00,5.387290844171e+00,8.367618841227e-02
-7.347698048672e+00,4.349646687872e+00,8.744809932147e-02
-7.347616169199e+00,4.407289469939e+00,8.730509207554e-02
-7.347402989454e+00,6.390302766176e+00,7.406856890074e-02
-7.347242488810e+00,5.257546886930e+00,8.433680067131e-02
-7.347216833684e+00,4.292112963799e+00,8.758796764566e-02
-7.347167149745e+00,6.311801638106e+00,7.533181568235e-02
-7.347083237451e+00,6.964635134147e+00,5.677835708753e-02
-7.346966119889e+00,4.465036509502e+00,8.715886581590e-02
-7.346908773638e+00,6.469110700372e+00,7.265466394182e-02
-7.346623431614e+00,1.408259154760e+00,9.080709092400e-02
-7.346459836472e+00,8.281250265002e-01,9.098644579662e-02
-7.346456258061e+00,7.406112959165e+00,1.150235535884e-05
-7.346384038456e+00,1.601664396960e+00,9.072466626611e-02
-7.346205466526e+00,6.233613636641e+00,7.646717169481e-02
-7.346177635386e+00,4.234693055057e+00,8.772477515459e-02
-7.345995973904e+00,2.337719016689e+00,9.028715479864e-02
-7.345742861415e+00,4.522882963274e+00,8.700933841995e-02
-7.345680342574e+00,6.548219078024e+00,7.106159282677e-02
-7.345632623776e+00,7.225090302899e+00,3.573339181896e-02
-7.345046121268e+00,8.593750275001e-01,9.098220179473e-02
-7.344919287950e+00,5.517513506997e+00,8.296017772086e-02
-7.344695407477e+00,3.412846392720e+00,8.918555164128e-02
-7.344585600377e+00,4.177391675544e+00,8.785817433384e-02
-7.344522204036e+00,6.155745039292e+00,7.749303956849e-02
-7.343998185648e+00,5.719729265807e+00,8.162650452642e-02
-7.343941390773e+00,4.580823945545e+00,8.685642568819e-02
-7.343932134760e+00,1.942501676805e+00,9.055291445836e-02
-7.343925637996e+00,2.790155828684e+00,8.990831660749e-02
-7.343713589087e+00,6.627621494832e+00,6.925317581316e-02
-7.343632406064e+00,8.906250285001e-01,9.097767448213e-02
-7.343466595843e+00,2.688544163199e+00,9.000477636439e-02
-7.343417444064e+00,5.128340688180e+00,8.494761176582e-02
-7.343324267660e+00,3.788508996443e+00,8.861300371130e-02
-7.343191264551e+00,2.089769892816e+00,9.046486942512e-02
-7.343174917466e+00,1.215637677429e+00,9.088506342327e-02
-7.343096144132e+00,2.892060946024e+00,8.980923756773e-02
-7.342996638879e+00,3.572163857320e+00,8.896193516885e-02
-7.342825766192e+00,3.254320907790e+00,8.939916008702e-02
-7.342508965976e+00,4.941156833916e+00,8.569831033067e-02
-7.342445910181e+00,4.120213495815e+00,8.798837747651e-02
-7.342364053862e+00,1.795752189749e+00,9.063784000595e-02
-7.342218690860e+00,9.218750295000e-01,9.097315943874e-02
-7.342121678209e+00,6.078202080347e+00,7.842445537623e-02
-7.341741084812e+00,2.587245400449e+00,9.009857883285e-02
-7.341556741750e+00,4.638854528202e+00,8.670004129661e-02
-7.341248164397e+00,7.045540911953e+00,5.237314431237e-02
-7.341004459389e+00,6.707311504732e+00,6.718279435156e-02
-7.340956321184e+00,2.994239693965e+00,8.970764528938e-02
-7.340804975656e+00,9.531250305000e-01,9.096802642150e-02
-7.340090589152e+00,2.237507156373e+00,9.037365029076e-02
-7.339763781041e+00,4.063163142573e+00,8.811579992620e-02
-7.339672651977e+00,1.456147634205e+00,9.080290490251e-02
-7.339391260452e+00,9.843750315000e-01,9.096272867122e-02
-7.339049660629e+00,1.562500050003e-02,9.109318360016e-02
-7.339008256229e+00,6.000990950548e+00,7.927382488433e-02
-7.338771440850e+00,2.486278615566e+00,9.019004054004e-02
-7.338656034933e+00,5.648154851520e+00,8.218233528575e-02
-7.338584699826e+00,4.687500150008e-02,9.109387358458e-02
-7.338583985174e+00,4.696969741131e+00,8.654009674747e-02
-7.338538853810e+00,1.649569812381e+00,9.071970138170e-02
-7.338119739025e+00,7.812500250012e-02,9.109425014804e-02
-7.337654778222e+00,1.093750035002e-01,9.109444340441e-02
-7.337634374010e+00,3.732186380614e+00,8.872730225194e-02
-7.337566950937e+00,5.316540786022e+00,8.411780769083e-02
-7.337548953558e+00,6.787282620205e+00,6.478933331558e-02
-7.337484656432e+00,3.096671883178e+00,8.960349598264e-02
-7.337378584613e+00,7.306866014340e+00,2.509912674722e-02
-7.337189817420e+00,1.406250045003e-01,9.109433489670e-02
-7.337104030134e+00,1.263485656474e+00,9.088163130440e-02
-7.336724856618e+00,1.718750055004e-01,9.109397847813e-02
-7.336601655188e+00,5.446428524086e+00,8.343994251473e-02
-7.336544463711e+00,4.006245198163e+00,8.824050846193e-02
-7.336346147621e+00,4.999730315151e+00,8.551351522021e-02
-7.336259895816e+00,2.031250065004e-01,9.109343793682e-02
-7.336133743933e+00,1.023898019929e+00,9.095886615957e-02
-7.335814402201e+00,3.357437566124e+00,8.928750414749e-02
-7.335794935014e+00,2.343750075005e-01,9.109253155461e-02
-7.335438832150e+00,3.516361171754e+00,8.906881439709e-02
-7.335329974212e+00,2.656250085005e-01,9.109144149398e-02
-7.335201766426e+00,5.187163947182e+00,8.474423953594e-02
-7.335186356289e+00,5.924117796479e+00,8.005113901822e-02
-7.335018229142e+00,4.755164572661e+00,8.637650131846e-02
-7.334865013410e+00,2.968750095005e-01,9.109010182388e-02
-7.334650358525e+00,7.126700632472e+00,4.691251068446e-02
-7.334580262504e+00,2.385662505322e+00,9.027920358044e-02
-7.334473455086e+00,1.990418225807e+00,9.054657815084e-02
-7.334400052608e+00,3.281250105004e-01,9.108846053663e-02
-7.333935091806e+00,3.593750115003e-01,9.108663473959e-02
-7.333610570018e+00,1.843650413010e+00,9.063209736812e-02
-7.333470131004e+00,3.906250125003e-01,9.108443257330e-02
-7.333343125489e+00,6.867528313198e+00,6.199107086938e-02
-7.333016916973e+00,2.137689879555e+00,9.045793385997e-02
-7.333005170202e+00,4.218750135002e-01,9.108201126399e-02
-7.332793242913e+00,3.949464200710e+00,8.836256832432e-02
-7.332659923113e+00,3.199336960515e+00,8.949674668433e-02
-7.332540209400e+00,4.531250145001e-01,9.107935656300e-02
-7.332509313620e+00,1.504001606881e+00,9.079853195081e-02
-7.332299731996e+00,5.850979105373e+00,8.072050130541e-02
-7.332248342350e+00,5.576767666399e+00,8.270481801554e-02
-7.332075248597e+00,4.843750155000e-01,9.107637864232e-02
-7.331437453738e+00,3.676021778897e+00,8.883919204619e-02
-7.331143470569e+00,5.156250165000e-01,9.107416724147e-02
-7.330927637133e+00,1.071682512238e+00,9.095617956727e-02
-7.330854619584e+00,4.813433969424e+00,8.620916201002e-02
-7.330822040256e+00,1.311304625418e+00,9.087801394973e-02
-7.330479798109e+00,1.697435136350e+00,9.071454654541e-02
-7.330237520161e+00,2.736473427299e+00,8.999538245098e-02
-7.330151769715e+00,2.838084847421e+00,8.989842711001e-02
-7.329744875313e+00,5.468750175001e-01,9.107261782070e-02
-7.329564543547e+00,5.058356523703e+00,8.532432539952e-02
-7.329190405298e+00,2.285415383571e+00,9.036611026208e-02
-7.329050015976e+00,2.635166646825e+00,9.008960068446e-02
-7.328916545867e+00,5.779153894778e+00,8.133167752073e-02
-7.328770816251e+00,2.939981322703e+00,8.979892178703e-02
-7.328515436980e+00,3.892824643893e+00,8.848204324148e-02
-7.328383083150e+00,6.948042015668e+00,5.867619341959e-02
-7.328349933998e+00,7.388874646778e+00,1.008772789231e-02
-7.328346280058e+00,5.781250185001e-01,9.107080428417e-02
-7.327909611150e+00,6.374646564183e+00,7.471737791077e-02
-7.327564179369e+00,6.296282377172e+00,7.591413072381e-02
-7.327525929364e+00,6.453318318568e+00,7.338197193278e-02
-7.327394022987e+00,3.460732441981e+00,8.917312231137e-02
-7.327286098512e+00,7.208107603298e+00,3.996639468952e-02
-7.327246037548e+00,5.375558132543e+00,8.389341018817e-02
-7.326947684803e+00,6.093750195002e-01,9.106880426497e-02
-7.326611476313e+00,2.534183717355e+00,9.018147745714e-02
-7.326493851218e+00,6.218232071574e+00,7.699267027245e-02
-7.326461185711e+00,3.302214013954e+00,8.938735546956e-02
-7.326408969069e+00,6.532291284058e+00,7.188247670929e-02
-7.326351585489e+00,5.246022760698e+00,8.453593478062e-02
-7.326088340527e+00,4.871772836743e+00,8.603798349063e-02
-7.326072987860e+00,3.042142899487e+00,8.969690339076e-02
-7.325549089547e+00,6.406250205002e-01,9.106645112143e-02
-7.325512024287e+00,1.119443399418e+00,9.095330935696e-02
-7.325133630686e+00,1.551819778616e+00,9.079397175179e-02
-7.324798414903e+00,2.038284582806e+00,9.054004814721e-02
-7.324784834522e+00,5.505577344903e+00,8.319775886979e-02
-7.324738982596e+00,3.620019470986e+00,8.894873166933e-02
-7.324702896067e+00,6.140501918431e+00,7.796960964292e-02
-7.324642050037e+00,1.891502875969e+00,9.062616269946e-02
-7.324554617824e+00,6.611559062721e+00,7.018683391140e-02
-7.324450395792e+00,5.707497752592e+00,8.190572909996e-02
-7.324329128503e+00,1.359093298594e+00,9.087421106685e-02
-7.324316333758e+00,4.397361505609e+00,8.743224867983e-02
-7.324240695548e+00,4.339841349640e+00,8.757223302690e-02
-7.324150494292e+00,6.718750215003e-01,9.106389266415e-02
-7.323825772049e+00,4.454987016309e+00,8.728914016549e-02
-7.323716397548e+00,3.836330976647e+00,8.859899545475e-02
-7.323603939443e+00,4.282431336877e+00,8.770917013607e-02
-7.322944385499e+00,2.433543472653e+00,9.027105437884e-02
-7.322763964374e+00,4.512713050434e+00,8.714282864061e-02
-7.322751899037e+00,7.031250225003e-01,9.106110534267e-02
-7.322664989284e+00,7.028817119620e+00,5.468754033013e-02
-7.322624975487e+00,2.185555178731e+00,9.045080296629e-02
-7.322411183169e+00,4.225136212597e+00,8.784298805673e-02
-7.322207119570e+00,1.745259066660e+00,9.070920135515e-02
-7.322195634934e+00,6.063098145530e+00,7.885859072723e-02
-7.322159500394e+00,5.117030191541e+00,8.513062279267e-02
-7.322036895404e+00,3.144549257262e+00,8.959232882324e-02
-7.321958816535e+00,6.691115214826e+00,6.825405760589e-02
-7.321353303781e+00,7.343750235004e-01,9.105797072821e-02
-7.321125900933e+00,4.570534734214e+00,8.699323330643e-02
-7.320714614214e+00,4.930176039231e+00,8.586252802412e-02
-7.320667579827e+00,4.167960678597e+00,8.797332764231e-02
-7.319954708526e+00,7.656250245004e-01,9.105469443101e-02
-7.319887053085e+00,1.167179405591e+00,9.095025526497e-02
-7.319151718843e+00,7.289755093517e+00,3.083437350958e-02
-7.318976440046e+00,5.986026937077e+00,7.967092010296e-02
-7.318910865917e+00,5.636020463851e+00,8.244291507190e-02
-7.318906608646e+00,4.628447151433e+00,8.684027136585e-02
-7.318867806113e+00,3.405281775220e+00,8.927528167918e-02
-7.318617559933e+00,6.770953259142e+00,6.603089377044e-02
-7.318556113271e+00,7.968750255003e-01,9.105090076074e-02
-7.318401509282e+00,3.779987602756e+00,8.871348574458e-02
-7.318378317366e+00,4.110909393287e+00,8.810089775061e-02
-7.318071486886e+00,2.333264366091e+00,9.035837332961e-02
-7.317625483357e+00,1.406850391577e+00,9.087022235517e-02
-7.317545825219e+00,1.599600856433e+00,9.078921933669e-02
-7.317544467972e+00,3.564183690644e+00,8.905597610868e-02
-7.317157518016e+00,8.281250265002e-01,9.104710921067e-02
-7.316862375542e+00,5.304911730879e+00,8.432256247693e-02
-7.316784721898e+00,2.784328716829e+00,8.998578751186e-02
-7.316641437430e+00,3.247179714732e+00,8.948515588842e-02
-7.316275312560e+00,5.434593439718e+00,8.366345726780e-02
-7.316185061615e+00,7.109846977724e+00,4.979702092812e-02
-7.316152964692e+00,2.885936437241e+00,8.988833237882e-02
-7.316136489143e+00,2.683017331927e+00,9.008042227699e-02
-7.316101151404e+00,4.686445343836e+00,8.668385797936e-02
-7.315758922760e+00,8.593750275001e-01,9.104298046825e-02
-7.315645644300e+00,5.910448710703e+00,8.039908905696e-02
-7.315548618385e+00,4.053986971192e+00,8.822576422045e-02
-7.315458776695e+00,1.939308269430e+00,9.062003557941e-02
-7.314907324017e+00,2.086099430571e+00,9.053332402025e-02
-7.314728701579e+00,4.988638400826e+00,8.568210962629e-02
-7.314526896526e+00,6.851066673871e+00,6.344685857132e-02
-7.314360327505e+00,8.906250285001e-01,9.103842469613e-02
-7.314230368067e+00,2.582021629070e+00,9.017271499761e-02
-7.314219388688e+00,2.987820775820e+00,8.978839996696e-02
-7.314126404464e+00,5.175746010922e+00,8.493228603039e-02
-7.314052879026e+00,1.214889255503e+00,9.094701701884e-02
-7.313721074327e+00,1.793040302690e+00,9.070366540170e-02
-7.313152133732e+00,5.838557370913e+00,8.102887577878e-02
-7.312961732250e+00,9.218750295000e-01,9.103387218865e-02
-7.312704630292e+00,4.744524311561e+00,8.652390621952e-02
-7.312576189565e+00,3.723798880539e+00,8.882557345622e-02
-7.312307616124e+00,5.564731732813e+00,8.294946798069e-02
-7.312183739916e+00,3.997197982440e+00,8.834799140684e-02
-7.312015777295e+00,2.233364465747e+00,9.044347631574e-02
-7.311563136994e+00,9.531250305000e-01,9.102887897691e-02
-7.311088727843e+00,2.481360578634e+00,9.026270678295e-02
-7.310962444132e+00,3.089961646706e+00,8.968595479756e-02
-7.310711301119e+00,1.454574621147e+00,9.086604750610e-02
-7.310243609936e+00,7.371636334392e+00,1.829358895712e-02
-7.310164541739e+00,9.843750315000e-01,9.102355655513e-02
-7.309865806505e+00,3.350013231967e+00,8.937534350838e-02
-7.309859448590e+00,3.508518625365e+00,8.916048616265e-02
-7.309746127171e+00,1.647343548548e+00,9.078426848161e-02
-7.309682928849e+00,6.931448897189e+00,6.040665664147e-02
-7.309567948993e+00,5.766826595624e+00,8.161983922878e-02
-7.309510670360e+00,1.562500050003e-02,9.115280263816e-02
-7.309050736162e+00,4.687500150008e-02,9.115346700083e-02
-7.308939573248e+00,7.191124903696e+00,4.366050929116e-02
-7.308712184157e+00,4.802679013013e+00,8.636032702387e-02
-7.308590801963e+00,7.812500250012e-02,9.115382677266e-02
-7.308416232846e+00,6.358990362190e+00,7.533160144516e-02
-7.308288972883e+00,3.940546952899e+00,8.846764220434e-02
-7.308143085090e+00,6.437525936764e+00,7.406836024712e-02
-7.308130867764e+00,1.093750035002e-01,9.115400651948e-02
-7.308125902681e+00,5.047154704877e+00,8.549744374217e-02
-7.308009665339e+00,1.262571675155e+00,9.094359433740e-02
-7.307961208994e+00,6.280763116238e+00,7.646695240051e-02
-7.307670933565e+00,1.406250045003e-01,9.115388026037e-02
-7.307210999367e+00,1.718750055004e-01,9.115352016336e-02
-7.307137595563e+00,6.516363490093e+00,7.265446147769e-02
-7.306923385140e+00,1.023814632979e+00,9.101968023918e-02
-7.306782235910e+00,6.202850506507e+00,7.749281567710e-02
-7.306751065168e+00,2.031250065004e-01,9.115296316767e-02
-7.306734198967e+00,2.381052772239e+00,9.035043907029e-02
-7.306729651646e+00,5.363825420916e+00,8.410398369162e-02
-7.306360865970e+00,3.192338599767e+00,8.958095448392e-02
-7.306291130969e+00,2.343750075005e-01,9.115206293125e-02
-7.306245888028e+00,3.667769122851e+00,8.893531652551e-02
-7.306061040692e+00,1.987065286121e+00,9.061371558158e-02
-7.305831196770e+00,2.656250085005e-01,9.115098229711e-02
-7.305460682168e+00,5.234498634466e+00,8.472919034872e-02
-7.305395646562e+00,6.595496630611e+00,7.106139725402e-02
-7.305371262571e+00,2.968750095005e-01,9.114963399402e-02
-7.305021926440e+00,1.840777545367e+00,9.069793826895e-02
-7.304911328372e+00,3.281250105004e-01,9.114801196798e-02
-7.304902605936e+00,5.695266239376e+00,8.217427740357e-02
-7.304883588097e+00,6.125258797569e+00,7.842422729186e-02
-7.304800500254e+00,2.133861453788e+00,9.052640533828e-02
-7.304650381093e+00,5.493641182808e+00,8.342779348708e-02
-7.304451394174e+00,3.593750115003e-01,9.114620872921e-02
-7.304118989871e+00,4.860904365242e+00,8.619302914620e-02
-7.304081814172e+00,7.012093327286e+00,5.677820955455e-02
-7.303991459975e+00,3.906250125003e-01,9.114400672139e-02
-7.303869641751e+00,3.884038363952e+00,8.858477807043e-02
-7.303586785908e+00,1.502264705274e+00,9.086168620326e-02
-7.303531525776e+00,4.218750135002e-01,9.114161851901e-02
-7.303108655895e+00,2.832108670141e+00,8.997592247806e-02
-7.303071591577e+00,4.531250145001e-01,9.113896541282e-02
-7.303000938319e+00,2.730796101791e+00,9.007104324118e-02
-7.302913173681e+00,6.674918924919e+00,6.925298795029e-02
-7.302611657378e+00,4.843750155000e-01,9.113603050033e-02
-7.302269591658e+00,6.047994210714e+00,7.927359296383e-02
-7.301929698782e+00,2.933709229316e+00,8.987803198783e-02
-7.301757582994e+00,1.310225391690e+00,9.093998693087e-02
-7.301735998970e+00,1.071432474209e+00,9.101700116974e-02
-7.301734774348e+00,1.695046564665e+00,9.077912814701e-02
-7.301689952626e+00,5.156250165000e-01,9.113383831369e-02
-7.301689494126e+00,3.453028416188e+00,8.926285195476e-02
-7.301628529577e+00,2.629791004623e+00,9.016375276909e-02
-7.301189667628e+00,2.281116418209e+00,9.043595347703e-02
-7.301016498317e+00,4.387433541279e+00,8.755629631254e-02
-7.300924853072e+00,7.272644172694e+00,3.573330411401e-02
-7.300901556725e+00,5.105719694902e+00,8.530841786198e-02
-7.300783342424e+00,4.330036011408e+00,8.769336049987e-02
-7.300685424210e+00,4.444937523116e+00,8.741619871974e-02
-7.300558218813e+00,7.453744519462e+00,1.150235530048e-05
-7.300393679144e+00,3.294930825513e+00,8.947335761780e-02
-7.300306477319e+00,5.468750175001e-01,9.113224383841e-02
-7.299991045202e+00,4.272749709956e+00,8.782746522038e-02
-7.299785067333e+00,4.502543137594e+00,8.727299197765e-02
-7.299686166307e+00,6.754623898079e+00,6.718261515984e-02
-7.299442358670e+00,3.035577929349e+00,8.977767171443e-02
-7.299416086173e+00,3.611902596910e+00,8.904277150454e-02
-7.299165696901e+00,5.623886076183e+00,8.269489500853e-02
-7.299013682686e+00,2.529112485443e+00,9.025416038219e-02
-7.298944623863e+00,5.971062923607e+00,8.005090356323e-02
-7.298931104209e+00,3.827676652204e+00,8.869945904903e-02
-7.298923002012e+00,5.781250185001e-01,9.113043224353e-02
-7.298920262452e+00,4.919195244547e+00,8.602191910537e-02
-7.298644730953e+00,4.215579370138e+00,8.795807737105e-02
-7.298310411092e+00,4.560245522883e+00,8.712659849980e-02
-7.297719764704e+00,7.092993322976e+00,5.237301247879e-02
-7.297539526706e+00,6.093750195002e-01,9.112840611922e-02
-7.296749559277e+00,4.158529681649e+00,8.808579298087e-02
-7.296700842010e+00,5.897933902546e+00,8.071784958771e-02
-7.296449140735e+00,2.034772620372e+00,9.060720227411e-02
-7.296341347459e+00,1.119026962770e+00,9.101413902112e-02
-7.296256475543e+00,4.618039774665e+00,8.697693881869e-02
-7.296252149622e+00,1.549919363340e+00,9.085713812258e-02
-7.296157800146e+00,5.293282675737e+00,8.452120748244e-02
-7.296156051399e+00,6.406250205002e-01,9.112604692664e-02
-7.296109947917e+00,1.888469497078e+00,9.069201953415e-02
-7.295948969932e+00,5.422758355350e+00,8.388005544731e-02
-7.295710667563e+00,6.834605034543e+00,6.478916393257e-02
-7.295625208755e+00,3.137694552977e+00,8.967479915573e-02
-7.295296810752e+00,1.357849133047e+00,9.093619450104e-02
-7.295178914564e+00,2.428779273057e+00,9.034230705982e-02
-7.294772576093e+00,6.718750215003e-01,9.112350359413e-02
-7.294478269456e+00,2.181569339066e+00,9.051929166547e-02
-7.294310724552e+00,4.101605290760e+00,8.821081545228e-02
-7.294004535468e+00,5.826135636453e+00,8.132623045988e-02
-7.293618317634e+00,4.675920946540e+00,8.682393154634e-02
-7.293512012396e+00,1.742708616074e+00,9.077379792363e-02
-7.293478750904e+00,3.771466209069e+00,8.881174379406e-02
-7.293389100786e+00,7.031250225003e-01,9.112067989181e-02
-7.293111255537e+00,4.977546486501e+00,8.584606085684e-02
-7.293051042502e+00,5.164328074662e+00,8.511491641720e-02
-7.293040204749e+00,3.397717157720e+00,8.936312398982e-02
-7.292366889897e+00,5.552695799227e+00,8.318625868601e-02
-7.292137285873e+00,7.354398022005e+00,2.509906904805e-02
-7.292092297066e+00,3.556203523968e+00,8.914764309606e-02
-7.292005625479e+00,7.343750235004e-01,9.111753682405e-02
-7.291333455729e+00,4.044810799812e+00,8.833320824575e-02
-7.290982774548e+00,6.914855778710e+00,6.199091265153e-02
-7.290739576720e+00,1.166596836432e+00,9.101109352483e-02
-7.290622150173e+00,7.656250245004e-01,9.111434760457e-02
-7.290593047984e+00,7.174142204095e+00,4.691239733261e-02
-7.290457108668e+00,3.240038521675e+00,8.956937265624e-02
-7.290391031442e+00,4.733884050461e+00,8.666749333360e-02
-7.290219352119e+00,5.754499296469e+00,8.189800396931e-02
-7.290146999867e+00,2.328809715494e+00,9.042823401635e-02
-7.289643805801e+00,2.778501604974e+00,9.006146321224e-02
-7.289238674866e+00,7.968750255003e-01,9.111052449922e-02
-7.289209785253e+00,2.879811928458e+00,8.996584456422e-02
-7.288922854542e+00,6.343334160197e+00,7.591392046379e-02
-7.288806382443e+00,2.677490500656e+00,9.015459038184e-02
-7.288760240816e+00,6.421733554960e+00,7.471717321497e-02
-7.288707611982e+00,1.597537315906e+00,9.085240293255e-02
-7.288627535099e+00,1.405441628394e+00,9.093221674131e-02
-7.288358238618e+00,6.265243855304e+00,7.699245495484e-02
-7.287866222058e+00,6.500435696128e+00,7.338177338090e-02
-7.287855199559e+00,8.281250265002e-01,9.110669513929e-02
-7.287823016120e+00,3.988150766717e+00,8.845303341328e-02
-7.287518005120e+00,3.715411380465e+00,8.892168959292e-02
-7.287482456192e+00,2.981401857674e+00,8.986752551695e-02
-7.287070620603e+00,6.187468941440e+00,7.796938971268e-02
-7.286985418629e+00,1.936114862055e+00,9.068590876818e-02
-7.286719651321e+00,2.576797857690e+00,9.024541476692e-02
-7.286687261816e+00,5.035952886051e+00,8.566574497308e-02
-7.286623383483e+00,2.082428968325e+00,9.060049521997e-02
-7.286569748730e+00,4.791924056602e+00,8.650753882825e-02
-7.286471724253e+00,8.593750275001e-01,9.110267677471e-02
-7.286236675299e+00,6.579434198501e+00,7.188228496852e-02
-7.286213265744e+00,5.352092709288e+00,8.430820555281e-02
-7.285498639060e+00,6.995369534953e+00,5.867604799577e-02
-7.285354816080e+00,5.683034726160e+00,8.243385955361e-02
-7.285088248946e+00,8.906250285001e-01,9.109809566829e-02
-7.285078094793e+00,1.790328415630e+00,9.076827739484e-02
-7.285064280128e+00,6.110015676708e+00,7.885836657707e-02
-7.284930840587e+00,1.214140833578e+00,9.100786440342e-02
-7.284569778846e+00,5.222974508234e+00,8.491682069059e-02
-7.284515927664e+00,5.481705020713e+00,8.365063058066e-02
-7.284440231832e+00,3.083251410234e+00,8.976673664448e-02
-7.284280065030e+00,3.500676078975e+00,8.925021482519e-02
-7.283940965437e+00,2.229221775120e+00,9.051198256226e-02
-7.283917210808e+00,3.342588897810e+00,8.946135161653e-02
-7.283867530827e+00,6.658722635012e+00,7.018664975408e-02
-7.283784702853e+00,3.931629705087e+00,8.857035161947e-02
-7.283704773640e+00,9.218750295000e-01,9.109350930518e-02
-7.283406014835e+00,2.476442541702e+00,9.033397687332e-02
-7.282697987302e+00,7.255533251871e+00,3.996630326520e-02
-7.282573312991e+00,7.436379651167e+00,1.008770692022e-02
-7.282343548382e+00,6.032890275897e+00,7.967069208115e-02
-7.282321298333e+00,9.531250305000e-01,9.108865010334e-02
-7.282149639216e+00,4.850035893742e+00,8.634398063149e-02
-7.281749950262e+00,1.453001608088e+00,9.092805333688e-02
-7.281054322317e+00,3.659516466805e+00,8.902935239016e-02
-7.280953400532e+00,1.645117284714e+00,9.084748029441e-02
-7.280937823026e+00,9.843750315000e-01,9.108330629617e-02
-7.280754772682e+00,6.738294537016e+00,6.825388193157e-02
-7.280061808827e+00,3.185340239019e+00,8.966343612177e-02
-7.279971680092e+00,1.562500050003e-02,9.121135989030e-02
-7.279643613055e+00,5.094409198263e+00,8.548121427341e-02
-7.279558607132e+00,5.957277662213e+00,8.039801799406e-02
-7.279516772497e+00,4.687500150008e-02,9.121199951239e-02
-7.279420527886e+00,5.611751688514e+00,8.293868780630e-02
-7.279254467793e+00,7.076139668229e+00,5.468740966772e-02
-7.279223846521e+00,3.875252084011e+00,8.868522216269e-02
-7.279061864901e+00,7.812500250012e-02,9.121234303935e-02
-7.278915300543e+00,1.261657693836e+00,9.100445137056e-02
-7.278888135431e+00,2.376443039155e+00,9.042031749790e-02
-7.278606957306e+00,1.093750035002e-01,9.121250973035e-02
-7.278152049710e+00,1.406250045003e-01,9.121236654580e-02
-7.277756039721e+00,5.885419094390e+00,8.102476273561e-02
-7.277716662876e+00,4.377505576949e+00,8.767734663796e-02
-7.277713026348e+00,1.023731246030e+00,9.107941813153e-02
-7.277697142115e+00,1.718750055004e-01,9.121200294582e-02
-7.277648626299e+00,1.983712346435e+00,9.067960553581e-02
-7.277545076371e+00,4.434888029922e+00,8.754015797702e-02
-7.277325989300e+00,4.320230673176e+00,8.781158879543e-02
-7.277242234519e+00,2.031250065004e-01,9.121143045280e-02
-7.277125910690e+00,4.908214449862e+00,8.617672925268e-02
-7.276894438600e+00,6.818143395216e+00,6.603072763351e-02
-7.276806170291e+00,4.492373224754e+00,8.739995000015e-02
-7.276787326924e+00,2.343750075005e-01,9.121053626000e-02
-7.276584083535e+00,2.130033028021e+00,9.059359397732e-02
-7.276433282863e+00,1.837904677723e+00,9.076256613686e-02
-7.276378150961e+00,4.263068083035e+00,8.794262712871e-02
-7.276332419328e+00,2.656250085005e-01,9.120946485751e-02
-7.276065542076e+00,2.826132492860e+00,9.005168183065e-02
-7.275984965264e+00,3.445324390395e+00,8.935069671785e-02
-7.275877511733e+00,2.968750095005e-01,9.120810882620e-02
-7.275764356478e+00,2.725118776282e+00,9.014522744943e-02
-7.275622627305e+00,5.410923270982e+00,8.409004894927e-02
-7.275494921252e+00,4.549956311552e+00,8.725664815734e-02
-7.275453224751e+00,5.281653620594e+00,8.471400872191e-02
-7.275422604137e+00,3.281250105004e-01,9.120650558927e-02
-7.275088581314e+00,2.927437135928e+00,8.995556100700e-02
-7.274967696542e+00,3.593750115003e-01,9.120469959041e-02
-7.274878278736e+00,4.206022527678e+00,8.807048600265e-02
-7.274856937204e+00,5.813713901992e+00,8.161314069288e-02
-7.274664258195e+00,1.500527803668e+00,9.092370396492e-02
-7.274512788946e+00,3.906250125003e-01,9.120252332440e-02
-7.274326172576e+00,3.287647637073e+00,8.955758304487e-02
-7.274207043177e+00,2.624415362422e+00,9.023646952906e-02
-7.274145810870e+00,3.819022327761e+00,8.879770299644e-02
-7.274093189750e+00,3.603785722834e+00,8.913459303498e-02
-7.274057881351e+00,4.218750135002e-01,9.120016736887e-02
-7.274030961811e+00,7.337159709618e+00,3.083430820114e-02
-7.273606342439e+00,4.607632397897e+00,8.711017612660e-02
-7.273602973755e+00,4.531250145001e-01,9.119751682197e-02
-7.273188929959e+00,2.276817452847e+00,9.050447758579e-02
-7.273148066160e+00,4.843750155000e-01,9.119462378032e-02
-7.272989750587e+00,1.692657992980e+00,9.084236986239e-02
-7.272831538726e+00,4.149098684702e+00,8.819566246536e-02
-7.272811729479e+00,3.029012959211e+00,8.985681255293e-02
-7.272693125732e+00,1.309146157962e+00,9.100085413109e-02
-7.272544360806e+00,1.071182436179e+00,9.107674674797e-02
-7.272426163670e+00,5.540659865641e+00,8.341555759217e-02
-7.272282620247e+00,6.898262660231e+00,6.344670321525e-02
-7.272246522720e+00,7.157159504494e+00,4.979690740849e-02
-7.272236434683e+00,5.156250165000e-01,9.119244330546e-02
-7.271975680540e+00,5.152910138402e+00,8.529235861570e-02
-7.271493809494e+00,4.966454572176e+00,8.600555611239e-02
-7.271415889060e+00,2.524041253530e+00,9.032544808584e-02
-7.271135483864e+00,4.665396549245e+00,8.696045577880e-02
-7.270870755245e+00,5.742171997314e+00,8.216617542190e-02
-7.270868079325e+00,5.468750175001e-01,9.119081347977e-02
-7.270243131737e+00,4.092301188232e+00,8.831821907413e-02
-7.269499723967e+00,5.781250185001e-01,9.118900398977e-02
-7.269429476238e+00,6.327677958204e+00,7.646674599905e-02
-7.269377396543e+00,6.405941173156e+00,7.533140059165e-02
-7.269213522105e+00,3.130839848691e+00,8.975559438128e-02
-7.268755268243e+00,6.249724594370e+00,7.749260421665e-02
-7.268594848553e+00,6.484507902162e+00,7.406816549823e-02
-7.268555992526e+00,3.762944815382e+00,8.890785075078e-02
-7.268131368609e+00,6.093750195002e-01,9.118693664082e-02
-7.268099866566e+00,2.031260657938e+00,9.067310939603e-02
-7.268077432592e+00,4.723243789361e+00,8.680740714131e-02
-7.267577845796e+00,1.885436118187e+00,9.075666371902e-02
-7.267413443629e+00,2.424015073461e+00,9.041220348429e-02
-7.267370668559e+00,1.548018948064e+00,9.091916829472e-02
-7.267359005295e+00,6.172087376373e+00,7.842401120387e-02
-7.267212603385e+00,3.390152540219e+00,8.944913764459e-02
-7.267170670631e+00,1.118610526122e+00,9.107389283003e-02
-7.267118293073e+00,4.035634628432e+00,8.843821702951e-02
-7.267077704037e+00,6.563371766390e+00,7.265427347043e-02
-7.266915463948e+00,6.978645742619e+00,6.040651354027e-02
-7.266763013251e+00,6.406250205002e-01,9.118458914181e-02
-7.266640126160e+00,3.548223357292e+00,8.923737016205e-02
-7.266331563426e+00,2.177583499401e+00,9.058649809986e-02
-7.266264493000e+00,1.356604967501e+00,9.099707238124e-02
-7.265807026224e+00,5.670803212944e+00,8.268491069866e-02
-7.265696879842e+00,5.340359997661e+00,8.450635520860e-02
-7.265394657893e+00,6.718750215003e-01,9.118206072815e-02
-7.265248620950e+00,5.024751067224e+00,8.582942521666e-02
-7.265244972158e+00,6.094772555847e+00,7.927337263067e-02
-7.264821887973e+00,6.642526345106e+00,7.106121672110e-02
-7.264816905221e+00,1.740158165488e+00,9.083707128390e-02
-7.264588407169e+00,7.419014782872e+00,1.829355447319e-02
-7.264471121532e+00,7.238422331048e+00,4.366041577733e-02
-7.264427313304e+00,4.781169100191e+00,8.665094836080e-02
-7.264381474236e+00,5.469768858619e+00,8.386659820419e-02
-7.264272779906e+00,3.232897328617e+00,8.965186536376e-02
-7.264026302535e+00,7.031250225003e-01,9.117920334175e-02
-7.263678875524e+00,5.211450382003e+00,8.509906493470e-02
-7.263462292324e+00,3.979103550995e+00,8.855571619421e-02
-7.262657947177e+00,7.343750235004e-01,9.117605316229e-02
-7.262502889704e+00,2.772674493119e+00,9.013566358950e-02
-7.262459820675e+00,3.707023880390e+00,8.901572075387e-02
-7.262417505107e+00,6.017786341080e+00,8.005067931099e-02
-7.262266605813e+00,2.873687419675e+00,9.004169874293e-02
-7.262222512849e+00,2.324355064896e+00,9.049677629036e-02
-7.261823379057e+00,6.721965175953e+00,6.925281573895e-02
-7.261592100354e+00,1.166014267272e+00,9.107085610462e-02
-7.261476275743e+00,2.671963669384e+00,9.022732426273e-02
-7.261289591819e+00,7.656250245004e-01,9.117292463098e-02
-7.260818389853e+00,5.944671152896e+00,8.071519445942e-02
-7.260789170882e+00,7.059286013481e+00,5.677808046153e-02
-7.260745523695e+00,2.974982939528e+00,8.994507136728e-02
-7.260180288560e+00,4.839167422242e+00,8.649099566464e-02
-7.259921236461e+00,7.968750255003e-01,9.116909749298e-02
-7.259869398746e+00,1.595473775379e+00,9.091444598789e-02
-7.259675358870e+00,5.599617300846e+00,8.317468048665e-02
-7.259629586842e+00,1.404032865211e+00,9.099310580867e-02
-7.259280432822e+00,3.922712457275e+00,8.867077511208e-02
-7.259208934575e+00,2.571574086311e+00,9.031672027297e-02
-7.258811237431e+00,5.872904286233e+00,8.132076035875e-02
-7.258700681470e+00,3.492833532586e+00,8.933806151527e-02
-7.258552881103e+00,8.281250265002e-01,9.116523356139e-02
-7.258512060563e+00,1.932921454681e+00,9.075056970396e-02
-7.258385669385e+00,5.083098701624e+00,8.564921755879e-02
-7.258339442948e+00,2.078758506080e+00,9.066641990239e-02
-7.258078209636e+00,6.801681755888e+00,6.718245225509e-02
-7.257968615111e+00,3.335164563652e+00,8.954558536874e-02
-7.257918019532e+00,3.076541173762e+00,8.984589269018e-02
-7.257184525745e+00,8.593750275001e-01,9.116132093697e-02
-7.256435115258e+00,1.787616528570e+00,9.083158419981e-02
-7.255924637748e+00,7.319921397232e+00,3.573323394961e-02
-7.255866153580e+00,2.225079084493e+00,9.057920713727e-02
-7.255862756607e+00,3.651263810759e+00,8.912133592669e-02
-7.255816170387e+00,8.906250285001e-01,9.115671741662e-02
-7.255808802147e+00,1.213392411652e+00,9.106763628951e-02
-7.255723301828e+00,2.471524504770e+00,9.040389153715e-02
-7.255709338939e+00,5.801292167532e+00,8.189014261815e-02
-7.255331558929e+00,4.897233655178e+00,8.632746332079e-02
-7.255296284676e+00,5.399088186614e+00,8.429373140126e-02
-7.254748649355e+00,5.270024565451e+00,8.490121715859e-02
-7.254578051292e+00,3.866465804070e+00,8.878345102725e-02
-7.254447815029e+00,9.218750295000e-01,9.115210057518e-02
-7.254416827436e+00,4.367577612619e+00,8.779550614098e-02
-7.254404728531e+00,4.424838536729e+00,8.766112898464e-02
-7.254366815925e+00,7.501091639796e+00,1.150235514414e-05
-7.253899997456e+00,7.140176804892e+00,5.237289947747e-02
-7.253868636176e+00,4.310425334943e+00,8.792697742435e-02
-7.253827273250e+00,4.482203311914e+00,8.752381853895e-02
-7.253762751684e+00,3.178341878271e+00,8.974424455906e-02
-7.253582465946e+00,6.881669541753e+00,6.478901148525e-02
-7.253079459671e+00,9.531250305000e-01,9.114736987296e-02
-7.252788599404e+00,1.451428595030e+00,9.098895409263e-02
-7.252765256720e+00,4.253386456114e+00,8.805497724266e-02
-7.252679431411e+00,4.539667100220e+00,8.738350312604e-02
-7.252485437443e+00,5.528623932054e+00,8.363770986040e-02
-7.252160673893e+00,1.642891020880e+00,9.090953669856e-02
-7.251711104314e+00,9.843750315000e-01,9.114200774522e-02
-7.251522158370e+00,5.729844698160e+00,8.242475191724e-02
-7.251111826520e+00,4.196465685219e+00,8.818030560669e-02
-7.251042071894e+00,2.371833306072e+00,9.048887822788e-02
-7.250956209335e+00,4.597225021128e+00,8.724010939764e-02
-7.250900318578e+00,5.141492202142e+00,8.546482807767e-02
-7.250432689824e+00,1.562500050003e-02,9.126888530662e-02
-7.250280436402e+00,3.437620364602e+00,8.943671547904e-02
-7.249994552269e+00,6.390148791352e+00,7.591372333898e-02
-7.249982808832e+00,4.687500150008e-02,9.126950103195e-02
-7.249936097934e+00,6.312021756211e+00,7.699225229624e-02
-7.249876363452e+00,4.955362657851e+00,8.616026359596e-02
-7.249820935748e+00,1.260743712517e+00,9.106423309342e-02
-7.249532927839e+00,7.812500250012e-02,9.126982883893e-02
-7.249360517531e+00,3.810368003317e+00,8.889379990351e-02
-7.249323475048e+00,6.468580108197e+00,7.471698216012e-02
-7.249236211905e+00,1.980359406748e+00,9.074428364800e-02
-7.249152297867e+00,6.234205333436e+00,7.796918199342e-02
-7.249083046847e+00,1.093750035002e-01,9.126998290935e-02
-7.249022428256e+00,2.820156315579e+00,9.012589842451e-02
-7.248913518176e+00,4.139667687754e+00,8.830302416203e-02
-7.248770293327e+00,3.595668848757e+00,8.922431785890e-02
-7.248652650094e+00,4.654872151949e+00,8.709356230362e-02
-7.248633165855e+00,1.406250045003e-01,9.126982358306e-02
-7.248527774636e+00,2.719441450774e+00,9.021797856492e-02
-7.248502667555e+00,1.023647859081e+00,9.113810955628e-02
-7.248367666816e+00,2.126204602254e+00,9.065953660329e-02
-7.248332288836e+00,6.961921950285e+00,6.199077201131e-02
-7.248258666008e+00,3.280364448632e+00,8.964008656244e-02
-7.248247463845e+00,2.921165042541e+00,9.003151360248e-02
-7.248183284863e+00,1.718750055004e-01,9.126945664707e-02
-7.247918732775e+00,6.547309334280e+00,7.338158900651e-02
-7.247844639286e+00,1.835031810079e+00,9.082590824472e-02
-7.247733403871e+00,2.031250065004e-01,9.126886955995e-02
-7.247647389987e+00,6.156705811306e+00,7.885815421635e-02
-7.247283522878e+00,2.343750075005e-01,9.126798131005e-02
-7.246833641886e+00,2.656250085005e-01,9.126691894915e-02
-7.246785556778e+00,2.619039720221e+00,9.030779301144e-02
-7.246603501346e+00,7.401649914578e+00,2.509902577351e-02
-7.246383760894e+00,2.968750095005e-01,9.126555603556e-02
-7.246259236368e+00,5.658571699728e+00,8.292783860347e-02
-7.246244255762e+00,7.221311410225e+00,4.691230287194e-02
-7.246181100288e+00,3.022447989073e+00,8.993437521226e-02
-7.246175538922e+00,4.082997085705e+00,8.842319324907e-02
-7.245933879902e+00,3.281250105004e-01,9.126397113029e-02
-7.245776245119e+00,6.626330055199e+00,7.188210797286e-02
-7.245763833742e+00,4.712603528261e+00,8.694378505978e-02
-7.245741730483e+00,1.498790902061e+00,9.098461690412e-02
-7.245483998910e+00,3.593750115003e-01,9.126216006459e-02
-7.245425664188e+00,6.079529434985e+00,7.967047545185e-02
-7.245188192289e+00,2.272518487485e+00,9.057172063555e-02
-7.245180493940e+00,5.328627286033e+00,8.469869612132e-02
-7.245034117917e+00,3.906250125003e-01,9.126001206687e-02
-7.244584236925e+00,4.218750135002e-01,9.125768752656e-02
-7.244247020808e+00,5.457832696524e+00,8.407600499324e-02
-7.244244726827e+00,1.690269421295e+00,9.090444007360e-02
-7.244134355933e+00,4.531250145001e-01,9.125504042817e-02
-7.243818095434e+00,2.518970021618e+00,9.039538121766e-02
-7.243809980084e+00,5.013549248398e+00,8.598867021718e-02
-7.243684474941e+00,4.843750155000e-01,9.125218815827e-02
-7.243633234148e+00,3.754423421695e+00,8.900187644377e-02
-7.243628668470e+00,1.308066924234e+00,9.106064621607e-02
-7.243352722643e+00,1.070932398150e+00,9.113544600353e-02
-7.243187557655e+00,6.003885960137e+00,8.039695329784e-02
-7.242903130418e+00,4.026458457051e+00,8.854087191976e-02
-7.242891985431e+00,6.705635814890e+00,7.018648093955e-02
-7.242801835455e+00,3.123985144406e+00,8.983476553174e-02
-7.242787972203e+00,5.199926255771e+00,8.527614899608e-02
-7.242782916740e+00,5.156250165000e-01,9.124998697616e-02
-7.242323873971e+00,7.042432358734e+00,5.867592074826e-02
-7.242284877877e+00,4.770414143780e+00,8.679069911480e-02
-7.242078172574e+00,5.932064643578e+00,8.102063673689e-02
-7.241429681331e+00,5.468750175001e-01,9.124835628532e-02
-7.241385002021e+00,3.382587922719e+00,8.953337936213e-02
-7.241187955254e+00,3.540243190616e+00,8.932521822506e-02
-7.240076445921e+00,5.781250185001e-01,9.124654905093e-02
-7.239930189854e+00,5.587482913178e+00,8.340323633058e-02
-7.239866435142e+00,5.860389478076e+00,8.160640974514e-02
-7.239750592398e+00,2.027748695504e+00,9.073780510135e-02
-7.239647972693e+00,2.419250873866e+00,9.048078294835e-02
-7.239261980673e+00,6.785220116561e+00,6.825372222450e-02
-7.239101568528e+00,3.970056335271e+00,8.865611795448e-02
-7.239045743676e+00,1.882402739296e+00,9.082004304728e-02
-7.238723210512e+00,6.093750195002e-01,9.124444305671e-02
-7.238489187495e+00,1.546118532788e+00,9.098009390606e-02
-7.238210937904e+00,4.828298950742e+00,8.663422411610e-02
-7.238184857395e+00,2.173597659736e+00,9.065245904241e-02
-7.238088451143e+00,3.225756135560e+00,8.973268682312e-02
-7.237999993803e+00,1.118194089474e+00,9.113260046634e-02
-7.237818313686e+00,7.302683084846e+00,3.996623012530e-02
-7.237401636231e+00,3.698636380315e+00,8.910773410976e-02
-7.237369975103e+00,6.406250205002e-01,9.124210713553e-02
-7.237232175249e+00,1.355360801955e+00,9.105687534837e-02
-7.237127725716e+00,5.071788204985e+00,8.581262226374e-02
-7.236561740675e+00,5.788870433071e+00,8.215773644899e-02
-7.236504199148e+00,7.483601057214e+00,1.008769293880e-02
-7.236121798046e+00,1.737607714901e+00,9.089915575283e-02
-7.236016739694e+00,6.718750215003e-01,9.123957145550e-02
-7.235553472192e+00,7.123194105291e+00,5.468729767025e-02
-7.235361973607e+00,2.766847381264e+00,9.020843203626e-02
-7.235323426373e+00,2.867562910892e+00,9.011593158248e-02
-7.234969942049e+00,5.387253102246e+00,8.449137947039e-02
-7.234882311645e+00,6.865076423274e+00,6.603057810768e-02
-7.234776162792e+00,3.913795209464e+00,8.876898787907e-02
-7.234663504284e+00,7.031250225003e-01,9.123670489938e-02
-7.234298025830e+00,2.319900414299e+00,9.056403813753e-02
-7.234146169043e+00,2.666436838113e+00,9.029866587974e-02
-7.234044073959e+00,5.258395510309e+00,8.508306974699e-02
-7.234008591199e+00,2.968564021382e+00,9.002108503960e-02
-7.233537207167e+00,4.886252860493e+00,8.647427787441e-02
-7.233310268875e+00,7.343750235004e-01,9.123354885920e-02
-7.233121297910e+00,3.484990986197e+00,8.942408491528e-02
-7.232544711216e+00,5.516587998468e+00,8.385304000389e-02
-7.232444623988e+00,1.165431698112e+00,9.112957266722e-02
-7.232173561496e+00,5.717517399005e+00,8.267486643570e-02
-7.232020019414e+00,3.327740229495e+00,8.962809941223e-02
-7.231957033466e+00,7.656250245004e-01,9.123037699488e-02
-7.231698217830e+00,2.566350314931e+00,9.038667208714e-02
-7.231395807232e+00,3.069830937289e+00,8.992347211636e-02
-7.231264380692e+00,4.414789043536e+00,8.777921765137e-02
-7.231116991995e+00,4.357649648289e+00,8.791087642147e-02
-7.231031185510e+00,1.593410234852e+00,9.097538475346e-02
-7.230848376208e+00,4.472033399074e+00,8.764470801829e-02
-7.230671190896e+00,3.643011154713e+00,8.921105783266e-02
-7.230631638585e+00,1.402624102028e+00,9.105292017246e-02
-7.230611707995e+00,6.374356409548e+00,7.646655249171e-02
-7.230603798057e+00,7.968750255003e-01,9.122664887210e-02
-7.230442719630e+00,6.296365554218e+00,7.749240518841e-02
-7.230411283052e+00,4.300619996711e+00,8.803926717047e-02
-7.230055502414e+00,2.075088043835e+00,9.073113360851e-02
-7.230052101543e+00,6.452652314231e+00,7.533121312303e-02
-7.230038702498e+00,1.929728047306e+00,9.081398823046e-02
-7.229932256062e+00,3.857679524129e+00,8.887953698215e-02
-7.229863941570e+00,4.529377888889e+00,8.750727856296e-02
-7.229824956616e+00,5.130074265882e+00,8.563252862338e-02
-7.229749113724e+00,6.945198157952e+00,6.344656511884e-02
-7.229549327492e+00,6.218686072502e+00,7.842380711350e-02
-7.229250562647e+00,8.281250265002e-01,9.122275340544e-02
-7.229152362479e+00,4.243704829192e+00,8.816474526408e-02
-7.228759761512e+00,6.531246902170e+00,7.406798465526e-02
-7.228618595524e+00,7.384285046283e+00,3.083425921961e-02
-7.228306076231e+00,4.586817644360e+00,8.736685875028e-02
-7.228258917409e+00,4.944270743526e+00,8.631077632694e-02
-7.228040588820e+00,2.466606467838e+00,9.047249000039e-02
-7.228017389991e+00,7.204200489402e+00,4.979681280798e-02
-7.227935774679e+00,6.141324246239e+00,7.927316388615e-02
-7.227897327238e+00,8.593750275001e-01,9.121883770500e-02
-7.227792135723e+00,1.784904641510e+00,9.089368336929e-02
-7.227791341722e+00,2.220936393866e+00,9.064518675903e-02
-7.227463694541e+00,3.171343517523e+00,8.982343069022e-02
-7.227345374303e+00,4.186908842760e+00,8.828762381825e-02
-7.226730602265e+00,6.610133765292e+00,7.265409992115e-02
-7.226711446511e+00,5.646340186512e+00,8.316302574798e-02
-7.226686763707e+00,1.212643989727e+00,9.112636231939e-02
-7.226544091829e+00,8.906250285001e-01,9.121431890777e-02
-7.226169816324e+00,4.644347754654e+00,8.722337644130e-02
-7.225606356219e+00,6.064286314123e+00,8.005046626292e-02
-7.225190856420e+00,9.218750295000e-01,9.120967474887e-02
-7.224995497625e+00,4.130236690807e+00,8.840796230464e-02
-7.224664108038e+00,5.316894574405e+00,8.488547689629e-02
-7.224653706028e+00,5.991189133066e+00,8.071253625283e-02
-7.224575907541e+00,3.429916338808e+00,8.952096477589e-02
-7.224575224193e+00,3.801713678874e+00,8.898781933261e-02
-7.224112567379e+00,5.445896534430e+00,8.427914156959e-02
-7.223960591806e+00,6.689306453827e+00,7.106105122898e-02
-7.223858577060e+00,7.025578703986e+00,6.040638832507e-02
-7.223837621010e+00,9.531250305000e-01,9.120501139052e-02
-7.223827248546e+00,1.449855581971e+00,9.104878036190e-02
-7.223450234892e+00,4.701963267161e+00,8.707675786468e-02
-7.223447396904e+00,3.587551974681e+00,8.931216671162e-02
-7.223367947254e+00,1.640664757047e+00,9.097048909364e-02
-7.223337955295e+00,5.919458134261e+00,8.131526790570e-02
-7.223196008358e+00,2.367223572989e+00,9.055615918334e-02
-7.222484385601e+00,9.843750315000e-01,9.119968971467e-02
-7.222371339218e+00,5.002347429572e+00,8.614363349898e-02
-7.222191159441e+00,3.273081260192e+00,8.972092083089e-02
-7.222107946108e+00,4.073692983177e+00,8.852581895572e-02
-7.221979314437e+00,2.814180138299e+00,9.019868428176e-02
-7.221897068882e+00,5.188402129539e+00,8.544828647100e-02
-7.221406346376e+00,2.914892949154e+00,9.010576269787e-02
-7.221291192795e+00,2.713764125265e+00,9.028933845888e-02
-7.220921632852e+00,5.847874669920e+00,8.188223969836e-02
-7.220893699556e+00,1.562500050003e-02,9.132540776513e-02
-7.220823797512e+00,1.977006467063e+00,9.080774341187e-02
-7.220726570952e+00,1.259829731197e+00,9.112296912680e-02
-7.220448845167e+00,4.687500150008e-02,9.132600040202e-02
-7.220445751710e+00,6.768758477233e+00,6.925265918008e-02
-7.220185020838e+00,5.575348525509e+00,8.362469665481e-02
-7.220151250096e+00,2.122376176487e+00,9.072426870854e-02
-7.220142442450e+00,4.759659187369e+00,8.692692758750e-02
-7.220003990778e+00,7.812500250012e-02,9.132631299309e-02
-7.219711989624e+00,7.285444772459e+00,4.366034096575e-02
-7.219559136389e+00,1.093750035002e-01,9.132645486055e-02
-7.219550471098e+00,3.015883018934e+00,9.001040709961e-02
-7.219364070379e+00,2.613664078020e+00,9.037776370765e-02
-7.219292308763e+00,1.023564472131e+00,9.119578320301e-02
-7.219255995709e+00,1.832158942435e+00,9.088802254948e-02
-7.219114282000e+00,1.406250045003e-01,9.132628013638e-02
-7.218710475769e+00,3.745902028008e+00,8.909388779732e-02
-7.218687967762e+00,4.017282285671e+00,8.864125077952e-02
-7.218669427611e+00,1.718750055004e-01,9.132591002327e-02
-7.218641582370e+00,7.466110474632e+00,1.829353148387e-02
-7.218224573222e+00,2.031250065004e-01,9.132530919467e-02
-7.217779718833e+00,2.343750075005e-01,9.132442678842e-02
-7.217414142410e+00,5.776448698611e+00,8.241559343743e-02
-7.217334864444e+00,2.656250085005e-01,9.132337328366e-02
-7.217206946929e+00,7.106211405689e+00,5.677796980925e-02
-7.217187454619e+00,2.268219522123e+00,9.063771928847e-02
-7.216890010055e+00,2.968750095005e-01,9.132200427863e-02
-7.216819202771e+00,1.497054000454e+00,9.104445558180e-02
-7.216445155666e+00,3.281250105004e-01,9.132043726169e-02
-7.216390148806e+00,3.117130440120e+00,8.991236166213e-02
-7.216241587249e+00,4.817430479242e+00,8.677380848513e-02
-7.216220301807e+00,2.513898789706e+00,9.046399893182e-02
-7.216182157344e+00,6.848483304795e+00,6.718230563825e-02
-7.216000301277e+00,3.593750115003e-01,9.131862202405e-02
-7.215869782046e+00,5.060477708347e+00,8.597161266813e-02
-7.215735784348e+00,3.532263023940e+00,8.941124576832e-02
-7.215557400657e+00,3.375023305219e+00,8.961590362241e-02
-7.215555446888e+00,3.906250125003e-01,9.131650157770e-02
-7.215499703066e+00,1.687880849610e+00,9.096540656642e-02
-7.215110592500e+00,4.218750135002e-01,9.131420284173e-02
-7.214740844733e+00,3.961009119548e+00,8.875431357475e-02
-7.214665738111e+00,4.531250145001e-01,9.131156481748e-02
-7.214643599421e+00,5.375418017878e+00,8.468325406156e-02
-7.214564211208e+00,1.306987690507e+00,9.111939278430e-02
-7.214220883722e+00,4.843750155000e-01,9.130875225691e-02
-7.214161084479e+00,1.070682360121e+00,9.119312760907e-02
-7.213339498564e+00,5.246766455166e+00,8.525979039068e-02
-7.213329398797e+00,5.156250165000e-01,9.130653208140e-02
-7.212824964622e+00,5.705190099850e+00,8.291692180736e-02
-7.212603984990e+00,5.504552064882e+00,8.406185339631e-02
-7.212343451786e+00,3.690248880240e+00,8.919759002509e-02
-7.211991283336e+00,5.468750175001e-01,9.130490075069e-02
-7.211904122381e+00,3.218614942503e+00,8.981188778878e-02
-7.211882501758e+00,2.414486674270e+00,9.054808331079e-02
-7.211742855405e+00,4.875272065809e+00,8.661732171011e-02
-7.211401318231e+00,2.024236733070e+00,9.080130820411e-02
-7.211228863721e+00,6.358564027744e+00,7.699206229792e-02
-7.211165938612e+00,6.928474365618e+00,6.478887597441e-02
-7.210949341325e+00,6.280709352225e+00,7.796898648640e-02
-7.210780728038e+00,6.436724520266e+00,7.591353935053e-02
-7.210653167876e+00,5.781250185001e-01,9.130309591085e-02
-7.210633689702e+00,7.366920177989e+00,3.573318132607e-02
-7.210513641555e+00,1.879369360405e+00,9.088217291370e-02
-7.210271892762e+00,3.904877961652e+00,8.886506194600e-02
-7.210038151364e+00,2.169611820070e+00,9.071720993546e-02
-7.209946357116e+00,6.203166811568e+00,7.885795364627e-02
-7.209790524221e+00,7.187089568579e+00,5.237280530889e-02
-7.209607706432e+00,1.544218117512e+00,9.103994548896e-02
-7.209600790250e+00,6.515184470060e+00,7.471680474739e-02
-7.209315052415e+00,6.093750195002e-01,9.130095370340e-02
-7.208829316975e+00,1.117777652826e+00,9.119029058500e-02
-7.208749594654e+00,5.118656329621e+00,8.579565321170e-02
-7.208380246933e+00,2.861438402109e+00,9.018873491153e-02
-7.208224159371e+00,6.125942681172e+00,7.967027021636e-02
-7.208221057510e+00,2.761020269409e+00,9.027981033303e-02
-7.208199857498e+00,1.354116636408e+00,9.111563297769e-02
-7.208124032853e+00,4.404739550343e+00,8.789452503880e-02
-7.207976936955e+00,6.406250205002e-01,9.129862924190e-02
-7.207883811905e+00,7.548152513565e+00,1.150235527473e-05
-7.207869479167e+00,4.461863486234e+00,8.776272376495e-02
-7.207817156554e+00,4.347721683958e+00,8.802335630044e-02
-7.207684959412e+00,6.593937475386e+00,7.338141881069e-02
-7.207541914350e+00,3.477148439808e+00,8.950834137869e-02
-7.207426690872e+00,1.735057264315e+00,9.096013680436e-02
-7.207271658703e+00,2.962145103237e+00,9.009539141242e-02
-7.207163656656e+00,5.634108673296e+00,8.339083123858e-02
-7.207048451730e+00,4.519088677558e+00,8.762808426324e-02
-7.206953929927e+00,4.290814658479e+00,8.814898186799e-02
-7.206816062343e+00,2.660910006841e+00,9.036865564265e-02
-7.206641471367e+00,4.933178829201e+00,8.645738665977e-02
-7.206638821494e+00,6.718750215003e-01,9.129605877494e-02
-7.206533845337e+00,6.050271878396e+00,8.039589508692e-02
-7.206373538811e+00,2.315445763701e+00,9.063005616255e-02
-7.206119854401e+00,5.978492305995e+00,8.101649830792e-02
-7.206071423718e+00,3.320315895338e+00,8.970894625300e-02
-7.205655943127e+00,4.576410267591e+00,8.749053866164e-02
-7.205539468239e+00,4.234023202271e+00,8.827201839209e-02
-7.205479625186e+00,3.634758498667e+00,8.929890686220e-02
-7.205393280149e+00,7.008725049238e+00,6.199064894946e-02
-7.205300706033e+00,7.031250225003e-01,9.129321274729e-02
-7.205286460833e+00,3.848893244188e+00,8.897354931933e-02
-7.205029198181e+00,6.672977092764e+00,7.188194572328e-02
-7.204873594933e+00,3.063120700817e+00,8.999952221352e-02
-7.204597738016e+00,5.906851624943e+00,8.159964722512e-02
-7.204187501084e+00,2.561126543552e+00,9.045530929019e-02
-7.204147722136e+00,5.305161862778e+00,8.506693230755e-02
-7.203978113950e+00,5.433960372335e+00,8.447628182658e-02
-7.203962590573e+00,7.343750235004e-01,9.129005201256e-02
-7.203686982553e+00,4.633823357358e+00,8.735001757554e-02
-7.203578922087e+00,4.177352000300e+00,8.839252446726e-02
-7.203297147623e+00,1.164849128952e+00,9.118727184909e-02
-7.202624475112e+00,7.656250245004e-01,9.128683996114e-02
-7.202192972273e+00,1.591346694325e+00,9.103524973210e-02
-7.201976830563e+00,5.835359861763e+00,8.214874374070e-02
-7.201771561880e+00,2.071417581589e+00,9.079467060112e-02
-7.201633690327e+00,1.401215338845e+00,9.111168938387e-02
-7.201629522746e+00,6.752296837905e+00,7.018632746872e-02
-7.201605665561e+00,7.268206460073e+00,4.691222730288e-02
-7.201565344433e+00,1.926534639931e+00,9.087613407630e-02
-7.201286359652e+00,7.968750255003e-01,9.128320674826e-02
-7.201164637397e+00,3.164345156775e+00,8.990104344121e-02
-7.201136636042e+00,4.691323006061e+00,8.720645008257e-02
-7.201077477075e+00,4.120805693859e+00,8.851055749788e-02
-7.201006165560e+00,5.176878003307e+00,8.561567946051e-02
-7.200932698353e+00,4.991145610746e+00,8.629392094259e-02
-7.200778965592e+00,7.448619892050e+00,2.509899692377e-02
-7.200439851823e+00,5.563214137841e+00,8.383938243271e-02
-7.200357875813e+00,2.461688430906e+00,9.053981005600e-02
-7.199948244191e+00,8.281250265002e-01,9.127928259414e-02
-7.199789930854e+00,3.793059354431e+00,8.907982795806e-02
-7.199716529864e+00,2.216793703239e+00,9.070995681858e-02
-7.199149156189e+00,1.782192754451e+00,9.095467943295e-02
-7.198871378679e+00,3.422212313015e+00,8.960349891833e-02
-7.198860421665e+00,7.089228706088e+00,5.867581167784e-02
-7.198610128731e+00,8.593750275001e-01,9.127533104279e-02
-7.198266544146e+00,5.764026964151e+00,8.266476359570e-02
-7.198124500480e+00,3.579435100605e+00,8.939819787412e-02
-7.198040353293e+00,4.064388880650e+00,8.862617371091e-02
-7.198000007023e+00,4.748904230957e+00,8.705976369685e-02
-7.197564725268e+00,1.211895567802e+00,9.118407111020e-02
-7.197482003043e+00,6.831890186317e+00,6.825357848558e-02
-7.197272013270e+00,8.906250285001e-01,9.127092810174e-02
-7.196123652873e+00,3.265798071751e+00,8.980013646223e-02
-7.195933897809e+00,9.218750295000e-01,9.126625958355e-02
-7.195349944821e+00,2.362613839905e+00,9.062219691001e-02
-7.194936200618e+00,2.808203961018e+00,9.027008109029e-02
-7.194865897688e+00,1.448282568913e+00,9.110756167092e-02
-7.194611838376e+00,5.049167211708e+00,8.612636345095e-02
-7.194595782349e+00,9.531250305000e-01,9.126156456085e-02
-7.194575220615e+00,1.638438493213e+00,9.103036795199e-02
-7.194565228907e+00,2.908620855767e+00,9.017858354169e-02
-7.194472805106e+00,4.008106114291e+00,8.873942816908e-02
-7.194317256793e+00,5.363582933509e+00,8.486960141651e-02
-7.194272236593e+00,4.806562007742e+00,8.690988434256e-02
-7.194054610953e+00,2.708086799756e+00,9.035934745763e-02
-7.193787717391e+00,3.737380634321e+00,8.918391440425e-02
-7.193476367748e+00,5.692862800696e+00,8.315129597908e-02
-7.193257666888e+00,9.843750315000e-01,9.125638002213e-02
-7.192919841907e+00,3.009318048796e+00,9.008481737608e-02
-7.192663258763e+00,5.492516131296e+00,8.426443765107e-02
-7.192648783880e+00,7.349555309694e+00,3.996617527009e-02
-7.192634923168e+00,5.235137400024e+00,8.543159082321e-02
-7.192582763500e+00,6.911750573285e+00,6.603044519374e-02
-7.192411383119e+00,1.973653527376e+00,9.086990564598e-02
-7.191942583980e+00,2.608288435819e+00,9.044642062342e-02
-7.191934833377e+00,2.118547750719e+00,9.078782451019e-02
-7.191846019447e+00,6.342771645941e+00,7.749221859363e-02
-7.191632206157e+00,1.258915749878e+00,9.118068806777e-02
-7.191563658450e+00,7.169978647756e+00,5.468720433820e-02
-7.191509354532e+00,6.420796726301e+00,7.646637187965e-02
-7.191455963021e+00,6.265053150232e+00,7.842361502199e-02
-7.191354709288e+00,1.562500050003e-02,9.138095511880e-02
-7.190914881502e+00,4.687500150008e-02,9.138152544188e-02
-7.190667352133e+00,1.829286074792e+00,9.094903407096e-02
-7.190475053716e+00,7.812500250012e-02,9.138182330122e-02
-7.190441818987e+00,6.499122037949e+00,7.533103904042e-02
-7.190380120937e+00,3.951961903826e+00,8.885037478415e-02
-7.190343386741e+00,6.187647550634e+00,7.927296673148e-02
-7.190283613442e+00,3.524282857264e+00,8.949550895831e-02
-7.190144349221e+00,7.530537064228e+00,1.008768594808e-02
-7.190081949970e+00,1.023481085182e+00,9.125246677437e-02
-7.190035225931e+00,1.093750035002e-01,9.138195336650e-02
-7.189978462156e+00,3.110275735835e+00,8.998842994403e-02
-7.189948503643e+00,4.864291271124e+00,8.675673632669e-02
-7.189729799293e+00,3.367458687718e+00,8.969676277441e-02
-7.189595398145e+00,1.406250045003e-01,9.138176395072e-02
-7.189186716949e+00,2.263920556762e+00,9.070250888298e-02
-7.189155570359e+00,1.718750055004e-01,9.138139081172e-02
-7.188715742574e+00,2.031250065004e-01,9.138077704670e-02
-7.188639316558e+00,6.577741185480e+00,7.406781771927e-02
-7.188622508181e+00,2.508827557793e+00,9.053133895389e-02
-7.188512544063e+00,6.110561116104e+00,8.005026442027e-02
-7.188275914788e+00,2.343750075005e-01,9.137990038624e-02
-7.188208131543e+00,6.037486127802e+00,8.070987530388e-02
-7.187896675058e+00,1.495317098848e+00,9.110324949832e-02
-7.187836087002e+00,2.656250085005e-01,9.137885555666e-02
-7.187674232692e+00,5.107238393361e+00,8.595438465031e-02
-7.187615866799e+00,5.621877160081e+00,8.361159255057e-02
-7.187586002775e+00,5.965795478925e+00,8.130975379904e-02
-7.187396259217e+00,2.968750095005e-01,9.137748119945e-02
-7.187285267341e+00,3.681861380165e+00,8.928543858839e-02
-7.186956431431e+00,3.281250105004e-01,9.137593164106e-02
-7.186927983238e+00,6.991871394491e+00,6.344644428284e-02
-7.186754679305e+00,1.685492277925e+00,9.102529978172e-02
-7.186516603645e+00,3.593750115003e-01,9.137411306492e-02
-7.186097804555e+00,6.656647731701e+00,7.265394083079e-02
-7.186076775860e+00,3.906250125003e-01,9.137201947609e-02
-7.185857520737e+00,5.894245115626e+00,8.187429618364e-02
-7.185767622732e+00,3.895960713840e+00,8.895906633057e-02
-7.185719793619e+00,3.211473749445e+00,8.988951705529e-02
-7.185636948074e+00,4.218750135002e-01,9.136971991038e-02
-7.185499753946e+00,1.305908456779e+00,9.117712241193e-02
-7.185197120288e+00,4.531250145001e-01,9.136711756993e-02
-7.185024025325e+00,4.922086914875e+00,8.660024231074e-02
-7.184983685013e+00,4.394690057149e+00,8.800714763331e-02
-7.184969446316e+00,1.070432322091e+00,9.124981925143e-02
-7.184890582126e+00,4.451693573394e+00,8.787796629663e-02
-7.184757292503e+00,4.843750155000e-01,9.136434369139e-02
-7.184517321113e+00,4.337793719628e+00,8.813301589341e-02
-7.184232961890e+00,4.508799466227e+00,8.774602496591e-02
-7.184117030822e+00,2.409722474674e+00,9.061414105699e-02
-7.183875880854e+00,5.156250165000e-01,9.136210613115e-02
-7.183843660522e+00,5.422024210241e+00,8.466768410711e-02
-7.183631336235e+00,5.293429151150e+00,8.524328424057e-02
-7.183499341499e+00,7.250968147686e+00,4.979673712703e-02
-7.183496576803e+00,4.281009320247e+00,8.825620827525e-02
-7.183052044063e+00,2.020724770636e+00,9.086348722620e-02
-7.183032028273e+00,5.822845053607e+00,8.240638300239e-02
-7.183005810024e+00,4.566002890823e+00,8.761125829180e-02
-7.182916348815e+00,7.431129309467e+00,3.083422656519e-02
-7.182813293783e+00,6.735835198578e+00,7.106090077856e-02
-7.182552885342e+00,5.468750175001e-01,9.136047437172e-02
-7.181981539435e+00,1.876335981513e+00,9.094320033066e-02
-7.181962530790e+00,3.469305893419e+00,8.959088504262e-02
-7.181926573998e+00,4.224341575350e+00,8.837688004821e-02
-7.181891445334e+00,2.165625980405e+00,9.078078494925e-02
-7.181437067494e+00,2.855313893326e+00,9.026015032349e-02
-7.181229889830e+00,5.781250185001e-01,9.135863765417e-02
-7.181204148783e+00,4.623298960063e+00,8.747359949742e-02
-7.181080141413e+00,2.755193157554e+00,9.034983872088e-02
-7.180726225368e+00,1.542317702237e+00,9.109875251704e-02
-7.180694682807e+00,5.551079750172e+00,8.404759577528e-02
-7.180640665603e+00,3.840106964247e+00,8.906555445945e-02
-7.180534726207e+00,2.955726185091e+00,9.016822979517e-02
-7.180513896401e+00,7.072246006487e+00,6.040628099662e-02
-7.180288059475e+00,3.626505842621e+00,8.938494109095e-02
-7.180122828021e+00,3.312891561181e+00,8.978817635807e-02
-7.180115262239e+00,5.165353877076e+00,8.577851932918e-02
-7.179906894318e+00,6.093750195002e-01,9.135649592710e-02
-7.179812469870e+00,4.167795157841e+00,8.849508778007e-02
-7.179658640148e+00,1.117361216178e+00,9.124699085628e-02
-7.179494057487e+00,4.979943791920e+00,8.644032328137e-02
-7.179485955643e+00,2.655383175570e+00,9.043733248042e-02
-7.179167539747e+00,1.352872470862e+00,9.117337382365e-02
-7.179118945881e+00,5.751605229690e+00,8.290593888294e-02
-7.178823037192e+00,4.680682744961e+00,8.733298035618e-02
-7.178781848742e+00,6.815297067838e+00,6.925251827458e-02
-7.178731583697e+00,1.732506813729e+00,9.102004484685e-02
-7.178583898806e+00,6.406250205002e-01,9.135418280501e-02
-7.178449051792e+00,2.310991113103e+00,9.069486564987e-02
-7.178351382633e+00,3.056410464345e+00,9.007404024797e-02
-7.177260903294e+00,6.718750215003e-01,9.135157995381e-02
-7.177159456524e+00,4.111374696911e+00,8.861088690815e-02
-7.176676784339e+00,2.555902772172e+00,9.052266953876e-02
-7.175937907783e+00,7.031250225003e-01,9.134875408750e-02
-7.175857571596e+00,4.738149274547e+00,8.718933116921e-02
-7.175004637516e+00,3.784405029988e+00,8.916988971274e-02
-7.174865580255e+00,3.157346796027e+00,8.997712986243e-02
-7.174663878058e+00,7.332190441400e+00,4.366028485679e-02
-7.174614912271e+00,7.343750235004e-01,9.134558974499e-02
-7.174149671257e+00,1.164266559792e+00,9.124398130320e-02
-7.174127770874e+00,5.680535501541e+00,8.337834388858e-02
-7.173999588388e+00,6.895026780951e+00,6.718217531009e-02
-7.173990914165e+00,5.351747849141e+00,8.505065412286e-02
-7.173972760478e+00,4.055084778123e+00,8.872433175046e-02
-7.173487621345e+00,2.067747119344e+00,9.085687841550e-02
-7.173354759037e+00,1.589283153798e+00,9.109407036973e-02
-7.173353894707e+00,5.037856715069e+00,8.627689851954e-02
-7.173336792680e+00,7.152867726933e+00,5.677787759818e-02
-7.173291916759e+00,7.656250245004e-01,9.134234046584e-02
-7.173166849818e+00,3.414508287222e+00,8.968437009563e-02
-7.173091986367e+00,1.923341232557e+00,9.093717781813e-02
-7.172801604057e+00,3.571318226528e+00,8.948246732293e-02
-7.172722532536e+00,5.480480197710e+00,8.446106388451e-02
-7.172675162806e+00,2.456770393973e+00,9.060588812754e-02
-7.172635742070e+00,1.399806575662e+00,9.116944197476e-02
-7.172463175173e+00,6.326979264137e+00,7.796880319284e-02
-7.172404886537e+00,7.512921614891e+00,1.829351998918e-02
-7.172302885938e+00,4.795693536241e+00,8.704258074232e-02
-7.172237981027e+00,6.404868932335e+00,7.699188496101e-02
-7.171968921247e+00,7.968750255003e-01,9.133879825804e-02
-7.171962584717e+00,6.249396948239e+00,7.885776486807e-02
-7.171930347773e+00,5.223508344881e+00,8.559867141917e-02
-7.171641718007e+00,2.212651012612e+00,9.077355143807e-02
-7.171282847725e+00,6.483059605839e+00,7.591336849959e-02
-7.170740416365e+00,6.172128289700e+00,7.967007637587e-02
-7.170645925735e+00,8.281250265002e-01,9.133484808687e-02
-7.170506176654e+00,1.779480867391e+00,9.101460276570e-02
-7.170257642450e+00,3.998929942911e+00,8.883547551715e-02
-7.170056146306e+00,3.258514883310e+00,8.987778211721e-02
-7.169882417749e+00,6.024700377209e+00,8.101234798061e-02
-7.169598830255e+00,6.096433699013e+00,8.039484348096e-02
-7.169593673705e+00,6.561544895573e+00,7.471664097783e-02
-7.169322930223e+00,8.593750275001e-01,9.133086373730e-02
-7.169052151148e+00,5.953098651854e+00,8.159285398568e-02
-7.168864959013e+00,3.728859240634e+00,8.927176182754e-02
-7.168462686328e+00,6.975017739743e+00,6.478875740079e-02
-7.168442686829e+00,1.211147145876e+00,9.124079029687e-02
-7.168154151881e+00,4.853310476440e+00,8.689265636219e-02
-7.168068076944e+00,5.609645646865e+00,8.382562711890e-02
-7.167999934711e+00,8.906250285001e-01,9.132657199434e-02
-7.167893086798e+00,2.802227783738e+00,9.034012900418e-02
-7.167724111438e+00,2.902348762380e+00,9.025001763094e-02
-7.167503881284e+00,2.358004106822e+00,9.068702663706e-02
-7.167166410930e+00,6.640318370638e+00,7.338126279439e-02
-7.167117303458e+00,5.881638606308e+00,8.213970162933e-02
-7.166818029112e+00,2.702409474248e+00,9.042804441174e-02
-7.166800092882e+00,7.589297684771e+00,6.608629067193e-06
-7.166676939199e+00,9.218750295000e-01,9.132188188513e-02
-7.166598870729e+00,5.095820457101e+00,8.610889625120e-02
-7.166289212716e+00,3.002753078658e+00,9.015767330262e-02
-7.166019397141e+00,3.942914688102e+00,8.894437032234e-02
-7.165904546831e+00,1.446709555854e+00,9.116532652818e-02
-7.165782493976e+00,1.636212229379e+00,9.108920269094e-02
-7.165393017436e+00,7.233729835300e+00,5.237272997347e-02
-7.165353943688e+00,9.531250305000e-01,9.131715835561e-02
-7.165053732037e+00,7.413638726885e+00,3.573314624365e-02
-7.164831442535e+00,3.516302690588e+00,8.957806175648e-02
-7.164521097581e+00,2.602912793618e+00,9.051380134488e-02
-7.164087225984e+00,5.810330245450e+00,8.265460358144e-02
-7.164030948176e+00,9.843750315000e-01,9.131210553204e-02
-7.163998968725e+00,1.970300587690e+00,9.093096613353e-02
-7.163997064820e+00,6.719373559251e+00,7.188179822065e-02
-7.163902197929e+00,3.359894070218e+00,8.977600713762e-02
-7.163718416658e+00,2.114719324952e+00,9.085007880788e-02
-7.163709207093e+00,5.410088048146e+00,8.485359228421e-02
-7.163566775507e+00,3.103421031549e+00,9.006301575378e-02
-7.163406579282e+00,4.910995000550e+00,8.673948377184e-02
-7.163114950333e+00,5.281696439523e+00,8.541474255937e-02
-7.162537841361e+00,1.258001768559e+00,9.123741753242e-02
-7.162227082897e+00,3.673473880091e+00,8.937147530089e-02
-7.162167371137e+00,7.055263306885e+00,6.199054346674e-02
-7.162078708555e+00,1.826413207148e+00,9.100897314957e-02
-7.161911685084e+00,4.441523660554e+00,8.799053159112e-02
-7.161843337174e+00,4.384640563956e+00,8.811684786191e-02
-7.161815719019e+00,1.562500050003e-02,9.143555424013e-02
-7.161417472049e+00,4.498510254896e+00,8.786120063924e-02
-7.161380917837e+00,4.687500150008e-02,9.143610299191e-02
-7.161263352702e+00,3.887043466029e+00,8.905106719620e-02
-7.161217485673e+00,4.327865755298e+00,8.824019390374e-02
-7.161185979279e+00,2.259621591400e+00,9.076612349184e-02
-7.161024714555e+00,2.503756325881e+00,9.059743764416e-02
-7.160949513791e+00,5.538945362504e+00,8.424962128589e-02
-7.160946116655e+00,7.812500250012e-02,9.143638658475e-02
-7.160871591178e+00,1.023397698233e+00,9.130818702716e-02
-7.160511315472e+00,1.093750035002e-01,9.143650523260e-02
-7.160355676920e+00,4.555595514054e+00,8.772912178638e-02
-7.160081694441e+00,6.798703949359e+00,7.018618934248e-02
-7.160076514290e+00,1.406250045003e-01,9.143630179600e-02
-7.160039223679e+00,4.271203982015e+00,8.836102940084e-02
-7.159971347617e+00,5.739183495230e+00,8.313949272229e-02
-7.159641713107e+00,1.718750055004e-01,9.143592577501e-02
-7.159535464857e+00,3.204332556388e+00,8.996562154959e-02
-7.159224358917e+00,5.153829750844e+00,8.593698740503e-02
-7.159206911925e+00,2.031250065004e-01,9.143529983386e-02
-7.158974147346e+00,1.493580197241e+00,9.116102713795e-02
-7.158772110743e+00,2.343750075005e-01,9.143442882279e-02
-7.158721315013e+00,4.612774562768e+00,8.759423072617e-02
-7.158337309560e+00,2.656250085005e-01,9.143338016974e-02
-7.158313679757e+00,4.214659948429e+00,8.847941007601e-02
-7.158055416621e+00,4.968741973094e+00,8.658298714512e-02
-7.158009655544e+00,1.683103706241e+00,9.108414910729e-02
-7.157902508378e+00,2.968750095005e-01,9.143201347334e-02
-7.157467707195e+00,3.281250105004e-01,9.143048095671e-02
-7.157032906013e+00,3.593750115003e-01,9.142865981802e-02
-7.156678972236e+00,7.314825573105e+00,4.691217062579e-02
-7.156598104831e+00,3.906250125003e-01,9.142659241500e-02
-7.156509438341e+00,4.670042483861e+00,8.745646178461e-02
-7.156435296684e+00,1.304829223051e+00,9.123386269550e-02
-7.156383147230e+00,3.461463347030e+00,8.967176793394e-02
-7.156351559887e+00,2.404958275079e+00,9.067899135944e-02
-7.156163303648e+00,4.218750135002e-01,9.142429287089e-02
-7.156046017654e+00,4.158238315381e+00,8.859539056840e-02
-7.155994870373e+00,3.831320684306e+00,8.915561609744e-02
-7.155777808153e+00,1.070182284062e+00,9.130554767260e-02
-7.155728502466e+00,4.531250145001e-01,9.142172530269e-02
-7.155416413275e+00,6.878302988617e+00,6.825345071561e-02
-7.155293701284e+00,4.843750155000e-01,9.141898911258e-02
-7.155109926910e+00,7.135756806110e+00,5.867572078499e-02
-7.155096493765e+00,3.618253186575e+00,8.946921630253e-02
-7.154779174000e+00,5.668208202386e+00,8.359839917374e-02
-7.154702769895e+00,2.017212808202e+00,9.092456487151e-02
-7.154665423853e+00,7.495306165555e+00,2.509898249885e-02
-7.154493888054e+00,2.849189384543e+00,9.033021788358e-02
-7.154422362911e+00,5.156250165000e-01,9.141673567765e-02
-7.154174232324e+00,3.305467227024e+00,8.986583825198e-02
-7.153939225315e+00,2.749366045700e+00,9.041855597031e-02
-7.153797793711e+00,2.949307266945e+00,9.023968261737e-02
-7.153744739303e+00,2.161640140740e+00,9.084308799321e-02
-7.153715136170e+00,4.727394318135e+00,8.731574790030e-02
-7.153664571537e+00,5.339912764773e+00,8.522663204173e-02
-7.153449437314e+00,1.873302602622e+00,9.100315560305e-02
-7.153241435974e+00,4.101943699964e+00,8.870902444269e-02
-7.153114487348e+00,5.468750175001e-01,9.141510368722e-02
-7.153080330899e+00,6.311186882333e+00,7.842343493056e-02
-7.152966607522e+00,6.388941138370e+00,7.749204443344e-02
-7.152781806309e+00,5.468444264123e+00,8.465198787346e-02
-7.152469206413e+00,6.233740746246e+00,7.927278116786e-02
-7.152155848943e+00,2.649856344298e+00,9.050473390712e-02
-7.152123876463e+00,6.466997173729e+00,7.646620416399e-02
-7.152095951037e+00,5.026546218430e+00,8.642308906003e-02
-7.151844744304e+00,1.540417286961e+00,9.115654344947e-02
-7.151829170333e+00,3.049700227873e+00,9.014691370343e-02
-7.151806611785e+00,5.781250185001e-01,9.141322951517e-02
-7.151556703955e+00,6.011914626615e+00,8.130421874683e-02
-7.151483017948e+00,6.083560429897e+00,8.070721195223e-02
-7.151225772377e+00,5.211879289738e+00,8.576122194159e-02
-7.151137445989e+00,6.156609028766e+00,8.005007378422e-02
-7.150548030851e+00,6.545348605667e+00,7.533087834488e-02
-7.150524564774e+00,2.306536462506e+00,9.075850062159e-02
-7.150518299521e+00,5.940401824784e+00,8.186631306439e-02
-7.150498736221e+00,6.093750195002e-01,9.141109612590e-02
-7.150487963320e+00,1.116944779530e+00,9.130272800669e-02
-7.150333535282e+00,4.784825064741e+00,8.717202060448e-02
-7.150219344177e+00,3.775750705544e+00,8.925787654436e-02
-7.150135221995e+00,1.351628305316e+00,9.123012546242e-02
-7.150036476522e+00,1.729956363143e+00,9.107890923766e-02
-7.149997389417e+00,6.958164084996e+00,6.603032889243e-02
-7.149905167663e+00,4.045780675595e+00,8.882036419875e-02
-7.149190860658e+00,6.406250205002e-01,9.140879422101e-02
-7.149166067593e+00,2.550679000793e+00,9.058878912839e-02
-7.149165917387e+00,7.571576732565e+00,1.008771274222e-02
-7.148566523111e+00,3.150348435279e+00,9.005173521637e-02
-7.148520287087e+00,5.597414133649e+00,8.403323379198e-02
-7.148377086179e+00,5.869032096990e+00,8.239631859462e-02
-7.148235017305e+00,6.623989009575e+00,7.406766469119e-02
-7.147882985095e+00,6.718750215003e-01,9.140616124848e-02
-7.147478707634e+00,3.563201352452e+00,8.956502884103e-02
-7.147462320956e+00,3.406804261429e+00,8.976362847722e-02
-7.147286693374e+00,7.216491522913e+00,5.468712967200e-02
-7.147191115260e+00,7.396148144303e+00,3.996613869987e-02
-7.146575109532e+00,7.031250225003e-01,9.140335518298e-02
-7.146359800120e+00,4.842329681755e+00,8.702521000043e-02
-7.146042479794e+00,3.989753771530e+00,8.892946128162e-02
-7.145523508767e+00,5.084402520841e+00,8.625935243635e-02
-7.145267233968e+00,7.343750235004e-01,9.140018824507e-02
-7.145203680811e+00,2.064076657098e+00,9.091797362152e-02
-7.145180835857e+00,6.702911919923e+00,7.265379620023e-02
-7.145142423694e+00,5.797815437294e+00,8.289489132547e-02
-7.145002194892e+00,1.163683990633e+00,9.129972773986e-02
-7.144992449798e+00,2.451852357041e+00,9.067075932945e-02
-7.144618628302e+00,1.920147825182e+00,9.099714972429e-02
-7.144516545800e+00,1.587219613271e+00,9.115187509961e-02
-7.143988639738e+00,3.251231694870e+00,8.995390459702e-02
-7.143959358405e+00,7.656250245004e-01,9.139690452240e-02
-7.143942200635e+00,3.720337846947e+00,8.935780041131e-02
-7.143820845873e+00,7.038280607284e+00,6.344634070800e-02
-7.143637793813e+00,1.398397812480e+00,9.122620550023e-02
-7.143574753665e+00,5.398151886051e+00,8.503423675365e-02
-7.143566906149e+00,2.208508321986e+00,9.083590555766e-02
-7.142651482842e+00,7.968750255003e-01,9.139344960403e-02
-7.142598564431e+00,5.269963727895e+00,8.558150590520e-02
-7.141863197120e+00,1.776768980331e+00,9.107348269347e-02
-7.141789133240e+00,4.899903086225e+00,8.687524474226e-02
-7.141658673346e+00,3.933867472380e+00,8.903636609189e-02
-7.141381540140e+00,6.782110830880e+00,7.106076537073e-02
-7.141343607279e+00,8.281250265002e-01,9.138947592001e-02
-7.141204344775e+00,5.526810974836e+00,8.444572730107e-02
-7.140882993969e+00,2.896076668993e+00,9.032010494023e-02
-7.140849972979e+00,2.796251606457e+00,9.040886671213e-02
-7.140823749353e+00,5.726761760769e+00,8.336577588973e-02
-7.140035731716e+00,8.593750275001e-01,9.138546163832e-02
-7.139658583526e+00,2.996188108520e+00,9.022914489475e-02
-7.139657817748e+00,2.353394373739e+00,9.075068233466e-02
-7.139581447270e+00,2.696732148740e+00,9.049546676161e-02
-7.139379271629e+00,3.508322523912e+00,8.965895602466e-02
-7.139320648389e+00,1.210398723951e+00,9.129654657283e-02
-7.138932788043e+00,4.431353747714e+00,8.810047834364e-02
-7.138727856152e+00,8.906250285001e-01,9.138127665751e-02
-7.138702989334e+00,4.374591070763e+00,8.822397575991e-02
-7.138694066414e+00,7.297460704811e+00,4.979668036603e-02
-7.138601982208e+00,4.488221043565e+00,8.797370674712e-02
-7.138333455596e+00,5.142305624612e+00,8.609125562567e-02
-7.138074596566e+00,3.352329452718e+00,8.985368509796e-02
-7.137917650232e+00,4.317937790968e+00,8.834497292255e-02
-7.137705543816e+00,4.545188137286e+00,8.784422855874e-02
-7.137419980589e+00,9.218750295000e-01,9.137656754759e-02
-7.137168898452e+00,3.665086380016e+00,8.945575575039e-02
-7.137155088857e+00,3.096566327264e+00,9.013595064657e-02
-7.137099611182e+00,2.597537151416e+00,9.057994210133e-02
-7.136989767338e+00,1.633985965546e+00,9.114702171695e-02
-7.136943195973e+00,1.445136542796e+00,9.122210246684e-02
-7.136925961168e+00,7.477690716219e+00,3.083421023795e-02
-7.136883061139e+00,7.118645885287e+00,6.040619155540e-02
-7.136833238163e+00,6.861579196284e+00,6.925239302322e-02
-7.136759082671e+00,3.878126218217e+00,8.914112799641e-02
-7.136616775755e+00,4.957540154267e+00,8.672205201298e-02
-7.136581870555e+00,4.261398643783e+00,8.846352470118e-02
-7.136238481243e+00,4.602250165472e+00,8.771201480837e-02
-7.136112105026e+00,9.531250305000e-01,9.137181847013e-02
-7.135586554332e+00,1.966947648005e+00,9.099095510526e-02
-7.135501999939e+00,2.110890899185e+00,9.091119196821e-02
-7.135430577125e+00,5.655880903232e+00,8.381177573330e-02
-7.134804229463e+00,9.843750315000e-01,9.136689219519e-02
-7.134700785516e+00,4.204978321508e+00,8.857968492833e-02
-7.134195839491e+00,4.659402222761e+00,8.757700224053e-02
-7.133697486625e+00,6.295394500529e+00,7.885758788294e-02
-7.133695234017e+00,6.373013344404e+00,7.796863211385e-02
-7.133490064979e+00,1.823540339504e+00,9.106786907889e-02
-7.133443476566e+00,1.257087787240e+00,9.129318419658e-02
-7.133426920928e+00,2.498685093969e+00,9.066233005765e-02
-7.133367205640e+00,6.070687160781e+00,8.100818629351e-02
-7.133351136095e+00,3.197191363330e+00,9.004024641817e-02
-7.133338228909e+00,5.328077680405e+00,8.539774316126e-02
-7.133230990161e+00,5.999128876021e+00,8.158603089277e-02
-7.133185241610e+00,2.255322626038e+00,9.082853108410e-02
-7.132975828109e+00,6.218084544252e+00,7.966989393157e-02
-7.132964905200e+00,6.450934741618e+00,7.699172028662e-02
-7.132841080082e+00,5.456408330537e+00,8.483745111775e-02
-7.132383882922e+00,6.142369712339e+00,8.039379860069e-02
-7.132279565437e+00,4.148681472922e+00,8.869350640684e-02
-7.132276728751e+00,1.562500050003e-02,9.148923106327e-02
-7.131984447894e+00,5.927704997713e+00,8.213061122721e-02
-7.131846954172e+00,4.687500150008e-02,9.148975895576e-02
-7.131661232385e+00,1.023314311283e+00,9.136296981136e-02
-7.131572700743e+00,4.716639361724e+00,8.743912629144e-02
-7.131532092506e+00,6.941310430248e+00,6.718206127136e-02
-7.131531741892e+00,7.553855780359e+00,1.829356404618e-02
-7.131502387997e+00,6.529152315760e+00,7.591321078718e-02
-7.131417179593e+00,7.812500250012e-02,9.149002872921e-02
-7.131349075144e+00,3.822534404365e+00,8.924378273250e-02
-7.131178390534e+00,7.624587322404e+00,6.608629061792e-06
-7.130987405014e+00,1.093750035002e-01,9.149013607893e-02
-7.130838007367e+00,5.015235721791e+00,8.656555750154e-02
-7.130803763670e+00,3.453620800641e+00,8.975104006949e-02
-7.130557630434e+00,1.406250045003e-01,9.148991950890e-02
-7.130521196982e+00,5.200250234596e+00,8.591942223168e-02
-7.130127855856e+00,1.718750055004e-01,9.148954074291e-02
-7.130051619633e+00,1.491843295635e+00,9.121781601115e-02
-7.129904928054e+00,3.610000530528e+00,8.955178609865e-02
-7.129698081276e+00,2.031250065004e-01,9.148890334382e-02
-7.129636868900e+00,5.856425587673e+00,8.264438782254e-02
-7.129328498482e+00,7.378657561721e+00,4.366024745072e-02
-7.129323415424e+00,4.092512703017e+00,8.880504091767e-02
-7.129303623680e+00,6.607659648512e+00,7.471649085236e-02
-7.129268306697e+00,2.343750075005e-01,9.148803788713e-02
-7.129264631783e+00,1.680715134556e+00,9.114198292192e-02
-7.129180369312e+00,7.199253210526e+00,5.677780382875e-02
-7.128972497231e+00,5.585182620433e+00,8.423469416202e-02
-7.128838532118e+00,2.656250085005e-01,9.148697968778e-02
-7.128586088952e+00,2.400194075483e+00,9.074266813509e-02
-7.128408757539e+00,2.968750095005e-01,9.148562684831e-02
-7.128364184627e+00,4.773956593241e+00,8.729832107182e-02
-7.128225636628e+00,3.298042892866e+00,8.994197860794e-02
-7.127978982960e+00,3.281250105004e-01,9.148411096916e-02
-7.127550708614e+00,2.843064875760e+00,9.039897619705e-02
-7.127549208381e+00,3.593750115003e-01,9.148228799010e-02
-7.127370839421e+00,1.303749989323e+00,9.128964029250e-02
-7.127119433802e+00,3.906250125003e-01,9.148024612240e-02
-7.127060861215e+00,2.942888348799e+00,9.030978976119e-02
-7.126798309218e+00,2.743538933845e+00,9.048599944644e-02
-7.126689659223e+00,4.218750135002e-01,9.147794738914e-02
-7.126586169989e+00,1.069932246033e+00,9.136033870872e-02
-7.126364606893e+00,6.686450280596e+00,7.338112095847e-02
-7.126353495727e+00,2.013700845768e+00,9.098457133215e-02
-7.126259884644e+00,4.531250145001e-01,9.147541371111e-02
-7.126197621404e+00,5.785300629137e+00,8.312761755379e-02
-7.125837574849e+00,4.036476573068e+00,8.891433922814e-02
-7.125830110065e+00,4.843750155000e-01,9.147269354157e-02
-7.125598033273e+00,2.157654301075e+00,9.090421949178e-02
-7.125474320609e+00,7.021297907682e+00,6.478865576514e-02
-7.125434050838e+00,3.767096381101e+00,8.934391635639e-02
-7.125306958033e+00,3.042989991401e+00,9.021840408331e-02
-7.124968844968e+00,5.156250165000e-01,9.147044635596e-02
-7.124917335194e+00,1.870269223731e+00,9.106206799115e-02
-7.124825742242e+00,2.644329513027e+00,9.057089608432e-02
-7.124565448358e+00,4.831348887071e+00,8.715451934920e-02
-7.124448146805e+00,5.072984584581e+00,8.640568537868e-02
-7.123676089353e+00,5.468750175001e-01,9.146881431957e-02
-7.123440300237e+00,5.386215723957e+00,8.520983534644e-02
-7.122963263241e+00,1.538516871685e+00,9.121334577323e-02
-7.122681385839e+00,6.765517712402e+00,7.188166546587e-02
-7.122600077755e+00,2.302081811908e+00,9.082096415267e-02
-7.122383333739e+00,5.781250185001e-01,9.146690488744e-02
-7.122267465968e+00,3.143350074531e+00,9.012478379168e-02
-7.122155811211e+00,3.555084478376e+00,8.964593412253e-02
-7.122082178529e+00,5.258231016267e+00,8.574376243271e-02
-7.121827317138e+00,3.980577600150e+00,8.902145110062e-02
-7.121757792095e+00,3.399100235636e+00,8.984132230801e-02
-7.121676151088e+00,5.714340026309e+00,8.358511819048e-02
-7.121655350847e+00,2.545455229413e+00,9.065370305326e-02
-7.121459175760e+00,5.514676587167e+00,8.463616702825e-02
-7.121341369347e+00,1.727405912557e+00,9.113675832702e-02
-7.121317286492e+00,1.116528342882e+00,9.135752785786e-02
-7.121102904244e+00,1.350384139769e+00,9.128591453247e-02
-7.121090578124e+00,6.093750195002e-01,9.146477978974e-02
-7.120709160592e+00,7.280095836516e+00,5.237267347159e-02
-7.120171687197e+00,4.888811171900e+00,8.700765252969e-02
-7.119797822510e+00,6.406250205002e-01,9.146244789811e-02
-7.119186498484e+00,7.460075266882e+00,3.573312870238e-02
-7.119019442257e+00,3.711816453260e+00,8.944208554455e-02
-7.118656195369e+00,7.101534964464e+00,6.199045556364e-02
-7.118505066895e+00,6.718750215003e-01,9.145982801578e-02
-7.118250063051e+00,6.844855403950e+00,7.018606656160e-02
-7.117921133171e+00,3.243948506429e+00,9.002854893002e-02
-7.117442552274e+00,5.130781498380e+00,8.624148713552e-02
-7.117309736791e+00,2.446934320109e+00,9.073445752417e-02
-7.117297949550e+00,3.924820256657e+00,8.912642530150e-02
-7.117212311281e+00,7.031250225003e-01,9.145704139703e-02
-7.116919740277e+00,2.060406194853e+00,9.097799798571e-02
-7.116145270236e+00,1.916954417808e+00,9.105607902078e-02
-7.116081980251e+00,5.643553604077e+00,8.401876915393e-02
-7.115953891001e+00,4.421183834874e+00,8.820755437454e-02
-7.115919555666e+00,7.343750235004e-01,9.145387280645e-02
-7.115854718526e+00,1.163101421473e+00,9.135453696557e-02
-7.115786492368e+00,4.477931832233e+00,8.808363449800e-02
-7.115678332564e+00,1.585156072744e+00,9.120869138442e-02
-7.115562641495e+00,4.364541577570e+00,8.832871105687e-02
-7.115492094292e+00,2.204365631359e+00,9.089705576844e-02
-7.115251393333e+00,6.057813891666e+00,8.129866346693e-02
-7.115178134890e+00,4.946338335441e+00,8.685765063934e-02
-7.115055410713e+00,4.534780760518e+00,8.795667355367e-02
-7.114905276367e+00,5.986343125428e+00,8.185829134763e-02
-7.114639845555e+00,1.396989049297e+00,9.128200657894e-02
-7.114626800052e+00,7.656250245004e-01,9.145055725989e-02
-7.114617814791e+00,4.308009826638e+00,8.844743201484e-02
-7.114479727162e+00,6.129410340421e+00,8.070454654121e-02
-7.114423860512e+00,6.357085550439e+00,7.842326684029e-02
-7.114314642351e+00,6.279602118725e+00,7.927260719648e-02
-7.114041876501e+00,2.889804575606e+00,9.038888398958e-02
-7.113927100723e+00,3.500342357236e+00,8.973824162456e-02
-7.113897566398e+00,7.536134828153e+00,2.509903778684e-02
-7.113806859160e+00,2.790275429176e+00,9.047633150239e-02
-7.113805933938e+00,6.434872309508e+00,7.749188270891e-02
-7.113755647473e+00,4.591725768177e+00,8.782705059713e-02
-7.113631415693e+00,7.606780019501e+00,1.008771325115e-02
-7.113482449804e+00,6.202428342259e+00,8.004989435594e-02
-7.113450596267e+00,5.915008170643e+00,8.238619742272e-02
-7.113334044437e+00,7.968750255003e-01,9.144718609385e-02
-7.113220217585e+00,1.774057093271e+00,9.113134753705e-02
-7.113124517431e+00,4.251593305551e+00,8.856377026606e-02
-7.113066795595e+00,6.924456775501e+00,6.825333891530e-02
-7.113027954335e+00,2.989623138381e+00,9.029927194036e-02
-7.113011886281e+00,5.316242596037e+00,8.556418438289e-02
-7.112900353855e+00,5.444372396951e+00,8.501768181631e-02
-7.112456745144e+00,6.512956025854e+00,7.646604934573e-02
-7.112344865428e+00,2.691054823231e+00,9.056165059958e-02
-7.112254812641e+00,3.869208970405e+00,8.922930961067e-02
-7.112246995202e+00,3.344764835217e+00,8.992984319836e-02
-7.112110714007e+00,3.656698879941e+00,8.953833335450e-02
-7.112041288823e+00,8.281250265002e-01,9.144319124528e-02
-7.111882240641e+00,4.648761961661e+00,8.769470466593e-02
-7.111811754211e+00,2.348784640655e+00,9.081319676866e-02
-7.111465881705e+00,7.361166979139e+00,4.691213284097e-02
-7.111087891275e+00,4.195296694586e+00,8.867777784309e-02
-7.111074045249e+00,7.182014898140e+00,5.867564807013e-02
-7.110896651621e+00,5.843819078355e+00,8.288378066071e-02
-7.110748533208e+00,8.593750275001e-01,9.143914972243e-02
-7.110743402207e+00,3.089711622978e+00,9.020745981241e-02
-7.110372230055e+00,6.591330287449e+00,7.533073103731e-02
-7.110198609949e+00,1.209650302026e+00,9.135136572875e-02
-7.109816621586e+00,5.188621179453e+00,8.607344284560e-02
-7.109678124783e+00,2.592161509215e+00,9.064487782473e-02
-7.109580063697e+00,5.003925225152e+00,8.670444230450e-02
-7.109455777594e+00,8.906250285001e-01,9.143506284012e-02
-7.109430265316e+00,4.705884405313e+00,8.755957356305e-02
-7.109424707375e+00,5.572951107217e+00,8.443027378380e-02
-7.108513113221e+00,4.139124630462e+00,8.878950579944e-02
-7.108197040699e+00,1.631759701712e+00,9.120385246758e-02
-7.108163021979e+00,9.218750295000e-01,9.143034159050e-02
-7.107981845115e+00,1.443563529737e+00,9.127791608507e-02
-7.107548377930e+00,6.669988641268e+00,7.406752557187e-02
-7.107285583220e+00,2.107062473418e+00,9.097123464156e-02
-7.107252819115e+00,5.772785820980e+00,8.335312888849e-02
-7.107174139938e+00,1.963594708318e+00,9.104990175190e-02
-7.107166807332e+00,3.190050170273e+00,9.011341281015e-02
-7.107127795345e+00,7.004315208081e+00,6.603022920448e-02
-7.106870266365e+00,9.531250305000e-01,9.142556973763e-02
-7.106703279914e+00,3.813748124424e+00,8.932982309878e-02
-7.106394833971e+00,4.763088121741e+00,8.742159384217e-02
-7.105829127302e+00,2.493613862056e+00,9.072605000098e-02
-7.105577510750e+00,9.843750315000e-01,9.142075328793e-02
-7.105405394873e+00,4.083081706069e+00,8.889900421616e-02
-7.105224380110e+00,3.445778254251e+00,8.982874955072e-02
-7.105184503940e+00,2.251023660676e+00,9.088970037081e-02
-7.104901421402e+00,1.820667471861e+00,9.112575014937e-02
-7.104713362344e+00,3.601747874482e+00,8.963270200301e-02
-7.104349111770e+00,1.256173805921e+00,9.134801383446e-02
-7.103981231538e+00,6.748924593923e+00,7.265366603034e-02
-7.103372784843e+00,5.061566648321e+00,8.654795473138e-02
-7.103305846808e+00,5.374279561862e+00,8.538059416890e-02
-7.102771096596e+00,4.820368092386e+00,8.728070079258e-02
-7.102737738483e+00,1.562500050003e-02,9.154201062409e-02
-7.102724254769e+00,7.262730968222e+00,5.468707367202e-02
-7.102528552824e+00,5.701918291849e+00,8.379782999018e-02
-7.102450873592e+00,1.023230924334e+00,9.141684010725e-02
-7.102312990507e+00,4.687500150008e-02,9.154251834025e-02
-7.102277040931e+00,3.290618558709e+00,9.001664233395e-02
-7.101888242531e+00,7.812500250012e-02,9.154277472412e-02
-7.101769982034e+00,4.027172470540e+00,8.900632220875e-02
-7.101714006744e+00,5.502542199499e+00,8.482117959010e-02
-7.101565792627e+00,5.246498304640e+00,8.590169048944e-02
-7.101463494555e+00,1.093750035002e-01,9.154286391030e-02
-7.101447035800e+00,7.442459817546e+00,3.996612041470e-02
-7.101129091921e+00,1.490106394028e+00,9.127364269484e-02
-7.101038746579e+00,1.406250045003e-01,9.154264203267e-02
-7.100820618017e+00,2.395429875887e+00,9.080520409983e-02
-7.100648757499e+00,3.758442056658e+00,8.942820558938e-02
-7.100613998604e+00,1.718750055004e-01,9.154226065209e-02
-7.100607529174e+00,2.836940366977e+00,9.046646247364e-02
-7.100519608022e+00,1.678326562871e+00,9.119882863724e-02
-7.100429329598e+00,7.084424043641e+00,6.344625439480e-02
-7.100323928718e+00,2.936469430654e+00,9.037858965972e-02
-7.100189250628e+00,2.031250065004e-01,9.154161247358e-02
-7.099764502652e+00,2.343750075005e-01,9.154075247764e-02
-7.099666887939e+00,6.828131611616e+00,7.106064500623e-02
-7.099657393121e+00,2.737711821990e+00,9.055220517089e-02
-7.099339754676e+00,2.656250085005e-01,9.153968548425e-02
-7.098915006700e+00,2.968750095005e-01,9.153834618442e-02
-7.098784745733e+00,3.036279754929e+00,9.028855107940e-02
-7.098554241155e+00,4.877719257575e+00,8.713682842385e-02
-7.098490258725e+00,3.281250105004e-01,9.153684655049e-02
-7.098306382159e+00,1.302670755595e+00,9.134448096001e-02
-7.098065510749e+00,3.593750115003e-01,9.153502240296e-02
-7.098004221559e+00,2.010188883335e+00,9.104353576261e-02
-7.097640762773e+00,3.906250125003e-01,9.153300544047e-02
-7.097612154483e+00,3.971401428770e+00,8.911150793458e-02
-7.097495635542e+00,2.638802681755e+00,9.063585388034e-02
-7.097451327242e+00,2.153668461410e+00,9.096428087065e-02
-7.097394531825e+00,1.069682208003e+00,9.141421732713e-02
-7.097216014797e+00,4.218750135002e-01,9.153070824929e-02
-7.097135581026e+00,6.044940622550e+00,8.157917882555e-02
-7.096832914788e+00,3.546967604299e+00,8.972523287144e-02
-7.096791266821e+00,4.531250145001e-01,9.152820760760e-02
-7.096733383377e+00,5.631226304922e+00,8.421965801626e-02
-7.096579562573e+00,5.973557374834e+00,8.212147366684e-02
-7.096575571402e+00,6.116450968503e+00,8.100401379179e-02
-7.096551648953e+00,5.119257372149e+00,8.638783683829e-02
-7.096385233073e+00,1.867235844840e+00,9.111996575413e-02
-7.096366518846e+00,4.843750155000e-01,9.152549081223e-02
-7.096263390903e+00,7.518413875947e+00,3.083427281727e-02
-7.096084440852e+00,7.588972716598e+00,1.829356488300e-02
-7.096053263234e+00,3.391396209843e+00,8.991749799832e-02
-7.095968408825e+00,3.136351713783e+00,9.019631172160e-02
-7.095515327025e+00,5.156250165000e-01,9.152326292260e-02
-7.095391825740e+00,7.659709765053e+00,6.608629049389e-06
-7.095152487006e+00,6.341157756474e+00,7.885742269195e-02
-7.094931798076e+00,6.263809736920e+00,7.966972288462e-02
-7.094916744640e+00,5.902311343572e+00,8.263349185305e-02
-7.094890384248e+00,6.188078217095e+00,8.039276056802e-02
-7.094675590737e+00,2.297627161311e+00,9.088215286845e-02
-7.094646962675e+00,6.418809877398e+00,7.796847325051e-02
-7.094601498684e+00,6.907603120753e+00,6.925228342672e-02
-7.094237691359e+00,5.468750175001e-01,9.152163101326e-02
-7.094144634102e+00,2.540231458034e+00,9.071744506287e-02
-7.094096683879e+00,3.703295059574e+00,8.952467045800e-02
-7.094081782177e+00,1.536616456409e+00,9.126918604321e-02
-7.093739494024e+00,4.935136516615e+00,8.698990944993e-02
-7.093603264927e+00,7.343676396557e+00,4.979664252525e-02
-7.093411102290e+00,6.496759735948e+00,7.699156827574e-02
-7.092974993960e+00,4.411013922034e+00,8.831224429553e-02
-7.092971002527e+00,4.467642620902e+00,8.819093032892e-02
-7.092967721186e+00,7.164776585753e+00,6.040612000185e-02
-7.092960055693e+00,5.781250185001e-01,9.151968839496e-02
-7.092959627628e+00,5.432336463365e+00,8.519289576479e-02
-7.092937225754e+00,3.915773040933e+00,8.921460860070e-02
-7.092685543653e+00,5.304407511669e+00,8.572614224639e-02
-7.092646262173e+00,1.724855461971e+00,9.119361949977e-02
-7.092422293656e+00,4.354492084376e+00,8.843113242208e-02
-7.092405277609e+00,4.524373383749e+00,8.806654749367e-02
-7.092156434342e+00,5.831212569037e+00,8.311567208398e-02
-7.092146609664e+00,1.116111906234e+00,9.141141536360e-02
-7.092070586493e+00,1.349139974223e+00,9.134076677303e-02
-7.091853626603e+00,3.236665317989e+00,9.010175845356e-02
-7.091682420027e+00,6.093750195002e-01,9.151757153846e-02
-7.091440836430e+00,6.575000926387e+00,7.591306621418e-02
-7.091317979350e+00,4.298081862307e+00,8.854764690318e-02
-7.091272813703e+00,4.581201370881e+00,8.793943251293e-02
-7.090404784362e+00,6.406250205002e-01,9.151520827444e-02
-7.089876917519e+00,5.560719594002e+00,8.462022329249e-02
-7.089667164307e+00,4.241787967319e+00,8.866183899273e-02
-7.089627023783e+00,2.442016283177e+00,9.079701537641e-02
-7.089568641791e+00,4.638121700561e+00,8.780966734839e-02
-7.089127148696e+00,6.718750215003e-01,9.151260475051e-02
-7.089112046191e+00,5.176992124310e+00,8.622344564327e-02
-7.088781270081e+00,6.987332508479e+00,6.718196352277e-02
-7.088732148967e+00,6.653527001941e+00,7.471635437181e-02
-7.088635799742e+00,2.056735732607e+00,9.103698062526e-02
-7.088474929817e+00,3.492362190559e+00,8.981596651174e-02
-7.088322120028e+00,4.992614728513e+00,8.683987527273e-02
-7.088308016825e+00,5.760271012824e+00,8.357175130777e-02
-7.087849513030e+00,7.031250225004e-01,9.150983723079e-02
-7.087750542611e+00,3.860291722594e+00,8.931552063126e-02
-7.087671912171e+00,1.913761010433e+00,9.111399393459e-02
-7.087474997034e+00,4.185615067665e+00,8.877375900837e-02
-7.087417282434e+00,2.200222940732e+00,9.095713623960e-02
-7.087287829889e+00,4.695129448902e+00,8.767719204720e-02
-7.087200759032e+00,2.883532482218e+00,9.045639190861e-02
-7.087052529562e+00,3.648311379866e+00,8.961925946384e-02
-7.086840119327e+00,1.583092532217e+00,9.126454575627e-02
-7.086763745340e+00,2.784299251896e+00,9.054255932428e-02
-7.086707242160e+00,1.162518852313e+00,9.140843391995e-02
-7.086571877364e+00,7.343750235004e-01,9.150666786495e-02
-7.086419393838e+00,3.337200217717e+00,9.000452622431e-02
-7.086397325145e+00,2.983058168243e+00,9.036809278385e-02
-7.085641897298e+00,1.395580286114e+00,9.133687093161e-02
-7.085294241698e+00,7.656250245004e-01,9.150332295948e-02
-7.085281077238e+00,6.732331475445e+00,7.338099330378e-02
-7.085108283587e+00,2.685377497723e+00,9.062663072889e-02
-7.084746661004e+00,4.129567788003e+00,8.888345633633e-02
-7.084739348947e+00,7.245366099927e+00,5.677774850138e-02
-7.084577238050e+00,1.771345206211e+00,9.118822465367e-02
-7.084425483316e+00,4.752219650241e+00,8.754194547821e-02
-7.084331715558e+00,3.082856918693e+00,9.027762678865e-02
-7.084016606032e+00,7.968750255003e-01,9.149992634984e-02
-7.083965690675e+00,2.344174907572e+00,9.087441282829e-02
-7.083707573116e+00,7.424844368210e+00,4.366022874762e-02
-7.083380954559e+00,5.689496557388e+00,8.400420361524e-02
-7.083171393379e+00,5.362343399767e+00,8.554670837660e-02
-7.082738970367e+00,8.281250265002e-01,9.149601836614e-02
-7.082297422881e+00,5.050148712060e+00,8.668665596481e-02
-7.082256638383e+00,2.586785867014e+00,9.070864220609e-02
-7.082202463828e+00,7.067313122818e+00,6.478857106794e-02
-7.082057484685e+00,3.804961844483e+00,8.941411581717e-02
-7.081968837728e+00,5.490407811830e+00,8.500099098420e-02
-7.081487374323e+00,4.073650709122e+00,8.899097943671e-02
-7.081461334701e+00,8.593750275001e-01,9.149195212861e-02
-7.081083712827e+00,6.811407819283e+00,7.188154745966e-02
-7.081076571510e+00,1.208901880100e+00,9.140527268947e-02
-7.081049406725e+00,5.234765593012e+00,8.605545924335e-02
-7.080982478570e+00,3.182908977215e+00,9.018495946169e-02
-7.080976744834e+00,4.809387297702e+00,8.740386531930e-02
-7.080183699035e+00,8.906250285001e-01,9.148783471706e-02
-7.079644996550e+00,3.437935707862e+00,8.990494265309e-02
-7.079521796633e+00,3.593495218436e+00,8.971201355938e-02
-7.079404314060e+00,1.629533437878e+00,9.125972145140e-02
-7.079069166501e+00,2.103234047651e+00,9.103023590686e-02
-7.079020494257e+00,1.441990516679e+00,9.133279308438e-02
-7.079019768718e+00,6.032067353434e+00,8.185023205706e-02
-7.078906063369e+00,9.218750295000e-01,9.148322819478e-02
-7.078761725545e+00,1.960241768632e+00,9.110783426735e-02
-7.078671415642e+00,6.103491596585e+00,8.129308868711e-02
-7.078629215409e+00,7.500692923742e+00,3.573319593477e-02
-7.078537466012e+00,7.571165413695e+00,2.509903883698e-02
-7.078253848779e+00,5.960771624241e+00,8.237602073045e-02
-7.078231333676e+00,2.488542630144e+00,9.078863008639e-02
-7.077932473410e+00,7.641816539531e+00,1.008771426900e-02
-7.077702389219e+00,4.017868368013e+00,8.909637584931e-02
-7.077628427703e+00,9.531250305000e-01,9.147843616418e-02
-7.077384786503e+00,5.618899005768e+00,8.441470509190e-02
-7.077199631439e+00,6.175034168760e+00,8.070187941790e-02
-7.077183766270e+00,2.246724695314e+00,9.094980031118e-02
-7.076936795113e+00,4.866627343250e+00,8.726288804449e-02
-7.076382893013e+00,5.889614516502e+00,8.287260844529e-02
-7.076350792037e+00,9.843750315000e-01,9.147359359332e-02
-7.076328445234e+00,3.283194224552e+00,9.008987265424e-02
-7.076312777825e+00,1.817794604217e+00,9.118264368976e-02
-7.076136201773e+00,6.890749466005e+00,7.018595912679e-02
-7.075881113501e+00,6.325229962508e+00,7.927244481839e-02
-7.075863464161e+00,3.749787732214e+00,8.951079728434e-02
-7.075740648149e+00,7.326185813975e+00,5.237263580357e-02
-7.075660745631e+00,5.107733245917e+00,8.653018025127e-02
-7.075548953802e+00,6.248017355116e+00,8.004972613661e-02
-7.075487991413e+00,6.402747445287e+00,7.842311075224e-02
-7.075254746974e+00,1.255259824601e+00,9.140193135548e-02
-7.074861397124e+00,7.147538273367e+00,6.199038524059e-02
-7.074365459436e+00,6.480563446041e+00,7.749173342104e-02
-7.073664349734e+00,2.830815858195e+00,9.053271258885e-02
-7.073586996222e+00,2.930050512508e+00,9.044611936081e-02
-7.073416217063e+00,5.818606059720e+00,8.334040456916e-02
-7.073396991827e+00,3.962225257390e+00,8.919969219984e-02
-7.073240514800e+00,1.023147537385e+00,9.146982206076e-02
-7.073198748214e+00,1.562500050003e-02,9.159391709816e-02
-7.073055147081e+00,2.390665676291e+00,9.086647981515e-02
-7.073018901402e+00,5.420300529779e+00,8.536329718216e-02
-7.072779026842e+00,4.687500150008e-02,9.159440529328e-02
-7.072516477024e+00,2.731884710135e+00,9.061720788035e-02
-7.072509442805e+00,6.558671565324e+00,7.646590742576e-02
-7.072359305469e+00,7.812500250012e-02,9.159464870086e-02
-7.072359201025e+00,5.292572427301e+00,8.588379359909e-02
-7.072300853158e+00,4.923934697789e+00,8.711894891079e-02
-7.072262533433e+00,3.029569518457e+00,9.035739294566e-02
-7.072206564208e+00,1.488369492421e+00,9.132853287061e-02
-7.071939584097e+00,1.093750035002e-01,9.159472044371e-02
-7.071774584261e+00,1.675937991186e+00,9.125471273748e-02
-7.071519862724e+00,1.406250045003e-01,9.159449345482e-02
-7.071510018365e+00,3.538850730223e+00,8.980297289502e-02
-7.071100141352e+00,1.718750055004e-01,9.159410958375e-02
-7.070680419979e+00,2.031250065004e-01,9.159345126700e-02
-7.070434744817e+00,6.970349808878e+00,6.825324308538e-02
-7.070348734372e+00,3.383692184050e+00,8.999220020897e-02
-7.070329127663e+00,5.548488080786e+00,8.480477943012e-02
-7.070260698607e+00,2.343750075005e-01,9.159259663959e-02
-7.070165528842e+00,2.633275850484e+00,9.069964092636e-02
-7.070155512687e+00,4.457353409571e+00,8.829557318059e-02
-7.069996096919e+00,4.400844009194e+00,8.841462637596e-02
-7.069915920004e+00,6.637065362614e+00,7.533059711853e-02
-7.069840977234e+00,2.656250085005e-01,9.159152155963e-02
-7.069755144505e+00,4.513966006981e+00,8.817393710932e-02
-7.069669351682e+00,3.129353353035e+00,9.026649868818e-02
-7.069654947391e+00,2.006676920900e+00,9.110148632272e-02
-7.069421255862e+00,2.968750095005e-01,9.159019549114e-02
-7.069363214536e+00,5.747756204667e+00,8.378379164796e-02
-7.069304621211e+00,2.149682621745e+00,9.102330116944e-02
-7.069281945816e+00,4.344442591183e+00,8.853131520678e-02
-7.069241924897e+00,1.301591521867e+00,9.139840959137e-02
-7.069173925500e+00,3.694773665887e+00,8.960560632648e-02
-7.069001534489e+00,3.281250105004e-01,9.158870327002e-02
-7.068789979933e+00,4.570676973586e+00,8.804925078739e-02
-7.068581813117e+00,3.593750115003e-01,9.158688703054e-02
-7.068576501958e+00,3.906725825211e+00,8.930097420669e-02
-7.068407470795e+00,5.165363069168e+00,8.636958433311e-02
-7.068202893662e+00,1.069432169974e+00,9.146720766165e-02
-7.068162091744e+00,3.906250125003e-01,9.158489436276e-02
-7.068018143910e+00,4.288153897977e+00,8.864569014017e-02
-7.067853130953e+00,1.864202465949e+00,9.117687619144e-02
-7.067742370372e+00,4.218750135002e-01,9.158259939063e-02
-7.067322648999e+00,4.531250145001e-01,9.158013095862e-02
-7.067255042941e+00,4.627481439461e+00,8.792198417902e-02
-7.067064176358e+00,4.981304231875e+00,8.697198194443e-02
-7.066902927627e+00,4.843750155000e-01,9.157741829004e-02
-7.066754443125e+00,7.228001231633e+00,5.867559353367e-02
-7.066751103718e+00,2.293172510713e+00,9.094227264477e-02
-7.066633917356e+00,2.535007686654e+00,9.078004771576e-02
-7.066580922937e+00,6.715738356966e+00,7.406740036216e-02
-7.066209811183e+00,4.231982629087e+00,8.875780074947e-02
-7.066061809082e+00,5.156250165000e-01,9.157520929215e-02
-7.065968110432e+00,7.407228918874e+00,4.691211394849e-02
-7.065786120035e+00,3.229382129548e+00,9.017340269587e-02
-7.065200301113e+00,1.534716041133e+00,9.132408992040e-02
-7.065145394463e+00,4.684374492492e+00,8.779207946069e-02
-7.064799293365e+00,5.468750175001e-01,9.157355248622e-02
-7.064233356295e+00,5.677074822928e+00,8.420451463505e-02
-7.063975598058e+00,7.050202201995e+00,6.603014613036e-02
-7.063951154998e+00,1.722305011384e+00,9.124951921507e-02
-7.063862102793e+00,4.175933440744e+00,8.886769571764e-02
-7.063536777648e+00,5.781250185001e-01,9.157160382736e-02
-7.063246272580e+00,3.851374474782e+00,8.939981618988e-02
-7.063038268741e+00,1.347895808677e+00,9.139470706077e-02
-7.063036939951e+00,5.350407237673e+00,8.570836288823e-02
-7.063022758911e+00,3.484382023883e+00,8.989217682446e-02
-7.062975932836e+00,1.115695469585e+00,9.146441464504e-02
-7.062500537715e+00,6.794684026949e+00,7.265355032184e-02
-7.062456132661e+00,4.741351178741e+00,8.765947769673e-02
-7.062274261930e+00,6.093750195002e-01,9.156949515791e-02
-7.062223668712e+00,5.478273424162e+00,8.517581496608e-02
-7.061994345117e+00,3.639923879791e+00,8.969858345938e-02
-7.061944310776e+00,2.437098246245e+00,9.085835339228e-02
-7.061222060919e+00,5.038730775800e+00,8.682191992664e-02
-7.061011746213e+00,6.406250205002e-01,9.156710255541e-02
-7.060995039914e+00,7.482971971536e+00,3.996619049830e-02
-7.060990491170e+00,7.553358110791e+00,3.083427400587e-02
-7.060980208788e+00,4.120010945543e+00,8.897542284090e-02
-7.060903956411e+00,6.019194084318e+00,8.211229010114e-02
-7.060767259883e+00,6.090532224666e+00,8.157229867647e-02
-7.060591792474e+00,3.329635600216e+00,9.007777728485e-02
-7.060533020823e+00,5.223032881385e+00,8.620522926317e-02
-7.060473121080e+00,7.623923314010e+00,1.829356655663e-02
-7.060359641563e+00,2.877260388831e+00,9.052266449746e-02
-7.060351859208e+00,2.053065270362e+00,9.109494966505e-02
-7.059928134985e+00,5.947985873647e+00,8.262234718414e-02
-7.059766695954e+00,2.976493198105e+00,9.043564438965e-02
-7.059749230496e+00,6.718750215003e-01,9.156451512096e-02
-7.059720631521e+00,2.778323074615e+00,9.060758484657e-02
-7.059508878630e+00,6.161990120426e+00,8.099983102733e-02
-7.059441183215e+00,7.694664242564e+00,6.608629056310e-06
-7.059342470576e+00,2.196080250105e+00,9.101617597043e-02
-7.059198554105e+00,1.910567603058e+00,9.117092173499e-02
-7.059182393072e+00,4.798406503017e+00,8.752411882891e-02
-7.058486714779e+00,7.031250225004e-01,9.156174085755e-02
-7.058036189629e+00,5.606571706613e+00,8.460415844160e-02
-7.058001906091e+00,1.581028991690e+00,9.131946385480e-02
-7.057920028908e+00,3.076002214407e+00,9.034648973706e-02
-7.057878031372e+00,7.308695231393e+00,5.468703633860e-02
-7.057871701745e+00,2.679700172214e+00,9.069044071955e-02
-7.057849041386e+00,5.876917689431e+00,8.310365795779e-02
-7.057670904862e+00,6.873895811258e+00,7.106053968578e-02
-7.057569353773e+00,4.064219712174e+00,8.908102903296e-02
-7.057559765795e+00,1.161936283153e+00,9.146144271090e-02
-7.057411689455e+00,3.796175564542e+00,8.949671373619e-02
-7.057224199062e+00,7.343750235004e-01,9.155859703391e-02
-7.057119725577e+00,6.233557520339e+00,8.039172950595e-02
-7.056755073061e+00,7.130299960980e+00,6.344618534367e-02
-7.056643949040e+00,1.394171522931e+00,9.139082341759e-02
-7.056609739996e+00,6.309302168542e+00,7.966956323606e-02
-7.056329020150e+00,6.386685013177e+00,7.885726929615e-02
-7.056119627138e+00,2.339565174489e+00,9.093455279683e-02
-7.055961683345e+00,7.656250245004e-01,9.155522508907e-02
-7.055934258516e+00,1.768633319152e+00,9.124414047659e-02
-7.055319816583e+00,6.464367156135e+00,7.796832660377e-02
-7.055319349070e+00,4.855535428925e+00,8.738594166576e-02
-7.054835151985e+00,2.581410224813e+00,9.077126774901e-02
-7.054798149808e+00,3.175767784158e+00,9.025516640883e-02
-7.054769842310e+00,5.096209119685e+00,8.666869437854e-02
-7.054699167628e+00,7.968750255003e-01,9.155179603870e-02
-7.054675999784e+00,5.805999550402e+00,8.355830027397e-02
-7.054330230923e+00,3.585242562390e+00,8.978976842430e-02
-7.054065612990e+00,3.430093161473e+00,8.997966391053e-02
-7.053634796405e+00,4.008564265485e+00,8.918456032973e-02
-7.053578049180e+00,6.542342204261e+00,7.699142892925e-02
-7.053436651911e+00,8.281250265002e-01,9.154798077248e-02
-7.053078175175e+00,5.408264596192e+00,8.552907947243e-02
-7.052174136193e+00,8.593750275001e-01,9.154389219227e-02
-7.052088219553e+00,6.953367109277e+00,6.925218948578e-02
-7.052032858397e+00,5.280737342933e+00,8.603730621430e-02
-7.051954533070e+00,1.208153458175e+00,9.145829154906e-02
-7.051099691041e+00,6.620603723286e+00,7.591293478142e-02
-7.051078170822e+00,3.741133407771e+00,8.959174243767e-02
-7.050911620476e+00,8.906250285001e-01,9.153974693270e-02
-7.050862212293e+00,4.912732878963e+00,8.724488387181e-02
-7.050852749781e+00,2.099405621884e+00,9.108822385304e-02
-7.050781337807e+00,5.536256567570e+00,8.498416598909e-02
-7.050633540049e+00,2.483471398232e+00,9.085003312199e-02
-7.050611587421e+00,1.627307174045e+00,9.131465428599e-02
-7.050418412246e+00,5.735241396511e+00,8.398953897753e-02
-7.050379849538e+00,3.275769890395e+00,9.016164110083e-02
-7.050349311152e+00,1.956888828947e+00,9.116477988980e-02
-7.050059143399e+00,1.440417503620e+00,9.138675830611e-02
-7.049649104759e+00,9.218750295000e-01,9.153525073662e-02
-7.049183028601e+00,2.242425729952e+00,9.100885986313e-02
-7.049181829171e+00,3.953049086010e+00,8.928606189451e-02
-7.048769537303e+00,7.210636363338e+00,6.040606633639e-02
-7.048386589042e+00,9.531250305000e-01,9.153044096186e-02
-7.048228647748e+00,7.389613469537e+00,4.979662360480e-02
-7.047880768636e+00,6.699145238488e+00,7.471623153703e-02
-7.047724134247e+00,1.814921736573e+00,9.123857610663e-02
-7.047702895399e+00,5.153734014025e+00,8.651200497661e-02
-7.047340022846e+00,4.447064198240e+00,8.839791437967e-02
-7.047124073325e+00,9.843750315000e-01,9.152557501909e-02
-7.047105011401e+00,4.503558630212e+00,8.827869830666e-02
-7.047017199877e+00,4.390674096355e+00,8.851477559171e-02
-7.046850063726e+00,2.923631594362e+00,9.051241458764e-02
-7.046721170294e+00,2.824691349412e+00,9.059776114200e-02
-7.046307146163e+00,4.560152576290e+00,8.815659169121e-02
-7.046187121942e+00,3.530733856146e+00,8.987920019204e-02
-7.046160382179e+00,1.254345843282e+00,9.145496083927e-02
-7.046141597977e+00,4.334393097990e+00,8.862933161503e-02
-7.045806232689e+00,4.969993735236e+00,8.710088195641e-02
-7.045748732287e+00,7.033091281172e+00,6.718188206479e-02
-7.045740321133e+00,3.022859281985e+00,9.042496656142e-02
-7.045375560926e+00,2.726057598280e+00,9.068104108231e-02
-7.045289676146e+00,2.385901476696e+00,9.092664032139e-02
-7.045085758030e+00,5.664653088468e+00,8.439902303730e-02
-7.044941444091e+00,4.616841178361e+00,8.803174489364e-02
-7.044718308469e+00,4.278225933647e+00,8.874163127050e-02
-7.044644205511e+00,3.375988158257e+00,9.006547193172e-02
-7.044251167122e+00,3.686252272200e+00,8.968494236561e-02
-7.044215778163e+00,3.897678609488e+00,8.938530670082e-02
-7.044030156007e+00,1.023064150435e+00,9.152192644089e-02
-7.043917362603e+00,6.777960234616e+00,7.338087983105e-02
-7.043659757946e+00,1.562500050003e-02,9.164497383681e-02
-7.043443516330e+00,7.535550807889e+00,3.573319721177e-02
-7.043370294539e+00,3.122354992287e+00,9.033538275924e-02
-7.043360864420e+00,7.465251019330e+00,4.366030043307e-02
-7.043284036496e+00,1.486632590815e+00,9.138251136116e-02
-7.043245063177e+00,4.687500150008e-02,9.164544313982e-02
-7.043029560500e+00,1.673549419501e+00,9.130966081745e-02
-7.043013768750e+00,7.606030088489e+00,2.509904093726e-02
-7.043002959036e+00,4.673619536080e+00,8.790432916022e-02
-7.042902486522e+00,5.338471075578e+00,8.586573304480e-02
-7.042863104123e+00,6.077572852748e+00,8.184213623328e-02
-7.042835422142e+00,2.627749019213e+00,9.076228966976e-02
-7.042830368407e+00,7.812500250012e-02,9.164567396863e-02
-7.042788144103e+00,6.006320815202e+00,8.236578978560e-02
-7.042752458059e+00,4.222177290855e+00,8.885172252941e-02
-7.042478499696e+00,5.466139036493e+00,8.534585386226e-02
-7.042415673638e+00,1.093750035002e-01,9.164572895512e-02
-7.042069873156e+00,7.676685524559e+00,1.008771579579e-02
-7.042000978869e+00,1.406250045003e-01,9.164549704288e-02
-7.041818125822e+00,6.148946072091e+00,8.128749514508e-02
-7.041602421191e+00,5.935200123053e+00,8.286084165126e-02
-7.041586284100e+00,1.718750055004e-01,9.164511079947e-02
-7.041305673223e+00,2.003164958467e+00,9.115845021874e-02
-7.041171589331e+00,2.031250065004e-01,9.164444295048e-02
-7.041157915181e+00,2.145696782079e+00,9.108130844018e-02
-7.040756894561e+00,2.343750075005e-01,9.164359360071e-02
-7.040486782005e+00,4.730482707241e+00,8.777428763865e-02
-7.040342199792e+00,2.656250085005e-01,9.164251109955e-02
-7.040249208552e+00,4.166251813823e+00,8.895965251564e-02
-7.040177467635e+00,1.300512288139e+00,9.145145025123e-02
-7.040146698957e+00,5.027312839540e+00,8.695387126211e-02
-7.040016634921e+00,5.211300169757e+00,8.635115305548e-02
-7.040015414594e+00,7.291204648811e+00,5.677771161634e-02
-7.039927505023e+00,2.968750095005e-01,9.164119796278e-02
-7.039718613468e+00,3.222098941107e+00,9.024362959336e-02
-7.039644113399e+00,6.220430232588e+00,8.069921093314e-02
-7.039512810254e+00,3.281250105004e-01,9.163970041524e-02
-7.039321028832e+00,1.861169087057e+00,9.123282568213e-02
-7.039315189759e+00,5.864220862361e+00,8.332760465434e-02
-7.039205607951e+00,6.857042156510e+00,7.188144420273e-02
-7.039123200610e+00,2.529783915275e+00,9.084151856617e-02
-7.039098115485e+00,3.593750115003e-01,9.163790503424e-02
-7.039011255499e+00,1.069182131945e+00,9.151931953396e-02
-7.038826616700e+00,2.288717860115e+00,9.100135239715e-02
-7.038742002550e+00,3.842457226970e+00,8.948241974531e-02
-7.038687592755e+00,5.594244407458e+00,8.478825242388e-02
-7.038683420715e+00,3.906250125003e-01,9.163592361141e-02
-7.038648748999e+00,7.113061648593e+00,6.478850330961e-02
-7.038268725946e+00,4.218750135002e-01,9.163364394269e-02
-7.037854031177e+00,4.531250145001e-01,9.163120691975e-02
-7.037570588004e+00,3.476401857207e+00,8.996691696759e-02
-7.037439336408e+00,4.843750155000e-01,9.162849907248e-02
-7.037388041311e+00,4.787425708333e+00,8.764156241772e-02
-7.037338366490e+00,6.293374374577e+00,8.004956912719e-02
-7.037213756571e+00,4.110454103084e+00,8.906546750834e-02
-7.037170048888e+00,6.370622581067e+00,7.927229403463e-02
-7.036936160673e+00,3.631536379717e+00,8.977635284447e-02
-7.036608291139e+00,5.156250165000e-01,9.162630857213e-02
-7.036318820049e+00,1.532815625858e+00,9.137808220818e-02
-7.036274173729e+00,6.448170866228e+00,7.842296666737e-02
-7.035935782505e+00,5.793393041085e+00,8.376966251000e-02
-7.035360895371e+00,5.468750175001e-01,9.162461728335e-02
-7.035256047823e+00,1.719754560798e+00,9.130448304416e-02
-7.034764191110e+00,3.322070982716e+00,9.014963788906e-02
-7.034646655554e+00,6.526012843198e+00,7.749159657068e-02
-7.034261597769e+00,2.432180209313e+00,9.091853477058e-02
-7.034113499602e+00,5.781250185001e-01,9.162267417433e-02
-7.034005950990e+00,1.346651643130e+00,9.144775944471e-02
-7.033878938988e+00,5.084684993453e+00,8.680378595241e-02
-7.033805256008e+00,1.115279032937e+00,9.151653504658e-02
-7.033741694289e+00,6.936384409675e+00,7.018586703873e-02
-7.033701903028e+00,4.844443514600e+00,8.750609451882e-02
-7.033651333222e+00,4.054788715227e+00,8.916921294515e-02
-7.033518524094e+00,2.870988295444e+00,9.058773628454e-02
-7.033137448948e+00,5.396228662606e+00,8.569042592745e-02
-7.033136066763e+00,2.969928227967e+00,9.050196240244e-02
-7.032866103834e+00,6.093750195002e-01,9.162056688373e-02
-7.032765894225e+00,3.787389284601e+00,8.957766767108e-02
-7.032677517701e+00,2.772346897334e+00,9.067144151279e-02
-7.032283462078e+00,6.604142083959e+00,7.646577840487e-02
-7.032067918674e+00,2.049394808116e+00,9.115193227846e-02
-7.031706515769e+00,5.268902258565e+00,8.618683936315e-02
-7.031618708065e+00,6.406250205002e-01,9.161815361305e-02
-7.031508342258e+00,3.069147510122e+00,9.041408545022e-02
-7.031473609957e+00,5.722726588354e+00,8.418926585559e-02
-7.031267658719e+00,2.191937559478e+00,9.107420297509e-02
-7.031233547951e+00,5.524025054354e+00,8.515859468037e-02
-7.030784631480e+00,7.193271495044e+00,6.199033249799e-02
-7.030725196040e+00,1.907374195684e+00,9.122688877269e-02
-7.030635119904e+00,2.674022846705e+00,9.075311296142e-02
-7.030489185063e+00,7.371998020201e+00,5.237261696948e-02
-7.030371312297e+00,6.718750215003e-01,9.161558200282e-02
-7.029567203590e+00,3.999260162958e+00,8.927093342590e-02
-7.029423571427e+00,4.901531060137e+00,8.736782388726e-02
-7.029180614335e+00,6.682552120009e+00,7.533047658936e-02
-7.029163692854e+00,1.578965451163e+00,9.137347046341e-02
-7.029138665212e+00,3.576989906344e+00,8.986601245467e-02
-7.029123916528e+00,7.031250225004e-01,9.161275459438e-02
-7.028613821046e+00,3.168626591100e+00,9.032407162368e-02
-7.028486229430e+00,3.422250615084e+00,9.005295619543e-02
-7.028412289429e+00,1.161353713993e+00,9.151357272162e-02
-7.028273563602e+00,2.334955441405e+00,9.099365311886e-02
-7.027876520760e+00,7.343750235004e-01,9.160968313771e-02
-7.027646000783e+00,1.392762759748e+00,9.144388806966e-02
-7.027521866517e+00,7.015980360349e+00,6.825316322630e-02
-7.027413665585e+00,2.576034582612e+00,9.083278582048e-02
-7.027291278981e+00,1.765921432092e+00,9.129912055277e-02
-7.026998320004e+00,5.142104958883e+00,8.665055899861e-02
-7.026629124991e+00,7.656250245004e-01,9.160628633633e-02
-7.026292877483e+00,3.732479083328e+00,8.967109009705e-02
-7.025938159766e+00,5.652231354007e+00,8.458797430669e-02
-7.025896541489e+00,7.517743504986e+00,3.996619182946e-02
-7.025726688925e+00,7.447530067124e+00,4.691218635977e-02
-7.025554416420e+00,7.588136862967e+00,3.083427638313e-02
-7.025381729223e+00,7.968750255003e-01,9.160282731603e-02
-7.025334187491e+00,6.761236442282e+00,7.406728906276e-02
-7.024966666515e+00,3.943872914629e+00,8.937058737651e-02
-7.024958948363e+00,6.064613480830e+00,8.210306170347e-02
-7.024698563098e+00,7.658706806555e+00,1.829356906709e-02
-7.024672331796e+00,5.993447546087e+00,8.261114021245e-02
-7.024548289019e+00,4.958683238597e+00,8.722668938341e-02
-7.024524533005e+00,4.436774986909e+00,8.849802852266e-02
-7.024454878297e+00,4.493151253444e+00,8.838099698879e-02
-7.024431253841e+00,3.268345556238e+00,9.023188789751e-02
-7.024134333454e+00,8.281250265002e-01,9.159910117355e-02
-7.024127373013e+00,6.135902023756e+00,8.156539135136e-02
-7.024038302836e+00,4.380504183514e+00,8.861276379436e-02
-7.023824312392e+00,4.549628178995e+00,8.826153774762e-02
-7.023327251225e+00,7.729449988512e+00,6.608629098268e-06
-7.023276707397e+00,5.922414372460e+00,8.309157685524e-02
-7.023035746423e+00,2.478400166320e+00,9.091023569525e-02
-7.023001250137e+00,4.324343604797e+00,8.872525086414e-02
-7.022886937686e+00,8.593750275001e-01,9.159499247752e-02
-7.022832494631e+00,1.207405036249e+00,9.151043229219e-02
-7.022768033094e+00,5.326534913484e+00,8.601898521873e-02
-7.022733330681e+00,5.454004648825e+00,8.551129931988e-02
-7.022636333062e+00,2.095577196116e+00,9.114522561973e-02
-7.022627845241e+00,4.606200917261e+00,8.813903529841e-02
-7.022168501222e+00,6.207302944836e+00,8.099563855874e-02
-7.022152797817e+00,7.273714066229e+00,5.867555717592e-02
-7.021936896758e+00,1.953535889260e+00,9.122076494082e-02
-7.021818860782e+00,1.625080910211e+00,9.136867573408e-02
-7.021639541917e+00,8.906250285001e-01,9.159082188988e-02
-7.021418473028e+00,4.268297969317e+00,8.883553698336e-02
-7.021182290931e+00,2.238126764590e+00,9.106690700195e-02
-7.021097792541e+00,1.438844490562e+00,9.143983576623e-02
-7.020864225518e+00,3.522616982070e+00,8.995395903607e-02
-7.020860523609e+00,4.662864579669e+00,8.801403038103e-02
-7.020781338133e+00,5.851524035290e+00,8.354476687940e-02
-7.020740311041e+00,6.840188501763e+00,7.265344907542e-02
-7.020542424937e+00,7.095823336207e+00,6.603007967052e-02
-7.020392146149e+00,9.218750295000e-01,9.158643181988e-02
-7.020113131230e+00,2.917212676217e+00,9.057750979628e-02
-7.019855054367e+00,3.888631393765e+00,8.946791527438e-02
-7.019777990855e+00,2.818566840629e+00,9.066164151136e-02
-7.019500249019e+00,5.199567458129e+00,8.649337556227e-02
-7.019338995881e+00,5.581917108304e+00,8.496720862246e-02
-7.019328408744e+00,3.677730878513e+00,8.976272592315e-02
-7.019295104935e+00,4.212371952623e+00,8.894366859515e-02
-7.019218108833e+00,3.016149045513e+00,9.049130749131e-02
-7.019144750380e+00,9.531250305000e-01,9.158160658047e-02
-7.019135490670e+00,1.812048868930e+00,9.129357292190e-02
-7.019073308411e+00,6.278805937790e+00,8.039070553848e-02
-7.019071336995e+00,5.015894903280e+00,8.708262877349e-02
-7.018939676649e+00,3.368284132463e+00,9.013735456530e-02
-7.018517431350e+00,4.719614235740e+00,8.788646812134e-02
-7.018234644829e+00,2.720230486425e+00,9.074373710781e-02
-7.018011077625e+00,6.354560148956e+00,7.966941498693e-02
-7.017897354612e+00,9.843750315000e-01,9.157671984453e-02
-7.017524205211e+00,2.381137277100e+00,9.098576157192e-02
-7.017228530875e+00,6.431974576322e+00,7.885712769649e-02
-7.017195565227e+00,5.780786531767e+00,8.397477709079e-02
-7.017071237396e+00,3.115356631539e+00,9.040300063890e-02
-7.017066017383e+00,1.253431861963e+00,9.150711348174e-02
-7.016636314312e+00,4.156570186901e+00,8.904969133569e-02
-7.015715261929e+00,6.509683482135e+00,7.796819217450e-02
-7.015593689549e+00,4.776444913648e+00,8.775629264570e-02
-7.015505315443e+00,2.622222187941e+00,9.082383142466e-02
-7.015395169026e+00,6.919401710074e+00,7.106044941004e-02
-7.014819797215e+00,1.022980763486e+00,9.157306142603e-02
-7.014361508783e+00,1.484895689208e+00,9.143560216499e-02
-7.014284536739e+00,1.671160847817e+00,9.136369761851e-02
-7.014237732520e+00,3.833539979159e+00,8.956338192901e-02
-7.014120767678e+00,1.562500050003e-02,9.169520340138e-02
-7.013711099512e+00,4.687500150008e-02,9.169565441611e-02
-7.013651106901e+00,3.214815752667e+00,9.031255595329e-02
-7.013467233115e+00,6.587680444632e+00,7.699130224793e-02
-7.013447304355e+00,4.100897260625e+00,8.915365003592e-02
-7.013301431346e+00,7.812500250012e-02,9.169587304855e-02
-7.013196722721e+00,5.384192729020e+00,8.584751037600e-02
-7.013011209150e+00,2.141710942414e+00,9.113832978784e-02
-7.012988035667e+00,5.073160867221e+00,8.693557871987e-02
-7.012956399055e+00,1.999652996033e+00,9.121445374224e-02
-7.012891763180e+00,1.093750035002e-01,9.169591193416e-02
-7.012799725658e+00,7.175906626749e+00,6.344613355501e-02
-7.012749722379e+00,7.354382570864e+00,5.468701767183e-02
-7.012528807667e+00,5.710211780198e+00,8.438322948580e-02
-7.012482095014e+00,1.406250045003e-01,9.169567527847e-02
-7.012118417098e+00,3.468421690531e+00,9.004022969205e-02
-7.012084456986e+00,4.833351600275e+00,8.762344707436e-02
-7.012072426848e+00,1.718750055004e-01,9.169528677520e-02
-7.011877976228e+00,3.623148879642e+00,8.985261333188e-02
-7.011685758095e+00,5.511793541138e+00,8.532826593340e-02
-7.011662758682e+00,2.031250065004e-01,9.169460996679e-02
-7.011612483865e+00,2.524560143896e+00,9.090174264552e-02
-7.011380173141e+00,5.257067174197e+00,8.633254434404e-02
-7.011253090516e+00,2.343750075005e-01,9.169376580514e-02
-7.011113010373e+00,1.299433054412e+00,9.150361600411e-02
-7.010902129681e+00,2.284263209518e+00,9.105942006099e-02
-7.010843422350e+00,2.656250085005e-01,9.169267650857e-02
-7.010788926712e+00,1.858135708166e+00,9.128783972233e-02
-7.010480460034e+00,6.665959001531e+00,7.591281648970e-02
-7.010433754184e+00,2.968750095005e-01,9.169137601223e-02
-7.010024086018e+00,3.281250105004e-01,9.168987381813e-02
-7.009819617335e+00,1.068932093915e+00,9.157046242698e-02
-7.009733312672e+00,4.045357718279e+00,8.925558872382e-02
-7.009614417853e+00,3.593750115003e-01,9.168809879640e-02
-7.009295000746e+00,6.998869439526e+00,6.925211120086e-02
-7.009204749687e+00,3.906250125003e-01,9.168611583131e-02
-7.008936589747e+00,3.314506365215e+00,9.021994099126e-02
-7.008795081521e+00,4.218750135002e-01,9.168386425853e-02
-7.008385413355e+00,4.531250145001e-01,9.168145786908e-02
-7.008349566648e+00,7.499936202083e+00,4.366030179463e-02
-7.008120098996e+00,3.778603004660e+00,8.965702649907e-02
-7.008095064091e+00,7.570243637446e+00,3.573319976578e-02
-7.008092513431e+00,7.429809114919e+00,4.979669612332e-02
-7.007984930561e+00,4.890329241311e+00,8.748787351471e-02
-7.007975745189e+00,4.843750155000e-01,9.167875548335e-02
-7.007437338986e+00,1.530915210582e+00,9.143118688695e-02
-7.007327253039e+00,7.640728088551e+00,2.509904408768e-02
-7.007154773196e+00,5.156250165000e-01,9.167658309604e-02
-7.007054792603e+00,6.051654108911e+00,8.235550588026e-02
-7.006790561502e+00,5.639809619547e+00,8.477160041588e-02
-7.006751012379e+00,6.744512649949e+00,7.471612234870e-02
-7.006677406625e+00,2.864716202057e+00,9.065164058140e-02
-7.006578884761e+00,2.427262172380e+00,9.097767729776e-02
-7.006560940648e+00,1.717204110212e+00,9.135853570636e-02
-7.006556519488e+00,5.980574276971e+00,8.284872492080e-02
-7.006505437573e+00,2.963363257829e+00,9.056708120440e-02
-7.006436620205e+00,6.122857975421e+00,8.183400493391e-02
-7.006293744608e+00,5.130475903740e+00,8.678547477067e-02
-7.006044401092e+00,7.711386210206e+00,1.008771783151e-02
-7.005922497376e+00,5.468750175001e-01,9.167485921077e-02
-7.005634403882e+00,2.766370720054e+00,9.073416159387e-02
-7.005499610775e+00,3.989956060430e+00,8.935555062723e-02
-7.005096655609e+00,3.062292805836e+00,9.048044941105e-02
-7.004973633239e+00,1.345407477584e+00,9.149993956371e-02
-7.004950993603e+00,5.909628621866e+00,8.331473090549e-02
-7.004692889045e+00,6.194175657085e+00,8.128188358848e-02
-7.004690221556e+00,5.781250185001e-01,9.167292165825e-02
-7.004634579180e+00,1.114862596289e+00,9.156768639469e-02
-7.004290181039e+00,7.256223483646e+00,6.040603055929e-02
-7.003947099502e+00,3.568737250298e+00,8.994078979061e-02
-7.003783978140e+00,2.045724345871e+00,9.120795472624e-02
-7.003457945737e+00,6.093750195002e-01,9.167078379043e-02
-7.003398538062e+00,2.668345521197e+00,9.081467871455e-02
-7.003290345349e+00,4.947372741958e+00,8.734951305459e-02
-7.003192846861e+00,2.187794868851e+00,9.113124432294e-02
-7.002988161665e+00,5.441870261157e+00,8.567233299855e-02
-7.002906845870e+00,3.414408068695e+00,9.012486079417e-02
-7.002633579665e+00,5.314598751389e+00,8.616827737742e-02
-7.002436100874e+00,7.078585023820e+00,6.718181689786e-02
-7.002429492284e+00,3.161485398043e+00,9.039171172020e-02
-7.002275014130e+00,6.823334847015e+00,7.338078054094e-02
-7.002251837974e+00,1.904180788309e+00,9.128192051726e-02
-7.002247486506e+00,5.838827208220e+00,8.375544442521e-02
-7.002225669917e+00,6.406250205002e-01,9.166838355895e-02
-7.001814565759e+00,6.265596858182e+00,8.069654144135e-02
-7.001804745194e+00,4.482743876676e+00,8.848107451656e-02
-7.001709043165e+00,4.426485775577e+00,8.859598710484e-02
-7.001507584144e+00,3.723824758884e+00,8.974888745219e-02
-7.001341478622e+00,4.539103781699e+00,8.836387481360e-02
-7.001059405794e+00,4.370334270675e+00,8.870865987014e-02
-7.000993394097e+00,6.718750215003e-01,9.166582751130e-02
-7.000751503859e+00,3.934696743249e+00,8.945320031873e-02
-7.000427500065e+00,2.330345708322e+00,9.105174168893e-02
-7.000325479617e+00,1.576901910636e+00,9.142658954379e-02
-7.000314246391e+00,4.595560656161e+00,8.824393748100e-02
-6.999992179186e+00,2.570658940411e+00,9.089305517140e-02
-6.999990399006e+00,5.569589809149e+00,8.514123669993e-02
-6.999860902298e+00,4.314294111603e+00,8.881913933571e-02
-6.999761118277e+00,7.031250225004e-01,9.166295018876e-02
-6.999264813064e+00,1.160771144834e+00,9.156473306830e-02
-6.998983863117e+00,5.187834746502e+00,8.663203462227e-02
-6.998852106363e+00,6.338497716846e+00,8.004942332875e-02
-6.998718088182e+00,4.652109623258e+00,8.812126846008e-02
-6.998648299446e+00,1.763209545032e+00,9.135318957877e-02
-6.998648052525e+00,1.391353996565e+00,9.149608385562e-02
-6.998528842457e+00,7.343750235004e-01,9.165994824377e-02
-6.998482658144e+00,3.260921222080e+00,9.030083538350e-02
-6.998455347948e+00,5.768180022450e+00,8.417391356677e-02
-6.998182888021e+00,6.415778286415e+00,7.927215484612e-02
-6.998118637587e+00,4.258370004987e+00,8.892747125565e-02
-6.997995975033e+00,5.004476967020e+00,8.720830575514e-02
-6.997296566638e+00,7.656250245004e-01,9.165652864003e-02
-6.997048643762e+00,6.902419010472e+00,7.188135569574e-02
-6.996783868304e+00,6.493354121072e+00,7.842283458652e-02
-6.996548080694e+00,4.708745764240e+00,8.799610787469e-02
-6.996064290818e+00,7.968750255003e-01,9.165304197694e-02
-6.995837751811e+00,4.202566614391e+00,8.903370061477e-02
-6.995541329095e+00,3.514500107993e+00,9.002729205446e-02
-6.995494330571e+00,3.879584178042e+00,8.954888514412e-02
-6.995437952797e+00,2.473328934407e+00,9.096939983621e-02
-6.995010259695e+00,7.336767121528e+00,5.677769317375e-02
-6.994832014998e+00,8.281250265002e-01,9.164940152939e-02
-6.994814819836e+00,7.158541758454e+00,6.478845249057e-02
-6.994651004152e+00,6.571218805304e+00,7.749147215861e-02
-6.994419916343e+00,2.091748770349e+00,9.120126743599e-02
-6.994405650366e+00,3.669209484826e+00,8.983900256536e-02
-6.993799337787e+00,4.765464118964e+00,8.786840178609e-02
-6.993710456191e+00,1.206656614324e+00,9.156160217708e-02
-6.993599739178e+00,8.593750275001e-01,9.164527480798e-02
-6.993584005377e+00,5.697696972041e+00,8.457167277574e-02
-6.993524482365e+00,1.950182949574e+00,9.127581486260e-02
-6.993376198734e+00,2.910793758071e+00,9.064143823013e-02
-6.993255996494e+00,5.372156795433e+00,8.600049778380e-02
-6.993235147788e+00,3.360580106670e+00,9.020778856006e-02
-6.993181553261e+00,2.233827799229e+00,9.112396876050e-02
-6.993026134143e+00,1.622854646377e+00,9.142180973799e-02
-6.993023420071e+00,4.146888559980e+00,8.913787162890e-02
-6.992834811415e+00,2.812442331846e+00,9.072438590639e-02
-6.992695896534e+00,3.009438809041e+00,9.055645004209e-02
-6.992367463359e+00,8.906250285001e-01,9.164108126057e-02
-6.992137968239e+00,5.499562027922e+00,8.549336963362e-02
-6.992136441683e+00,1.437271477504e+00,9.149204856572e-02
-6.992097132345e+00,5.061636740990e+00,8.706419064351e-02
-6.991780305734e+00,6.649365883052e+00,7.646566228387e-02
-6.991135187539e+00,9.218750295000e-01,9.163679330687e-02
-6.991093728732e+00,2.714403374570e+00,9.080532716159e-02
-6.991068134976e+00,6.981758518703e+00,7.018579029790e-02
-6.991053830513e+00,5.245232089829e+00,8.647456497328e-02
-6.990802591807e+00,7.482128899180e+00,4.691218773514e-02
-6.990772180253e+00,3.108358270791e+00,9.046938772681e-02
-6.990635711761e+00,7.552350411924e+00,3.996619449179e-02
-6.990546847093e+00,1.809176001286e+00,9.134765880867e-02
-6.990467010944e+00,4.822259685950e+00,8.773809530648e-02
-6.990458337936e+00,7.412088162713e+00,5.237268915694e-02
-6.989955942981e+00,7.622749370547e+00,3.083427994903e-02
-6.989902911719e+00,9.531250305000e-01,9.163195473764e-02
-6.989758734276e+00,2.376373077504e+00,9.104387141940e-02
-6.989733462490e+00,3.824622731347e+00,8.964275144515e-02
-6.989680852138e+00,4.091340418165e+00,8.924002774580e-02
-6.989150636844e+00,6.038694736993e+00,8.259987233569e-02
-6.988761550958e+00,7.693322431901e+00,1.829357241437e-02
-6.988745867396e+00,6.109813927087e+00,8.209378966806e-02
-6.988670635899e+00,9.843750315000e-01,9.162704962710e-02
-6.988440707181e+00,5.967701007855e+00,8.307890385090e-02
-6.988175208743e+00,2.616695356670e+00,9.088417282345e-02
-6.988167837267e+00,6.727788857615e+00,7.533036945049e-02
-6.987971652588e+00,1.252517880644e+00,9.155829344049e-02
-6.987642963237e+00,5.627387885086e+00,8.495012073699e-02
-6.987583600333e+00,3.207532564226e+00,9.038021829776e-02
-6.987217276867e+00,6.181048369334e+00,8.155845776955e-02
-6.987050821574e+00,7.764066240211e+00,6.608629190180e-06
-6.986819791783e+00,3.614761379567e+00,8.992740892600e-02
-6.986666246192e+00,3.460441523855e+00,9.011215616988e-02
-6.986625279809e+00,5.896842871273e+00,8.353115295706e-02
-6.986546289696e+00,4.879127422485e+00,8.760513259425e-02
-6.986427564261e+00,7.238732901064e+00,6.199029733615e-02
-6.985815292121e+00,4.035926721332e+00,8.934021164652e-02
-6.985609438422e+00,1.022897376537e+00,9.162338274466e-02
-6.985589169213e+00,5.118846848597e+00,8.691710570485e-02
-6.985539512978e+00,1.668772276132e+00,9.141684706296e-02
-6.985438981071e+00,1.483158787601e+00,9.148782848937e-02
-6.984864503119e+00,2.137725102749e+00,9.119439140892e-02
-6.984607124887e+00,1.996141033599e+00,9.126952230727e-02
-6.984581777409e+00,1.562500050003e-02,9.174462759577e-02
-6.984555823106e+00,6.252387778575e+00,8.099143695120e-02
-6.984329776812e+00,7.061346711434e+00,6.825309933849e-02
-6.984177135847e+00,4.687500150008e-02,9.174506090208e-02
-6.984101767119e+00,2.519336372516e+00,9.096092872602e-02
-6.983809717219e+00,6.806481192268e+00,7.406719167434e-02
-6.983772494284e+00,7.812500250012e-02,9.174526770612e-02
-6.983713634879e+00,5.826130381149e+00,8.395991985407e-02
-6.983474303766e+00,3.769816724719e+00,8.973483724936e-02
-6.983367852721e+00,1.093750035002e-01,9.174529111651e-02
-6.983242992649e+00,5.429735873488e+00,8.582912720932e-02
-6.983108988383e+00,3.306941747715e+00,9.028890956347e-02
-6.982977642663e+00,2.279808558920e+00,9.111650263171e-02
-6.982963211159e+00,1.406250045003e-01,9.174504988959e-02
-6.982558569596e+00,1.718750055004e-01,9.174465923351e-02
-6.982499126237e+00,5.302662589294e+00,8.631375960509e-02
-6.982256824591e+00,1.855102329275e+00,9.134194296092e-02
-6.982153928034e+00,2.031250065004e-01,9.174397400723e-02
-6.982048553110e+00,1.298353820684e+00,9.155480656830e-02
-6.982032401679e+00,4.936062245319e+00,8.746945684890e-02
-6.981749286471e+00,2.343750075005e-01,9.174313494552e-02
-6.981432017960e+00,3.980651957903e+00,8.943827490832e-02
-6.981344644908e+00,2.656250085005e-01,9.174203944209e-02
-6.980940003346e+00,2.968750095005e-01,9.174075130297e-02
-6.980752544190e+00,6.323821794090e+00,8.038968879076e-02
-6.980641802132e+00,5.557262509994e+00,8.531053518444e-02
-6.980627979172e+00,1.068682055886e+00,9.162079170701e-02
-6.980535361783e+00,3.281250105004e-01,9.173924509892e-02
-6.980130720220e+00,3.593750115003e-01,9.173748995220e-02
-6.979874808382e+00,2.956798287690e+00,9.063103396941e-02
-6.979836289156e+00,2.858444108670e+00,9.071440953476e-02
-6.979726078658e+00,3.906250125003e-01,9.173550610832e-02
-6.979715130669e+00,5.755573513132e+00,8.436732635812e-02
-6.979321437095e+00,4.218750135002e-01,9.173328194640e-02
-6.979154612090e+00,4.472336499907e+00,8.857900202510e-02
-6.979137245168e+00,6.399581996509e+00,7.966927813812e-02
-6.978916795533e+00,4.531250145001e-01,9.173088741184e-02
-6.978896171754e+00,2.422344135448e+00,9.103580878357e-02
-6.978893553324e+00,4.416196564246e+00,8.869185867761e-02
-6.978858644852e+00,4.528579384404e+00,8.846391414484e-02
-6.978755533791e+00,3.560484594252e+00,9.001414293377e-02
-6.978702118498e+00,6.885436310871e+00,7.265336229174e-02
-6.978684968959e+00,3.055438101551e+00,9.054561584944e-02
-6.978591290063e+00,2.760394542773e+00,9.079577623801e-02
-6.978555857922e+00,1.529014795306e+00,9.148342714706e-02
-6.978512153970e+00,4.843750155000e-01,9.172820910428e-02
-6.978467477215e+00,5.176102034874e+00,8.676698787365e-02
-6.978080508753e+00,4.360164357835e+00,8.880252988946e-02
-6.978000647541e+00,4.584920395061e+00,8.834653000844e-02
-6.977865833474e+00,1.714653659626e+00,9.141170110329e-02
-6.977852474679e+00,6.477024760009e+00,7.885699789378e-02
-6.977701255253e+00,5.156250165000e-01,9.172605445488e-02
-6.977327462310e+00,3.406565522306e+00,9.019541747875e-02
-6.977270797011e+00,7.319151672192e+00,5.867553899698e-02
-6.976920613071e+00,4.993059030760e+00,8.733101030608e-02
-6.976829914014e+00,7.141176890160e+00,6.603002982532e-02
-6.976722290806e+00,3.715170434441e+00,8.982517992054e-02
-6.976720554459e+00,4.304244618410e+00,8.891106071752e-02
-6.976575652755e+00,4.641354666847e+00,8.822612504507e-02
-6.976536341203e+00,3.925520571869e+00,8.953417728127e-02
-6.976484099382e+00,5.468750175001e-01,9.172429975988e-02
-6.976245163521e+00,3.154344204986e+00,9.045812201314e-02
-6.976161956221e+00,2.662668195689e+00,9.087509515345e-02
-6.975941315487e+00,1.344163312038e+00,9.155114126067e-02
-6.975834775189e+00,6.554757165977e+00,7.796806996345e-02
-6.975500037605e+00,2.042053883625e+00,9.126304239350e-02
-6.975463902352e+00,1.114446159641e+00,9.161802418363e-02
-6.975266943511e+00,5.781250185001e-01,9.172236776527e-02
-6.975118035004e+00,2.183652178225e+00,9.118732617707e-02
-6.974818802147e+00,4.248442040657e+00,8.901749548692e-02
-6.974639203088e+00,5.685182163885e+00,8.475482531045e-02
-6.974578730039e+00,4.697877292740e+00,8.810329176191e-02
-6.974049787640e+00,6.093750195002e-01,9.172020115976e-02
-6.973778479909e+00,1.900987380935e+00,9.133604159264e-02
-6.973315270267e+00,5.360120861847e+00,8.614954480867e-02
-6.973255616966e+00,7.464321596277e+00,4.979669750072e-02
-6.973176359431e+00,7.534457186403e+00,4.366030451782e-02
-6.973080151433e+00,6.632772764573e+00,7.699118823257e-02
-6.972841269205e+00,6.964647597880e+00,7.106037417948e-02
-6.972832631769e+00,6.406250205002e-01,9.171781377491e-02
-6.972824162441e+00,7.394367210507e+00,5.468708921804e-02
-6.972590178383e+00,5.487330514706e+00,8.565408580325e-02
-6.972584632923e+00,7.604770652543e+00,3.573320359682e-02
-6.972581436529e+00,2.325735975239e+00,9.110884546399e-02
-6.972570692787e+00,2.565283298210e+00,9.095226350553e-02
-6.972534062448e+00,3.253496887923e+00,9.036851998734e-02
-6.972380398687e+00,4.192761276158e+00,8.912187779002e-02
-6.972004986025e+00,4.754483324279e+00,8.797797805871e-02
-6.971615475897e+00,6.718750215003e-01,9.171523445890e-02
-6.971487266381e+00,1.574838370109e+00,9.147884426874e-02
-6.971478700825e+00,7.675258653596e+00,2.509904828825e-02
-6.971246481084e+00,6.025735365075e+00,8.283653953527e-02
-6.971206229024e+00,5.050112614758e+00,8.718973423229e-02
-6.971133606775e+00,3.870536962318e+00,8.962826483864e-02
-6.971055114587e+00,6.096769878752e+00,8.234517033109e-02
-6.970727487885e+00,5.233397005461e+00,8.661303803999e-02
-6.970398320026e+00,7.031250225004e-01,9.171234884934e-02
-6.970324894873e+00,5.954827738739e+00,8.330178512361e-02
-6.970218432672e+00,3.506383233917e+00,9.009924030294e-02
-6.970117336698e+00,1.160188575674e+00,9.161507991008e-02
-6.970005319912e+00,1.760497657972e+00,9.140637143488e-02
-6.969856846905e+00,7.745917835821e+00,1.008772037616e-02
-6.969741664690e+00,6.167921081583e+00,8.182583923370e-02
-6.969650104268e+00,1.389945233382e+00,9.154729720832e-02
-6.969584662155e+00,6.711065065282e+00,7.591271133971e-02
-6.969482891988e+00,3.660688091139e+00,8.991381615871e-02
-6.969410525830e+00,4.137206933059e+00,8.922425048596e-02
-6.969181164155e+00,7.343750235004e-01,9.170941369291e-02
-6.968849564901e+00,4.811167771625e+00,8.785013093949e-02
-6.968564947484e+00,7.221242318482e+00,6.344609902913e-02
-6.968495364973e+00,5.614966150626e+00,8.512374288085e-02
-6.968299566015e+00,5.884057120679e+00,8.374113928893e-02
-6.967964008284e+00,7.656250245004e-01,9.170597321992e-02
-6.967840159171e+00,2.468257702495e+00,9.102755331065e-02
-6.967530618926e+00,3.352876080877e+00,9.027677815737e-02
-6.967297080453e+00,6.239178698967e+00,8.127625477486e-02
-6.966746852413e+00,7.968750255003e-01,9.170246110597e-02
-6.966639266238e+00,2.904374839925e+00,9.070423197180e-02
-6.966223452749e+00,7.044108399047e+00,6.925204857239e-02
-6.966203499624e+00,2.087920344582e+00,9.125637465718e-02
-6.966173684234e+00,3.002728572569e+00,9.062042731668e-02
-6.965914399922e+00,4.081783575706e+00,8.932465570069e-02
-6.965891631975e+00,2.806317823063e+00,9.078602541748e-02
-6.965529696542e+00,8.281250265002e-01,9.169887828855e-02
-6.965344420309e+00,6.789627537521e+00,7.471602680749e-02
-6.965229192459e+00,3.815705483535e+00,8.972057515999e-02
-6.965180815592e+00,2.229528833867e+00,9.118007126752e-02
-6.965179783252e+00,5.813433554079e+00,8.415845971008e-02
-6.965112067971e+00,1.946830009888e+00,9.132995425344e-02
-6.965107648830e+00,4.867925603658e+00,8.771969650928e-02
-6.964884593817e+00,5.107217793455e+00,8.704556891907e-02
-6.964588417752e+00,1.205908192399e+00,9.161195861195e-02
-6.964473123110e+00,3.101359910044e+00,9.053457817443e-02
-6.964312540671e+00,8.593750275001e-01,9.169476029608e-02
-6.964233407504e+00,1.620628382544e+00,9.147407945238e-02
-6.963952812635e+00,2.708576262715e+00,9.086582171516e-02
-6.963712391106e+00,6.310532380689e+00,8.069387130065e-02
-6.963497823633e+00,5.417601485820e+00,8.598184550559e-02
-6.963175090826e+00,1.435698464445e+00,9.154327409262e-02
-6.963095384800e+00,8.906250285001e-01,9.169054601457e-02
-6.962364672808e+00,5.290726427200e+00,8.645557458633e-02
-6.961993263340e+00,2.371608877909e+00,9.110099678141e-02
-6.961958203516e+00,1.806303133642e+00,9.140085762519e-02
-6.961897271571e+00,4.026495724384e+00,8.942313482765e-02
-6.961878228929e+00,9.218750295000e-01,9.168626136179e-02
-6.961761607338e+00,3.606373879492e+00,9.000078200070e-02
-6.961516093765e+00,3.200249375786e+00,9.044665185503e-02
-6.961293205258e+00,5.544935210840e+00,8.547529219515e-02
-6.961214075286e+00,3.452461357179e+00,9.018273606544e-02
-6.960974913390e+00,5.742967003814e+00,8.455525579485e-02
-6.960845102043e+00,2.611168525398e+00,9.094340371323e-02
-6.960774458010e+00,4.924751748681e+00,8.758661997092e-02
-6.960661073058e+00,9.531250305000e-01,9.168150644761e-02
-6.960355593234e+00,6.868453611270e+00,7.338069543411e-02
-6.960091602314e+00,6.383385706602e+00,8.004928874217e-02
-6.959531334326e+00,7.301536222855e+00,6.040601267067e-02
-6.959443917187e+00,9.843750315000e-01,9.167658523050e-02
-6.958921081054e+00,6.460695398946e+00,7.927202725367e-02
-6.958877287792e+00,1.251603899324e+00,9.160866000491e-02
-6.958845008192e+00,7.123812021865e+00,6.718176802237e-02
-6.958828508536e+00,3.761030444778e+00,8.981114518824e-02
-6.957951091313e+00,5.164369323247e+00,8.689845367680e-02
-6.957364425145e+00,3.971347855375e+00,8.951925833941e-02
-6.957281387019e+00,3.299377130215e+00,9.035661641788e-02
-6.957018546226e+00,6.538295526650e+00,7.842271451043e-02
-6.956794489218e+00,1.666383704447e+00,9.146913228672e-02
-6.956717797089e+00,2.133739263084e+00,9.124951862820e-02
-6.956591050374e+00,2.514112601137e+00,9.101910452848e-02
-6.956516453359e+00,1.481421885995e+00,9.153907158577e-02
-6.956504478986e+00,4.461929123139e+00,8.867484772736e-02
-6.956399079629e+00,1.022813989587e+00,9.167291117346e-02
-6.956375811082e+00,4.518054987109e+00,8.856180908812e-02
-6.956257850719e+00,1.992629071165e+00,9.132368048570e-02
-6.956078063484e+00,4.405907352915e+00,8.878570899666e-02
-6.955845251109e+00,4.981641094500e+00,8.745084562171e-02
-6.955717007102e+00,7.516563960882e+00,4.691219048590e-02
-6.955708642125e+00,7.446514293374e+00,5.237269052805e-02
-6.955694400798e+00,5.672667355728e+00,8.493290424802e-02
-6.955687048691e+00,4.574280133961e+00,8.844654803591e-02
-6.955213322864e+00,7.586791934539e+00,3.996619848530e-02
-6.955189986947e+00,7.376646258301e+00,5.677776386067e-02
-6.955101611712e+00,4.349994444995e+00,8.889443724756e-02
-6.955053155644e+00,2.275353908323e+00,9.117262620284e-02
-6.955042787141e+00,1.562500050003e-02,9.179326749737e-02
-6.954643172182e+00,4.687500150008e-02,9.179368365229e-02
-6.954614403435e+00,6.947536677057e+00,7.188128193915e-02
-6.954433217329e+00,4.630599710436e+00,8.832867829022e-02
-6.954379997132e+00,6.616179646095e+00,7.749136018560e-02
-6.954243557222e+00,7.812500250012e-02,9.179387898211e-02
-6.954195850691e+00,7.657194875291e+00,3.083428470357e-02
-6.953843942263e+00,1.093750035002e-01,9.179388751458e-02
-6.953724722470e+00,1.852068950384e+00,9.139515923347e-02
-6.953580206619e+00,4.294195125217e+00,8.900107613726e-02
-6.953563968081e+00,3.552231938205e+00,9.008611282153e-02
-6.953444327304e+00,1.406250045003e-01,9.179364188134e-02
-6.953374544040e+00,5.348084928261e+00,8.629480031477e-02
-6.953364361779e+00,6.083725830417e+00,8.258854498003e-02
-6.953342325324e+00,6.012775993156e+00,8.306586275866e-02
-6.953244179191e+00,2.950233317552e+00,9.069385271461e-02
-6.953044712344e+00,1.718750055004e-01,9.179324280857e-02
-6.953042388527e+00,5.475099001491e+00,8.581058523045e-02
-6.952995171688e+00,2.852172015283e+00,9.077607417592e-02
-6.952984095848e+00,1.297274586956e+00,9.160518379482e-02
-6.952662872235e+00,7.727769431430e+00,1.829357659849e-02
-6.952645097385e+00,2.031250065004e-01,9.179255604228e-02
-6.952609379383e+00,4.687008821240e+00,8.820810098631e-02
-6.952321178547e+00,3.916344400488e+00,8.961356661457e-02
-6.952273282309e+00,3.048583397265e+00,9.060961779588e-02
-6.952266052513e+00,6.154793793832e+00,8.208447521003e-02
-6.952245482426e+00,2.343750075005e-01,9.179172199364e-02
-6.952209082566e+00,5.941954469624e+00,8.351746038335e-02
-6.951936997467e+00,3.706516109997e+00,8.990001122841e-02
-6.951845867466e+00,2.656250085005e-01,9.179062083688e-02
-6.951748078750e+00,3.398722975916e+00,9.026444084566e-02
-6.951548176243e+00,2.754418365493e+00,9.085631551808e-02
-6.951518966706e+00,4.238514076327e+00,8.910566862636e-02
-6.951446252507e+00,2.968750095005e-01,9.178934477954e-02
-6.951436341008e+00,1.068432017857e+00,9.167032814024e-02
-6.951213458747e+00,2.417426098516e+00,9.109295610524e-02
-6.951046637548e+00,3.281250105004e-01,9.178783516154e-02
-6.951001487044e+00,6.694341272949e+00,7.646555906343e-02
-6.950702330706e+00,7.203751735900e+00,6.478841861108e-02
-6.950647022588e+00,3.593750115003e-01,9.178609941994e-02
-6.950612689788e+00,7.798512238541e+00,6.608629201018e-06
-6.950401145257e+00,5.221561921093e+00,8.674809372850e-02
-6.950315325702e+00,5.038588488526e+00,8.731231685012e-02
-6.950247407629e+00,3.906250125003e-01,9.178411531512e-02
-6.950210634264e+00,4.743502529595e+00,8.808510584853e-02
-6.950060834759e+00,3.147203011928e+00,9.052333657399e-02
-6.950038337801e+00,6.225969619359e+00,8.155149886377e-02
-6.949973852221e+00,5.871271370085e+00,8.394496921654e-02
-6.949847792669e+00,4.218750135002e-01,9.178191789992e-02
-6.949674376859e+00,1.527114380030e+00,9.153468935092e-02
-6.949448177710e+00,4.531250145001e-01,9.177952523844e-02
-6.949347766708e+00,5.602544416166e+00,8.529266347043e-02
-6.949170726299e+00,1.712103209039e+00,9.146400235151e-02
-6.949048562751e+00,4.843750155000e-01,9.177688080461e-02
-6.948925374379e+00,2.656990870180e+00,9.093434888853e-02
-6.948923045563e+00,4.182955937926e+00,8.920825697701e-02
-6.948247737310e+00,5.156250165000e-01,9.177473634815e-02
-6.948117128687e+00,7.026870086660e+00,7.018572890470e-02
-6.947232118859e+00,4.800075857300e+00,8.795964167860e-02
-6.947216097071e+00,2.038383421380e+00,9.131721982493e-02
-6.947045701388e+00,5.468750175001e-01,9.177295971504e-02
-6.947043223146e+00,2.179509487598e+00,9.124247383085e-02
-6.946908997736e+00,1.342919146491e+00,9.160152967779e-02
-6.946879123398e+00,6.772773882773e+00,7.533027570258e-02
-6.946772882980e+00,3.861489746595e+00,8.970610105880e-02
-6.946672238022e+00,6.297242967289e+00,8.098722677656e-02
-6.946645931625e+00,5.800736727008e+00,8.435131563098e-02
-6.946585466751e+00,3.246072553766e+00,9.043497684912e-02
-6.946293225524e+00,1.114029722993e+00,9.166756916860e-02
-6.945843665465e+00,5.781250185001e-01,9.177103327485e-02
-6.945797631589e+00,4.127525306138e+00,8.930888275175e-02
-6.945305121843e+00,1.897793973560e+00,9.138927581103e-02
-6.945149206388e+00,2.559907656008e+00,9.101046196412e-02
-6.944895536249e+00,3.498266359841e+00,9.016984333627e-02
-6.944735372992e+00,2.321126242155e+00,9.116499050150e-02
-6.944641629543e+00,6.093750195002e-01,9.176883967147e-02
-6.944560133609e+00,3.652166697452e+00,8.998720894715e-02
-6.944180018422e+00,5.095588738312e+00,8.717097613197e-02
-6.943752654617e+00,5.405467098151e+00,8.613064323004e-02
-6.943669007964e+00,4.856723784832e+00,8.783165643046e-02
-6.943439593620e+00,6.406250205002e-01,9.176646494212e-02
-6.942649053145e+00,1.572774829582e+00,9.153012704238e-02
-6.942237557698e+00,6.718750215003e-01,9.176386071148e-02
-6.942234696111e+00,5.730360494497e+00,8.473792907308e-02
-6.942230219380e+00,5.278790265105e+00,8.659385805481e-02
-6.942158854695e+00,6.368603422309e+00,8.038867938892e-02
-6.942147947705e+00,4.072226733246e+00,8.940758681283e-02
-6.942009067970e+00,6.851470911669e+00,7.406710819755e-02
-6.941944608384e+00,5.532607911685e+00,8.563568611228e-02
-6.941826090065e+00,3.345172055084e+00,9.034450723285e-02
-6.941791871642e+00,7.283920773519e+00,6.199027975515e-02
-6.941362340377e+00,1.757785770912e+00,9.145868921764e-02
-6.941035521775e+00,7.031250225004e-01,9.176097109421e-02
-6.940969860333e+00,1.159606006514e+00,9.166463399071e-02
-6.940860102370e+00,7.106447153571e+00,6.825305142234e-02
-6.940724922429e+00,3.806788235723e+00,8.979689818635e-02
-6.940652156010e+00,1.388536470199e+00,9.159769734038e-02
-6.940242365544e+00,2.463186470583e+00,9.108472295448e-02
-6.939989687428e+00,6.444366037883e+00,7.966915269044e-02
-6.939902333741e+00,2.897955921780e+00,9.076592199227e-02
-6.939833485853e+00,7.343750235004e-01,9.175805367131e-02
-6.939651471934e+00,2.996018336097e+00,9.068327126540e-02
-6.939516514340e+00,4.913441252042e+00,8.770109720859e-02
-6.938948452535e+00,2.800193314280e+00,9.084659006313e-02
-6.938631449931e+00,7.656250245004e-01,9.175464060528e-02
-6.938257654772e+00,7.498670735360e+00,4.979670025554e-02
-6.938202317262e+00,6.521833887322e+00,7.885687988877e-02
-6.938174065967e+00,3.094361549296e+00,9.059860493837e-02
-6.938161667284e+00,7.428706990471e+00,5.468709057697e-02
-6.937987082904e+00,2.084091918815e+00,9.131057180004e-02
-6.937979251020e+00,4.017064727437e+00,8.950412835354e-02
-6.937842012806e+00,7.568813216535e+00,4.366030860260e-02
-6.937555811452e+00,7.358925306095e+00,5.867560867340e-02
-6.937434705411e+00,5.152636611619e+00,8.702676502628e-02
-6.937429414008e+00,7.968750255003e-01,9.175110510503e-02
-6.937180077922e+00,2.225229868505e+00,9.123523978416e-02
-6.936913000558e+00,7.639131096986e+00,3.573320870488e-02
-6.936811896538e+00,2.702749150860e+00,9.092509857241e-02
-6.936749598509e+00,5.660152547571e+00,8.510611514451e-02
-6.936703422894e+00,3.597986379417e+00,9.007277337299e-02
-6.936699653578e+00,1.943477070202e+00,9.138320690144e-02
-6.936387537665e+00,6.930425756234e+00,7.265328997125e-02
-6.936227378086e+00,8.281250265002e-01,9.174749451855e-02
-6.935761904380e+00,3.444481190503e+00,9.025189732641e-02
-6.935679842831e+00,6.599586527616e+00,7.796795997140e-02
-6.935673608970e+00,6.070681782082e+00,8.282428701832e-02
-6.935468897565e+00,7.709621027040e+00,2.509905353897e-02
-6.935466379312e+00,1.205159770473e+00,9.166152232864e-02
-6.935448587198e+00,3.192966187345e+00,9.051189061507e-02
-6.935440680865e+00,1.618402118710e+00,9.152538430582e-02
-6.935438169564e+00,5.999816621238e+00,8.328817584699e-02
-6.935025342163e+00,8.593750275002e-01,9.174346937105e-02
-6.934790440335e+00,6.141666506081e+00,8.233478447966e-02
-6.934769889147e+00,4.970223158240e+00,8.756791026629e-02
-6.934227792405e+00,2.366844678313e+00,9.115716367837e-02
-6.934213739968e+00,1.434125451387e+00,9.159368645965e-02
-6.934182713307e+00,3.752244164837e+00,8.988599389964e-02
-6.934093270258e+00,5.929081200508e+00,8.372674904369e-02
-6.933892977312e+00,4.507530589813e+00,8.865762751432e-02
-6.933854345882e+00,4.451521746370e+00,8.876867706077e-02
-6.933823306241e+00,8.906250285001e-01,9.173923644694e-02
-6.933514995343e+00,2.605641694127e+00,9.100162514448e-02
-6.933508003991e+00,7.780279644309e+00,1.008772342975e-02
-6.933494598671e+00,5.462867488275e+00,8.596303005108e-02
-6.933433817814e+00,5.336048994675e+00,8.643640584929e-02
-6.933373449841e+00,4.563639872861e+00,8.854440888369e-02
-6.933369559939e+00,1.803430265998e+00,9.145319244739e-02
-6.933296832331e+00,3.962043752848e+00,8.959865674157e-02
-6.933262573643e+00,4.395618141584e+00,8.887760116125e-02
-6.932839713929e+00,7.186261153318e+00,6.602999659508e-02
-6.932779595148e+00,6.212760539752e+00,8.181764022454e-02
-6.932621270319e+00,9.218750295000e-01,9.173492867342e-02
-6.932418311932e+00,6.677617480615e+00,7.699108688383e-02
-6.932290781902e+00,4.619844754025e+00,8.842897687775e-02
-6.932122714670e+00,4.339824532155e+00,8.898444279693e-02
-6.931648138427e+00,5.858485619492e+00,8.414290628061e-02
-6.931453785655e+00,3.291812512714e+00,9.042309660476e-02
-6.931419234396e+00,9.531250305000e-01,9.173028204864e-02
-6.930640028727e+00,4.676140349740e+00,8.831061328512e-02
-6.930439858780e+00,4.284145632024e+00,8.908924428835e-02
-6.930217198474e+00,9.843750315000e-01,9.172534685147e-02
-6.930200168444e+00,5.590122681705e+00,8.545706885463e-02
-6.930074802629e+00,5.209726836725e+00,8.687962417056e-02
-6.930010804624e+00,7.009631774274e+00,7.106031399451e-02
-6.929782922997e+00,1.250689918005e+00,9.165823389444e-02
-6.929632084939e+00,6.283953553888e+00,8.127060947174e-02
-6.929424422381e+00,5.027064362295e+00,8.743204100407e-02
-6.929080333628e+00,2.508888829757e+00,9.107629684646e-02
-6.928571091058e+00,2.129753423419e+00,9.130373593372e-02
-6.928416282502e+00,4.732521734910e+00,8.818986591015e-02
-6.928413826487e+00,6.755920228026e+00,7.591261933208e-02
-6.928372402370e+00,3.543979282159e+00,9.015673889718e-02
-6.928219131265e+00,4.228586111996e+00,8.919204729240e-02
-6.928112079998e+00,5.788039899938e+00,8.453872536936e-02
-6.928106015891e+00,3.907168229108e+00,8.969141485166e-02
-6.928049465457e+00,1.663995132762e+00,9.152046077844e-02
-6.927908576551e+00,1.989117108731e+00,9.137695204087e-02
-6.927593925646e+00,1.479684984388e+00,9.158949670336e-02
-6.927188720837e+00,1.022730602638e+00,9.172166682731e-02
-6.927151704128e+00,3.697861785554e+00,8.997342348771e-02
-6.927128668625e+00,2.270899257725e+00,9.122781600242e-02
-6.926613550001e+00,2.943668347414e+00,9.075556834934e-02
-6.926168695191e+00,3.390880429527e+00,9.033219209156e-02
-6.926154054219e+00,2.845899921896e+00,9.083666446779e-02
-6.925861595660e+00,3.041728692980e+00,9.067248713248e-02
-6.925614672816e+00,4.788983942974e+00,8.806671142606e-02
-6.925503796873e+00,1.562500050003e-02,9.184114348651e-02
-6.925465692439e+00,4.173150599694e+00,8.929289279989e-02
-6.925339002310e+00,6.355235143630e+00,8.069120087278e-02
-6.925192620350e+00,1.849035571492e+00,9.144751159465e-02
-6.925109208517e+00,4.687500150008e-02,9.184154302528e-02
-6.924714620161e+00,7.812500250012e-02,9.184172722181e-02
-6.924505062424e+00,2.748442188212e+00,9.091565230822e-02
-6.924320031805e+00,1.093750035002e-01,9.184172144681e-02
-6.924052408958e+00,7.266305324182e+00,6.344608176612e-02
-6.924007485601e+00,5.393332710483e+00,8.627566802125e-02
-6.923925443448e+00,1.406250045003e-01,9.184147156520e-02
-6.923919638586e+00,1.296195353228e+00,9.165476839020e-02
-6.923876505997e+00,3.140061818871e+00,9.058738828404e-02
-6.923662542707e+00,6.834488212067e+00,7.471594491404e-02
-6.923530855092e+00,1.718750055004e-01,9.184106048573e-02
-6.923530745739e+00,2.412508061584e+00,9.114914524522e-02
-6.923494478832e+00,5.717753985179e+00,8.491556113494e-02
-6.923475443026e+00,5.083959683169e+00,8.729343396765e-02
-6.923136266736e+00,2.031250065004e-01,9.184037635068e-02
-6.922875196547e+00,7.089082285276e+00,6.925200160074e-02
-6.922741678380e+00,2.343750075005e-01,9.183954722955e-02
-6.922596011510e+00,5.520280612530e+00,8.579188619620e-02
-6.922412159184e+00,3.852442530872e+00,8.978243876159e-02
-6.922347090024e+00,2.656250085005e-01,9.183844094003e-02
-6.922244702845e+00,1.068181979827e+00,9.171909183172e-02
-6.922230367099e+00,4.845521966006e+00,8.794109954389e-02
-6.922184737348e+00,4.117843679217e+00,8.939182113358e-02
-6.922095765951e+00,5.266854103010e+00,8.672873920977e-02
-6.921952501668e+00,2.968750095005e-01,9.183717669650e-02
-6.921688792538e+00,2.651313544671e+00,9.099259359700e-02
-6.921557913312e+00,3.281250105004e-01,9.183566422241e-02
-6.921163324956e+00,3.593750115003e-01,9.183394742988e-02
-6.921058293803e+00,6.428036676820e+00,8.004916536825e-02
-6.920798302442e+00,7.480777509839e+00,5.237269327031e-02
-6.920792895795e+00,1.525213964754e+00,9.158512773009e-02
-6.920768736600e+00,3.906250125003e-01,9.183196363917e-02
-6.920636871054e+00,3.238648219609e+00,9.050023987574e-02
-6.920614692443e+00,7.410899687568e+00,5.677776520329e-02
-6.920475619124e+00,1.709552758453e+00,9.151535608919e-02
-6.920470702748e+00,7.550834498531e+00,4.691219461204e-02
-6.920374148244e+00,4.218750135002e-01,9.182979232670e-02
-6.919979559888e+00,4.531250145001e-01,9.182740215649e-02
-6.919921635957e+00,7.341204353889e+00,6.040608123432e-02
-6.919637375231e+00,3.643645303765e+00,9.005922162530e-02
-6.919630150424e+00,7.621067318682e+00,3.996620380997e-02
-6.919584971532e+00,4.843750155000e-01,9.182479076994e-02
-6.919572639826e+00,3.490149485764e+00,9.023913927521e-02
-6.919386088299e+00,6.505372247995e+00,7.927191125803e-02
-6.918968411288e+00,2.175366796971e+00,9.129671174281e-02
-6.918932156537e+00,2.034712959134e+00,9.137051075837e-02
-6.918794219367e+00,5.156250165000e-01,9.182263258690e-02
-6.918381495488e+00,4.062669890787e+00,8.948878739673e-02
-6.918274922895e+00,7.691472622650e+00,3.083429064674e-02
-6.918258570671e+00,4.902130755403e+00,8.781297917438e-02
-6.918160671895e+00,6.913314835411e+00,7.338062451101e-02
-6.917982856161e+00,6.057637733747e+00,8.305274707382e-02
-6.917876679985e+00,1.341674980945e+00,9.165112550822e-02
-6.917804796219e+00,5.647637739415e+00,8.527465271446e-02
-6.917727719989e+00,2.554532013807e+00,9.106767729740e-02
-6.917607303393e+00,5.468750175001e-01,9.182085918182e-02
-6.917534013804e+00,5.986857249320e+00,8.350369107857e-02
-6.917314828158e+00,6.128539218330e+00,8.257715960046e-02
-6.917122548696e+00,1.113613286345e+00,9.171634144441e-02
-6.916979688531e+00,6.582993409138e+00,7.842260643987e-02
-6.916918319509e+00,5.140903899991e+00,8.715203284575e-02
-6.916889309455e+00,2.316516509072e+00,9.122020199555e-02
-6.916831763778e+00,1.894600566185e+00,9.144164620516e-02
-6.916420387419e+00,5.781250185001e-01,9.181893330928e-02
-6.916403318195e+00,7.762047050077e+00,1.829358161944e-02
-6.916220652399e+00,3.797870987912e+00,8.987176396351e-02
-6.916121561203e+00,3.337468029291e+00,9.041101074535e-02
-6.915977457951e+00,5.916207931392e+00,8.392992717833e-02
-6.915520852496e+00,6.199551460144e+00,8.207511956549e-02
-6.915233471446e+00,6.093750195002e-01,9.181671933239e-02
-6.914977097151e+00,7.168770570736e+00,6.718173543859e-02
-6.914061230470e+00,4.007633730489e+00,8.958353522381e-02
-6.914046555472e+00,6.406250205002e-01,9.181435706893e-02
-6.914013655092e+00,7.832787227966e+00,6.608629145537e-06
-6.913946808815e+00,5.450635975059e+00,8.611157428737e-02
-6.913835136820e+00,6.660893688282e+00,7.749126065231e-02
-6.913810839908e+00,1.570711289055e+00,9.158057918941e-02
-6.913694527185e+00,4.958805221979e+00,8.768229842773e-02
-6.913493091587e+00,5.324013061088e+00,8.657449608477e-02
-6.913322424633e+00,5.845699868898e+00,8.433519933820e-02
-6.913165401245e+00,2.891537003634e+00,9.082653819763e-02
-6.913129259634e+00,2.989308099625e+00,9.074501273466e-02
-6.912859639498e+00,6.718750215003e-01,9.181172961338e-02
-6.912719360842e+00,1.755073883853e+00,9.151006985900e-02
-6.912644571918e+00,2.458115238671e+00,9.114093471126e-02
-6.912591931855e+00,6.270664140488e+00,8.154451558024e-02
-6.912005273096e+00,2.794068805497e+00,9.090600964237e-02
-6.911904480562e+00,6.992393461887e+00,7.188122293336e-02
-6.911875008824e+00,3.087363188548e+00,9.066149983117e-02
-6.911822383967e+00,1.159023437354e+00,9.171341539429e-02
-6.911672723524e+00,7.031250225004e-01,9.180883677806e-02
-6.911654207753e+00,1.387127707016e+00,9.164730493105e-02
-6.911645238449e+00,3.589598879342e+00,9.014342237276e-02
-6.911410143542e+00,4.497006192518e+00,8.875143453911e-02
-6.911204212779e+00,4.441114369602e+00,8.886055282523e-02
-6.911059850991e+00,4.552999611761e+00,8.864019859002e-02
-6.911052570180e+00,5.577700947245e+00,8.561713576726e-02
-6.910485807551e+00,7.343750235004e-01,9.180588900765e-02
-6.910447083803e+00,4.385328930253e+00,8.896759574544e-02
-6.910309733474e+00,3.436501023827e+00,9.031967067040e-02
-6.910148346475e+00,4.609089797614e+00,8.852680206100e-02
-6.909948529577e+00,6.739066573278e+00,7.646546874418e-02
-6.909770666185e+00,2.080263493048e+00,9.136388257618e-02
-6.909748460001e+00,5.197891752357e+00,8.700778046741e-02
-6.909670980441e+00,2.696922039005e+00,9.098336685038e-02
-6.909578228371e+00,5.775343072867e+00,8.472091373168e-02
-6.909536918077e+00,3.743457884896e+00,8.995942536130e-02
-6.909381080630e+00,3.185682998905e+00,9.057596738235e-02
-6.909298891577e+00,7.656250245004e-01,9.180255066196e-02
-6.909229239516e+00,3.952739650320e+00,8.967651647753e-02
-6.909179340252e+00,2.220930903143e+00,9.128949873868e-02
-6.909143817629e+00,4.329654619315e+00,8.907260497209e-02
-6.908670678072e+00,4.665271878239e+00,8.841090311113e-02
-6.908533519059e+00,5.015540236063e+00,8.754900461346e-02
-6.908519149925e+00,6.341866864951e+00,8.098300861324e-02
-6.908287239185e+00,1.940124130516e+00,9.143559581676e-02
-6.908111975603e+00,7.968750255003e-01,9.179899372005e-02
-6.907299510941e+00,4.274096138831e+00,8.917562154854e-02
-6.906925059629e+00,8.281250265002e-01,9.179535754321e-02
-6.906647954227e+00,1.616175854876e+00,9.157585072211e-02
-6.906621930740e+00,4.721540940226e+00,8.829233555962e-02
-6.906462321470e+00,2.362080478717e+00,9.121239726957e-02
-6.906344340872e+00,1.204411348548e+00,9.171031340008e-02
-6.906312946273e+00,7.248689874846e+00,6.478840167127e-02
-6.906184888643e+00,2.600114862855e+00,9.105886382305e-02
-6.905738143656e+00,8.593750275002e-01,9.179142180551e-02
-6.905626184291e+00,3.284247895214e+00,9.048838394638e-02
-6.905316017443e+00,6.817505512466e+00,7.533019534626e-02
-6.905252389110e+00,1.432552438328e+00,9.164330633166e-02
-6.904919295824e+00,4.218658147666e+00,8.927668588556e-02
-6.904890290725e+00,7.071717416982e+00,7.018568285951e-02
-6.904780916363e+00,1.800557398355e+00,9.150460170104e-02
-6.904754261553e+00,5.705147475862e+00,8.508835547928e-02
-6.904551227682e+00,8.906250285001e-01,9.178717220402e-02
-6.904262316586e+00,5.381198322814e+00,8.641706028349e-02
-6.903997226774e+00,4.777892028649e+00,8.817142048351e-02
-6.903890853235e+00,3.897992057728e+00,8.976776679135e-02
-6.903364311708e+00,9.218750295000e-01,9.178284351379e-02
-6.903338950113e+00,7.462884284317e+00,5.468709329486e-02
-6.903293672223e+00,6.413149163767e+00,8.038767746008e-02
-6.903247414636e+00,5.507953313376e+00,8.594405316030e-02
-6.903180836660e+00,3.535726626113e+00,9.022605917646e-02
-6.903099392689e+00,7.532855780527e+00,4.979670438779e-02
-6.903067717602e+00,7.393092384665e+00,5.867560999683e-02
-6.902770867630e+00,5.072330628027e+00,8.741304424012e-02
-6.902366410789e+00,3.689207461111e+00,9.004545726862e-02
-6.902347300291e+00,7.603003540377e+00,4.366031404899e-02
-6.902287460463e+00,7.323483401683e+00,6.199034713974e-02
-6.902177395735e+00,9.531250305000e-01,9.177830122914e-02
-6.902008339315e+00,4.163345261462e+00,8.937583775818e-02
-6.901961312523e+00,5.254917940916e+00,8.686034110317e-02
-6.901569616882e+00,2.503665058378e+00,9.113253158369e-02
-6.901080948226e+00,7.673324218260e+00,3.573321508997e-02
-6.900990479761e+00,9.843750315000e-01,9.177335404536e-02
-6.900791726233e+00,4.834320147180e+00,8.804810926475e-02
-6.900688558201e+00,1.249775936686e+00,9.170703517037e-02
-6.900589311631e+00,3.383037883138e+00,9.039871890961e-02
-6.900569859336e+00,6.488910608667e+00,7.966903864462e-02
-6.900424385027e+00,2.125767583754e+00,9.135706701014e-02
-6.900292103353e+00,6.044593685413e+00,8.327425470805e-02
-6.899982920810e+00,2.937103377276e+00,9.081621072166e-02
-6.899933806124e+00,6.896203914588e+00,7.406703863282e-02
-6.899839215981e+00,6.115411930578e+00,8.281196892634e-02
-6.899629858045e+00,5.973897877402e+00,8.371227567992e-02
-6.899559302383e+00,1.985605146297e+00,9.142935995966e-02
-6.899449909010e+00,3.034873988694e+00,9.073425464144e-02
-6.899312936750e+00,2.839627828509e+00,9.089617012523e-02
-6.899304441696e+00,1.661606561077e+00,9.157094196035e-02
-6.899298632398e+00,7.743814455845e+00,2.509905983986e-02
-6.899204181606e+00,2.266444607128e+00,9.128209642763e-02
-6.898859993930e+00,5.635122931258e+00,8.543870153269e-02
-6.898671397933e+00,1.477948082782e+00,9.163912937358e-02
-6.898571843107e+00,4.108162052295e+00,8.947311630314e-02
-6.898279534230e+00,6.566400290659e+00,7.885677368220e-02
-6.898262109843e+00,6.186342380536e+00,8.232434969245e-02
-6.898051435388e+00,3.843395315149e+00,8.985732123943e-02
-6.897978362044e+00,1.022647215689e+00,9.176966918459e-02
-6.897861645644e+00,5.903334662276e+00,8.412725532817e-02
-6.897692177235e+00,3.132920625813e+00,9.065030888486e-02
-6.897461948604e+00,2.742466010931e+00,9.097394443529e-02
-6.897114480373e+00,7.151279988153e+00,6.825301947812e-02
-6.897000627001e+00,4.890820258764e+00,8.792235253080e-02
-6.896998669436e+00,7.814470882157e+00,1.008772699228e-02
-6.896660518229e+00,1.846002192601e+00,9.149895122102e-02
-6.896401933607e+00,5.129171188364e+00,8.727436301479e-02
-6.895964806604e+00,1.562500050003e-02,9.188827527444e-02
-6.895848032732e+00,2.407590024652e+00,9.120440132712e-02
-6.895575244851e+00,4.687500150008e-02,9.188865871150e-02
-6.895551778771e+00,6.257374727087e+00,8.180940901556e-02
-6.895251961708e+00,6.644169895948e+00,7.796786219898e-02
-6.895185683099e+00,7.812500250012e-02,9.188883210305e-02
-6.894996710839e+00,5.832914118305e+00,8.452208356512e-02
-6.894855181323e+00,1.295116119500e+00,9.170358040370e-02
-6.894796121346e+00,1.093750035002e-01,9.188881256549e-02
-6.894714616853e+00,3.635123910078e+00,9.012989340772e-02
-6.894688275358e+00,3.231223885452e+00,9.056434179340e-02
-6.894615043272e+00,4.053113048327e+00,8.956820210308e-02
-6.894452210696e+00,2.645636219163e+00,9.104985593935e-02
-6.894406559593e+00,1.406250045003e-01,9.188855858678e-02
-6.894399018959e+00,5.438404461843e+00,8.625636434701e-02
-6.894249743403e+00,3.482032611688e+00,9.030694266430e-02
-6.894016997840e+00,1.718750055004e-01,9.188813607629e-02
-6.893798156499e+00,6.975155149501e+00,7.265323211434e-02
-6.893627436087e+00,2.031250065004e-01,9.188745454711e-02
-6.893552365360e+00,5.311977127502e+00,8.670919922982e-02
-6.893237874335e+00,2.343750075005e-01,9.188662891235e-02
-6.893053064681e+00,1.067931941798e+00,9.176710225063e-02
-6.892848312582e+00,2.656250085005e-01,9.188551933649e-02
-6.892619165223e+00,4.947387285719e+00,8.779410015575e-02
-6.892458750829e+00,2.968750095005e-01,9.188426664605e-02
-6.892069189076e+00,3.281250105004e-01,9.188275183790e-02
-6.891911414731e+00,1.523313549479e+00,9.163477371099e-02
-6.891904971915e+00,5.565279212784e+00,8.577303193643e-02
-6.891780511949e+00,1.707002307867e+00,9.156585252787e-02
-6.891716382369e+00,3.788953740100e+00,8.994521433290e-02
-6.891699297541e+00,6.328498586272e+00,8.126494845650e-02
-6.891679627323e+00,3.593750115003e-01,9.188105355169e-02
-6.891483232666e+00,6.722212918531e+00,7.699099820234e-02
-6.891290065571e+00,3.906250125003e-01,9.187907061004e-02
-6.891044376744e+00,5.762646245796e+00,8.489809344269e-02
-6.890900503818e+00,4.218750135002e-01,9.187692477568e-02
-6.890893599431e+00,2.171224106344e+00,9.135006356993e-02
-6.890648216002e+00,2.031042496889e+00,9.142293815676e-02
-6.890510942065e+00,4.531250145001e-01,9.187453766968e-02
-6.890417032342e+00,3.329764003498e+00,9.047632243090e-02
-6.890306233590e+00,2.549156371606e+00,9.112393536834e-02
-6.890143209919e+00,3.998202733542e+00,8.966140591043e-02
-6.890121380312e+00,4.843750155000e-01,9.187195852923e-02
-6.889422117373e+00,5.186056667988e+00,8.713290584220e-02
-6.889340701423e+00,5.156250165000e-01,9.186978774412e-02
-6.889043245918e+00,2.311906775988e+00,9.127450431141e-02
-6.888927309772e+00,4.486481795222e+00,8.884329265969e-02
-6.888844362233e+00,1.340430815399e+00,9.169994878868e-02
-6.888746252140e+00,4.542359350661e+00,8.873398194539e-02
-6.888573483589e+00,7.231074425509e+00,6.602997997989e-02
-6.888554079675e+00,4.430706992834e+00,8.895053531309e-02
-6.888358405713e+00,1.891407158811e+00,9.149311801740e-02
-6.888168905398e+00,5.468750175001e-01,9.186801761377e-02
-6.888005911048e+00,4.598334841203e+00,8.862256156524e-02
-6.887951871868e+00,1.113196849697e+00,9.176436047062e-02
-6.887642615738e+00,5.004016109831e+00,8.766330126155e-02
-6.887631593962e+00,4.375039718922e+00,8.905575092166e-02
-6.886997109373e+00,5.781250185001e-01,9.186606347060e-02
-6.886969492179e+00,6.800522812865e+00,7.591254046743e-02
-6.886905384903e+00,7.054352548687e+00,7.106026885549e-02
-6.886701327416e+00,4.654403406739e+00,8.850898933123e-02
-6.886695822688e+00,6.399703498723e+00,8.068853052300e-02
-6.886607047334e+00,2.982597863153e+00,9.080568151326e-02
-6.886587054004e+00,3.581211379268e+00,9.021276690888e-02
-6.886428468749e+00,2.885118085488e+00,9.088610947350e-02
-6.886164920588e+00,4.319484706475e+00,8.915897990706e-02
-6.886014044274e+00,5.692540966544e+00,8.525650490921e-02
-6.885879597783e+00,7.444991058796e+00,5.677776788854e-02
-6.885825313348e+00,6.093750195002e-01,9.186385950293e-02
-6.885728082631e+00,7.514877062523e+00,5.237269738369e-02
-6.885575951681e+00,3.080364827800e+00,9.072329356946e-02
-6.885520742761e+00,7.375285081762e+00,6.040608253661e-02
-6.885161646701e+00,3.943435547793e+00,8.975288218560e-02
-6.885064450158e+00,7.584939762072e+00,4.691220011357e-02
-6.885062093656e+00,2.787944296714e+00,9.096432588512e-02
-6.885046778292e+00,2.453044006758e+00,9.119621366802e-02
-6.884972626671e+00,1.568647748528e+00,9.163023898898e-02
-6.884891122848e+00,3.734671604955e+00,9.003148001693e-02
-6.884857562568e+00,3.428520857151e+00,9.038622075290e-02
-6.884827578978e+00,4.710560145541e+00,8.839258885420e-02
-6.884653517323e+00,6.406250205002e-01,9.186149990347e-02
-6.884653284968e+00,7.305762449477e+00,6.344614793194e-02
-6.884517147570e+00,5.369063935146e+00,8.655495362271e-02
-6.884159163101e+00,4.264046645637e+00,8.926026209176e-02
-6.884076381308e+00,1.752361996793e+00,9.156058204022e-02
-6.883898817761e+00,5.495626014221e+00,8.609233970135e-02
-6.883886973556e+00,7.655175813869e+00,3.996621046584e-02
-6.883481721298e+00,6.718750215003e-01,9.185886043272e-02
-6.883313574063e+00,3.178399810464e+00,9.063891382605e-02
-6.882674907601e+00,1.158440868194e+00,9.176144357036e-02
-6.882656259495e+00,1.385718943833e+00,9.169614000407e-02
-6.882601350544e+00,6.031549637078e+00,8.348911997377e-02
-6.882530064344e+00,2.691094927150e+00,9.104065316315e-02
-6.882379780732e+00,4.766800114324e+00,8.827384574171e-02
-6.882363603803e+00,6.102284642827e+00,8.303955844314e-02
-6.882309925273e+00,7.031250225004e-01,9.185596511807e-02
-6.882193946602e+00,7.725581861612e+00,3.083429777858e-02
-6.882066292235e+00,5.060701572884e+00,8.752990421922e-02
-6.881826859094e+00,5.242981778821e+00,8.698861682332e-02
-6.881753630372e+00,6.472448969340e+00,8.004905320769e-02
-6.881725702285e+00,5.960938505483e+00,8.391479579134e-02
-6.881706940354e+00,6.879092993766e+00,7.471587666876e-02
-6.881619460384e+00,4.208730183336e+00,8.935963669475e-02
-6.881554249466e+00,2.076435067280e+00,9.141632992397e-02
-6.881178602582e+00,2.216631937781e+00,9.134287175957e-02
-6.881138129248e+00,7.343750235004e-01,9.185298904174e-02
-6.881003367190e+00,6.173133300928e+00,8.256571768093e-02
-6.879983683780e+00,7.796154536348e+00,1.829358747721e-02
-6.879966333223e+00,7.656250245004e-01,9.184972261830e-02
-6.879915191640e+00,5.622608123102e+00,8.559843668268e-02
-6.879874824791e+00,1.936771190830e+00,9.148710168173e-02
-6.879798582928e+00,3.276683277714e+00,9.055251108916e-02
-6.879745833336e+00,5.890461393160e+00,8.431897957192e-02
-6.879675690579e+00,3.888815886347e+00,8.984266557697e-02
-6.879579379929e+00,6.549807172180e+00,7.927180685993e-02
-6.879353085367e+00,4.823118328354e+00,8.815276543750e-02
-6.879251863596e+00,7.133789405571e+00,6.925197028620e-02
-6.878854781943e+00,2.594588031584e+00,9.111514557018e-02
-6.878794537198e+00,7.968750255003e-01,9.184614606637e-02
-6.878696850534e+00,2.357316279122e+00,9.126672188755e-02
-6.878550986191e+00,4.153539923230e+00,8.945714232791e-02
-6.878511625688e+00,6.244085313686e+00,8.206572399179e-02
-6.877989270949e+00,3.527473970067e+00,9.029400778823e-02
-6.877855227588e+00,1.613949591043e+00,9.162552484365e-02
-6.877622741173e+00,8.281250265002e-01,9.184248635289e-02
-6.877581117451e+00,3.680553136667e+00,9.011615166843e-02
-6.877254520150e+00,7.866890456798e+00,6.608629082802e-06
-6.877222302433e+00,1.203662926622e+00,9.175835126539e-02
-6.876670997045e+00,5.820128367711e+00,8.470378137800e-02
-6.876668786596e+00,6.627446103615e+00,7.842251037547e-02
-6.876450945148e+00,8.593750275002e-01,9.183863674093e-02
-6.876291038252e+00,1.430979425270e+00,9.169215371892e-02
-6.876192272785e+00,1.797684530711e+00,9.155513010504e-02
-6.875885547705e+00,5.117438476736e+00,8.739385664989e-02
-6.875742683331e+00,4.879509762125e+00,8.802930020169e-02
-6.875691832437e+00,6.957916837115e+00,7.338056777202e-02
-6.875279149123e+00,8.906250285001e-01,9.183437230843e-02
-6.875009928070e+00,3.375195336749e+00,9.046405494806e-02
-6.874958948866e+00,4.098480425374e+00,8.955265746091e-02
-6.874879445157e+00,6.315130307594e+00,8.153750887870e-02
-6.874851229103e+00,5.426172948627e+00,8.639753948610e-02
-6.874107353098e+00,9.218750295000e-01,9.183002477450e-02
-6.874058900137e+00,2.498441286998e+00,9.118783378976e-02
-6.873690711592e+00,3.834348099426e+00,8.993079019531e-02
-6.873611639133e+00,5.299941193916e+00,8.684063741097e-02
-6.873352291620e+00,2.930538407138e+00,9.087580866258e-02
-6.873038222361e+00,3.028019284409e+00,9.079495005103e-02
-6.873017935755e+00,6.705359263784e+00,7.749117355935e-02
-6.872935557073e+00,9.531250305000e-01,9.182558305262e-02
-6.872757373651e+00,5.552857478324e+00,8.592491664839e-02
-6.872510525117e+00,5.749949418726e+00,8.507046594199e-02
-6.872471819281e+00,2.833355735122e+00,9.095451073681e-02
-6.872277678997e+00,2.121781744089e+00,9.140953477049e-02
-6.871763761048e+00,9.843750315000e-01,9.182062575054e-02
-6.871594193405e+00,1.248861955367e+00,9.175508326099e-02
-6.871543803261e+00,4.935969349459e+00,8.790340158492e-02
-6.871507848473e+00,3.125779432756e+00,9.071212902618e-02
-6.871279694588e+00,2.261989956530e+00,9.133549107777e-02
-6.871210028216e+00,1.982093183863e+00,9.148090179900e-02
-6.870848591055e+00,4.043556205868e+00,8.964608316150e-02
-6.870834020905e+00,7.213458976173e+00,6.718171914663e-02
-6.870559417935e+00,1.659217989392e+00,9.162063090235e-02
-6.870418834785e+00,2.736489833651e+00,9.103125501288e-02
-6.870097973153e+00,6.386257833680e+00,8.097878304626e-02
-6.869791858475e+00,3.626602516391e+00,9.019926209455e-02
-6.869748870221e+00,1.476211181175e+00,9.168798959272e-02
-6.869095774745e+00,5.174221583620e+00,8.725510542558e-02
-6.868926846980e+00,3.473915737612e+00,9.037351594858e-02
-6.868920479081e+00,7.036987680393e+00,7.188117867873e-02
-6.868768003251e+00,1.022563828739e+00,9.181693711128e-02
-6.868739679661e+00,3.223799551295e+00,9.062731419748e-02
-6.868622966915e+00,6.783540113264e+00,7.646539132672e-02
-6.868420245453e+00,7.427097833274e+00,5.867561264369e-02
-6.868356772572e+00,7.496898344519e+00,5.468709737171e-02
-6.868165319724e+00,2.402671987719e+00,9.125874864995e-02
-6.868128416109e+00,1.842968813710e+00,9.154949632228e-02
-6.867973767920e+00,7.357477778859e+00,6.199034841963e-02
-6.867781600024e+00,7.566875983767e+00,4.979670989747e-02
-6.867273826995e+00,5.679934457226e+00,8.542019222221e-02
-6.867215628854e+00,2.639958893655e+00,9.110616169409e-02
-6.867212112338e+00,3.780036492288e+00,9.001728960976e-02
-6.867019109473e+00,7.288041497271e+00,6.478846659832e-02
-6.866751712417e+00,4.992491983599e+00,8.777502043096e-02
-6.866692998887e+00,7.637027409479e+00,4.366032085697e-02
-6.866444476001e+00,4.475957397927e+00,8.893326188346e-02
-6.866432653290e+00,4.531719089561e+00,8.882582114095e-02
-6.866425816336e+00,1.562500050003e-02,9.193468193001e-02
-6.866225189369e+00,3.988771736594e+00,8.973778488886e-02
-6.866041281186e+00,4.687500150008e-02,9.193504975993e-02
-6.865903946571e+00,4.420299616065e+00,8.903868243159e-02
-6.865863475622e+00,4.587579884792e+00,8.871631985236e-02
-6.865790724061e+00,1.294036885772e+00,9.175163925230e-02
-6.865656746037e+00,7.812500250012e-02,9.193521266268e-02
-6.865272210887e+00,1.093750035002e-01,9.193517988325e-02
-6.865089260806e+00,7.707349267381e+00,3.573322275208e-02
-6.864910597735e+00,6.018505588743e+00,8.369763483669e-02
-6.864887991626e+00,6.089157355076e+00,8.326025344000e-02
-6.864887675738e+00,1.406250045003e-01,9.193492195236e-02
-6.864816104122e+00,4.364750507591e+00,8.914212257719e-02
-6.864771978554e+00,5.356929547477e+00,8.668947525156e-02
-6.864731976761e+00,4.643534935239e+00,8.860471711263e-02
-6.864712503480e+00,3.322059977705e+00,9.054047485464e-02
-6.864550220887e+00,5.483298715066e+00,8.623689099114e-02
-6.864503140588e+00,1.718750055004e-01,9.193448855789e-02
-6.864158439102e+00,6.457457368601e+00,8.038668313239e-02
-6.864118605439e+00,2.031250065004e-01,9.193380960860e-02
-6.863861426518e+00,1.067681903768e+00,9.181437825434e-02
-6.863821546525e+00,5.947979133565e+00,8.411150895817e-02
-6.863744624538e+00,6.159924221321e+00,8.279958684884e-02
-6.863734070289e+00,2.343750075005e-01,9.193297543793e-02
-6.863480074584e+00,6.861982072943e+00,7.533012838193e-02
-6.863349535140e+00,2.656250085005e-01,9.193187497534e-02
-6.863186023546e+00,4.309314793635e+00,8.924362154625e-02
-6.863085404775e+00,1.704451857281e+00,9.161555678386e-02
-6.863033227217e+00,4.699579350857e+00,8.849069676107e-02
-6.863029933667e+00,1.521413134203e+00,9.168364727548e-02
-6.862968698124e+00,7.777838190539e+00,2.509906719089e-02
-6.862964999990e+00,2.968750095005e-01,9.193063358426e-02
-6.862884747191e+00,2.543780729405e+00,9.117926118812e-02
-6.862818787573e+00,2.167081415717e+00,9.140255219923e-02
-6.862580464840e+00,3.281250105004e-01,9.192911693039e-02
-6.862364275468e+00,2.027372034643e+00,9.147451794792e-02
-6.862195929691e+00,3.593750115003e-01,9.192743330574e-02
-6.861811394541e+00,3.906250125003e-01,9.192545512532e-02
-6.861692405666e+00,5.231045616726e+00,8.711359666959e-02
-6.861630021029e+00,5.877588124045e+00,8.450533250985e-02
-6.861528869560e+00,3.572823879193e+00,9.028084353180e-02
-6.861471472604e+00,6.230795900286e+00,8.231386736121e-02
-6.861426859392e+00,4.218750135002e-01,9.192333416311e-02
-6.861389246818e+00,7.116298822989e+00,7.018565216261e-02
-6.861361716840e+00,5.049072517742e+00,8.764410687916e-02
-6.861197182382e+00,2.307297042905e+00,9.132792101840e-02
-6.861094053886e+00,3.934131445265e+00,8.982779685777e-02
-6.861042324242e+00,4.531250145001e-01,9.192095065191e-02
-6.861018815262e+00,4.253997152444e+00,8.934321799351e-02
-6.860970389350e+00,5.610093314945e+00,8.575402435613e-02
-6.860879225628e+00,6.533214053702e+00,7.966893600138e-02
-6.860762334690e+00,4.755708199999e+00,8.837406085840e-02
-6.860657789093e+00,4.843750155000e-01,9.191840298067e-02
-6.860329643753e+00,7.848490799682e+00,1.008773106373e-02
-6.860245327618e+00,3.725885325014e+00,9.010219684461e-02
-6.860084835034e+00,2.975887626681e+00,9.086530637638e-02
-6.859887183480e+00,5.156250165000e-01,9.191622065285e-02
-6.859885047647e+00,1.888213751436e+00,9.154368028451e-02
-6.859812044482e+00,1.339186649852e+00,9.174801892442e-02
-6.859691536253e+00,2.878699167342e+00,9.094449853173e-02
-6.859405391661e+00,3.420540690475e+00,9.045158113275e-02
-6.859276894538e+00,3.073366467052e+00,9.078401581978e-02
-6.858781195040e+00,1.112780413049e+00,9.181164509562e-02
-6.858730507404e+00,5.468750175001e-01,9.191445383802e-02
-6.858345283251e+00,5.807342617117e+00,8.488050328324e-02
-6.858319624943e+00,4.198802219006e+00,8.944094999766e-02
-6.858118914216e+00,2.781819787931e+00,9.102166100938e-02
-6.858085611484e+00,6.610722311281e+00,7.885667927471e-02
-6.858059592772e+00,6.301762028915e+00,8.180114673327e-02
-6.857914444501e+00,4.811916509528e+00,8.825514452355e-02
-6.857585508375e+00,6.940678524728e+00,7.406698298053e-02
-6.857573831327e+00,5.781250185001e-01,9.191247300995e-02
-6.857448984665e+00,2.447972774846e+00,9.125058408938e-02
-6.857246067495e+00,3.171116622024e+00,9.070076052770e-02
-6.856417155251e+00,6.093750195002e-01,9.191027892231e-02
-6.856134413435e+00,1.566584208001e+00,9.167912640798e-02
-6.855460527923e+00,3.879639714967e+00,8.991615277092e-02
-6.855433401773e+00,1.749650109733e+00,9.161030209859e-02
-6.855389148246e+00,2.685267815295e+00,9.109698324549e-02
-6.855369161803e+00,5.105705765108e+00,8.751061036694e-02
-6.855303439247e+00,5.413941435411e+00,8.653523223878e-02
-6.855260479175e+00,6.406250205002e-01,9.190789484079e-02
-6.855093633066e+00,4.143734584998e+00,8.953685505718e-02
-6.854552638845e+00,6.688505609036e+00,7.796777664681e-02
-6.854484739662e+00,4.868199265486e+00,8.813390157019e-02
-6.854103803098e+00,6.718750215003e-01,9.190527182175e-02
-6.853976673490e+00,5.737252591656e+00,8.523822211875e-02
-6.853970981564e+00,3.269118660213e+00,9.061550955324e-02
-6.853670912906e+00,5.287905260330e+00,8.696892702780e-02
-6.853658311238e+00,1.384310180650e+00,9.174422195251e-02
-6.853609775386e+00,5.540435743864e+00,8.607294126976e-02
-6.853527431235e+00,1.157858299035e+00,9.180873735796e-02
-6.853500123618e+00,6.372812168637e+00,8.125927251648e-02
-6.853337832747e+00,2.072606641513e+00,9.146793603887e-02
-6.853177864912e+00,2.212332972419e+00,9.139538170717e-02
-6.853094558221e+00,7.195843526837e+00,6.825300350595e-02
-6.852947127022e+00,7.031250225004e-01,9.190237471856e-02
-6.852797705239e+00,3.519221314021e+00,9.036060418956e-02
-6.852795824112e+00,3.671898812224e+00,9.018554437674e-02
-6.851790450946e+00,7.343750235004e-01,9.189937226530e-02
-6.851524675242e+00,2.589061200312e+00,9.117049535776e-02
-6.851462410398e+00,1.933418251144e+00,9.153768157716e-02
-6.851346054625e+00,4.088798798453e+00,8.963054828114e-02
-6.850985462514e+00,7.478919626515e+00,5.677777191642e-02
-6.850960893123e+00,7.409204607753e+00,6.040608514120e-02
-6.850935573259e+00,7.019622812098e+00,7.265318872138e-02
-6.850931379599e+00,2.352552079526e+00,9.132016107088e-02
-6.850633774869e+00,7.656250245004e-01,9.189617508979e-02
-6.850498749890e+00,7.548812205462e+00,5.237270286821e-02
-6.850468441299e+00,4.924551413199e+00,8.801028514356e-02
-6.850426793079e+00,7.339670475955e+00,6.344614918868e-02
-6.850276441652e+00,6.766557413663e+00,7.699092218869e-02
-6.849499024217e+00,7.618879005089e+00,4.691220699048e-02
-6.849477098793e+00,7.968750255003e-01,9.189258065298e-02
-6.849430544511e+00,3.367352790360e+00,9.052823268922e-02
-6.849384933979e+00,7.270320545066e+00,6.603004366272e-02
-6.849329987797e+00,3.825300883703e+00,9.000288581390e-02
-6.849062500949e+00,1.611723327209e+00,9.167442662189e-02
-6.848769432117e+00,5.162386499252e+00,8.737447963209e-02
-6.848533609716e+00,5.667327947909e+00,8.557959084783e-02
-6.848320422717e+00,8.281250265002e-01,9.188889933878e-02
-6.848100263993e+00,1.202914504697e+00,9.180565475384e-02
-6.847984575009e+00,7.689116673149e+00,3.996621845289e-02
-6.847784285524e+00,6.443935806451e+00,8.068586062018e-02
-6.847603629208e+00,1.794811663067e+00,9.160486644889e-02
-6.847412379449e+00,6.076030067325e+00,8.347436003330e-02
-6.847329687394e+00,1.429406412211e+00,9.174024800188e-02
-6.847219844927e+00,6.005461540409e+00,8.389957716008e-02
-6.847163746640e+00,8.593750275002e-01,9.188513199606e-02
-6.847082138839e+00,4.033999363408e+00,8.972247488228e-02
-6.846721662429e+00,2.923973436999e+00,9.093428881652e-02
-6.846626535711e+00,3.021164580123e+00,9.085460207945e-02
-6.846548183391e+00,2.493217515619e+00,9.124222769401e-02
-6.846485881885e+00,6.146715141713e+00,8.302629855053e-02
-6.846007070564e+00,8.906250285001e-01,9.188085518283e-02
-6.845953712467e+00,7.759521844730e+00,3.083430609906e-02
-6.845917390765e+00,5.935019761647e+00,8.430265848362e-02
-6.845860809095e+00,4.980967857368e+00,8.788424772409e-02
-6.845630701812e+00,2.827083641734e+00,9.101187067666e-02
-6.845323519711e+00,3.118638239698e+00,9.077287831151e-02
-6.845253208814e+00,6.844871152120e+00,7.591247474618e-02
-6.845201624013e+00,5.470971415911e+00,8.637784513253e-02
-6.845026809538e+00,5.344795159809e+00,8.682074636588e-02
-6.844869100097e+00,3.618081122704e+00,9.026736413377e-02
-6.844850394488e+00,9.218750295000e-01,9.187649075478e-02
-6.844431319520e+00,6.217506486885e+00,8.255422073483e-02
-6.844130972966e+00,2.117795904423e+00,9.146116138651e-02
-6.844119054440e+00,4.521078828461e+00,8.891577589598e-02
-6.843961642231e+00,4.465433000631e+00,8.902139984938e-02
-6.843721040195e+00,4.576824928381e+00,8.880813880417e-02
-6.843693718412e+00,9.531250305000e-01,9.187204042895e-02
-6.843603950557e+00,3.465798863535e+00,9.043890063742e-02
-6.843526630041e+00,7.098808240407e+00,7.106023876270e-02
-6.843514208721e+00,5.864714854929e+00,8.468653416904e-02
-6.843404767355e+00,7.830091142567e+00,1.829359417181e-02
-6.843375720966e+00,2.730513656370e+00,9.108760973107e-02
-6.843355207569e+00,2.257535305932e+00,9.138802278572e-02
-6.843253813467e+00,4.409892239297e+00,8.912504981829e-02
-6.842860754048e+00,1.978581221429e+00,9.153149977889e-02
-6.842791083964e+00,3.216375217138e+00,9.068918759992e-02
-6.842762626106e+00,4.632666463739e+00,8.869844889449e-02
-6.842707842308e+00,3.771119244477e+00,9.008802865095e-02
-6.842537042335e+00,9.843750315000e-01,9.186718031176e-02
-6.842499828610e+00,1.247947974047e+00,9.180239698539e-02
-6.842307168819e+00,3.979340739647e+00,8.981271499752e-02
-6.842179071327e+00,6.516620935223e+00,8.004895226121e-02
-6.842025587061e+00,5.597578506789e+00,8.590562240781e-02
-6.842000614281e+00,4.354461296260e+00,8.922676442407e-02
-6.841814394174e+00,1.656829417708e+00,9.166954753995e-02
-6.841557952237e+00,5.219109454632e+00,8.723566271469e-02
-6.841239740388e+00,6.288393750236e+00,8.205628976757e-02
-6.841238875455e+00,4.688598556172e+00,8.858666596943e-02
-6.840826342508e+00,1.474474279568e+00,9.173609672817e-02
-6.840657141444e+00,5.037443462599e+00,8.775574113117e-02
-6.840482606716e+00,2.397753950787e+00,9.131221072071e-02
-6.840336090981e+00,7.900821177255e+00,6.608629067791e-06
-6.840207126505e+00,4.299144880795e+00,8.932658174901e-02
-6.840019569457e+00,5.794556866524e+00,8.505244865961e-02
-6.839979047013e+00,2.634281568146e+00,9.116153579289e-02
-6.839596313988e+00,1.839935434819e+00,9.159924942923e-02
-6.839557644459e+00,1.022480441790e+00,9.186348888396e-02
-6.839502436372e+00,6.593998518948e+00,7.927171405998e-02
-6.839479184313e+00,6.923440212342e+00,7.471582207205e-02
-6.839144888647e+00,4.744616285674e+00,8.847213642536e-02
-6.839007974619e+00,3.314355951912e+00,9.060349946004e-02
-6.837878467422e+00,4.243947659251e+00,8.942453933045e-02
-6.837026461072e+00,3.924827342738e+00,8.990130191371e-02
-6.836902274083e+00,6.359366503593e+00,8.153047973245e-02
-6.836886826068e+00,1.562500050003e-02,9.198038190501e-02
-6.836726266799e+00,1.292957652044e+00,9.179896374453e-02
-6.836507317521e+00,4.687500150008e-02,9.198073460340e-02
-6.836475803636e+00,4.800714690701e+00,8.835531977725e-02
-6.836470685115e+00,3.564436379118e+00,9.034748518976e-02
-6.836127808975e+00,7.812500250012e-02,9.198088732194e-02
-6.836087341934e+00,6.671651954289e+00,7.842242631783e-02
-6.835755649391e+00,5.401709922195e+00,8.666956881656e-02
-6.835748300429e+00,1.093750035002e-01,9.198084179830e-02
-6.835599532389e+00,3.717099045073e+00,9.017161342149e-02
-6.835463260791e+00,2.538405087203e+00,9.123367894999e-02
-6.835442821864e+00,5.724555764585e+00,8.540154299022e-02
-6.835368791882e+00,1.406250045003e-01,9.198058005407e-02
-6.835355095537e+00,7.178228077500e+00,6.925195462886e-02
-6.835019789502e+00,4.188874254676e+00,8.952067415549e-02
-6.834989283336e+00,1.718750055004e-01,9.198013629560e-02
-6.834852775901e+00,5.093973053481e+00,8.762471652682e-02
-6.834743975716e+00,2.162938725090e+00,9.145419977804e-02
-6.834669788354e+00,1.067431865739e+00,9.186093811142e-02
-6.834609774790e+00,2.031250065004e-01,9.197945989964e-02
-6.834462177122e+00,5.528014009403e+00,8.621724973164e-02
-6.834390297600e+00,1.701901406695e+00,9.166448877620e-02
-6.834230266244e+00,2.343750075005e-01,9.197861773585e-02
-6.834148452604e+00,1.519512718927e+00,9.173176777742e-02
-6.834080334934e+00,2.023701572398e+00,9.152513446193e-02
-6.833953220755e+00,3.412560523799e+00,9.051578420796e-02
-6.833850757697e+00,2.656250085005e-01,9.197752619482e-02
-6.833730186680e+00,5.275869326743e+00,8.709410695855e-02
-6.833614152456e+00,7.460940908511e+00,5.867561661399e-02
-6.833562622735e+00,2.969177390208e+00,9.092388114409e-02
-6.833501540793e+00,7.391311382231e+00,6.199035097943e-02
-6.833471249151e+00,2.968750095005e-01,9.197628529771e-02
-6.833351118845e+00,2.302687309822e+00,9.138047492124e-02
-6.833226795992e+00,4.856888768847e+00,8.823623266436e-02
-6.833215899757e+00,7.530748427157e+00,5.468710280752e-02
-6.833091740605e+00,3.281250105004e-01,9.197477781321e-02
-6.832977837395e+00,3.066368106304e+00,9.084369524209e-02
-6.832954603757e+00,2.872280249197e+00,9.100188354273e-02
-6.832950667437e+00,7.002257943804e+00,7.338052521750e-02
-6.832879818238e+00,7.321863173052e+00,6.478846783153e-02
-6.832712232058e+00,3.593750115003e-01,9.197309153520e-02
-6.832332723512e+00,3.906250125003e-01,9.197113547542e-02
-6.832305049547e+00,7.600730600699e+00,4.979671678457e-02
-6.831953214966e+00,4.218750135002e-01,9.196903487454e-02
-6.831929916388e+00,6.749574714061e+00,7.749109890732e-02
-6.831750758484e+00,7.252599592860e+00,6.718178159057e-02
-6.831636279942e+00,4.133929246766e+00,8.961480136115e-02
-6.831573706420e+00,4.531250145001e-01,9.196665937182e-02
-6.831411689581e+00,1.885020344062e+00,9.159345062651e-02
-6.831410131946e+00,6.430414244301e+00,8.097455066719e-02
-6.831245365267e+00,3.870463543587e+00,8.998826842528e-02
-6.831194197873e+00,4.843750155000e-01,9.196414241630e-02
-6.831178560928e+00,3.163833433583e+00,9.076153702649e-02
-6.831175734776e+00,2.775695279149e+00,9.107804065954e-02
-6.830879889213e+00,7.670884078917e+00,4.366032902658e-02
-6.830779726730e+00,1.337942484306e+00,9.179535471302e-02
-6.830433665536e+00,5.156250165000e-01,9.196194954376e-02
-6.829936767271e+00,6.062902779574e+00,8.368216655797e-02
-6.829851191039e+00,2.442901542934e+00,9.130406945000e-02
-6.829793392437e+00,5.654721438591e+00,8.573486543750e-02
-6.829610518212e+00,1.112363976401e+00,9.185821357960e-02
-6.829529092118e+00,5.992417492074e+00,8.409566933253e-02
-6.829393079336e+00,4.913133476939e+00,8.811482974940e-02
-6.829292109409e+00,5.468750175001e-01,9.196018607964e-02
-6.829227139232e+00,6.133506062105e+00,8.324617381092e-02
-6.828938726811e+00,7.741205498921e+00,3.573323169124e-02
-6.828443089489e+00,5.150551414884e+00,8.749112441940e-02
-6.828248232149e+00,2.679440703440e+00,9.115238198795e-02
-6.828150553281e+00,5.781250185001e-01,9.195818006957e-02
-6.828143380200e+00,3.261554042713e+00,9.067740977964e-02
-6.828013235006e+00,5.922060389729e+00,8.448847439423e-02
-6.828010530773e+00,3.663244487781e+00,9.025367173724e-02
-6.827733160384e+00,4.079117171532e+00,8.970695218577e-02
-6.827606139528e+00,3.510968657975e+00,9.042601313351e-02
-6.827391166436e+00,6.204217073484e+00,8.278714240888e-02
-6.827296200198e+00,1.564520667474e+00,9.172726078629e-02
-6.827026343043e+00,6.827760231297e+00,7.646532681148e-02
-6.827008997154e+00,6.093750195002e-01,9.195599573259e-02
-6.826790422238e+00,1.746938222673e+00,9.165924993617e-02
-6.826479890957e+00,7.811691485452e+00,2.509907559206e-02
-6.825867441026e+00,6.406250205002e-01,9.195358870122e-02
-6.825853027139e+00,5.458644116757e+00,8.651533358289e-02
-6.825664013263e+00,7.081317657825e+00,7.188114917554e-02
-6.825398396414e+00,5.851841585813e+00,8.486279283713e-02
-6.825281640523e+00,5.332660772140e+00,8.694888249504e-02
-6.825177127243e+00,2.208034007057e+00,9.144705070369e-02
-6.825121416028e+00,2.068778215746e+00,9.151858519238e-02
-6.824969905774e+00,4.969443731136e+00,8.799106506954e-02
-6.824969264001e+00,3.816253667980e+00,9.007364682896e-02
-6.824754607368e+00,6.501526396127e+00,8.038569653507e-02
-6.824725884898e+00,6.718750215003e-01,9.195098184061e-02
-6.824660362980e+00,1.382901417468e+00,9.179156956256e-02
-6.824419888003e+00,6.275025471557e+00,8.230333890313e-02
-6.824379954870e+00,1.157275729875e+00,9.185531500850e-02
-6.824194568542e+00,2.583534369041e+00,9.122493734206e-02
-6.823851160951e+00,3.359510243971e+00,9.059128349848e-02
-6.823584328771e+00,7.031250225004e-01,9.194808359457e-02
-6.823501730806e+00,7.882338651097e+00,1.008773564411e-02
-6.823315686622e+00,4.024442520949e+00,8.979741994802e-02
-6.823165908664e+00,2.347787879930e+00,9.137273759536e-02
-6.823080784771e+00,5.585063698632e+00,8.605338086975e-02
-6.823049996004e+00,1.930065311458e+00,9.158746962033e-02
-6.822442772643e+00,7.343750235004e-01,9.194505658709e-02
-6.821805455590e+00,4.510438567361e+00,8.900390357808e-02
-6.821693855663e+00,5.781771115930e+00,8.521980648029e-02
-6.821578604768e+00,4.566069971970e+00,8.889807784868e-02
-6.821478808461e+00,4.454908603336e+00,8.910776194229e-02
-6.821423498809e+00,5.207173292537e+00,8.735491466694e-02
-6.821372860250e+00,6.906201899955e+00,7.533007480998e-02
-6.821301216516e+00,7.656250245004e-01,9.194192610255e-02
-6.820919261260e+00,6.577274726614e+00,7.966884476134e-02
-6.820793275450e+00,4.621797992239e+00,8.879024624605e-02
-6.820603680364e+00,4.399484862529e+00,8.920969094992e-02
-6.820304424548e+00,6.345920838550e+00,8.179285452156e-02
-6.820269774310e+00,1.609497063376e+00,9.172257538223e-02
-6.820214849062e+00,3.014309875838e+00,9.091323847640e-02
-6.820159660388e+00,7.968750255003e-01,9.193831540565e-02
-6.820091033239e+00,2.917408466861e+00,9.099169914057e-02
-6.819952566048e+00,5.025814407456e+00,8.786489204125e-02
-6.819946341718e+00,3.609559729017e+00,9.033415868573e-02
-6.819444523693e+00,4.677617761488e+00,8.868036977072e-02
-6.819185124440e+00,4.344172084928e+00,8.930972810266e-02
-6.819139190949e+00,3.111497046641e+00,9.083258534142e-02
-6.819037466645e+00,2.487993744239e+00,9.129573673796e-02
-6.819018104260e+00,8.281250265002e-01,9.193461431557e-02
-6.819014985631e+00,1.791938795423e+00,9.165383061713e-02
-6.818978225553e+00,1.202166082771e+00,9.185224210771e-02
-6.818789584343e+00,2.820811548347e+00,9.106827554242e-02
-6.818389148268e+00,3.969909742699e+00,8.988623751119e-02
-6.818368336536e+00,1.427833399153e+00,9.178760795493e-02
-6.818281054133e+00,3.457681989459e+00,9.050312904295e-02
-6.818203572278e+00,3.762201996665e+00,9.015746891937e-02
-6.817876548133e+00,8.593750275002e-01,9.193082363680e-02
-6.817622045023e+00,6.654798299541e+00,7.885659666689e-02
-6.817615632852e+00,7.160612628164e+00,7.018563681409e-02
-6.817527442605e+00,4.733524371349e+00,8.856814012517e-02
-6.817228229463e+00,4.288974967955e+00,8.940791038828e-02
-6.816908970237e+00,5.711858937514e+00,8.556060032876e-02
-6.816842488268e+00,3.208950882981e+00,9.074999147431e-02
-6.816734992005e+00,8.906250285001e-01,9.192663867261e-02
-6.816332607146e+00,2.724537479090e+00,9.114303343830e-02
-6.816242842397e+00,7.442962190507e+00,6.040608904809e-02
-6.816207859535e+00,5.389478408979e+00,8.680066947954e-02
-6.816042188464e+00,7.373418156710e+00,6.344615170218e-02
-6.815984266935e+00,2.113810064758e+00,9.151185153064e-02
-6.815933049624e+00,7.512684648852e+00,5.677777728693e-02
-6.815593435878e+00,9.218750295000e-01,9.192225918376e-02
-6.815430720551e+00,2.253080655335e+00,9.143971364793e-02
-6.815332843398e+00,7.304055870150e+00,6.603004487231e-02
-6.815314578857e+00,5.515592274943e+00,8.635797897890e-02
-6.815111074877e+00,7.582582196308e+00,5.237270972387e-02
-6.815037162770e+00,4.789512871875e+00,8.845336141116e-02
-6.815035978368e+00,6.416892682151e+00,8.125358244895e-02
-6.814965761615e+00,6.984893075509e+00,7.406694124105e-02
-6.814738119583e+00,4.233898166058e+00,8.950427427434e-02
-6.814511479880e+00,1.975069258995e+00,9.158130598333e-02
-6.814451879750e+00,9.531250305000e-01,9.191779015044e-02
-6.814336389999e+00,5.082240341853e+00,8.773626346513e-02
-6.814116582990e+00,7.234878640654e+00,6.825306472423e-02
-6.813789460453e+00,5.263833393157e+00,8.721603648016e-02
-6.813775203417e+00,7.652651484685e+00,4.691221524282e-02
-6.813583391124e+00,6.732592014460e+00,7.796770331546e-02
-6.813405463814e+00,1.247033992728e+00,9.184899457638e-02
-6.813310323622e+00,9.843750315000e-01,9.191303550238e-02
-6.813303445758e+00,3.306651926119e+00,9.066542661583e-02
-6.813069370413e+00,1.654440846023e+00,9.171771118361e-02
-6.812958868257e+00,3.915523240210e+00,8.997343727085e-02
-6.812799893709e+00,2.392835913855e+00,9.136481028555e-02
-6.812742465171e+00,2.628604242637e+00,9.121600235417e-02
-6.812461155094e+00,6.049775491823e+00,8.388394483955e-02
-6.811968852322e+00,4.845578272209e+00,8.833636633130e-02
-6.811968396580e+00,6.120296982498e+00,8.345951481600e-02
-6.811923741155e+00,7.722889153112e+00,3.996622777113e-02
-6.811903814796e+00,1.472737377962e+00,9.178346954208e-02
-6.811838339309e+00,5.979373443739e+00,8.428623828520e-02
-6.811719954061e+00,4.178946290345e+00,8.959884253710e-02
-6.811412500670e+00,3.556048879043e+00,9.041291831300e-02
-6.811064211868e+00,1.836902055928e+00,9.164823040833e-02
-6.811053175158e+00,5.642114929274e+00,8.588617241052e-02
-6.810953737159e+00,3.708312765132e+00,9.023976598525e-02
-6.810351013353e+00,6.190927660084e+00,8.301296911765e-02
-6.810347285666e+00,1.022397054840e+00,9.190934221189e-02
-6.810109079246e+00,5.909101017810e+00,8.466917432840e-02
-6.809555014560e+00,7.793291828337e+00,3.083431560817e-02
-6.808799477273e+00,6.810649310474e+00,7.699085884330e-02
-6.808605833751e+00,6.487930436415e+00,8.068319153684e-02
-6.808501049849e+00,3.404580357123e+00,9.057886126434e-02
-6.808317717374e+00,4.901715540679e+00,8.821711099323e-02
-6.808178926818e+00,4.124123908534e+00,8.969121686017e-02
-6.808116746861e+00,5.138716330516e+00,8.760513153082e-02
-6.808041774392e+00,2.533029445002e+00,9.128721206151e-02
-6.807801396485e+00,7.063827075243e+00,7.265315979263e-02
-6.807661809537e+00,1.291878418316e+00,9.184557210332e-02
-6.807600035619e+00,6.261657192878e+00,8.254267030515e-02
-6.807347835799e+00,1.562500050003e-02,9.202539305840e-02
-6.807282584106e+00,5.838968316697e+00,8.503430583092e-02
-6.807040410435e+00,2.962467153737e+00,9.098131700895e-02
-6.807030202612e+00,3.861287372207e+00,9.005905114870e-02
-6.806973353856e+00,4.687500150008e-02,9.202573108274e-02
-6.806678780252e+00,3.059369745556e+00,9.090235953128e-02
-6.806669163858e+00,2.158796034464e+00,9.150493303175e-02
-6.806667370631e+00,7.863856124939e+00,1.829360170321e-02
-6.806598871913e+00,7.812500250012e-02,9.202587391054e-02
-6.806504430265e+00,5.446316817602e+00,8.664948154766e-02
-6.806224389970e+00,1.093750035002e-01,9.202581611847e-02
-6.806217671260e+00,2.865861331051e+00,9.105831389488e-02
-6.805849908027e+00,1.406250045003e-01,9.202555069392e-02
-6.805796394399e+00,2.020031110152e+00,9.157495928149e-02
-6.805695190425e+00,1.699350956108e+00,9.171266779993e-02
-6.805536471507e+00,5.320526384472e+00,8.707399382819e-02
-6.805505055309e+00,2.298077576738e+00,9.143218808991e-02
-6.805478150191e+00,1.067181827710e+00,9.190679952362e-02
-6.805475426084e+00,1.718750055004e-01,9.202509706578e-02
-6.805266971540e+00,1.517612303651e+00,9.177915396629e-02
-6.805111054360e+00,3.156550245143e+00,9.082127186238e-02
-6.805100944141e+00,2.031250065004e-01,9.202442319607e-02
-6.804726462198e+00,2.343750075005e-01,9.202357355256e-02
-6.804351980255e+00,2.656250085005e-01,9.202249074612e-02
-6.804232555336e+00,2.769570770366e+00,9.113348964096e-02
-6.804135982482e+00,5.572548890475e+00,8.619744242789e-02
-6.804120266143e+00,4.069435544610e+00,8.978191169935e-02
-6.804079002452e+00,4.957919604904e+00,8.809555091569e-02
-6.803977498312e+00,2.968750095005e-01,9.202124474846e-02
-6.803706575013e+00,6.332475173507e+00,8.204681819292e-02
-6.803603016369e+00,3.281250105004e-01,9.201975221430e-02
-6.803368141869e+00,5.768985365337e+00,8.538275597973e-02
-6.803266536188e+00,6.888963587569e+00,7.591242216870e-02
-6.803259177055e+00,7.934578645379e+00,6.608629069617e-06
-6.803228534426e+00,3.593750115003e-01,9.201806382262e-02
-6.803225237435e+00,3.654590163337e+00,9.032056880639e-02
-6.802938331516e+00,1.881826936687e+00,9.164244889127e-02
-6.802854052483e+00,3.906250125003e-01,9.201612936709e-02
-6.802479570540e+00,4.218750135002e-01,9.201402916035e-02
-6.802414573817e+00,3.502716001929e+00,9.049026684481e-02
-6.802336086148e+00,6.560550934281e+00,8.004886252942e-02
-6.802315778836e+00,3.253989425213e+00,9.073824117507e-02
-6.802253397413e+00,2.437830311022e+00,9.135669246561e-02
-6.802105088597e+00,4.531250145001e-01,9.201168151628e-02
-6.801747408979e+00,1.336698318760e+00,9.184197436714e-02
-6.801730606654e+00,4.843750155000e-01,9.200918390922e-02
-6.801289045380e+00,5.195237130443e+00,8.747144782164e-02
-6.801107316052e+00,2.673613591585e+00,9.120687347019e-02
-6.800980147593e+00,5.156250165000e-01,9.200699206834e-02
-6.800608540205e+00,3.807206452257e+00,9.014311058720e-02
-6.800439841384e+00,1.111947539753e+00,9.190408361644e-02
-6.799876170168e+00,7.142997178827e+00,7.106022371625e-02
-6.799853711414e+00,5.468750175001e-01,9.200523198487e-02
-6.799549234406e+00,4.014885678489e+00,8.987095948648e-02
-6.799491856740e+00,4.499798306261e+00,8.909025931639e-02
-6.799436169341e+00,4.555315015559e+00,8.898619407903e-02
-6.799247990653e+00,5.014185352314e+00,8.797164103429e-02
-6.799156748112e+00,6.637944644794e+00,7.927163285877e-02
-6.798995974691e+00,4.444384206040e+00,8.919240140078e-02
-6.798871532339e+00,7.424983472502e+00,6.199035481914e-02
-6.798823924795e+00,4.610929520739e+00,8.888016830087e-02
-6.798727275235e+00,5.781250185001e-01,9.200320221738e-02
-6.798661824790e+00,6.403371120001e+00,8.152342912837e-02
-6.798650199490e+00,7.494620870547e+00,5.867562190773e-02
-6.798582836134e+00,7.355524931188e+00,6.478847029798e-02
-6.798457986962e+00,1.562457126947e+00,9.177466086030e-02
-6.798375118610e+00,5.699162110444e+00,8.571555724203e-02
-6.798271777391e+00,3.351667697582e+00,9.065323767087e-02
-6.798147442703e+00,1.744226335613e+00,9.170744483205e-02
-6.797953547260e+00,4.389077485760e+00,8.929265724514e-02
-6.797917100208e+00,7.564433791918e+00,5.468710960228e-02
-6.797785868556e+00,7.286248567247e+00,6.718178277663e-02
-6.797650171931e+00,4.666636966804e+00,8.877214412758e-02
-6.797600839056e+00,6.093750195002e-01,9.200102750163e-02
-6.797176389573e+00,2.203735041696e+00,9.149782924587e-02
-6.796980855793e+00,6.967528207215e+00,7.471578112424e-02
-6.796904999308e+00,2.064949789979e+00,9.156842907447e-02
-6.796864461842e+00,2.578007537769e+00,9.127849489583e-02
-6.796670517621e+00,7.634418890453e+00,4.979672504912e-02
-6.796660069679e+00,5.377246895764e+00,8.692864888192e-02
-6.796482407495e+00,7.217157688448e+00,6.925201464043e-02
-6.796474402877e+00,6.406250205002e-01,9.199859897033e-02
-6.796369634600e+00,4.333882873597e+00,8.939106327952e-02
-6.796166980593e+00,5.503170540482e+00,8.649525938736e-02
-6.795909996563e+00,4.722432457024e+00,8.866208324741e-02
-6.795662414723e+00,1.381492654285e+00,9.183820103625e-02
-6.795400437728e+00,2.343023680335e+00,9.142447350382e-02
-6.795347966699e+00,6.718750215003e-01,9.199600797993e-02
-6.795236865861e+00,6.715609314859e+00,7.842235426752e-02
-6.795232478504e+00,1.156693160715e+00,9.190119420771e-02
-6.795023583340e+00,3.601038335330e+00,9.039961588999e-02
-6.794985542917e+00,6.036648204072e+00,8.407973867090e-02
-6.794908755499e+00,7.704572807303e+00,4.366033855779e-02
-6.794709653927e+00,6.107087902890e+00,8.366660627419e-02
-6.794637581611e+00,1.926712371772e+00,9.163648563997e-02
-6.794471127718e+00,3.960478745751e+00,8.995839221060e-02
-6.794249332422e+00,4.278805055115e+00,8.948765544377e-02
-6.794221530520e+00,7.031250225004e-01,9.199310919429e-02
-6.794147586501e+00,5.966329395404e+00,8.447151147321e-02
-6.793848734226e+00,5.251797459571e+00,8.733516331902e-02
-6.793820004097e+00,5.070507630226e+00,8.784533570744e-02
-6.793803162412e+00,3.007455171552e+00,9.097073669345e-02
-6.793699302248e+00,3.753284748853e+00,9.022564654486e-02
-6.793598521904e+00,4.778311053049e+00,8.854933675129e-02
-6.793460404048e+00,2.910843496723e+00,9.104815523665e-02
-6.793310860269e+00,6.177638246683e+00,8.323201763080e-02
-6.793095094341e+00,7.343750235004e-01,9.199005935496e-02
-6.792958157710e+00,3.449565115383e+00,9.056623236998e-02
-6.792954862186e+00,3.104355853584e+00,9.089127775481e-02
-6.792630138162e+00,7.774892171222e+00,3.573324190739e-02
-6.792457060133e+00,6.474334476703e+00,8.097031207425e-02
-6.792312957879e+00,5.629508419956e+00,8.603366046020e-02
-6.792204923486e+00,5.896141645892e+00,8.484496435496e-02
-6.791968658162e+00,7.656250245004e-01,9.198691656289e-02
-6.791948466874e+00,2.814539454960e+00,9.112375009543e-02
-6.791597771744e+00,4.223848672864e+00,8.958246918076e-02
-6.791526749900e+00,2.482769972860e+00,9.134838360617e-02
-6.791477047671e+00,1.607270799542e+00,9.176998984752e-02
-6.790893892571e+00,3.201526548823e+00,9.080975429879e-02
-6.790842221983e+00,7.968750255003e-01,9.198336768899e-02
-6.790780183234e+00,6.248288914199e+00,8.277463726342e-02
-6.790710908653e+00,4.834267775570e+00,8.843437240069e-02
-6.790572611503e+00,6.793538389652e+00,7.749103669662e-02
-6.790426342054e+00,1.789065927780e+00,9.170204187242e-02
-6.789938779708e+00,7.046336492661e+00,7.338049684772e-02
-6.789856187114e+00,1.201417660846e+00,9.189813100422e-02
-6.789833010457e+00,7.845373598781e+00,2.509908504337e-02
-6.789715785804e+00,8.281250265002e-01,9.197964854309e-02
-6.789406985678e+00,1.426260386094e+00,9.183425176904e-02
-6.789289493327e+00,2.718561301809e+00,9.119755017457e-02
-6.789166771799e+00,5.826095047582e+00,8.520126020592e-02
-6.788891275442e+00,3.906219137683e+00,9.004424141078e-02
-6.788589349625e+00,8.593750275002e-01,9.197583643964e-02
-6.788420118621e+00,4.169018326015e+00,8.967526900961e-02
-6.787837560905e+00,2.109824225093e+00,9.156171491603e-02
-6.787790404233e+00,5.126881246148e+00,8.771658872226e-02
-6.787598916896e+00,3.298947900326e+00,9.072628566051e-02
-6.787506233532e+00,2.248626004737e+00,9.149053971868e-02
-6.787462913446e+00,8.906250285001e-01,9.197174006760e-02
-6.787242355412e+00,4.890297604419e+00,8.831720131111e-02
-6.787155833390e+00,5.433989518447e+00,8.678040834628e-02
-6.787108725478e+00,6.319029508463e+00,8.229276576102e-02
-6.786515737900e+00,7.916013694425e+00,1.008774073341e-02
-6.786354316226e+00,3.547661378968e+00,9.047719728417e-02
-6.786336477267e+00,9.218750295001e-01,9.196734724171e-02
-6.786307941929e+00,3.699526485191e+00,9.030668949231e-02
-6.786162205712e+00,1.971557296561e+00,9.163034022131e-02
-6.785791302491e+00,5.308391996803e+00,8.719618551832e-02
-6.785505883330e+00,2.622926917129e+00,9.126958471505e-02
-6.785210041089e+00,9.531250305000e-01,9.196286142031e-02
-6.785191180192e+00,5.560034082319e+00,8.633794286456e-02
-6.785160212126e+00,6.871725275183e+00,7.646527519882e-02
-6.785117180702e+00,2.387917876923e+00,9.141656935945e-02
-6.785083639182e+00,6.545354614365e+00,8.038471779833e-02
-6.785042428075e+00,5.756199614743e+00,8.554146727028e-02
-6.784721573694e+00,4.114318570302e+00,8.976619028203e-02
-6.784324346652e+00,1.652052274338e+00,9.176514054216e-02
-6.784311099018e+00,1.246120011409e+00,9.189489370228e-02
-6.784083604910e+00,9.843750315000e-01,9.195820854571e-02
-6.783188099131e+00,4.946395478672e+00,8.819778041215e-02
-6.783048878943e+00,3.396600190447e+00,9.064084252186e-02
-6.782981287083e+00,1.471000476355e+00,9.183012621400e-02
-6.782815039956e+00,3.852111200826e+00,9.012853816986e-02
-6.782532109747e+00,1.833868677037e+00,9.169645850531e-02
-6.782287671212e+00,6.389849557851e+00,8.178453354184e-02
-6.782136707484e+00,7.125381729491e+00,7.188113442388e-02
-6.781500222280e+00,7.407004754498e+00,6.344615547244e-02
-6.781367349356e+00,7.476557092242e+00,6.040609425730e-02
-6.781154591952e+00,5.183300968348e+00,8.758535330047e-02
-6.781136926873e+00,1.022313667891e+00,9.195451425800e-02
-6.781123483804e+00,7.337631705667e+00,6.603004729149e-02
-6.780723125538e+00,7.546285387528e+00,5.677778400009e-02
-6.780691451202e+00,6.621090990046e+00,7.966876492506e-02
-6.780620287993e+00,2.527653802801e+00,9.133988317527e-02
-6.780518198135e+00,2.955756917264e+00,9.103779909288e-02
-6.780507371902e+00,4.059753917689e+00,8.985546780047e-02
-6.780379723109e+00,3.052371384808e+00,9.095995774745e-02
-6.780238893716e+00,7.268441264344e+00,6.825306588699e-02
-6.779841266983e+00,5.686465283373e+00,8.586656871021e-02
-6.779565831824e+00,7.616186296221e+00,5.237271795069e-02
-6.779480738764e+00,2.859442412905e+00,9.111381430449e-02
-6.779043547793e+00,3.149267056702e+00,9.087999261710e-02
-6.778995949971e+00,6.950163338921e+00,7.533003463076e-02
-6.778848232000e+00,7.199436736242e+00,7.018569564201e-02
-6.778597352274e+00,1.290799184589e+00,9.189148198778e-02
-6.778594352000e+00,2.154653343837e+00,9.155481635434e-02
-6.778543415257e+00,5.002556297171e+00,8.807606608535e-02
-6.778439944096e+00,3.645935838894e+00,9.038610560233e-02
-6.777893769843e+00,7.686256461494e+00,4.691222487054e-02
-6.777808845531e+00,1.562500050003e-02,9.206973267932e-02
-6.777658991772e+00,2.293467843655e+00,9.148306399189e-02
-6.777512453865e+00,2.016360647907e+00,9.162401219530e-02
-6.777509930739e+00,6.023520916320e+00,8.426972125026e-02
-6.777450911275e+00,6.093878823282e+00,8.386771666140e-02
-6.777439390191e+00,4.687500150008e-02,9.207005646976e-02
-6.777293733915e+00,4.544560059148e+00,8.907254236579e-02
-6.777289375897e+00,2.763446261583e+00,9.118803195309e-02
-6.777223008107e+00,3.494463345883e+00,9.055339644576e-02
-6.777178257890e+00,4.489158045162e+00,8.917489610854e-02
-6.777112279823e+00,5.365015382548e+00,8.705361639378e-02
-6.777069934851e+00,7.812500250012e-02,9.207018968963e-02
-6.777019382328e+00,5.490748806022e+00,8.662921515160e-02
-6.777000083250e+00,1.696800505522e+00,9.176011254941e-02
-6.776890340597e+00,6.698626615257e+00,7.885652585929e-02
-6.776854574139e+00,4.600061049239e+00,8.896827187468e-02
-6.776700479511e+00,1.093750035002e-01,9.207012008412e-02
-6.776513140921e+00,4.433859808745e+00,8.927536941903e-02
-6.776488177473e+00,3.246424807712e+00,9.079803215454e-02
-6.776456833692e+00,5.953285347070e+00,8.465170414758e-02
-6.776385490476e+00,1.515711888376e+00,9.182582400978e-02
-6.776331024172e+00,1.406250045003e-01,9.206985110674e-02
-6.776308286517e+00,6.460738516990e+00,8.124787906117e-02
-6.776286512027e+00,1.066931789680e+00,9.195197964685e-02
-6.776270707185e+00,6.164348833283e+00,8.344458621067e-02
-6.776247816410e+00,3.798159236534e+00,9.021131310885e-02
-6.775961568832e+00,1.718750055004e-01,9.206938807898e-02
-6.775855820170e+00,4.655656172119e+00,8.886204787604e-02
-6.775782782189e+00,4.005328836030e+00,8.994313313963e-02
-6.775705261765e+00,7.756492514107e+00,3.996623842054e-02
-6.775592113492e+00,2.031250065004e-01,9.206871670796e-02
-6.775303414156e+00,4.378670108992e+00,8.937399816147e-02
-6.775222658152e+00,2.343750075005e-01,9.206786007033e-02
-6.774853202813e+00,2.656250085005e-01,9.206678581611e-02
-6.774655603786e+00,2.432759079109e+00,9.140847512260e-02
-6.774483747473e+00,2.968750095005e-01,9.206553521978e-02
-6.774464973450e+00,1.878633529312e+00,9.169069430707e-02
-6.774300767727e+00,5.883182273974e+00,8.501603972813e-02
-6.774292550520e+00,4.711340542699e+00,8.875383317708e-02
-6.774114292133e+00,3.281250105004e-01,9.206405729887e-02
-6.773966399955e+00,2.667786479731e+00,9.126048099284e-02
-6.773960330849e+00,6.234920635520e+00,8.299957190444e-02
-6.773908007999e+00,5.239761525985e+00,8.745158210400e-02
-6.773744836794e+00,3.593750115003e-01,9.206236729866e-02
-6.773572740600e+00,5.616901910638e+00,8.617747102306e-02
-6.773554144759e+00,4.323593662266e+00,8.947081773981e-02
-6.773375381454e+00,3.906250125003e-01,9.206045394595e-02
-6.773303618195e+00,5.058774918598e+00,8.795201417093e-02
-6.773005926114e+00,4.218750135002e-01,9.205835465439e-02
-6.772998650282e+00,7.826891072623e+00,3.083432630590e-02
-6.772715091228e+00,1.335454153213e+00,9.188789553629e-02
-6.772692393831e+00,3.343825151193e+00,9.071412447538e-02
-6.772636470774e+00,4.531250145001e-01,9.205603421271e-02
-6.772345745733e+00,6.776427468829e+00,7.796764220533e-02
-6.772267015434e+00,4.843750155000e-01,9.205353982149e-02
-6.772159881039e+00,4.767109234223e+00,8.864331038287e-02
-6.772076162931e+00,7.028845910079e+00,7.406691341462e-02
-6.771526629650e+00,5.156250165000e-01,9.205136532117e-02
-6.771270435380e+00,4.268635142275e+00,8.956586309004e-02
-6.771269164556e+00,1.111531103105e+00,9.194927235478e-02
-6.771050959491e+00,5.813221778466e+00,8.536383341171e-02
-6.770553107168e+00,3.951047748804e+00,9.002921744832e-02
-6.770510875943e+00,6.305583843420e+00,8.253106796482e-02
-6.770415313419e+00,5.468750175001e-01,9.204958449336e-02
-6.770100824962e+00,3.592516941643e+00,9.046392005331e-02
-6.769772298745e+00,7.897448743472e+00,1.829361007144e-02
-6.769619773725e+00,1.560393586420e+00,9.182134478543e-02
-6.769534355142e+00,2.572480706498e+00,9.133119063894e-02
-6.769504463169e+00,1.741514448554e+00,9.175490546569e-02
-6.769452964983e+00,4.822957278931e+00,8.853031783830e-02
-6.769303997189e+00,5.781250185001e-01,9.204755646889e-02
-6.769195032218e+00,3.744367501041e+00,9.029259638210e-02
-6.769175651903e+00,2.199436076334e+00,9.154773293245e-02
-6.769161920362e+00,6.531685766866e+00,8.068052364896e-02
-6.768688582589e+00,2.061121364212e+00,9.161750111546e-02
-6.768457423904e+00,4.213799179671e+00,8.965910878392e-02
-6.768192680959e+00,6.093750195002e-01,9.204537994454e-02
-6.767807236516e+00,5.421662219293e+00,8.690822775294e-02
-6.767635261287e+00,3.441448241306e+00,9.062824076199e-02
-6.767634966793e+00,2.338259480739e+00,9.147539013455e-02
-6.767464061605e+00,5.115046161780e+00,8.782557997485e-02
-6.767391475762e+00,3.000600467267e+00,9.102724499515e-02
-6.767081364729e+00,6.406250205002e-01,9.204294258586e-02
-6.767053888063e+00,6.854486962796e+00,7.699080816652e-02
-6.766829774857e+00,2.904278526585e+00,9.110368177509e-02
-6.766770533424e+00,3.097214660526e+00,9.094897973320e-02
-6.766716714281e+00,5.743413864149e+00,8.569610191268e-02
-6.766664466465e+00,1.380083891102e+00,9.188413401313e-02
-6.766246377902e+00,5.547519274162e+00,8.647501146946e-02
-6.766225167217e+00,1.923359432086e+00,9.168474884638e-02
-6.766166993450e+00,4.878879668158e+00,8.841517014612e-02
-6.766085002138e+00,1.156110591555e+00,9.194639209656e-02
-6.766046133475e+00,5.296257609135e+00,8.731522724032e-02
-6.766024591403e+00,7.968162120927e+00,6.608629055900e-06
-6.765970048499e+00,6.718750215003e-01,9.204036718249e-02
-6.765913517634e+00,6.376327995701e+00,8.203731058957e-02
-6.765120283180e+00,4.159090361685e+00,8.975025576938e-02
-6.765107349405e+00,2.808267361573e+00,9.117831829366e-02
-6.764945296875e+00,3.194102214666e+00,9.086850359675e-02
-6.764858732268e+00,7.031250225004e-01,9.203746842053e-02
-6.764823682628e+00,3.896915035155e+00,9.011375144226e-02
-6.764397244800e+00,7.107766280155e+00,7.265314532820e-02
-6.764128912222e+00,7.389026036494e+00,6.478847399764e-02
-6.764084499223e+00,7.458493313937e+00,6.199035993876e-02
-6.764016033154e+00,2.477546201480e+00,9.140019025570e-02
-6.763747416038e+00,7.343750235004e-01,9.203439737697e-02
-6.763664131475e+00,7.319738480146e+00,6.718178514874e-02
-6.763529150868e+00,7.528136983137e+00,5.867562852492e-02
-6.762691918875e+00,7.250633961440e+00,6.925201578028e-02
-6.762684321032e+00,1.605044535708e+00,9.181668816050e-02
-6.762636099808e+00,7.656250245004e-01,9.203123026139e-02
-6.762461146028e+00,7.597953701989e+00,5.468711775602e-02
-6.762297195809e+00,4.934871352441e+00,8.829782558023e-02
-6.762246379507e+00,2.712585124528e+00,9.125118320317e-02
-6.762226154291e+00,6.604237335299e+00,8.004878401288e-02
-6.761894388035e+00,3.291243874532e+00,9.078610494477e-02
-6.761837698477e+00,1.786193060136e+00,9.174951887883e-02
-6.761662146700e+00,3.690740205250e+00,9.037238721331e-02
-6.761524783578e+00,7.968750255003e-01,9.202775432758e-02
-6.761307415356e+00,5.673768456303e+00,8.601378208400e-02
-6.761296131781e+00,3.539273878894e+00,9.054035314160e-02
-6.761264220570e+00,4.104513232070e+00,8.983976245401e-02
-6.761214056506e+00,7.181715784036e+00,7.106028138643e-02
-6.761020138523e+00,5.171364806253e+00,8.769671827563e-02
-6.761011044149e+00,6.932798470626e+00,7.591238273533e-02
-6.760878784187e+00,7.667940115685e+00,4.979673469109e-02
-6.760734148674e+00,1.200669238921e+00,9.194333857637e-02
-6.760445634820e+00,1.424687373036e+00,9.188019707346e-02
-6.760413467348e+00,8.281250265002e-01,9.202401874708e-02
-6.760192168622e+00,6.080669743675e+00,8.406309936131e-02
-6.760159512900e+00,6.447142557278e+00,8.151635806709e-02
-6.760034318562e+00,6.010393628569e+00,8.445444606731e-02
-6.759690854874e+00,2.105838385428e+00,9.161080652917e-02
-6.759581746513e+00,2.244171354140e+00,9.154046418873e-02
-6.759302151117e+00,8.593750275002e-01,9.202018702183e-02
-6.759230554102e+00,6.151059419882e+00,8.365095594410e-02
-6.758780385367e+00,7.738092856991e+00,4.366034945059e-02
-6.758766080883e+00,5.940241298735e+00,8.482702015888e-02
-6.758599877300e+00,3.842935029446e+00,9.019676539759e-02
-6.758543815333e+00,6.681643915656e+00,7.927156325686e-02
-6.758269301488e+00,2.617249591620e+00,9.132230546184e-02
-6.758190834887e+00,8.906250285001e-01,9.201617612278e-02
-6.757871784064e+00,5.478327071561e+00,8.675996464576e-02
-6.757838839862e+00,4.990927242028e+00,8.817824189911e-02
-6.757812931544e+00,1.968045334127e+00,9.167862168463e-02
-6.757596708037e+00,3.388620023771e+00,9.070175717866e-02
-6.757564489967e+00,5.352783869332e+00,8.717567640113e-02
-6.757434467694e+00,2.382999839991e+00,9.146750925447e-02
-6.757140478465e+00,6.221552356841e+00,8.321778675220e-02
-6.757079518657e+00,9.218750295001e-01,9.201177158036e-02
-6.756894477662e+00,4.050072290768e+00,8.992765999029e-02
-6.756396611967e+00,5.870222902055e+00,8.518258558449e-02
-6.756164290107e+00,7.808408546465e+00,3.573325340054e-02
-6.755968202427e+00,9.531250305000e-01,9.200727077723e-02
-6.755579322891e+00,1.649663702653e+00,9.181185374524e-02
-6.755216734223e+00,1.245206030090e+00,9.194011148782e-02
-6.755151298488e+00,4.533805102737e+00,8.915717546276e-02
-6.754885223484e+00,4.589192577739e+00,8.905461157650e-02
-6.754864659040e+00,4.478517784062e+00,8.925786492148e-02
-6.754856886197e+00,9.843750315000e-01,9.200267464498e-02
-6.754832523321e+00,5.604295401321e+00,8.631773871461e-02
-6.754213546153e+00,7.011355327497e+00,7.471575382560e-02
-6.754118879963e+00,6.759316548006e+00,7.842229422494e-02
-6.754080665965e+00,3.045373024060e+00,9.101649248240e-02
-6.754061468408e+00,4.644675377435e+00,8.895013755140e-02
-6.754058759371e+00,1.469263574748e+00,9.187608436246e-02
-6.754030307151e+00,4.423335411450e+00,8.935671524290e-02
-6.754000007626e+00,1.830835298145e+00,9.174395236838e-02
-6.753995985835e+00,2.949046680792e+00,9.109335201924e-02
-6.753967281772e+00,5.227725592399e+00,8.756538333116e-02
-6.753913026408e+00,6.292138178376e+00,8.276207310374e-02
-6.753654650757e+00,3.637281514451e+00,9.045043486770e-02
-6.753240201543e+00,6.518016919367e+00,8.096606787216e-02
-6.753198801594e+00,2.522278160600e+00,9.139171421828e-02
-6.753028859591e+00,7.878883792519e+00,2.509909554482e-02
-6.752976041225e+00,3.141983868261e+00,9.093772595317e-02
-6.752935147184e+00,5.800348509350e+00,8.552219389807e-02
-6.752787232293e+00,5.047042206970e+00,8.805637635350e-02
-6.752743806268e+00,2.853023494760e+00,9.116840868712e-02
-6.752675104478e+00,4.700248628374e+00,8.884371726481e-02
-6.752653281052e+00,4.368262732223e+00,8.945376128694e-02
-6.752031442397e+00,3.486210689837e+00,9.061543200198e-02
-6.752016329973e+00,3.995771993571e+00,9.001397912904e-02
-6.751926568081e+00,1.022230280942e+00,9.199902165905e-02
-6.751887092614e+00,3.789112020811e+00,9.027828914516e-02
-6.750738654919e+00,4.313304450935e+00,8.954903747456e-02
-6.750721240173e+00,4.755907415397e+00,8.873531419313e-02
-6.750660576109e+00,3.238860190212e+00,9.085681018199e-02
-6.750519540143e+00,2.150510653210e+00,9.160392797804e-02
-6.750346196457e+00,2.757321752800e+00,9.124169082102e-02
-6.749812928236e+00,2.288858110572e+00,9.153300965730e-02
-6.749539364056e+00,6.362806433551e+00,8.228214940358e-02
-6.749532895012e+00,1.289719950861e+00,9.193671051401e-02
-6.749372475888e+00,7.949515191401e+00,1.008774633165e-02
-6.749228513330e+00,2.012690185661e+00,9.167231237613e-02
-6.748947564001e+00,6.837248650410e+00,7.749098692759e-02
-6.748458639642e+00,5.409334920138e+00,8.703304831399e-02
-6.748391000486e+00,5.730628113556e+00,8.584681344458e-02
-6.748304976075e+00,1.694250054936e+00,9.180684114075e-02
-6.748291538339e+00,4.258465229435e+00,8.964257777966e-02
-6.748269855262e+00,1.562500050003e-02,9.211341750906e-02
-6.748195021314e+00,4.811646782292e+00,8.862426689046e-02
-6.747905426526e+00,4.687500150008e-02,9.211372748921e-02
-6.747540997789e+00,7.812500250012e-02,9.211385137376e-02
-6.747504009412e+00,1.513811473100e+00,9.187179551536e-02
-6.747301575613e+00,5.535004466005e+00,8.660877142182e-02
-6.747176569053e+00,1.093750035002e-01,9.211377039000e-02
-6.747137718977e+00,5.103211077412e+00,8.793218569421e-02
-6.747113010271e+00,3.335982604803e+00,9.077397219711e-02
-6.747094873864e+00,1.066681751651e+00,9.199649511136e-02
-6.747057810160e+00,2.427687847197e+00,9.145943870618e-02
-6.746825483858e+00,2.661959367876e+00,9.131322710787e-02
-6.746812140316e+00,1.406250045003e-01,9.211349798197e-02
-6.746801649089e+00,7.440429535632e+00,6.344616049946e-02
-6.746757602164e+00,7.371047318490e+00,6.603005092026e-02
-6.746657782116e+00,7.090150830818e+00,7.338048266276e-02
-6.746635086617e+00,3.941616751856e+00,9.009875021129e-02
-6.746447711580e+00,1.718750055004e-01,9.211302600162e-02
-6.746335176198e+00,7.509988578747e+00,6.040610076880e-02
-6.746300964459e+00,5.284123221467e+00,8.743152888515e-02
-6.746204779145e+00,7.301845254624e+00,6.825306821255e-02
-6.746083282843e+00,2.031250065004e-01,9.211235710134e-02
-6.745991615385e+00,1.875440121938e+00,9.173820550574e-02
-6.745718854107e+00,2.343750075005e-01,9.211149392893e-02
-6.745356460232e+00,7.579721107757e+00,5.677779205590e-02
-6.745354425370e+00,2.656250085005e-01,9.211042804902e-02
-6.745317076065e+00,4.203749686478e+00,8.973410827996e-02
-6.745178066584e+00,3.583995547956e+00,9.052710212853e-02
-6.745147006628e+00,6.588940400258e+00,8.038374705337e-02
-6.745144944033e+00,7.232826658537e+00,7.018569675938e-02
-6.745091631488e+00,4.867461731898e+00,8.851108410036e-02
-6.744989996634e+00,2.968750095005e-01,9.210917332635e-02
-6.744690762187e+00,3.735450253230e+00,9.035835206551e-02
-6.744625567897e+00,3.281250105004e-01,9.210770969092e-02
-6.744261139161e+00,3.593750115003e-01,9.210601855485e-02
-6.744010739283e+00,6.433546597566e+00,8.177618497319e-02
-6.743896710425e+00,3.906250125003e-01,9.210412581796e-02
-6.743863798531e+00,7.649623769875e+00,5.237272754864e-02
-6.743682773476e+00,1.334209987667e+00,9.193313532764e-02
-6.743579881011e+00,7.163994831830e+00,7.188119096415e-02
-6.743532281688e+00,4.218750135002e-01,9.210202792675e-02
-6.743167852952e+00,4.531250145001e-01,9.209973405046e-02
-6.743026138327e+00,6.915433602332e+00,7.646523648905e-02
-6.742933425969e+00,6.067460664067e+00,8.425299371087e-02
-6.742803424215e+00,4.843750155000e-01,9.209724337893e-02
-6.742773563729e+00,5.661071629232e+00,8.615733754658e-02
-6.742558706385e+00,5.997266340818e+00,8.463412598755e-02
-6.742312364864e+00,3.433331367230e+00,9.068918334495e-02
-6.742204248443e+00,2.566953875226e+00,9.138304646758e-02
-6.742190401018e+00,6.137770006481e+00,8.385139196077e-02
-6.742098487728e+00,1.111114666456e+00,9.199379641799e-02
-6.742073111706e+00,5.156250165000e-01,9.209508586100e-02
-6.741855508970e+00,7.719693199877e+00,4.691223587363e-02
-6.741820447739e+00,4.149162397355e+00,8.982384349026e-02
-6.741406292488e+00,4.923347226209e+00,8.839575547281e-02
-6.741174914233e+00,2.195137110972e+00,9.159686499834e-02
-6.741075328075e+00,5.927197250400e+00,8.499765269850e-02
-6.740979789113e+00,2.993745762981e+00,9.108282455497e-02
-6.740976915425e+00,5.468750175001e-01,9.209327996536e-02
-6.740885685095e+00,5.159428644159e+00,8.780562617997e-02
-6.740861483634e+00,1.738802561494e+00,9.180164993921e-02
-6.740781560488e+00,1.558330045893e+00,9.186733015767e-02
-6.740756089813e+00,3.887610932628e+00,9.018200316090e-02
-6.740586204662e+00,3.090073467469e+00,9.100554110205e-02
-6.740472165870e+00,2.057292938444e+00,9.166582046852e-02
-6.740320626080e+00,6.208184078162e+00,8.342957615297e-02
-6.740199145667e+00,2.897713556447e+00,9.115830262809e-02
-6.740197290069e+00,6.664661216055e+00,7.966869649311e-02
-6.739880719143e+00,5.781250185001e-01,9.209125930810e-02
-6.739869495857e+00,2.333495281143e+00,9.152536886852e-02
-6.739329929932e+00,7.789926020307e+00,3.996625040109e-02
-6.738996701178e+00,3.186677880509e+00,9.092626597572e-02
-6.738784522862e+00,6.093750195002e-01,9.208906001488e-02
-6.738724185800e+00,5.465905337101e+00,8.688762075939e-02
-6.738492456207e+00,5.857263530137e+00,8.534477758698e-02
-6.738266231937e+00,2.801995268186e+00,9.123200332312e-02
-6.738016700111e+00,5.340552356116e+00,8.729492858572e-02
-6.737812752824e+00,1.920006492400e+00,9.173227785455e-02
-6.737806867446e+00,4.094707893838e+00,8.991197273439e-02
-6.737688326580e+00,6.406250205002e-01,9.208663595844e-02
-6.737666518208e+00,1.378675127919e+00,9.192938559107e-02
-6.737318482723e+00,6.504348071869e+00,8.124216317038e-02
-6.737315176873e+00,6.278692513333e+00,8.298610870947e-02
-6.737134264466e+00,4.979298186886e+00,8.827824007840e-02
-6.737016351470e+00,3.681953925309e+00,9.043674146781e-02
-6.736937525773e+00,1.155528022395e+00,9.199092529132e-02
-6.736592130299e+00,6.718750215003e-01,9.208406766965e-02
-6.736505316409e+00,2.472322430101e+00,9.145117794420e-02
-6.736350929376e+00,6.993864744915e+00,7.533000784450e-02
-6.736285420436e+00,7.860318841566e+00,3.083433819227e-02
-6.736237947336e+00,3.530886378819e+00,9.060241587161e-02
-6.736189859173e+00,3.283539848739e+00,9.084491187184e-02
-6.736092306042e+00,5.591688892003e+00,8.645459173416e-02
-6.735892014192e+00,6.742205627183e+00,7.885646685230e-02
-6.735495934017e+00,7.031250225004e-01,9.208117765119e-02
-6.735203265688e+00,2.706608947248e+00,9.130395504093e-02
-6.734819334876e+00,5.787475240234e+00,8.567650167603e-02
-6.734399737736e+00,7.343750235004e-01,9.207808694151e-02
-6.734384714644e+00,3.833758858066e+00,9.026376747794e-02
-6.734026555545e+00,5.215689658812e+00,8.767665358519e-02
-6.733891594393e+00,1.602818271875e+00,9.186268790531e-02
-6.733303541454e+00,7.656250245004e-01,9.207489720971e-02
-6.733281583421e+00,4.040390663847e+00,8.999852635740e-02
-6.733249054900e+00,1.783320192492e+00,9.179627972408e-02
-6.733165210478e+00,6.349284871401e+00,8.251941531704e-02
-6.733008863061e+00,4.523050146326e+00,8.924014410696e-02
-6.732915872828e+00,4.578324106238e+00,8.913923991354e-02
-6.732720360373e+00,7.930868261876e+00,1.829361927648e-02
-6.732551060190e+00,4.467877522962e+00,8.933921478677e-02
-6.732270846391e+00,5.035309495343e+00,8.815849651119e-02
-6.732267116646e+00,4.633694582750e+00,8.903646749826e-02
-6.732207345173e+00,7.968750255003e-01,9.207149162608e-02
-6.732144537131e+00,3.380639857095e+00,9.076163345298e-02
-6.731657259494e+00,2.239716703542e+00,9.158961712139e-02
-6.731612110234e+00,1.199920816995e+00,9.198788143302e-02
-6.731547473381e+00,4.412811014154e+00,8.943648626075e-02
-6.731544148843e+00,2.101852545763e+00,9.165914550310e-02
-6.731484283962e+00,1.423114359977e+00,9.192546095641e-02
-6.731111148891e+00,8.281250265002e-01,9.206774113895e-02
-6.731057658436e+00,4.689156714049e+00,8.893179176252e-02
-6.731032719647e+00,2.611572266112e+00,9.137418645918e-02
-6.730841239939e+00,6.820010338023e+00,7.796759331678e-02
-6.730065286692e+00,5.717842362962e+00,8.599374787054e-02
-6.730014952610e+00,8.593750275002e-01,9.206389149243e-02
-6.730003147948e+00,4.357855355455e+00,8.953199242663e-02
-6.729751754687e+00,2.378081803059e+00,9.151754134950e-02
-6.729518798956e+00,7.422365757327e+00,6.478847893055e-02
-6.729463657376e+00,1.964533371693e+00,9.172616897091e-02
-6.729454008213e+00,6.575200184925e+00,8.067785733612e-02
-6.729386292105e+00,7.353068600486e+00,6.718178870692e-02
-6.729282599308e+00,4.744705596571e+00,8.882517722799e-02
-6.729141201528e+00,7.491840174357e+00,6.199036633829e-02
-6.729110042768e+00,5.397007620983e+00,8.715497364383e-02
-6.728918756328e+00,8.906250285001e-01,9.205994344458e-02
-6.728918319432e+00,7.072535381482e+00,7.406689950134e-02
-6.728869357419e+00,3.628627190007e+00,9.051364310029e-02
-6.728745426815e+00,7.283952029103e+00,6.925201805999e-02
-6.728633150493e+00,8.001570867492e+00,6.608629082051e-06
-6.728356773323e+00,5.522489657849e+00,8.673934014595e-02
-6.728251774435e+00,7.561488513525e+00,5.867563646557e-02
-6.728249877756e+00,3.986215151111e+00,9.008353431796e-02
-6.727923165078e+00,4.303015239603e+00,8.962576676320e-02
-6.727861965665e+00,6.419950637853e+00,8.202776830106e-02
-6.727822560047e+00,9.218750295001e-01,9.205554834232e-02
-6.727781608822e+00,3.038374663312e+00,9.107209890729e-02
-6.727597969193e+00,7.215019355634e+00,7.106028248180e-02
-6.727526368818e+00,3.780064805088e+00,9.034407223288e-02
-6.727473773535e+00,2.942336444320e+00,9.114799961591e-02
-6.726937077644e+00,4.800336285653e+00,8.871628121972e-02
-6.726908534658e+00,3.134700679821e+00,9.099439041112e-02
-6.726848812874e+00,7.631307424066e+00,5.468712726871e-02
-6.726839876686e+00,3.477958033790e+00,9.067640256590e-02
-6.726834299130e+00,1.647275130968e+00,9.185786836474e-02
-6.726811376349e+00,5.091375993044e+00,8.803648289731e-02
-6.726726363765e+00,9.531250305000e-01,9.205103425717e-02
-6.726555795444e+00,5.271988833798e+00,8.754522320756e-02
-6.726122369427e+00,1.244292048771e+00,9.198466453413e-02
-6.726006873772e+00,2.846604576614e+00,9.122212018880e-02
-6.725945705517e+00,7.146273879625e+00,7.265320076760e-02
-6.725777315195e+00,2.516902518399e+00,9.144272641992e-02
-6.725674683317e+00,6.054251584459e+00,8.443728056396e-02
-6.725630167484e+00,9.843750315000e-01,9.204642170302e-02
-6.725467905506e+00,1.827801919254e+00,9.179073007036e-02
-6.725312641298e+00,4.248295316595e+00,8.971774798000e-02
-6.725150247934e+00,6.124480593081e+00,8.404614454946e-02
-6.725136231658e+00,1.467526673142e+00,9.192136106569e-02
-6.725083094207e+00,5.984139053067e+00,8.480896264423e-02
-6.725041232505e+00,6.898068734038e+00,7.699077015868e-02
-6.724930632572e+00,7.701293542762e+00,4.979674571048e-02
-6.724832974745e+00,3.231295572711e+00,9.091460180880e-02
-6.724239712102e+00,5.648374802162e+00,8.629736854260e-02
-6.724016269526e+00,4.856043795638e+00,8.860500707777e-02
-6.723500773696e+00,6.194815799483e+00,8.363521757757e-02
-6.723403017017e+00,2.751197244017e+00,9.129448872558e-02
-6.723384575266e+00,5.914153202065e+00,8.516378498326e-02
-6.722717066067e+00,3.932185754909e+00,9.016702618012e-02
-6.722716209288e+00,1.022146893992e+00,9.204288054488e-02
-6.722495569758e+00,7.771443494149e+00,4.366036170497e-02
-6.722444728285e+00,2.146367962583e+00,9.165228701521e-02
-6.722176728225e+00,4.193700193285e+00,8.980771099712e-02
-6.721966864699e+00,2.284248377488e+00,9.158218387409e-02
-6.721850764805e+00,6.647678516453e+00,8.004871671214e-02
-6.721533626711e+00,3.328140058414e+00,9.083280817737e-02
-6.721396763904e+00,6.490679224370e+00,8.150926756285e-02
-6.720944572796e+00,2.009019723416e+00,9.171987840374e-02
-6.720751231666e+00,5.147492482064e+00,8.791215690372e-02
-6.720717327338e+00,6.265246848289e+00,8.320348307081e-02
-6.720588300447e+00,5.844304158219e+00,8.550278252073e-02
-6.720515389166e+00,4.911823099977e+00,8.849163632480e-02
-6.720468437750e+00,1.288640717133e+00,9.198127427509e-02
-6.720255308206e+00,3.575474154269e+00,9.058919202126e-02
-6.720186492157e+00,3.726533005418e+00,9.042283962085e-02
-6.719684567760e+00,2.656132256021e+00,9.136513364761e-02
-6.719609868900e+00,1.691699604350e+00,9.185287113316e-02
-6.719576587535e+00,5.453483602640e+00,8.701229121052e-02
-6.719541981282e+00,7.841753890613e+00,3.573326617070e-02
-6.719460016534e+00,2.422616615285e+00,9.150952662468e-02
-6.718730864994e+00,1.562500050003e-02,9.215646376208e-02
-6.718622528349e+00,1.511911057824e+00,9.191708555089e-02
-6.718520612298e+00,4.139234433025e+00,8.989607138558e-02
-6.718488312598e+00,6.976374162333e+00,7.591235644632e-02
-6.718468910255e+00,5.328320842900e+00,8.741128987532e-02
-6.718371462861e+00,4.687500150008e-02,9.215676033967e-02
-6.718012060728e+00,7.812500250012e-02,9.215687515172e-02
-6.717903235700e+00,1.066431713622e+00,9.204036204086e-02
-6.717665148422e+00,6.725094706360e+00,7.927150525462e-02
-6.717652658594e+00,1.093750035002e-01,9.215678320608e-02
-6.717518257319e+00,1.872246714563e+00,9.178500054480e-02
-6.717352088763e+00,5.579082382685e+00,8.658815224123e-02
-6.717293256461e+00,1.406250045003e-01,9.215650748450e-02
-6.716989468441e+00,3.425214493153e+00,9.074908826895e-02
-6.716933854328e+00,1.718750055004e-01,9.215602697679e-02
-6.716791056900e+00,6.335763309251e+00,8.274945165579e-02
-6.716703522569e+00,5.774601971118e+00,8.582690883766e-02
-6.716688496998e+00,3.878306830101e+00,9.024903110587e-02
-6.716574452195e+00,2.031250065004e-01,9.215536051893e-02
-6.716429689070e+00,4.967669131743e+00,8.837612928240e-02
-6.716215050061e+00,2.343750075005e-01,9.215449124627e-02
-6.716068244858e+00,7.912221332351e+00,2.509910709639e-02
-6.715855647928e+00,2.656250085005e-01,9.215343356708e-02
-6.715496245795e+00,2.968750095005e-01,9.215217516256e-02
-6.715136843662e+00,3.281250105004e-01,9.215072549382e-02
-6.714874141743e+00,2.561427043955e+00,9.143408358217e-02
-6.714777441528e+00,3.593750115003e-01,9.214903366399e-02
-6.714650455725e+00,1.332965822121e+00,9.197771032590e-02
-6.714568102463e+00,2.986891058696e+00,9.113749915552e-02
-6.714418039395e+00,3.906250125003e-01,9.214716106984e-02
-6.714401875900e+00,3.082932274411e+00,9.106117460929e-02
-6.714349514322e+00,4.084902555605e+00,8.998285907683e-02
-6.714085829318e+00,5.203653725226e+00,8.778547574679e-02
-6.714058637262e+00,4.218750135002e-01,9.214506503049e-02
-6.713761009799e+00,6.561459969592e+00,8.096181867225e-02
-6.713699235129e+00,4.531250145001e-01,9.214279710113e-02
-6.713568516476e+00,2.891148586308e+00,9.121204090081e-02
-6.713339832996e+00,4.843750155000e-01,9.214031061613e-02
-6.713174176563e+00,2.190838145610e+00,9.164524453460e-02
-6.713048105481e+00,3.179253546352e+00,9.098303997730e-02
-6.712927810900e+00,1.110698229808e+00,9.203767192346e-02
-6.712734915877e+00,6.802772025637e+00,7.842224619043e-02
-6.712619593763e+00,5.156250165000e-01,9.213816973102e-02
-6.712370556241e+00,3.673167645368e+00,9.049997577512e-02
-6.712255749150e+00,2.053464512677e+00,9.171340569504e-02
-6.712235948822e+00,7.404301979022e+00,6.603005575863e-02
-6.712218504099e+00,1.736090674434e+00,9.184769579874e-02
-6.712104024922e+00,2.328731081548e+00,9.157456477929e-02
-6.712072759054e+00,7.982842407578e+00,1.008775243879e-02
-6.712014982047e+00,7.335089882482e+00,6.825307170089e-02
-6.711947226859e+00,7.473691769966e+00,6.344616678324e-02
-6.711943347252e+00,1.556266505366e+00,9.191263403419e-02
-6.711754460489e+00,5.023576783715e+00,8.825844582473e-02
-6.711739572898e+00,5.705056612368e+00,8.613704411670e-02
-6.711713192048e+00,6.406354678141e+00,8.227149132567e-02
-6.711538517430e+00,5.468750175001e-01,9.213634007783e-02
-6.711425114468e+00,2.795723174799e+00,9.128482762781e-02
-6.711286074485e+00,7.266058803581e+00,7.018569899413e-02
-6.711179762891e+00,3.522498878744e+00,9.066341445174e-02
-6.711178856747e+00,7.054919932146e+00,7.471574017622e-02
-6.711147088639e+00,7.543255919293e+00,6.040610858263e-02
-6.710946522173e+00,4.567455634738e+00,8.922220739019e-02
-6.710866427634e+00,4.512295189915e+00,8.932149711305e-02
-6.710485330312e+00,3.275835822946e+00,9.090273293584e-02
-6.710472764884e+00,4.622713788066e+00,8.912108997445e-02
-6.710457441097e+00,5.781250185001e-01,9.213432670747e-02
-6.710237461340e+00,4.457237261861e+00,8.941899289059e-02
-6.710169551988e+00,3.824582686686e+00,9.032957784838e-02
-6.710050994352e+00,7.197212052731e+00,7.188119203807e-02
-6.709833827218e+00,7.612991078257e+00,5.677780145434e-02
-6.709761445894e+00,5.384680321829e+00,8.727410270107e-02
-6.709668689180e+00,4.030709036925e+00,9.006810363946e-02
-6.709440212393e+00,4.678064799724e+00,8.901811074755e-02
-6.709411971034e+00,5.509974849692e+00,8.686682964232e-02
-6.709400338430e+00,1.916653552714e+00,9.177909070618e-02
-6.709376364764e+00,6.093750195002e-01,9.213210597004e-02
-6.709064639610e+00,4.402286616859e+00,8.951472808924e-02
-6.708994599663e+00,2.467098658721e+00,9.150132421635e-02
-6.708668569950e+00,1.377266364736e+00,9.197397234610e-02
-6.708415940664e+00,6.041042504851e+00,8.461644228013e-02
-6.708311530023e+00,7.128552927419e+00,7.338053703096e-02
-6.708295288432e+00,6.406250205002e-01,9.212969499122e-02
-6.708160151869e+00,2.700632769967e+00,9.135588748706e-02
-6.708110094851e+00,6.111191179680e+00,8.423545018196e-02
-6.708005756174e+00,7.682893885646e+00,5.237273851772e-02
-6.707843958442e+00,4.733503777745e+00,8.891323523143e-02
-6.707790049407e+00,1.154945453236e+00,9.203480990272e-02
-6.707607482030e+00,5.971011765316e+00,8.497914716613e-02
-6.707353014845e+00,4.347447978686e+00,8.960873568448e-02
-6.707214212099e+00,6.718750215003e-01,9.212708648445e-02
-6.707056326683e+00,6.880703865743e+00,7.749094960057e-02
-6.706810626428e+00,5.259854446130e+00,8.765639620093e-02
-6.706692366225e+00,3.372659690419e+00,9.082049862301e-02
-6.706680921312e+00,6.181447520804e+00,8.383497281349e-02
-6.706485033721e+00,5.079540908676e+00,8.813854538787e-02
-6.706133135766e+00,7.031250225004e-01,9.212425275883e-02
-6.705705860475e+00,5.635677975091e+00,8.643400217685e-02
-6.705693822457e+00,5.901109153731e+00,8.532559088813e-02
-6.705679133974e+00,4.789025789015e+00,8.880642003272e-02
-6.705661209583e+00,7.752960967992e+00,4.691224825208e-02
-6.705475045084e+00,6.477010376871e+00,8.176781001235e-02
-6.705107675237e+00,4.292726028272e+00,8.970104825164e-02
-6.705098867754e+00,1.600592008041e+00,9.190800612800e-02
-6.705052059433e+00,7.343750235004e-01,9.212114383657e-02
-6.704946191327e+00,6.632282140104e+00,8.038278443245e-02
-6.704660411323e+00,1.780447324849e+00,9.184234194077e-02
-6.704483425540e+00,3.976658308652e+00,9.015183427015e-02
-6.704119477803e+00,6.251801183246e+00,8.341448662609e-02
-6.704084064080e+00,3.619972865564e+00,9.057576012356e-02
-6.703970983100e+00,7.656250245004e-01,9.211793310282e-02
-6.703796137805e+00,2.605894940603e+00,9.142524887779e-02
-6.703732772476e+00,2.235262052944e+00,9.163801758589e-02
-6.703397442813e+00,2.097866706097e+00,9.170675038031e-02
-6.703165645022e+00,3.771017589365e+00,9.040869474603e-02
-6.702940907564e+00,4.844625859378e+00,8.869700041855e-02
-6.702889906768e+00,7.968750255003e-01,9.211459538850e-02
-6.702798542127e+00,7.823188939660e+00,3.996626371281e-02
-6.702684144687e+00,5.831344786301e+00,8.565675884454e-02
-6.702522933105e+00,1.421541346919e+00,9.197005998492e-02
-6.702490071795e+00,1.199172395070e+00,9.203177567796e-02
-6.702333744256e+00,4.238125403755e+00,8.979136510969e-02
-6.702069041679e+00,2.373163766126e+00,9.156675935636e-02
-6.701808830435e+00,8.281250265002e-01,9.211083143466e-02
-6.701648310976e+00,3.469705377744e+00,9.073633621819e-02
-6.701482551679e+00,3.031376302564e+00,9.112680075849e-02
-6.701114383207e+00,1.961021409259e+00,9.177300010561e-02
-6.700951561235e+00,2.935626207848e+00,9.120176494626e-02
-6.700841028090e+00,3.127417491380e+00,9.105005120321e-02
-6.700727754102e+00,8.593750275002e-01,9.210696547076e-02
-6.700625695821e+00,6.958883579751e+00,7.646521068245e-02
-6.700616778238e+00,5.135556319969e+00,8.801638697926e-02
-6.700428989271e+00,5.441061868180e+00,8.713407883748e-02
-6.700416903322e+00,6.322241747101e+00,8.297258137054e-02
-6.699646677769e+00,8.906250285001e-01,9.210299821293e-02
-6.699624485845e+00,4.900298973745e+00,8.858553169442e-02
-6.699438282652e+00,6.707983785537e+00,7.966863946584e-02
-6.699416129343e+00,7.893574402825e+00,3.083435126724e-02
-6.699269941276e+00,2.840185658468e+00,9.127497121586e-02
-6.699036380386e+00,4.183650700091e+00,8.987995600173e-02
-6.699005373381e+00,3.223730955211e+00,9.097143271065e-02
-6.698921120399e+00,5.316089329684e+00,8.752487460685e-02
-6.698799045516e+00,3.922754757962e+00,9.023407978534e-02
-6.698611871484e+00,5.566475873368e+00,8.671853670600e-02
-6.698587710261e+00,5.761728702002e+00,8.597356003812e-02
-6.698565601437e+00,9.218750295001e-01,9.209869317965e-02
-6.698355828796e+00,2.511526876198e+00,9.149293364530e-02
-6.698089275369e+00,1.644886559283e+00,9.190320143523e-02
-6.698068011384e+00,6.547719754260e+00,8.123643560374e-02
-6.697484525104e+00,9.531250305000e-01,9.209416741163e-02
-6.697028004631e+00,1.243378067451e+00,9.202856893777e-02
-6.696935803385e+00,1.824768540363e+00,9.183680912994e-02
-6.696459837577e+00,2.745072735234e+00,9.134644743208e-02
-6.696403448771e+00,9.843750315000e-01,9.208954020419e-02
-6.696213703946e+00,1.465789771535e+00,9.196597288138e-02
-6.695954243151e+00,3.320297512025e+00,9.089065885190e-02
-6.695725113675e+00,4.956040076601e+00,8.847197537537e-02
-6.695682222127e+00,3.717615757606e+00,9.048609989745e-02
-6.695564418431e+00,6.392758718428e+00,8.250771399558e-02
-6.695512367615e+00,7.964113947663e+00,1.829362931831e-02
-6.695332549828e+00,3.566952760582e+00,9.065021863280e-02
-6.695220776858e+00,4.129306468694e+00,8.996697727208e-02
-6.694953098689e+00,7.386238200717e+00,6.718179345117e-02
-6.694753252189e+00,7.455543365576e+00,6.478848509668e-02
-6.694643671988e+00,7.317111164478e+00,6.925202147957e-02
-6.694628591814e+00,6.785533713250e+00,7.885641964628e-02
-6.694369916427e+00,2.142225271956e+00,9.169991198888e-02
-6.694145103092e+00,5.191617791640e+00,8.789192918716e-02
-6.694120801162e+00,2.279638644405e+00,9.163060568904e-02
-6.694042402842e+00,7.525023325061e+00,6.199037401774e-02
-6.693826722155e+00,7.248165578060e+00,7.106028467257e-02
-6.693505850495e+00,1.022063507043e+00,9.208602524415e-02
-6.693439394063e+00,7.037304482810e+00,7.532999445132e-02
-6.693413859104e+00,5.692270861775e+00,8.627683445308e-02
-6.692818841562e+00,7.594674732448e+00,5.867564572965e-02
-6.692660632262e+00,2.005349261170e+00,9.176672828681e-02
-6.692620904183e+00,3.869002727573e+00,9.031486861367e-02
-6.692543651663e+00,2.650305144166e+00,9.141622175233e-02
-6.692504019511e+00,7.179404749828e+00,7.265320182061e-02
-6.691862222907e+00,2.417545383372e+00,9.155876712175e-02
-6.691666572018e+00,3.417097619077e+00,9.080798274787e-02
-6.691403980488e+00,1.287561483405e+00,9.202518936011e-02
-6.691238074587e+00,5.011844072088e+00,8.835629255610e-02
-6.691157198011e+00,6.027833425244e+00,8.479079428107e-02
-6.691085674167e+00,8.034804152556e+00,6.608629135054e-06
-6.691080879777e+00,7.664494228531e+00,5.468713814035e-02
-6.691069941767e+00,6.097901766279e+00,8.441953245334e-02
-6.690914761726e+00,1.689149153764e+00,9.189821954938e-02
-6.690892161198e+00,4.075097217373e+00,9.005245809151e-02
-6.690677354528e+00,7.110831975213e+00,7.406695282825e-02
-6.690467168744e+00,5.497460041536e+00,8.699134679624e-02
-6.690412849020e+00,5.372353022674e+00,8.739053004637e-02
-6.690131869853e+00,5.957884477565e+00,8.514486084987e-02
-6.689861068927e+00,6.168079242125e+00,8.402908905728e-02
-6.689741047285e+00,1.510010642548e+00,9.196171066440e-02
-6.689553326265e+00,6.463341529373e+00,8.201819269285e-02
-6.689483569636e+00,6.618472087006e+00,8.067519298146e-02
-6.689191874725e+00,1.562500050003e-02,9.219888714591e-02
-6.689071420861e+00,6.863338997449e+00,7.796755665011e-02
-6.689044899254e+00,1.869053307189e+00,9.183109692856e-02
-6.688977171517e+00,4.556587163238e+00,8.930356260159e-02
-6.688837499196e+00,4.687500150008e-02,9.219917071353e-02
-6.688826849408e+00,7.734478441834e+00,4.979675810726e-02
-6.688723992207e+00,4.501540233504e+00,8.940128146249e-02
-6.688711597536e+00,1.066181675592e+00,9.208351055948e-02
-6.688678413123e+00,4.611732993381e+00,8.920405524906e-02
-6.688483123665e+00,7.812500250012e-02,9.219927670652e-02
-6.688217547138e+00,3.075791081354e+00,9.111590394404e-02
-6.688156415813e+00,2.980036354411e+00,9.119129181748e-02
-6.688128748136e+00,1.093750035002e-01,9.219917419746e-02
-6.688003069649e+00,5.888065105396e+00,8.548323553178e-02
-6.687923862490e+00,4.446597000761e+00,8.949724465878e-02
-6.687822766351e+00,4.666972885399e+00,8.910272622557e-02
-6.687774372606e+00,1.406250045003e-01,9.219889527459e-02
-6.687724761011e+00,3.664381365427e+00,9.056211987508e-02
-6.687544035042e+00,2.555900212684e+00,9.148432251394e-02
-6.687521628268e+00,6.238355518203e+00,8.361939323643e-02
-6.687419997076e+00,1.718750055004e-01,9.219840664408e-02
-6.687172008848e+00,5.622981148020e+00,8.656735958508e-02
-6.687099509784e+00,3.171829212195e+00,9.103872824158e-02
-6.687065621546e+00,2.031250065004e-01,9.219774259998e-02
-6.687065457412e+00,5.247720058461e+00,8.776513019015e-02
-6.686937887285e+00,2.884583616170e+00,9.126491896106e-02
-6.686711246016e+00,2.343750075005e-01,9.219686763815e-02
-6.686581805840e+00,4.391762219563e+00,8.959148465453e-02
-6.686405317576e+00,4.722301958919e+00,8.899954201072e-02
-6.686356870486e+00,2.656250085005e-01,9.219581799027e-02
-6.686158691093e+00,5.067705824308e+00,8.823844392103e-02
-6.686121578447e+00,3.514111378669e+00,9.072337689194e-02
-6.686055794939e+00,4.021027410004e+00,9.013642728162e-02
-6.686055102973e+00,7.804623988707e+00,4.366037532094e-02
-6.686002494956e+00,2.968750095005e-01,9.219455632214e-02
-6.685954389332e+00,3.815406515305e+00,9.039422878916e-02
-6.685648119426e+00,3.281250105004e-01,9.219312030998e-02
-6.685618137973e+00,1.331721656574e+00,9.202163661236e-02
-6.685293743896e+00,3.593750115003e-01,9.219142819975e-02
-6.685173438894e+00,2.186539180248e+00,9.169289004430e-02
-6.684939368366e+00,3.906250125003e-01,9.218957528864e-02
-6.684780801450e+00,3.268131797153e+00,9.095959375842e-02
-6.684779988928e+00,5.818385414382e+00,8.580685720218e-02
-6.684702881741e+00,4.337040601918e+00,8.968403354078e-02
-6.684584992836e+00,4.218750135002e-01,9.218748152101e-02
-6.684583996999e+00,2.789451081412e+00,9.133681293835e-02
-6.684421190305e+00,4.777715292376e+00,8.889446875473e-02
-6.684338553987e+00,2.323966881952e+00,9.162300835971e-02
-6.684230617306e+00,4.531250145001e-01,9.218523893802e-02
-6.684042749744e+00,6.308720184951e+00,8.318910852604e-02
-6.684039332431e+00,2.049636086910e+00,9.176027478645e-02
-6.683876241776e+00,4.843750155000e-01,9.218275707166e-02
-6.683757134072e+00,1.110281793160e+00,9.208082520215e-02
-6.683575524564e+00,1.733378787374e+00,9.189306005478e-02
-6.683166075819e+00,5.156250165000e-01,9.218063247815e-02
-6.683105134015e+00,1.554202964839e+00,9.195727295296e-02
-6.682764013828e+00,7.874927473300e+00,3.573328021786e-02
-6.682763079044e+00,6.941392997169e+00,7.699074482002e-02
-6.682375012969e+00,6.533979538927e+00,8.150215864368e-02
-6.682292185397e+00,4.282436816941e+00,8.977480601290e-02
-6.682100119435e+00,5.468750175001e-01,9.217878031191e-02
-6.681865545602e+00,4.833207923118e+00,8.878712302558e-02
-6.681483882917e+00,2.461874887342e+00,9.155058758949e-02
-6.681281391006e+00,5.428640133720e+00,8.725308187137e-02
-6.681240195319e+00,3.364679523743e+00,9.087837906494e-02
-6.681211416881e+00,6.690872864714e+00,8.004866062756e-02
-6.681117038049e+00,2.694656592687e+00,9.140700165067e-02
-6.681034163051e+00,5.781250185001e-01,9.217677414697e-02
-6.680987924037e+00,1.913300613028e+00,9.182520489079e-02
-6.680716973323e+00,3.967101466192e+00,9.021891330581e-02
-6.680482324809e+00,5.123620157875e+00,8.811838975442e-02
-6.680471897954e+00,5.748855432886e+00,8.611659294309e-02
-6.679968206667e+00,6.093750195002e-01,9.217453322132e-02
-6.679871654205e+00,5.553869364050e+00,8.684585623559e-02
-6.679670621693e+00,1.375857601553e+00,9.201791035141e-02
-6.679415644814e+00,6.379162758716e+00,8.273677468069e-02
-6.679373330543e+00,5.303857816468e+00,8.763594776628e-02
-6.679354847215e+00,4.227955490915e+00,8.986362668746e-02
-6.679298770741e+00,3.611318541121e+00,9.063681476117e-02
-6.678951976176e+00,7.945385487749e+00,2.509911969807e-02
-6.678902250283e+00,6.406250205002e-01,9.217213509875e-02
-6.678804921227e+00,3.761970373642e+00,9.047201523987e-02
-6.678733582523e+00,4.888774847514e+00,8.867750259624e-02
-6.678642573041e+00,1.154362884076e+00,9.207796891917e-02
-6.677836293899e+00,6.718750215003e-01,9.216948857625e-02
-6.677670248555e+00,7.368174422412e+00,6.825307635201e-02
-6.677559277519e+00,7.437394961186e+00,6.603006180660e-02
-6.677272361930e+00,7.299132446474e+00,7.018570234626e-02
-6.676937717046e+00,7.506790730828e+00,6.344617432380e-02
-6.676770337515e+00,7.031250225004e-01,9.216670912937e-02
-6.676559555963e+00,2.600217615095e+00,9.147551322099e-02
-6.676522267752e+00,6.768295400864e+00,7.927145885240e-02
-6.676456745265e+00,3.461452721698e+00,9.079526010716e-02
-6.676367369826e+00,7.230272352538e+00,7.188119418592e-02
-6.676306141115e+00,1.598365744207e+00,9.195265935621e-02
-6.676071767746e+00,1.777574457205e+00,9.188772252678e-02
-6.675896032547e+00,4.173601206898e+00,8.995088097165e-02
-6.675808285457e+00,2.230807402347e+00,9.168568406477e-02
-6.675803855906e+00,7.576358386639e+00,6.040611769876e-02
-6.675704381131e+00,7.343750235004e-01,9.216358336816e-02
-6.675699931379e+00,7.019689033474e+00,7.591234330175e-02
-6.675250736782e+00,2.093880866432e+00,9.175363913449e-02
-6.675183494536e+00,3.024377941816e+00,9.118062101304e-02
-6.675088145310e+00,5.679485111181e+00,8.641324488610e-02
-6.675020538280e+00,4.944411021458e+00,8.856584156650e-02
-6.674957044670e+00,7.161597446926e+00,7.338053806362e-02
-6.674881024966e+00,3.913323761014e+00,9.029994426083e-02
-6.674773521522e+00,3.120134302940e+00,9.110480824015e-02
-6.674638424747e+00,7.656250245004e-01,9.216035315875e-02
-6.674617405049e+00,8.015994612384e+00,1.008775905487e-02
-6.674429348935e+00,2.928915971376e+00,9.125467033871e-02
-6.674386328672e+00,2.368245729194e+00,9.161522510986e-02
-6.674204376865e+00,5.179581858054e+00,8.799608995051e-02
-6.674156003379e+00,7.646094571416e+00,5.677781219540e-02
-6.674029788683e+00,6.084612352879e+00,8.459860294661e-02
-6.674020947944e+00,6.604662033908e+00,8.095756509236e-02
-6.673898455359e+00,6.014624345636e+00,8.496052563363e-02
-6.673631607445e+00,6.449672681874e+00,8.226079304844e-02
-6.673572468363e+00,7.968750255003e-01,9.215701907482e-02
-6.673561582247e+00,1.419968333860e+00,9.201401022376e-02
-6.673368033355e+00,1.198423973145e+00,9.207494144720e-02
-6.673177772017e+00,3.216166337711e+00,9.102720528840e-02
-6.673043179034e+00,7.093111023008e+00,7.471579249167e-02
-6.673041216543e+00,6.154710963446e+00,8.421779991702e-02
-6.672765109040e+00,1.957509446825e+00,9.181913256298e-02
-6.672656257675e+00,5.944757189814e+00,8.530627578154e-02
-6.672533008780e+00,2.833766740322e+00,9.132698346344e-02
-6.672506511979e+00,8.281250265002e-01,9.215330487289e-02
-6.671992489233e+00,7.715995915676e+00,5.237275085791e-02
-6.671920941417e+00,4.119378504364e+00,9.003659763058e-02
-6.671522366454e+00,5.484945233379e+00,8.711299366567e-02
-6.671440555595e+00,8.593750275002e-01,9.214942410424e-02
-6.671177952097e+00,3.708698509795e+00,9.054827099813e-02
-6.671086515039e+00,6.845974129155e+00,7.842221016430e-02
-6.671064252146e+00,5.360025723519e+00,8.750433930191e-02
-6.670934342397e+00,2.506151233996e+00,9.154222027183e-02
-6.670923778733e+00,6.224909853159e+00,8.381846135172e-02
-6.670721688685e+00,5.000111360460e+00,8.845210219553e-02
-6.670409791450e+00,3.558431366895e+00,9.071020990107e-02
-6.670374859591e+00,3.312454965636e+00,9.094754978721e-02
-6.670374599211e+00,8.906250285001e-01,9.214543930618e-02
-6.670312316840e+00,5.875021057061e+00,8.563687581871e-02
-6.669516658137e+00,2.738948226451e+00,9.139758801775e-02
-6.669344251608e+00,1.642497987599e+00,9.194786947364e-02
-6.669311663818e+00,7.786059037754e+00,4.691226200592e-02
-6.669308642826e+00,9.218750295001e-01,9.214122127168e-02
-6.668638157221e+00,5.610284320950e+00,8.669755627920e-02
-6.668553311369e+00,3.859698625046e+00,9.037954786919e-02
-6.668403701264e+00,1.821735161472e+00,9.188220653197e-02
-6.668242686443e+00,9.531250305000e-01,9.213668532503e-02
-6.667933639836e+00,1.242464086132e+00,9.207174251258e-02
-6.667668596166e+00,6.295198622801e+00,8.339931966150e-02
-6.667434808074e+00,4.065291879141e+00,9.012080510309e-02
-6.667320288396e+00,5.235585670793e+00,8.787150402382e-02
-6.667291176233e+00,1.464052869929e+00,9.200993586560e-02
-6.667176730058e+00,9.843750315000e-01,9.213204512967e-02
-6.667007820861e+00,4.545718691738e+00,8.938335232200e-02
-6.666884061361e+00,4.600752198697e+00,8.928541169514e-02
-6.666875833168e+00,5.805426042464e+00,8.595322089645e-02
-6.666682014555e+00,6.520239323594e+00,8.175940987382e-02
-6.666581556780e+00,4.490785277093e+00,8.947954238788e-02
-6.666343675595e+00,3.408980745001e+00,9.086589309713e-02
-6.666295104569e+00,2.138082581329e+00,9.174682085451e-02
-6.666274737625e+00,2.275028911322e+00,9.167829356359e-02
-6.666205320309e+00,4.655880971074e+00,8.918568822774e-02
-6.666111898313e+00,7.856280543775e+00,3.996627835567e-02
-6.665832348465e+00,5.055870739940e+00,8.833624635809e-02
-6.665610263639e+00,4.435956739661e+00,8.957401383733e-02
-6.665402735566e+00,2.644478032311e+00,9.146651189673e-02
-6.664966676710e+00,4.711100140093e+00,8.908414931668e-02
-6.664900462266e+00,6.923902414587e+00,7.749092471580e-02
-6.664482684994e+00,6.675378228937e+00,8.038183006867e-02
-6.664376691727e+00,2.001678798925e+00,9.181287948392e-02
-6.664295491702e+00,1.021980120094e+00,9.212852539632e-02
-6.664264429281e+00,2.412474151460e+00,9.160725544828e-02
-6.664098972070e+00,4.381237822268e+00,8.966679826899e-02
-6.663266871197e+00,6.365566799004e+00,8.295899176525e-02
-6.663163246635e+00,4.766404795737e+00,8.898076204725e-02
-6.663078965782e+00,3.655595085486e+00,9.062320251238e-02
-6.662442900698e+00,4.011345783083e+00,9.020353149192e-02
-6.662391584737e+00,7.926657027835e+00,3.083436553081e-02
-6.662356085646e+00,5.735982163771e+00,8.625613864440e-02
-6.662339523225e+00,1.286482249677e+00,9.206837183148e-02
-6.662219654551e+00,1.686598703178e+00,9.194290289525e-02
-6.662133792742e+00,5.416218399259e+00,8.736939419043e-02
-6.662052748637e+00,4.326633225150e+00,8.975792692533e-02
-6.662033218375e+00,3.068649888297e+00,9.116975203879e-02
-6.661744729164e+00,2.973181650125e+00,9.124422482900e-02
-6.661739226676e+00,3.806230343925e+00,9.045772160498e-02
-6.661150914088e+00,3.164404878037e+00,9.109351318467e-02
-6.661131436926e+00,5.541262854733e+00,8.697021687837e-02
-6.661063394002e+00,3.505723878594e+00,9.078233027372e-02
-6.660859566221e+00,1.508110227272e+00,9.200568690293e-02
-6.660790183640e+00,4.821789986858e+00,8.887543148363e-02
-6.660571541188e+00,1.865859899814e+00,9.187651162841e-02
-6.660387398422e+00,7.350110644107e+00,6.925202603901e-02
-6.660365302850e+00,7.419246556795e+00,6.718179938148e-02
-6.660347871381e+00,5.111683995780e+00,8.821823555524e-02
-6.660307258095e+00,2.878018646032e+00,9.131695846766e-02
-6.660213928342e+00,2.550373381412e+00,9.153366467981e-02
-6.659901051871e+00,7.281153728470e+00,7.106028795873e-02
-6.659833031249e+00,7.488558136596e+00,6.478849249607e-02
-6.659825540687e+00,5.291626303253e+00,8.774459111918e-02
-6.659652884457e+00,1.562500050003e-02,9.224070288032e-02
-6.659519959373e+00,1.065931637563e+00,9.212601834871e-02
-6.659476695556e+00,4.272147605610e+00,8.984708359675e-02
-6.659303535530e+00,4.687500150008e-02,9.224097381606e-02
-6.659076272589e+00,3.260427771360e+00,9.101548192043e-02
-6.658954186604e+00,7.812500250012e-02,9.224107123440e-02
-6.658908017496e+00,7.212379127017e+00,7.265320392663e-02
-6.658788870250e+00,7.558042040830e+00,6.199038297711e-02
-6.658604837677e+00,1.093750035002e-01,9.224095854332e-02
-6.658558326253e+00,6.590851980810e+00,8.123069719845e-02
-6.658415943689e+00,6.751057088477e+00,7.966859384360e-02
-6.658255488750e+00,1.406250045003e-01,9.224067652678e-02
-6.658149135931e+00,7.997185072213e+00,1.829364019696e-02
-6.657960468695e+00,7.002073584137e+00,7.646519777909e-02
-6.657906139824e+00,1.718750055004e-01,9.224018015843e-02
-6.657842679202e+00,4.877250721282e+00,8.876760762632e-02
-6.657742879530e+00,2.783178988024e+00,9.138798029931e-02
-6.657709888626e+00,6.436003834375e+00,8.249596566507e-02
-6.657556790897e+00,2.031250065004e-01,9.223951849915e-02
-6.657410069829e+00,7.143790144023e+00,7.406695384113e-02
-6.657231126982e+00,7.627694914301e+00,5.867565631717e-02
-6.657207441970e+00,2.343750075005e-01,9.223863823707e-02
-6.657172701224e+00,2.182240214886e+00,9.173981946414e-02
-6.656989635600e+00,6.071322939478e+00,8.477251761566e-02
-6.656950521106e+00,3.957544623733e+00,9.028480455450e-02
-6.656858093043e+00,2.656250085005e-01,9.223759645514e-02
-6.656762431516e+00,5.666699360587e+00,8.654639552382e-02
-6.656639712706e+00,6.001415266028e+00,8.512581571422e-02
-6.656585820222e+00,1.330477491028e+00,9.206482910994e-02
-6.656573083051e+00,2.319202682356e+00,9.167071804957e-02
-6.656508744117e+00,2.968750095005e-01,9.223633191687e-02
-6.656375950173e+00,4.217785578075e+00,8.993457025031e-02
-6.656221364158e+00,6.141342684767e+00,8.440132633335e-02
-6.656159395190e+00,3.281250105004e-01,9.223490925958e-02
-6.655822915712e+00,2.045807661143e+00,9.180644518517e-02
-6.655810046264e+00,3.593750115003e-01,9.223321725521e-02
-6.655788024412e+00,3.356699357067e+00,9.093530028903e-02
-6.655460697337e+00,3.906250125003e-01,9.223138112909e-02
-6.655409003539e+00,7.075390070802e+00,7.533004578481e-02
-6.655180645498e+00,5.931629902062e+00,8.546355541192e-02
-6.655158129058e+00,7.697513389518e+00,5.468715037091e-02
-6.655111348410e+00,4.218750135002e-01,9.222929247465e-02
-6.654932545030e+00,1.730666900315e+00,9.193775920173e-02
-6.654761999483e+00,4.531250145001e-01,9.222707138872e-02
-6.654586457244e+00,1.109865356512e+00,9.212334113860e-02
-6.654513477403e+00,3.602664216677e+00,9.069683487770e-02
-6.654444197431e+00,3.752923157920e+00,9.053421324261e-02
-6.654412650557e+00,4.843750155000e-01,9.222459780651e-02
-6.654325929198e+00,6.211464188116e+00,8.401193507952e-02
-6.654315962884e+00,4.932781966315e+00,8.865778854152e-02
-6.654266920779e+00,1.552139424312e+00,9.200126295171e-02
-6.654263650638e+00,5.167545924467e+00,8.809803092523e-02
-6.654073924230e+00,2.688680415406e+00,9.145731797713e-02
-6.653973166172e+00,2.456651115962e+00,9.159909888107e-02
-6.653712557876e+00,5.156250165000e-01,9.222248547678e-02
-6.653382985705e+00,8.067861247428e+00,6.608629212261e-06
-6.653101609217e+00,6.828609260860e+00,7.885638424151e-02
-6.652755684707e+00,4.163551713705e+00,9.002052225644e-02
-6.652661721440e+00,5.468750175001e-01,9.222061567439e-02
-6.652621564031e+00,5.861977008726e+00,8.578666094192e-02
-6.652577564165e+00,5.472430425223e+00,8.723186774992e-02
-6.652575509643e+00,1.909947673342e+00,9.187063736591e-02
-6.652568224664e+00,7.767494086801e+00,4.979677188145e-02
-6.651715655272e+00,5.347698424365e+00,8.761531002145e-02
-6.651610885005e+00,5.781250185001e-01,9.221861220494e-02
-6.651294442589e+00,6.281677060651e+00,8.360348503528e-02
-6.651265179555e+00,3.453200065652e+00,9.085320048633e-02
-6.650989016140e+00,6.506499108261e+00,8.200858515241e-02
-6.650963004415e+00,3.903892764067e+00,9.036465169453e-02
-6.650672673435e+00,1.374448838370e+00,9.206111404407e-02
-6.650560048570e+00,6.093750195002e-01,9.221635670941e-02
-6.650205302783e+00,4.988378648832e+00,8.854593759992e-02
-6.650104305594e+00,5.597587493879e+00,8.682470246892e-02
-6.649509212134e+00,6.406250205002e-01,9.221396669391e-02
-6.649495096676e+00,1.153780314916e+00,9.212049351036e-02
-6.649459782799e+00,7.837633614249e+00,4.366039029846e-02
-6.649322974122e+00,2.594540289586e+00,9.152492032398e-02
-6.649252086992e+00,6.661499878206e+00,8.067253097147e-02
-6.648971677408e+00,5.792466670546e+00,8.609598632942e-02
-6.648884437393e+00,3.017379581068e+00,9.123358191795e-02
-6.648706014955e+00,3.112851114499e+00,9.115868440892e-02
-6.648621105976e+00,4.109450540034e+00,9.010496766346e-02
-6.648458375699e+00,6.718750215003e-01,9.221128877748e-02
-6.647907136635e+00,2.922205734904e+00,9.130673741496e-02
-6.647883798438e+00,2.226352751749e+00,9.173263447544e-02
-6.647575119381e+00,5.223451283124e+00,8.797559325439e-02
-6.647513414476e+00,1.596139480374e+00,9.199666361796e-02
-6.647483124169e+00,1.774701589561e+00,9.193243796469e-02
-6.647407539264e+00,7.031250225004e-01,9.220856167994e-02
-6.647350170653e+00,3.208601720210e+00,9.108201832649e-02
-6.647118097580e+00,6.351970839291e+00,8.317466510171e-02
-6.647104030751e+00,2.089895026767e+00,9.179982919140e-02
-6.647037845489e+00,6.906411832005e+00,7.796753220557e-02
-6.646703615664e+00,2.363327692262e+00,9.166295702758e-02
-6.646673682067e+00,3.699781261983e+00,9.060938158718e-02
-6.646356702828e+00,7.343750235004e-01,9.220542037787e-02
-6.645831193298e+00,7.907928567921e+00,3.573329554199e-02
-6.645796076283e+00,2.827347822177e+00,9.137817794265e-02
-6.645506005837e+00,5.044035655572e+00,8.843201781194e-02
-6.645487033072e+00,3.549909973209e+00,9.076919283951e-02
-6.645305866393e+00,7.656250245004e-01,9.220217213595e-02
-6.645089709599e+00,4.589771404012e+00,8.936520587726e-02
-6.645038470206e+00,4.534850220238e+00,8.946162158838e-02
-6.644795476031e+00,3.304612419247e+00,9.100350571528e-02
-6.644600231389e+00,1.418395320802e+00,9.205722632008e-02
-6.644587874266e+00,4.644789056749e+00,8.926704490244e-02
-6.644485718554e+00,3.850394522518e+00,9.044309995426e-02
-6.644439121354e+00,4.480030320682e+00,8.955632345275e-02
-6.644415834872e+00,1.953997484391e+00,9.186458328627e-02
-6.644255029958e+00,7.968750255003e-01,9.219881749533e-02
-6.644245994915e+00,1.197675551219e+00,9.211747519794e-02
-6.644240273339e+00,5.723108894655e+00,8.639232204653e-02
-6.643977454950e+00,4.055486540909e+00,9.018793420580e-02
-6.643528035845e+00,4.699898321266e+00,8.916710693986e-02
-6.643512855997e+00,2.500775591795e+00,9.159075491229e-02
-6.643296664789e+00,4.425316478561e+00,8.964934256849e-02
-6.643204193522e+00,8.281250265002e-01,9.219517623229e-02
-6.643171328180e+00,7.401098152405e+00,6.825308216592e-02
-6.643104548288e+00,7.332046865801e+00,7.018570681577e-02
-6.643095704561e+00,6.577041927712e+00,8.149503235135e-02
-6.642986194478e+00,5.403796664799e+00,8.748310555790e-02
-6.642728345453e+00,7.470325542365e+00,6.603006906419e-02
-6.642573478697e+00,2.732823717668e+00,9.144793089789e-02
-6.642529741813e+00,7.263175010466e+00,7.188119740769e-02
-6.642391219647e+00,5.528656345415e+00,8.709171990772e-02
-6.642153357087e+00,8.593750275002e-01,9.219128208530e-02
-6.641905302965e+00,4.755094299098e+00,8.906535997049e-02
-6.641788169806e+00,6.422334986877e+00,8.272404397507e-02
-6.641773884593e+00,7.539725695020e+00,6.344618312112e-02
-6.641680866813e+00,7.978375532042e+00,2.509913334989e-02
-6.641616138300e+00,4.370713424972e+00,8.974070970389e-02
-6.641448665167e+00,7.194485901496e+00,7.338054012896e-02
-6.641102520652e+00,8.906250285001e-01,9.218728132280e-02
-6.641020779172e+00,3.400863870924e+00,9.092284476968e-02
-6.640599227847e+00,1.640109415914e+00,9.199188849798e-02
-6.640309619627e+00,6.733818776091e+00,8.004861575947e-02
-6.640306250584e+00,7.609295257185e+00,6.040612811719e-02
-6.640277750831e+00,5.279394790037e+00,8.785088298798e-02
-6.640221006011e+00,6.984458134801e+00,7.699073215063e-02
-6.640213417952e+00,5.099747833685e+00,8.831599183899e-02
-6.640051684216e+00,9.218750295001e-01,9.218314734198e-02
-6.639949482516e+00,6.058033526077e+00,8.494179068374e-02
-6.639871599144e+00,1.818701782581e+00,9.192693874681e-02
-6.639863094989e+00,7.125982841120e+00,7.471579348534e-02
-6.639714821678e+00,4.810372050598e+00,8.896177169302e-02
-6.639402615533e+00,4.316225848381e+00,8.983032693556e-02
-6.639401511774e+00,6.127974406088e+00,8.457987742644e-02
-6.639380970053e+00,5.988206186421e+00,8.528683481945e-02
-6.639000847781e+00,9.531250305000e-01,9.217860263142e-02
-6.638839275040e+00,1.241550104813e+00,9.211428592494e-02
-6.638830006457e+00,4.001664156162e+00,9.026944929402e-02
-6.638436717722e+00,5.653913609994e+00,8.667640091604e-02
-6.638433170552e+00,3.646808805545e+00,9.068325147691e-02
-6.638428674089e+00,2.270419178238e+00,9.172526539536e-02
-6.638368648521e+00,1.462315968322e+00,9.205316561448e-02
-6.638323768883e+00,7.679030863360e+00,5.677782427908e-02
-6.638261819469e+00,2.638650920456e+00,9.151598671504e-02
-6.638220292712e+00,2.133939890703e+00,9.179303102075e-02
-6.637950011346e+00,9.843750315000e-01,9.217395101599e-02
-6.637774828045e+00,7.057669118596e+00,7.591239368234e-02
-6.637728079663e+00,6.198018523073e+00,8.420004516630e-02
-6.637705033320e+00,5.918502614311e+00,8.561685508941e-02
-6.637524064021e+00,3.797054172545e+00,9.051994638797e-02
-6.637007234953e+00,8.048971079069e+00,1.008776617987e-02
-6.636951775881e+00,4.865726595050e+00,8.885590308018e-02
-6.636666635654e+00,2.407402919548e+00,9.165500999903e-02
-6.636661205716e+00,4.261858394279e+00,8.991804523166e-02
-6.636092751193e+00,1.998008336679e+00,9.185834892358e-02
-6.636005209558e+00,3.497336378520e+00,9.084030078748e-02
-6.635848889613e+00,3.061508695239e+00,9.122274109850e-02
-6.635824785509e+00,7.748929135848e+00,5.237276456922e-02
-6.635333042514e+00,2.966326945840e+00,9.129631977380e-02
-6.635296017725e+00,6.492758892928e+00,8.225005611955e-02
-6.635202318391e+00,3.156980543880e+00,9.114741764708e-02
-6.635116703394e+00,6.811244392566e+00,7.927142405049e-02
-6.635085132910e+00,1.021896733144e+00,9.217042736445e-02
-6.634930811222e+00,5.848932960391e+00,8.593273284917e-02
-6.634920289011e+00,6.268155498501e+00,8.380185976490e-02
-6.634322924411e+00,5.155509990881e+00,8.819782200490e-02
-6.634021488989e+00,6.647621527475e+00,8.095330775677e-02
-6.633676628904e+00,2.871453675894e+00,9.136818039752e-02
-6.633632761875e+00,5.459915617066e+00,8.734806224069e-02
-6.633611387488e+00,4.921152911173e+00,8.874787458659e-02
-6.633524547376e+00,1.684048252591e+00,9.198693717843e-02
-6.633397053132e+00,4.207615665235e+00,9.000423201460e-02
-6.633371743727e+00,3.252723745567e+00,9.107032322684e-02
-6.633275065963e+00,1.285403015949e+00,9.211092540468e-02
-6.633184068890e+00,3.947987781273e+00,9.034954000565e-02
-6.632883821642e+00,2.544846550141e+00,9.158222304453e-02
-6.632807667284e+00,7.818986684724e+00,4.691227713509e-02
-6.632367058397e+00,5.335371125210e+00,8.772386024067e-02
-6.632098183122e+00,1.862666492439e+00,9.192126110217e-02
-6.631978085157e+00,1.506209811997e+00,9.204893159419e-02
-6.631570453967e+00,5.584890666809e+00,8.694890336160e-02
-6.631067521648e+00,5.779507298627e+00,8.623528341148e-02
-6.630969323963e+00,6.338374879579e+00,8.338407733977e-02
-6.630901762061e+00,2.776906894637e+00,9.143835009521e-02
-6.630335853506e+00,3.348719190391e+00,9.099128697419e-02
-6.630328321209e+00,1.065681599534e+00,9.216792793444e-02
-6.630113894188e+00,1.562500050003e-02,9.228192571551e-02
-6.630083473635e+00,3.743875942196e+00,9.059535171342e-02
-6.629769571865e+00,4.687500150008e-02,9.228218438357e-02
-6.629728184064e+00,3.594009892234e+00,9.075584741729e-02
-6.629688916881e+00,4.976645937205e+00,8.863785912301e-02
-6.629615336868e+00,4.153502220512e+00,9.008891493436e-02
-6.629425249542e+00,7.812500250012e-02,9.228227346303e-02
-6.629270801859e+00,7.889200108006e+00,3.996629432967e-02
-6.629175228711e+00,6.888921249423e+00,7.842218614678e-02
-6.629171963554e+00,2.177941249524e+00,9.178605018516e-02
-6.629080927218e+00,1.093750035002e-01,9.228215095511e-02
-6.628807612116e+00,2.314438482760e+00,9.171771172616e-02
-6.628736604895e+00,1.406250045003e-01,9.228186594807e-02
-6.628392282571e+00,1.718750055004e-01,9.228136220823e-02
-6.628047960248e+00,2.031250065004e-01,9.228070290461e-02
-6.627829950365e+00,5.211316895456e+00,8.807747030749e-02
-6.627703637925e+00,2.343750075005e-01,9.227981771020e-02
-6.627633082870e+00,6.563231874614e+00,8.175098579001e-02
-6.627606498992e+00,2.041979235376e+00,9.185193380456e-02
-6.627553502471e+00,1.329233325482e+00,9.210739334033e-02
-6.627359315601e+00,2.656250085005e-01,9.227878363284e-02
-6.627044983865e+00,3.894461767119e+00,9.042823307667e-02
-6.627030810410e+00,2.682704238125e+00,9.150685627315e-02
-6.627014993278e+00,2.968750095005e-01,9.227751659449e-02
-6.626670670954e+00,3.281250105004e-01,9.227610366794e-02
-6.626462449426e+00,2.451427344583e+00,9.164687646246e-02
-6.626326348631e+00,3.593750115003e-01,9.227441546077e-02
-6.626289565495e+00,1.727955013255e+00,9.198180923657e-02
-6.626124461031e+00,5.710235625539e+00,8.652526222619e-02
-6.626073613844e+00,3.444947409606e+00,9.091018275014e-02
-6.625982026307e+00,3.906250125003e-01,9.227257878989e-02
-6.625977353510e+00,7.382949748015e+00,6.925203173832e-02
-6.625866450986e+00,6.408666139378e+00,8.294534181135e-02
-6.625821698155e+00,7.313983087497e+00,7.106029234029e-02
-6.625637703984e+00,4.218750135002e-01,9.227051250634e-02
-6.625623659657e+00,7.452092948133e+00,6.718180649788e-02
-6.625428707542e+00,1.550075883785e+00,9.204452391673e-02
-6.625415780416e+00,1.109448919864e+00,9.216525884890e-02
-6.625321270535e+00,4.099522575704e+00,9.017212134935e-02
-6.625293381661e+00,4.531250145001e-01,9.226829323173e-02
-6.625212597695e+00,7.959565991871e+00,3.083438098300e-02
-6.625179663209e+00,5.032200571204e+00,8.852582078397e-02
-6.625158431754e+00,7.245196292462e+00,7.265320708568e-02
-6.624949059337e+00,4.843750155000e-01,9.226584742165e-02
-6.624758898937e+00,7.521409349211e+00,6.478850112868e-02
-6.624259039932e+00,5.156250165000e-01,9.226372528357e-02
-6.624163095250e+00,1.906594733656e+00,9.191540457638e-02
-6.623989312837e+00,7.176592675974e+00,7.406695586690e-02
-6.623838596213e+00,5.391374930339e+00,8.759430184441e-02
-6.623757989214e+00,6.718227070784e+00,8.038088409616e-02
-6.623651002368e+00,5.516049836098e+00,8.721046208713e-02
-6.623381374186e+00,7.590895600070e+00,6.199039321637e-02
-6.623295357837e+00,4.578790609328e+00,8.944348263434e-02
-6.623223323446e+00,5.468750175001e-01,9.226186071506e-02
-6.623069119551e+00,4.523981748737e+00,8.953841377946e-02
-6.622970428224e+00,4.633697142424e+00,8.934684260209e-02
-6.622909329432e+00,6.044744112677e+00,8.510665219016e-02
-6.622638508387e+00,3.105567926059e+00,9.121170187151e-02
-6.622585380250e+00,3.010381220320e+00,9.128570501812e-02
-6.622581659389e+00,6.114606127409e+00,8.475365127620e-02
-6.622481543327e+00,6.966842685465e+00,7.749091227335e-02
-6.622316120148e+00,7.108175538217e+00,7.533004675983e-02
-6.622296685927e+00,4.469275364271e+00,8.963166662697e-02
-6.622187606959e+00,5.781250185001e-01,9.225983580890e-02
-6.622169412036e+00,3.690864014171e+00,9.066945937850e-02
-6.622122227401e+00,5.974997106813e+00,8.544374473116e-02
-6.622089394979e+00,4.688696502440e+00,8.924846280145e-02
-6.622086392280e+00,2.588862964078e+00,9.157350277959e-02
-6.621674725178e+00,1.373040075187e+00,9.210368942498e-02
-6.621522569289e+00,3.201037102710e+00,9.113595128756e-02
-6.621489408709e+00,7.660548337202e+00,5.867566822810e-02
-6.621384924335e+00,2.915495498432e+00,9.135798711690e-02
-6.621151890472e+00,6.093750195002e-01,9.225759092162e-02
-6.621130230128e+00,6.184572858029e+00,8.438300989919e-02
-6.620983065939e+00,4.414676217461e+00,8.972327146284e-02
-6.620729960975e+00,5.267163276821e+00,8.795489843002e-02
-6.620647359296e+00,4.743783802459e+00,8.914831207180e-02
-6.620631484202e+00,8.030080910710e+00,1.829365191242e-02
-6.620564274693e+00,3.541388579522e+00,9.082719357424e-02
-6.620520101826e+00,4.045681202677e+00,9.025387831566e-02
-6.620418125739e+00,3.841090419991e+00,9.050547024516e-02
-6.620347620310e+00,1.153197745756e+00,9.216241984970e-02
-6.620229421143e+00,5.905375326560e+00,8.576632255410e-02
-6.620140652551e+00,7.039948166391e+00,7.646524723518e-02
-6.620116173986e+00,6.406250205002e-01,9.225518178738e-02
-6.620111003928e+00,5.641127859400e+00,8.680337037109e-02
-6.620078964524e+00,5.087811671591e+00,8.841172333798e-02
-6.619959311420e+00,2.221898101152e+00,9.177888619086e-02
-6.619603019311e+00,6.479018677595e+00,8.248417202130e-02
-6.619216092471e+00,3.296769872858e+00,9.105842746057e-02
-6.619133304530e+00,4.360189027677e+00,8.981325825820e-02
-6.619081346355e+00,7.730364184895e+00,5.468716396043e-02
-6.619080457499e+00,6.718750215003e-01,9.225250147302e-02
-6.619059143787e+00,2.820928904031e+00,9.142857500655e-02
-6.619020902657e+00,2.358409655330e+00,9.170997296590e-02
-6.618957324720e+00,2.085909187102e+00,9.184533744883e-02
-6.618894480592e+00,1.771828721918e+00,9.197650424042e-02
-6.618790890986e+00,6.633743176743e+00,8.122494880156e-02
-6.618720687837e+00,1.593913216540e+00,9.203994223038e-02
-6.618639459716e+00,4.798954114338e+00,8.904635898602e-02
-6.618546135433e+00,6.254633936351e+00,8.399468487273e-02
-6.618044741012e+00,7.031250225004e-01,9.224976533530e-02
-6.617240058414e+00,5.835888912057e+00,8.607522667607e-02
-6.617131797572e+00,6.793879524271e+00,7.966855962668e-02
-6.617009024526e+00,7.343750235004e-01,9.224666925974e-02
-6.616752482430e+00,4.305818471613e+00,8.990130609090e-02
-6.616155551769e+00,7.800339755199e+00,4.979678703304e-02
-6.616091369598e+00,2.495399949594e+00,9.163855591406e-02
-6.616066560703e+00,1.950485521957e+00,9.190936870694e-02
-6.616060872559e+00,4.854202468819e+00,8.894244306386e-02
-6.615973308039e+00,7.656250245004e-01,9.224340434984e-02
-6.615697882749e+00,3.392746996848e+00,9.097886239025e-02
-6.615638880531e+00,1.416822307743e+00,9.209981334181e-02
-6.615630299258e+00,2.726699208885e+00,9.149749585095e-02
-6.615525911959e+00,8.100741427135e+00,6.608629198167e-06
-6.615217112216e+00,3.991982529241e+00,9.033421257718e-02
-6.615123956476e+00,1.196927129294e+00,9.215941066822e-02
-6.614937591553e+00,7.968750255003e-01,9.224003065589e-02
-6.614820550346e+00,6.324778919866e+00,8.358749514249e-02
-6.614687959586e+00,5.447400808909e+00,8.746166625672e-02
-6.614382198184e+00,5.143474057295e+00,8.829553023945e-02
-6.613901875066e+00,8.281250265002e-01,9.223645984808e-02
-6.613845715875e+00,4.251569182948e+00,8.998772699896e-02
-6.613787375323e+00,3.638022525604e+00,9.074229364224e-02
-6.613308901365e+00,3.787878001165e+00,9.058111264796e-02
-6.613163365888e+00,5.766547926709e+00,8.637123594174e-02
-6.613036602340e+00,5.572193839738e+00,8.707025944207e-02
-6.613018461523e+00,5.323043826055e+00,8.783006775251e-02
-6.612906812093e+00,4.909523856030e+00,8.883615570499e-02
-6.612866158579e+00,8.593750275002e-01,9.223255366775e-02
-6.612710410421e+00,7.870471648092e+00,4.366040663756e-02
-6.612170461178e+00,6.549421821516e+00,8.199894708948e-02
-6.611854204086e+00,1.637720844229e+00,9.203518617439e-02
-6.611830442093e+00,8.906250285001e-01,9.222853842778e-02
-6.611339497023e+00,1.815668403689e+00,9.197102174902e-02
-6.611312611934e+00,6.871430666841e+00,7.885636063825e-02
-6.611120903371e+00,2.632823808601e+00,9.156459361915e-02
-6.610947025113e+00,3.488948878445e+00,9.089731376808e-02
-6.610794725606e+00,9.218750295001e-01,9.222441479513e-02
-6.610582610552e+00,2.265809445155e+00,9.177153853873e-02
-6.610418156091e+00,4.197445752395e+00,9.007264693270e-02
-6.610145480854e+00,2.129797200076e+00,9.183855936933e-02
-6.609944732167e+00,6.394997291879e+00,8.316015482664e-02
-6.609759009119e+00,9.531250305000e-01,9.221993353041e-02
-6.609744910244e+00,1.240636123494e+00,9.215623102543e-02
-6.609664560851e+00,3.054367502182e+00,9.127489262839e-02
-6.609446120808e+00,1.460579066716e+00,9.209576476417e-02
-6.609417616674e+00,3.938430938814e+00,9.041315055633e-02
-6.609253722694e+00,3.149556209723e+00,9.120046374693e-02
-6.609172530979e+00,4.964913225577e+00,8.872792473799e-02
-6.609068842028e+00,2.402331687636e+00,9.170204860896e-02
-6.608921355865e+00,2.959472241554e+00,9.134759755797e-02
-6.608783378840e+00,7.364801343624e+00,7.018571240267e-02
-6.608761052451e+00,6.704281972558e+00,8.066987169613e-02
-6.608744328577e+00,7.940756451700e+00,3.573331214311e-02
-6.608723292633e+00,9.843750315000e-01,9.221527197075e-02
-6.608538848021e+00,7.295919309191e+00,7.188120170340e-02
-6.608518973861e+00,7.433860353901e+00,6.825308914263e-02
-6.608084781349e+00,5.199182507787e+00,8.817720464086e-02
-6.608008648724e+00,5.697362356423e+00,8.665507276729e-02
-6.607808810658e+00,1.994337874434e+00,9.190315302349e-02
-6.607787121696e+00,7.227217574458e+00,7.338054322696e-02
-6.607743913281e+00,7.503093003403e+00,6.603007753137e-02
-6.607667214866e+00,3.245019719774e+00,9.112428487655e-02
-6.607045999714e+00,2.864888705756e+00,9.141860507144e-02
-6.606529960507e+00,7.158699450453e+00,7.471579547269e-02
-6.606474989029e+00,4.143452727318e+00,9.015609286670e-02
-6.606456497788e+00,7.572495942955e+00,6.344619317518e-02
-6.605874774117e+00,1.021813346195e+00,9.221174520400e-02
-6.605869176349e+00,6.031454699276e+00,8.526727064179e-02
-6.605761807005e+00,6.101237848730e+00,8.492283564127e-02
-6.605722749840e+00,3.734828726473e+00,9.065545828884e-02
-6.605553714942e+00,2.539319718869e+00,9.163004784832e-02
-6.604942890725e+00,3.585355567791e+00,9.081387844054e-02
-6.604910785089e+00,5.503443326780e+00,8.732653591770e-02
-6.604883682600e+00,3.340739023715e+00,9.104633061749e-02
-6.604863484748e+00,5.961788027205e+00,8.559669924018e-02
-6.604853320581e+00,5.020365486835e+00,8.861771529283e-02
-6.604829440201e+00,1.681497802005e+00,9.203025537912e-02
-6.604769145307e+00,7.090368235314e+00,7.591239463926e-02
-6.604742080643e+00,6.949227236129e+00,7.796751998325e-02
-6.604690997949e+00,5.378953195878e+00,8.770293936274e-02
-6.604655048534e+00,7.642065811044e+00,6.040613983789e-02
-6.604532380593e+00,6.171127192986e+00,8.456103593580e-02
-6.604255733450e+00,8.011190742351e+00,2.509914805183e-02
-6.604210608701e+00,1.284323782221e+00,9.215288063196e-02
-6.604060644592e+00,2.770634801250e+00,9.148794207555e-02
-6.603910020896e+00,6.465278462262e+00,8.271126137140e-02
-6.603624825057e+00,1.859473085065e+00,9.196536131259e-02
-6.603560292983e+00,6.619864826012e+00,8.148788974136e-02
-6.603126963315e+00,3.885030770171e+00,9.049071834554e-02
-6.603096604094e+00,1.504309396721e+00,9.209154335574e-02
-6.602753808966e+00,5.892248038809e+00,8.591209839637e-02
-6.602506477056e+00,7.022227214185e+00,7.699078070994e-02
-6.602337907200e+00,7.711799233942e+00,5.677783770537e-02
-6.602171981855e+00,6.241112374201e+00,8.418218824619e-02
-6.602021435095e+00,4.089594611374e+00,9.023809149497e-02
-6.601785290134e+00,5.628342108807e+00,8.692740825146e-02
-6.601501006075e+00,4.567809814643e+00,8.952028515801e-02
-6.601352982181e+00,4.622605228098e+00,8.942512596520e-02
-6.601182171119e+00,5.254931763605e+00,8.805670940479e-02
-6.601171225884e+00,2.173642284163e+00,9.183159907260e-02
-6.601136683046e+00,1.065431561504e+00,9.220925336682e-02
-6.601099768895e+00,4.513113277237e+00,8.961377069053e-02
-6.601042141180e+00,2.309674283165e+00,9.176400672474e-02
-6.600882048134e+00,3.436694753560e+00,9.096623146813e-02
-6.600650754113e+00,4.677494683614e+00,8.932826303928e-02
-6.600574903920e+00,1.562500050003e-02,9.232256994953e-02
-6.600235608200e+00,4.687500150008e-02,9.232281670081e-02
-6.600154250500e+00,4.458520407860e+00,8.970561235827e-02
-6.599987696591e+00,2.676728060845e+00,9.155549506547e-02
-6.599944511095e+00,5.075875509496e+00,8.850549219490e-02
-6.599896312480e+00,7.812500250012e-02,9.232289766886e-02
-6.599557016760e+00,1.093750035002e-01,9.232276569380e-02
-6.599549305605e+00,5.822844863722e+00,8.621427114854e-02
-6.599503436254e+00,7.781692825673e+00,5.237277965162e-02
-6.599390082273e+00,2.038150809609e+00,9.189675704811e-02
-6.599389415626e+00,4.732473305821e+00,8.922966604269e-02
-6.599243073406e+00,8.081771084588e+00,1.008777381381e-02
-6.599217721039e+00,1.406250045003e-01,9.232247779522e-02
-6.599146891750e+00,6.776514655977e+00,8.004858210817e-02
-6.598951732680e+00,2.446203573204e+00,9.169393814661e-02
-6.598878425319e+00,1.718750055004e-01,9.232196703260e-02
-6.598671776729e+00,6.311182960154e+00,8.378517030088e-02
-6.598669467089e+00,4.404035956361e+00,8.979583966748e-02
-6.598539129599e+00,2.031250065004e-01,9.232131005524e-02
-6.598521184719e+00,1.327989159935e+00,9.214935918820e-02
-6.598199833879e+00,2.343750075005e-01,9.232042027662e-02
-6.597860538159e+00,2.656250085005e-01,9.231939374623e-02
-6.597665142006e+00,3.681946766360e+00,9.072853117380e-02
-6.597646585960e+00,1.725243126195e+00,9.202514946632e-02
-6.597564097754e+00,4.787536178078e+00,8.912930438612e-02
-6.597521242439e+00,2.968750095005e-01,9.231812455584e-02
-6.597181946719e+00,3.281250105004e-01,9.231670859716e-02
-6.597062748702e+00,4.035875864445e+00,9.031866922017e-02
-6.596842650998e+00,3.593750115003e-01,9.231503700109e-02
-6.596707839486e+00,6.535611768418e+00,8.223928211348e-02
-6.596650470760e+00,4.349664630381e+00,8.988435305762e-02
-6.596590494305e+00,1.548012343258e+00,9.208714877072e-02
-6.596571001820e+00,3.098284737618e+00,9.126388209262e-02
-6.596503355278e+00,3.906250125003e-01,9.231320020609e-02
-6.596350532925e+00,3.831786317463e+00,9.056666417867e-02
-6.596286323107e+00,3.003382859573e+00,9.133701118304e-02
-6.596245103588e+00,1.109032483216e+00,9.220659237771e-02
-6.596164059558e+00,4.218750135002e-01,9.231115578657e-02
-6.596150018982e+00,7.851743188178e+00,4.691229363963e-02
-6.595824763838e+00,4.531250145001e-01,9.230893874806e-02
-6.595750680856e+00,1.903241793970e+00,9.195952247282e-02
-6.595743157296e+00,5.434886000753e+00,8.757276506330e-02
-6.595694967926e+00,3.193472485210e+00,9.118902624493e-02
-6.595641516315e+00,3.532867185835e+00,9.088423737936e-02
-6.595485468118e+00,4.843750155000e-01,9.230652007493e-02
-6.595259210129e+00,5.753588554791e+00,8.650396196213e-02
-6.595169969238e+00,4.842678342587e+00,8.902714724207e-02
-6.594862712035e+00,2.908785261960e+00,9.140843973235e-02
-6.594849810438e+00,2.583185638569e+00,9.162135175863e-02
-6.594805521989e+00,5.156250165000e-01,9.230438891935e-02
-6.594502750713e+00,5.559497012668e+00,8.718886673398e-02
-6.594441471958e+00,5.131438123709e+00,8.839121997739e-02
-6.594102349326e+00,4.295411094844e+00,8.997100735452e-02
-6.594023013347e+00,6.381328444381e+00,8.336876179119e-02
-6.593784925451e+00,5.468750175001e-01,9.230252954340e-02
-6.593764115689e+00,6.690336874331e+00,8.094904729627e-02
-6.593669864649e+00,5.310716526901e+00,8.793400711587e-02
-6.593636708912e+00,3.288927326468e+00,9.111241797342e-02
-6.593449995156e+00,6.853940084259e+00,7.927140084913e-02
-6.592764328913e+00,5.781250185001e-01,9.230048435612e-02
-6.592676776920e+00,1.371631312004e+00,9.214566638443e-02
-6.592322211291e+00,2.814509985885e+00,9.147819437494e-02
-6.592276059459e+00,7.921946911529e+00,3.996631163480e-02
-6.592202236697e+00,4.897894800888e+00,8.892268572714e-02
-6.592034824401e+00,2.217443450554e+00,9.182445605929e-02
-6.591743732375e+00,6.093750195002e-01,9.229824990832e-02
-6.591604217976e+00,3.982300902319e+00,9.039785214378e-02
-6.591589404171e+00,7.346652939234e+00,7.106029781723e-02
-6.591414288064e+00,7.415627759669e+00,6.925203857752e-02
-6.591338189650e+00,2.353491618398e+00,9.175629024047e-02
-6.591255997888e+00,7.277855530887e+00,7.265321129774e-02
-6.591200143944e+00,1.152615176596e+00,9.220376197612e-02
-6.591030226035e+00,4.241279971616e+00,9.005616372327e-02
-6.590810618690e+00,2.081923347437e+00,9.189018029565e-02
-6.590728927625e+00,7.484776657593e+00,6.718181480034e-02
-6.590723135837e+00,6.406250205003e-01,9.229582281579e-02
-6.590415811638e+00,7.209238856454e+00,7.406695890558e-02
-6.590374986325e+00,3.384630122772e+00,9.103396978803e-02
-6.590305837015e+00,1.768955854274e+00,9.201986804933e-02
-6.589927961198e+00,1.591686952707e+00,9.208258065396e-02
-6.589892836416e+00,5.684489087307e+00,8.678186207315e-02
-6.589702539299e+00,6.718750215003e-01,9.229314061633e-02
-6.589531621391e+00,7.554096285840e+00,6.478851099451e-02
-6.589141580093e+00,3.629236245663e+00,9.080035500226e-02
-6.589093738709e+00,3.778701829784e+00,9.064124794283e-02
-6.589070608178e+00,7.140806224932e+00,7.533004870989e-02
-6.588941954620e+00,6.087869570051e+00,8.508737297744e-02
-6.588829023265e+00,6.018165285875e+00,8.542380615087e-02
-6.588687119818e+00,2.720574700103e+00,9.154620662217e-02
-6.588681942761e+00,7.031250225004e-01,9.229038225045e-02
-6.588669883199e+00,2.490024307393e+00,9.168564106752e-02
-6.588656145077e+00,4.953180513950e+00,8.881619015297e-02
-6.588339612333e+00,5.187048120119e+00,8.827486289387e-02
-6.588329694980e+00,6.605986475281e+00,8.174253901118e-02
-6.588217022482e+00,6.451538246929e+00,8.293163346733e-02
-6.587934531058e+00,6.157681527942e+00,8.473431906849e-02
-6.587879982699e+00,7.992300573991e+00,3.083439762380e-02
-6.587820688359e+00,7.623583284886e+00,6.199040473551e-02
-6.587717286536e+00,1.946973559524e+00,9.195350476311e-02
-6.587661346223e+00,7.343750235004e-01,9.228734397637e-02
-6.587604742096e+00,5.948578947597e+00,8.574584463194e-02
-6.587439259049e+00,4.187275839555e+00,9.013984874680e-02
-6.587222170466e+00,7.072560932411e+00,7.646524817454e-02
-6.587002617959e+00,6.931611786792e+00,7.842217413797e-02
-6.586677529673e+00,1.415249294685e+00,9.214180190090e-02
-6.586640749685e+00,7.656250245004e-01,9.228406368862e-02
-6.586170567810e+00,5.490836817462e+00,8.744002986973e-02
-6.586001918036e+00,1.196178707368e+00,9.220076189100e-02
-6.585888840668e+00,3.480561378370e+00,9.095339372872e-02
-6.585797828277e+00,6.227590812051e+00,8.436458552045e-02
-6.585651164457e+00,3.928874096355e+00,9.047566605676e-02
-6.585620153147e+00,7.968750255003e-01,9.228067236349e-02
-6.585594468045e+00,7.693234282989e+00,5.867568146246e-02
-6.585543399684e+00,5.366531461418e+00,8.780906009255e-02
-6.585278196788e+00,5.879120751058e+00,8.605431648277e-02
-6.584872301562e+00,7.004506261979e+00,7.749095996284e-02
-6.584599556609e+00,8.281250265002e-01,9.227716962788e-02
-6.584526977953e+00,5.008530402467e+00,8.870775899570e-02
-6.583979987274e+00,2.626996696746e+00,9.161246713801e-02
-6.583578960072e+00,8.593750275002e-01,9.227325268228e-02
-6.583480232089e+00,3.047226309124e+00,9.132622746052e-02
-6.583459576340e+00,5.615556358213e+00,8.704861424958e-02
-6.583334641189e+00,4.133403234125e+00,9.022208874922e-02
-6.583305126998e+00,3.142131875566e+00,9.125267290752e-02
-6.583109180325e+00,1.635332272544e+00,9.207783864114e-02
-6.582960234853e+00,8.062800742041e+00,1.829366446471e-02
-6.582851320739e+00,7.763045896148e+00,5.468717890886e-02
-6.582807394903e+00,1.812635024798e+00,9.201441073335e-02
-6.582773615116e+00,6.760827079011e+00,8.037994664998e-02
-6.582736547016e+00,2.261199712072e+00,9.181712982449e-02
-6.582558363534e+00,8.906250285001e-01,9.226922436791e-02
-6.582523003112e+00,6.297587000442e+00,8.397734075645e-02
-6.582509669215e+00,2.952617537269e+00,9.139807843559e-02
-6.582070668996e+00,2.125654509449e+00,9.188342227408e-02
-6.581962686005e+00,3.237315693981e+00,9.117738889714e-02
-6.581858552796e+00,5.809800815387e+00,8.634998895721e-02
-6.581634381263e+00,5.242700250389e+00,8.815638493095e-02
-6.581537766996e+00,9.218750295001e-01,9.226508531243e-02
-6.581471048402e+00,2.397260455723e+00,9.174838857357e-02
-6.581362026044e+00,3.725781510751e+00,9.071455969747e-02
-6.581245217795e+00,6.521801715320e+00,8.247233479152e-02
-6.580650545449e+00,1.239722142174e+00,9.219759184080e-02
-6.580523593096e+00,1.458842165109e+00,9.213776540798e-02
-6.580517170458e+00,9.531250305000e-01,9.226069180251e-02
-6.580415370523e+00,2.858323735617e+00,9.146825217886e-02
-6.580157597387e+00,3.576701243348e+00,9.087095315964e-02
-6.579810057667e+00,5.063939347402e+00,8.859735809023e-02
-6.579735536139e+00,4.611513313773e+00,8.950193799402e-02
-6.579706654314e+00,4.556829019959e+00,8.959565506677e-02
-6.579589627543e+00,7.833014728264e+00,4.979680356200e-02
-6.579524870124e+00,1.990667412188e+00,9.194730770886e-02
-6.579496573920e+00,9.843750315000e-01,9.225602168754e-02
-6.579431511694e+00,3.332758857039e+00,9.110035015207e-02
-6.579212113248e+00,4.666292864788e+00,8.940655208909e-02
-6.579208942764e+00,3.875599773224e+00,9.055200612655e-02
-6.579130418239e+00,4.502244805737e+00,8.968773260431e-02
-6.578767178926e+00,6.676391776105e+00,8.121919127008e-02
-6.578721599654e+00,4.079666647044e+00,9.030290978445e-02
-6.578223608242e+00,2.533792887598e+00,9.167715685839e-02
-6.578131471956e+00,4.721162809182e+00,8.930946780394e-02
-6.578101294528e+00,6.367659596882e+00,8.357142578095e-02
-6.578011815073e+00,4.447765451449e+00,8.977819963984e-02
-6.577515283251e+00,8.133443970516e+00,6.608629152081e-06
-6.577355054369e+00,5.740629182872e+00,8.663357408723e-02
-6.577219527123e+00,2.764362707863e+00,9.153672779497e-02
-6.576798355007e+00,5.422371192596e+00,8.768144027785e-02
-6.576664415324e+00,1.021729959246e+00,9.225249255934e-02
-6.576488735792e+00,4.776118241817e+00,8.921065535264e-02
-6.576355868239e+00,4.393395695261e+00,8.986708493072e-02
-6.576134333026e+00,1.678947351419e+00,9.207292235901e-02
-6.575968899086e+00,5.546800185597e+00,8.730481704397e-02
-6.575807790342e+00,7.903137371358e+00,4.366042433820e-02
-6.575690482423e+00,3.428442097514e+00,9.102137041731e-02
-6.575587378379e+00,6.836449501677e+00,7.966853681531e-02
-6.575151466991e+00,1.856279677690e+00,9.200877711567e-02
-6.575146151438e+00,1.283244548494e+00,9.219425153361e-02
-6.574500745731e+00,5.119402190122e+00,8.848495299960e-02
-6.574395429501e+00,7.328504534844e+00,7.188120707304e-02
-6.574321267775e+00,5.298389227746e+00,8.803574982081e-02
-6.574309602268e+00,7.397395165436e+00,7.018571910697e-02
-6.574279065916e+00,4.831154216355e+00,8.911008472504e-02
-6.574215123030e+00,1.502408981445e+00,9.213355656627e-02
-6.574167636990e+00,4.339140233086e+00,8.995407328024e-02
-6.573973147754e+00,7.259791752582e+00,7.338054735764e-02
-6.573713941969e+00,7.466460311784e+00,6.825309728213e-02
-6.573605395578e+00,4.026070526213e+00,9.038233762550e-02
-6.573276670245e+00,2.304910083569e+00,9.180961985817e-02
-6.573170488214e+00,2.169343318801e+00,9.187648248481e-02
-6.573160871976e+00,3.673029518548e+00,9.078662289903e-02
-6.573099096978e+00,6.592108124550e+00,8.198927993601e-02
-6.573044501580e+00,7.191260138450e+00,7.471579845373e-02
-6.572944582771e+00,2.670751883564e+00,9.160339347975e-02
-6.572606744993e+00,7.535696628725e+00,6.603008720814e-02
-6.572524024067e+00,6.437798031596e+00,8.314557977518e-02
-6.572282940110e+00,3.822482214936e+00,9.062682810583e-02
-6.572122102236e+00,6.074501291372e+00,8.524758597832e-02
-6.571945044882e+00,1.065181523475e+00,9.225000828531e-02
-6.571788870181e+00,6.004875872475e+00,8.557641094951e-02
-6.571777024109e+00,5.671615818192e+00,8.690573365765e-02
-6.571611255848e+00,7.122912999411e+00,7.591239655311e-02
-6.571504231948e+00,7.973410405633e+00,3.573333002124e-02
-6.571497661302e+00,4.886265745745e+00,8.900751641434e-02
-6.571452216222e+00,4.285003718076e+00,9.003946542152e-02
-6.571441015935e+00,2.440979801824e+00,9.174030120834e-02
-6.571336681523e+00,6.144235862899e+00,8.490304492928e-02
-6.571173665554e+00,2.034322383841e+00,9.194093082777e-02
-6.571035913652e+00,1.562500050003e-02,9.236264944493e-02
-6.570986328184e+00,7.605100758728e+00,6.344620448599e-02
-6.570718757937e+00,3.524345792148e+00,9.094034871064e-02
-6.570701644535e+00,4.687500150008e-02,9.236288461758e-02
-6.570503495252e+00,3.091001549178e+00,9.131524586605e-02
-6.570367375418e+00,7.812500250012e-02,9.236295769374e-02
-6.570345999443e+00,5.935369867990e+00,8.589132013732e-02
-6.570033106301e+00,1.093750035002e-01,9.236281658650e-02
-6.569987265964e+00,2.996384498824e+00,9.138752063224e-02
-6.569867366562e+00,3.185907867709e+00,9.124126457958e-02
-6.569698837184e+00,1.406250045003e-01,9.236252589124e-02
-6.569675195626e+00,7.054753629509e+00,7.699078163227e-02
-6.569488866968e+00,1.326744994389e+00,9.219074066718e-02
-6.569423674699e+00,6.214069249901e+00,8.454208089113e-02
-6.569364568067e+00,1.718750055004e-01,9.236200843782e-02
-6.569263155275e+00,6.913996337456e+00,7.885634883656e-02
-6.569030298950e+00,2.031250065004e-01,9.236135375717e-02
-6.569003606426e+00,1.722531239135e+00,9.206783142555e-02
-6.568851028891e+00,7.674669332035e+00,6.040615286089e-02
-6.568696029833e+00,2.343750075005e-01,9.236045972367e-02
-6.568594443318e+00,5.174913732451e+00,8.837050902805e-02
-6.568361760716e+00,2.656250085005e-01,9.235943179892e-02
-6.568340499736e+00,2.902075025488e+00,9.145811491966e-02
-6.568214736194e+00,4.230990760285e+00,9.012338902595e-02
-6.568139759175e+00,4.941447802322e+00,8.890270891990e-02
-6.568057325352e+00,3.281084780079e+00,9.116555124796e-02
-6.568027491599e+00,2.968750095005e-01,9.235816957116e-02
-6.568011967671e+00,6.746816793374e+00,8.066721554890e-02
-6.567991323735e+00,3.972619275398e+00,9.046039775453e-02
-6.567802584611e+00,5.865993463306e+00,8.619310435200e-02
-6.567752281069e+00,1.545948802731e+00,9.212917502679e-02
-6.567693222483e+00,3.281250105004e-01,9.235675098479e-02
-6.567613228597e+00,2.577508313061e+00,9.166848500458e-02
-6.567430350531e+00,5.478230308145e+00,8.755102859934e-02
-6.567358953366e+00,3.593750115003e-01,9.235509563144e-02
-6.567338266463e+00,1.899888854284e+00,9.200296678598e-02
-6.567238126067e+00,6.986785309774e+00,7.796756682905e-02
-6.567074426760e+00,1.108616046568e+00,9.224735535933e-02
-6.567024684249e+00,3.906250125003e-01,9.235325910575e-02
-6.566690415132e+00,4.218750135002e-01,9.235123605756e-02
-6.566677396300e+00,8.043830399493e+00,2.509916380393e-02
-6.566395801420e+00,5.354109726957e+00,8.791292105353e-02
-6.566374229495e+00,6.283991040729e+00,8.416423154061e-02
-6.566356146015e+00,4.531250145001e-01,9.234902165047e-02
-6.566199205224e+00,7.744398966622e+00,5.677785247426e-02
-6.566021876898e+00,4.843750155000e-01,9.234662949713e-02
-6.565782596103e+00,6.507991662222e+00,8.269842873849e-02
-6.565585278795e+00,2.808091067740e+00,9.152705515807e-02
-6.565352004045e+00,5.156250165000e-01,9.234449007120e-02
-6.565133862546e+00,5.602770607619e+00,8.716708364546e-02
-6.565052089902e+00,3.376513248695e+00,9.108808100235e-02
-6.564878576053e+00,3.769525658404e+00,9.070037892673e-02
-6.564495784864e+00,3.620449965722e+00,9.085746070607e-02
-6.564460362008e+00,4.177105926715e+00,9.020587003999e-02
-6.564346527456e+00,5.468750175001e-01,9.234263584452e-02
-6.564200635326e+00,4.996695318099e+00,8.879600730265e-02
-6.564167799987e+00,5.796756767052e+00,8.648249710597e-02
-6.564110337382e+00,2.212988799956e+00,9.186936042316e-02
-6.563770242164e+00,6.662446677878e+00,8.148073188299e-02
-6.563678828663e+00,1.370222548822e+00,9.218705892911e-02
-6.563655476642e+00,2.348573581466e+00,9.180192564571e-02
-6.563341050867e+00,5.781250185001e-01,9.234057147394e-02
-6.563029236104e+00,7.814286268349e+00,5.237279610512e-02
-6.562663912659e+00,2.077937507772e+00,9.193437363012e-02
-6.562335574277e+00,6.093750195002e-01,9.233834729866e-02
-6.562179575708e+00,6.353990749383e+00,8.376839526676e-02
-6.562086591407e+00,5.230468737173e+00,8.825399123414e-02
-6.562052667578e+00,1.152032607437e+00,9.224453351858e-02
-6.561884712241e+00,3.919317253895e+00,9.053711535362e-02
-6.561743940378e+00,2.714450191320e+00,9.159413027820e-02
-6.561717193437e+00,1.766082986630e+00,9.206256545022e-02
-6.561330097688e+00,6.406250205003e-01,9.233590334834e-02
-6.561325748498e+00,8.114393909705e+00,1.008778195666e-02
-6.561248396800e+00,2.484648665192e+00,9.173202762626e-02
-6.561135234559e+00,1.589460688873e+00,9.212462043114e-02
-6.560830656223e+00,3.472173878295e+00,9.100856439322e-02
-6.560324621099e+00,6.718750215003e-01,9.233321974491e-02
-6.560194293350e+00,4.123353740932e+00,9.028693416106e-02
-6.559675604238e+00,5.052003185307e+00,8.868737836221e-02
-6.559450898609e+00,5.727669810954e+00,8.676017981173e-02
-6.559368012368e+00,1.943461597090e+00,9.199697932666e-02
-6.559339521224e+00,7.884327831186e+00,4.691231151950e-02
-6.559319144510e+00,7.031250225004e-01,9.233044052195e-02
-6.558313667921e+00,7.343750235004e-01,9.232745807433e-02
-6.558118090097e+00,4.600421399448e+00,8.957732012802e-02
-6.557912302552e+00,4.545848225274e+00,8.966963247620e-02
-6.557868498975e+00,6.578229773819e+00,8.222847263151e-02
-6.557853552717e+00,5.409856384440e+00,8.778777006241e-02
-6.557773472382e+00,4.655091045962e+00,8.948337276145e-02
-6.557724761601e+00,6.818958919094e+00,8.004855967389e-02
-6.557716178815e+00,1.413676281626e+00,9.218320599686e-02
-6.557435047460e+00,5.534103358527e+00,8.741819819009e-02
-6.557356531301e+00,3.134707541409e+00,9.130406588353e-02
-6.557308191331e+00,7.656250245004e-01,9.232416362851e-02
-6.557295903327e+00,3.040085116067e+00,9.137676577914e-02
-6.557204916471e+00,7.379162571204e+00,7.106030438959e-02
-6.557201454831e+00,7.310356130454e+00,7.265321656283e-02
-6.557161067584e+00,4.491376334237e+00,8.976033835802e-02
-6.557001302248e+00,3.716734295027e+00,9.077268179606e-02
-6.556879879596e+00,1.195430285443e+00,9.224154248967e-02
-6.556873528287e+00,4.709852312543e+00,8.938776158617e-02
-6.556839071177e+00,2.621169584891e+00,9.165962499075e-02
-6.556831025652e+00,6.424057816263e+00,8.335337519655e-02
-6.556698956312e+00,7.448143965975e+00,6.925204655657e-02
-6.556690297621e+00,7.241727974277e+00,7.406696295714e-02
-6.556302714742e+00,7.968750255003e-01,9.232075601747e-02
-6.556258157143e+00,3.229611668188e+00,9.122965662640e-02
-6.556097982565e+00,2.945762832983e+00,9.144778203320e-02
-6.555869379647e+00,4.437010495038e+00,8.984946607448e-02
-6.555681868596e+00,7.517296971610e+00,6.718182428885e-02
-6.555673191522e+00,7.173281420446e+00,7.533005163497e-02
-6.555421764213e+00,4.069738682713e+00,9.036660682620e-02
-6.555413373830e+00,4.764700305557e+00,8.929045758694e-02
-6.555372304048e+00,3.568046918904e+00,9.092709597185e-02
-6.555302249851e+00,6.061133012693e+00,8.540374242603e-02
-6.555297238153e+00,8.281250265002e-01,9.231723575151e-02
-6.555290922214e+00,3.866168776277e+00,9.061219857584e-02
-6.555128481196e+00,7.954520237274e+00,3.996633027109e-02
-6.554972670901e+00,5.286061928591e+00,8.813536444378e-02
-6.554890483479e+00,2.256589978988e+00,9.186205557869e-02
-6.554748717098e+00,5.991586459074e+00,8.572522986701e-02
-6.554738831988e+00,6.130790197856e+00,8.506738964053e-02
-6.554560019504e+00,5.107366256536e+00,8.857678864537e-02
-6.554364156564e+00,1.632943700859e+00,9.211989241164e-02
-6.554291761564e+00,8.593750275002e-01,9.231339255139e-02
-6.554275292782e+00,1.809601645907e+00,9.205712403420e-02
-6.554151968009e+00,7.586618232570e+00,6.478852209355e-02
-6.554151903519e+00,7.105019773889e+00,7.646525005327e-02
-6.554042269389e+00,4.382755434162e+00,8.993692503192e-02
-6.553995857139e+00,2.121511818822e+00,9.192763561918e-02
-6.553979340788e+00,3.324778690363e+00,9.115351285589e-02
-6.553873254775e+00,2.392189223811e+00,9.179404666834e-02
-6.553784741332e+00,2.851758765479e+00,9.151714080143e-02
-6.553661211801e+00,5.658742549076e+00,8.702678641709e-02
-6.553388162595e+00,4.819630090123e+00,8.919143153734e-02
-6.553286284975e+00,8.906250285001e-01,9.230935248635e-02
-6.553250320226e+00,6.732806507738e+00,8.094478434811e-02
-6.553087256790e+00,5.922160788382e+00,8.603325835150e-02
-6.553049521121e+00,6.200547687751e+00,8.471486786296e-02
-6.552280808385e+00,9.218750295001e-01,9.230519946145e-02
-6.552128220785e+00,7.036946326606e+00,7.749096086865e-02
-6.552107589736e+00,7.656104381082e+00,6.199041753456e-02
-6.551684803219e+00,4.328615835791e+00,9.002255219632e-02
-6.551601065383e+00,1.457105263502e+00,9.217918153797e-02
-6.551556180653e+00,1.238808160855e+00,9.223838198869e-02
-6.551523692591e+00,6.896380888120e+00,7.927138924839e-02
-6.551275331796e+00,9.531250305000e-01,9.230089082382e-02
-6.551240929590e+00,1.986996949943e+00,9.199081431311e-02
-6.550893501542e+00,2.528266056326e+00,9.172356730656e-02
-6.550793085906e+00,4.874636690602e+00,8.909065401408e-02
-6.550498916712e+00,3.420189441468e+00,9.107561013153e-02
-6.550394557746e+00,8.024860056946e+00,3.083441545327e-02
-6.550378409655e+00,2.758090614476e+00,9.158467702953e-02
-6.550326972434e+00,5.852866175555e+00,8.632858358328e-02
-6.550319974411e+00,6.494181609125e+00,8.291786873290e-02
-6.550269855207e+00,9.843750315000e-01,9.229621346035e-02
-6.550225455878e+00,6.270395081017e+00,8.434605563866e-02
-6.550148042454e+00,4.016265187981e+00,9.044491320134e-02
-6.549603950573e+00,6.969064357568e+00,7.842222016542e-02
-6.549547089710e+00,7.725752037097e+00,5.867569602022e-02
-6.548849274302e+00,5.162779344782e+00,8.846420445946e-02
-6.548802083118e+00,4.274596341308e+00,9.010671379061e-02
-6.548773305401e+00,6.648501579651e+00,8.173407080553e-02
-6.548690133252e+00,5.465623798827e+00,8.765961315133e-02
-6.548656601946e+00,3.664112270736e+00,9.084375963905e-02
-6.548215347295e+00,3.813178112408e+00,9.068598860507e-02
-6.547623373273e+00,4.929715090695e+00,8.898753253726e-02
-6.547454056531e+00,1.021646572296e+00,9.229268267798e-02
-6.547439225851e+00,1.676396900833e+00,9.211499059157e-02
-6.547248203156e+00,5.341687992497e+00,8.801459326321e-02
-6.546808148752e+00,5.589984857026e+00,8.728290754752e-02
-6.546678108926e+00,1.853086270316e+00,9.205150677066e-02
-6.546477047179e+00,5.783712718717e+00,8.661190723677e-02
-6.546468844665e+00,7.795557808435e+00,5.468719521619e-02
-6.546257856889e+00,6.340321901885e+00,8.395990511417e-02
-6.546081694176e+00,1.282165314766e+00,9.223505172127e-02
-6.545901468952e+00,2.664775706284e+00,9.165057630162e-02
-6.545795999559e+00,3.515824398461e+00,9.099555123767e-02
-6.545511199310e+00,2.300145883973e+00,9.185456743569e-02
-6.545399246354e+00,4.220701548954e+00,9.018943537572e-02
-6.545333641966e+00,1.500508566169e+00,9.217498521012e-02
-6.545169750545e+00,2.165044353439e+00,9.192071629146e-02
-6.545136213744e+00,8.095343848895e+00,1.829367785381e-02
-6.544435988685e+00,3.083718360737e+00,9.136581333995e-02
-6.544378429494e+00,3.962937648477e+00,9.052187817144e-02
-6.544039765198e+00,3.178343250209e+00,9.129268700629e-02
-6.543930299189e+00,2.435756030445e+00,9.178598240371e-02
-6.543874292697e+00,4.984860233731e+00,8.888251348432e-02
-6.543688208821e+00,2.989386138077e+00,9.143725295973e-02
-6.542957248835e+00,2.030493958074e+00,9.198447058148e-02
-6.542871252106e+00,7.865518291015e+00,4.979682146834e-02
-6.542753406719e+00,1.064931485445e+00,9.229020593283e-02
-6.542637900972e+00,6.564351423088e+00,8.246045573462e-02
-6.542538801551e+00,5.218237223957e+00,8.834959188586e-02
-6.542477941792e+00,3.273242233690e+00,9.121784857789e-02
-6.541818287436e+00,2.895364789016e+00,9.150703173120e-02
-6.541546742849e+00,5.714710439036e+00,8.688388179741e-02
-6.541531083420e+00,6.803176676267e+00,8.037901786618e-02
-6.541496923383e+00,1.562500050003e-02,9.240217764463e-02
-6.541481464966e+00,4.166936013875e+00,9.027074228482e-02
-6.541167680870e+00,4.687500150008e-02,9.240240156461e-02
-6.541138027238e+00,6.410317600931e+00,8.355527922894e-02
-6.540838438356e+00,7.812500250012e-02,9.240246696075e-02
-6.540663413397e+00,3.760349487024e+00,9.075853138601e-02
-6.540509195842e+00,1.093750035002e-01,9.240231704224e-02
-6.540456549216e+00,1.325500828843e+00,9.223155138269e-02
-6.540376646755e+00,2.571830987553e+00,9.171491972690e-02
-6.540360626891e+00,1.719819352076e+00,9.210991458533e-02
-6.540179953328e+00,1.406250045003e-01,9.240202364129e-02
-6.540100230675e+00,7.360929976972e+00,7.188121351662e-02
-6.540007480162e+00,7.292207726064e+00,7.338055252100e-02
-6.539850710815e+00,1.718750055004e-01,9.240149981315e-02
-6.539849989634e+00,3.611663685781e+00,9.091363509131e-02
-6.539729193479e+00,3.368396374619e+00,9.114127329492e-02
-6.539683970656e+00,7.429827620166e+00,7.018572692864e-02
-6.539541150810e+00,5.040067023212e+00,8.877560811996e-02
-6.539521468301e+00,2.031250065004e-01,9.240084127045e-02
-6.539407447488e+00,7.223664195972e+00,7.471580242845e-02
-6.539351933138e+00,8.165968160418e+00,6.608629107204e-06
-6.539192225788e+00,2.343750075005e-01,9.239994942272e-02
-6.538925852070e+00,1.896535914598e+00,9.204571324501e-02
-6.538914067832e+00,1.543885262204e+00,9.217061666132e-02
-6.538908750427e+00,5.397341576283e+00,8.789164209170e-02
-6.538901195833e+00,5.521406531456e+00,8.752909421553e-02
-6.538862983274e+00,2.656250085005e-01,9.239891666594e-02
-6.538848346298e+00,2.801672149594e+00,9.157503323256e-02
-6.538756992198e+00,7.498897314494e+00,6.825310658440e-02
-6.538752730445e+00,7.935630068915e+00,4.366044340045e-02
-6.538533740760e+00,2.968750095005e-01,9.239766499578e-02
-6.538488672781e+00,6.718796222101e+00,8.121342547099e-02
-6.538482397467e+00,6.047764734014e+00,8.555599299319e-02
-6.538301881463e+00,7.155302702442e+00,7.591239942389e-02
-6.538204498247e+00,3.281250105004e-01,9.239624416220e-02
-6.538140982453e+00,6.117344532812e+00,8.522752041628e-02
-6.538118260024e+00,3.909760411436e+00,9.059735918562e-02
-6.537903749932e+00,1.108199609920e+00,9.228756103191e-02
-6.537875255733e+00,3.593750115003e-01,9.239460469318e-02
-6.537708564014e+00,5.978297045673e+00,8.587040077294e-02
-6.537546013219e+00,3.906250125003e-01,9.239276880460e-02
-6.537317607834e+00,7.568135706412e+00,6.603009809449e-02
-6.537216770706e+00,4.218750135002e-01,9.239076664876e-02
-6.537053945511e+00,4.113304247739e+00,9.035065961131e-02
-6.536887528192e+00,4.531250145001e-01,9.238855524070e-02
-6.536692551189e+00,7.087126548368e+00,7.699078347694e-02
-6.536675367543e+00,6.187026125601e+00,8.488312994052e-02
-6.536558285678e+00,4.843750155000e-01,9.238618900737e-02
-6.536500644054e+00,4.589329485123e+00,8.965131231353e-02
-6.536334831516e+00,4.643889227136e+00,8.955876631464e-02
-6.536185850364e+00,2.208534149359e+00,9.191361513722e-02
-6.536117950790e+00,4.534867430590e+00,8.974225606548e-02
-6.535972763635e+00,2.343655544534e+00,9.184689547358e-02
-6.535898486101e+00,5.156250165000e-01,9.238404201695e-02
-6.535828514137e+00,5.908951708774e+00,8.617178562343e-02
-6.535772471778e+00,3.463786378220e+00,9.106284872689e-02
-6.535624074026e+00,5.273734629436e+00,8.823291679359e-02
-6.535615584617e+00,4.698541815904e+00,8.946459000605e-02
-6.535545399494e+00,5.645869279960e+00,8.714511488424e-02
-6.535364150581e+00,7.637539430129e+00,6.344621705353e-02
-6.535191716928e+00,4.480507862737e+00,8.983162540698e-02
-6.534908129461e+00,5.468750175001e-01,9.238219289440e-02
-6.534857352720e+00,6.480371556027e+00,8.313094206795e-02
-6.534800760938e+00,2.708325682537e+00,9.164133842263e-02
-6.534680880405e+00,1.368813785639e+00,9.222788065796e-02
-6.534619293277e+00,5.095330322950e+00,8.866678393110e-02
-6.534581245944e+00,7.019139023703e+00,7.796756771884e-02
-6.534517206628e+00,2.073951668107e+00,9.197793287739e-02
-6.534338011868e+00,4.753282369297e+00,8.936875511218e-02
-6.534111719193e+00,8.005889714399e+00,3.573334917637e-02
-6.534076682261e+00,6.256799121305e+00,8.452301478528e-02
-6.533917772820e+00,5.781250185001e-01,9.238011038355e-02
-6.533826910401e+00,2.479273022991e+00,9.177773232638e-02
-6.533784229907e+00,6.878765438783e+00,7.966852540957e-02
-6.533776368638e+00,6.634556481425e+00,8.197958514640e-02
-6.533726944220e+00,4.426255538627e+00,8.991944793539e-02
-6.533128549860e+00,1.763210118986e+00,9.210466399870e-02
-6.532927416180e+00,6.093750195002e-01,9.237789362865e-02
-6.532905191213e+00,1.151450038277e+00,9.228474771026e-02
-6.532894974195e+00,7.707105107571e+00,6.040616718615e-02
-6.532851360256e+00,5.839738887804e+00,8.646087013949e-02
-6.532640578452e+00,3.707687079304e+00,9.082984960405e-02
-6.532497259273e+00,4.808105963892e+00,8.927123315853e-02
-6.532342507920e+00,1.587234425039e+00,9.216607553007e-02
-6.532121928773e+00,4.059810718383e+00,9.042921219742e-02
-6.531969775078e+00,6.951343405362e+00,7.885639407014e-02
-6.531937059539e+00,6.406250205003e-01,9.237543655124e-02
-6.531728670539e+00,4.372115173062e+00,9.000542427299e-02
-6.531407935604e+00,3.127283207252e+00,9.135466278625e-02
-6.531372901664e+00,3.856737779329e+00,9.067138850805e-02
-6.531111574565e+00,3.032943923009e+00,9.142652714494e-02
-6.531018738200e+00,1.939949634656e+00,9.203974303521e-02
-6.530946702899e+00,6.718750215003e-01,9.237275199501e-02
-6.530587010709e+00,3.559392594461e+00,9.098233049145e-02
-6.530553628282e+00,3.221907642395e+00,9.128110873831e-02
-6.530336138069e+00,6.326653054386e+00,8.414617750222e-02
-6.530088510511e+00,4.863007635460e+00,8.917199548604e-02
-6.529956346258e+00,7.031250225004e-01,9.236995321534e-02
-6.529949915973e+00,5.453017289510e+00,8.776586114925e-02
-6.529908453226e+00,7.776829348521e+00,5.677786858574e-02
-6.529698155080e+00,2.615342473036e+00,9.170608436396e-02
-6.529686295915e+00,2.938908128698e+00,9.149672737317e-02
-6.529201969449e+00,4.318091438495e+00,9.008982318026e-02
-6.529104105286e+00,5.150644957114e+00,8.855600818325e-02
-6.528965989618e+00,7.343750235005e-01,9.236702469893e-02
-6.528946678991e+00,8.076293788084e+00,2.509918060616e-02
-6.528786294370e+00,5.770668670383e+00,8.673832593239e-02
-6.528754827957e+00,1.412103268568e+00,9.222403922195e-02
-6.528527169882e+00,3.316798523687e+00,9.120583997762e-02
-6.528482434958e+00,5.577199106432e+00,8.739617311788e-02
-6.528100604891e+00,5.329266258036e+00,8.811414485271e-02
-6.527975632977e+00,7.656250245004e-01,9.236371724824e-02
-6.527757841157e+00,1.194681863518e+00,9.228176569226e-02
-6.527407302969e+00,6.550473072356e+00,8.268554798168e-02
-6.527154112142e+00,2.845193795341e+00,9.156519838964e-02
-6.527106987371e+00,4.917982379067e+00,8.907071054693e-02
-6.527044419942e+00,2.251980245905e+00,9.190633164076e-02
-6.527006343835e+00,6.789102773195e+00,8.066456292666e-02
-6.526985276337e+00,7.968750255003e-01,9.236029462381e-02
-6.526690689330e+00,4.006459849749e+00,9.050642462362e-02
-6.526402982988e+00,7.846708750844e+00,5.237281392971e-02
-6.526275461149e+00,2.387117991899e+00,9.183903916748e-02
-6.526151950015e+00,4.264188964539e+00,9.017278481454e-02
-6.525994919697e+00,8.281250265002e-01,9.235675730495e-02
-6.525921045281e+00,2.117369128195e+00,9.197121481658e-02
-6.525743190661e+00,1.806568267016e+00,9.209923842905e-02
-6.525619132803e+00,1.630555129174e+00,9.216136144550e-02
-6.525445028823e+00,6.396577385598e+00,8.375153702998e-02
-6.525307351002e+00,3.411936785422e+00,9.112883215601e-02
-6.525004563056e+00,8.593750275002e-01,9.235298630376e-02
-6.524152331916e+00,3.655195022925e+00,9.089996567073e-02
-6.524147754481e+00,3.803874009881e+00,9.074417139107e-02
-6.524014206416e+00,8.906250285001e-01,9.234893573675e-02
-6.523727025335e+00,6.704785936465e+00,8.147355985940e-02
-6.523642587090e+00,5.701751067117e+00,8.700477814096e-02
-6.523563394842e+00,2.522739225055e+00,9.176929590848e-02
-6.523547950070e+00,4.973025149363e+00,8.896732877366e-02
-6.523537292186e+00,2.751818521089e+00,9.163191084074e-02
-6.523256091549e+00,8.146838839182e+00,1.008779060844e-02
-6.523023849775e+00,9.218750295001e-01,9.234477011452e-02
-6.522995544879e+00,7.342697382740e+00,7.265322288095e-02
-6.522991011695e+00,5.206005710742e+00,8.844324793434e-02
-6.522956989055e+00,1.983326487698e+00,9.203359571210e-02
-6.522813505492e+00,7.274059321673e+00,7.406696802161e-02
-6.522678537670e+00,1.455368361896e+00,9.222002673947e-02
-6.522668985000e+00,7.411511274357e+00,7.106031205734e-02
-6.522583756513e+00,4.210412337623e+00,9.025433413695e-02
-6.522461815857e+00,1.237894179536e+00,9.227861469174e-02
-6.522376979694e+00,7.916739900556e+00,4.691233077473e-02
-6.522124597354e+00,7.205600417668e+00,7.533005553509e-02
-6.522033493134e+00,9.531250305000e-01,9.234049005216e-02
-6.521832115800e+00,7.480497657379e+00,6.925205567548e-02
-6.521662545082e+00,6.034396455335e+00,8.570448105175e-02
-6.521543132918e+00,6.103898867769e+00,8.538355640757e-02
-6.521043136494e+00,9.843750315000e-01,9.233586019736e-02
-6.520930571405e+00,7.137323984438e+00,7.646525287138e-02
-6.520873241181e+00,3.507303004774e+00,9.104986787449e-02
-6.520765535253e+00,3.953256021556e+00,9.058230980499e-02
-6.520668410930e+00,5.965007632273e+00,8.601205498909e-02
-6.520483247659e+00,7.549653180254e+00,6.718183496341e-02
-6.520367344206e+00,5.508709704386e+00,8.763758558884e-02
-6.520301213965e+00,6.173504563451e+00,8.504704126617e-02
-6.519963948138e+00,5.384826768126e+00,8.799324154764e-02
-6.519406697381e+00,5.028130861118e+00,8.886210035007e-02
-6.519394731028e+00,6.466561502929e+00,8.333791978788e-02
-6.519233198860e+00,7.069233322847e+00,7.749096268027e-02
-6.518858355132e+00,2.658799529003e+00,9.169706069418e-02
-6.518779431876e+00,6.620611383198e+00,8.221762930204e-02
-6.518744118677e+00,1.673846450247e+00,9.215647402759e-02
-6.518620711427e+00,7.618974479176e+00,6.478853442580e-02
-6.518569771485e+00,5.895742629166e+00,8.630702241831e-02
-6.518502567925e+00,4.156766101035e+00,9.033449588951e-02
-6.518368482117e+00,3.076435172297e+00,9.141560404097e-02
-6.518243697739e+00,1.021563185347e+00,9.233232842420e-02
-6.518212163834e+00,3.170778632709e+00,9.134331359861e-02
-6.518204750860e+00,1.849892862941e+00,9.209363746560e-02
-6.517927908643e+00,6.243203161592e+00,8.469530019785e-02
-6.517828880640e+00,7.986919371851e+00,3.996635023856e-02
-6.517745728374e+00,2.295381684378e+00,9.189886528092e-02
-6.517429587187e+00,5.632996010844e+00,8.726080946568e-02
-6.517389151677e+00,2.982387777329e+00,9.148622715720e-02
-6.517169012875e+00,2.160745388077e+00,9.196431589093e-02
-6.517034271103e+00,7.001331720800e+00,7.842222103966e-02
-6.517017236914e+00,1.281086081038e+00,9.227529441201e-02
-6.516898558232e+00,3.265399687301e+00,9.126933059551e-02
-6.516452160902e+00,1.498608150894e+00,9.221584286544e-02
-6.516448250741e+00,3.751173315644e+00,9.081573027350e-02
-6.516419582443e+00,2.430532259065e+00,9.183099798865e-02
-6.516275477152e+00,5.261407330282e+00,8.832847004870e-02
-6.516242858680e+00,7.688458178046e+00,6.199043161347e-02
-6.516044767222e+00,6.861149989447e+00,8.004854845669e-02
-6.515375748079e+00,5.826611600053e+00,8.659007468682e-02
-6.515296075136e+00,2.888654552544e+00,9.155517200752e-02
-6.515204194404e+00,3.602877405840e+00,9.096890171587e-02
-6.514896190650e+00,4.632687408309e+00,8.963277252361e-02
-6.514883198012e+00,4.578237570798e+00,8.972395306967e-02
-6.514740832115e+00,2.026665532307e+00,9.202727083970e-02
-6.514678567050e+00,5.083294389364e+00,8.875499366212e-02
-6.514414419250e+00,6.312984206888e+00,8.432742276875e-02
-6.514406297056e+00,3.360279500543e+00,9.119363038424e-02
-6.514357640947e+00,4.687231319265e+00,8.953999413845e-02
-6.514351807808e+00,3.900203568976e+00,9.065657844551e-02
-6.514335599584e+00,6.933622453156e+00,7.927143371176e-02
-6.514323599028e+00,4.523886635905e+00,8.981356314050e-02
-6.513913597671e+00,4.103254754545e+00,9.041329458319e-02
-6.513561768555e+00,1.064681447416e+00,9.232985916939e-02
-6.513348061787e+00,7.758100888607e+00,5.867571190137e-02
-6.513262649906e+00,4.741864433037e+00,8.944559034887e-02
-6.513222366273e+00,4.469639391237e+00,8.990162988490e-02
-6.513140064914e+00,2.566153662044e+00,9.176067262024e-02
-6.512757144237e+00,8.057243727274e+00,3.083443447133e-02
-6.512481604250e+00,6.775028870124e+00,8.094051955598e-02
-6.512176704966e+00,6.536594721625e+00,8.290404964933e-02
-6.512111413802e+00,2.795253231448e+00,9.162229304527e-02
-6.511957933115e+00,1.562500050003e-02,9.244116758718e-02
-6.511717647356e+00,1.717107465016e+00,9.215141288736e-02
-6.511633717204e+00,4.687500150008e-02,9.244138056876e-02
-6.511606355952e+00,4.796581837660e+00,8.934953340203e-02
-6.511584508793e+00,4.415500582216e+00,8.998808193630e-02
-6.511424231465e+00,1.324256663296e+00,9.227180454598e-02
-6.511309501294e+00,7.812500250012e-02,9.244143848939e-02
-6.511209698694e+00,5.440410780192e+00,8.786984697364e-02
-6.511095541562e+00,5.757624622048e+00,8.686185499911e-02
-6.510985285383e+00,1.093750035002e-01,9.244128006713e-02
-6.510714287334e+00,3.455398878146e+00,9.111618904864e-02
-6.510661069473e+00,1.406250045003e-01,9.244098404777e-02
-6.510513437676e+00,1.893182974912e+00,9.208786068971e-02
-6.510336853563e+00,1.718750055004e-01,9.244045414589e-02
-6.510156721164e+00,5.564413355839e+00,8.750696378318e-02
-6.510075854595e+00,1.541821721677e+00,9.221148724502e-02
-6.510012637652e+00,2.031250065004e-01,9.243978871923e-02
-6.509934713870e+00,7.827899210673e+00,5.468721288244e-02
-6.509752030409e+00,6.382837170265e+00,8.394238039465e-02
-6.509688421742e+00,2.343750075005e-01,9.243890234415e-02
-6.509415071689e+00,4.361474911962e+00,9.007271739027e-02
-6.509383935115e+00,4.851378580317e+00,8.925179537207e-02
-6.509364205831e+00,2.656250085005e-01,9.243786512212e-02
-6.509358936270e+00,5.138510569445e+00,8.864597689105e-02
-6.509039989921e+00,2.968750095005e-01,9.243662378501e-02
-6.508965377890e+00,6.690775650828e+00,8.172558245934e-02
-6.508953006627e+00,5.316844523576e+00,8.821164121098e-02
-6.508822093332e+00,4.049882754053e+00,9.049075448652e-02
-6.508733073103e+00,1.107783173272e+00,9.232722225104e-02
-6.508715774011e+00,3.281250105004e-01,9.243520106214e-02
-6.508391558100e+00,3.593750115003e-01,9.243357712872e-02
-6.508290050627e+00,2.338737507601e+00,9.189121553148e-02
-6.508279854657e+00,3.698639863582e+00,9.088608733642e-02
-6.508261363345e+00,2.204079498761e+00,9.195723558587e-02
-6.508067342190e+00,3.906250125003e-01,9.243174222088e-02
-6.507857581498e+00,2.702201173754e+00,9.168784819447e-02
-6.507743126280e+00,4.218750135002e-01,9.242976049167e-02
-6.507454881113e+00,3.847306782382e+00,9.072960156496e-02
-6.507418910369e+00,4.531250145001e-01,9.242755242415e-02
-6.507160249960e+00,8.127709517946e+00,1.829369207970e-02
-6.507094694459e+00,4.843750155000e-01,9.242520928855e-02
-6.506719135679e+00,4.307567041200e+00,9.015591846707e-02
-6.506590601469e+00,4.906249667439e+00,8.915229062573e-02
-6.506444968158e+00,5.156250165000e-01,9.242305763972e-02
-6.506405424001e+00,2.473897380790e+00,9.182277140509e-02
-6.506370500597e+00,2.069965828442e+00,9.202076797560e-02
-6.506001228942e+00,7.897849732197e+00,4.979684075210e-02
-6.505890859083e+00,7.324464788509e+00,7.338055871705e-02
-6.505801717370e+00,3.550738270017e+00,9.103667958019e-02
-6.505738431330e+00,5.688791695199e+00,8.712296262435e-02
-6.505682932147e+00,1.367405022456e+00,9.226814477625e-02
-6.505653999344e+00,7.393194928548e+00,7.188122103414e-02
-6.505619530823e+00,7.255910917283e+00,7.471580739685e-02
-6.505469731466e+00,5.468750175001e-01,9.242119698318e-02
-6.505459339908e+00,3.119858873095e+00,9.140448310749e-02
-6.504945283383e+00,6.090453202725e+00,8.553544824678e-02
-6.504927245802e+00,3.025802729952e+00,9.147553051824e-02
-6.504907239403e+00,7.462098000264e+00,7.018573586769e-02
-6.504849099420e+00,3.214203616602e+00,9.133176526792e-02
-6.504842692698e+00,6.021028176656e+00,8.584934310854e-02
-6.504841747221e+00,7.187536639363e+00,7.591240325161e-02
-6.504539906283e+00,1.760337251343e+00,9.214617762707e-02
-6.504494494774e+00,5.781250185001e-01,9.241911391443e-02
-6.503932109337e+00,6.452751449831e+00,8.353905782105e-02
-6.503927060387e+00,6.159983001301e+00,8.520676720963e-02
-6.503782495113e+00,6.606666284972e+00,8.244853664146e-02
-6.503757714847e+00,1.150867469117e+00,9.232441740211e-02
-6.503648887485e+00,7.531170654096e+00,6.825311704944e-02
-6.503628257846e+00,5.951718218872e+00,8.615031767241e-02
-6.503559261347e+00,7.119345266435e+00,7.699078624394e-02
-6.503549781281e+00,1.585008161206e+00,9.220695951376e-02
-6.503519258082e+00,6.093750195002e-01,9.241687909368e-02
-6.503501816911e+00,4.253781587771e+00,9.023770974781e-02
-6.503443221839e+00,5.193774197526e+00,8.853501802765e-02
-6.503274609266e+00,2.932053424412e+00,9.154493289612e-02
-6.503233336206e+00,3.996654511517e+00,9.056689961507e-02
-6.503221607442e+00,4.961190064995e+00,8.905050246181e-02
-6.503074998975e+00,3.308818357011e+00,9.125735210704e-02
-6.502669464032e+00,1.936437672222e+00,9.208190767514e-02
-6.502557238982e+00,2.609515361181e+00,9.175186193071e-02
-6.502544021391e+00,6.406250205003e-01,9.241443520198e-02
-6.501877272272e+00,7.600409528223e+00,6.603011019041e-02
-6.501833492579e+00,5.496012877315e+00,8.774374939150e-02
-6.501779135026e+00,6.229607201880e+00,8.486309325319e-02
-6.501773846530e+00,7.051340097326e+00,7.796756949841e-02
-6.501568784699e+00,6.718750215003e-01,9.241175011583e-02
-6.501546042087e+00,7.967949029304e+00,4.366046382428e-02
-6.501311028832e+00,5.882533549558e+00,8.643908365517e-02
-6.501036698490e+00,8.198313283635e+00,6.608629052694e-06
-6.501019145848e+00,5.372311959970e+00,8.809272793990e-02
-6.500593548007e+00,7.031250225004e-01,9.240893301280e-02
-6.500523482951e+00,2.838628825203e+00,9.161248452874e-02
-6.500115785292e+00,3.403684129375e+00,9.118121937290e-02
-6.500080161666e+00,3.794569907353e+00,9.080140134885e-02
-6.500031924492e+00,6.845274294428e+00,8.037809788164e-02
-6.499793477099e+00,1.410530255510e+00,9.226431477518e-02
-6.499768266673e+00,4.200123126292e+00,9.031811561540e-02
-6.499648061885e+00,3.646277775113e+00,9.095526449451e-02
-6.499618311315e+00,7.343750235005e-01,9.240599959938e-02
-6.499590743165e+00,7.669811248520e+00,6.344623087780e-02
-6.499487296262e+00,6.983524417897e+00,7.885639492930e-02
-6.499313774879e+00,5.620122741729e+00,8.737395666401e-02
-6.499272243953e+00,5.016194699023e+00,8.894690601728e-02
-6.499198356405e+00,2.247370512822e+00,9.194997338071e-02
-6.498677667523e+00,2.382046759987e+00,9.188338186169e-02
-6.498643074623e+00,7.656250245004e-01,9.240273724299e-02
-6.498635802717e+00,1.193933441592e+00,9.232144434490e-02
-6.498492700431e+00,6.299315359389e+00,8.450384018905e-02
-6.497956864665e+00,6.760954967052e+00,8.120765228122e-02
-6.497900135902e+00,5.813484312302e+00,8.671630289303e-02
-6.497846233424e+00,2.113226437569e+00,9.201408667128e-02
-6.497667837932e+00,7.968750255003e-01,9.239930080886e-02
-6.497211088541e+00,1.803534888125e+00,9.214076784049e-02
-6.497152641012e+00,3.943574394635e+00,9.064155826382e-02
-6.496946106963e+00,6.522716370894e+00,8.311624387218e-02
-6.496926880278e+00,5.249080031127e+00,8.842208488654e-02
-6.496874109042e+00,1.628166557490e+00,9.220225929778e-02
-6.496787670348e+00,7.739372428692e+00,6.040618281367e-02
-6.496701424089e+00,6.915901500951e+00,7.966856912555e-02
-6.496696174717e+00,2.745546427702e+00,9.167844634296e-02
-6.496692601240e+00,8.281250265002e-01,9.239574775524e-02
-6.496567609484e+00,8.038193666463e+00,3.573336960850e-02
-6.496233288142e+00,2.517212393784e+00,9.181435888208e-02
-6.495950482802e+00,3.498781611087e+00,9.110332080879e-02
-6.495717364548e+00,8.593750275002e-01,9.239204658786e-02
-6.495523670884e+00,4.146596188195e+00,9.039716024181e-02
-6.494742127856e+00,8.906250285001e-01,9.238798669667e-02
-6.494737840824e+00,5.071258455778e+00,8.884147053824e-02
-6.494673048521e+00,1.979656025452e+00,9.207577798836e-02
-6.494203730445e+00,6.676765365192e+00,8.196986419759e-02
-6.494059031994e+00,6.369096954932e+00,8.412802865370e-02
-6.493766891165e+00,9.218750295001e-01,9.238380977224e-02
-6.493756009958e+00,1.453631460289e+00,9.226031420504e-02
-6.493466444752e+00,7.809089670502e+00,5.677788603981e-02
-6.493457549785e+00,4.621485589483e+00,8.970542974536e-02
-6.493404788753e+00,5.744580573713e+00,8.698259173067e-02
-6.493367451061e+00,1.236980198217e+00,9.231830279108e-02
-6.493265751970e+00,4.567145656473e+00,8.979527955087e-02
-6.493099697277e+00,4.675920822626e+00,8.961401358486e-02
-6.492791654473e+00,9.531250305000e-01,9.237951639178e-02
-6.492529247266e+00,4.512905841221e+00,8.988358969353e-02
-6.492469481416e+00,5.427804270874e+00,8.797164192925e-02
-6.492384562470e+00,3.163214015208e+00,9.139316381280e-02
-6.492300975549e+00,3.069151983856e+00,9.146463689731e-02
-6.492233088085e+00,3.741997144263e+00,9.087199974115e-02
-6.492187287944e+00,4.730446496777e+00,8.952100418634e-02
-6.491831007370e+00,5.551627605245e+00,8.761535943214e-02
-6.491816417781e+00,9.843750315000e-01,9.237497443412e-02
-6.491815241313e+00,2.652823351722e+00,9.174286330842e-02
-6.491319174672e+00,3.257557140912e+00,9.132001729653e-02
-6.491253015617e+00,4.458770919736e+00,8.997038666102e-02
-6.491090094534e+00,2.975389416581e+00,9.153446163636e-02
-6.491064408371e+00,8.108580196710e+00,2.509919845848e-02
-6.490773249832e+00,4.093205261352e+00,9.047486757616e-02
-6.490715452630e+00,4.785057711428e+00,8.942637448996e-02
-6.490585355591e+00,3.890646726517e+00,9.071482169518e-02
-6.490558399175e+00,3.594091125899e+00,9.102328338819e-02
-6.490049011502e+00,1.671295999660e+00,9.219738621393e-02
-6.489980257439e+00,2.290617484782e+00,9.194252874909e-02
-6.489805408362e+00,5.304422789116e+00,8.830714512049e-02
-6.489731392795e+00,1.846699455566e+00,9.213518311309e-02
-6.489625478191e+00,7.878959563838e+00,5.237283312542e-02
-6.489613767255e+00,5.126376181777e+00,8.873416508165e-02
-6.489442073366e+00,4.404745625805e+00,9.005539667508e-02
-6.489168275205e+00,2.156446422715e+00,9.200722647254e-02
-6.489083400633e+00,3.352162626466e+00,9.124517281666e-02
-6.489033338946e+00,1.021479798398e+00,9.237144229211e-02
-6.488908865698e+00,2.425308487686e+00,9.187536373675e-02
-6.488786173286e+00,7.306232194277e+00,7.406697409898e-02
-6.488785558350e+00,6.592721186745e+00,8.267262104330e-02
-6.488773862836e+00,2.881944316072e+00,9.160248478774e-02
-6.488679359719e+00,4.839749525174e+00,8.933009727358e-02
-6.488639013688e+00,7.374878582739e+00,7.265323025210e-02
-6.488469487645e+00,6.438941396733e+00,8.373459801931e-02
-6.488425556153e+00,7.237762512893e+00,7.533006041024e-02
-6.488347433848e+00,6.077007537682e+00,8.568360108217e-02
-6.488022840313e+00,6.007659897977e+00,8.599070921013e-02
-6.487982363005e+00,7.443698343149e+00,7.106032082046e-02
-6.487952779651e+00,1.280006847310e+00,9.231499244176e-02
-6.487834275570e+00,5.675832323281e+00,8.723852494885e-02
-6.487570679838e+00,1.496707735618e+00,9.225614271811e-02
-6.487558897088e+00,7.169472861058e+00,7.646525662885e-02
-6.487552906809e+00,6.146461439151e+00,8.536246491373e-02
-6.487101472839e+00,4.350834650862e+00,9.013883649938e-02
-6.486814527310e+00,7.512688127938e+00,6.925206593423e-02
-6.486588104763e+00,5.938428805471e+00,8.628530817163e-02
-6.486524415396e+00,2.022837106540e+00,9.206947118892e-02
-6.486187951289e+00,7.101366548431e+00,7.749096539771e-02
-6.486074215567e+00,4.894516955812e+00,8.923214516783e-02
-6.485903483072e+00,2.560476336535e+00,9.180575988280e-02
-6.485745701715e+00,6.831138353727e+00,8.066191422960e-02
-6.485656102889e+00,3.447011378071e+00,9.116860653685e-02
-6.485630361409e+00,6.216011242168e+00,8.502656611266e-02
-6.485522257891e+00,4.039954789723e+00,9.055126133342e-02
-6.485374481306e+00,2.788834313303e+00,9.166885461981e-02
-6.485263203534e+00,7.948978686757e+00,4.691235140536e-02
-6.485133833118e+00,7.581844577270e+00,6.718184682402e-02
-6.485034937188e+00,8.179105161708e+00,1.008779976911e-02
-6.484370130391e+00,1.064431409387e+00,9.236898048514e-02
-6.484314494201e+00,7.033446871805e+00,7.842222278815e-02
-6.484236301909e+00,4.297042643904e+00,9.022086919980e-02
-6.484052286179e+00,5.869324469951e+00,8.656807902163e-02
-6.483919130861e+00,3.689592647858e+00,9.094141843506e-02
-6.483895431983e+00,5.181542684310e+00,8.862495852988e-02
-6.483536860563e+00,3.837875785434e+00,9.078686256256e-02
-6.483432125080e+00,6.746881063980e+00,8.146637476758e-02
-6.483299640952e+00,5.483316050244e+00,8.784765949390e-02
-6.483074667821e+00,1.714395577956e+00,9.219233987000e-02
-6.482938627650e+00,7.651164318995e+00,6.478854799124e-02
-6.482895264814e+00,4.949354980627e+00,8.913208198868e-02
-6.482570981611e+00,6.285646511890e+00,8.467561869389e-02
-6.482418942846e+00,1.562500050003e-02,9.247963192130e-02
-6.482391913713e+00,1.323012497750e+00,9.231151298763e-02
-6.482101023283e+00,1.889830035226e+00,9.212942302236e-02
-6.482099753539e+00,4.687500150008e-02,9.247983426751e-02
-6.482074343559e+00,5.359797151813e+00,8.819016623465e-02
-6.481940321421e+00,6.965717114994e+00,7.927143455629e-02
-6.481780564232e+00,7.812500250012e-02,9.247988491010e-02
-6.481715508961e+00,6.508838020163e+00,8.332239784905e-02
-6.481461374925e+00,1.093750035002e-01,9.247971827885e-02
-6.481237641359e+00,1.539758181150e+00,9.225179995685e-02
-6.481197962572e+00,5.607249472613e+00,8.748463928584e-02
-6.481142185618e+00,1.406250045003e-01,9.247941541852e-02
-6.481016424032e+00,3.542083945574e+00,9.109016537635e-02
-6.480914402058e+00,2.696076664971e+00,9.173367622206e-02
-6.480851683807e+00,4.243374211002e+00,9.030151879221e-02
-6.480822996311e+00,1.718750055004e-01,9.247888403579e-02
-6.480607337620e+00,2.333819470669e+00,9.193490115942e-02
-6.480503807003e+00,2.031250065004e-01,9.247821207961e-02
-6.480424523724e+00,5.800357024551e+00,8.683965570575e-02
-6.480378074731e+00,8.019143605653e+00,3.996637153718e-02
-6.480336876326e+00,2.199624848164e+00,9.200018691994e-02
-6.480227278909e+00,7.720643968778e+00,6.199044697224e-02
-6.480184617696e+00,2.343750075005e-01,9.247733107173e-02
-6.479865428389e+00,2.656250085005e-01,9.247628973142e-02
-6.479775983082e+00,3.986849173285e+00,9.062632784824e-02
-6.479562396275e+00,1.107366736624e+00,9.236635150273e-02
-6.479546239082e+00,2.968750095005e-01,9.247505850854e-02
-6.479510744211e+00,3.112434538937e+00,9.145354574261e-02
-6.479442083000e+00,6.662755079555e+00,8.220675378082e-02
-6.479227049775e+00,3.281250105004e-01,9.247363423292e-02
-6.479144570559e+00,3.206499590808e+00,9.138164563508e-02
-6.479137790524e+00,5.004258536929e+00,8.903007415935e-02
-6.479067248595e+00,6.898180548745e+00,8.004873081088e-02
-6.478983937602e+00,2.468521738589e+00,9.186716061837e-02
-6.478907860468e+00,3.593750115003e-01,9.247202549575e-02
-6.478742917040e+00,3.018661536895e+00,9.152379428112e-02
-6.478588671161e+00,3.906250125003e-01,9.247019188952e-02
-6.478366033579e+00,6.355356739599e+00,8.430868950044e-02
-6.478269481853e+00,4.218750135002e-01,9.246822256340e-02
-6.478223794567e+00,2.065979988776e+00,9.206298682973e-02
-6.477950292546e+00,4.531250145001e-01,9.246602572399e-02
-6.477631103239e+00,4.843750155000e-01,9.246368541804e-02
-6.477622828069e+00,3.300838190335e+00,9.130806919965e-02
-6.477578283404e+00,5.236752731972e+00,8.851381960532e-02
-6.476998175634e+00,7.790280130331e+00,5.867572910593e-02
-6.476991450214e+00,5.156250165000e-01,9.246154944195e-02
-6.476952776832e+00,4.189833914961e+00,9.038080910186e-02
-6.476862922616e+00,2.925198720127e+00,9.159229332391e-02
-6.476684983890e+00,1.365996259273e+00,9.230786410896e-02
-6.476031333471e+00,5.468750175001e-01,9.245966941185e-02
-6.476012568851e+00,3.785265804826e+00,9.085770256617e-02
-6.475951262706e+00,1.757464383699e+00,9.218711986494e-02
-6.475714035944e+00,5.731536525378e+00,8.710062915488e-02
-6.475416322885e+00,2.603688249326e+00,9.179697386896e-02
-6.475143791855e+00,3.637360527301e+00,9.100967886449e-02
-6.475071216728e+00,5.781250185001e-01,9.245759451816e-02
-6.474968566782e+00,8.089450875473e+00,3.083445467797e-02
-6.474924219581e+00,3.395431473329e+00,9.123279228426e-02
-6.474797114597e+00,5.059222522191e+00,8.892626525331e-02
-6.474757054642e+00,1.582781897372e+00,9.224728555402e-02
-6.474610238481e+00,1.150284899957e+00,9.236355507588e-02
-6.474320189863e+00,1.932925709788e+00,9.212348713807e-02
-6.474111099985e+00,6.093750195002e-01,9.245534264484e-02
-6.473892853760e+00,2.832063855065e+00,9.165907250808e-02
-6.473788621588e+00,6.578776088518e+00,8.289017830004e-02
-6.473729264136e+00,5.415197761557e+00,8.807111560044e-02
-6.473539746771e+00,3.933892767713e+00,9.069983160523e-02
-6.473505293576e+00,5.538841854651e+00,8.772143660073e-02
-6.473249727440e+00,7.860069395479e+00,5.468723190763e-02
-6.473150983242e+00,6.406250205003e-01,9.245291170297e-02
-6.473006865954e+00,6.425131343635e+00,8.392476911300e-02
-6.472544773842e+00,4.136426275356e+00,9.045876375080e-02
-6.472190866499e+00,6.718750215003e-01,9.245022648308e-02
-6.472018908919e+00,4.610283770657e+00,8.977677498092e-02
-6.471841753608e+00,4.664610325987e+00,8.968668653814e-02
-6.471749584313e+00,6.063561872638e+00,8.582815005658e-02
-6.471681487490e+00,7.287999600045e+00,7.471581335896e-02
-6.471648305927e+00,4.556053742148e+00,8.986532760613e-02
-6.471624028032e+00,7.356562236930e+00,7.338056594576e-02
-6.471459478939e+00,6.817002413026e+00,8.093625356992e-02
-6.471352292869e+00,2.242760779738e+00,9.199296754921e-02
-6.471231581483e+00,7.219614108503e+00,7.591240803626e-02
-6.471230749756e+00,7.031250225004e-01,9.244739222651e-02
-6.471202987928e+00,5.994291619298e+00,8.612870331951e-02
-6.471178753231e+00,6.132939877001e+00,8.551428379978e-02
-6.471111925982e+00,4.719028560517e+00,8.959503605051e-02
-6.471079873896e+00,2.376975528074e+00,9.192709007536e-02
-6.471057486607e+00,7.425298686034e+00,7.188122962557e-02
-6.471027724424e+00,3.490260217400e+00,9.115579148895e-02
-6.470832126241e+00,1.408957242451e+00,9.230404547576e-02
-6.470734895505e+00,4.501925046536e+00,8.995237046006e-02
-6.470657810098e+00,5.292001054655e+00,8.840071688506e-02
-6.470276046954e+00,7.151409082753e+00,7.699078993328e-02
-6.470270633013e+00,7.343750235005e-01,9.244443988837e-02
-6.469980167135e+00,7.494205601780e+00,7.018574592410e-02
-6.469930119810e+00,5.662872951363e+00,8.735155095414e-02
-6.469868598239e+00,5.114241794108e+00,8.882062516538e-02
-6.469855057248e+00,2.739274334315e+00,9.172430014128e-02
-6.469824549309e+00,4.773533585196e+00,8.950179712393e-02
-6.469771421566e+00,2.109083746942e+00,9.205632445748e-02
-6.469547951679e+00,5.925139392071e+00,8.641714035942e-02
-6.469513764277e+00,1.193185019667e+00,9.236059092488e-02
-6.469481587792e+00,6.202415282455e+00,8.518588230029e-02
-6.469310516270e+00,7.656250245004e-01,9.244123593775e-02
-6.469283664962e+00,4.447902448236e+00,9.003786135129e-02
-6.469033175887e+00,8.159897039781e+00,1.829370714237e-02
-6.468980364981e+00,7.930008344209e+00,4.979686141326e-02
-6.468907385495e+00,6.732807160908e+00,8.171707527704e-02
-6.468903181442e+00,2.511685562512e+00,9.185877196530e-02
-6.468816641231e+00,7.083387830427e+00,7.796757216778e-02
-6.468678986420e+00,1.800501509233e+00,9.218172578907e-02
-6.468390393963e+00,7.563279626317e+00,6.825312867724e-02
-6.468350399526e+00,7.968750255003e-01,9.243778683238e-02
-6.468129085281e+00,1.625777985805e+00,9.224259913288e-02
-6.468017925429e+00,3.732820972883e+00,9.092736317119e-02
-6.467974784324e+00,4.828120470032e+00,8.940694321208e-02
-6.467632901993e+00,4.083155768159e+00,9.053540614595e-02
-6.467390282783e+00,8.281250265002e-01,9.243421929138e-02
-6.467299637939e+00,4.393990669394e+00,9.012153913613e-02
-6.466855141871e+00,7.015553646283e+00,7.885639664763e-02
-6.466818903374e+00,3.881089884057e+00,9.077211368038e-02
-6.466793543527e+00,5.856115390343e+00,8.669411326744e-02
-6.466649262791e+00,6.271977664392e+00,8.484293753233e-02
-6.466556961107e+00,3.155649397708e+00,9.144225651060e-02
-6.466484910958e+00,6.494959669432e+00,8.352276394887e-02
-6.466430166040e+00,8.593750275002e-01,9.243053378982e-02
-6.466389107987e+00,1.975985563207e+00,9.211737502256e-02
-6.466286512135e+00,7.632517389470e+00,6.603012349590e-02
-6.466233468982e+00,3.061868795415e+00,9.151293026077e-02
-6.465912603945e+00,3.585304845958e+00,9.107680219616e-02
-6.465739791112e+00,3.249714594523e+00,9.136992806364e-02
-6.465557829665e+00,4.882784244184e+00,8.931044763148e-02
-6.465470049297e+00,8.906250285001e-01,9.242651758051e-02
-6.464833482245e+00,1.451894558683e+00,9.230005674788e-02
-6.464791037391e+00,2.968391055833e+00,9.158190964490e-02
-6.464787873989e+00,4.340194389762e+00,9.020381263030e-02
-6.464772127494e+00,2.646847174442e+00,9.178800030148e-02
-6.464765789325e+00,5.470619223174e+00,8.794938672046e-02
-6.464680435554e+00,6.648744793918e+00,8.243657933520e-02
-6.464509932554e+00,9.218750295001e-01,9.242233057625e-02
-6.464393346581e+00,6.947909812091e+00,7.966856995589e-02
-6.464347642127e+00,5.169311171094e+00,8.871312363052e-02
-6.464273086265e+00,1.236066216898e+00,9.235745875936e-02
-6.464188539977e+00,8.000093544842e+00,4.366048560967e-02
-6.463760504210e+00,3.344045752390e+00,9.129592050667e-02
-6.463666887470e+00,7.701915508864e+00,6.344624595879e-02
-6.463549815811e+00,9.531250305000e-01,9.241802521298e-02
-6.463175832584e+00,6.882186863230e+00,8.037823731304e-02
-6.463129541269e+00,5.347282343657e+00,8.828561881551e-02
-6.463082150264e+00,5.594376203497e+00,8.759293663663e-02
-6.462948911547e+00,5.787229736799e+00,8.696022961253e-02
-6.462673035165e+00,6.341616524266e+00,8.448455975279e-02
-6.462589699068e+00,9.843750315000e-01,9.241356834630e-02
-6.462570419548e+00,8.230478630851e+00,6.608628977030e-06
-6.462568922186e+00,4.937519896259e+00,8.921211302859e-02
-6.462251650536e+00,2.875234079600e+00,9.164909949462e-02
-6.462222422451e+00,4.030026825393e+00,9.061075946791e-02
-6.462214786504e+00,2.285853285187e+00,9.198556789172e-02
-6.461753468139e+00,4.286518246609e+00,9.028470547470e-02
-6.461398148952e+00,2.420084716307e+00,9.191909495633e-02
-6.461353904327e+00,1.668745549074e+00,9.223774030732e-02
-6.461258034729e+00,1.843506048192e+00,9.217615722432e-02
-6.461167537535e+00,2.152147457354e+00,9.204948361297e-02
-6.460597918444e+00,3.438623877996e+00,9.122021008729e-02
-6.460529906516e+00,7.771470590159e+00,6.040619974345e-02
-6.459822980153e+00,1.021396411448e+00,9.241003641818e-02
-6.459618840012e+00,3.828444788487e+00,9.084319552329e-02
-6.459558407065e+00,3.680545432135e+00,9.099586559871e-02
-6.459003337096e+00,4.992322374834e+00,8.911165197682e-02
-6.458888322389e+00,1.278927613582e+00,9.235415827838e-02
-6.458872725193e+00,8.070321554238e+00,3.573339131758e-02
-6.458791684825e+00,6.564830990292e+00,8.310148740253e-02
-6.458689198775e+00,1.494807320342e+00,9.229589757511e-02
-6.458666901230e+00,2.554799011027e+00,9.185019723394e-02
-6.458637548810e+00,2.782415395157e+00,9.171473453746e-02
-6.458307998677e+00,2.019008680773e+00,9.211108623109e-02
-6.458229686530e+00,5.224425432818e+00,8.860373023876e-02
-6.458201550703e+00,4.232966834234e+00,9.036424114004e-02
-6.458023283136e+00,5.718492477044e+00,8.721605626440e-02
-6.457544244262e+00,6.411321290537e+00,8.410978758909e-02
-6.457173256163e+00,6.802866472326e+00,8.120187258752e-02
-6.456873976688e+00,7.841179227120e+00,5.677790483649e-02
-6.456318629958e+00,3.977043835053e+00,9.068463115698e-02
-6.456231130693e+00,3.533429621131e+00,9.114277386342e-02
-6.455179579782e+00,5.526056104058e+00,8.782526864579e-02
-6.455178492228e+00,1.064181371357e+00,9.240758201290e-02
-6.455151734778e+00,6.050116207595e+00,8.596922393991e-02
-6.454989046858e+00,5.402591252239e+00,8.816849372675e-02
-6.454856388370e+00,5.047186588605e+00,8.900942658920e-02
-6.454804599653e+00,6.119418314851e+00,8.566236603628e-02
-6.454609042376e+00,7.338245891121e+00,7.406698118925e-02
-6.454576801694e+00,7.269767005813e+00,7.533006626043e-02
-6.454431688287e+00,1.711683690896e+00,9.223270868207e-02
-6.454383135544e+00,5.980923340619e+00,8.626344366676e-02
-6.454382645910e+00,6.718733257836e+00,8.196011858926e-02
-6.454137286992e+00,4.179544703630e+00,9.044244291358e-02
-6.454132610210e+00,7.406899028919e+00,7.265323867625e-02
-6.454037606814e+00,7.201465704113e+00,7.646526132571e-02
-6.453971222618e+00,2.689952156188e+00,9.177883864122e-02
-6.453688608889e+00,1.886477095540e+00,9.217041374451e-02
-6.453562148514e+00,3.105010204780e+00,9.150186901243e-02
-6.453440041697e+00,3.198795565015e+00,9.143076866723e-02
-6.453359595962e+00,1.321768332203e+00,9.235068917047e-02
-6.453332814175e+00,6.188819322743e+00,8.534119723781e-02
-6.453145806960e+00,7.475723075622e+00,7.106033067896e-02
-6.453031414586e+00,8.140688917854e+00,2.509921736089e-02
-6.452993196821e+00,7.133345304448e+00,7.749096902097e-02
-6.452924624612e+00,2.328901433737e+00,9.197796724652e-02
-6.452879952578e+00,1.562500050003e-02,9.251758291977e-02
-6.452697526428e+00,7.911038001662e+00,5.237285369225e-02
-6.452565789874e+00,4.687500150008e-02,9.251777492292e-02
-6.452558588278e+00,3.011520343837e+00,9.157133326543e-02
-6.452507798595e+00,5.911849978670e+00,8.654592294214e-02
-6.452412389308e+00,2.195170197566e+00,9.204246383161e-02
-6.452399428122e+00,1.537694640623e+00,9.229156759735e-02
-6.452251627170e+00,7.812500250012e-02,9.251781847813e-02
-6.452170657163e+00,3.292858023659e+00,9.135801060018e-02
-6.452025964051e+00,5.649913579444e+00,8.746212282340e-02
-6.451944976036e+00,3.775961702298e+00,9.091309836455e-02
-6.451937464466e+00,1.093750035002e-01,9.251764392045e-02
-6.451646954809e+00,7.544714675364e+00,6.925207733283e-02
-6.451623301762e+00,1.406250045003e-01,9.251733245947e-02
-6.451562451203e+00,2.463146096387e+00,9.191091525802e-02
-6.451510211834e+00,5.279579320195e+00,8.849241445018e-02
-6.451445331172e+00,7.065409112423e+00,7.842222541088e-02
-6.451309139058e+00,1.718750055004e-01,9.251680170891e-02
-6.451254312955e+00,6.481081318701e+00,8.371758072574e-02
-6.450994976355e+00,2.031250065004e-01,9.251612356034e-02
-6.450727543972e+00,6.258308816893e+00,8.500596688419e-02
-6.450680813651e+00,2.343750075005e-01,9.251524781641e-02
-6.450639521825e+00,3.628443279489e+00,9.106323081717e-02
-6.450583809938e+00,4.653299829348e+00,8.975804984395e-02
-6.450580268053e+00,4.599081951831e+00,8.984684393413e-02
-6.450451235966e+00,2.918344015841e+00,9.163893507095e-02
-6.450391719447e+00,1.106950299976e+00,9.240496091598e-02
-6.450366650947e+00,2.656250085005e-01,9.251420268600e-02
-6.450123429223e+00,5.102107406440e+00,8.890540756260e-02
-6.450077088536e+00,2.061994149111e+00,9.210462031214e-02
-6.450052488243e+00,2.968750095005e-01,9.251298136404e-02
-6.450036564020e+00,4.707610624256e+00,8.966772396806e-02
-6.450030859885e+00,4.544961827823e+00,8.993413183530e-02
-6.449926852530e+00,3.924211140792e+00,9.075715450353e-02
-6.449918788109e+00,6.634734508282e+00,8.265964990313e-02
-6.449738325539e+00,3.281250105004e-01,9.251155585209e-02
-6.449732653870e+00,3.387178817283e+00,9.128357076264e-02
-6.449634396620e+00,7.613870459944e+00,6.718185987066e-02
-6.449565876801e+00,4.126256362516e+00,9.051933388663e-02
-6.449534800874e+00,5.842906310735e+00,8.681728647861e-02
-6.449424162835e+00,3.593750115003e-01,9.250995517593e-02
-6.449395789541e+00,6.997660420762e+00,7.927143624536e-02
-6.449110000131e+00,3.906250125003e-01,9.250812997564e-02
-6.449027176058e+00,6.867920444406e+00,8.066184829258e-02
-6.448940543743e+00,4.490944251852e+00,9.001993897250e-02
-6.448933645987e+00,4.762009458964e+00,8.957584055222e-02
-6.448795837427e+00,4.218750135002e-01,9.250616150470e-02
-6.448481674723e+00,4.531250145001e-01,9.250398729464e-02
-6.448275406788e+00,2.597861137471e+00,9.184143587899e-02
-6.448167512020e+00,4.843750155000e-01,9.250165018024e-02
-6.447999005224e+00,7.981043484032e+00,4.691237341133e-02
-6.447687035632e+00,1.364587496090e+00,9.234705111373e-02
-6.447537932270e+00,5.156250165000e-01,9.249952955876e-02
-6.447362619129e+00,1.754591516055e+00,9.222750385294e-02
-6.447314314307e+00,4.437033976736e+00,9.010402666373e-02
-6.447270208928e+00,4.816491414889e+00,8.948237369936e-02
-6.447262224570e+00,2.825498884927e+00,9.170497888459e-02
-6.447106496032e+00,7.683187048949e+00,6.478856278987e-02
-6.446980036750e+00,6.327876308933e+00,8.465582605600e-02
-6.446846371740e+00,6.930102509188e+00,8.004873162747e-02
-6.446663123406e+00,8.211192169856e+00,1.008780943869e-02
-6.446592935476e+00,5.468750175001e-01,9.249763112281e-02
-6.446231937698e+00,5.457922396103e+00,8.804899900469e-02
-6.446104966046e+00,3.481738823713e+00,9.120742582245e-02
-6.445970915695e+00,1.929413747354e+00,9.216449491561e-02
-6.445964328003e+00,1.580555633538e+00,9.228706644473e-02
-6.445647938682e+00,5.781250185001e-01,9.249556428168e-02
-6.445473299369e+00,5.774102449048e+00,8.707811688387e-02
-6.445462762115e+00,1.149702330797e+00,9.240217285658e-02
-6.445157202513e+00,4.383235712983e+00,9.018654023476e-02
-6.445041443763e+00,4.871051532556e+00,8.938729738469e-02
-6.444966337957e+00,5.581502934381e+00,8.769892470344e-02
-6.444799852271e+00,5.157079657878e+00,8.879956544775e-02
-6.444702941887e+00,6.093750195002e-01,9.249329631849e-02
-6.444492554153e+00,4.073106274966e+00,9.059493694267e-02
-6.444184738980e+00,5.334767535500e+00,8.837914560985e-02
-6.444061637398e+00,7.752661049988e+00,6.199046361089e-02
-6.443802762774e+00,3.723644801503e+00,9.098184320594e-02
-6.443794748062e+00,6.550885892065e+00,8.330681171655e-02
-6.443757945093e+00,6.406250205003e-01,9.249087809462e-02
-6.443506229332e+00,2.238151046655e+00,9.203526464378e-02
-6.443482080270e+00,2.371904296162e+00,9.197017868296e-02
-6.443052451158e+00,3.871533041598e+00,9.082847835706e-02
-6.443013939779e+00,2.733002240928e+00,9.176948834966e-02
-6.442887033386e+00,6.788730531625e+00,8.145917771831e-02
-6.442812948299e+00,6.718750215003e-01,9.248819311193e-02
-6.442776883605e+00,8.051192233001e+00,3.996639416688e-02
-6.442474275139e+00,4.329554128662e+00,9.026767577215e-02
-6.442242579558e+00,4.925684811891e+00,8.929058547125e-02
-6.442081622570e+00,6.397511237439e+00,8.428985849982e-02
-6.441870775383e+00,1.407384229393e+00,9.234324377595e-02
-6.441867951504e+00,7.031250225004e-01,9.248534281143e-02
-6.441696609708e+00,2.104941056315e+00,9.209797680783e-02
-6.441573074742e+00,2.506158731241e+00,9.190255043294e-02
-6.441266808716e+00,3.576518566017e+00,9.112947953469e-02
-6.440922954710e+00,7.343750235005e-01,9.248237275950e-02
-6.440729359743e+00,3.148084780207e+00,9.149060998115e-02
-6.440498225937e+00,7.822289058761e+00,5.867574763390e-02
-6.440391725837e+00,1.192436597741e+00,9.239921755308e-02
-6.440332530327e+00,5.705448428709e+00,8.732895823267e-02
-6.440165962414e+00,3.054585606975e+00,9.156050192788e-02
-6.440160407552e+00,3.241872048134e+00,9.141908168917e-02
-6.440146884299e+00,1.797468130342e+00,9.222212540698e-02
-6.439977957916e+00,7.656250245004e-01,9.247922530012e-02
-6.439857906325e+00,6.704659354764e+00,8.219584775107e-02
-6.439384061520e+00,1.623389414120e+00,9.228239373779e-02
-6.439270634369e+00,4.275993849313e+00,9.034745638410e-02
-6.439032961121e+00,7.968750255003e-01,9.247576460025e-02
-6.438922587010e+00,4.020098861063e+00,9.066922025319e-02
-6.438881089656e+00,5.212098133663e+00,8.869187066439e-02
-6.438868883667e+00,4.980386212739e+00,8.919168491772e-02
-6.438553885243e+00,6.036670542551e+00,8.610694549944e-02
-6.438491980248e+00,2.961392695085e+00,9.162857873427e-02
-6.438437607787e+00,3.335928878314e+00,9.134589276020e-02
-6.438430446075e+00,6.105896752701e+00,8.580682463942e-02
-6.438105167452e+00,1.972315100961e+00,9.215840029605e-02
-6.438087964327e+00,8.281250265002e-01,9.247218375222e-02
-6.437729013674e+00,2.640870997161e+00,9.183248735413e-02
-6.437594056720e+00,7.319929545312e+00,7.471582031474e-02
-6.437563283159e+00,5.967555061940e+00,8.639504307586e-02
-6.437472115898e+00,7.251534411581e+00,7.591241377786e-02
-6.437207733813e+00,7.388499371804e+00,7.338057420714e-02
-6.437184040558e+00,6.175223363030e+00,8.549265874058e-02
-6.437142967533e+00,8.593750275002e-01,9.246848320081e-02
-6.437029653285e+00,8.121480795927e+00,3.083447607319e-02
-6.436853865988e+00,5.513270353464e+00,8.792692590809e-02
-6.436843632144e+00,7.183317299723e+00,7.699079454497e-02
-6.436414687875e+00,7.892067659115e+00,5.468725229176e-02
-6.436311446785e+00,7.457240549464e+00,7.188123929092e-02
-6.436248829579e+00,5.389984742922e+00,8.826389296262e-02
-6.436197970738e+00,8.906250285001e-01,9.246454025188e-02
-6.436023714952e+00,6.467202967969e+00,8.390707385168e-02
-6.435910954532e+00,1.450157657076e+00,9.233926681468e-02
-6.435729438236e+00,2.868523843128e+00,9.169503266009e-02
-6.435710346688e+00,7.115281526143e+00,7.796757572693e-02
-6.435700819462e+00,3.819013791539e+00,9.089862370681e-02
-6.435551417600e+00,4.222559457466e+00,9.042590501530e-02
-6.435539734000e+00,3.430236377921e+00,9.127101952979e-02
-6.435467645512e+00,5.898560565269e+00,8.667175974880e-02
-6.435252973944e+00,9.218750295001e-01,9.246034432127e-02
-6.435197683270e+00,3.671498216413e+00,9.104945081146e-02
-6.435178721470e+00,1.235152235578e+00,9.239609471319e-02
-6.435157140664e+00,6.620724222645e+00,8.287625681109e-02
-6.434915662143e+00,5.035150655019e+00,8.909100150457e-02
-6.434903515654e+00,7.526149724410e+00,7.018575709788e-02
-6.434878519531e+00,6.853654025582e+00,8.093612101653e-02
-6.434805825152e+00,6.244639969394e+00,8.516486842671e-02
-6.434449315568e+00,2.281089085591e+00,9.202788557531e-02
-6.434307977150e+00,9.531250305000e-01,9.245602823620e-02
-6.434121808291e+00,5.636954207526e+00,8.757031927551e-02
-6.434074021114e+00,7.047430394419e+00,7.885639922513e-02
-6.433887432206e+00,2.414860944927e+00,9.196220650677e-02
-6.433362980355e+00,9.843750315000e-01,9.245159255810e-02
-6.433166799865e+00,2.147848491992e+00,9.209115525420e-02
-6.432982281106e+00,7.595223530419e+00,6.825314146780e-02
-6.432861276834e+00,3.967238496821e+00,9.074198487108e-02
-6.432784676663e+00,1.840312640817e+00,9.221657292278e-02
-6.432658797152e+00,1.666195098488e+00,9.227754908762e-02
-6.432362613569e+00,5.267157585735e+00,8.858229351653e-02
-6.432276058222e+00,5.829697231127e+00,8.693769433348e-02
-6.431936437212e+00,6.979767195240e+00,7.966857161657e-02
-6.431900616314e+00,2.775996477011e+00,9.175994888979e-02
-6.431809470471e+00,7.961993423222e+00,4.979688345180e-02
-6.431445837354e+00,3.524775296688e+00,9.119443910726e-02
-6.431430319389e+00,2.549121685519e+00,9.189399993104e-02
-6.431321797151e+00,4.169255492299e+00,9.050304443377e-02
-6.431287038336e+00,6.314136093600e+00,8.482266553179e-02
-6.431016694976e+00,6.913966027121e+00,8.037907261211e-02
-6.430755827264e+00,8.191905708860e+00,1.829372304181e-02
-6.430612621360e+00,1.021313024499e+00,9.244812259337e-02
-6.430546104593e+00,7.664458589035e+00,6.603013801093e-02
-6.430378260207e+00,5.089973018772e+00,8.898856079674e-02
-6.430091581958e+00,2.015180255005e+00,9.215212943699e-02
-6.429823865126e+00,1.277848379854e+00,9.239280403399e-02
-6.429807717711e+00,1.492906905066e+00,9.233511987736e-02
-6.429325866269e+00,4.641989332710e+00,8.982813905906e-02
-6.429141627188e+00,4.587880133005e+00,8.991567106736e-02
-6.428961202057e+00,4.696192687996e+00,8.973910462737e-02
-6.428797811300e+00,6.536940793839e+00,8.350640006197e-02
-6.428600810610e+00,6.774594590924e+00,8.170855058109e-02
-6.428413413843e+00,4.533869913498e+00,9.000172564241e-02
-6.428042742666e+00,4.750485332733e+00,8.964854263337e-02
-6.427997687192e+00,5.760975161297e+00,8.719340580061e-02
-6.427877383222e+00,3.766657599771e+00,9.096761132878e-02
-6.427735512836e+00,3.191091539222e+00,9.147915262108e-02
-6.427698086071e+00,5.445225569033e+00,8.814656153487e-02
-6.427613552817e+00,3.097585870623e+00,9.154947068426e-02
-6.427593368281e+00,7.733851509817e+00,6.344626229649e-02
-6.427146191981e+00,4.479963457167e+00,9.008629943361e-02
-6.427028043179e+00,2.683827647405e+00,9.182335111265e-02
-6.426850525649e+00,5.568629665265e+00,8.780267632628e-02
-6.426718486257e+00,3.284877856982e+00,9.140719506511e-02
-6.426681042015e+00,8.032062911765e+00,4.366050875659e-02
-6.426619000879e+00,6.383701184341e+00,8.446517620808e-02
-6.426586979760e+00,4.116086449676e+00,9.057889721839e-02
-6.426565633533e+00,4.804862359747e+00,8.955642780401e-02
-6.426374259516e+00,3.004379150780e+00,9.161802998852e-02
-6.426313958289e+00,3.914529513871e+00,9.081355084699e-02
-6.426135251795e+00,3.619526031678e+00,9.111594169887e-02
-6.425986854064e+00,1.063931333328e+00,9.244567554021e-02
-6.425788708752e+00,1.708971803836e+00,9.227253209607e-02
-6.425344963651e+00,4.426165505236e+00,9.016905226996e-02
-6.425333166740e+00,6.690585451692e+00,8.242458567149e-02
-6.425276194495e+00,1.883124155854e+00,9.221084597065e-02
-6.425252062415e+00,5.144848144663e+00,8.888433412588e-02
-6.425241911605e+00,2.323983396805e+00,9.202032614799e-02
-6.425239936690e+00,5.322252727344e+00,8.847080420773e-02
-6.424541088160e+00,3.378926161237e+00,9.133357407440e-02
-6.424525057861e+00,4.859318820929e+00,8.946273474732e-02
-6.424487902289e+00,2.190715546969e+00,9.208415518175e-02
-6.424327278210e+00,1.320524166657e+00,9.238934520200e-02
-6.424140964804e+00,2.457770454186e+00,9.195405016792e-02
-6.424122475185e+00,7.803398890402e+00,6.040621797552e-02
-6.424039549317e+00,2.911489311556e+00,9.168489534579e-02
-6.423953939728e+00,8.262463496810e+00,6.608628987922e-06
-6.423561214885e+00,1.535631100096e+00,9.233080260147e-02
-6.423340962310e+00,1.562500050003e-02,9.255503249280e-02
-6.423031826209e+00,4.687500150008e-02,9.255521443486e-02
-6.423014767086e+00,4.372480756572e+00,9.025042985141e-02
-6.422722690108e+00,7.812500250012e-02,9.255525108685e-02
-6.422641777518e+00,5.692404380374e+00,8.743941661616e-02
-6.422413554008e+00,1.093750035002e-01,9.255506887370e-02
-6.422104417907e+00,1.406250045003e-01,9.255474914346e-02
-6.422056292497e+00,6.092375190551e+00,8.594760221732e-02
-6.421956035708e+00,6.023224877508e+00,8.624143184466e-02
-6.421930382505e+00,2.058008309446e+00,9.214568188274e-02
-6.421916236930e+00,4.913849727523e+00,8.936743796800e-02
-6.421795281806e+00,1.718750055004e-01,9.255421903080e-02
-6.421486145706e+00,2.031250065004e-01,9.255353501055e-02
-6.421352206314e+00,4.063056781772e+00,9.065348574713e-02
-6.421221042619e+00,1.106533863327e+00,9.244306227481e-02
-6.421182207668e+00,3.473217430026e+00,9.125826638908e-02
-6.421177009605e+00,2.343750075005e-01,9.255266442942e-02
-6.421134490691e+00,2.592034025617e+00,9.188526320032e-02
-6.421035266941e+00,6.161627403318e+00,8.564040747735e-02
-6.421027891984e+00,8.102272674000e+00,3.573341430362e-02
-6.420867873504e+00,2.656250085005e-01,9.255161581938e-02
-6.420793116949e+00,6.453324617238e+00,8.409145697498e-02
-6.420743430775e+00,5.954186783261e+00,8.652360926946e-02
-6.420729863005e+00,6.839387606758e+00,8.120167765195e-02
-6.420631595379e+00,2.818933914788e+00,9.175021972683e-02
-6.420579071064e+00,7.301613199503e+00,7.533007308566e-02
-6.420558737404e+00,2.968750095005e-01,9.255040419040e-02
-6.420395493218e+00,6.606713937008e+00,8.308667492159e-02
-6.420367430102e+00,7.233301817350e+00,7.646526696194e-02
-6.420282857415e+00,7.370099714689e+00,7.406698929240e-02
-6.420249601303e+00,3.281250105004e-01,9.254897773947e-02
-6.420160676289e+00,4.318913867562e+00,9.033045491578e-02
-6.420131849322e+00,7.873097316567e+00,5.677792497579e-02
-6.419940465202e+00,3.593750115003e-01,9.254737592397e-02
-6.419649657475e+00,7.165168895333e+00,7.749097355004e-02
-6.419631329102e+00,3.906250125003e-01,9.254556828762e-02
-6.419587600118e+00,3.714468630123e+00,9.103546177609e-02
-6.419532492782e+00,5.199770834509e+00,8.877829270561e-02
-6.419477086610e+00,7.438758023306e+00,7.265324815341e-02
-6.419322193001e+00,4.218750135002e-01,9.254360101460e-02
-6.419285998941e+00,3.861976199139e+00,9.088393892190e-02
-6.419013056900e+00,4.531250145001e-01,9.254144893470e-02
-6.418884106333e+00,6.230971121896e+00,8.531979585909e-02
-6.418773975552e+00,1.751718648412e+00,9.226734235595e-02
-6.418734430239e+00,4.968450050645e+00,8.927021675772e-02
-6.418703920800e+00,4.843750155000e-01,9.253911534835e-02
-6.418689087375e+00,1.363178732907e+00,9.238571789328e-02
-6.418528152194e+00,5.500484602870e+00,8.802647586544e-02
-6.418427496555e+00,7.097217747839e+00,7.842222890786e-02
-6.418427492428e+00,5.885271151869e+00,8.679475000095e-02
-6.418160076499e+00,7.507584773458e+00,7.106034163284e-02
-6.418084414327e+00,5.156250165000e-01,9.253700977082e-02
-6.417621641527e+00,1.925901784920e+00,9.220494411298e-02
-6.417508612300e+00,5.377378233604e+00,8.835737285623e-02
-6.417171601364e+00,1.578329369705e+00,9.232631461464e-02
-6.417154537481e+00,5.468750175001e-01,9.253509385020e-02
-6.416904316290e+00,6.899500365890e+00,8.066427092801e-02
-6.416787800599e+00,4.265469452018e+00,9.040915005727e-02
-6.416702711056e+00,7.029451676415e+00,7.927143877897e-02
-6.416621013486e+00,3.567732286076e+00,9.118124958185e-02
-6.416330165591e+00,7.576576600893e+00,6.925208987126e-02
-6.416315285749e+00,1.149119761638e+00,9.244028252454e-02
-6.416224660635e+00,5.781250185001e-01,9.253303493994e-02
-6.416217652531e+00,5.623994835608e+00,8.767621574535e-02
-6.416172822310e+00,2.726730147541e+00,9.181402660826e-02
-6.415884286644e+00,2.366833064250e+00,9.201258588004e-02
-6.415660165795e+00,2.233541313572e+00,9.207697611576e-02
-6.415622751569e+00,4.010170896733e+00,9.072660466243e-02
-6.415619935717e+00,7.942943362411e+00,5.237287563017e-02
-6.415594039921e+00,6.300395878267e+00,8.498524637827e-02
-6.415294783790e+00,6.093750195002e-01,9.253075180162e-02
-6.415017315569e+00,5.816488151520e+00,8.705542834220e-02
-6.414974935916e+00,5.023114721433e+00,8.917103521878e-02
-6.414901758379e+00,3.140520162707e+00,9.153824196186e-02
-6.414848531122e+00,8.172619247864e+00,2.509923731337e-02
-6.414581023992e+00,3.234029501745e+00,9.146749639671e-02
-6.414477084882e+00,6.961873969719e+00,8.004873326065e-02
-6.414364906944e+00,6.406250205003e-01,9.252834606787e-02
-6.414314587833e+00,6.760458650223e+00,8.195034984376e-02
-6.414242968042e+00,2.500631899969e+00,9.194570911298e-02
-6.414098455847e+00,3.047302418534e+00,9.160728834541e-02
-6.413985713154e+00,7.645730129121e+00,6.718187410332e-02
-6.413800874537e+00,6.522995695612e+00,8.370048770351e-02
-6.413621797850e+00,2.100798365688e+00,9.213905717101e-02
-6.413435030099e+00,6.718750215003e-01,9.252566166948e-02
-6.413215015305e+00,5.254735851274e+00,8.867040764700e-02
-6.413114711364e+00,3.327812004237e+00,9.139510829707e-02
-6.412909424525e+00,1.405811216334e+00,9.238192177348e-02
-6.412901284496e+00,4.212152080697e+00,9.048653771285e-02
-6.412505153253e+00,7.031250225004e-01,9.252279637759e-02
-6.412192923105e+00,2.954394334337e+00,9.167456642882e-02
-6.411782798912e+00,3.809582794591e+00,9.095316963935e-02
-6.411614782178e+00,1.794434751451e+00,9.226197945124e-02
-6.411575276407e+00,7.343750235005e-01,9.251980976078e-02
-6.411269687398e+00,1.191688175816e+00,9.243733600600e-02
-6.411156379187e+00,6.369891131243e+00,8.463592507517e-02
-6.411125099163e+00,7.715041969646e+00,6.478857882169e-02
-6.410836959474e+00,3.662451000689e+00,9.110219537007e-02
-6.410808427155e+00,6.676511548620e+00,8.264663657861e-02
-6.410685899855e+00,2.634894819881e+00,9.187633968749e-02
-6.410645399562e+00,7.656250245004e-01,9.251670218248e-02
-6.410639037759e+00,1.621000842435e+00,9.232165553485e-02
-6.410633091191e+00,5.077838631103e+00,8.907013158214e-02
-6.410585200427e+00,8.012933590529e+00,4.691239679261e-02
-6.410522075015e+00,5.747847873546e+00,8.730618086680e-02
-6.410481549555e+00,3.421848877846e+00,9.132105409025e-02
-6.409821226918e+00,1.968644638716e+00,9.219886690446e-02
-6.409715522716e+00,7.968750255003e-01,9.251324567646e-02
-6.409403923710e+00,3.957433158589e+00,9.079841280994e-02
-6.409207225936e+00,2.861813606656e+00,9.174030032920e-02
-6.409164234444e+00,5.432528741962e+00,8.824196950975e-02
-6.408785645871e+00,8.281250265002e-01,9.250965263825e-02
-6.408734713342e+00,5.555756396149e+00,8.790426135906e-02
-6.408506307310e+00,4.158966280967e+00,9.056264014917e-02
-6.408141491358e+00,8.243099160242e+00,1.008781961718e-02
-6.408067922599e+00,4.630678836071e+00,8.989698850659e-02
-6.407885840095e+00,4.684774751736e+00,8.980921343625e-02
-6.407855769025e+00,8.593750275002e-01,9.250593825342e-02
-6.407746724434e+00,7.784508722043e+00,6.199048152942e-02
-6.407702986322e+00,4.576678314179e+00,8.998328965451e-02
-6.407151839344e+00,4.738961206501e+00,8.971993989651e-02
-6.406988426820e+00,1.448420755469e+00,9.237795649800e-02
-6.406925892179e+00,8.906250285001e-01,9.250206623548e-02
-6.406795967800e+00,4.522777999173e+00,9.006814128638e-02
-6.406683844633e+00,2.276324885995e+00,9.206961757678e-02
-6.406660544016e+00,3.516120972244e+00,9.124531094188e-02
-6.406581206479e+00,6.825121187934e+00,8.145892434038e-02
-6.406376715461e+00,2.409637173548e+00,9.200466428673e-02
-6.406295134400e+00,5.309737919187e+00,8.856064997414e-02
-6.406084356674e+00,1.234238254259e+00,9.243422242508e-02
-6.405996015334e+00,9.218750295001e-01,9.249786246685e-02
-6.405861058137e+00,4.793233304604e+00,8.962914321439e-02
-6.405704272559e+00,5.132616631447e+00,8.896747792740e-02
-6.405682138919e+00,6.078853628400e+00,8.608504726409e-02
-6.405633845773e+00,6.592703651372e+00,8.329116378027e-02
-6.405562518947e+00,6.439446266507e+00,8.427093251060e-02
-6.405358186173e+00,6.009779212465e+00,8.637279474877e-02
-6.405351840219e+00,4.468982662483e+00,9.015134905726e-02
-6.405166062195e+00,2.143549526630e+00,9.213225483337e-02
-6.405163683817e+00,2.769577558866e+00,9.180451329583e-02
-6.405066138488e+00,9.531250305000e-01,9.249353685063e-02
-6.405026130683e+00,8.083064552074e+00,3.996641812769e-02
-6.404951024710e+00,5.679360332039e+00,8.754750954401e-02
-6.404886493324e+00,6.148031443606e+00,8.578457739723e-02
-6.404311318598e+00,1.837119233443e+00,9.225644295735e-02
-6.404193737547e+00,2.543444360010e+00,9.193718278573e-02
-6.404136261642e+00,9.843750315000e-01,9.248908991184e-02
-6.404008671959e+00,4.847586109301e+00,8.953679860619e-02
-6.403963689977e+00,1.663644647902e+00,9.231682497055e-02
-6.403923578390e+00,5.940818504583e+00,8.664924515326e-02
-6.403849010769e+00,7.854126974020e+00,5.867576748530e-02
-6.403809790407e+00,3.757353497243e+00,9.102126333515e-02
-6.403608082718e+00,4.105916536836e+00,9.063747945017e-02
-6.403564085408e+00,7.283296853694e+00,7.591242047639e-02
-6.403375612996e+00,4.415297033736e+00,9.023296794021e-02
-6.403357981018e+00,7.351700057574e+00,7.471582826420e-02
-6.403262744306e+00,7.215069223118e+00,7.699080007901e-02
-6.402962387513e+00,6.217302274397e+00,8.547089538885e-02
-6.402791937605e+00,6.885034704659e+00,8.094002871875e-02
-6.402701064049e+00,3.904847886950e+00,9.086904376821e-02
-6.402642726436e+00,7.420275497149e+00,7.338058350118e-02
-6.402455682805e+00,7.147020490943e+00,7.796758017589e-02
-6.402030983974e+00,3.183387513429e+00,9.152681520346e-02
-6.401875165238e+00,2.011351829238e+00,9.219261389240e-02
-6.401664957121e+00,3.090161536466e+00,9.159635332559e-02
-6.401630981764e+00,3.610608783866e+00,9.116783219191e-02
-6.401589894302e+00,4.902014643155e+00,8.944288119308e-02
-6.401416637345e+00,7.489019822504e+00,7.188125003018e-02
-6.401402262568e+00,1.021229637550e+00,9.248568275515e-02
-6.401387339344e+00,5.871981738468e+00,8.691498856491e-02
-6.401266315351e+00,3.276897690306e+00,9.145564078412e-02
-6.401144646421e+00,7.079153969534e+00,7.885640266180e-02
-6.400926236647e+00,1.491006489790e+00,9.237382171206e-02
-6.400872331659e+00,4.361725800161e+00,9.031323687396e-02
-6.400759407864e+00,1.276769146127e+00,9.243094147698e-02
-6.400202438399e+00,5.487698852277e+00,8.812398327658e-02
-6.400189930753e+00,2.997237957722e+00,9.166404540272e-02
-6.400183895908e+00,5.187443535354e+00,8.886304622815e-02
-6.400084863739e+00,2.677703138622e+00,9.186722883863e-02
-6.400028365057e+00,6.746322709522e+00,8.218491292363e-02
-6.399901041506e+00,6.286655662934e+00,8.514372842513e-02
-6.399678050076e+00,7.557929671368e+00,7.018576938900e-02
-6.399430400964e+00,7.923893301600e+00,5.468727403480e-02
-6.399349522449e+00,3.370673505191e+00,9.138282090193e-02
-6.399331400997e+00,7.011472958411e+00,7.966857410759e-02
-6.398941234980e+00,8.153332786869e+00,3.083449865697e-02
-6.398803937774e+00,6.509050597386e+00,8.388929726182e-02
-6.398768395021e+00,5.364771724286e+00,8.844899063956e-02
-6.398709821416e+00,6.945595374783e+00,8.037990735545e-02
-6.398599976810e+00,4.956513888550e+00,8.934728967587e-02
-6.398313496771e+00,5.611035463689e+00,8.777988455291e-02
-6.398211858475e+00,4.053007288579e+00,9.071101379992e-02
-6.397847077439e+00,4.308273606462e+00,9.039217809432e-02
-6.397758572916e+00,5.803279071912e+00,8.717057607077e-02
-6.397627862667e+00,2.904634607270e+00,9.173019016935e-02
-6.397559198597e+00,2.319065359873e+00,9.206207908112e-02
-6.397425321715e+00,7.627001669206e+00,6.825315542110e-02
-6.397145729217e+00,1.706259916777e+00,9.231182252086e-02
-6.396863780102e+00,1.879771216168e+00,9.225073244129e-02
-6.396795215900e+00,1.063681295299e+00,9.248323747531e-02
-6.396719478405e+00,2.452394811985e+00,9.199656088088e-02
-6.396563415270e+00,2.186260896371e+00,9.212527439560e-02
-6.396283687570e+00,6.662437645548e+00,8.286228735162e-02
-6.396259449290e+00,3.464696036339e+00,9.130833237348e-02
-6.395693757496e+00,6.356081078146e+00,8.480228009627e-02
-6.395519546725e+00,3.852419356679e+00,9.093851784151e-02
-6.395372437462e+00,3.705292458742e+00,9.108824012788e-02
-6.395294960459e+00,1.319280001111e+00,9.242749284633e-02
-6.395034209689e+00,5.011078787847e+00,8.924957129122e-02
-6.394723001649e+00,1.533567559569e+00,9.236951705085e-02
-6.394656830045e+00,7.696232429475e+00,6.603015373553e-02
-6.394489358838e+00,7.993804269293e+00,4.979690686769e-02
-6.394304966828e+00,4.254945054723e+00,9.046981369936e-02
-6.394067417040e+00,5.242314116814e+00,8.875680836768e-02
-6.394000966188e+00,2.812368944650e+00,9.179481063222e-02
-6.393993574594e+00,2.586206913762e+00,9.192847062776e-02
-6.393801972041e+00,1.562500050003e-02,9.259199220079e-02
-6.393783676475e+00,2.054022469781e+00,9.218618461710e-02
-6.393497862544e+00,4.687500150008e-02,9.259216435383e-02
-6.393193753046e+00,7.812500250012e-02,9.259219428051e-02
-6.393046462838e+00,5.734720585795e+00,8.741652300911e-02
-6.392889643549e+00,1.093750035002e-01,9.259200467173e-02
-6.392585534052e+00,1.406250045003e-01,9.259167698924e-02
-6.392432549953e+00,6.810854769110e+00,8.170824243005e-02
-6.392329042989e+00,8.223734823674e+00,1.829373977802e-02
-6.392322916128e+00,4.000242932402e+00,9.078306410256e-02
-6.392281424554e+00,1.718750055004e-01,9.259114751917e-02
-6.392050365791e+00,1.106117426679e+00,9.248062684312e-02
-6.391977315057e+00,2.031250065004e-01,9.259045793236e-02
-6.391975218257e+00,3.558946006135e+00,9.123215281170e-02
-6.391673205559e+00,2.343750075005e-01,9.258959241499e-02
-6.391370973682e+00,7.765618553684e+00,6.344627989093e-02
-6.391369096062e+00,2.656250085005e-01,9.258854061894e-02
-6.391064986565e+00,2.968750095005e-01,9.258733848016e-02
-6.390887922176e+00,5.065704243435e+00,8.915016490712e-02
-6.390872198328e+00,6.578693365735e+00,8.348996866870e-02
-6.390760877067e+00,3.281250105004e-01,9.258591136964e-02
-6.390630382817e+00,5.419831914892e+00,8.833540053942e-02
-6.390618901034e+00,5.542883127033e+00,8.800374682074e-02
-6.390456767570e+00,3.593750115003e-01,9.258430874360e-02
-6.390331920944e+00,6.425567915776e+00,8.444569236922e-02
-6.390251151392e+00,4.201744703929e+00,9.054616563575e-02
-6.390185331974e+00,1.748845780768e+00,9.230664777576e-02
-6.390152658072e+00,3.906250125003e-01,9.258251828945e-02
-6.389848548575e+00,4.218750135002e-01,9.258055253464e-02
-6.389691139117e+00,1.361769969724e+00,9.242387620724e-02
-6.389544439078e+00,4.531250145001e-01,9.257842209931e-02
-6.389331704841e+00,2.720458054154e+00,9.185793009998e-02
-6.389307985341e+00,6.065332066250e+00,8.621927576696e-02
-6.389272367359e+00,1.922389822486e+00,9.224484746203e-02
-6.389240329580e+00,4.843750155000e-01,9.257609235362e-02
-6.389074157015e+00,3.132955545207e+00,9.158516965843e-02
-6.389024369381e+00,8.063856430147e+00,4.366053326501e-02
-6.389001640432e+00,3.226186955355e+00,9.151518986178e-02
-6.388760336638e+00,5.996333547421e+00,8.650114094842e-02
-6.388737719706e+00,6.134435483893e+00,8.592529612627e-02
-6.388679558919e+00,6.870569043428e+00,8.120697535840e-02
-6.388630896383e+00,5.156250165000e-01,9.257400151658e-02
-6.388378874725e+00,1.576103105871e+00,9.236504213966e-02
-6.388286493017e+00,2.361761832338e+00,9.205436014135e-02
-6.388030949279e+00,3.040019230094e+00,9.165333176847e-02
-6.387864778361e+00,3.800151797644e+00,9.100685514176e-02
-6.387814102259e+00,2.228931580488e+00,9.211811537814e-02
-6.387791814940e+00,3.319695130161e+00,9.144358527238e-02
-6.387716139486e+00,5.468750175001e-01,9.257206898831e-02
-6.387566172215e+00,7.835156631472e+00,6.040623750987e-02
-6.387350332111e+00,5.297223111031e+00,8.864873615474e-02
-6.387260271901e+00,5.666316283705e+00,8.765331189576e-02
-6.387167809384e+00,1.148537192478e+00,9.247785061895e-02
-6.387103726006e+00,5.927450225903e+00,8.677204908176e-02
-6.387040668694e+00,6.203633426898e+00,8.561830618289e-02
-6.386912861342e+00,2.495105068698e+00,9.198826240210e-02
-6.386810478133e+00,4.673356815476e+00,8.987808457675e-02
-6.386809978929e+00,4.619368339432e+00,8.996463132852e-02
-6.386801382589e+00,5.781250185001e-01,9.256999862045e-02
-6.386549099752e+00,7.264980507885e+00,7.646527353756e-02
-6.386476235678e+00,3.653403784967e+00,9.115411990999e-02
-6.386433104620e+00,7.333300400459e+00,7.533008088591e-02
-6.386264345456e+00,4.565476495353e+00,9.004973183123e-02
-6.386260936023e+00,4.727437080269e+00,8.979006759862e-02
-6.386158058509e+00,7.196836628886e+00,7.749097898495e-02
-6.386156482703e+00,5.120385118231e+00,8.904904331993e-02
-6.385946570586e+00,3.947627820356e+00,9.085393804093e-02
-6.385893865962e+00,2.947395973589e+00,9.171988872475e-02
-6.385886625692e+00,6.093750195002e-01,9.256772044384e-02
-6.385808366261e+00,7.401792970991e+00,7.406699840844e-02
-6.385742142280e+00,6.732186768821e+00,8.241255753875e-02
-6.385690817470e+00,4.148677069636e+00,9.062125568584e-02
-6.385546985993e+00,2.096655675061e+00,9.217957861214e-02
-6.385423365110e+00,3.413461377772e+00,9.137033241283e-02
-6.385261708136e+00,7.128872086552e+00,7.842223327910e-02
-6.385188105553e+00,8.294267180359e+00,6.608629100786e-06
-6.385178521758e+00,4.511686084847e+00,9.013340992915e-02
-6.385156482742e+00,4.781604249461e+00,8.970055629848e-02
-6.384971868795e+00,6.406250205003e-01,9.256528520531e-02
-6.384673198190e+00,7.470454871551e+00,7.265325868357e-02
-6.384634646815e+00,6.930931410431e+00,8.066669004164e-02
-6.384347186260e+00,5.858692325067e+00,8.703256618760e-02
-6.384208043092e+00,6.272915447601e+00,8.529826364789e-02
-6.384057111898e+00,6.718750215003e-01,9.256264348675e-02
-6.383948073667e+00,1.404238203276e+00,9.242009122337e-02
-6.383861796288e+00,7.061090191229e+00,7.927144215712e-02
-6.383807001012e+00,6.495105499159e+00,8.407303955190e-02
-6.383642786035e+00,2.628918642600e+00,9.191957207911e-02
-6.383557488458e+00,4.458001867799e+00,9.021529033040e-02
-6.383492286057e+00,4.835853397673e+00,8.960952647754e-02
-6.383240866210e+00,7.904843240790e+00,5.677794645768e-02
-6.383142355002e+00,7.031250225004e-01,9.255976420182e-02
-6.383082680058e+00,1.791401372560e+00,9.230130031633e-02
-6.383033938838e+00,8.134046325873e+00,3.573343856657e-02
-6.383025934561e+00,7.539282741842e+00,7.106035368207e-02
-6.382685013636e+00,2.855103370184e+00,9.178491807717e-02
-6.382227598105e+00,7.343750235005e-01,9.255676211020e-02
-6.382147648958e+00,1.190939753890e+00,9.247490855280e-02
-6.381960090939e+00,6.993494240407e+00,8.004873571044e-02
-6.381894013998e+00,1.618612270750e+00,9.236039659403e-02
-6.381876724606e+00,5.474913101683e+00,8.821951031646e-02
-6.381875250677e+00,3.507466647801e+00,9.129540850981e-02
-6.381758947985e+00,6.648363742476e+00,8.307180874046e-02
-6.381537286383e+00,1.964974176470e+00,9.223878757072e-02
-6.381406262340e+00,4.404428562236e+00,9.029580245786e-02
-6.381312841208e+00,7.656250245004e-01,9.255363755147e-02
-6.381263551674e+00,4.890179558787e+00,8.951695384952e-02
-6.380864930276e+00,7.608273209292e+00,6.925210354951e-02
-6.380835299033e+00,5.175116236199e+00,8.894617923112e-02
-6.380629185677e+00,4.095746623996e+00,9.069510545536e-02
-6.380499830264e+00,5.790069992304e+00,8.728322135082e-02
-6.380409341011e+00,5.598076091771e+00,8.788139506211e-02
-6.380398084311e+00,7.968750255003e-01,9.255024129475e-02
-6.380231135804e+00,6.342271025048e+00,8.496440748790e-02
-6.380028177742e+00,5.352165214969e+00,8.853880133927e-02
-6.379742197592e+00,3.748049394716e+00,9.107407557841e-02
-6.379483327414e+00,8.281250265002e-01,9.254663712305e-02
-6.379088169808e+00,3.895166260028e+00,9.092365567306e-02
-6.378918373698e+00,2.271560686399e+00,9.211077729651e-02
-6.378865998715e+00,2.404413402168e+00,9.204646026684e-02
-6.378729896232e+00,4.350970843750e+00,9.037498923791e-02
-6.378568570517e+00,8.593750275002e-01,9.254291005629e-02
-6.378465523382e+00,4.944577726455e+00,8.942281405670e-02
-6.378426751321e+00,2.763158640720e+00,9.184844291865e-02
-6.378393517249e+00,7.974674948057e+00,5.237289893915e-02
-6.378283893426e+00,6.796588350286e+00,8.194999033987e-02
-6.378188560927e+00,7.677422889304e+00,6.718188952201e-02
-6.378065899107e+00,1.446683853863e+00,9.241613754808e-02
-6.377653813620e+00,8.906250285001e-01,9.253906053098e-02
-6.377165324526e+00,2.139250561268e+00,9.217279540477e-02
-6.377126711734e+00,3.601691536055e+00,9.121879164599e-02
-6.376989991878e+00,1.233324272940e+00,9.247180038435e-02
-6.376957155706e+00,2.537767034502e+00,9.197976017933e-02
-6.376739056723e+00,9.218750295001e-01,9.253489614855e-02
-6.376516594619e+00,8.204370487106e+00,2.509925831593e-02
-6.376326455113e+00,3.175683487636e+00,9.157377359120e-02
-6.376110550883e+00,6.564683080099e+00,8.368332157120e-02
-6.375837960532e+00,1.833925826068e+00,9.229577971495e-02
-6.375824299826e+00,9.531250305000e-01,9.253056212522e-02
-6.375814144444e+00,3.268917523630e+00,9.150336540079e-02
-6.375716361424e+00,3.082737202309e+00,9.164242503560e-02
-6.375570850660e+00,5.721593298044e+00,8.752450976380e-02
-6.375533478589e+00,4.297633345362e+00,9.045287242177e-02
-6.375268582802e+00,1.661094197316e+00,9.235558001993e-02
-6.375101322941e+00,6.411689565045e+00,8.461591863013e-02
-6.375093483462e+00,4.999042854260e+00,8.932665169636e-02
-6.375071510635e+00,4.042957795386e+00,9.076750462390e-02
-6.374995222931e+00,7.746728385325e+00,6.478859608672e-02
-6.374919818776e+00,5.229892382354e+00,8.884154526324e-02
-6.374909542929e+00,9.843750315000e-01,9.252610514848e-02
-6.374567180233e+00,6.856103382198e+00,8.146552362000e-02
-6.374157956739e+00,3.362420849145e+00,9.143132936493e-02
-6.374005601991e+00,2.990096764665e+00,9.170939547895e-02
-6.373658748519e+00,2.007523403471e+00,9.223255231103e-02
-6.373141684299e+00,2.671578629840e+00,9.191048657900e-02
-6.373022608080e+00,8.044648308220e+00,4.691242154918e-02
-6.372933831763e+00,6.051810504100e+00,8.635039844643e-02
-6.372588946089e+00,6.120839524181e+00,8.606268533643e-02
-6.372503088727e+00,5.530009857918e+00,8.810119703743e-02
-6.372191903775e+00,1.021146250600e+00,9.252269502767e-02
-6.372162487103e+00,5.982887882378e+00,8.662657242372e-02
-6.372096531191e+00,5.407135087821e+00,8.842697562789e-02
-6.372044755583e+00,1.489106074515e+00,9.241201482450e-02
-6.371822133059e+00,4.244420657427e+00,9.052947362836e-02
-6.371753094508e+00,3.842862514220e+00,9.099223688026e-02
-6.371694950602e+00,1.275689912399e+00,9.246852584305e-02
-6.371455919504e+00,6.718050828120e+00,8.263358312526e-02
-6.371336690911e+00,3.456174642652e+00,9.135764238079e-02
-6.371283333662e+00,7.816186288925e+00,6.199050072784e-02
-6.371216176018e+00,2.897779902985e+00,9.177483509414e-02
-6.371157274806e+00,3.696116287362e+00,9.114019884895e-02
-6.371142753160e+00,5.053569855766e+00,8.922870411252e-02
-6.371118949874e+00,6.189964579400e+00,8.576216078648e-02
-6.370559472214e+00,6.916267446081e+00,8.094392966636e-02
-6.370283873621e+00,5.914081947225e+00,8.689211510659e-02
-6.369876485590e+00,2.314147322941e+00,9.210325966180e-02
-6.369569519092e+00,5.653272235370e+00,8.775689546826e-02
-6.369534114096e+00,7.246664162076e+00,7.699080653538e-02
-6.369508228223e+00,7.314900743344e+00,7.591242813184e-02
-6.369470885305e+00,8.274825433576e+00,1.008783030456e-02
-6.369297992006e+00,2.447019169784e+00,9.203837896433e-02
-6.369053372713e+00,7.178604034654e+00,7.796758551465e-02
-6.369023080687e+00,3.990314968072e+00,9.083862157454e-02
-6.368974006086e+00,7.383310444833e+00,7.471583720733e-02
-6.368810064249e+00,6.481160400932e+00,8.425191435571e-02
-6.368638928251e+00,2.181806245774e+00,9.216583451633e-02
-6.368515044677e+00,6.259175232269e+00,8.544899664469e-02
-6.368502749682e+00,1.703548029717e+00,9.235059201389e-02
-6.368451365708e+00,1.876418276482e+00,9.229008553553e-02
-6.368405529821e+00,5.284708302874e+00,8.873511397580e-02
-6.368067733466e+00,7.110723682162e+00,7.885640695764e-02
-6.367929759036e+00,7.451889920599e+00,7.338059382787e-02
-6.367603577737e+00,1.063431257269e+00,9.252025674112e-02
-6.367601018289e+00,4.191337327160e+00,9.060481433075e-02
-6.367370336998e+00,2.805803974512e+00,9.183876674347e-02
-6.367329423027e+00,3.550159726194e+00,9.128228210661e-02
-6.367307033177e+00,5.845402911667e+00,8.714756971729e-02
-6.367234208401e+00,6.634289839405e+00,8.327545648413e-02
-6.367126642697e+00,8.114759864878e+00,3.996644341957e-02
-6.367051331457e+00,7.885793179980e+00,5.867578866010e-02
-6.366852658496e+00,2.580379801907e+00,9.197107252685e-02
-6.366608692847e+00,5.108153605015e+00,8.912907505840e-02
-6.366578946154e+00,7.043026412924e+00,7.966857742896e-02
-6.366373819046e+00,7.520635812317e+00,7.188126184334e-02
-6.366262642707e+00,1.318035835564e+00,9.246508464824e-02
-6.366255911580e+00,6.977074219465e+00,8.038074148247e-02
-6.365884788412e+00,1.531504019042e+00,9.240772268565e-02
-6.365735116171e+00,4.661938879216e+00,8.994575105719e-02
-6.365636970444e+00,2.050036630116e+00,9.222614121945e-02
-6.365552035260e+00,4.608057842793e+00,9.003109953555e-02
-6.365370032701e+00,4.715912954037e+00,8.985895977888e-02
-6.364825704591e+00,4.554274676527e+00,9.011502864269e-02
-6.364768514113e+00,6.328460971950e+00,8.512246523186e-02
-6.364451907346e+00,4.769975194319e+00,8.977070216060e-02
-6.364304538837e+00,7.589544749378e+00,7.018578279747e-02
-6.364262981772e+00,1.562500050003e-02,9.262847326653e-02
-6.364135236900e+00,6.782321931462e+00,8.218450525776e-02
-6.363963898878e+00,4.687500150008e-02,9.262863589315e-02
-6.363946757811e+00,3.790720800697e+00,9.105970135629e-02
-6.363664815984e+00,7.812500250012e-02,9.262865926637e-02
-6.363561075716e+00,4.500594170522e+00,9.019739738147e-02
-6.363551010812e+00,5.462127351090e+00,8.831311670365e-02
-6.363422256872e+00,3.218344408966e+00,9.156217923172e-02
-6.363365733090e+00,1.093750035002e-01,9.262846251123e-02
-6.363246555651e+00,3.125390927706e+00,9.163132472337e-02
-6.363241087611e+00,5.776860912697e+00,8.739344447623e-02
-6.363066650196e+00,1.406250045003e-01,9.262812717980e-02
-6.362975900155e+00,4.824120686046e+00,8.968095456629e-02
-6.362879688963e+00,1.105700990031e+00,9.251765355921e-02
-6.362875327629e+00,4.138387858305e+00,9.067891584330e-02
-6.362767567302e+00,1.718750055004e-01,9.262759835602e-02
-6.362505185252e+00,5.585116719853e+00,8.798081382999e-02
-6.362490587372e+00,2.714185960766e+00,9.190121356648e-02
-6.362489217461e+00,3.937822482124e+00,9.090858290813e-02
-6.362468918517e+00,3.311578256085e+00,9.149134129697e-02
-6.362468484408e+00,2.031250065004e-01,9.262690349298e-02
-6.362297675660e+00,7.955545626821e+00,5.468729713672e-02
-6.362169401514e+00,2.343750075005e-01,9.262604294233e-02
-6.362115511882e+00,3.644356569244e+00,9.120522711806e-02
-6.361963442711e+00,3.032736041653e+00,9.169870992255e-02
-6.361870318620e+00,2.656250085005e-01,9.262498823797e-02
-6.361763136696e+00,4.447021073114e+00,9.027815193042e-02
-6.361720291809e+00,7.658613349132e+00,6.825317053714e-02
-6.361596688397e+00,1.745972913124e+00,9.234543216325e-02
-6.361571235725e+00,2.968750095005e-01,9.262379483901e-02
-6.361486702159e+00,5.162788937045e+00,8.902773793302e-02
-6.361348903437e+00,6.550672794462e+00,8.387144206428e-02
-6.361287960463e+00,5.339558705651e+00,8.862685788130e-02
-6.361272152831e+00,3.281250105004e-01,9.262236788394e-02
-6.360973069937e+00,3.593750115003e-01,9.262076475623e-02
-6.360937209046e+00,4.878344474419e+00,8.958969327951e-02
-6.360923093191e+00,1.918877860052e+00,9.228421733379e-02
-6.360704146249e+00,8.185006150538e+00,3.083452242929e-02
-6.360693190859e+00,1.360361206541e+00,9.246147650923e-02
-6.360688699391e+00,2.356690600425e+00,9.209556198116e-02
-6.360673987043e+00,3.906250125003e-01,9.261899111273e-02
-6.360454801547e+00,6.841637720967e+00,8.171606094594e-02
-6.360374904149e+00,4.218750135002e-01,9.261702717522e-02
-6.360365180665e+00,3.405073877697e+00,9.141887258110e-02
-6.360075821255e+00,4.531250145001e-01,9.261491791203e-02
-6.359968038722e+00,2.224321847405e+00,9.215869546264e-02
-6.359870724938e+00,6.397811214314e+00,8.478178416309e-02
-6.359776738360e+00,4.843750155000e-01,9.261259229711e-02
-6.359594808819e+00,2.940397612841e+00,9.176456115131e-02
-6.359586148085e+00,1.573876842037e+00,9.240326075462e-02
-6.359582754642e+00,2.489578237427e+00,9.203011573849e-02
-6.359436911685e+00,4.393560090736e+00,9.035758365937e-02
-6.359177378439e+00,5.156250165000e-01,9.261049788258e-02
-6.358619472180e+00,7.727838216966e+00,6.603017066970e-02
-6.358331069953e+00,4.932641564361e+00,8.949689451948e-02
-6.358277741491e+00,5.468750175001e-01,9.260856760324e-02
-6.358095238483e+00,5.708466010292e+00,8.763021545202e-02
-6.358020333018e+00,1.147954623318e+00,9.251488524026e-02
-6.357650288635e+00,4.085576711156e+00,9.075173431802e-02
-6.357472174135e+00,2.092512984434e+00,9.221955382562e-02
-6.357378104543e+00,5.781250185001e-01,9.260648087083e-02
-6.357169696727e+00,6.703914887419e+00,8.284827213418e-02
-6.357089957338e+00,3.498812323358e+00,9.134475037632e-02
-6.357020846779e+00,8.025440186293e+00,4.979693166091e-02
-6.356599672216e+00,2.622942465320e+00,9.196219887836e-02
-6.356587460806e+00,4.340215887339e+00,9.043571396474e-02
-6.356559678185e+00,6.038288941950e+00,8.647852105120e-02
-6.356484297613e+00,6.901603481729e+00,8.121226286009e-02
-6.356478467595e+00,6.093750195002e-01,9.260421326889e-02
-6.356440172472e+00,6.107243564468e+00,8.619686108885e-02
-6.356162801336e+00,2.848393133712e+00,9.182890102585e-02
-6.355772220512e+00,5.217470647893e+00,8.892466606694e-02
-6.355674604777e+00,3.738745292188e+00,9.112606859743e-02
-6.355578830647e+00,6.406250205003e-01,9.260174811586e-02
-6.355564637568e+00,5.969442217334e+00,8.674918665968e-02
-6.355475275567e+00,3.885484633107e+00,9.097740826842e-02
-6.355197231055e+00,6.176295731901e+00,8.590258551255e-02
-6.355152757236e+00,4.987006920674e+00,8.940231689475e-02
-6.355000495109e+00,7.797215946378e+00,6.344629874211e-02
-6.354986722809e+00,1.402665190217e+00,9.245770112544e-02
-6.354679193698e+00,6.718750215003e-01,9.259914957006e-02
-6.354550577937e+00,1.788367993669e+00,9.234010004632e-02
-6.354387276419e+00,5.517136588802e+00,8.819667377599e-02
-6.353813127487e+00,6.467215302706e+00,8.442611113493e-02
-6.353779556750e+00,7.031250225004e-01,9.259625723910e-02
-6.353753665057e+00,8.255383686792e+00,1.829375735101e-02
-6.353562679564e+00,5.394438260751e+00,8.851674946098e-02
-6.353464021237e+00,5.900713668546e+00,8.700953320871e-02
-6.353253345848e+00,1.961303714225e+00,9.227817465755e-02
-6.353219879739e+00,4.286993084262e+00,9.051256412977e-02
-6.353148990237e+00,1.616223699065e+00,9.239862864466e-02
-6.353025610518e+00,1.190191331965e+00,9.251195153223e-02
-6.352879919802e+00,7.343750235005e-01,9.259324070695e-02
-6.352822046262e+00,6.245435016935e+00,8.559606507876e-02
-6.352709468816e+00,6.620215936333e+00,8.347347233708e-02
-6.352622441704e+00,3.592774288243e+00,9.126895279472e-02
-6.352583351825e+00,7.296501086229e+00,7.646528105253e-02
-6.352519128440e+00,7.228347816268e+00,7.749098532568e-02
-6.352218862921e+00,6.962212895586e+00,8.066910545538e-02
-6.352139645912e+00,7.364827918676e+00,7.533008966117e-02
-6.351980282854e+00,7.656250245004e-01,9.259010029007e-02
-6.351948686917e+00,7.160371440422e+00,7.842223852459e-02
-6.351931162796e+00,4.032908302193e+00,9.082309424540e-02
-6.351878766283e+00,5.640228187035e+00,8.785832913239e-02
-6.351689818825e+00,2.756739722574e+00,9.189175248124e-02
-6.351397584144e+00,5.041435468098e+00,8.930579096600e-02
-6.351355281969e+00,2.399189630789e+00,9.208768375837e-02
-6.351219346555e+00,8.095473403882e+00,4.366055913495e-02
-6.351186319881e+00,7.433324969646e+00,7.406700853735e-02
-6.351152902762e+00,2.266796486804e+00,9.215137775443e-02
-6.351080645906e+00,7.968750255003e-01,9.258676236970e-02
-6.350873758796e+00,7.092575277772e+00,7.927144637982e-02
-6.350861796703e+00,7.866743119169e+00,6.040625834649e-02
-6.350621926251e+00,3.167979461843e+00,9.162003036202e-02
-6.350361973538e+00,3.260937356954e+00,9.155038603221e-02
-6.350266880093e+00,5.832113498266e+00,8.726008231034e-02
-6.350181008957e+00,8.281250265002e-01,9.258314806422e-02
-6.349986580374e+00,6.768055512637e+00,8.241210469018e-02
-6.349767765727e+00,3.075312868152e+00,9.168783155438e-02
-6.349721703531e+00,7.501988882792e+00,7.265327026671e-02
-6.349720573864e+00,2.532089708993e+00,9.202167009259e-02
-6.349460727532e+00,5.272193494717e+00,8.881983273843e-02
-6.349339299288e+00,4.233896260132e+00,9.058815531047e-02
-6.349305892421e+00,6.314650918852e+00,8.527660357912e-02
-6.349296096021e+00,7.024962634619e+00,8.004873897681e-02
-6.349281372009e+00,8.593750275002e-01,9.257940940543e-02
-6.349164586856e+00,2.134951595906e+00,9.221278965273e-02
-6.349143371394e+00,1.444946952256e+00,9.245375818652e-02
-6.348966391028e+00,3.354168193099e+00,9.147911704084e-02
-6.348381735061e+00,8.906250285001e-01,9.257554680048e-02
-6.347986642292e+00,3.833305671760e+00,9.104511712691e-02
-6.347895627082e+00,1.232410291621e+00,9.250885217269e-02
-6.347821273229e+00,2.982955571608e+00,9.175409572258e-02
-6.347744147398e+00,7.570816289464e+00,7.106036682666e-02
-6.347482098113e+00,9.218750295001e-01,9.257145618868e-02
-6.347364602466e+00,1.830732418693e+00,9.233459523263e-02
-6.347060902990e+00,5.095922091799e+00,8.920761626284e-02
-6.346942112150e+00,3.686940115982e+00,9.119135789308e-02
-6.346587255992e+00,6.536662508825e+00,8.405453813557e-02
-6.346582461165e+00,9.531250305000e-01,9.256711481925e-02
-6.346573475627e+00,1.658543746729e+00,9.239382595939e-02
-6.346413932533e+00,3.447653248965e+00,9.140621445765e-02
-6.346342422861e+00,6.827172059736e+00,8.195895136199e-02
-6.346273766991e+00,8.325888984178e+00,6.608629182009e-06
-6.346201834071e+00,7.936416305585e+00,5.677796928213e-02
-6.346198504859e+00,2.665454121057e+00,9.195313866647e-02
-6.345982344958e+00,5.763651833089e+00,8.750132238738e-02
-6.345723245247e+00,3.980387003742e+00,9.089329935957e-02
-6.345682824216e+00,9.843750315000e-01,9.256264895949e-02
-6.345442331799e+00,2.003694977704e+00,9.227195704701e-02
-6.345252022691e+00,7.639803808961e+00,6.925211836759e-02
-6.345225297018e+00,5.449341600496e+00,8.840476118041e-02
-6.344950885185e+00,4.180929950392e+00,9.066250852224e-02
-6.344891697880e+00,8.165641813970e+00,3.573346410643e-02
-6.344804489368e+00,2.890925198700e+00,9.181884522061e-02
-6.344659754209e+00,4.650520942956e+00,9.001224476164e-02
-6.344640126935e+00,6.383932863583e+00,8.494345320359e-02
-6.344601029492e+00,5.572157347934e+00,8.807820474704e-02
-6.344479129380e+00,4.704388827806e+00,8.992664931022e-02
-6.344294091590e+00,4.596747346155e+00,9.009642405444e-02
-6.343747331950e+00,4.758346139176e+00,8.983961469522e-02
-6.343387063725e+00,4.543072857700e+00,9.017921008893e-02
-6.343163274519e+00,1.487205659239e+00,9.244964737248e-02
-6.342981544982e+00,1.021062863651e+00,9.255923648136e-02
-6.342883473951e+00,6.689778946718e+00,8.305689121930e-02
-6.342683627797e+00,3.541373446253e+00,9.133165599118e-02
-6.342630493339e+00,1.274610678671e+00,9.250558688894e-02
-6.342547743184e+00,5.326952196334e+00,8.871321118959e-02
-6.342459514254e+00,4.812387974418e+00,8.975111782221e-02
-6.342409123012e+00,6.886939517379e+00,8.147210907050e-02
-6.342243721428e+00,7.708948048607e+00,6.718190612674e-02
-6.342193772582e+00,2.309229286008e+00,9.214388089780e-02
-6.342138105285e+00,5.150461637890e+00,8.910776685310e-02
-6.341943629673e+00,4.489502256197e+00,9.026028562175e-02
-6.341876505606e+00,2.441643527583e+00,9.207962449432e-02
-6.341019085478e+00,8.006232064366e+00,5.237292361917e-02
-6.340739707807e+00,2.799239004374e+00,9.188210276442e-02
-6.340714441232e+00,2.177351595176e+00,9.220584821787e-02
-6.340619626306e+00,5.695338722541e+00,8.773371134450e-02
-6.340610866418e+00,4.866509390051e+00,8.966113552297e-02
-6.340291398855e+00,6.093647604756e+00,8.632785736458e-02
-6.340185524607e+00,6.024767379800e+00,8.660374463358e-02
-6.340059837789e+00,4.128098646974e+00,9.073564462700e-02
-6.340038951315e+00,1.873065336796e+00,9.232891728314e-02
-6.340028737260e+00,3.781289803749e+00,9.111172877215e-02
-6.339968784934e+00,4.436040278430e+00,9.033996159328e-02
-6.339859770147e+00,1.700836142657e+00,9.238885229291e-02
-6.339711742399e+00,2.574552690052e+00,9.201304152916e-02
-6.339275512235e+00,6.162626884402e+00,8.603970080397e-02
-6.339031864337e+00,3.928017143892e+00,9.096236905984e-02
-6.338966788033e+00,5.955996552291e+00,8.686907689068e-02
-6.338816190724e+00,6.453270204479e+00,8.459580968916e-02
-6.338717656556e+00,7.778245603830e+00,6.478861458496e-02
-6.338411939573e+00,1.063181219240e+00,9.255680514096e-02
-6.338196616525e+00,4.920705402266e+00,8.956964457153e-02
-6.338184729231e+00,6.606142033261e+00,8.366608501259e-02
-6.338181814262e+00,6.947351571708e+00,8.094782356876e-02
-6.338036444809e+00,8.235941940008e+00,2.509928036858e-02
-6.337842873312e+00,3.210501862577e+00,9.160848114456e-02
-6.337754788087e+00,3.635309353520e+00,9.125542023038e-02
-6.337490264413e+00,2.046050790451e+00,9.226556403505e-02
-6.337467561029e+00,4.382691619235e+00,9.041833847229e-02
-6.337418954287e+00,3.117826310206e+00,9.167675988264e-02
-6.337230324956e+00,1.316791670018e+00,9.250215539816e-02
-6.337146022094e+00,3.303461382008e+00,9.153839345707e-02
-6.337129047848e+00,6.231694801603e+00,8.573960008940e-02
-6.337046575175e+00,1.529440478516e+00,9.244536835386e-02
-6.336644168852e+00,5.887345389867e+00,8.712438951594e-02
-6.336624622247e+00,5.205048913433e+00,8.900621674585e-02
-6.336271464112e+00,5.504263319686e+00,8.829023636987e-02
-6.335895936144e+00,3.025452853213e+00,9.174343828859e-02
-6.335837923847e+00,6.753789093813e+00,8.263308787791e-02
-6.335658475428e+00,7.278101429114e+00,7.699081391409e-02
-6.335649469904e+00,2.707913867379e+00,9.194389132338e-02
-6.335504142784e+00,7.210031470459e+00,7.796759174320e-02
-6.335312050413e+00,8.076186942887e+00,4.691244768103e-02
-6.335306996221e+00,3.396686377622e+00,9.146669213834e-02
-6.335305285737e+00,7.346345392518e+00,7.591243674421e-02
-6.335212031009e+00,4.974970987088e+00,8.947660590031e-02
-6.335028827937e+00,5.381741433680e+00,8.860477464240e-02
-6.334844001121e+00,7.142138846190e+00,7.885641211266e-02
-6.334723991504e+00,1.562500050003e-02,9.266448658695e-02
-6.334672261950e+00,7.847693058358e+00,6.199052120613e-02
-6.334671391594e+00,4.075406798316e+00,9.080735597436e-02
-6.334445025379e+00,4.329460930928e+00,9.049543719836e-02
-6.334442880727e+00,7.414760018693e+00,7.471584714412e-02
-6.334429935213e+00,4.687500150008e-02,9.266463994062e-02
-6.334188013475e+00,5.627184138700e+00,8.795767898032e-02
-6.334135878922e+00,7.812500250012e-02,9.266465427575e-02
-6.333843270729e+00,6.300840865754e+00,8.542696551724e-02
-6.333841822631e+00,1.093750035002e-01,9.266445326410e-02
-6.333709012135e+00,1.105284553383e+00,9.255420935784e-02
-6.333679784127e+00,7.074426873382e+00,7.966858158067e-02
-6.333655668321e+00,7.008401877702e+00,8.038157493284e-02
-6.333547766340e+00,1.406250045003e-01,9.266411057399e-02
-6.333295751676e+00,2.933399252093e+00,9.180859878700e-02
-6.333253710050e+00,1.718750055004e-01,9.266358239928e-02
-6.333226727009e+00,5.818824084865e+00,8.737018362491e-02
-6.333090905764e+00,2.351619368513e+00,9.213620439477e-02
-6.333069588017e+00,7.483341953267e+00,7.338060518721e-02
-6.333008044820e+00,1.743100045481e+00,9.238370723004e-02
-6.332959653759e+00,2.031250065004e-01,9.266288253626e-02
-6.332665597468e+00,2.343750075005e-01,9.266202685730e-02
-6.332573819023e+00,1.915365897618e+00,9.232306575055e-02
-6.332371541177e+00,2.656250085005e-01,9.266096950724e-02
-6.332304664000e+00,3.490157998914e+00,9.139335455038e-02
-6.332252647942e+00,2.484051406155e+00,9.207138368767e-02
-6.332230044175e+00,6.812706398505e+00,8.219453722070e-02
-6.332121975185e+00,2.219712114322e+00,9.219872903248e-02
-6.332077484886e+00,2.968750095005e-01,9.265977299722e-02
-6.331862381326e+00,3.875803006186e+00,9.103032258856e-02
-6.331825608547e+00,6.522652223189e+00,8.423280693873e-02
-6.331783428595e+00,3.281250105004e-01,9.265835810198e-02
-6.331695242602e+00,1.358952443358e+00,9.249855740743e-02
-6.331652415128e+00,5.029301080429e+00,8.938146573235e-02
-6.331607011963e+00,3.729441189661e+00,9.117726229987e-02
-6.331489372304e+00,3.593750115003e-01,9.265675476263e-02
-6.331195316013e+00,3.906250125003e-01,9.265499756807e-02
-6.331183755959e+00,7.552087829549e+00,7.188127473039e-02
-6.330906280889e+00,4.276352823162e+00,9.057127860262e-02
-6.330901259723e+00,4.218750135002e-01,9.265303572697e-02
-6.330793421446e+00,1.571650578204e+00,9.244092079190e-02
-6.330652152939e+00,8.306370294385e+00,1.008784150087e-02
-6.330607203432e+00,4.531250145001e-01,9.265093511026e-02
-6.330515925242e+00,5.259678686561e+00,8.890293990775e-02
-6.330313147141e+00,4.843750155000e-01,9.264862596097e-02
-6.330105992482e+00,7.917286984348e+00,5.867581115825e-02
-6.329723860496e+00,5.156250165000e-01,9.264652458204e-02
-6.329640589036e+00,2.841682897240e+00,9.187226385942e-02
-6.329556558396e+00,2.616966288039e+00,9.200422955066e-02
-6.329409528933e+00,6.370054512851e+00,8.510108188548e-02
-6.329397362277e+00,2.088370293808e+00,9.225899514761e-02
-6.329079249511e+00,8.146277477402e+00,3.996647004252e-02
-6.328872856652e+00,1.147372054158e+00,9.255144888838e-02
-6.328839343496e+00,5.468750175001e-01,9.264460044408e-02
-6.328790814956e+00,4.022858808999e+00,9.087780488162e-02
-6.328783753573e+00,7.620994268790e+00,7.018579732328e-02
-6.328723602306e+00,5.750442753481e+00,8.760692884414e-02
-6.328597251175e+00,6.675643006017e+00,8.325969232673e-02
-6.328333948411e+00,6.872275553028e+00,8.172386187144e-02
-6.328118171674e+00,3.583857040431e+00,9.131835884009e-02
-6.327954826497e+00,5.781250185001e-01,9.264249819641e-02
-6.327513113134e+00,5.083690578583e+00,8.928470849190e-02
-6.327070309497e+00,6.093750195002e-01,9.264024098577e-02
-6.326899583224e+00,5.436555849902e+00,8.849449631458e-02
-6.326856465518e+00,4.223371862836e+00,9.064588339369e-02
-6.326696873732e+00,5.559197976016e+00,8.817362916914e-02
-6.326185792498e+00,6.406250205003e-01,9.263774739157e-02
-6.326025371951e+00,1.401092177159e+00,9.249479261392e-02
-6.326018475816e+00,1.785334614777e+00,9.237839034651e-02
-6.325867970677e+00,7.690057880248e+00,6.825318681594e-02
-6.325301275498e+00,6.718750215003e-01,9.263518243606e-02
-6.325017324176e+00,7.987023942439e+00,5.468732159749e-02
-6.324969405314e+00,1.957633251979e+00,9.231704017949e-02
-6.324952886329e+00,2.750320804429e+00,9.193445628169e-02
-6.324917397390e+00,3.160275436050e+00,9.166549442612e-02
-6.324909802632e+00,3.252957190279e+00,9.159671928793e-02
-6.324416758499e+00,7.031250225004e-01,9.263228613339e-02
-6.324403966476e+00,1.613835127381e+00,9.243630433871e-02
-6.324220190075e+00,3.823748829301e+00,9.109717902001e-02
-6.324144765604e+00,6.932490247829e+00,8.121753975906e-02
-6.324142625238e+00,6.080051645043e+00,8.645575278081e-02
-6.323903572078e+00,1.189442910040e+00,9.254852347857e-02
-6.323844565223e+00,2.393965859409e+00,9.212834774374e-02
-6.323819253961e+00,6.439325106253e+00,8.476118076429e-02
-6.323819170031e+00,3.067888533995e+00,9.173258833786e-02
-6.323811371029e+00,6.011245817650e+00,8.672616580685e-02
-6.323807525905e+00,5.314345687016e+00,8.879791027935e-02
-6.323774825318e+00,3.345915537053e+00,9.152620098429e-02
-6.323659989646e+00,6.592068130189e+00,8.385351105081e-02
-6.323588226058e+00,4.692864701574e+00,8.999316794837e-02
-6.323584392247e+00,4.639103006696e+00,9.007759649681e-02
-6.323532241499e+00,7.343750235005e-01,9.262925614201e-02
-6.323387431827e+00,2.262032287208e+00,9.219143160271e-02
-6.323353793416e+00,6.148958036904e+00,8.617362157069e-02
-6.323144014128e+00,5.682211434790e+00,8.783506581616e-02
-6.323042756555e+00,4.746717084033e+00,8.990732663817e-02
-6.323036147920e+00,4.585436849516e+00,9.016063477302e-02
-6.322789508411e+00,5.138134338735e+00,8.918630888832e-02
-6.322726949494e+00,3.677763944602e+00,9.124168409714e-02
-6.322647724500e+00,7.656250245004e-01,9.262610093207e-02
-6.322483992022e+00,2.526412383485e+00,9.206296083542e-02
-6.322434818003e+00,7.759275261283e+00,6.603018881345e-02
-6.322423409806e+00,3.970459039412e+00,9.094711904633e-02
-6.322368938498e+00,5.942550887248e+00,8.698633232925e-02
-6.322319224561e+00,8.216500193224e+00,3.083454739017e-02
-6.322300752081e+00,4.170522573623e+00,9.071927214447e-02
-6.321948422859e+00,4.531871038874e+00,9.024220393277e-02
-6.321943128352e+00,4.800655262791e+00,8.982004999333e-02
-6.321763207500e+00,7.968750255003e-01,9.262281950746e-02
-6.321689267321e+00,6.739522674989e+00,8.284773709140e-02
-6.321636944467e+00,2.975814378550e+00,9.179816118964e-02
-6.321491174155e+00,3.439131855278e+00,9.145406611243e-02
-6.321436049433e+00,6.217954586270e+00,8.587972667413e-02
-6.321163849186e+00,2.130652630544e+00,9.225224990397e-02
-6.320878690501e+00,8.281250265002e-01,9.261919601387e-02
-6.320326183631e+00,4.478410341872e+00,9.032212334092e-02
-6.320284523790e+00,4.854674305682e+00,8.973131537333e-02
-6.320220843682e+00,1.443210050649e+00,9.249086070495e-02
-6.319994173501e+00,8.593750275002e-01,9.261544679462e-02
-6.319824316468e+00,5.873977111188e+00,8.723676650661e-02
-6.319657663055e+00,6.993344142172e+00,8.067151699216e-02
-6.319404754271e+00,8.056900481891e+00,4.979695783144e-02
-6.319255325419e+00,2.659329612274e+00,9.199519902137e-02
-6.319109656502e+00,8.906250285001e-01,9.261157222846e-02
-6.318891244401e+00,1.827539011319e+00,9.237290120917e-02
-6.318801262286e+00,1.231496310301e+00,9.254543286397e-02
-6.318733599030e+00,7.259701771999e+00,7.749099257221e-02
-6.318489157128e+00,7.191715124650e+00,7.842224464434e-02
-6.318482727197e+00,7.828642997548e+00,6.344631885001e-02
-6.318470925563e+00,7.327862866360e+00,7.646528950685e-02
-6.318392802718e+00,2.884070494414e+00,9.186223521279e-02
-6.318380649038e+00,6.287030812656e+00,8.557368720415e-02
-6.318225139502e+00,9.218750295001e-01,9.260755310668e-02
-6.318174433172e+00,4.425059483745e+00,9.040074615119e-02
-6.318155651805e+00,5.491390050570e+00,8.838194183752e-02
-6.318117665490e+00,6.798240737274e+00,8.242314079110e-02
-6.318062163096e+00,4.908769240171e+00,8.964110008596e-02
-6.318037832568e+00,3.532587166312e+00,9.138029243589e-02
-6.317878368452e+00,1.655993296143e+00,9.243151863744e-02
-6.317739315325e+00,7.123906251959e+00,7.927145144706e-02
-6.317699441573e+00,7.396195067740e+00,7.533009941146e-02
-6.317477023983e+00,5.192627178972e+00,8.908624158125e-02
-6.317340622503e+00,9.531250305000e-01,9.260320539243e-02
-6.317244347948e+00,4.117809435643e+00,9.079140672955e-02
-6.317225915080e+00,1.999866551937e+00,9.231084010689e-02
-6.317063961102e+00,6.508641937552e+00,8.440643549003e-02
-6.316497260666e+00,5.614140090365e+00,8.805500846402e-02
-6.316494976310e+00,5.369044606610e+00,8.869110179136e-02
-6.316485809457e+00,7.056278468991e+00,8.004874305979e-02
-6.316456105503e+00,9.843750315000e-01,9.259873174042e-02
-6.316417472502e+00,7.464695023741e+00,7.406701967912e-02
-6.316186573926e+00,5.805534671465e+00,8.747795000272e-02
-6.316110716710e+00,3.771858806802e+00,9.116295724991e-02
-6.315574511213e+00,3.918211805660e+00,9.101531747485e-02
-6.315498210374e+00,4.371823147735e+00,9.047809295144e-02
-6.315271304782e+00,4.962935053501e+00,8.954938140384e-02
-6.315030538887e+00,8.286851604593e+00,1.829377576080e-02
-6.314623364520e+00,7.533359369635e+00,7.265328290284e-02
-6.314511059575e+00,2.304311249076e+00,9.218395542996e-02
-6.314455019207e+00,2.436267885382e+00,9.212031044006e-02
-6.314311028398e+00,6.661507065316e+00,8.345691369551e-02
-6.314281793455e+00,1.485305243963e+00,9.248676135816e-02
-6.314258773810e+00,6.857611588676e+00,8.196789092818e-02
-6.314178930930e+00,6.356176162120e+00,8.525481873465e-02
-6.314109078617e+00,2.792674034236e+00,9.192483297514e-02
-6.314010150893e+00,7.898157663112e+00,6.040628048533e-02
-6.313771186189e+00,1.020979476701e+00,9.259531747605e-02
-6.313566036077e+00,1.273531444943e+00,9.254217676987e-02
-6.313394064291e+00,3.626262137798e+00,9.130485856272e-02
-6.313266801141e+00,8.126913140834e+00,4.366058636636e-02
-6.312789954214e+00,2.172896944578e+00,9.224532781724e-02
-6.312570826302e+00,2.568725578197e+00,9.205435543360e-02
-6.312315484455e+00,7.602184728619e+00,7.106038106660e-02
-6.312302589952e+00,4.318705974517e+00,9.055418423991e-02
-6.312263489752e+00,3.202659316188e+00,9.165403471551e-02
-6.311907246112e+00,5.017166692761e+00,8.945576724015e-02
-6.311823125671e+00,3.295344507932e+00,9.158475833307e-02
-6.311692494553e+00,4.065236885476e+00,9.086209937246e-02
-6.311626536921e+00,1.869712397110e+00,9.236723937621e-02
-6.311591352924e+00,3.110261692706e+00,9.172154536791e-02
-6.311571122953e+00,5.247163878404e+00,8.898448119701e-02
-6.311464859653e+00,5.737233673873e+00,8.771033458822e-02
-6.311216790612e+00,1.698124255597e+00,9.242656332251e-02
-6.310248811776e+00,3.388298877547e+00,9.151380810690e-02
-6.310107716945e+00,6.917628923950e+00,8.147868019157e-02
-6.309828429576e+00,3.018169664772e+00,9.178753189959e-02
-6.309492219926e+00,7.671167711889e+00,6.925213432552e-02
-6.309343558382e+00,2.042064950786e+00,9.230446506222e-02
-6.309220301409e+00,1.062931181211e+00,9.259289303175e-02
-6.309135250061e+00,6.577994227117e+00,8.403595561828e-02
-6.309015562875e+00,7.967815820512e+00,5.677799344911e-02
-6.308822317198e+00,6.425380008026e+00,8.492238661562e-02
-6.308808352435e+00,2.701641773992e+00,9.198597727498e-02
-6.308792717972e+00,5.546238604098e+00,8.826714604178e-02
-6.308592682039e+00,4.265712562062e+00,9.062904041068e-02
-6.308573869429e+00,5.423770099309e+00,8.858248838078e-02
-6.308249487085e+00,3.866121379265e+00,9.108241902042e-02
-6.308208361938e+00,1.527376937989e+00,9.248249424166e-02
-6.308198007204e+00,1.315547504472e+00,9.253875491137e-02
-6.307993851621e+00,6.066455685331e+00,8.658076499041e-02
-6.307965323278e+00,5.071459065367e+00,8.936039181251e-02
-6.307540610795e+00,6.725256256165e+00,8.305631881737e-02
-6.307539419148e+00,3.720137087134e+00,9.122767598562e-02
-6.307519370661e+00,3.481503674471e+00,9.144123850470e-02
-6.307437217451e+00,5.997724255500e+00,8.684587698586e-02
-6.307432074596e+00,6.135289189405e+00,8.630445750409e-02
-6.307211777483e+00,8.357328214753e+00,6.608629217010e-06
-6.306996694533e+00,2.926400891346e+00,9.185201627518e-02
-6.306602004313e+00,8.197058446441e+00,3.573349092324e-02
-6.306151979450e+00,7.740304918736e+00,6.718192391752e-02
-6.305771088963e+00,5.929105222204e+00,8.710103838015e-02
-6.305743051018e+00,6.204214370937e+00,8.601656404419e-02
-6.305668401951e+00,5.669084147039e+00,8.793434449139e-02
-6.305659657789e+00,6.978286406643e+00,8.095171013741e-02
-6.305650467117e+00,4.012809315806e+00,9.093165806054e-02
-6.305493112138e+00,2.346548136601e+00,9.217630001130e-02
-6.305185001236e+00,1.562500050003e-02,9.270004274435e-02
-6.305067308626e+00,5.301739177699e+00,8.888100234514e-02
-6.304922541241e+00,2.478524574884e+00,9.211209197662e-02
-6.304895971548e+00,4.687500150008e-02,9.270018706979e-02
-6.304606941860e+00,7.812500250012e-02,9.270019197561e-02
-6.304538335307e+00,1.104868116735e+00,9.259030459290e-02
-6.304419401243e+00,1.740227177837e+00,9.242143801983e-02
-6.304373631748e+00,4.212847465541e+00,9.070268173987e-02
-6.304317912173e+00,1.093750035002e-01,9.269998748867e-02
-6.304275911648e+00,2.215102381238e+00,9.223822839466e-02
-6.304224544855e+00,1.911853935184e+00,9.236140439741e-02
-6.304028882485e+00,1.406250045003e-01,9.269963771769e-02
-6.304005286804e+00,6.783775076043e+00,8.264506571051e-02
-6.303739852797e+00,1.718750055004e-01,9.269911019395e-02
-6.303613901643e+00,3.574939792619e+00,9.136702771330e-02
-6.303497458129e+00,8.037614020895e+00,5.237294967021e-02
-6.303450823110e+00,2.031250065004e-01,9.269840559384e-02
-6.303440911537e+00,5.125807039580e+00,8.926340538618e-02
-6.303161793422e+00,2.343750075005e-01,9.269755469346e-02
-6.303118376736e+00,2.834972660768e+00,9.191502083948e-02
-6.303004464083e+00,5.860608832509e+00,8.734674320048e-02
-6.302918027346e+00,6.273220759558e+00,8.571689837141e-02
-6.302872763735e+00,2.656250085005e-01,9.269649494602e-02
-6.302697322737e+00,4.681340575342e+00,9.005854637841e-02
-6.302697294344e+00,1.357543680175e+00,9.253516699345e-02
-6.302583734047e+00,2.968750095005e-01,9.269529562220e-02
-6.302513444577e+00,2.610990110758e+00,9.204556697795e-02
-6.302509030285e+00,4.627685070436e+00,9.014183603677e-02
-6.302338181159e+00,4.735088028891e+00,8.997386961516e-02
-6.302302313656e+00,6.494631651916e+00,8.457560131203e-02
-6.302294704359e+00,3.281250105004e-01,9.269389253260e-02
-6.302293192443e+00,7.809592936737e+00,6.478863431640e-02
-6.302005674672e+00,3.593750115003e-01,9.269228925385e-02
-6.302000694807e+00,1.569424314370e+00,9.247805901420e-02
-6.301808722633e+00,7.241302114884e+00,7.796759886153e-02
-6.301778204251e+00,4.574126352877e+00,9.022376058304e-02
-6.301716644984e+00,3.906250125003e-01,9.269054692398e-02
-6.301636565388e+00,7.309380340202e+00,7.699082221511e-02
-6.301474171471e+00,7.173398778841e+00,7.885641812685e-02
-6.301427615297e+00,4.218750135002e-01,9.268858867163e-02
-6.301426742450e+00,4.788922551163e+00,8.988778367663e-02
-6.301322550419e+00,2.084227603181e+00,9.229791456788e-02
-6.301138585609e+00,4.531250145001e-01,9.268648994064e-02
-6.300956002418e+00,7.377630116787e+00,7.591244631350e-02
-6.300909797698e+00,7.039577669277e+00,8.038240764651e-02
-6.300849555921e+00,4.843750155000e-01,9.268420381933e-02
-6.300634629528e+00,7.105673657727e+00,7.966858656274e-02
-6.300509781994e+00,4.520669220048e+00,9.030406927396e-02
-6.300453737859e+00,3.814191986841e+00,9.114844237222e-02
-6.300270342552e+00,5.156250165000e-01,9.268209603635e-02
-6.300183599209e+00,6.842947624325e+00,8.220454378604e-02
-6.300039839497e+00,5.478516781455e+00,8.847184499395e-02
-6.300024805622e+00,6.647371124615e+00,8.364878077768e-02
-6.299958181162e+00,4.842839221314e+00,8.980026643038e-02
-6.299765356987e+00,7.446048094216e+00,7.471585807456e-02
-6.299725380286e+00,1.146789484998e+00,9.258755191405e-02
-6.299650618977e+00,4.160115196855e+00,9.077512837238e-02
-6.299457631726e+00,3.244977023603e+00,9.164238029472e-02
-6.299408924836e+00,8.267332914801e+00,2.509930347133e-02
-6.299400945501e+00,5.468750175001e-01,9.268017795364e-02
-6.299212868528e+00,3.152571410257e+00,9.171030888650e-02
-6.299146420842e+00,5.792245258064e+00,8.758345463949e-02
-6.299123574365e+00,3.960531075082e+00,9.100010155710e-02
-6.298948332927e+00,6.342297811389e+00,8.540480512712e-02
-6.298806507857e+00,5.601096042031e+00,8.815037852552e-02
-6.298708737589e+00,4.467318427547e+00,9.038293727448e-02
-6.298583259607e+00,3.337662881007e+00,9.157259774586e-02
-6.298531548450e+00,5.781250185002e-01,9.267806099921e-02
-6.298511786838e+00,3.668587773221e+00,9.129115482556e-02
-6.298329425718e+00,5.180205444512e+00,8.916478324484e-02
-6.298215953832e+00,2.743901886283e+00,9.197656820780e-02
-6.298062973082e+00,7.514630909721e+00,7.338061757918e-02
-6.297961124683e+00,5.356347779539e+00,8.877577963480e-02
-6.297927709668e+00,4.896833078077e+00,8.971129569802e-02
-6.297914309304e+00,7.879028341876e+00,6.199054296425e-02
-6.297870574334e+00,3.060464199838e+00,9.177671039544e-02
-6.297662151400e+00,6.093750195002e-01,9.267580465925e-02
-6.297486373696e+00,1.782301235886e+00,9.241614234702e-02
-6.297454352772e+00,8.107548804267e+00,4.691247518816e-02
-6.297064021093e+00,1.399519164100e+00,9.253141271113e-02
-6.296792754349e+00,6.406250205003e-01,9.267329336815e-02
-6.296685464780e+00,1.953962789734e+00,9.235539581445e-02
-6.296568415777e+00,3.430610461592e+00,9.150121433451e-02
-6.296380081411e+00,4.414078689061e+00,9.046053156857e-02
-6.296333848478e+00,2.388742088030e+00,9.216846484006e-02
-6.296070668286e+00,6.902767600071e+00,8.173164460907e-02
-6.295923357298e+00,6.718750215003e-01,9.267071041345e-02
-6.295847215337e+00,7.583375188448e+00,7.188128869133e-02
-6.295658942714e+00,1.611446555696e+00,9.247345532532e-02
-6.295621960891e+00,2.257268087612e+00,9.223095113807e-02
-6.295452615705e+00,2.968673185493e+00,9.184160650231e-02
-6.295330578555e+00,4.950899119915e+00,8.962084927158e-02
-6.295247410181e+00,2.520735057976e+00,9.210369184444e-02
-6.295053960248e+00,7.031250225004e-01,9.266786122800e-02
-6.294781533639e+00,1.188694488114e+00,9.258463473929e-02
-6.294610510476e+00,6.563920324045e+00,8.421361324538e-02
-6.294428858107e+00,4.107520224311e+00,9.084618277707e-02
-6.294206117000e+00,5.724024594266e+00,8.781160749568e-02
-6.294184563197e+00,7.343750235005e-01,9.266481870847e-02
-6.293825380436e+00,6.411434909799e+00,8.507958152929e-02
-6.293528859718e+00,4.360954676235e+00,9.053687231350e-02
-6.293392037338e+00,3.523800886371e+00,9.142820887704e-02
-6.293391954268e+00,6.710989837341e+00,8.325908484717e-02
-6.293315166146e+00,7.656250245004e-01,9.266164971627e-02
-6.293163111516e+00,2.126353665183e+00,9.229118813952e-02
-6.293116469174e+00,7.652277543530e+00,7.018581296645e-02
-6.293013801574e+00,7.948607698585e+00,5.867583497975e-02
-6.292626320663e+00,5.234649070248e+00,8.906450064732e-02
-6.292445769095e+00,7.968750255003e-01,9.265835456539e-02
-6.292312145980e+00,2.653205103491e+00,9.203659496460e-02
-6.292192696160e+00,3.762427809854e+00,9.121340604496e-02
-6.292162077097e+00,5.005032305092e+00,8.952873294482e-02
-6.292117158089e+00,3.908406467428e+00,9.106744848752e-02
-6.291981116069e+00,2.877215790129e+00,9.190501931332e-02
-6.291845078004e+00,6.052859725619e+00,8.670298973285e-02
-6.291686145415e+00,8.337733051001e+00,1.008785320610e-02
-6.291661652524e+00,6.963228671114e+00,8.122280566060e-02
-6.291576372044e+00,8.281250265002e-01,9.265479122875e-02
-6.291510355777e+00,6.121620341906e+00,8.643231336996e-02
-6.291298315969e+00,1.441473149043e+00,9.252749174953e-02
-6.291063063873e+00,5.984202693350e+00,8.696296661228e-02
-6.290888562213e+00,5.533279232180e+00,8.835881201706e-02
-6.290884784065e+00,8.177616699657e+00,3.996649799654e-02
-6.290706974994e+00,8.593750275002e-01,9.265103242527e-02
-6.290417886335e+00,1.824345603944e+00,9.241067591370e-02
-6.290248155636e+00,5.410984348715e+00,8.866878769113e-02
-6.290160154525e+00,4.307951018106e+00,9.061197958087e-02
-6.290050052603e+00,6.190474155604e+00,8.615022595574e-02
-6.289892908118e+00,6.769309414812e+00,8.286059831234e-02
-6.289869140897e+00,7.721334576188e+00,6.825320425752e-02
-6.289837577943e+00,8.906250285002e-01,9.264714695687e-02
-6.289706897491e+00,1.230582328982e+00,9.258155280229e-02
-6.289183261277e+00,1.653442845557e+00,9.246868281554e-02
-6.289173239428e+00,5.915659557161e+00,8.721327684109e-02
-6.289033340495e+00,3.617214922075e+00,9.135356000618e-02
-6.289009498361e+00,1.996038126169e+00,9.234921316113e-02
-6.288968180892e+00,9.218750295001e-01,9.264313521913e-02
-6.288713597511e+00,4.055066972636e+00,9.091598597859e-02
-6.288417533422e+00,5.059227552151e+00,8.943470486584e-02
-6.288192789773e+00,5.655956859288e+00,8.803161038081e-02
-6.288098783841e+00,9.531250305000e-01,9.263884401471e-02
-6.287590161987e+00,8.018327559900e+00,5.468734741711e-02
-6.287540666211e+00,6.480621366279e+00,8.474047302866e-02
-6.287478449426e+00,2.786109064098e+00,9.196697124652e-02
-6.287455405654e+00,6.259410706460e+00,8.585672269901e-02
-6.287229386791e+00,9.843750315000e-01,9.263436360040e-02
-6.287033532808e+00,2.430892243180e+00,9.216044940627e-02
-6.286951748849e+00,7.024324474240e+00,8.067392447591e-02
-6.286828346567e+00,2.299393212144e+00,9.222349554434e-02
-6.286684106192e+00,3.194816769799e+00,9.169887841291e-02
-6.286500229248e+00,3.287227633856e+00,9.163045201749e-02
-6.286327091347e+00,5.289132668381e+00,8.896253284421e-02
-6.286279083188e+00,4.255072300962e+00,9.068587334223e-02
-6.286184611699e+00,5.847240553830e+00,8.745439533783e-02
-6.286108424607e+00,6.828283659974e+00,8.243414750110e-02
-6.286103657690e+00,7.790542875927e+00,6.603020816676e-02
-6.285763751560e+00,3.102697075206e+00,9.176569616441e-02
-6.285738582845e+00,6.633235183914e+00,8.383550708512e-02
-6.285429910205e+00,2.562898466342e+00,9.209510953334e-02
-6.285400312391e+00,1.483404828687e+00,9.252340378405e-02
-6.285190627331e+00,3.379911377472e+00,9.156023700685e-02
-6.284883846236e+00,7.222902457769e+00,7.842225163832e-02
-6.284865467195e+00,2.168442293981e+00,9.228428528639e-02
-6.284802205213e+00,7.290897814045e+00,7.749100072454e-02
-6.284636592844e+00,3.856439752344e+00,9.113371732776e-02
-6.284560827396e+00,1.020896089752e+00,9.263094808708e-02
-6.284501578814e+00,1.272452211215e+00,9.257830582642e-02
-6.284459185815e+00,7.155082433032e+00,7.927145735885e-02
-6.284212563264e+00,7.359065165834e+00,7.646529890054e-02
-6.284092314662e+00,5.113479740426e+00,8.933909621364e-02
-6.283787310784e+00,8.247814225008e+00,3.083457353965e-02
-6.283760923009e+00,3.010886476332e+00,9.183100535603e-02
-6.283717734924e+00,6.328419460658e+00,8.555117571430e-02
-6.283529943732e+00,7.087441063495e+00,8.004874795937e-02
-6.283471826333e+00,3.710832984606e+00,9.127724732401e-02
-6.283214122528e+00,1.866359457424e+00,9.240503832168e-02
-6.283113241473e+00,7.427401164691e+00,7.533011013674e-02
-6.282734077322e+00,3.472849350028e+00,9.148841919494e-02
-6.282573811077e+00,1.695412368537e+00,9.246374111657e-02
-6.282510119278e+00,4.002759822613e+00,9.098467464693e-02
-6.282106267758e+00,5.778955844663e+00,8.768676774514e-02
-6.282033619627e+00,6.887906276193e+00,8.197680834863e-02
-6.281967234966e+00,2.695369680605e+00,9.202743889092e-02
-6.281924027190e+00,5.465643512339e+00,8.855999855603e-02
-6.281890797978e+00,4.202323068245e+00,9.075857345532e-02
-6.281818467715e+00,7.859899020640e+00,6.344634021459e-02
-6.281806419416e+00,4.669816449110e+00,9.012281425904e-02
-6.281641904402e+00,8.088184467699e+00,4.979698537928e-02
-6.281633605764e+00,4.723458973748e+00,9.003927418802e-02
-6.281502581643e+00,7.495902449807e+00,7.406703183375e-02
-6.281433668323e+00,4.616267134176e+00,9.020499216537e-02
-6.281196852351e+00,2.038079111120e+00,9.234285596375e-02
-6.281115755049e+00,5.588051993696e+00,8.824384771958e-02
-6.280910356548e+00,4.777189839536e+00,8.995435036615e-02
-6.280697637390e+00,2.919402530598e+00,9.189482783905e-02
-6.280520260581e+00,4.562815856238e+00,9.028579983820e-02
-6.280085770891e+00,6.549846420974e+00,8.438666850700e-02
-6.280028663246e+00,1.062681143181e+00,9.262853048613e-02
-6.279631838534e+00,4.831004136946e+00,8.986802115053e-02
-6.279427273056e+00,5.343650952469e+00,8.885885509448e-02
-6.279378946220e+00,7.564565648277e+00,7.265329659195e-02
-6.279370148702e+00,1.525313397462e+00,9.251914848050e-02
-6.279243297742e+00,6.696723418517e+00,8.345627327642e-02
-6.279181827454e+00,5.167783710051e+00,8.924188287082e-02
-6.279165689453e+00,1.314303338925e+00,9.257489352481e-02
-6.279109631613e+00,3.566022544808e+00,9.141497681346e-02
-6.279071141128e+00,4.509467401222e+00,9.036491218512e-02
-6.278828443673e+00,6.397489811573e+00,8.523291230594e-02
-6.277895318511e+00,2.341476904689e+00,9.221586110591e-02
-6.277793256239e+00,4.884896915982e+00,8.978026485750e-02
-6.277663647258e+00,6.948170935585e+00,8.148523648767e-02
-6.277592434541e+00,2.472997743612e+00,9.215225319732e-02
-6.277091291547e+00,4.456226513222e+00,9.044275329508e-02
-6.277012040273e+00,7.929399576658e+00,6.040630392637e-02
-6.277000485873e+00,4.149707820087e+00,9.083005509007e-02
-6.276947374348e+00,5.710815514658e+00,8.791081272040e-02
-6.276740718423e+00,7.633387375171e+00,7.106039640191e-02
-6.276687285642e+00,3.804635144382e+00,9.119892639345e-02
-6.276596164436e+00,2.828262424296e+00,9.195718581955e-02
-6.276429848112e+00,2.210492648155e+00,9.227720551181e-02
-6.276160513348e+00,8.318137887249e+00,1.829379500739e-02
-6.275875270687e+00,1.908341972750e+00,9.239922916534e-02
-6.275830757666e+00,1.737354310193e+00,9.245862985151e-02
-6.275823738925e+00,3.950603110751e+00,9.105226717268e-02
-6.275780529432e+00,6.754843753581e+00,8.307000884177e-02
-6.275696304387e+00,6.039263765906e+00,8.682251860132e-02
-6.275646010967e+00,1.562500050003e-02,9.273515201714e-02
-6.275588636957e+00,6.107951494408e+00,8.655728928208e-02
-6.275470330757e+00,2.605013933478e+00,9.208634453261e-02
-6.275389852328e+00,4.938863186329e+00,8.969105977907e-02
-6.275367658479e+00,1.104451680087e+00,9.262594933425e-02
-6.275362007883e+00,4.687500150008e-02,9.273528755066e-02
-6.275167563817e+00,8.158174952874e+00,4.366061495927e-02
-6.275078004798e+00,7.812500250012e-02,9.273528330911e-02
-6.274794001714e+00,1.093750035002e-01,9.273507544036e-02
-6.274688910295e+00,5.970681131200e+00,8.707751936542e-02
-6.274585729649e+00,4.403097894376e+00,9.051934297629e-02
-6.274509998630e+00,1.406250045003e-01,9.273471885445e-02
-6.274357054189e+00,6.176733940271e+00,8.628082101853e-02
-6.274296624182e+00,3.659411601841e+00,9.133988896448e-02
-6.274225995545e+00,1.718750055004e-01,9.273419198276e-02
-6.274005460820e+00,3.236996856927e+00,9.168725347925e-02
-6.273941992461e+00,2.031250065004e-01,9.273348289577e-02
-6.273699346086e+00,1.356134916992e+00,9.257131560046e-02
-6.273681518373e+00,5.222134262091e+00,8.914304070295e-02
-6.273657989376e+00,2.343750075005e-01,9.273263397280e-02
-6.273586302343e+00,7.702364233641e+00,6.925215142329e-02
-6.273508339667e+00,3.144867384464e+00,9.175448870365e-02
-6.273391693897e+00,3.329410224961e+00,9.161832338990e-02
-6.273373986292e+00,2.656250085005e-01,9.273157477271e-02
-6.273247738562e+00,2.080084912554e+00,9.233632374133e-02
-6.273207968168e+00,1.567198050536e+00,9.251472549525e-02
-6.273089983208e+00,2.968750095005e-01,9.273037291615e-02
-6.272993700001e+00,7.009071279202e+00,8.095558908578e-02
-6.272984406453e+00,5.520319860261e+00,8.844868156396e-02
-6.272805980123e+00,3.281250105004e-01,9.272898138446e-02
-6.272779018766e+00,6.466611080643e+00,8.490121091618e-02
-6.272575389893e+00,5.902213892117e+00,8.732312609082e-02
-6.272521977039e+00,3.593750115003e-01,9.272737842175e-02
-6.272416908081e+00,4.992897917424e+00,8.960038419968e-02
-6.272237973955e+00,3.906250125003e-01,9.272563599570e-02
-6.272033250006e+00,6.813619695623e+00,8.265701012844e-02
-6.271992783963e+00,6.245600653362e+00,8.599327816435e-02
-6.271953970870e+00,4.218750135002e-01,9.272369619251e-02
-6.271922441842e+00,5.398198598122e+00,8.875344268199e-02
-6.271921978637e+00,3.053039865681e+00,9.182021230534e-02
-6.271682865845e+00,7.999041098904e+00,5.677801895861e-02
-6.271669967786e+00,4.531250145001e-01,9.272159963836e-02
-6.271645657399e+00,3.422089067905e+00,9.154767561277e-02
-6.271613368267e+00,4.097231012980e+00,9.090010272282e-02
-6.271559509063e+00,4.350086204735e+00,9.059470096979e-02
-6.271479021336e+00,2.737482968137e+00,9.201809825623e-02
-6.271452360069e+00,6.619099243214e+00,8.401729497002e-02
-6.271385964702e+00,4.843750155000e-01,9.271933604863e-02
-6.270816824608e+00,5.156250165000e-01,9.271722239227e-02
-6.270717177596e+00,5.642829571536e+00,8.812692400984e-02
-6.270577903920e+00,1.146206915839e+00,9.262320438421e-02
-6.269962547506e+00,5.468750175001e-01,9.271530701577e-02
-6.269914122937e+00,7.771492815116e+00,6.718194289432e-02
-6.269364759314e+00,5.833872275151e+00,8.755979554757e-02
-6.269268286943e+00,2.961531992435e+00,9.188444586386e-02
-6.269108270404e+00,5.781250185002e-01,9.271317938730e-02
-6.268954271575e+00,1.779267856995e+00,9.245334863512e-02
-6.268869743566e+00,5.046996038936e+00,8.950768492979e-02
-6.268823131732e+00,2.383518316650e+00,9.220804731120e-02
-6.268746242108e+00,3.515014606430e+00,9.147542223586e-02
-6.268659804965e+00,3.898601129196e+00,9.111878181178e-02
-6.268487136921e+00,6.314541109927e+00,8.569405881836e-02
-6.268401524245e+00,1.950292327488e+00,9.239324803187e-02
-6.268274675609e+00,3.752996812907e+00,9.126309382973e-02
-6.268253993302e+00,6.093750195002e-01,9.271090866101e-02
-6.268165696733e+00,8.228295535216e+00,3.573351901700e-02
-6.268102670235e+00,1.397946151042e+00,9.256757174633e-02
-6.268019008907e+00,7.070600917299e+00,8.038323956371e-02
-6.268017719099e+00,4.297196061695e+00,9.066884693468e-02
-6.268010828339e+00,2.515057732468e+00,9.214387569853e-02
-6.268002993751e+00,8.388584182547e+00,6.608629191476e-06
-6.267996570968e+00,6.873044952314e+00,8.221452417659e-02
-6.267967845039e+00,7.272415287887e+00,7.796760686964e-02
-6.267958969838e+00,7.204502800654e+00,7.885642500021e-02
-6.267856489956e+00,2.252503888017e+00,9.226994831349e-02
-6.267586874068e+00,5.276526159063e+00,8.904254557525e-02
-6.267469124109e+00,7.340500214881e+00,7.699083143847e-02
-6.267444200159e+00,7.136766087223e+00,7.966859237515e-02
-6.267399716200e+00,6.406250205003e-01,9.270839609075e-02
-6.266913918953e+00,1.609057984011e+00,9.251013447543e-02
-6.266545439098e+00,6.718750215003e-01,9.270579613437e-02
-6.266461125958e+00,7.408754235166e+00,7.591245683968e-02
-6.265829456033e+00,8.068820131131e+00,5.237297709226e-02
-6.265734700470e+00,4.044897059796e+00,9.096903659893e-02
-6.265722626126e+00,7.840769699404e+00,6.478865528097e-02
-6.265691161996e+00,7.031250225004e-01,9.270299257564e-02
-6.265659495199e+00,1.187946066189e+00,9.262029537832e-02
-6.265569429419e+00,2.870361085843e+00,9.194721135788e-02
-6.265561031306e+00,6.535772517902e+00,8.455529665169e-02
-6.265368966540e+00,2.647080594708e+00,9.207739633170e-02
-6.265162373846e+00,2.122054699821e+00,9.232961600606e-02
-6.265094641216e+00,6.682456999693e+00,8.364810942402e-02
-6.265066114675e+00,5.765666431263e+00,8.778795669416e-02
-6.264942190204e+00,7.477173989893e+00,7.471586999865e-02
-6.264836884894e+00,7.343750235005e-01,9.269993841132e-02
-6.264743717788e+00,5.101152441271e+00,8.941341982243e-02
-6.264672616699e+00,3.608167706352e+00,9.140154192193e-02
-6.263982607792e+00,7.656250245004e-01,9.269675659615e-02
-6.263965484338e+00,4.244432039862e+00,9.074180043376e-02
-6.263831506910e+00,6.383544713346e+00,8.538251870938e-02
-6.263808214882e+00,5.452770243223e+00,8.864627093176e-02
-6.263665641993e+00,6.933113200056e+00,8.173940856758e-02
-6.263425002240e+00,5.575007945361e+00,8.833547232930e-02
-6.263128330690e+00,7.968750255003e-01,9.269344742140e-02
-6.262910677102e+00,7.545756108106e+00,7.338063100379e-02
-6.262375788256e+00,1.439736247436e+00,9.256366164548e-02
-6.262274053588e+00,8.281250265002e-01,9.268994367992e-02
-6.261944528269e+00,1.821152196570e+00,9.244789707402e-02
-6.261668150746e+00,6.740378092351e+00,8.327355257047e-02
-6.261419776486e+00,8.593750275002e-01,9.268617621601e-02
-6.261177332825e+00,3.279110759779e+00,9.167543363187e-02
-6.261104722633e+00,3.186974223410e+00,9.174308752140e-02
-6.261023698603e+00,3.846758125422e+00,9.118423667420e-02
-6.261010278971e+00,7.910191454731e+00,6.199056600217e-02
-6.260929030368e+00,4.711829918606e+00,9.010356989854e-02
-6.260915516094e+00,4.658292322879e+00,9.018600026474e-02
-6.260893421429e+00,5.330954125398e+00,8.894037336937e-02
-6.260847820235e+00,2.779544093960e+00,9.200853105419e-02
-6.260793081641e+00,1.992209700402e+00,9.238708755521e-02
-6.260634881281e+00,8.298542723498e+00,2.509932762419e-02
-6.260612532695e+00,1.229668347663e+00,9.261722204846e-02
-6.260565499384e+00,8.906250285002e-01,9.268228084793e-02
-6.260488154102e+00,1.650892394971e+00,9.250537505906e-02
-6.260393970646e+00,4.765457127908e+00,9.001978049882e-02
-6.260364967671e+00,7.614497206812e+00,7.188130372618e-02
-6.260358306361e+00,4.604849197916e+00,9.026709271662e-02
-6.260132442886e+00,3.371523877398e+00,9.160599487376e-02
-6.260034229189e+00,5.155361975591e+00,8.931758012412e-02
-6.259936150196e+00,3.095132457705e+00,9.180922682760e-02
-6.259711222282e+00,9.218750295001e-01,9.267825794291e-02
-6.259688631695e+00,5.697606435050e+00,8.800801282888e-02
-6.259666918138e+00,6.094282646909e+00,8.667948095771e-02
-6.259612046408e+00,2.425516600979e+00,9.220005364523e-02
-6.259547530770e+00,6.025667806194e+00,8.693943926442e-02
-6.259450343570e+00,8.138733206090e+00,4.691250407056e-02
-6.259407964208e+00,4.191798670950e+00,9.081358091996e-02
-6.259404233518e+00,3.701528882079e+00,9.132601426656e-02
-6.259369771438e+00,3.992710329420e+00,9.103687486705e-02
-6.259305495906e+00,4.819169052578e+00,8.993461089450e-02
-6.259262316912e+00,4.551505359599e+00,9.034667129976e-02
-6.259145633559e+00,2.294475175212e+00,9.226251318405e-02
-6.259035651153e+00,6.993818084165e+00,8.122806017328e-02
-6.258856945180e+00,9.531250305000e-01,9.267404057564e-02
-6.258664055774e+00,6.162993724938e+00,8.640845298373e-02
-6.258314756717e+00,5.957159569050e+00,8.718961635994e-02
-6.258288994107e+00,2.557071354487e+00,9.213531639378e-02
-6.258017371321e+00,6.452600795006e+00,8.505796741370e-02
-6.258002668078e+00,9.843750315000e-01,9.266955437136e-02
-6.257958075405e+00,6.798955731272e+00,8.287342208269e-02
-6.257948783983e+00,3.464195025584e+00,9.153491307810e-02
-6.257693416441e+00,3.003603287891e+00,9.187387284070e-02
-6.257658802811e+00,4.872960753888e+00,8.984803987854e-02
-6.257632500262e+00,4.498265582396e+00,9.042475844579e-02
-6.257303463790e+00,7.683393891093e+00,7.018582972698e-02
-6.257166137292e+00,6.604963302513e+00,8.419433634491e-02
-6.256940980176e+00,2.163987643383e+00,9.232273226360e-02
-6.256530162271e+00,6.231790600264e+00,8.612667736739e-02
-6.256518831327e+00,1.481504413412e+00,9.255958497117e-02
-6.255977540358e+00,5.888768227074e+00,8.743066126561e-02
-6.255775569704e+00,7.979754637908e+00,5.867586012457e-02
-6.255473845504e+00,4.445134598897e+00,9.050159644650e-02
-6.255449126101e+00,4.926827252743e+00,8.976004622439e-02
-6.255437121552e+00,1.271372977487e+00,9.261398411617e-02
-6.255350468603e+00,1.020812702803e+00,9.266613811439e-02
-6.255126117497e+00,2.689097587218e+00,9.206826442104e-02
-6.255080250693e+00,5.507360488343e+00,8.853680707230e-02
-6.254801708134e+00,1.863006517738e+00,9.244227476698e-02
-6.254736716084e+00,5.209619453934e+00,8.922014228268e-02
-6.254605361583e+00,3.557105296996e+00,9.146222302662e-02
-6.254398580246e+00,2.912404169850e+00,9.193704729600e-02
-6.254350352770e+00,4.139300443318e+00,9.088400826472e-02
-6.254101825054e+00,7.055153219139e+00,8.067632773164e-02
-6.253959522309e+00,6.858183628435e+00,8.244512396039e-02
-6.253930831543e+00,1.692700481478e+00,9.250044687528e-02
-6.253724588183e+00,7.752442754306e+00,6.825322286184e-02
-6.253596728048e+00,5.385412847528e+00,8.883650000007e-02
-6.253256538918e+00,6.300662759195e+00,8.583357679997e-02
-6.253241565419e+00,5.629702283785e+00,8.822034353985e-02
-6.253050146320e+00,2.034093271455e+00,9.238074807797e-02
-6.252920833426e+00,3.795078301923e+00,9.124864971317e-02
-6.252791377887e+00,4.392117099692e+00,9.057720470431e-02
-6.252671739065e+00,4.980763529755e+00,8.967060870272e-02
-6.252573717160e+00,8.368913015716e+00,1.008786542025e-02
-6.252544906930e+00,5.820503996472e+00,8.766301350512e-02
-6.252544082682e+00,8.208776845424e+00,3.996652728169e-02
-6.252523903484e+00,3.940675146421e+00,9.110363555623e-02
-6.251133484864e+00,7.253932761729e+00,7.842225950653e-02
-6.251036291721e+00,6.521698614830e+00,8.471966418363e-02
-6.251034093441e+00,7.186103143539e+00,7.927146411516e-02
-6.250945984690e+00,6.668190580869e+00,8.383480667821e-02
-6.250837025082e+00,1.062431105152e+00,9.266372730156e-02
-6.250725684955e+00,7.321935263928e+00,7.749100978268e-02
-6.250531935465e+00,1.523249856935e+00,9.255534138705e-02
-6.250429214503e+00,7.118449741414e+00,8.004875367555e-02
-6.250297524885e+00,2.336405672776e+00,9.225489961144e-02
-6.250262327841e+00,2.467470912341e+00,9.219187959014e-02
-6.250133371701e+00,1.313059173379e+00,9.261058129272e-02
-6.250081461527e+00,3.650235430461e+00,9.138790383633e-02
-6.250073952136e+00,2.821552187823e+00,9.199877225893e-02
-6.250017007663e+00,8.049455794563e+00,5.468737459556e-02
-6.249809010443e+00,7.390107305641e+00,7.646530923357e-02
-6.249667636727e+00,6.918055464526e+00,8.198570294165e-02
-6.249626784537e+00,7.821640378168e+00,6.603022872959e-02
-6.249590158407e+00,4.339217733235e+00,9.065160255777e-02
-6.249321953710e+00,5.034764525720e+00,8.957936797829e-02
-6.248846656789e+00,5.263919649746e+00,8.912108275296e-02
-6.248834570148e+00,6.369599615120e+00,8.552853388349e-02
-6.248797878427e+00,4.086941801649e+00,9.095318731339e-02
-6.248583784575e+00,2.205882915071e+00,9.231567201350e-02
-6.248553289914e+00,3.229016690251e+00,9.173149213841e-02
-6.248427216938e+00,2.599037756197e+00,9.212657476620e-02
-6.248381798765e+00,7.458445529979e+00,7.533012183702e-02
-6.248200128186e+00,3.321157568915e+00,9.166339351177e-02
-6.248025961591e+00,5.752377017862e+00,8.788708616716e-02
-6.247803810805e+00,3.137163358671e+00,9.179804840966e-02
-6.247555772061e+00,6.725912431120e+00,8.347147081986e-02
-6.247525996519e+00,1.904830010316e+00,9.243648130517e-02
-6.247242114088e+00,1.734481442550e+00,9.249534954456e-02
-6.246722899021e+00,3.413567674218e+00,9.159346595330e-02
-6.246442407984e+00,7.526946567935e+00,7.406704500124e-02
-6.246196981650e+00,1.104035243439e+00,9.266115337675e-02
-6.246107020699e+00,1.562500050003e-02,9.276982439022e-02
-6.245973382941e+00,3.045615531524e+00,9.186310822942e-02
-6.245875283672e+00,4.286441105284e+00,9.072480926692e-02
-6.245828044218e+00,4.687500150008e-02,9.276995136006e-02
-6.245734249432e+00,5.561963897026e+00,8.842530647495e-02
-6.245692402575e+00,5.439896974107e+00,8.873090143168e-02
-6.245549067736e+00,7.812500250012e-02,9.276993824251e-02
-6.245395120914e+00,5.088825142116e+00,8.948641331100e-02
-6.245270091255e+00,1.093750035002e-01,9.276972708202e-02
-6.245202451841e+00,3.888795790964e+00,9.116933656405e-02
-6.245172926704e+00,2.075942221927e+00,9.237423399893e-02
-6.245109249214e+00,8.278947559746e+00,3.083460087770e-02
-6.245077602305e+00,6.978564889128e+00,8.149177746790e-02
-6.245008517670e+00,7.890983332804e+00,6.344636283583e-02
-6.244991114774e+00,1.406250045003e-01,9.276936393580e-02
-6.244742088840e+00,2.731064049992e+00,9.205894829274e-02
-6.244712138293e+00,1.718750055004e-01,9.276883771649e-02
-6.244701397829e+00,1.354726153809e+00,9.260701327920e-02
-6.244433161812e+00,2.031250065004e-01,9.276812438074e-02
-6.244415241529e+00,1.564971786703e+00,9.255093054724e-02
-6.244356655059e+00,3.743565815959e+00,9.131193562130e-02
-6.244154185331e+00,2.343750075005e-01,9.276727088815e-02
-6.244100446879e+00,3.506228326490e+00,9.152194893677e-02
-6.243989216920e+00,7.595607038453e+00,7.265331133406e-02
-6.243882900804e+00,6.784291766921e+00,8.308365738337e-02
-6.243875208850e+00,2.656250085005e-01,9.276621891503e-02
-6.243745199318e+00,6.080613799410e+00,8.679897995643e-02
-6.243733123322e+00,8.119291459307e+00,4.979701430443e-02
-6.243596232369e+00,2.968750095005e-01,9.276501479143e-02
-6.243398757153e+00,6.012071846481e+00,8.705383567377e-02
-6.243317255887e+00,3.281250105004e-01,9.276363457620e-02
-6.243255723875e+00,6.438590509369e+00,8.521088759661e-02
-6.243083958180e+00,2.954390799378e+00,9.192669307288e-02
-6.243038279406e+00,3.593750115003e-01,9.276203216908e-02
-6.242971057360e+00,6.149253509605e+00,8.653322101285e-02
-6.242879914516e+00,6.590827361812e+00,8.436681334762e-02
-6.242759302925e+00,3.906250125003e-01,9.276028993183e-02
-6.242755803428e+00,4.034727146956e+00,9.102127140422e-02
-6.242480326444e+00,4.218750135002e-01,9.275836818455e-02
-6.242429889042e+00,5.684397355442e+00,8.810326792727e-02
-6.242359569802e+00,5.318257298328e+00,8.902037801358e-02
-6.242201349963e+00,4.531250145001e-01,9.275627407895e-02
-6.241940603139e+00,5.943638006900e+00,8.729933533108e-02
-6.241922373482e+00,4.843750155000e-01,9.275403253765e-02
-6.241651885488e+00,4.233791778762e+00,9.079684399903e-02
-6.241430427555e+00,1.145624346679e+00,9.265841609106e-02
-6.241363306665e+00,5.156250165000e-01,9.275191351041e-02
-6.241312414986e+00,2.378294545271e+00,9.224710707951e-02
-6.241067540580e+00,6.217980547166e+00,8.625702783367e-02
-6.241020625237e+00,7.664423548546e+00,7.106041283259e-02
-6.240886630925e+00,5.142940241130e+00,8.939191326503e-02
-6.240774246497e+00,2.509380406959e+00,9.218352462578e-02
-6.240524149511e+00,5.468750175001e-01,9.274998229642e-02
-6.240422169454e+00,1.776234478104e+00,9.249008267892e-02
-6.240311892904e+00,3.599120490629e+00,9.144882116009e-02
-6.240224454973e+00,4.700200863463e+00,9.016678531028e-02
-6.240184641201e+00,7.039705520979e+00,8.095946012945e-02
-6.240117583711e+00,1.946621865243e+00,9.243051627251e-02
-6.240091019020e+00,2.247739688421e+00,9.230843474959e-02
-6.240024612773e+00,4.646768196647e+00,9.024813212574e-02
-6.239922473650e+00,6.843322304556e+00,8.266892019388e-02
-6.239877584744e+00,4.753724416280e+00,9.008410349800e-02
-6.239868273561e+00,7.960468176913e+00,6.040632866960e-02
-6.239684992358e+00,5.781250185002e-01,9.274786318459e-02
-6.239379690823e+00,5.875322562031e+00,8.753595442495e-02
-6.239282944399e+00,4.593431261655e+00,9.032816461316e-02
-6.239157742769e+00,2.863506381558e+00,9.198882478902e-02
-6.239141319377e+00,1.396373137983e+00,9.260327976668e-02
-6.238979153278e+00,4.807333968210e+00,9.000006597275e-02
-6.238845835205e+00,6.093750195002e-01,9.274557885121e-02
-6.238425787100e+00,2.640956085925e+00,9.211765029884e-02
-6.238168895192e+00,1.606669412326e+00,9.254635209658e-02
-6.238025940915e+00,6.286784408464e+00,8.596984640070e-02
-6.238006678051e+00,6.406250205003e-01,9.274306532352e-02
-6.238004373242e+00,4.540194862961e+00,9.040654740875e-02
-6.237535053430e+00,7.733392693495e+00,6.925216966088e-02
-6.237524349382e+00,4.861024591793e+00,8.991465198690e-02
-6.237410804362e+00,3.837076498501e+00,9.123399564533e-02
-6.237176094934e+00,5.494401116425e+00,8.862323895081e-02
-6.237167520898e+00,6.718750215003e-01,9.274044931472e-02
-6.237161636176e+00,2.117755734459e+00,9.236754482698e-02
-6.237144440569e+00,8.349241848885e+00,1.829381509077e-02
-6.236925130438e+00,4.181274273655e+00,9.086770262795e-02
-6.236922468630e+00,8.189258155631e+00,4.366064491372e-02
-6.236797328163e+00,6.653924162045e+00,8.401656727628e-02
-6.236537456759e+00,1.187197644263e+00,9.265551518511e-02
-6.236511552136e+00,6.507624711758e+00,8.487992940161e-02
-6.236328363745e+00,7.031250225004e-01,9.273768994796e-02
-6.236229423599e+00,3.982660836227e+00,9.108827833234e-02
-6.236193859397e+00,4.487063763570e+00,9.048363301136e-02
-6.235854436402e+00,3.270993885703e+00,9.171970208923e-02
-6.235791913794e+00,5.197104645778e+00,8.929584484734e-02
-6.235765953241e+00,5.616574996034e+00,8.831192488224e-02
-6.235725054545e+00,5.807135717793e+00,8.776411608078e-02
-6.235669631461e+00,6.902997728997e+00,8.222447762518e-02
-6.235525339072e+00,3.179131677021e+00,9.178667654918e-02
-6.235508399875e+00,4.914791319156e+00,8.982784077770e-02
-6.235489206591e+00,7.343750235005e-01,9.273462497699e-02
-6.235336640704e+00,3.692224779551e+00,9.137406221847e-02
-6.235271014253e+00,5.372627096935e+00,8.891800458387e-02
-6.235074258442e+00,3.363136377323e+00,9.165109727574e-02
-6.234984014302e+00,7.101470948172e+00,8.038407062493e-02
-6.234650049438e+00,7.656250245004e-01,9.273143124922e-02
-6.234299124689e+00,7.235450235571e+00,7.885643273271e-02
-6.234217191045e+00,2.772979123821e+00,9.204944744154e-02
-6.234204559293e+00,8.030091457995e+00,5.677804581062e-02
-6.234109217043e+00,7.167703486424e+00,7.966859901790e-02
-6.234108548832e+00,3.087567840205e+00,9.185215149780e-02
-6.233982245801e+00,7.303370312975e+00,7.796761576753e-02
-6.233856399462e+00,4.434042684572e+00,9.055949097606e-02
-6.233837633385e+00,6.355654516893e+00,8.567108473976e-02
-6.233810892285e+00,7.968750255003e-01,9.272810903399e-02
-6.233530942948e+00,7.802511056931e+00,6.718196305711e-02
-6.233471170203e+00,1.817958789195e+00,9.248464588217e-02
-6.233453260544e+00,1.437999345830e+00,9.259938043622e-02
-6.233443393375e+00,6.711446769889e+00,8.366399190155e-02
-6.233163490645e+00,3.455540701141e+00,9.158073613015e-02
-6.233156894929e+00,7.371460376115e+00,7.699084158413e-02
-6.232971735131e+00,8.281250265002e-01,9.272465863928e-02
-6.232926570049e+00,4.968629142087e+00,8.973961158404e-02
-6.232576664922e+00,1.988381274635e+00,9.242437924595e-02
-6.232190560009e+00,2.420140958778e+00,9.223913506845e-02
-6.232132577978e+00,8.593750275002e-01,9.272088781181e-02
-6.231821407327e+00,7.439717070065e+00,7.591246832277e-02
-6.231793046927e+00,1.648341944385e+00,9.254160567073e-02
-6.231700219666e+00,4.128893066550e+00,9.093712673921e-02
-6.231625909874e+00,2.996320099451e+00,9.191614813297e-02
-6.231518167899e+00,1.228754366344e+00,9.265245038906e-02
-6.231462920552e+00,2.289557138280e+00,9.230101996041e-02
-6.231293420825e+00,8.906250285002e-01,9.271698349314e-02
-6.231148078010e+00,2.551244242632e+00,9.217498823038e-02
-6.231119553457e+00,6.963311694090e+00,8.174715316210e-02
-6.230997026125e+00,4.381136305007e+00,9.063414031283e-02
-6.230985808507e+00,5.739087604461e+00,8.798421828391e-02
-6.230454263671e+00,9.218750295001e-01,9.271295044592e-02
-6.230106439510e+00,5.251313140428e+00,8.919818507862e-02
-6.230101091553e+00,3.548188049185e+00,9.150878274393e-02
-6.229974138866e+00,7.508137027764e+00,7.471588291639e-02
-6.229807726203e+00,6.769627802570e+00,8.328797479602e-02
-6.229774163854e+00,5.022533012504e+00,8.964978873743e-02
-6.229615106518e+00,9.531250305000e-01,9.270878905146e-02
-6.229583617147e+00,8.259352395994e+00,3.573354838774e-02
-6.229224068043e+00,3.930747182091e+00,9.115422577608e-02
-6.229154381209e+00,3.785521459463e+00,9.129763040155e-02
-6.229016493157e+00,2.159532992786e+00,9.236068006440e-02
-6.229006756369e+00,7.871775210877e+00,6.478867747868e-02
-6.228775949365e+00,9.843750315000e-01,9.270431361688e-02
-6.228648275687e+00,8.419656202082e+00,6.608629157140e-06
-6.228593691740e+00,6.576691421111e+00,8.453489895610e-02
-6.228494076430e+00,6.424580223733e+00,8.536010961620e-02
-6.228285000028e+00,2.682825493831e+00,9.210854247547e-02
-6.228099523103e+00,2.905405809102e+00,9.197868807136e-02
-6.228043496623e+00,5.548919848692e+00,8.851340221675e-02
-6.228015903074e+00,8.099849712523e+00,5.237300588535e-02
-6.227823480498e+00,6.066944951912e+00,8.691575364028e-02
-6.227637350264e+00,1.479603998136e+00,9.259531495909e-02
-6.227620807752e+00,4.328349261735e+00,9.070759997087e-02
-6.227613466169e+00,7.576716870094e+00,7.338064546105e-02
-6.227576590267e+00,5.427023704992e+00,8.881393904045e-02
-6.227278058945e+00,6.135513294272e+00,8.665521992883e-02
-6.227249983536e+00,5.998475886769e+00,8.716578825862e-02
-6.226389293740e+00,1.859653578052e+00,9.247903875015e-02
-6.226372664290e+00,1.270293743759e+00,9.264922142271e-02
-6.226267457348e+00,7.024257822819e+00,8.123330290891e-02
-6.226140109811e+00,1.020729315853e+00,9.270089709126e-02
-6.226046524040e+00,5.076497842962e+00,8.955811248314e-02
-6.225982388586e+00,4.076652590318e+00,9.100545666298e-02
-6.225885424991e+00,6.828460980677e+00,8.288620739118e-02
-6.225866298871e+00,3.641059259081e+00,9.143521625454e-02
-6.225604918888e+00,6.204170494068e+00,8.638443229717e-02
-6.225566449561e+00,5.930116444750e+00,8.740675080866e-02
-6.225287852008e+00,1.689988594418e+00,9.253669089641e-02
-6.225171146390e+00,5.671188275835e+00,8.819663578088e-02
-6.224903440289e+00,2.030107431790e+00,9.241806979582e-02
-6.224737786684e+00,7.645453205998e+00,7.188131983495e-02
-6.223960977419e+00,7.941181715917e+00,6.199059031989e-02
-6.223825718175e+00,5.305560471257e+00,8.909891101015e-02
-6.223732848245e+00,4.275686148873e+00,9.077988882401e-02
-6.223551739837e+00,2.814841951352e+00,9.203976136559e-02
-6.223101119007e+00,3.221036523575e+00,9.177511075590e-02
-6.223008562476e+00,3.312904912868e+00,9.170771692377e-02
-6.222932221141e+00,2.461944081069e+00,9.223098305540e-02
-6.222795342913e+00,6.272906057733e+00,8.610297906206e-02
-6.222781841288e+00,5.861876896987e+00,8.763907470722e-02
-6.222699731258e+00,2.331334440864e+00,9.229342712973e-02
-6.222648671637e+00,6.639657743221e+00,8.419358302382e-02
-6.222099281944e+00,3.129459332878e+00,9.184100212286e-02
-6.221986812551e+00,6.493550808686e+00,8.503624289855e-02
-6.221800140642e+00,3.405046280531e+00,9.163860089640e-02
-6.221745098717e+00,3.878990452732e+00,9.121913128521e-02
-6.221739032661e+00,5.130518506670e+00,8.946491921057e-02
-6.221715163979e+00,8.329570682054e+00,2.509935282716e-02
-6.221693722228e+00,1.521186316408e+00,9.259108299686e-02
-6.221671626195e+00,6.887939993468e+00,8.245606932117e-02
-6.221645386918e+00,1.062181067122e+00,9.269849300904e-02
-6.221384103118e+00,2.593061578917e+00,9.216626988117e-02
-6.221345518676e+00,7.714342632685e+00,7.018584760486e-02
-6.221300854579e+00,8.169739465839e+00,4.691253432828e-02
-6.221108599556e+00,7.085829707499e+00,8.067872658536e-02
-6.221101053950e+00,1.311815007833e+00,9.264582799559e-02
-6.220737721038e+00,2.201273181988e+00,9.235363920717e-02
-6.220438634508e+00,3.734134819012e+00,9.136001676022e-02
-6.220024787244e+00,3.038191197366e+00,9.190541192725e-02
-6.219776906387e+00,4.024557234116e+00,9.107270995325e-02
-6.219519879577e+00,4.688571808320e+00,9.022894804828e-02
-6.219454651649e+00,3.497442046549e+00,9.156780492494e-02
-6.219361198842e+00,4.741991704653e+00,9.014734781482e-02
-6.219338286638e+00,4.223151517662e+00,9.085102565665e-02
-6.219331014689e+00,6.696981108658e+00,8.385133198274e-02
-6.219271939174e+00,5.481441744507e+00,8.870802571975e-02
-6.219176722350e+00,1.901318047882e+00,9.247326087104e-02
-6.219133709451e+00,4.635244070415e+00,9.030923666626e-02
-6.218905202161e+00,5.793767439114e+00,8.786316747928e-02
-6.218840696622e+00,6.341709418667e+00,8.581029231795e-02
-6.218653470511e+00,1.731608574906e+00,9.253160739158e-02
-6.218652810650e+00,4.795498883842e+00,9.006441568859e-02
-6.218392110924e+00,8.010727121427e+00,5.867588659271e-02
-6.218290341064e+00,5.603447708283e+00,8.840172180605e-02
-6.218207582437e+00,4.582013325395e+00,9.038812064918e-02
-6.218005156343e+00,2.724645131846e+00,9.209925078133e-02
-6.217464764514e+00,7.216967709413e+00,7.927147171600e-02
-6.217435101360e+00,7.783381735695e+00,6.825324262886e-02
-6.217389895954e+00,4.849088429698e+00,8.998013136494e-02
-6.217238806646e+00,7.284805362023e+00,7.842226824898e-02
-6.217184340645e+00,7.149303829308e+00,8.004876020832e-02
-6.217161504608e+00,6.948058499052e+00,8.199457403361e-02
-6.217098114846e+00,2.071799531300e+00,9.241158748616e-02
-6.217026304822e+00,1.103618806791e+00,9.269592624905e-02
-6.216945300459e+00,5.359841346341e+00,8.899799974084e-02
-6.216899629418e+00,2.947249606321e+00,9.196836153705e-02
-6.216847111505e+00,5.184589837621e+00,8.937018646385e-02
-6.216746429572e+00,4.528884366322e+00,9.046545303085e-02
-6.216568030430e+00,1.562500050003e-02,9.280406956483e-02
-6.216504779414e+00,7.352813446590e+00,7.749101974660e-02
-6.216294080552e+00,4.687500150008e-02,9.280418819149e-02
-6.216020130674e+00,7.812500250012e-02,9.280416645918e-02
-6.215951169108e+00,3.590073274906e+00,9.149541407778e-02
-6.215746180797e+00,1.093750035002e-01,9.280395209374e-02
-6.215732551602e+00,6.754963838219e+00,8.348661887952e-02
-6.215703449571e+00,1.353317390627e+00,9.264226980700e-02
-6.215622514890e+00,1.562745522869e+00,9.258668420157e-02
-6.215567673648e+00,4.902755385570e+00,8.989447452814e-02
-6.215472230919e+00,1.406250045003e-01,9.280358263106e-02
-6.215261015888e+00,7.420988610151e+00,7.646532050594e-02
-6.215198281041e+00,1.718750055004e-01,9.280305706371e-02
-6.214924331163e+00,2.031250065004e-01,9.280233970588e-02
-6.214755218531e+00,4.475861944744e+00,9.054156004523e-02
-6.214650381285e+00,2.343750075005e-01,9.280148191142e-02
-6.214442296668e+00,4.170749876359e+00,9.092085487695e-02
-6.214376431407e+00,2.656250085005e-01,9.280043701975e-02
-6.214307468963e+00,6.562555480410e+00,8.469875755734e-02
-6.214102481529e+00,2.968750095005e-01,9.279923088026e-02
-6.214057985080e+00,8.239757232242e+00,3.996655789794e-02
-6.213945655424e+00,5.725798191061e+00,8.807941272865e-02
-6.213828531652e+00,3.281250105004e-01,9.279784951015e-02
-6.213801698240e+00,2.373070773892e+00,9.228565573697e-02
-6.213797910122e+00,3.827394871580e+00,9.128301226981e-02
-6.213732428985e+00,6.410569938096e+00,8.550576510806e-02
-6.213554581774e+00,3.593750115003e-01,9.279626011914e-02
-6.213537664655e+00,2.503703081451e+00,9.222265051503e-02
-6.213505869749e+00,7.489327487593e+00,7.533013451230e-02
-6.213315725758e+00,8.399909504873e+00,1.008787814332e-02
-6.213280631896e+00,3.906250125003e-01,9.279451833820e-02
-6.213181401033e+00,4.956494754419e+00,8.980742486816e-02
-6.213089075760e+00,3.972611343033e+00,9.113890406211e-02
-6.213006682018e+00,4.218750135002e-01,9.279261426389e-02
-6.213004995068e+00,7.852567088950e+00,6.603025050191e-02
-6.212746056120e+00,2.856651677272e+00,9.202987266943e-02
-6.212732732140e+00,4.531250145001e-01,9.279052286026e-02
-6.212458782262e+00,4.843750155000e-01,9.278829112863e-02
-6.212350273495e+00,7.008810124659e+00,8.149830264609e-02
-6.212325548085e+00,2.242975488825e+00,9.234642174544e-02
-6.212298682826e+00,8.080407965739e+00,5.468740313285e-02
-6.212282951189e+00,1.145041777519e+00,9.269319656080e-02
-6.212238953420e+00,4.422950770247e+00,9.061646036550e-02
-6.211909788721e+00,5.156250165000e-01,9.278617897475e-02
-6.211901761679e+00,6.053276104413e+00,8.702999065823e-02
-6.211890067333e+00,1.773201099213e+00,9.252635476569e-02
-6.211848376333e+00,6.813599656798e+00,8.309726336171e-02
-6.211833643176e+00,1.942951402997e+00,9.246731182565e-02
-6.211585060530e+00,6.121773078939e+00,8.677454045088e-02
-6.211482607659e+00,2.634831577142e+00,9.215736905511e-02
-6.211366222231e+00,5.238706631110e+00,8.927389180697e-02
-6.211269047889e+00,3.682920677024e+00,9.142140795574e-02
-6.211237715418e+00,7.557826701735e+00,7.406705918161e-02
-6.211101209918e+00,5.984879927057e+00,8.727537410845e-02
-6.211085751516e+00,5.468750175001e-01,9.278423267847e-02
-6.210531539979e+00,3.262877011627e+00,9.176335055303e-02
-6.210352743814e+00,5.535875800357e+00,8.859980965177e-02
-6.210261714312e+00,5.781250185002e-01,9.278212194022e-02
-6.210226373998e+00,5.010301499288e+00,8.971896209761e-02
-6.210179968519e+00,1.394800124925e+00,9.263854654616e-02
-6.210142297196e+00,6.190360440970e+00,8.650898896439e-02
-6.210016073997e+00,3.354748877248e+00,9.169553620874e-02
-6.209945955513e+00,3.171289130632e+00,9.182965959201e-02
-6.209460777960e+00,5.414150435876e+00,8.889542843401e-02
-6.209437677107e+00,6.093750195002e-01,9.277982474148e-02
-6.209423871431e+00,1.604280840641e+00,9.258211821587e-02
-6.209202674363e+00,4.370155510323e+00,9.069017262200e-02
-6.209192295983e+00,5.916594882600e+00,8.751193428029e-02
-6.209160898506e+00,2.113456769097e+00,9.240493187513e-02
-6.209050086562e+00,4.118485689782e+00,9.098943057021e-02
-6.208613639902e+00,6.406250205003e-01,9.277731055886e-02
-6.208500015111e+00,6.625391324397e+00,8.436603595910e-02
-6.208454948131e+00,7.626482863451e+00,7.265332712918e-02
-6.208378197306e+00,3.446886376698e+00,9.162590386292e-02
-6.208280947468e+00,3.080003222705e+00,9.189448391438e-02
-6.208053681277e+00,7.921895254921e+00,6.344638671371e-02
-6.207912403737e+00,5.657979196227e+00,8.828817192689e-02
-6.207789602698e+00,6.718750215003e-01,9.277467940106e-02
-6.207673620930e+00,6.872882257939e+00,8.268079498323e-02
-6.207586561854e+00,2.766414153683e+00,9.208977470398e-02
-6.207564744910e+00,6.259027707002e+00,8.623308122310e-02
-6.207462072966e+00,6.479476905614e+00,8.518874802500e-02
-6.207415418319e+00,1.186449222338e+00,9.269030368330e-02
-6.207233184809e+00,7.070188466826e+00,8.096332298593e-02
-6.206965565493e+00,7.031250225004e-01,9.277191917383e-02
-6.206697927166e+00,5.064170543807e+00,8.962855190367e-02
-6.206285887388e+00,8.309899515223e+00,3.083462940437e-02
-6.206183991753e+00,5.848431231944e+00,8.774008847596e-02
-6.206141528289e+00,7.343750235005e-01,9.276888786238e-02
-6.205924232602e+00,3.920819217761e+00,9.120405632749e-02
-6.205679240527e+00,8.150220776047e+00,4.979704460693e-02
-6.205651457096e+00,4.317480790234e+00,9.076271538710e-02
-6.205596821523e+00,3.539270801373e+00,9.155467187906e-02
-6.205558403306e+00,2.989036911010e+00,9.195784462237e-02
-6.205387928992e+00,3.775964617004e+00,9.134576718574e-02
-6.205317491084e+00,7.656250245004e-01,9.276568308595e-02
-6.205291866548e+00,5.292863644186e+00,8.917601284081e-02
-6.205218636003e+00,6.682515447427e+00,8.403369588346e-02
-6.205155983923e+00,7.695292571874e+00,7.106043035863e-02
-6.204997812138e+00,1.814765381820e+00,9.252093261988e-02
-6.204769073610e+00,2.414765316577e+00,9.227770525778e-02
-6.204530732831e+00,1.436262444223e+00,9.263465789231e-02
-6.204493453879e+00,7.968750255003e-01,9.276234876370e-02
-6.204360248202e+00,1.984552848868e+00,9.246119118771e-02
-6.204007161913e+00,2.545417130777e+00,9.221413692016e-02
-6.203843759860e+00,6.327764320440e+00,8.594627212199e-02
-6.203780207544e+00,2.284639101348e+00,9.233902716391e-02
-6.203669416675e+00,8.281250265002e-01,9.275888518068e-02
-6.203203455760e+00,6.932805304015e+00,8.223440337458e-02
-6.203166898745e+00,4.066363378987e+00,9.105693027677e-02
-6.203097939753e+00,1.645791493798e+00,9.257738467321e-02
-6.202845379470e+00,8.593750275002e-01,9.275517659287e-02
-6.202591434396e+00,5.118096772210e+00,8.953663359254e-02
-6.202579662554e+00,7.991362784859e+00,6.040635471502e-02
-6.202423803103e+00,1.227840385024e+00,9.268724734510e-02
-6.202085349776e+00,5.780399160435e+00,8.796022937109e-02
-6.202021342266e+00,8.906250285002e-01,9.275126422192e-02
-6.201805529440e+00,7.132187091564e+00,8.038490077095e-02
-6.201800465960e+00,2.898407448354e+00,9.201976321166e-02
-6.201657377001e+00,6.740299873868e+00,8.367982094810e-02
-6.201651136215e+00,3.631883087700e+00,9.148184254152e-02
-6.201590412818e+00,4.264931192462e+00,9.083410716074e-02
-6.201443882559e+00,2.676553400444e+00,9.214828522959e-02
-6.201367783414e+00,5.468482372588e+00,8.879117433391e-02
-6.201339259771e+00,7.764252414459e+00,6.925218903826e-02
-6.201197305061e+00,9.218750295001e-01,9.274722200325e-02
-6.201092006139e+00,2.155078342188e+00,9.239810251542e-02
-6.200814728887e+00,5.590320420532e+00,8.848978603939e-02
-6.200630404339e+00,7.198485183256e+00,7.966860649097e-02
-6.200495367492e+00,7.266240411070e+00,7.885644132437e-02
-6.200373267856e+00,9.531250305000e-01,9.274305028990e-02
-6.200021246187e+00,6.548419539709e+00,8.485854547447e-02
-6.199852663899e+00,7.334166517065e+00,7.796762555518e-02
-6.199549230652e+00,9.843750315000e-01,9.273865064070e-02
-6.198970781539e+00,6.396559652459e+00,8.564797957194e-02
-6.198844812940e+00,4.730258993025e+00,9.020954096766e-02
-6.198815304182e+00,4.676942753178e+00,9.029008483688e-02
-6.198755869200e+00,1.477703582860e+00,9.263060351480e-02
-6.198700624449e+00,7.402260150237e+00,7.699085265209e-02
-6.198619586665e+00,5.347055595747e+00,8.907652722024e-02
-6.198532353013e+00,8.220162068491e+00,4.366067622969e-02
-6.198433089642e+00,6.993362426499e+00,8.175487781398e-02
-6.198326468022e+00,4.783663799474e+00,9.012768837929e-02
-6.198287745593e+00,3.869185114500e+00,9.126818396152e-02
-6.198242806130e+00,4.623719944184e+00,9.036933984071e-02
-6.197983175830e+00,8.380162807665e+00,1.829383601096e-02
-6.197976879347e+00,1.856300638366e+00,9.251534054726e-02
-6.197902309215e+00,5.172075029464e+00,8.944320386585e-02
-6.197816996765e+00,3.304652256823e+00,9.175139547869e-02
-6.197811327674e+00,6.798738332920e+00,8.330235037834e-02
-6.197648948101e+00,3.213056356899e+00,9.181812340439e-02
-6.197308207027e+00,1.269214510031e+00,9.268402726434e-02
-6.197255442525e+00,4.837152267604e+00,9.004450719443e-02
-6.197132220475e+00,4.570595389135e+00,9.044705694170e-02
-6.197037600631e+00,7.470517947422e+00,7.591248076275e-02
-6.197029527536e+00,2.808131714879e+00,9.208011373415e-02
-6.197024687788e+00,4.212511256562e+00,9.090436635651e-02
-6.197003233767e+00,7.833358967023e+00,6.718198440587e-02
-6.196929751018e+00,1.020645928904e+00,9.273523429276e-02
-6.196905502340e+00,5.712508777660e+00,8.817272686812e-02
-6.196877382264e+00,3.396524886844e+00,9.168309553283e-02
-6.196798009346e+00,4.014387321276e+00,9.112337121536e-02
-6.196756734258e+00,2.026121592125e+00,9.245489852419e-02
-6.196644872473e+00,1.687276707358e+00,9.257248319802e-02
-6.196581462578e+00,8.060966218955e+00,5.677807400516e-02
-6.196520613958e+00,3.724703822064e+00,9.140739593902e-02
-6.196394753082e+00,3.121755307085e+00,9.188336356184e-02
-6.195980042859e+00,6.039607256914e+00,8.714179588664e-02
-6.195892062116e+00,6.108032863606e+00,8.689126941426e-02
-6.195626947421e+00,4.890719451984e+00,8.995997752844e-02
-6.195602114441e+00,2.456417249798e+00,9.226957516454e-02
-6.195488485903e+00,4.517573869683e+00,9.052341224430e-02
-6.195101937632e+00,2.326263208952e+00,9.233145494234e-02
-6.194952436301e+00,5.971283967344e+00,8.738266714423e-02
-6.194861964666e+00,7.538936533376e+00,7.471589682780e-02
-6.194808856420e+00,3.488655766608e+00,9.161300568306e-02
-6.194679675505e+00,6.176550387872e+00,8.663079176121e-02
-6.194351358584e+00,6.611124905573e+00,8.453409896729e-02
-6.194340989299e+00,2.587085401636e+00,9.220544174239e-02
-6.194076191547e+00,3.030766863209e+00,9.194713676981e-02
-6.193675615664e+00,6.857824522409e+00,8.289895324289e-02
-6.193436232018e+00,4.944360366750e+00,8.987407950600e-02
-6.193357770063e+00,7.054547226153e+00,8.123853348257e-02
-6.193316577665e+00,4.464660125917e+00,9.059856294949e-02
-6.192937333381e+00,6.465403002542e+00,8.533758131964e-02
-6.192891657501e+00,2.196663448905e+00,9.239109895464e-02
-6.192855508992e+00,1.519122775881e+00,9.262638307327e-02
-6.192818142405e+00,5.903073320450e+00,8.761495434482e-02
-6.192661991006e+00,5.522831752022e+00,8.868457700545e-02
-6.192626004952e+00,5.226100121793e+00,8.934824080955e-02
-6.192453748755e+00,1.061931029093e+00,9.273283688155e-02
-6.192334146907e+00,6.245149356271e+00,8.636025459816e-02
-6.192172109578e+00,7.607512520904e+00,7.338066095097e-02
-6.192146385136e+00,7.902608793926e+00,6.478870090951e-02
-6.192068736198e+00,1.310570842286e+00,9.268064314890e-02
-6.191959462897e+00,4.160225479064e+00,9.097319310389e-02
-6.191590445312e+00,3.581026059183e+00,9.154133655653e-02
-6.191344965652e+00,5.401277166760e+00,8.897541267101e-02
-6.191268223847e+00,2.718226213700e+00,9.213901788326e-02
-6.191106257317e+00,6.668049786196e+00,8.421127781182e-02
-6.190856610798e+00,8.290228348393e+00,3.573357903544e-02
-6.190827448182e+00,1.897806085448e+00,9.250957813314e-02
-6.190715300656e+00,2.940108413263e+00,9.200946428631e-02
-6.190678584142e+00,4.998069986072e+00,8.978679327815e-02
-6.190653661085e+00,5.644770116619e+00,8.837792978058e-02
-6.190621507377e+00,4.411858855922e+00,9.067252736053e-02
-6.190185015881e+00,3.817713244659e+00,9.133130403954e-02
-6.190064826934e+00,1.728735707262e+00,9.256741340589e-02
-6.190057626476e+00,8.130702086254e+00,5.237303604948e-02
-6.189948727920e+00,3.962561849840e+00,9.118877050514e-02
-6.189586142218e+00,5.834985566900e+00,8.783905945755e-02
-6.189245406911e+00,6.917552108977e+00,8.246698274768e-02
-6.189148486231e+00,8.450543592035e+00,6.608629161273e-06
-6.189023302988e+00,2.067656840673e+00,9.244843339568e-02
-6.188966449169e+00,7.676242511064e+00,7.188133701760e-02
-6.188846823097e+00,6.313819222213e+00,8.607913443299e-02
-6.187972783426e+00,7.116353273189e+00,8.068112086413e-02
-6.187855627994e+00,1.103202370143e+00,9.273027722196e-02
-6.187582202400e+00,6.725635909517e+00,8.386779995644e-02
-6.187408322602e+00,4.359174715638e+00,9.074532374028e-02
-6.187349330292e+00,5.051843244652e+00,8.969776495130e-02
-6.187201455074e+00,3.673616574496e+00,9.146806776532e-02
-6.187029040162e+00,1.562500050003e-02,9.283789696813e-02
-6.186829788251e+00,1.560519259036e+00,9.262199621776e-02
-6.186767214185e+00,7.971998448291e+00,6.199061591741e-02
-6.186760116887e+00,4.687500150008e-02,9.283800746463e-02
-6.186758014921e+00,5.280166817116e+00,8.925172255223e-02
-6.186705501313e+00,1.351908627444e+00,9.267709469638e-02
-6.186491193613e+00,7.812500250012e-02,9.283797736911e-02
-6.186399953458e+00,4.108078313013e+00,9.104093920829e-02
-6.186334369470e+00,2.849796972987e+00,9.207026736665e-02
-6.186301082814e+00,2.498025755942e+00,9.226126492696e-02
-6.186290981495e+00,2.367847002512e+00,9.232370455600e-02
-6.186222270338e+00,1.093750035002e-01,9.283775988241e-02
-6.185953347063e+00,1.406250045003e-01,9.283738433681e-02
-6.185735023410e+00,6.534283599008e+00,8.501441145545e-02
-6.185684423789e+00,1.718750055004e-01,9.283685942033e-02
-6.185415500514e+00,2.031250065004e-01,9.283613825617e-02
-6.185265497392e+00,5.767030881756e+00,8.805536101604e-02
-6.185243418181e+00,7.745123093223e+00,7.018586660004e-02
-6.185208643555e+00,3.254760137550e+00,9.180639307225e-02
-6.185146577240e+00,2.343750075005e-01,9.283527641443e-02
-6.184957889552e+00,3.346361377174e+00,9.173924508744e-02
-6.184877653965e+00,2.656250085005e-01,9.283423846211e-02
-6.184608730690e+00,2.968750095005e-01,9.283303054410e-02
-6.184560077149e+00,2.238211289230e+00,9.238392028908e-02
-6.184539428220e+00,2.628707068360e+00,9.219656445285e-02
-6.184515905789e+00,6.977914728339e+00,8.200342095886e-02
-6.184366571953e+00,3.163446584243e+00,9.187205034719e-02
-6.184339807416e+00,3.281250105004e-01,9.283164751978e-02
-6.184209134094e+00,6.382549366823e+00,8.578687272538e-02
-6.184070884141e+00,3.593750115003e-01,9.283007162509e-02
-6.183801960867e+00,3.906250125003e-01,9.282833055146e-02
-6.183796044165e+00,7.180002657098e+00,8.004876755767e-02
-6.183774279015e+00,6.783877009041e+00,8.350171624889e-02
-6.183751928337e+00,7.247675460117e+00,7.927148016137e-02
-6.183682106441e+00,4.306612318734e+00,9.081697029630e-02
-6.183592903967e+00,3.438232052255e+00,9.167043134027e-02
-6.183549702641e+00,1.939280940752e+00,9.250364495539e-02
-6.183533037592e+00,4.218750135002e-01,9.282644377719e-02
-6.183463627654e+00,5.455523000670e+00,8.887264700651e-02
-6.183443836132e+00,5.105675037749e+00,8.960709081268e-02
-6.183357965213e+00,1.770167720321e+00,9.256217490383e-02
-6.183339116709e+00,5.577193132781e+00,8.857616736523e-02
-6.183264114317e+00,4.531250145001e-01,9.282435531168e-02
-6.183200548385e+00,7.315519587540e+00,7.842227786565e-02
-6.183135474823e+00,1.144459208359e+00,9.272755506200e-02
-6.183006720946e+00,8.200566904739e+00,4.691256596132e-02
-6.182995191043e+00,4.843750155000e-01,9.282212621670e-02
-6.182650625901e+00,8.360416110457e+00,2.509937908024e-02
-6.182624397161e+00,3.910891253431e+00,9.125314515353e-02
-6.182456270777e+00,5.156250165000e-01,9.282002810175e-02
-6.182453346105e+00,3.072438605204e+00,9.193623742921e-02
-6.182140233010e+00,7.383531690322e+00,7.749103061631e-02
-6.181647353521e+00,5.468750175001e-01,9.281806744344e-02
-6.181621476776e+00,3.766407774544e+00,9.139317991152e-02
-6.181218617661e+00,1.393227111866e+00,9.267338159429e-02
-6.181160160836e+00,2.109157803735e+00,9.244179535676e-02
-6.181092551492e+00,3.530353553561e+00,9.159990588494e-02
-6.181001472465e+00,7.814150845097e+00,6.825326355858e-02
-6.180955932663e+00,2.759849183545e+00,9.212956649681e-02
-6.180864242330e+00,8.041524472172e+00,5.867591438418e-02
-6.180838436266e+00,5.781250185002e-01,9.281596493759e-02
-6.180678847670e+00,1.601892268957e+00,9.261744258889e-02
-6.180569331513e+00,7.451708407251e+00,7.646533271764e-02
-6.180351408905e+00,4.056074167656e+00,9.110762707322e-02
-6.180293872871e+00,5.334269845153e+00,8.915362728227e-02
-6.180202702058e+00,6.596858486749e+00,8.469793634887e-02
-6.180199063701e+00,6.094292648273e+00,8.700548997600e-02
-6.180058324040e+00,6.025938409416e+00,8.725124576700e-02
-6.180029519010e+00,6.093750195002e-01,9.281365557956e-02
-6.179865349256e+00,5.699219364260e+00,8.826421586278e-02
-6.179677610398e+00,6.842766786880e+00,8.311082571500e-02
-6.179490896738e+00,2.981753722570e+00,9.199897532179e-02
-6.179482355318e+00,7.038905985480e+00,8.150481154066e-02
-6.179447977391e+00,4.254176236051e+00,9.088748516642e-02
-6.179220601754e+00,6.406250205003e-01,9.281114102632e-02
-6.179217053813e+00,6.162740334774e+00,8.674993056372e-02
-6.178957506925e+00,5.159560221308e+00,8.951493251130e-02
-6.178803662684e+00,5.957688007632e+00,8.748773827937e-02
-6.178486213915e+00,7.520046365018e+00,7.533014816258e-02
-6.178412593796e+00,6.451329099470e+00,8.548287290930e-02
-6.178411684498e+00,6.718750215003e-01,9.280849557935e-02
-6.178328427038e+00,4.718526281398e+00,9.027070957962e-02
-6.178293379879e+00,1.185700800413e+00,9.272467013914e-02
-6.178110728786e+00,4.665313698035e+00,9.035022153578e-02
-6.178000125394e+00,4.771828715106e+00,9.018991145507e-02
-6.177602767242e+00,7.031250225004e-01,9.280572010085e-02
-6.177435973559e+00,3.622706916320e+00,9.152779854590e-02
-6.177351902808e+00,4.612195817952e+00,9.042844526151e-02
-6.177347587211e+00,2.409389674376e+00,9.231577547619e-02
-6.177120989097e+00,4.825216105509e+00,9.010780769723e-02
-6.177103548904e+00,6.231271005539e+00,8.648459643624e-02
-6.176993878632e+00,6.653584124965e+00,8.438426204273e-02
-6.176866245815e+00,2.539590018922e+00,9.225277401272e-02
-6.176793849986e+00,7.343750235005e-01,9.280273626364e-02
-6.176524454072e+00,1.811571974446e+00,9.255676729048e-02
-6.176443988827e+00,5.889551758300e+00,8.771587685665e-02
-6.176239088994e+00,7.883322332930e+00,6.603027348373e-02
-6.176143831483e+00,1.980724423101e+00,9.249754058468e-02
-6.176097494537e+00,2.279721064415e+00,9.237654577456e-02
-6.176056858513e+00,4.559177452875e+00,9.050504798205e-02
-6.175984932730e+00,7.656250245004e-01,9.279952125840e-02
-6.175889271025e+00,7.588542178357e+00,7.406707437485e-02
-6.175686221194e+00,4.878683518398e+00,9.002437883725e-02
-6.175608205118e+00,1.434525542616e+00,9.266950352011e-02
-6.175501408817e+00,2.891409087606e+00,9.206023510136e-02
-6.175427334207e+00,8.270557181562e+00,3.996658984530e-02
-6.175287358063e+00,6.902298913940e+00,8.269263358695e-02
-6.175176015474e+00,7.968750255003e-01,9.279617571517e-02
-6.174971238197e+00,5.509787703687e+00,8.876775071802e-02
-6.174830392469e+00,3.859379776268e+00,9.131651204476e-02
-6.174711088938e+00,4.201870995462e+00,9.095674429627e-02
-6.174602765090e+00,2.670281307057e+00,9.218750452286e-02
-6.174436012424e+00,8.111183396462e+00,5.468743302902e-02
-6.174402832578e+00,1.643241043212e+00,9.261272181800e-02
-6.174367098218e+00,8.281250265002e-01,9.279269989687e-02
-6.174230542233e+00,4.506263373044e+00,9.058044837032e-02
-6.174140037412e+00,7.100519454814e+00,8.096717737483e-02
-6.173913031831e+00,8.430721838964e+00,1.008789137529e-02
-6.173885787673e+00,5.213493612475e+00,8.942126863477e-02
-6.173849886334e+00,6.299874123987e+00,8.620898460142e-02
-6.173819112304e+00,4.004217408436e+00,9.117327359198e-02
-6.173691063002e+00,4.932225979082e+00,8.993960541903e-02
-6.173558180962e+00,8.593750275002e-01,9.278905168302e-02
-6.173507027799e+00,6.710971945166e+00,8.405076331448e-02
-6.173394918432e+00,5.631561037012e+00,8.846596073552e-02
-6.173329438308e+00,1.226926403705e+00,9.272162218041e-02
-6.173229153345e+00,5.388403897644e+00,8.905393326493e-02
-6.173167519120e+00,2.150623691590e+00,9.243498395638e-02
-6.172988292683e+00,5.821539901857e+00,8.793604887065e-02
-6.172776914416e+00,7.657192450253e+00,7.265334397727e-02
-6.172749263706e+00,8.906250285002e-01,9.278513211001e-02
-6.172625431055e+00,3.296399600776e+00,9.179446812235e-02
-6.172602593408e+00,3.715272825117e+00,9.145408940845e-02
-6.172196777195e+00,3.205076190223e+00,9.186054375938e-02
-6.171954623886e+00,3.388003493157e+00,9.172689895189e-02
-6.171940346451e+00,9.218750295001e-01,9.278108163907e-02
-6.171877936799e+00,4.453458307091e+00,9.065466439420e-02
-6.171448800633e+00,6.520147658307e+00,8.516649712667e-02
-6.171131429195e+00,9.531250305000e-01,9.277690059597e-02
-6.171130794286e+00,4.985838472856e+00,8.985346801614e-02
-6.170954765815e+00,7.952634111723e+00,6.344641184824e-02
-6.170690224221e+00,3.114051281292e+00,9.192514605891e-02
-6.170598721936e+00,6.962467030179e+00,8.224430067744e-02
-6.170507315236e+00,2.801421478407e+00,9.211993055384e-02
-6.170322511939e+00,9.843750315000e-01,9.277257449496e-02
-6.170163061190e+00,3.479869486667e+00,9.165756624749e-02
-6.169874388136e+00,1.475803167584e+00,9.266546014141e-02
-6.169737230356e+00,6.769015685162e+00,8.369559530007e-02
-6.169564464953e+00,1.852947698680e+00,9.255119015634e-02
-6.169476629127e+00,4.149701081768e+00,9.102473670380e-02
-6.169447486649e+00,6.368539081186e+00,8.592255883307e-02
-6.169147576593e+00,7.725993771987e+00,7.106044897998e-02
-6.169004061335e+00,4.400766941597e+00,9.072771399889e-02
-6.168610028228e+00,2.022135752460e+00,9.249126458484e-02
-6.168484272996e+00,7.162748680477e+00,8.038572994283e-02
-6.168445645007e+00,5.753662603077e+00,8.814861937980e-02
-6.168272007741e+00,2.450890418526e+00,9.230766717077e-02
-6.168243749765e+00,1.268135276304e+00,9.271841090240e-02
-6.168224163294e+00,5.267469990045e+00,8.932607781864e-02
-6.168127595850e+00,3.023342529052e+00,9.198829575247e-02
-6.168001892938e+00,1.684564820298e+00,9.260783352736e-02
-6.168000733418e+00,5.039515945498e+00,8.976578386873e-02
-6.167719392225e+00,1.020562541955e+00,9.276915874386e-02
-6.167504144005e+00,2.321191977040e+00,9.236899402102e-02
-6.167481088879e+00,8.180971740987e+00,4.979707628677e-02
-6.167318075973e+00,8.340669413248e+00,3.083465911962e-02
-6.167297875479e+00,2.581109224355e+00,9.224410188808e-02
-6.167229721517e+00,3.571978843460e+00,9.158660401882e-02
-6.167008489183e+00,7.229110509164e+00,7.966861479438e-02
-6.166808380081e+00,3.952512356647e+00,9.123789556043e-02
-6.166572121640e+00,3.808031617738e+00,9.137875961448e-02
-6.166548432870e+00,7.296872658014e+00,7.885645077518e-02
-6.166054045532e+00,6.582592067925e+00,8.485770434617e-02
-6.165863504532e+00,5.564065845030e+00,8.866091371180e-02
-6.165679605133e+00,6.827709051351e+00,8.331667819302e-02
-6.165613970840e+00,4.348193920954e+00,9.079961509150e-02
-6.165606940572e+00,7.023264744806e+00,8.176258195080e-02
-6.165579841572e+00,7.364803230408e+00,7.796763623259e-02
-6.165559471894e+00,5.442563628752e+00,8.895261885917e-02
-6.165147022082e+00,8.022082725388e+00,6.040638206263e-02
-6.165045593964e+00,2.192053715821e+00,9.242799873831e-02
-6.164999711164e+00,7.794942723170e+00,6.925220955541e-02
-6.164531291351e+00,2.711807295555e+00,9.217826142474e-02
-6.164530971893e+00,2.932967220206e+00,9.205001398546e-02
-6.164506065286e+00,6.080552432940e+00,8.711728180774e-02
-6.164296237867e+00,5.093253303289e+00,8.967632409500e-02
-6.164136605220e+00,6.012269561917e+00,8.735841360926e-02
-6.164101062396e+00,7.432898867080e+00,7.699086464236e-02
-6.164017295755e+00,1.517059235354e+00,9.266125111600e-02
-6.163887854211e+00,6.437255196398e+00,8.562474688120e-02
-6.163754432122e+00,6.148930281676e+00,8.686649141425e-02
-6.163749820355e+00,4.097670936245e+00,9.109167152013e-02
-6.163262110591e+00,1.061680991064e+00,9.276676794214e-02
-6.163133862260e+00,3.664312471969e+00,9.151405746225e-02
-6.163036418447e+00,1.309326676740e+00,9.271503601139e-02
-6.162881499946e+00,6.639118463734e+00,8.455282354527e-02
-6.162825196173e+00,5.685929950859e+00,8.835393277169e-02
-6.162654889067e+00,5.944092047919e+00,8.759065557091e-02
-6.162478174014e+00,1.894294123015e+00,9.254544308404e-02
-6.162110463164e+00,7.501156196659e+00,7.591249415964e-02
-6.161968159077e+00,5.321484094560e+00,8.922933876354e-02
-6.161872950901e+00,6.217392654808e+00,8.660619976357e-02
-6.161712755785e+00,4.295743847234e+00,9.087038552620e-02
-6.161476183357e+00,1.725862839618e+00,9.260277733034e-02
-6.161329309215e+00,6.887045718902e+00,8.291165865921e-02
-6.160948491130e+00,2.063514150047e+00,9.248481651317e-02
-6.160331792852e+00,7.864035871934e+00,6.718200694059e-02
-6.160307291399e+00,7.084685636439e+00,8.124375151257e-02
-6.160069835249e+00,5.876030196150e+00,8.781476506135e-02
-6.160012704636e+00,5.147045413151e+00,8.958540663704e-02
-6.159998057617e+00,8.250886014731e+00,4.366070890720e-02
-6.159922682820e+00,2.842942268701e+00,9.211010954177e-02
-6.159899705108e+00,3.337973877099e+00,9.178234809750e-02
-6.159885747132e+00,3.246643263474e+00,9.184884330006e-02
-6.159606432472e+00,7.569571835810e+00,7.471591173287e-02
-6.159431853198e+00,6.696307980815e+00,8.422890763879e-02
-6.159324561721e+00,3.900963289101e+00,9.130150966502e-02
-6.159064500972e+00,2.492348430434e+00,9.229937910476e-02
-6.158852949572e+00,6.285929025760e+00,8.633592331969e-02
-6.158814398373e+00,8.091664706670e+00,5.677810354225e-02
-6.158807610629e+00,3.429577727812e+00,9.171433319363e-02
-6.158787188393e+00,3.155604037854e+00,9.191386212699e-02
-6.158780264749e+00,2.362623231133e+00,9.236126449980e-02
-6.158684951166e+00,1.102785933495e+00,9.276421531656e-02
-6.158677577431e+00,8.410900085893e+00,1.829385776792e-02
-6.158037061612e+00,1.558292995202e+00,9.265687609203e-02
-6.157855024559e+00,3.756850932085e+00,9.143990716153e-02
-6.157812041136e+00,4.706793569770e+00,9.033087941427e-02
-6.157707553056e+00,1.350499864261e+00,9.271149720342e-02
-6.157673782766e+00,4.759993630738e+00,9.025111143642e-02
-6.157596248780e+00,2.622582559577e+00,9.223524801857e-02
-6.157535919064e+00,4.045784956324e+00,9.115756540551e-02
-6.157490049893e+00,1.562500050003e-02,9.287131576229e-02
-6.157406153391e+00,4.653684642893e+00,9.040938317429e-02
-6.157305541965e+00,4.243421279640e+00,9.094004309001e-02
-6.157280485388e+00,5.496743655353e+00,8.884937552621e-02
-6.157226153222e+00,4.687500150008e-02,9.287141833450e-02
-6.157162577857e+00,6.506011717606e+00,8.531493741437e-02
-6.156986535668e+00,4.813279943415e+00,9.017006017402e-02
-6.156962256551e+00,7.812500250012e-02,9.287138011803e-02
-6.156794606214e+00,2.233447089634e+00,9.242083924151e-02
-6.156698359879e+00,1.093750035002e-01,9.287115959072e-02
-6.156681538083e+00,6.947019332019e+00,8.247786341594e-02
-6.156625744741e+00,3.064873987704e+00,9.197742501971e-02
-6.156588281462e+00,3.521436305750e+00,9.164449976976e-02
-6.156587379663e+00,7.638142389443e+00,7.338067747352e-02
-6.156460999487e+00,4.600671691720e+00,9.048646774768e-02
-6.156434463208e+00,1.406250045003e-01,9.287077818593e-02
-6.156390443148e+00,5.808094236813e+00,8.803111554827e-02
-6.156170566537e+00,1.718750055004e-01,9.287025391858e-02
-6.156136175780e+00,5.618351957404e+00,8.855231425818e-02
-6.155906669865e+00,2.031250065004e-01,9.286952915351e-02
-6.155745494967e+00,4.866647584812e+00,9.008770655955e-02
-6.155700181697e+00,6.754154361283e+00,8.388420928224e-02
-6.155642773194e+00,2.343750075005e-01,9.286866350658e-02
-6.155378876522e+00,2.656250085005e-01,9.286763235478e-02
-6.155265762107e+00,1.935610478506e+00,9.253952564867e-02
-6.155145570394e+00,5.200887103158e+00,8.949301056490e-02
-6.155142317445e+00,7.933269775155e+00,6.478872557346e-02
-6.155114979851e+00,2.968750095005e-01,9.286642288255e-02
-6.155113341037e+00,5.375530628528e+00,8.913103025246e-02
-6.154981496551e+00,4.547759516615e+00,9.056211700935e-02
-6.154851083180e+00,3.281250105004e-01,9.286503845807e-02
-6.154825863092e+00,1.767134341430e+00,9.259755283166e-02
-6.154695090835e+00,7.146723253395e+00,8.068351039606e-02
-6.154685839203e+00,6.354528795549e+00,8.605514701404e-02
-6.154587186508e+00,3.593750115003e-01,9.286347577886e-02
-6.154325303472e+00,2.753284213407e+00,9.216883463261e-02
-6.154323289837e+00,3.906250125003e-01,9.286173564794e-02
-6.154059393166e+00,4.218750135002e-01,9.285985486614e-02
-6.153987998457e+00,1.143876639199e+00,9.276150061368e-02
-6.153945893986e+00,4.920091591413e+00,9.000403154131e-02
-6.153795496494e+00,4.531250145001e-01,9.285778050294e-02
-6.153531599823e+00,4.843750155000e-01,9.285555430385e-02
-6.153423390171e+00,2.974470534129e+00,9.203955288003e-02
-6.153220810903e+00,3.613530744940e+00,9.157309965907e-02
-6.153159423166e+00,2.104858838373e+00,9.247819592085e-02
-6.153051735004e+00,7.706864450750e+00,7.188135527411e-02
-6.153002752834e+00,5.156250165000e-01,9.285346994914e-02
-6.152972598563e+00,4.494952876405e+00,9.063658400214e-02
-6.152397490088e+00,4.191230734362e+00,9.100832277298e-02
-6.152257266802e+00,1.391654098808e+00,9.270779416437e-02
-6.152208955527e+00,5.468750175001e-01,9.285149561583e-02
-6.151985526044e+00,8.320922716040e+00,3.573361096009e-02
-6.151955456812e+00,8.161376577235e+00,5.237306758468e-02
-6.151933823909e+00,1.599503697272e+00,9.265233470821e-02
-6.151905389005e+00,6.568325649101e+00,8.501355163171e-02
-6.151731525825e+00,7.007623504133e+00,8.201224305971e-02
-6.151681599867e+00,6.812651315822e+00,8.351676174501e-02
-6.151625792623e+00,5.740294324398e+00,8.824005924370e-02
-6.151583004430e+00,4.973606959640e+00,8.991901610026e-02
-6.151415158219e+00,5.781250185002e-01,9.284938039680e-02
-6.151373039345e+00,3.849574438036e+00,9.136413247143e-02
-6.150840215263e+00,3.994047495596e+00,9.122243493720e-02
-6.150621360912e+00,6.093750195002e-01,9.284708035788e-02
-6.150439295934e+00,4.442256488265e+00,9.070988634529e-02
-6.150265050028e+00,7.210545558210e+00,8.004877572360e-02
-6.149926100811e+00,2.404014032175e+00,9.235335667807e-02
-6.149896317355e+00,7.278225728489e+00,7.927148945125e-02
-6.149827563605e+00,6.406250205003e-01,9.284456570108e-02
-6.149725329718e+00,2.533762907067e+00,9.229091074093e-02
-6.149690311668e+00,5.254773162975e+00,8.939911500134e-02
-6.149504491526e+00,8.481245675118e+00,6.608629139439e-06
-6.149429801834e+00,8.002640978604e+00,6.199064279472e-02
-6.149363114626e+00,6.423181293326e+00,8.576332162954e-02
-6.149202351673e+00,2.884410726858e+00,9.210010295279e-02
-6.149171341440e+00,1.184952378487e+00,9.275862356955e-02
-6.149033766298e+00,6.718750215003e-01,9.284190678332e-02
-6.149019450133e+00,7.346074770494e+00,7.842228835654e-02
-6.148997949863e+00,7.775734601243e+00,7.018588671252e-02
-6.148813066872e+00,6.066812217607e+00,8.722672127654e-02
-6.148769121260e+00,6.624652802504e+00,8.471712856313e-02
-6.148684572857e+00,3.705841828169e+00,9.150011294927e-02
-6.148652136543e+00,5.027188646343e+00,8.983263981033e-02
-6.148414781529e+00,2.274803027483e+00,9.241350500067e-02
-6.148387892355e+00,5.550938557279e+00,8.874407123804e-02
-6.148291810430e+00,6.135120228579e+00,8.698055672381e-02
-6.148239968991e+00,7.031250225004e-01,9.283911693343e-02
-6.148214886401e+00,5.998600714418e+00,8.746336975041e-02
-6.148051096007e+00,1.808378567071e+00,9.259215962758e-02
-6.147927414764e+00,1.976895997334e+00,9.253343741801e-02
-6.147761647621e+00,2.664009213669e+00,9.222621186970e-02
-6.147655316135e+00,5.429604256833e+00,8.903113116764e-02
-6.147632793278e+00,7.414089326909e+00,7.749104239181e-02
-6.147446171683e+00,7.343750235005e-01,9.283617912457e-02
-6.147433865344e+00,3.288146944730e+00,9.183694848503e-02
-6.147386615293e+00,4.389675027272e+00,9.078204163732e-02
-6.147371260367e+00,6.871792523865e+00,8.312434340001e-02
-6.147031865508e+00,3.379482099470e+00,9.177003255815e-02
-6.146993795357e+00,4.139176684473e+00,9.107550449059e-02
-6.146744606289e+00,3.197096023547e+00,9.190238511257e-02
-6.146685677406e+00,1.432788641010e+00,9.270392657005e-02
-6.146652374376e+00,7.656250245004e-01,9.283295466849e-02
-6.146642352898e+00,6.203514304077e+00,8.672515361048e-02
-6.146506115450e+00,5.930496088207e+00,8.769148436170e-02
-6.146474545385e+00,7.068851818065e+00,8.151130367474e-02
-6.145858577069e+00,7.968750255003e-01,9.282959874532e-02
-6.145785043089e+00,5.672640537458e+00,8.844192865150e-02
-6.145734712413e+00,7.482266028300e+00,7.646534586870e-02
-6.145707725403e+00,1.640690592626e+00,9.264762659391e-02
-6.145517265961e+00,3.471083206726e+00,9.170150122367e-02
-6.145356678597e+00,6.681644016464e+00,8.440241944596e-02
-6.145243032101e+00,2.146169040993e+00,9.247140235330e-02
-6.145148639603e+00,5.080831568828e+00,8.974436553543e-02
-6.145064779762e+00,8.281250265002e-01,9.282611159656e-02
-6.144985695359e+00,3.106347255499e+00,9.196636257307e-02
-6.144568781026e+00,8.231214847900e+00,4.691259896965e-02
-6.144424496710e+00,7.844749410939e+00,6.825328565098e-02
-6.144270982455e+00,8.593750275002e-01,9.282249349816e-02
-6.144235073512e+00,1.226012422386e+00,9.275558390972e-02
-6.143985102936e+00,2.794711241935e+00,9.215922362325e-02
-6.143856012809e+00,6.271983927533e+00,8.646004687701e-02
-6.143819619078e+00,4.337213126269e+00,9.085306744071e-02
-6.143695681671e+00,5.862508634000e+00,8.791167972345e-02
-6.143668032241e+00,3.942462863454e+00,9.128629659707e-02
-6.143642445283e+00,5.308698343966e+00,8.930369913910e-02
-6.143477185147e+00,8.906250285002e-01,9.281859598745e-02
-6.143442123031e+00,8.391078332822e+00,2.509940638340e-02
-6.143323593919e+00,7.550601493263e+00,7.533016278789e-02
-6.143192784321e+00,8.072146016877e+00,5.867594349901e-02
-6.142959227399e+00,3.798349990816e+00,9.142552074877e-02
-6.142876355081e+00,6.491875776905e+00,8.545986093641e-02
-6.142868997721e+00,3.562931627737e+00,9.163123144406e-02
-6.142764354230e+00,6.931571633859e+00,8.270443510939e-02
-6.142683387840e+00,9.218750295001e-01,9.281453813449e-02
-6.142179000154e+00,3.015918194895e+00,9.202890150757e-02
-6.141889590533e+00,9.531250305000e-01,9.281034869857e-02
-6.141663133038e+00,6.739293037404e+00,8.406776820229e-02
-6.141152050560e+00,1.849594758994e+00,9.258659730615e-02
-6.141099687251e+00,4.087263559476e+00,9.114164580973e-02
-6.141095793226e+00,9.843750315000e-01,9.280602801632e-02
-6.141067902346e+00,5.134530604995e+00,8.965465931064e-02
-6.140992907072e+00,1.473902752308e+00,9.269989408636e-02
-6.140941901040e+00,2.445363587255e+00,9.234527001942e-02
-6.140905908673e+00,7.130697826312e+00,8.097102301779e-02
-6.140463322197e+00,2.018149912795e+00,9.252717795289e-02
-6.140397844909e+00,7.619092328633e+00,7.406709058095e-02
-6.140254761659e+00,2.575133047075e+00,9.228226154043e-02
-6.139924191758e+00,6.340518509913e+00,8.618474152818e-02
-6.139906350379e+00,2.316120745127e+00,9.240599554670e-02
-6.139792593613e+00,5.794648571770e+00,8.812431605264e-02
-6.139743405130e+00,4.284875375734e+00,9.092298126727e-02
-6.139589732580e+00,5.483699607018e+00,8.892949454050e-02
-6.139358913403e+00,1.681852933238e+00,9.264275136935e-02
-6.139329869076e+00,7.913905438587e+00,6.603029767502e-02
-6.139179292502e+00,1.267056042576e+00,9.275238134933e-02
-6.139066269445e+00,3.655008369442e+00,9.155939240613e-02
-6.138877433127e+00,5.605142877796e+00,8.863703797729e-02
-6.138509033432e+00,1.020479155005e+00,9.280267922724e-02
-6.138346643131e+00,2.925826027149e+00,9.208991028484e-02
-6.137856111079e+00,6.991982263460e+00,8.225416879620e-02
-6.137794358855e+00,2.705388377409e+00,9.221699290778e-02
-6.137756732479e+00,6.554059230277e+00,8.516561976139e-02
-6.137683594601e+00,6.797593580293e+00,8.371131371975e-02
-6.137347440138e+00,4.748158546370e+00,9.031131398942e-02
-6.137295655234e+00,4.695060858142e+00,9.039007540967e-02
-6.137199530428e+00,2.187443982738e+00,9.246443535059e-02
-6.136997528730e+00,5.362657359412e+00,8.920674225824e-02
-6.136955893415e+00,7.687735129514e+00,7.265336187831e-02
-6.136852082240e+00,4.801343781320e+00,9.023129104121e-02
-6.136701577995e+00,4.642055587750e+00,9.046759398407e-02
-6.136652976116e+00,8.301176018832e+00,3.996662312377e-02
-6.136429824745e+00,8.141781413483e+00,5.468746428406e-02
-6.136405353115e+00,5.188280593840e+00,8.956350067010e-02
-6.136024726280e+00,3.891035324771e+00,9.134916675967e-02
-6.135804768741e+00,4.854611651226e+00,9.014998788504e-02
-6.135570096165e+00,4.589147565488e+00,9.054356932791e-02
-6.135179082518e+00,1.514995694827e+00,9.269569636938e-02
-6.135163106538e+00,4.232666323229e+00,9.099169748254e-02
-6.135020966594e+00,7.193155051415e+00,8.038655808192e-02
-6.134841520663e+00,3.329586377024e+00,9.182485884578e-02
-6.134838375041e+00,6.409107390254e+00,8.589871017849e-02
-6.134805940238e+00,5.726926045719e+00,8.832973330821e-02
-6.134720429224e+00,4.035495744993e+00,9.120676308195e-02
-6.134656742574e+00,6.610187141273e+00,8.487733515200e-02
-6.134562850709e+00,3.238526389398e+00,9.189071450708e-02
-6.134366499192e+00,8.461349342500e+00,1.008790511615e-02
-6.134200724971e+00,4.907957203745e+00,9.006738585945e-02
-6.134128899846e+00,1.890782160581e+00,9.258086544748e-02
-6.134088572343e+00,3.747294089626e+00,9.148596468152e-02
-6.134070472427e+00,1.061430953034e+00,9.280029497177e-02
-6.134022317290e+00,3.420923403368e+00,9.175752108399e-02
-6.134004100695e+00,1.308082511194e+00,9.274901559318e-02
-6.133906134589e+00,4.536341580355e+00,9.061828653883e-02
-6.133712581586e+00,7.983199231820e+00,6.344643823942e-02
-6.133510996170e+00,2.836087564416e+00,9.214942787699e-02
-6.133413211518e+00,6.856539328827e+00,8.333095713647e-02
-6.133244201840e+00,7.259578798964e+00,7.966862392811e-02
-6.133207804833e+00,3.147761491464e+00,9.195510787151e-02
-6.133120068457e+00,6.053072002274e+00,8.733388161454e-02
-6.132996188562e+00,7.756526479316e+00,7.106046869664e-02
-6.132887539780e+00,1.722989971975e+00,9.263770864583e-02
-6.132873679272e+00,2.059371459420e+00,9.252074680752e-02
-6.132829188738e+00,6.121310175481e+00,8.709220546171e-02
-6.132641799371e+00,7.053017999690e+00,8.177026500635e-02
-6.132459058694e+00,7.327346310580e+00,7.885646108512e-02
-6.132293167581e+00,5.984931866920e+00,8.756618170341e-02
-6.132084011432e+00,3.512519057938e+00,9.168846811236e-02
-6.132035214574e+00,4.961375446425e+00,8.998346633843e-02
-6.131827919130e+00,2.486671104925e+00,9.233700398438e-02
-6.131714654894e+00,4.483642379766e+00,9.069184103274e-02
-6.131411754896e+00,6.189635953346e+00,8.684154322376e-02
-6.131281503995e+00,6.666980052113e+00,8.457147579315e-02
-6.131269548003e+00,2.357399459753e+00,9.239831040721e-02
-6.131164524160e+00,7.395279786738e+00,7.796764779976e-02
-6.131156460041e+00,5.242076335904e+00,8.947086920508e-02
-6.130912280178e+00,5.537811269528e+00,8.882568441436e-02
-6.130798143377e+00,3.057309370204e+00,9.201805930133e-02
-6.130653069340e+00,2.616458050794e+00,9.227343096347e-02
-6.130357341833e+00,5.916900128494e+00,8.779028741426e-02
-6.130083891238e+00,4.180590473262e+00,9.105912597229e-02
-6.129751160375e+00,5.416644884915e+00,8.910822374312e-02
-6.129514274338e+00,1.102369496847e+00,9.279774931200e-02
-6.129358961662e+00,7.463375859941e+00,7.699087755495e-02
-6.129303539669e+00,5.014861347188e+00,8.989821074854e-02
-6.129244334973e+00,1.556066731368e+00,9.269133306552e-02
-6.129139504436e+00,8.211543681070e+00,4.979710934397e-02
-6.129029135278e+00,2.228682890038e+00,9.245729444791e-02
-6.129005648247e+00,3.604354573560e+00,9.161776083100e-02
-6.129000655068e+00,4.431054669439e+00,9.076425009128e-02
-6.128859076046e+00,6.258038829307e+00,8.658144739755e-02
-6.128847170377e+00,6.916123935699e+00,8.292432267754e-02
-6.128744890005e+00,5.659351124058e+00,8.852825264988e-02
-6.128709604798e+00,1.349091101078e+00,9.274548633579e-02
-6.128590132304e+00,6.477739836204e+00,8.560139036693e-02
-6.128517200568e+00,7.825462949943e+00,6.925223121233e-02
-6.128206668630e+00,8.371256579751e+00,3.083469002340e-02
-6.127951059625e+00,1.562500050003e-02,9.290433485325e-02
-6.127915686221e+00,3.839769099804e+00,9.141092993041e-02
-6.127861318222e+00,3.983877582756e+00,9.127087257752e-02
-6.127694674281e+00,2.746719243269e+00,9.220759060062e-02
-6.127692189557e+00,4.687500150008e-02,9.290442970016e-02
-6.127626084380e+00,6.724431713526e+00,8.424647109115e-02
-6.127571170270e+00,8.052627327085e+00,6.040641071246e-02
-6.127433319489e+00,7.812500250012e-02,9.290438359612e-02
-6.127355883603e+00,2.967187345689e+00,9.207953104274e-02
-6.127321528093e+00,5.848987071850e+00,8.800667924676e-02
-6.127174449421e+00,1.093750035002e-01,9.290416010594e-02
-6.127116726511e+00,7.114672399229e+00,8.124895662047e-02
-6.127040755366e+00,7.531631150715e+00,7.591250851345e-02
-6.126981821572e+00,1.931940016261e+00,9.257496362401e-02
-6.126915579353e+00,1.406250045003e-01,9.290377305633e-02
-6.126656709285e+00,1.718750055004e-01,9.290324503627e-02
-6.126397839216e+00,2.031250065004e-01,9.290252126533e-02
-6.126293760971e+00,1.764100962539e+00,9.263249802589e-02
-6.126138969148e+00,2.343750075005e-01,9.290165204344e-02
-6.126001041338e+00,5.068409834368e+00,8.981124614909e-02
-6.125880099080e+00,2.656250085005e-01,9.290062755656e-02
-6.125769169250e+00,4.378583112947e+00,9.083553097714e-02
-6.125621229012e+00,2.968750095005e-01,9.289941674203e-02
-6.125362358944e+00,3.281250105004e-01,9.289803115719e-02
-6.125316731489e+00,5.295912593372e+00,8.937674458130e-02
-6.125162544313e+00,6.326508224276e+00,8.631144204400e-02
-6.125158685496e+00,2.100559873011e+00,9.251414352986e-02
-6.125103488876e+00,3.593750115003e-01,9.289648141976e-02
-6.124844618808e+00,3.906250125003e-01,9.289474245217e-02
-6.124840522091e+00,1.143294070040e+00,9.279504199316e-02
-6.124766552307e+00,3.696410831222e+00,9.154548188859e-02
-6.124585748740e+00,4.218750135002e-01,9.289286261757e-02
-6.124510961587e+00,4.128652287177e+00,9.112551471821e-02
-6.124326878672e+00,4.531250145001e-01,9.289080725259e-02
-6.124208310156e+00,7.600042267823e+00,7.471592763158e-02
-6.124068008604e+00,4.843750155000e-01,9.288858419111e-02
-6.123980696333e+00,6.976341022787e+00,8.248871051374e-02
-6.123685589336e+00,6.782535844764e+00,8.390055867148e-02
-6.123608075953e+00,6.539792811453e+00,8.531404359547e-02
-6.123549234890e+00,5.156250165000e-01,9.288650974200e-02
-6.123517420707e+00,7.894541102019e+00,6.718203066126e-02
-6.123295915945e+00,1.390081085749e+00,9.274179326151e-02
-6.123194744078e+00,5.781202906727e+00,8.821570478355e-02
-6.123188800148e+00,1.597115125587e+00,9.268680381167e-02
-6.122903294530e+00,2.877412366110e+00,9.213944687863e-02
-6.122770557532e+00,5.468750175001e-01,9.288452597139e-02
-6.122584413621e+00,2.527935795213e+00,9.232855803107e-02
-6.122504614412e+00,2.398638389974e+00,9.239044910712e-02
-6.122242299634e+00,3.279894288684e+00,9.187884981577e-02
-6.122123100057e+00,5.122015796838e+00,8.972272247959e-02
-6.122109107130e+00,3.370960705783e+00,9.181257393097e-02
-6.122025267317e+00,4.326232331585e+00,9.090570091890e-02
-6.121991880173e+00,5.781250185002e-01,9.288239749396e-02
-6.121898979771e+00,5.470655558683e+00,8.900812309938e-02
-6.121618690474e+00,5.591933798189e+00,8.872017776823e-02
-6.121320426187e+00,8.281429321624e+00,4.366074294624e-02
-6.121292435383e+00,3.189115856871e+00,9.194366038466e-02
-6.121276238879e+00,7.176938988778e+00,8.068589501030e-02
-6.121213202815e+00,6.093750195002e-01,9.288010782179e-02
-6.120920530152e+00,2.657737120282e+00,9.226441847005e-02
-6.120904192678e+00,8.122186249732e+00,5.677813442188e-02
-6.120871470731e+00,3.462296926785e+00,9.174481327572e-02
-6.120860051826e+00,7.668605808278e+00,7.338069502868e-02
-6.120732068521e+00,2.269884990551e+00,9.244997917598e-02
-6.120544363888e+00,6.595721480042e+00,8.503359367783e-02
-6.120527684402e+00,3.932413370261e+00,9.133399047316e-02
-6.120434525456e+00,6.406250205003e-01,9.287759331218e-02
-6.120313635456e+00,6.395033487183e+00,8.603102048337e-02
-6.120049303000e+00,1.184203956562e+00,9.279217198626e-02
-6.119710998044e+00,1.973067571566e+00,9.256889140082e-02
-6.119655848098e+00,6.718750215003e-01,9.287492170259e-02
-6.119577737941e+00,1.805185159697e+00,9.262711910357e-02
-6.119455162670e+00,6.841286133790e+00,8.353175420807e-02
-6.119346333158e+00,3.788668363895e+00,9.147161236666e-02
-6.119281166498e+00,3.098643229706e+00,9.200702570243e-02
-6.119228506859e+00,8.441453009882e+00,1.829388036161e-02
-6.118881716422e+00,5.349784090296e+00,8.928110655625e-02
-6.118877170739e+00,7.031250225004e-01,9.287211831882e-02
-6.118809053358e+00,7.037184181315e+00,8.202103968636e-02
-6.118508273925e+00,3.553884412014e+00,9.167523338385e-02
-6.118449554147e+00,4.076856182708e+00,9.119087983877e-02
-6.118098493381e+00,7.343750235005e-01,9.286918336501e-02
-6.117995361338e+00,7.963757485037e+00,6.478875147052e-02
-6.117986087854e+00,5.713557767040e+00,8.841769229075e-02
-6.117774054474e+00,4.274006904234e+00,9.097477709645e-02
-6.117763149693e+00,1.431051739403e+00,9.273793604463e-02
-6.117665135836e+00,5.175674084522e+00,8.963277185976e-02
-6.117462890636e+00,2.788001005463e+00,9.219800441849e-02
-6.117427070042e+00,6.039331786942e+00,8.743883218924e-02
-6.117366567047e+00,6.107500122383e+00,8.720151333349e-02
-6.117319816022e+00,7.656250245004e-01,9.286599197601e-02
-6.117318545082e+00,2.141714390395e+00,9.250736766196e-02
-6.117206329394e+00,6.652316087762e+00,8.473624487056e-02
-6.117021097510e+00,4.736323462002e+00,9.037054395957e-02
-6.117012618228e+00,1.638140142040e+00,9.268210823533e-02
-6.116994427260e+00,7.737318357389e+00,7.188137460446e-02
-6.116779269332e+00,4.683328146515e+00,9.044832171083e-02
-6.116717628811e+00,4.789407619225e+00,9.029152586610e-02
-6.116592086325e+00,7.240931869438e+00,8.004878470611e-02
-6.116541138664e+00,7.968750255003e-01,9.286262647114e-02
-6.116371448762e+00,5.971263019421e+00,8.766691429743e-02
-6.116230404457e+00,3.008493860738e+00,9.206896473918e-02
-6.116181156893e+00,6.175757602615e+00,8.695545026570e-02
-6.115997002600e+00,4.630426532607e+00,9.052480587160e-02
-6.115898667255e+00,7.308617850666e+00,7.927149958564e-02
-6.115864042514e+00,4.842575717639e+00,9.021124912469e-02
-6.115762461305e+00,8.281250265002e-01,9.285912885096e-02
-6.115140708716e+00,1.225098441067e+00,9.278913605916e-02
-6.114998676630e+00,3.645704266914e+00,9.160408751685e-02
-6.114983783947e+00,8.593750275002e-01,9.285549936915e-02
-6.114929986524e+00,6.900676237540e+00,8.313781539176e-02
-6.114696255043e+00,7.376470246567e+00,7.842229972164e-02
-6.114679192844e+00,4.577623439257e+00,9.059977243827e-02
-6.114455555955e+00,4.895822816076e+00,9.012969545071e-02
-6.114303909528e+00,6.463603895503e+00,8.573964277594e-02
-6.114208568216e+00,5.903304168782e+00,8.788712503666e-02
-6.114205106588e+00,8.906250285002e-01,9.285166444630e-02
-6.113862139284e+00,6.244093731080e+00,8.670021306340e-02
-6.113710227845e+00,8.191872514239e+00,5.237310049092e-02
-6.113611794340e+00,2.439836755983e+00,9.238239435779e-02
-6.113589035721e+00,6.709570389647e+00,8.442050671188e-02
-6.113436668000e+00,5.524683981776e+00,8.890579609896e-02
-6.113426429230e+00,9.218750295001e-01,9.284760003514e-02
-6.113327544350e+00,7.098646972147e+00,8.151777857604e-02
-6.113211647840e+00,2.569156869794e+00,9.231993161578e-02
-6.113020671111e+00,4.221911366818e+00,9.104253600941e-02
-6.112983210910e+00,7.444485691582e+00,7.749105507310e-02
-6.112971214230e+00,8.351434826680e+00,3.573364416166e-02
-6.112830772627e+00,4.524923644095e+00,9.067357838937e-02
-6.112739636166e+00,1.846241819308e+00,9.262157146462e-02
-6.112724890839e+00,3.881107360441e+00,9.139613284034e-02
-6.112647751872e+00,9.531250305000e-01,9.284340309378e-02
-6.112622608414e+00,5.229379508833e+00,8.954137433159e-02
-6.112609904426e+00,7.806176488947e+00,7.018590794227e-02
-6.112487424718e+00,4.949143933209e+00,9.004684659744e-02
-6.112316616166e+00,2.014164073129e+00,9.256264833590e-02
-6.112308556752e+00,2.311049513215e+00,9.244248906157e-02
-6.112162314369e+00,2.918684834091e+00,9.212928011846e-02
-6.112111426008e+00,1.472002337033e+00,9.273391434943e-02
-6.111949556218e+00,8.033108637293e+00,6.199067095185e-02
-6.111904939383e+00,4.025206533662e+00,9.125523738561e-02
-6.111869074513e+00,9.843750315000e-01,9.283907393177e-02
-6.111847004615e+00,5.403685512997e+00,8.918393499642e-02
-6.111704736922e+00,5.646061710657e+00,8.861295209378e-02
-6.111057426358e+00,2.698969459263e+00,9.225522352067e-02
-6.110947374516e+00,5.835465509700e+00,8.809981978772e-02
-6.110757916813e+00,7.512660808168e+00,7.646535995911e-02
-6.110715933868e+00,1.679141046179e+00,9.267724595483e-02
-6.110456711224e+00,4.472331883127e+00,9.074624068133e-02
-6.110400896868e+00,6.312497938640e+00,8.643534388873e-02
-6.110322120127e+00,3.737737247166e+00,9.153136776541e-02
-6.110114835240e+00,1.265976808848e+00,9.278593814210e-02
-6.110105281587e+00,6.960699782113e+00,8.271619866872e-02
-6.109954942795e+00,5.002534048034e+00,8.996268437315e-02
-6.109783336218e+00,3.321198876949e+00,9.186679055916e-02
-6.109717160968e+00,8.511761778031e+00,6.608629101254e-06
-6.109687584070e+00,6.767478109235e+00,8.408470921082e-02
-6.109459419426e+00,6.525526392629e+00,8.545895169008e-02
-6.109353466891e+00,2.182834249655e+00,9.250041874046e-02
-6.109298674639e+00,1.020395768056e+00,9.283574448983e-02
-6.109239954286e+00,3.230409515321e+00,9.193201959414e-02
-6.109237023951e+00,3.412269078925e+00,9.180009330817e-02
-6.108018775403e+00,7.580992207012e+00,7.533017838819e-02
-6.107770292388e+00,4.169950212162e+00,9.110917209718e-02
-6.107704972337e+00,7.875176765451e+00,6.825330890604e-02
-6.107628421273e+00,3.139918945075e+00,9.199580016105e-02
-6.107579741402e+00,3.503601810126e+00,9.173182507693e-02
-6.107562014203e+00,4.419852850613e+00,9.081777626873e-02
-6.107531511165e+00,7.160722926141e+00,8.097485963851e-02
-6.107099309521e+00,2.829232860130e+00,9.218823383490e-02
-6.106991017695e+00,5.283126842779e+00,8.944851001556e-02
-6.106853443074e+00,5.055988099908e+00,8.987699591504e-02
-6.106596894543e+00,5.767757241683e+00,8.830533408065e-02
-6.106431985202e+00,6.581255818811e+00,8.518604727910e-02
-6.106340869281e+00,1.512932154300e+00,9.272972783040e-02
-6.105987876259e+00,8.261682624415e+00,4.691263335331e-02
-6.105788895871e+00,6.380959584111e+00,8.616035571189e-02
-6.105779625678e+00,1.887270198147e+00,9.261585468674e-02
-6.105497113822e+00,6.826032938752e+00,8.372697499505e-02
-6.105378560611e+00,8.102591085980e+00,5.867597393719e-02
-6.104976307344e+00,7.021350362940e+00,8.226400700301e-02
-6.104971782944e+00,1.306838345647e+00,9.278257797160e-02
-6.104970542013e+00,3.049744752703e+00,9.205815253955e-02
-6.104882421180e+00,3.973707669917e+00,9.131860333066e-02
-6.104878834264e+00,1.061180915005e+00,9.283336037646e-02
-6.104798867415e+00,2.055228768793e+00,9.255623398054e-02
-6.104790485591e+00,3.595178402180e+00,9.166179658546e-02
-6.104764210237e+00,7.649476487042e+00,7.406710779988e-02
-6.104591337288e+00,2.480993779417e+00,9.237415020441e-02
-6.104458333097e+00,3.829963761572e+00,9.145705574791e-02
-6.104359947822e+00,5.578724718581e+00,8.880177783287e-02
-6.104298896202e+00,1.720117104331e+00,9.267221657949e-02
-6.104208226962e+00,5.457611510348e+00,8.908520989425e-02
-6.104151723208e+00,4.367491198622e+00,9.088820208885e-02
-6.104090514525e+00,8.421556677265e+00,2.509943473658e-02
-6.103758831257e+00,2.352175688374e+00,9.243482362802e-02
-6.103709889900e+00,2.610333542011e+00,9.231112419366e-02
-6.103178297767e+00,5.109500988682e+00,8.978962701809e-02
-6.103131154793e+00,6.637652123411e+00,8.489688654991e-02
-6.102278141091e+00,7.944315738253e+00,6.603032307580e-02
-6.102028127817e+00,4.118127889882e+00,9.117478510083e-02
-6.101903945355e+00,6.093690069285e+00,8.730855294793e-02
-6.101734071628e+00,6.025591571608e+00,8.754153623070e-02
-6.101416334960e+00,7.223405544226e+00,8.038738512986e-02
-6.101288377035e+00,2.959904157248e+00,9.211892709333e-02
-6.101263664343e+00,2.223918690442e+00,9.249329629688e-02
-6.101166235469e+00,5.700189488361e+00,8.850398501792e-02
-6.101064045091e+00,2.740154273130e+00,9.224584557718e-02
-6.101012802671e+00,6.885228539380e+00,8.334518612568e-02
-6.100992665959e+00,7.718110235462e+00,7.265338083229e-02
-6.100950558890e+00,6.161879251884e+00,8.706695300062e-02
-6.100848531757e+00,3.686979834275e+00,9.159021111555e-02
-6.100765904115e+00,5.336910821181e+00,8.935415912806e-02
-6.100451608334e+00,1.553840467535e+00,9.272537613229e-02
-6.100449729942e+00,5.957594171922e+00,8.776562980967e-02
-6.100343597510e+00,1.101953060198e+00,9.283081563022e-02
-6.100230915555e+00,4.315251536900e+00,9.095753504657e-02
-6.100017686751e+00,6.449467954802e+00,8.587472994596e-02
-6.099711656541e+00,1.347682337895e+00,9.277905527442e-02
-6.099551987062e+00,6.694709065768e+00,8.459005421369e-02
-6.099538362188e+00,7.082621545064e+00,8.177792642060e-02
-6.099338275816e+00,7.289889390752e+00,7.966863389215e-02
-6.098924918557e+00,5.163067575205e+00,8.970085593127e-02
-6.098865202521e+00,6.230148632854e+00,8.681642832333e-02
-6.098697881038e+00,1.928269554015e+00,9.260996833991e-02
-6.098412069357e+00,1.562500050003e-02,9.293696289920e-02
-6.098280951254e+00,8.172201347408e+00,5.468749689798e-02
-6.098227985925e+00,7.357660706396e+00,7.885647225420e-02
-6.098158225892e+00,4.687500150008e-02,9.293705021316e-02
-6.098059794599e+00,5.889708209070e+00,8.798205520126e-02
-6.097904382427e+00,7.812500250012e-02,9.293699644639e-02
-6.097761658850e+00,1.761067583648e+00,9.266701970984e-02
-6.097735759830e+00,8.331613073609e+00,3.996665773330e-02
-6.097650538962e+00,1.093750035002e-01,9.293677006835e-02
-6.097396695497e+00,1.406250045003e-01,9.293637757931e-02
-6.097387336563e+00,3.922363877067e+00,9.138099355406e-02
-6.097186348752e+00,3.362439312097e+00,9.185453627459e-02
-6.097157947826e+00,2.096260907650e+00,9.254964787963e-02
-6.097142852032e+00,1.718750055004e-01,9.293584398650e-02
-6.097050733923e+00,3.271641632638e+00,9.192018499502e-02
-6.096889008568e+00,2.031250065004e-01,9.293512321300e-02
-6.096702608284e+00,7.786890027952e+00,7.106048950859e-02
-6.096694754882e+00,4.724488377634e+00,9.042882540395e-02
-6.096635165103e+00,2.343750075005e-01,9.293425063508e-02
-6.096607460159e+00,7.425595523224e+00,7.796766025671e-02
-6.096604237387e+00,2.870414005362e+00,9.217827832760e-02
-6.096583175383e+00,4.777471457131e+00,9.035078940030e-02
-6.096381321638e+00,2.656250085005e-01,9.293323268065e-02
-6.096327942166e+00,8.013589947500e+00,6.344646588727e-02
-6.096262883430e+00,4.671595434887e+00,9.050564170061e-02
-6.096229866841e+00,6.945058541440e+00,8.293694435123e-02
-6.096225675502e+00,3.453510646844e+00,9.178741656550e-02
-6.096127478173e+00,2.968750095005e-01,9.293202072401e-02
-6.095961055823e+00,5.511556694025e+00,8.898444761020e-02
-6.095923316287e+00,4.830539784053e+00,9.027151574561e-02
-6.095873634708e+00,3.281250105004e-01,9.293063420511e-02
-6.095840264476e+00,3.181135690195e+00,9.198438213770e-02
-6.095804703819e+00,4.263138432734e+00,9.102573470601e-02
-6.095799421043e+00,4.066448805940e+00,9.123939084608e-02
-6.095733438917e+00,3.778986736974e+00,9.151704972821e-02
-6.095693045726e+00,1.142711500880e+00,9.282811002605e-02
-6.095689578804e+00,6.752420373705e+00,8.426396678874e-02
-6.095639249422e+00,6.298487653003e+00,8.655653828226e-02
-6.095619791243e+00,3.593750115003e-01,9.292909577711e-02
-6.095443497523e+00,2.522108683358e+00,9.236572651274e-02
-6.095365947779e+00,3.906250125003e-01,9.292735954510e-02
-6.095310762900e+00,6.511259973805e+00,8.560046666154e-02
-6.095292427204e+00,4.618797477465e+00,9.058104221827e-02
-6.095112104314e+00,4.218750135002e-01,9.292548089907e-02
-6.095083128013e+00,2.393262747772e+00,9.242698239579e-02
-6.094858260849e+00,4.531250145001e-01,9.292344413616e-02
-6.094710386939e+00,4.883688428408e+00,9.019098651925e-02
-6.094676994906e+00,8.491791343969e+00,1.008791936588e-02
-6.094664583838e+00,5.632772297256e+00,8.869607257281e-02
-6.094604417384e+00,4.843750155000e-01,9.292122443751e-02
-6.094573220938e+00,5.821943947550e+00,8.819115536241e-02
-6.094475078260e+00,7.493690465621e+00,7.699089138987e-02
-6.094443776387e+00,1.594726553902e+00,9.272085889027e-02
-6.094334565087e+00,1.388508072691e+00,9.277536976761e-02
-6.094147550129e+00,3.544837196291e+00,9.171862397667e-02
-6.094095716947e+00,5.156250165000e-01,9.291914419498e-02
-6.094088756787e+00,5.216682681763e+00,8.961066313039e-02
-6.094079412683e+00,2.651465026895e+00,9.230213521943e-02
-6.093942848855e+00,5.390726141078e+00,8.925830199861e-02
-6.093788289523e+00,4.566099313025e+00,9.065509882240e-02
-6.093786783450e+00,7.144506863504e+00,8.125414843111e-02
-6.093576637636e+00,3.090939203913e+00,9.204714769614e-02
-6.093332159537e+00,5.468750175001e-01,9.291716704519e-02
-6.093049355514e+00,2.264966953619e+00,9.248599985821e-02
-6.092939634862e+00,4.936912419993e+00,9.010918384070e-02
-6.092568602127e+00,5.781250185002e-01,9.291502596969e-02
-6.092319606516e+00,6.566790157580e+00,8.533483229616e-02
-6.091892523967e+00,7.855812428883e+00,6.925225400899e-02
-6.091829240650e+00,7.561942146202e+00,7.591252382416e-02
-6.091805044717e+00,6.093750195002e-01,9.291274647755e-02
-6.091755410665e+00,4.513505707834e+00,9.072801370979e-02
-6.091539064974e+00,6.810779743715e+00,8.391684686347e-02
-6.091494581325e+00,1.969239145799e+00,9.260391198664e-02
-6.091264156286e+00,6.366885681039e+00,8.628681450675e-02
-6.091143561330e+00,7.005516544566e+00,8.249952324051e-02
-6.091104379875e+00,1.801991752322e+00,9.266165493780e-02
-6.091041487308e+00,6.406250205003e-01,9.291023235042e-02
-6.090940678336e+00,2.781290768991e+00,9.223628410358e-02
-6.090931083815e+00,3.636400164387e+00,9.164815728970e-02
-6.090927264560e+00,1.183455534637e+00,9.282524332876e-02
-6.090878235684e+00,4.211156410407e+00,9.109261796881e-02
-6.090655326331e+00,8.241935927207e+00,4.979714377850e-02
-6.090606345921e+00,4.990206748879e+00,9.002608988661e-02
-6.090281808760e+00,3.001069526581e+00,9.210838730769e-02
-6.090277929898e+00,6.718750215003e-01,9.290754879045e-02
-6.089999045008e+00,5.754311576640e+00,8.839325431984e-02
-6.089852928544e+00,8.082995922228e+00,6.040644066451e-02
-6.089514372488e+00,7.031250225004e-01,9.290473267004e-02
-6.089425055399e+00,3.871179396110e+00,9.144229460652e-02
-6.089394058063e+00,2.137259739797e+00,9.254288957209e-02
-6.089198767554e+00,4.461021386489e+00,9.079980351863e-02
-6.089089449543e+00,4.014917322331e+00,9.130300509307e-02
-6.089055980192e+00,6.622988159060e+00,8.505355289265e-02
-6.088952522192e+00,8.401660344647e+00,3.083472211570e-02
-6.088840621981e+00,1.429314837797e+00,9.277152115873e-02
-6.088750815078e+00,7.343750235005e-01,9.290178417613e-02
-6.088668368649e+00,7.630347165806e+00,7.471594452391e-02
-6.088665303901e+00,5.270341092185e+00,8.951902917345e-02
-6.088317511053e+00,1.635589691454e+00,9.271617573014e-02
-6.087987257668e+00,7.656250245005e-01,9.289864160627e-02
-6.087716947745e+00,7.206999823327e+00,8.068827453705e-02
-6.087705844810e+00,5.043566365447e+00,8.994164381903e-02
-6.087223700259e+00,7.968750255003e-01,9.289526727731e-02
-6.087101205169e+00,5.565515638973e+00,8.888188077504e-02
-6.087095618818e+00,6.869780841220e+00,8.354669250111e-02
-6.086560920843e+00,7.924873991469e+00,6.718205556789e-02
-6.086555667910e+00,3.728180404707e+00,9.157613127094e-02
-6.086517474153e+00,5.444567462013e+00,8.916091908704e-02
-6.086460142849e+00,8.281250265002e-01,9.289176000122e-02
-6.086441323664e+00,6.079880016187e+00,8.741339397384e-02
-6.086281687640e+00,2.434309924712e+00,9.241896488299e-02
-6.086168534020e+00,2.563180692514e+00,9.235712273445e-02
-6.086123373337e+00,4.408651031787e+00,9.087048488661e-02
-6.086046343920e+00,1.224184459748e+00,9.282221529304e-02
-6.086041073213e+00,6.011851356276e+00,8.764217014323e-02
-6.085977985606e+00,2.911543641034e+00,9.216813737952e-02
-6.085749180026e+00,7.066596117981e+00,8.202981019689e-02
-6.085731463974e+00,6.435332014101e+00,8.600675866731e-02
-6.085719960887e+00,6.148000901152e+00,8.717612646991e-02
-6.085696585439e+00,8.593750275002e-01,9.288812001019e-02
-6.085514938403e+00,6.679847741889e+00,8.475528373653e-02
-6.085456693538e+00,4.159309951062e+00,9.115847881341e-02
-6.084990904658e+00,7.698902113535e+00,7.338071361642e-02
-6.084933028029e+00,8.906250285002e-01,9.288434584814e-02
-6.084725151773e+00,3.312811376875e+00,9.190815609723e-02
-6.084710763126e+00,2.305978281303e+00,9.247852894730e-02
-6.084528011123e+00,5.943925324423e+00,8.786238808959e-02
-6.084451730613e+00,3.403614754482e+00,9.184208651785e-02
-6.084346383085e+00,5.686821209682e+00,8.858865851266e-02
-6.084327221772e+00,1.842888879622e+00,9.265612184695e-02
-6.084320493862e+00,2.692550541117e+00,9.229296414808e-02
-6.084233495478e+00,5.096986180525e+00,8.985540277145e-02
-6.084169910135e+00,2.010178233464e+00,9.259768518226e-02
-6.084169470620e+00,9.218750295001e-01,9.288027565855e-02
-6.083917057863e+00,3.222292641245e+00,9.197277110456e-02
-6.083868265758e+00,6.216203534627e+00,8.693017408842e-02
-6.083405913210e+00,9.531250305000e-01,9.287607205205e-02
-6.083229944944e+00,1.470101921757e+00,9.276750914589e-02
-6.083075471372e+00,3.494684562315e+00,9.177454331349e-02
-6.082851674664e+00,8.152530180577e+00,5.677816664406e-02
-6.082777884377e+00,7.271160930837e+00,8.004879450517e-02
-6.082650091807e+00,5.324037552065e+00,8.942593471803e-02
-6.082642355800e+00,9.843750315000e-01,9.287173531210e-02
-6.082534277166e+00,4.356399284297e+00,9.094007443552e-02
-6.082500305430e+00,8.311791320538e+00,4.366077834674e-02
-6.082354452095e+00,6.929417300767e+00,8.315124068334e-02
-6.082072954334e+00,1.676429159119e+00,9.271132626841e-02
-6.082049037713e+00,3.132076398686e+00,9.203595122801e-02
-6.081911020982e+00,5.876112249357e+00,8.807513365655e-02
-6.081903524139e+00,3.963537757077e+00,9.136564352372e-02
-6.081759716807e+00,7.338851166225e+00,7.927151056454e-02
-6.081691573539e+00,6.737362638176e+00,8.443852241947e-02
-6.081507403354e+00,2.178224516571e+00,9.253595859123e-02
-6.081162106374e+00,6.496993554981e+00,8.573870552564e-02
-6.081050377978e+00,1.264897575120e+00,9.281902566360e-02
-6.081000979973e+00,3.820158423340e+00,9.150252750364e-02
-6.080877601977e+00,6.284477367366e+00,8.667511255618e-02
-6.080795312142e+00,7.767603566956e+00,7.188139500865e-02
-6.080706328115e+00,7.994071257708e+00,6.478877860073e-02
-6.080687622871e+00,2.822378155845e+00,9.222653856686e-02
-6.080575322936e+00,3.586002230800e+00,9.170522103459e-02
-6.080231709408e+00,7.406705354865e+00,7.842231196097e-02
-6.080184701278e+00,5.150461065887e+00,8.976778361627e-02
-6.080088315847e+00,1.020312381107e+00,9.286840418668e-02
-6.080042055736e+00,7.128290800867e+00,8.152423577695e-02
-6.079636828845e+00,8.471820909908e+00,1.829390379203e-02
-6.079545294047e+00,4.107603492587e+00,9.122333283217e-02
-6.079142940649e+00,3.042180135203e+00,9.209766027473e-02
-6.078485443645e+00,5.498429406274e+00,8.906167879490e-02
-6.078436563793e+00,4.304270742216e+00,9.100858875632e-02
-6.078207227831e+00,6.552324496349e+00,8.548007867029e-02
-6.078199067360e+00,5.808422385400e+00,8.828073794735e-02
-6.078192239707e+00,7.474720123074e+00,7.749106866019e-02
-6.077624430754e+00,5.619482883856e+00,8.877765801816e-02
-6.077581016125e+00,6.795526548677e+00,8.410158503437e-02
-6.077502656045e+00,1.510868613773e+00,9.276333341800e-02
-6.077430351510e+00,1.883758235713e+00,9.265042001278e-02
-6.077354755447e+00,2.475316453908e+00,9.241077060605e-02
-6.077310815316e+00,6.989682726191e+00,8.272792339672e-02
-6.076930511206e+00,3.677548837327e+00,9.163431509633e-02
-6.076766710460e+00,2.604209033228e+00,9.234833831988e-02
-6.076739416701e+00,6.352811777967e+00,8.641049123124e-02
-6.076724055557e+00,2.051086078166e+00,9.259128747528e-02
-6.076448721954e+00,4.765535295036e+00,9.040910561172e-02
-6.076368412254e+00,4.712653293266e+00,9.048618162192e-02
-6.076248114511e+00,2.346951916994e+00,9.247088308342e-02
-6.076080075598e+00,7.836448092315e+00,7.018593028930e-02
-6.076038693095e+00,5.377766769160e+00,8.933136053869e-02
-6.075982590060e+00,4.818503850467e+00,9.033081240427e-02
-6.075939465192e+00,1.305594180101e+00,9.281567417524e-02
-6.075746497528e+00,4.659862723260e+00,9.056205802923e-02
-6.075710252625e+00,1.717244236687e+00,9.270631011257e-02
-6.075687196100e+00,1.060930876976e+00,9.286602630480e-02
-6.075639705897e+00,7.542892085392e+00,7.646537498886e-02
-6.075554905160e+00,5.203985854693e+00,8.967876724707e-02
-6.075322776402e+00,8.222189229999e+00,5.237313476821e-02
-6.075220870468e+00,2.952620968808e+00,9.215781047986e-02
-6.074980805591e+00,6.608324194709e+00,8.520638862147e-02
-6.074965217923e+00,4.871554040740e+00,9.025128443069e-02
-6.074587851809e+00,4.607168422322e+00,9.063640282237e-02
-6.074433415900e+00,2.733589302992e+00,9.228361043574e-02
-6.074327296476e+00,8.063400758476e+00,6.199070038882e-02
-6.074246988723e+00,3.912314383874e+00,9.142732172978e-02
-6.074017560529e+00,7.190594102427e+00,8.097868696271e-02
-6.073835353163e+00,4.252269961234e+00,9.107585241465e-02
-6.073814529858e+00,8.381764012029e+00,3.573367864009e-02
-6.073498193407e+00,2.219154490847e+00,9.252885446518e-02
-6.073401195473e+00,5.740865911596e+00,8.847951400443e-02
-6.073391845006e+00,4.924680906777e+00,9.017050416418e-02
-6.073178434965e+00,6.854333143060e+00,8.374257793906e-02
-6.073149287939e+00,4.056041429171e+00,9.128719556623e-02
-6.072897386201e+00,4.554575186793e+00,9.070956955759e-02
-6.072572527060e+00,7.611217844570e+00,7.533019496345e-02
-6.072263590373e+00,3.353917918410e+00,9.189593242716e-02
-6.072120544677e+00,3.769305110053e+00,9.156184765905e-02
-6.071959997865e+00,7.050570690899e+00,8.227381457970e-02
-6.071859168212e+00,3.263388976592e+00,9.196096654686e-02
-6.071658881695e+00,1.551614203701e+00,9.275899365486e-02
-6.071579880272e+00,3.444724366903e+00,9.182944086493e-02
-6.071477889744e+00,6.664986418010e+00,8.491635697065e-02
-6.071445241198e+00,6.421196073400e+00,8.613583101397e-02
-6.071257749047e+00,4.977879449724e+00,9.008845413706e-02
-6.071172920682e+00,1.101536623550e+00,9.286348818834e-02
-6.070978701972e+00,6.066069963089e+00,8.751610328746e-02
-6.070843700595e+00,7.905432244686e+00,6.825333332379e-02
-6.070713708283e+00,1.346273574712e+00,9.281216055295e-02
-6.070680048703e+00,4.502087771574e+00,9.078161300390e-02
-6.070489362884e+00,6.134122550421e+00,8.728304265630e-02
-6.070413940503e+00,1.924599091770e+00,9.264454900291e-02
-6.070388093570e+00,3.173155523519e+00,9.202456258690e-02
-6.070348074798e+00,5.998111140943e+00,8.774079571664e-02
-6.070339590107e+00,5.257555341592e+00,8.958833464292e-02
-6.070305180244e+00,2.863415644614e+00,9.221660843801e-02
-6.069842462516e+00,5.552306559365e+00,8.896052767198e-02
-6.069787367072e+00,8.542091231575e+00,6.608629052892e-06
-6.069786826334e+00,3.535789980568e+00,9.176141696191e-02
-6.069229556730e+00,1.758034204757e+00,9.270112686123e-02
-6.069157210156e+00,2.091961942288e+00,9.258471840774e-02
-6.068989143357e+00,7.679693991609e+00,7.406712603161e-02
-6.068873079088e+00,1.562500050003e-02,9.296920831863e-02
-6.068871328996e+00,6.202258436401e+00,8.704152791544e-02
-6.068826721345e+00,5.431523413679e+00,8.923528754413e-02
-6.068735800257e+00,4.200401453996e+00,9.114196097721e-02
-6.068624262227e+00,4.687500150008e-02,9.296928828564e-02
-6.068606292303e+00,5.930256476925e+00,8.795724667595e-02
-6.068558246545e+00,5.031144630987e+00,9.000511695809e-02
-6.068479037349e+00,6.913776060094e+00,8.335936409791e-02
-6.068375445365e+00,7.812500250012e-02,9.296922707280e-02
-6.068302581426e+00,2.516281571503e+00,9.240239908032e-02
-6.068126628503e+00,1.093750035002e-01,9.296899787920e-02
-6.067940823885e+00,4.449710889850e+00,9.085254949106e-02
-6.067877811642e+00,1.406250045003e-01,9.296860014760e-02
-6.067872108775e+00,3.083235178120e+00,9.208674046590e-02
-6.067693568273e+00,6.722304902647e+00,8.460855734809e-02
-6.067671106044e+00,7.253499502005e+00,8.038821102855e-02
-6.067661641614e+00,2.387887105571e+00,9.246306178279e-02
-6.067628994780e+00,1.718750055004e-01,9.296806120970e-02
-6.067526530701e+00,5.673452931003e+00,8.867175807669e-02
-6.067422398073e+00,8.132859013746e+00,5.867600569874e-02
-6.067380177919e+00,2.031250065004e-01,9.296734337984e-02
-6.067264851030e+00,8.291969567467e+00,4.691266911222e-02
-6.067238295214e+00,2.645192933508e+00,9.233937271871e-02
-6.067131361057e+00,2.343750075005e-01,9.296646765409e-02
-6.067013449847e+00,6.482727136156e+00,8.587378001406e-02
-6.066882544196e+00,2.656250085005e-01,9.296545063876e-02
-6.066863491001e+00,3.627096061859e+00,9.169161580989e-02
-6.066633727334e+00,2.968750095005e-01,9.296424319297e-02
-6.066545569360e+00,1.142128931720e+00,9.286078961066e-02
-6.066384910472e+00,3.281250105004e-01,9.296285595353e-02
-6.066297328022e+00,7.112074738230e+00,8.178556563969e-02
-6.066273959702e+00,4.004628111000e+00,9.135008249234e-02
-6.066136093611e+00,3.593750115003e-01,9.296131678084e-02
-6.066125219958e+00,3.861251431780e+00,9.148780085590e-02
-6.066115954532e+00,6.270467081730e+00,8.679115035887e-02
-6.065887276749e+00,3.906250125003e-01,9.295959527194e-02
-6.065762247365e+00,5.862516289645e+00,8.816641403262e-02
-6.065698752626e+00,1.592337982217e+00,9.275448952737e-02
-6.065638459888e+00,4.218750135002e-01,9.295771804079e-02
-6.065389643026e+00,4.531250145001e-01,9.295569949403e-02
-6.065373214229e+00,1.386935059632e+00,9.280848451204e-02
-6.065366642506e+00,2.260048916687e+00,9.252157671733e-02
-6.065291447689e+00,7.320041626054e+00,7.966864468650e-02
-6.065288693188e+00,5.084471372369e+00,8.992007859837e-02
-6.065140826165e+00,4.843750155000e-01,9.295348336779e-02
-6.065084714064e+00,7.974552567915e+00,6.603034968610e-02
-6.064888016000e+00,7.748317105961e+00,7.265340083919e-02
-6.064684732471e+00,4.397449212961e+00,9.092239534954e-02
-6.064642199003e+00,5.156250165000e-01,9.295139777659e-02
-6.064596662783e+00,8.451850475847e+00,2.509946413978e-02
-6.064534279500e+00,5.311164282949e+00,8.949646688583e-02
-6.064418466036e+00,2.774580532519e+00,9.227407354041e-02
-6.064333213063e+00,2.993645192424e+00,9.214729712513e-02
-6.064094849145e+00,6.537858835118e+00,8.562191031496e-02
-6.063893761542e+00,5.468750175001e-01,9.294942713934e-02
-6.063855958657e+00,7.387815186506e+00,7.885648428243e-02
-6.063622967277e+00,6.780273353640e+00,8.428139338423e-02
-6.063478069302e+00,6.973848907816e+00,8.294952274931e-02
-6.063278164605e+00,1.965410720032e+00,9.263850837744e-02
-6.063145324081e+00,5.781250185002e-01,9.294727409548e-02
-6.063143094687e+00,4.148669689962e+00,9.120706326875e-02
-6.062789215694e+00,3.718623562248e+00,9.162026963453e-02
-6.062631021810e+00,1.798798344947e+00,9.269577610436e-02
-6.062396886620e+00,6.093750195002e-01,9.294497715729e-02
-6.062214677116e+00,6.338737874895e+00,8.653147619893e-02
-6.061909401154e+00,7.455749780527e+00,7.796767360343e-02
-6.061824913782e+00,5.794900823250e+00,8.836861757475e-02
-6.061805226120e+00,1.182707112711e+00,9.285793033496e-02
-6.061648449159e+00,6.406250205003e-01,9.294249107590e-02
-6.061469571045e+00,2.132805089200e+00,9.257797751554e-02
-6.061444483999e+00,5.137854556570e+00,8.983358462474e-02
-6.061009831468e+00,5.485302118523e+00,8.913752809324e-02
-6.060916831123e+00,4.345307369972e+00,9.099116689517e-02
-6.060905630990e+00,6.593660230358e+00,8.535553155786e-02
-6.060900011698e+00,6.718750215003e-01,9.293979627137e-02
-6.060584277670e+00,5.606193470455e+00,8.885775077715e-02
-6.060318173314e+00,7.174188381528e+00,8.125932657250e-02
-6.060267627228e+00,7.817083755747e+00,7.106051141582e-02
-6.060151574237e+00,7.031250225004e-01,9.293696817322e-02
-6.059990226474e+00,8.202442532790e+00,5.468753087076e-02
-6.059918094268e+00,1.427577936190e+00,9.280464575824e-02
-6.059793656844e+00,2.904402447976e+00,9.220649319292e-02
-6.059666967328e+00,3.304423876800e+00,9.194896796436e-02
-6.059666437274e+00,3.394960430038e+00,9.188351352927e-02
-6.059622403878e+00,1.633039240867e+00,9.274982069768e-02
-6.059450171143e+00,7.523842024581e+00,7.699090614709e-02
-6.059403136776e+00,7.343750235005e-01,9.293400695177e-02
-6.059261251112e+00,6.838885444900e+00,8.393307262514e-02
-6.059125420201e+00,2.557204515233e+00,9.239384523012e-02
-6.058951580940e+00,2.428783093441e+00,9.245506455911e-02
-6.058924627097e+00,3.953367844237e+00,9.141200901041e-02
-6.058801664409e+00,8.043805594724e+00,6.344649479180e-02
-6.058676537525e+00,8.361867679411e+00,3.996669367383e-02
-6.058654699315e+00,7.656250245005e-01,9.293091175749e-02
-6.058594161440e+00,3.214175767169e+00,9.201298123589e-02
-6.058571201341e+00,3.485767314503e+00,9.181659891376e-02
-6.058170815703e+00,7.034545263816e+00,8.251030080723e-02
-6.058134537336e+00,5.364807397242e+00,8.940314517823e-02
-6.057906261854e+00,7.968750255004e-01,9.292752932345e-02
-6.057583561365e+00,2.686131622972e+00,9.233022538071e-02
-6.057543626849e+00,3.810353085108e+00,9.154735999044e-02
-6.057440841085e+00,6.650125094131e+00,8.507342767499e-02
-6.057159018422e+00,6.407060132699e+00,8.626204460121e-02
-6.057157824393e+00,8.281250265002e-01,9.292401316562e-02
-6.057112969500e+00,2.300907049391e+00,9.251412486684e-02
-6.057062460276e+00,4.097079095291e+00,9.127117460401e-02
-6.057021053533e+00,5.191289027622e+00,8.974571726915e-02
-6.056951979125e+00,1.223270478428e+00,9.285491011432e-02
-6.056803345938e+00,5.727420246553e+00,8.856415985125e-02
-6.056642212031e+00,4.293289947531e+00,9.105887557913e-02
-6.056476685471e+00,7.592088523334e+00,7.591254009173e-02
-6.056469654153e+00,3.124233852297e+00,9.207557296832e-02
-6.056409386931e+00,8.593750275002e-01,9.292036349543e-02
-6.056360160280e+00,3.576826059419e+00,9.174804789289e-02
-6.056314268526e+00,4.753599132942e+00,9.046649771496e-02
-6.056042069626e+00,4.700818208898e+00,9.054263518436e-02
-6.056041863833e+00,4.806467916881e+00,9.038916297812e-02
-6.056023204104e+00,2.006192393799e+00,9.263229768920e-02
-6.055914807379e+00,1.839535939936e+00,9.269025742351e-02
-6.055660949470e+00,8.906250285002e-01,9.291658055493e-02
-6.055516080280e+00,6.052259909991e+00,8.761674511108e-02
-6.055258764881e+00,6.120244199690e+00,8.738777063825e-02
-6.055230111626e+00,4.648130011632e+00,9.061749096774e-02
-6.055220048908e+00,4.859419653071e+00,9.031061374501e-02
-6.055126480347e+00,7.885990497902e+00,6.925227794542e-02
-6.054912512009e+00,9.218750295001e-01,9.291257310110e-02
-6.054845389147e+00,8.522047175948e+00,1.008793412449e-02
-6.054655076384e+00,5.984370925610e+00,8.783747233970e-02
-6.054603622603e+00,6.898134819421e+00,8.356157550978e-02
-6.054348463881e+00,1.468201506481e+00,9.280064398788e-02
-6.054275936221e+00,2.815523451559e+00,9.226435292290e-02
-6.054164074548e+00,9.531250305000e-01,9.290836362511e-02
-6.054017940815e+00,7.236905104254e+00,8.069064880760e-02
-6.053883276413e+00,4.595539367180e+00,9.069090868856e-02
-6.053874392233e+00,6.188313338174e+00,8.715056417907e-02
-6.053844055150e+00,4.912449393561e+00,9.023083283065e-02
-6.053695563007e+00,6.707247167118e+00,8.477424366735e-02
-6.053661339818e+00,2.173614783488e+00,9.257106432890e-02
-6.053429974799e+00,1.673717272059e+00,9.274498681942e-02
-6.053415637087e+00,9.843750315000e-01,9.290402016150e-02
-6.053315339285e+00,3.034615517703e+00,9.213659682030e-02
-6.053012490656e+00,3.668117840380e+00,9.167780788859e-02
-6.052987382056e+00,7.660485869682e+00,7.471596240984e-02
-6.052864793321e+00,6.468460717332e+00,8.600579686943e-02
-6.052684573484e+00,5.916587629426e+00,8.805026090710e-02
-6.052583719863e+00,5.539097479757e+00,8.903775814198e-02
-6.052552600308e+00,7.095858675593e+00,8.203855395719e-02
-6.052029396630e+00,8.272147814396e+00,4.979717959031e-02
-6.052013876313e+00,5.244769590998e+00,8.965645791613e-02
-6.052006482880e+00,4.543051060561e+00,9.076320507970e-02
-6.051993121483e+00,8.113187846915e+00,6.040647191878e-02
-6.051985920715e+00,1.263818341392e+00,9.285172869182e-02
-6.051909152173e+00,4.965552150570e+00,9.014980311090e-02
-6.051866002508e+00,4.241401489733e+00,9.112523165179e-02
-6.051354307087e+00,6.256456796093e+00,8.690473184780e-02
-6.051135968536e+00,5.418479365344e+00,8.930835086018e-02
-6.051106640884e+00,3.902264890681e+00,9.147286958935e-02
-6.050877957054e+00,1.020228994157e+00,9.290068778536e-02
-6.050706678316e+00,5.660084652324e+00,8.875332736839e-02
-6.050499154836e+00,4.045634052403e+00,9.133431024742e-02
-6.050118173605e+00,2.469639128400e+00,9.244689092421e-02
-6.049982470459e+00,6.523393173887e+00,8.576044546158e-02
-6.049823531020e+00,2.598084524445e+00,9.238508366688e-02
-6.049664918429e+00,6.765020158602e+00,8.445646518303e-02
-6.049645323289e+00,6.958015089441e+00,8.316461828574e-02
-6.049613473748e+00,5.848920329933e+00,8.825594794074e-02
-6.049604686741e+00,4.490669835314e+00,9.083439615453e-02
-6.049556496722e+00,8.431880041785e+00,3.083475539647e-02
-6.049463100012e+00,7.955033878123e+00,6.718208166050e-02
-6.049410648281e+00,5.018722896527e+00,9.006750753971e-02
-6.049153363900e+00,2.945337780367e+00,9.219619231345e-02
-6.049081077342e+00,1.880246273279e+00,9.268457039203e-02
-6.048980719859e+00,7.729030644965e+00,7.338073323674e-02
-6.048823178571e+00,7.301232085883e+00,8.004880512081e-02
-6.048737397766e+00,2.341728145615e+00,9.250649842911e-02
-6.048664442808e+00,1.508805073246e+00,9.279647888795e-02
-6.048649243699e+00,2.046943387539e+00,9.262591648409e-02
-6.048507650436e+00,3.759623483132e+00,9.160602056518e-02
-6.047802786709e+00,2.727024332854e+00,9.232089575651e-02
-6.047689937531e+00,6.324663971823e+00,8.664985588876e-02
-6.047480207906e+00,7.368925018147e+00,7.927152238796e-02
-6.047340831995e+00,3.345396524723e+00,9.193677487288e-02
-6.047121609048e+00,1.714371369044e+00,9.273998753793e-02
-6.046934085042e+00,3.435938086962e+00,9.187089896778e-02
-6.046907147441e+00,1.304350014555e+00,9.284838580063e-02
-6.046830456389e+00,6.578996266007e+00,8.550111302899e-02
-6.046682880215e+00,4.438400393211e+00,9.090449794383e-02
-6.046667602502e+00,3.255136320546e+00,9.200120665075e-02
-6.046618786099e+00,7.157782660629e+00,8.153067481441e-02
-6.046593364831e+00,4.189646497585e+00,9.119058213558e-02
-6.046495557937e+00,1.060680838946e+00,9.289831607534e-02
-6.046418467192e+00,5.298291013833e+00,8.956578805618e-02
-6.046343890899e+00,5.071956564212e+00,8.998368241111e-02
-6.045732722472e+00,2.214390291251e+00,9.256397837268e-02
-6.045626562601e+00,7.436779437980e+00,7.842232507454e-02
-6.045450760204e+00,5.781379261100e+00,8.845484242255e-02
-6.045426102538e+00,3.526742764845e+00,9.180356028617e-02
-6.045344067259e+00,6.823437746740e+00,8.411839439722e-02
-6.044935922664e+00,3.165175356843e+00,9.206421361201e-02
-6.044657676545e+00,8.182695835582e+00,5.677820020879e-02
-6.044455178859e+00,7.797719419179e+00,7.188141648666e-02
-6.044381633541e+00,7.018519836733e+00,8.273960843874e-02
-6.044006123101e+00,2.856417283866e+00,9.225444804767e-02
-6.043544124587e+00,5.592904057054e+00,8.893639168393e-02
-6.043538545191e+00,8.341971346794e+00,4.366081510867e-02
-6.043534219290e+00,5.472174830771e+00,8.921203260010e-02
-6.043458469862e+00,3.994338899669e+00,9.139648540014e-02
-6.043403792427e+00,6.635263770253e+00,8.522664215780e-02
-6.043276032342e+00,8.024210430973e+00,6.478880696409e-02
-6.043260636390e+00,7.504791963771e+00,7.749108315306e-02
-6.043246091605e+00,4.386247394135e+00,9.097352648009e-02
-6.042872795645e+00,6.392924191998e+00,8.638549282660e-02
-6.042866155056e+00,1.549387939867e+00,9.279215013638e-02
-6.042825384517e+00,3.851323467450e+00,9.153266801273e-02
-6.042795898186e+00,3.617791959332e+00,9.173447676647e-02
-6.042704266721e+00,5.125248047252e+00,8.989828768684e-02
-6.042167579913e+00,3.075531152326e+00,9.212570907998e-02
-6.042129999969e+00,1.920928629525e+00,9.267871457540e-02
-6.042002243854e+00,1.101120186902e+00,9.289578452429e-02
-6.041715760025e+00,1.344864811529e+00,9.284488116410e-02
-6.041161665328e+00,2.510454459648e+00,9.243854038867e-02
-6.041156472486e+00,2.087662976926e+00,9.261936430143e-02
-6.040829495838e+00,4.138029428862e+00,9.125494211137e-02
-6.040728207857e+00,6.882493578747e+00,8.375812138972e-02
-6.040697454609e+00,1.755000825866e+00,9.273482249044e-02
-6.040397177745e+00,2.638920840121e+00,9.237614128345e-02
-6.040380843882e+00,7.572959202099e+00,7.646539095792e-02
-6.040364775586e+00,7.220310706504e+00,8.098250471818e-02
-6.040240155214e+00,2.382511463370e+00,9.249869691633e-02
-6.040230381576e+00,5.351848025323e+00,8.947368930330e-02
-6.040205496403e+00,5.713974581510e+00,8.864723687197e-02
-6.040053458589e+00,6.038449856893e+00,8.771538114345e-02
-6.040028166879e+00,6.106365848959e+00,8.749037673504e-02
-6.039903411222e+00,8.502003120321e+00,1.829392805917e-02
-6.039697557742e+00,6.692189431588e+00,8.493574488842e-02
-6.039409260099e+00,7.866548751118e+00,7.018595375360e-02
-6.039334088820e+00,1.562500050003e-02,9.300107929813e-02
-6.039299385081e+00,4.334215455647e+00,9.104149778229e-02
-6.039090298561e+00,4.687500150008e-02,9.300115209804e-02
-6.039022763477e+00,3.709066719788e+00,9.166379688566e-02
-6.038962077969e+00,5.970630710277e+00,8.793225711548e-02
-6.038877455470e+00,6.174368239947e+00,8.725735423351e-02
-6.038846508303e+00,7.812500250012e-02,9.300108364798e-02
-6.038807872593e+00,7.079642612955e+00,8.228359081768e-02
-6.038716136794e+00,6.454194298508e+00,8.613485812093e-02
-6.038602718045e+00,1.093750035002e-01,9.300085170856e-02
-6.038487201906e+00,5.178592200551e+00,8.981154276971e-02
-6.038384617366e+00,2.986220858266e+00,9.218570528848e-02
-6.038358927786e+00,1.406250045003e-01,9.300044892312e-02
-6.038115137528e+00,1.718750055004e-01,9.299990485790e-02
-6.037896253736e+00,2.767870296047e+00,9.231138329843e-02
-6.037871347270e+00,2.031250065004e-01,9.299918991875e-02
-6.037683929499e+00,2.255130879755e+00,9.255671916693e-02
-6.037627557012e+00,2.343750075005e-01,9.299831124319e-02
-6.037398092994e+00,1.141546362560e+00,9.289309290405e-02
-6.037383766753e+00,2.656250085005e-01,9.299729119780e-02
-6.037139976495e+00,2.968750095005e-01,9.299609228405e-02
-6.036985620755e+00,7.641277747755e+00,7.533021251366e-02
-6.036953728865e+00,1.589949410532e+00,9.278765740211e-02
-6.036896186237e+00,3.281250105004e-01,9.299470452549e-02
-6.036793942229e+00,8.252326061325e+00,5.237317041650e-02
-6.036762854664e+00,5.902918781928e+00,8.814148402508e-02
-6.036652395978e+00,3.593750115004e-01,9.299316483780e-02
-6.036592659641e+00,6.242446510457e+00,8.701593386983e-02
-6.036563844892e+00,8.093516680084e+00,6.199073110559e-02
-6.036411863371e+00,1.385362046574e+00,9.284121449584e-02
-6.036408605720e+00,3.906250125003e-01,9.299145774976e-02
-6.036179815097e+00,4.741662970847e+00,9.052298820038e-02
-6.036164815462e+00,4.218750135002e-01,9.298958214553e-02
-6.036101137606e+00,4.794431983294e+00,9.044659059581e-02
-6.035945730056e+00,3.943197931397e+00,9.145771518771e-02
-6.035921025203e+00,4.531250145001e-01,9.298756523979e-02
-6.035870091773e+00,6.508927512656e+00,8.589579698164e-02
-6.035812577275e+00,6.942181271067e+00,8.337349001047e-02
-6.035715726998e+00,4.688983124530e+00,9.059820796159e-02
-6.035706869581e+00,6.749766963565e+00,8.462698377531e-02
-6.035677234945e+00,4.843750155000e-01,9.298536907997e-02
-6.035474879892e+00,4.847285265403e+00,9.036899824796e-02
-6.035324977211e+00,5.525888400150e+00,8.911361040851e-02
-6.035188681060e+00,5.156250165000e-01,9.298327856223e-02
-6.035061747886e+00,1.961582294265e+00,9.267268953142e-02
-6.034881143935e+00,3.386306105595e+00,9.192438680591e-02
-6.034847860270e+00,4.282309152847e+00,9.110829095907e-02
-6.034713725724e+00,4.636397300005e+00,9.067203165398e-02
-6.034608782884e+00,3.296036376725e+00,9.198923832142e-02
-6.034579626506e+00,4.086554697996e+00,9.131832662394e-02
-6.034516330660e+00,8.411909607724e+00,3.573371439535e-02
-6.034455363548e+00,5.468750175001e-01,9.298131005530e-02
-6.034296265294e+00,4.900217880346e+00,9.029019430232e-02
-6.034157663744e+00,1.795604937573e+00,9.272949130637e-02
-6.034086273725e+00,3.800547746876e+00,9.159156758325e-02
-6.034066931311e+00,3.476850066692e+00,9.185808832846e-02
-6.033886825931e+00,5.646716373645e+00,8.883340847656e-02
-6.033841485961e+00,7.935515188331e+00,6.825335890424e-02
-6.033786010844e+00,7.283436271250e+00,8.038903572025e-02
-6.033722046035e+00,5.781250185002e-01,9.297914991879e-02
-6.033688162519e+00,5.231983840404e+00,8.972342943489e-02
-6.033609328082e+00,2.897261254919e+00,9.224435838389e-02
-6.033545084026e+00,2.128350438602e+00,9.261264067432e-02
-6.033464700131e+00,5.835324370220e+00,8.834378506737e-02
-6.033445215727e+00,5.405435317009e+00,8.938014341226e-02
-6.033271265016e+00,3.206058893092e+00,9.205266185126e-02
-6.033178701018e+00,4.583910312037e+00,9.074458018368e-02
-6.033165197947e+00,6.310590068751e+00,8.676571314655e-02
-6.033073423717e+00,7.709744183970e+00,7.406714527615e-02
-6.032988728523e+00,6.093750195002e-01,9.297682873204e-02
-6.032919398883e+00,7.141376939730e+00,8.179318211585e-02
-6.032755281787e+00,6.564332301656e+00,8.564325824587e-02
-6.032683187681e+00,1.181958690786e+00,9.289024097630e-02
-6.032560555299e+00,4.953224851415e+00,9.021016196673e-02
-6.032255411010e+00,6.406250205003e-01,9.297437752540e-02
-6.032144997624e+00,3.567649888039e+00,9.179029049068e-02
-6.032082306381e+00,2.551228337952e+00,9.243001246245e-02
-6.031621474240e+00,2.423256262169e+00,9.249071983801e-02
-6.031522093498e+00,6.718750215003e-01,9.297167214818e-02
-6.031426883406e+00,6.807990048580e+00,8.429874956269e-02
-6.031115579558e+00,4.531526934330e+00,9.081602520697e-02
-6.031104457154e+00,7.350034849788e+00,7.966865631118e-02
-6.030995566555e+00,1.425841034583e+00,9.283738549991e-02
-6.030927296703e+00,1.630488790281e+00,9.278300034530e-02
-6.030890270592e+00,3.116391305908e+00,9.211463342976e-02
-6.030846628869e+00,2.679712704826e+00,9.236701752461e-02
-6.030788775986e+00,7.031250225004e-01,9.296883279472e-02
-6.030592451379e+00,7.002494409651e+00,8.296205695646e-02
-6.030263050017e+00,5.006301162066e+00,9.012888452853e-02
-6.030055458473e+00,7.343750235005e-01,9.296585961930e-02
-6.029896651852e+00,4.230533018233e+00,9.117388947074e-02
-6.029715985399e+00,8.572233370703e+00,6.608629039742e-06
-6.029515175873e+00,2.295835817478e+00,9.254928622727e-02
-6.029366743768e+00,6.620402446374e+00,8.537613972278e-02
-6.029343724048e+00,7.417809095432e+00,7.885649716982e-02
-6.029325126617e+00,8.162949138374e+00,5.867603878362e-02
-6.029322140961e+00,7.656250245005e-01,9.296275280331e-02
-6.029094470105e+00,3.658686843432e+00,9.172070315532e-02
-6.029076606626e+00,5.767857698950e+00,8.853945889929e-02
-6.028642730489e+00,7.778355082612e+00,7.265342189900e-02
-6.028588823449e+00,7.968750255004e-01,9.295942055113e-02
-6.028586572869e+00,6.378788251297e+00,8.650626509547e-02
-6.028529324779e+00,4.479251899054e+00,9.088638244649e-02
-6.028400552858e+00,8.322075014176e+00,4.691270624633e-02
-6.028302654885e+00,5.285417744717e+00,8.963392956622e-02
-6.027966293045e+00,3.892215397488e+00,9.151777151323e-02
-6.027876498074e+00,2.002206554134e+00,9.266649481057e-02
-6.027864249571e+00,2.808668747274e+00,9.230168746131e-02
-6.027857614329e+00,1.222356497109e+00,9.288722849260e-02
-6.027855505936e+00,8.281250265002e-01,9.295589624643e-02
-6.027849021732e+00,4.035226675635e+00,9.138075066859e-02
-6.027750400275e+00,8.004615267221e+00,6.603037750592e-02
-6.027502392985e+00,1.836183000250e+00,9.272398692729e-02
-6.027487737921e+00,3.027050900202e+00,9.217503161505e-02
-6.027399088609e+00,5.059441756055e+00,9.004624121378e-02
-6.027122188424e+00,8.593750275002e-01,9.295223768525e-02
-6.027071101637e+00,7.485741902961e+00,7.796768783991e-02
-6.026852793110e+00,6.866852338074e+00,8.394923475050e-02
-6.026711610357e+00,7.203716308753e+00,8.126449067596e-02
-6.026503971503e+00,5.579614643654e+00,8.901362012626e-02
-6.026388870912e+00,8.906250285002e-01,9.294844508812e-02
-6.026058607113e+00,5.459047543020e+00,8.928513229587e-02
-6.025815276281e+00,2.169005050405e+00,9.260574513002e-02
-6.025699552476e+00,6.677131696059e+00,8.509321646949e-02
-6.025655553399e+00,9.218750295001e-01,9.294450024490e-02
-6.025466982817e+00,1.466301091205e+00,9.283339387088e-02
-6.025424936545e+00,4.427089896572e+00,9.095566764304e-02
-6.025063144879e+00,7.063426550318e+00,8.252104243636e-02
-6.024961433298e+00,8.481959064694e+00,2.509949459297e-02
-6.024922235887e+00,9.531250305000e-01,9.294028565263e-02
-6.024894756195e+00,3.749941856211e+00,9.164958244731e-02
-6.024797568876e+00,6.092487498228e+00,8.759092464322e-02
-6.024786995264e+00,1.671005384999e+00,9.277817861753e-02
-6.024590836897e+00,6.024639803795e+00,8.781207068261e-02
-6.024567480268e+00,6.439927879684e+00,8.626106134172e-02
-6.024450929404e+00,4.178891541174e+00,9.123849804764e-02
-6.024285002294e+00,7.553829880863e+00,7.699092182657e-02
-6.024188918374e+00,9.843750315000e-01,9.293593627451e-02
-6.023964049442e+00,5.112641537935e+00,8.996192059270e-02
-6.023880518708e+00,6.160423141721e+00,8.736196656435e-02
-6.023692039851e+00,7.847107004335e+00,7.106053441834e-02
-6.023607646868e+00,5.700528916466e+00,8.872878845016e-02
-6.023269079555e+00,5.956890494944e+00,8.802520497016e-02
-6.023085857332e+00,2.938054591926e+00,9.223408340639e-02
-6.022921463453e+00,1.262739107664e+00,9.288405519448e-02
-6.022881591763e+00,2.463961802891e+00,9.248256670161e-02
-6.022880351580e+00,2.591960015662e+00,9.242130665565e-02
-6.022418073617e+00,3.336875131036e+00,9.197707575354e-02
-6.022326225816e+00,5.338888653405e+00,8.954302517375e-02
-6.022288289813e+00,3.427151807021e+00,9.191180331632e-02
-6.021979831261e+00,6.926347452692e+00,8.357640214194e-02
-6.021831012196e+00,6.228436224820e+00,8.712483013055e-02
-6.021807450740e+00,4.375045575309e+00,9.102389653999e-02
-6.021757713087e+00,6.494461851425e+00,8.602807268731e-02
-6.021748820732e+00,6.734513768527e+00,8.479312320950e-02
-6.021667598261e+00,1.020145607208e+00,9.293260305576e-02
-6.021558487829e+00,8.232504308254e+00,5.468756620235e-02
-6.021476036791e+00,3.246883664500e+00,9.204091715275e-02
-6.021226681020e+00,2.336504374235e+00,9.254167906545e-02
-6.021172157518e+00,2.720459362716e+00,9.235771183576e-02
-6.021134568301e+00,8.073845513253e+00,6.344652495300e-02
-6.021065378742e+00,3.517695549122e+00,9.184508122054e-02
-6.020983859454e+00,7.622069625828e+00,7.591255731615e-02
-6.020841135845e+00,5.889249934429e+00,8.823096727383e-02
-6.020731803174e+00,1.876734310845e+00,9.271831455396e-02
-6.020642980021e+00,3.984049688338e+00,9.144222917833e-02
-6.020574431841e+00,2.042800696912e+00,9.266012995631e-02
-6.020179944506e+00,7.266654182156e+00,8.069301765426e-02
-6.019953350279e+00,5.165895373481e+00,8.987627234884e-02
-6.019826229571e+00,1.506741532719e+00,9.282923929400e-02
-6.019525549077e+00,3.841395503120e+00,9.157691042024e-02
-6.019483751757e+00,3.157195190167e+00,9.210334676824e-02
-6.019476164599e+00,8.391939173663e+00,3.996673094535e-02
-6.019220011668e+00,7.124971218830e+00,8.204727034088e-02
-6.018728305371e+00,3.608487856805e+00,9.177675346564e-02
-6.018680107186e+00,6.549668337305e+00,8.578208665555e-02
-6.018640458362e+00,6.296516165679e+00,8.687912737393e-02
-6.018532965471e+00,1.711498501400e+00,9.277319186203e-02
-6.018515896987e+00,4.127389167762e+00,9.130213150745e-02
-6.018219871909e+00,7.915996498538e+00,6.925230302163e-02
-6.018066234558e+00,5.512679320542e+00,8.918812136088e-02
-6.017967251536e+00,2.209626091656e+00,9.259867719034e-02
-6.017874829689e+00,1.303105849008e+00,9.288072081357e-02
-6.017707065957e+00,2.849418923118e+00,9.229180770344e-02
-6.017681939039e+00,4.323123541322e+00,9.109108486825e-02
-6.017509699553e+00,6.792542350420e+00,8.447433365157e-02
-6.017315926513e+00,5.821728410508e+00,8.842997326291e-02
-6.017303919773e+00,1.060430800917e+00,9.293023745649e-02
-6.017166127575e+00,7.690457722974e+00,7.471598128936e-02
-6.017066973547e+00,5.633348094966e+00,8.891204199021e-02
-6.016803269218e+00,6.986468982568e+00,8.317794722759e-02
-6.016463051051e+00,3.067827126533e+00,9.216417079956e-02
-6.016160411380e+00,4.782396049708e+00,9.050311766598e-02
-6.016045361669e+00,4.729726808752e+00,9.057859886178e-02
-6.015754462919e+00,5.392391268674e+00,8.945069841118e-02
-6.015729710876e+00,4.835150877734e+00,9.042646098102e-02
-6.015389384370e+00,4.677148040162e+00,9.065292115005e-02
-6.015362448725e+00,5.219198089811e+00,8.978927863383e-02
-6.015329695109e+00,6.605541122495e+00,8.552205308353e-02
-6.015256311260e+00,3.699509877329e+00,9.170672666066e-02
-6.014872555127e+00,8.552116175151e+00,1.008794939195e-02
-6.014748475438e+00,4.887986367130e+00,9.034861227202e-02
-6.014728706403e+00,7.331144681429e+00,8.004881655303e-02
-6.014300350092e+00,6.364652310597e+00,8.662444703217e-02
-6.014197339822e+00,4.624664588377e+00,9.072573884042e-02
-6.014073428417e+00,1.547161676034e+00,9.282492144539e-02
-6.014020749231e+00,2.504627347793e+00,9.247423701314e-02
-6.013992576688e+00,8.143202441165e+00,6.040650447525e-02
-6.013846059435e+00,1.917258167279e+00,9.271247378313e-02
-6.013556060276e+00,2.632648746734e+00,9.241242247922e-02
-6.013262560524e+00,8.302178681558e+00,4.979721677937e-02
-6.013211958425e+00,4.940897552260e+00,9.026955506773e-02
-6.013155734816e+00,2.083364011564e+00,9.265359450540e-02
-6.013060885495e+00,7.398838752885e+00,7.927153505590e-02
-6.013058445129e+00,7.187121911003e+00,8.153709522996e-02
-6.013053508508e+00,4.271328358163e+00,9.115698537417e-02
-6.012977378364e+00,6.851211097401e+00,8.413513605309e-02
-6.012966833015e+00,3.933028018557e+00,9.150267032160e-02
-6.012831567026e+00,1.100703750254e+00,9.292771240498e-02
-6.012830282120e+00,7.758990746044e+00,7.338075388963e-02
-6.012818668815e+00,2.377135821169e+00,9.253389718982e-02
-6.012717811768e+00,1.343456048346e+00,9.287722507163e-02
-6.012702453048e+00,5.754336136800e+00,8.862251172461e-02
-6.012474125622e+00,4.572281256894e+00,9.079743706031e-02
-6.012436021670e+00,2.978796524109e+00,9.222362259672e-02
-6.012224768208e+00,7.985020103469e+00,6.718210893909e-02
-6.012165352488e+00,1.751967446974e+00,9.276803971387e-02
-6.012096792736e+00,4.076030300701e+00,9.136480463235e-02
-6.011701547210e+00,6.662073960530e+00,8.524680630573e-02
-6.011374041436e+00,2.761160059575e+00,9.234822366381e-02
-6.011318417164e+00,7.047210487681e+00,8.275125295352e-02
-6.011115451752e+00,4.993879427606e+00,9.018927297768e-02
-6.010881566884e+00,7.466691842150e+00,7.842233906232e-02
-6.010628920601e+00,3.790742408644e+00,9.163516425332e-02
-6.010418823742e+00,6.425661460860e+00,8.638449988981e-02
-6.010224676237e+00,4.520002808098e+00,9.086804916277e-02
-6.010186842577e+00,5.272544475602e+00,8.970092171044e-02
-6.010095850596e+00,3.377651781152e+00,9.196471847003e-02
-6.010019455373e+00,8.461915009067e+00,3.083478986570e-02
-6.010001216491e+00,2.250212842822e+00,9.259143637213e-02
-6.009795098551e+00,1.562500050003e-02,9.303258379986e-02
-6.009566970873e+00,6.078609147496e+00,8.768947556509e-02
-6.009562661281e+00,3.467932818880e+00,9.189902397811e-02
-6.009556334896e+00,4.687500150008e-02,9.303264960665e-02
-6.009550598439e+00,3.287648876650e+00,9.202897899698e-02
-6.009463818419e+00,5.566325230253e+00,8.908947410895e-02
-6.009317571241e+00,7.812500250012e-02,9.303257412068e-02
-6.009128215206e+00,6.010829750697e+00,8.790687074154e-02
-6.009078807586e+00,1.093750035002e-01,9.303233950272e-02
-6.008883581945e+00,6.146478043494e+00,8.746446693140e-02
-6.008840043931e+00,1.406250045003e-01,9.303193184436e-02
-6.008601280276e+00,1.718750055004e-01,9.303138286021e-02
-6.008582994936e+00,5.445920255269e+00,8.935693159312e-02
-6.008454286319e+00,5.046926947899e+00,9.010774970963e-02
-6.008362516621e+00,2.031250065004e-01,9.303067075974e-02
-6.008250616628e+00,1.140963793400e+00,9.292502767160e-02
-6.008208705104e+00,1.587560838847e+00,9.282043999214e-02
-6.008189160705e+00,7.534700559627e+00,7.749109855169e-02
-6.008147085248e+00,6.910513634317e+00,8.377360420950e-02
-6.008123752966e+00,2.343750075005e-01,9.302978932267e-02
-6.007974819603e+00,7.827665257551e+00,7.188143903849e-02
-6.007948368593e+00,3.197942019016e+00,9.209182449025e-02
-6.007929834968e+00,3.558473716659e+00,9.183187727860e-02
-6.007927301197e+00,4.219664546733e+00,9.122184242995e-02
-6.007884989311e+00,2.656250085005e-01,9.302876646328e-02
-6.007790771884e+00,6.719260573490e+00,8.495504881997e-02
-6.007646225656e+00,2.968750095005e-01,9.302757591043e-02
-6.007645334401e+00,6.479996190194e+00,8.615737561185e-02
-6.007576081140e+00,5.943150279611e+00,8.811636875570e-02
-6.007453962817e+00,4.467833962794e+00,9.093759058845e-02
-6.007450512513e+00,1.383789033515e+00,9.287356768071e-02
-6.007424999319e+00,2.890120061861e+00,9.228174348751e-02
-6.007407462001e+00,3.281250105004e-01,9.302618782267e-02
-6.007168698346e+00,3.593750115004e-01,9.302464783660e-02
-6.007069364751e+00,6.214425939183e+00,8.723149135318e-02
-6.007009797333e+00,5.687083251423e+00,8.880885641405e-02
-6.006929934691e+00,3.906250125003e-01,9.302295487479e-02
-6.006845331167e+00,1.957753868497e+00,9.270646417050e-02
-6.006691171036e+00,4.218750135002e-01,9.302108109603e-02
-6.006573878168e+00,7.249872093063e+00,8.098631263473e-02
-6.006452407381e+00,4.531250145001e-01,9.301906592004e-02
-6.006323033429e+00,8.212682555183e+00,5.677823511602e-02
-6.006213643726e+00,4.843750155000e-01,9.301688945247e-02
-6.005735163116e+00,5.156250165000e-01,9.301479440884e-02
-6.005705291711e+00,8.054174346422e+00,6.478883656058e-02
-6.005684305678e+00,1.792411530198e+00,9.276272180023e-02
-6.005620597007e+00,2.123895788005e+00,9.264688798827e-02
-6.005520624453e+00,7.108565497931e+00,8.229333501783e-02
-6.005310887032e+00,3.108548759519e+00,9.215312235899e-02
-6.005223832163e+00,5.100035028617e+00,9.002451023037e-02
-6.005198888628e+00,4.024819298866e+00,9.142653215577e-02
-6.005176449555e+00,3.649255846485e+00,9.176301417808e-02
-6.005039192562e+00,2.545252160672e+00,9.246573027784e-02
-6.005016965553e+00,5.468750175001e-01,9.301281289659e-02
-6.004982098153e+00,7.602861503902e+00,7.646540786627e-02
-6.004919417025e+00,5.875581086930e+00,8.831875999196e-02
-6.004825945205e+00,3.882165904295e+00,9.156204884686e-02
-6.004604932585e+00,6.535004372954e+00,8.591771226924e-02
-6.004435998537e+00,8.371968739602e+00,4.366085323199e-02
-6.004422070056e+00,5.325929281487e+00,8.961118397008e-02
-6.004298767989e+00,5.781250185002e-01,9.301066127001e-02
-6.004291367540e+00,2.417729430898e+00,9.252594010592e-02
-6.004166992876e+00,4.415779399934e+00,9.100607679679e-02
-6.004115718777e+00,6.282442262607e+00,8.699017470561e-02
-6.004109696373e+00,2.673293786680e+00,9.240335061021e-02
-6.003592515700e+00,6.777094652261e+00,8.464533211136e-02
-6.003580570425e+00,6.093750195002e-01,9.300831690084e-02
-6.003561149241e+00,1.181210268860e+00,9.292218301658e-02
-6.003014087056e+00,6.970443555485e+00,8.338756284051e-02
-6.002862372862e+00,6.406250205003e-01,9.300587638814e-02
-6.002598257857e+00,7.896477808746e+00,7.018597833521e-02
-6.002308493977e+00,4.168136584763e+00,9.128572483737e-02
-6.002232189528e+00,1.627938339695e+00,9.281579459255e-02
-6.002144175298e+00,6.718750215003e-01,9.300318420901e-02
-6.002073038843e+00,1.424104132977e+00,9.286974834324e-02
-6.001917382246e+00,2.290764585566e+00,9.258402218770e-02
-6.001660136557e+00,3.019486282702e+00,9.221297544432e-02
-6.001452562921e+00,2.801814042988e+00,9.233855245790e-02
-6.001425977734e+00,7.031250225004e-01,9.300033428801e-02
-6.001419498652e+00,5.153198546410e+00,8.993993367308e-02
-6.001292646450e+00,6.590679798616e+00,8.566450874888e-02
-6.001281861954e+00,3.740260229290e+00,9.169254691446e-02
-6.001258831434e+00,7.671171261979e+00,7.533023103881e-02
-6.001167152896e+00,5.808132450796e+00,8.851455862566e-02
-6.000807491906e+00,5.499470240934e+00,8.926132661187e-02
-6.000707780171e+00,7.343750235005e-01,9.299734989507e-02
-6.000368809874e+00,4.363843756482e+00,9.107352325056e-02
-6.000247121162e+00,5.619979816287e+00,8.898926706466e-02
-6.000029124855e+00,8.531998979599e+00,1.829395316301e-02
-6.000014127316e+00,6.350516369895e+00,8.674012067791e-02
-5.999989582607e+00,7.656250245005e-01,9.299423119473e-02
-5.999761783455e+00,7.313215201823e+00,8.038985914745e-02
-5.999729792043e+00,1.998220714469e+00,9.270028526432e-02
-5.999405279900e+00,7.170527513252e+00,8.180077530737e-02
-5.999271385044e+00,7.968750255004e-01,9.299094869063e-02
-5.999101963618e+00,6.835569856728e+00,8.431603404091e-02
-5.999089978592e+00,1.832830060564e+00,9.275723774061e-02
-5.998763249533e+00,1.221442515790e+00,9.291917819003e-02
-5.998660026759e+00,8.123455743957e+00,6.199076310219e-02
-5.998553187480e+00,8.281250265002e-01,9.298741693659e-02
-5.998124568191e+00,8.282282348940e+00,5.237320743573e-02
-5.998063710110e+00,5.379347220340e+00,8.952004795032e-02
-5.997969212744e+00,2.164395317321e+00,9.264000992943e-02
-5.997834989916e+00,8.593750275002e-01,9.298375023271e-02
-5.997827490181e+00,3.973760477007e+00,9.148732874978e-02
-5.997703541945e+00,6.647016225001e+00,8.539665518386e-02
-5.997642494583e+00,3.418365527080e+00,9.195216601277e-02
-5.997573689450e+00,7.030994425044e+00,8.297454607268e-02
-5.997495315238e+00,3.328353737349e+00,9.201684687974e-02
-5.997116792353e+00,8.906250285002e-01,9.297994877879e-02
-5.997036734931e+00,5.206412339217e+00,8.985403398147e-02
-5.997018350764e+00,2.930771403486e+00,9.227149428161e-02
-5.997017833750e+00,7.739626409476e+00,7.406716553348e-02
-5.996778046942e+00,7.379868410338e+00,7.966866876618e-02
-5.996704654946e+00,3.508648333399e+00,9.188604838833e-02
-5.996699136141e+00,7.965424939717e+00,6.825338564739e-02
-5.996585501753e+00,1.464400675930e+00,9.286576675217e-02
-5.996398594789e+00,9.218750295001e-01,9.297601280312e-02
-5.996328299470e+00,5.740814574650e+00,8.870404400522e-02
-5.996284471081e+00,3.238631008454e+00,9.208010957640e-02
-5.996270167215e+00,6.411395042036e+00,8.650526313332e-02
-5.996225713636e+00,3.831467538790e+00,9.162054201959e-02
-5.996219685153e+00,4.770360116122e+00,9.055876590477e-02
-5.996202298137e+00,4.116748906663e+00,9.134864715809e-02
-5.996144015729e+00,1.668293497940e+00,9.281098489626e-02
-5.996064492996e+00,4.312031626997e+00,9.113987001135e-02
-5.995984541860e+00,4.823016490066e+00,9.048302426995e-02
-5.995937172140e+00,2.585835506879e+00,9.245704600084e-02
-5.995910908240e+00,4.717790646658e+00,9.063335082286e-02
-5.995680397225e+00,9.531250305000e-01,9.297184576871e-02
-5.995645009921e+00,2.458284477383e+00,9.251780731705e-02
-5.995200685582e+00,4.875754853914e+00,9.040610969281e-02
-5.995077477448e+00,8.441870953440e+00,3.573375142744e-02
-5.995063041743e+00,4.665312955794e+00,9.070668166622e-02
-5.994962199662e+00,9.843750315000e-01,9.296749124231e-02
-5.994692032130e+00,7.447641781340e+00,7.885651091634e-02
-5.994660712557e+00,3.599183754277e+00,9.181845884368e-02
-5.994541528328e+00,2.713894392578e+00,9.239406869482e-02
-5.994336372870e+00,6.064730796765e+00,8.778608832966e-02
-5.994314339234e+00,6.894679815943e+00,8.396533206037e-02
-5.994031580851e+00,3.149215023491e+00,9.214188582226e-02
-5.993886645182e+00,6.132532945267e+00,8.756491850304e-02
-5.993863361550e+00,4.928570253106e+00,9.032800601251e-02
-5.993857006190e+00,1.261659873937e+00,9.291601293202e-02
-5.993832723036e+00,6.704007378452e+00,8.511291776583e-02
-5.993715964274e+00,2.331280602856e+00,9.257643414530e-02
-5.993680953920e+00,4.612931876749e+00,9.077863221299e-02
-5.993665593514e+00,5.997019697599e+00,8.799983615729e-02
-5.993532955715e+00,6.465530528963e+00,8.628380427171e-02
-5.992967811831e+00,7.233090003969e+00,8.126964037597e-02
-5.992499619984e+00,2.038658006286e+00,9.269393660575e-02
-5.992457239469e+00,1.020062220259e+00,9.296415756569e-02
-5.992423665336e+00,5.553035816852e+00,8.916399031388e-02
-5.992382529006e+00,1.873222348411e+00,9.275158714719e-02
-5.992307717305e+00,6.200415653547e+00,8.733598542807e-02
-5.992257599355e+00,7.808223510767e+00,7.265344401173e-02
-5.992093319116e+00,7.515571238391e+00,7.796770296612e-02
-5.992071030270e+00,5.259671206486e+00,8.976679378350e-02
-5.991967853488e+00,4.981457693145e+00,9.024869715000e-02
-5.991883082725e+00,5.929410064278e+00,8.820579934670e-02
-5.991821237237e+00,7.092159777032e+00,8.253174736163e-02
-5.991769550226e+00,4.560652201752e+00,9.084949847941e-02
-5.991489859044e+00,3.689953034869e+00,9.174907221587e-02
-5.991408008814e+00,2.842420562370e+00,9.232869767039e-02
-5.991259156746e+00,4.260347563478e+00,9.120497533674e-02
-5.991107382758e+00,5.432792967518e+00,8.942749635221e-02
-5.991087579028e+00,8.192860802112e+00,5.867607319180e-02
-5.990988016335e+00,1.504677992192e+00,9.286162259109e-02
-5.990758522190e+00,3.060123100740e+00,9.220214144764e-02
-5.990529757984e+00,6.520340408603e+00,8.605024396817e-02
-5.990411947798e+00,5.673637586379e+00,8.888748110561e-02
-5.990276015120e+00,8.034503179592e+00,6.603040653523e-02
-5.990201780601e+00,2.204861892060e+00,9.263295984779e-02
-5.989987935973e+00,3.922858105717e+00,9.154698267566e-02
-5.989944321894e+00,1.708625633756e+00,9.280601054450e-02
-5.989675331847e+00,6.761646954101e+00,8.481192094893e-02
-5.989613958966e+00,4.065505903405e+00,9.141062391873e-02
-5.989590979192e+00,6.268368359535e+00,8.709892817576e-02
-5.989509484030e+00,5.034412139742e+00,9.016816712550e-02
-5.989503894447e+00,8.602187534598e+00,6.608629125979e-06
-5.989395832476e+00,8.351998305540e+00,4.691274475561e-02
-5.989333772915e+00,4.508478681866e+00,9.091929559739e-02
-5.989224904894e+00,6.954418128403e+00,8.359117132745e-02
-5.988997698206e+00,5.861912239432e+00,8.840490970040e-02
-5.988980336852e+00,7.583653381975e+00,7.699093842832e-02
-5.988842511938e+00,1.301861683462e+00,9.291268697271e-02
-5.988112281610e+00,1.060180762888e+00,9.296179801476e-02
-5.987255597791e+00,6.575818474737e+00,8.580362738151e-02
-5.987171567477e+00,3.780937070412e+00,9.167816358182e-02
-5.986976643806e+00,7.876959118954e+00,7.106055851617e-02
-5.986879833134e+00,2.498800235938e+00,9.250949832489e-02
-5.986714942807e+00,2.626376653347e+00,9.244818368793e-02
-5.986517914297e+00,5.312969909569e+00,8.967819583795e-02
-5.986487425973e+00,2.971372189952e+00,9.226105956029e-02
-5.986483614884e+00,5.087428519299e+00,9.008608262188e-02
-5.986378600855e+00,4.456416026534e+00,9.098803873395e-02
-5.986203688311e+00,7.296246410970e+00,8.069538091044e-02
-5.985957950541e+00,4.208796075233e+00,9.126910661038e-02
-5.985752114671e+00,7.153933115502e+00,8.205595872931e-02
-5.985727904539e+00,6.336380429195e+00,8.685336467643e-02
-5.985562118900e+00,1.913587705034e+00,9.274576962500e-02
-5.985397182416e+00,2.371760178968e+00,9.256867174967e-02
-5.985351535292e+00,7.651884800983e+00,7.591257549742e-02
-5.985310557257e+00,3.368997456708e+00,9.200452031377e-02
-5.985280701777e+00,1.544935412200e+00,9.285731553441e-02
-5.985226548872e+00,6.819928616055e+00,8.449212650817e-02
-5.985185694584e+00,8.511881784048e+00,2.509952609615e-02
-5.985154997147e+00,2.079065046202e+00,9.268741772916e-02
-5.985058391250e+00,3.459015571068e+00,9.193941794440e-02
-5.985018379279e+00,5.794536491083e+00,8.859758558119e-02
-5.984851829136e+00,2.754449823103e+00,9.238460464843e-02
-5.984492413994e+00,3.279261376575e+00,9.206820149806e-02
-5.983828961736e+00,7.014778362407e+00,8.319122655500e-02
-5.983719863510e+00,1.342047285163e+00,9.290920003238e-02
-5.983714672312e+00,3.549297545279e+00,9.187287616893e-02
-5.983705536679e+00,6.631958489472e+00,8.554289720440e-02
-5.983660890198e+00,1.100287313606e+00,9.295927939555e-02
-5.983633250368e+00,1.748934068083e+00,9.280087117031e-02
-5.983548749253e+00,5.486261161326e+00,8.933326055239e-02
-5.983427268778e+00,5.606611537608e+00,8.906512148417e-02
-5.983327476831e+00,8.103709046749e+00,6.344655637086e-02
-5.982986575857e+00,8.262386016322e+00,5.468760289271e-02
-5.982909049206e+00,4.404468903295e+00,9.105574307545e-02
-5.982885647026e+00,5.140501719340e+00,9.000255351303e-02
-5.982625472170e+00,3.189825144940e+00,9.213046073156e-02
-5.982548755525e+00,4.014411922098e+00,9.147166959786e-02
-5.982318503483e+00,2.245294805890e+00,9.262573725720e-02
-5.982121510689e+00,6.397128623212e+00,8.662343666154e-02
-5.981685597366e+00,3.872116411102e+00,9.160571550066e-02
-5.981258429004e+00,3.639824849537e+00,9.180475386983e-02
-5.981240670557e+00,2.882978868804e+00,9.231865875780e-02
-5.981205385381e+00,7.720262072908e+00,7.471600116245e-02
-5.981173504074e+00,7.945829775965e+00,6.925232923763e-02
-5.980495208389e+00,7.360898067790e+00,8.004882880183e-02
-5.980481593220e+00,6.878845997568e+00,8.415180878475e-02
-5.980372957301e+00,5.366303172005e+00,8.958822305195e-02
-5.980256108283e+00,1.562500050003e-02,9.306372956876e-02
-5.980166058551e+00,4.157381628352e+00,9.133227816580e-02
-5.980135499523e+00,8.421826897814e+00,3.996676954782e-02
-5.980022371231e+00,4.687500150008e-02,9.306378855074e-02
-5.979954145892e+00,5.727293012500e+00,8.878409730687e-02
-5.979874674187e+00,6.688754183415e+00,8.526687953026e-02
-5.979788634179e+00,7.812500250012e-02,9.306370622298e-02
-5.979731503472e+00,3.100706213130e+00,9.219112011546e-02
-5.979554897127e+00,1.093750035002e-01,9.306346899138e-02
-5.979463681343e+00,1.585172267163e+00,9.285284524749e-02
-5.979420577030e+00,6.451064867732e+00,8.640745291151e-02
-5.979361745494e+00,7.216307914875e+00,8.154349656973e-02
-5.979321160076e+00,1.406250045003e-01,9.306305663358e-02
-5.979105774867e+00,6.050852446034e+00,8.788081950665e-02
-5.979103140263e+00,1.140381224241e+00,9.295660147704e-02
-5.979087423024e+00,1.718750055004e-01,9.306250292990e-02
-5.978930169008e+00,4.352641937656e+00,9.112242381215e-02
-5.978889708419e+00,6.118587847041e+00,8.766338198267e-02
-5.978853685972e+00,2.031250065004e-01,9.306179361695e-02
-5.978711021137e+00,5.193626588624e+00,8.991772301935e-02
-5.978628914447e+00,1.953925442730e+00,9.273978477236e-02
-5.978619948920e+00,2.343750075005e-01,9.306090959745e-02
-5.978502497377e+00,7.428591720530e+00,7.927154856835e-02
-5.978489161655e+00,1.382216020457e+00,9.290555182159e-02
-5.978386211869e+00,2.656250085005e-01,9.305988412937e-02
-5.978202971823e+00,5.983209644501e+00,8.809101969379e-02
-5.978152474817e+00,2.968750095005e-01,9.305870177037e-02
-5.978121850022e+00,7.075754056132e+00,8.276285611302e-02
-5.977996078742e+00,2.539275983391e+00,9.250101263014e-02
-5.977918737765e+00,3.281250105004e-01,9.305731353246e-02
-5.977696109988e+00,2.119441137407e+00,9.268072816248e-02
-5.977685000713e+00,3.593750115004e-01,9.305577345218e-02
-5.977668967713e+00,3.730578602368e+00,9.173492719720e-02
-5.977546069860e+00,6.186405367910e+00,8.743837755318e-02
-5.977451263662e+00,3.906250125003e-01,9.305409214402e-02
-5.977372763876e+00,2.666874868535e+00,9.243914284632e-02
-5.977217526610e+00,4.218750135002e-01,9.305222256190e-02
-5.977210947613e+00,1.789218122824e+00,9.279556639876e-02
-5.976983789558e+00,4.531250145001e-01,9.305020932950e-02
-5.976961260839e+00,2.412202599626e+00,9.256073450258e-02
-5.976750052506e+00,4.843750155000e-01,9.304805215114e-02
-5.976540379107e+00,7.788781763984e+00,7.338077557509e-02
-5.976454583383e+00,6.505676444252e+00,8.617978578914e-02
-5.976281645173e+00,5.156250165000e-01,9.304595296185e-02
-5.976278958926e+00,4.758324182536e+00,9.061355636202e-02
-5.976239372844e+00,4.810882102397e+00,9.053870975205e-02
-5.976190084311e+00,5.915669848945e+00,8.829354573199e-02
-5.975997477527e+00,7.496441917155e+00,7.842235392428e-02
-5.975852124628e+00,8.173039049041e+00,6.040653833389e-02
-5.975832535193e+00,3.011921665201e+00,9.225043880567e-02
-5.975776454812e+00,4.705854484563e+00,9.068726456247e-02
-5.975758147994e+00,6.746199255941e+00,8.497426732389e-02
-5.975652895726e+00,4.863523340698e+00,9.046270880640e-02
-5.975578567558e+00,5.468750175001e-01,9.304395903654e-02
-5.975435722733e+00,6.938392701320e+00,8.378902528500e-02
-5.975383512252e+00,5.539746403451e+00,8.923720415699e-02
-5.975066239607e+00,6.254294456463e+00,8.720545787441e-02
-5.975040876272e+00,2.794959338703e+00,9.237495791482e-02
-5.975012000340e+00,3.963471265676e+00,9.153171176394e-02
-5.974875489943e+00,5.781250185002e-01,9.304181576935e-02
-5.974846738530e+00,8.014832012761e+00,6.718213740367e-02
-5.974759368995e+00,8.581997682508e+00,1.008796516830e-02
-5.974736699115e+00,4.653477871426e+00,9.075961125471e-02
-5.974514764676e+00,4.916242953951e+00,9.038553766454e-02
-5.974447046954e+00,4.300939712672e+00,9.118789691151e-02
-5.974439110801e+00,1.180461846935e+00,9.295376401809e-02
-5.974355666414e+00,8.332027871479e+00,4.979725534563e-02
-5.974319588620e+00,2.285693353654e+00,9.261834166680e-02
-5.974172412328e+00,6.093750195002e-01,9.303944923746e-02
-5.973955217962e+00,5.246797937370e+00,8.983157412091e-02
-5.973888699287e+00,4.106108645563e+00,9.139450431547e-02
-5.973814098263e+00,5.660191921336e+00,8.896470144577e-02
-5.973631770581e+00,5.419665679767e+00,8.949685849843e-02
-5.973537082353e+00,1.625387889109e+00,9.284821138686e-02
-5.973469334713e+00,6.406250205003e-01,9.303699447451e-02
-5.973218549132e+00,6.560957150858e+00,8.593952413201e-02
-5.973164568018e+00,4.601199165122e+00,9.083073086924e-02
-5.973150511130e+00,1.422367231370e+00,9.290174204123e-02
-5.973075979386e+00,5.848243391933e+00,8.848946218520e-02
-5.972996699353e+00,3.409579247139e+00,9.199199883037e-02
-5.972978575551e+00,7.564445260048e+00,7.749111485606e-02
-5.972925878195e+00,3.821539574460e+00,9.166357636343e-02
-5.972820255223e+00,4.969035958685e+00,9.030718054866e-02
-5.972766257098e+00,6.718750215003e-01,9.303434003404e-02
-5.972645593167e+00,7.279277620117e+00,8.099011044429e-02
-5.972572556860e+00,3.319832343662e+00,9.205609974159e-02
-5.972343931151e+00,3.499601117676e+00,9.192647385018e-02
-5.972098949442e+00,7.137338717751e+00,8.230304649050e-02
-5.972063179483e+00,7.031250225004e-01,9.303148020022e-02
-5.971583086012e+00,1.994234874804e+00,9.273363218109e-02
-5.971441681763e+00,6.322244488494e+00,8.696425444814e-02
-5.971360101868e+00,7.343750235005e-01,9.302848529090e-02
-5.971355029754e+00,7.857440429161e+00,7.188146266418e-02
-5.971351134126e+00,6.804287375381e+00,8.466360100867e-02
-5.971092905370e+00,3.230378352408e+00,9.211879513311e-02
-5.971064974831e+00,4.549023146609e+00,9.090078303194e-02
-5.970950844197e+00,2.923488215045e+00,9.230843518178e-02
-5.970677564198e+00,1.829477120878e+00,9.279009584719e-02
-5.970657024253e+00,7.656250245005e-01,9.302535545430e-02
-5.970593119742e+00,3.589879651750e+00,9.185950696889e-02
-5.970564681740e+00,5.021897331586e+00,9.022762178099e-02
-5.970342264312e+00,8.491764588496e+00,3.083482552337e-02
-5.970123149207e+00,2.159785584238e+00,9.267386742761e-02
-5.970084234021e+00,6.998562299770e+00,8.340158158468e-02
-5.969953946638e+00,7.968750255004e-01,9.302209086377e-02
-5.969707531413e+00,6.616900753942e+00,8.568566017413e-02
-5.969668884738e+00,1.220528534471e+00,9.295076676742e-02
-5.969464804984e+00,4.249366768794e+00,9.125227688395e-02
-5.969444239150e+00,7.632598339988e+00,7.646542571390e-02
-5.969250869023e+00,8.281250265002e-01,9.301858272611e-02
-5.968993992700e+00,2.579710998096e+00,9.249234973324e-02
-5.968869605662e+00,5.780940531371e+00,8.867909695744e-02
-5.968613758537e+00,5.300010537650e+00,8.974408993054e-02
-5.968579409945e+00,3.141234856815e+00,9.217991096811e-02
-5.968547791408e+00,8.593750275002e-01,9.301490858995e-02
-5.968442869594e+00,4.496954555634e+00,9.096978260888e-02
-5.968408428080e+00,2.452607151874e+00,9.255262190338e-02
-5.967994926902e+00,8.083962349540e+00,6.478886739022e-02
-5.967972854163e+00,6.382862204388e+00,8.673910248271e-02
-5.967910899137e+00,2.707329422439e+00,9.242992298545e-02
-5.967848583523e+00,8.242489683705e+00,5.677827136567e-02
-5.967844713794e+00,8.906250285002e-01,9.301109903876e-02
-5.967743397605e+00,5.074822009982e+00,9.014666295760e-02
-5.967723406827e+00,3.680396192410e+00,9.179084644039e-02
-5.967704020689e+00,1.462500260654e+00,9.289777038272e-02
-5.967501036194e+00,1.665581610880e+00,9.284341360034e-02
-5.967141636179e+00,9.218750295001e-01,9.300715427944e-02
-5.967131125196e+00,4.054981506110e+00,9.145579933729e-02
-5.967009038932e+00,3.912688192877e+00,9.159068449248e-02
-5.966648847207e+00,6.863012179193e+00,8.433324556701e-02
-5.966607416393e+00,5.593243258929e+00,8.913964172138e-02
-5.966438558564e+00,9.531250305000e-01,9.300305140800e-02
-5.966290006600e+00,5.473052081719e+00,8.940395640325e-02
-5.966205247528e+00,2.326056831476e+00,9.261077258158e-02
-5.965916625339e+00,6.673500988377e+00,8.541707638376e-02
-5.965755679156e+00,7.199525825782e+00,8.180834467867e-02
-5.965735480949e+00,9.843750315000e-01,9.299869245886e-02
-5.965647872007e+00,7.926234612214e+00,7.018600403411e-02
-5.965599160977e+00,7.342835647030e+00,8.039068125299e-02
-5.965392937012e+00,7.700897736341e+00,7.533025053890e-02
-5.965308198344e+00,6.436599206502e+00,8.652841173324e-02
-5.965303238893e+00,4.444998090274e+00,9.103774450150e-02
-5.965193521598e+00,8.401782842187e+00,4.366089271669e-02
-5.965108951671e+00,2.835422201622e+00,9.236512794067e-02
-5.965053993328e+00,3.052419074947e+00,9.223963150861e-02
-5.964792548928e+00,1.260580640209e+00,9.294760946374e-02
-5.964424808126e+00,2.034515315659e+00,9.272731143695e-02
-5.964422462806e+00,7.059348335233e+00,8.298698921321e-02
-5.964351795399e+00,5.127804892270e+00,9.006415777907e-02
-5.964033254838e+00,1.869710385977e+00,9.278445912551e-02
-5.963988599886e+00,4.197927603733e+00,9.131569763222e-02
-5.963892771657e+00,6.104642748814e+00,8.775991572789e-02
-5.963875176864e+00,6.036974095303e+00,8.797372351393e-02
-5.963714214353e+00,3.771131732180e+00,9.172057877288e-02
-5.963579992314e+00,5.713771450350e+00,8.886271172255e-02
-5.963246880676e+00,1.019978833309e+00,9.299535868688e-02
-5.962784422415e+00,6.172395082273e+00,8.753873036634e-02
-5.962740350131e+00,5.969399591404e+00,8.818044775328e-02
-5.962682204493e+00,5.353259123670e+00,8.965525371136e-02
-5.962436309665e+00,2.200097692464e+00,9.266683504075e-02
-5.962379408782e+00,6.491012479901e+00,8.630643719112e-02
-5.962312962624e+00,7.409541659719e+00,7.966868205150e-02
-5.962149803098e+00,1.502614451665e+00,9.289363652809e-02
-5.961840964141e+00,6.730751557781e+00,8.513253009775e-02
-5.961651105537e+00,4.393158406656e+00,9.110468363093e-02
-5.961646540571e+00,6.922367274238e+00,8.398136340194e-02
-5.961355678317e+00,1.705752766113e+00,9.283845152729e-02
-5.960823158860e+00,7.769340017200e+00,7.406718680361e-02
-5.960616670228e+00,8.153217295969e+00,6.199079637855e-02
-5.960554121220e+00,3.450098323257e+00,9.197928198118e-02
-5.960541500022e+00,6.240220553392e+00,8.730983109435e-02
-5.960538830276e+00,2.963947855795e+00,9.229802641014e-02
-5.960525263919e+00,3.360343132265e+00,9.204380380988e-02
-5.960497085896e+00,5.901929633612e+00,8.837965510104e-02
-5.960385307343e+00,5.180840838030e+00,8.998037239918e-02
-5.960014843543e+00,8.561807830419e+00,1.829397910358e-02
-5.959901635939e+00,7.477312595919e+00,7.885652552197e-02
-5.959898622421e+00,4.004004545330e+00,9.151617746165e-02
-5.959873825338e+00,2.620104559960e+00,9.248350913506e-02
-5.959810194186e+00,1.300617517915e+00,9.294429183578e-02
-5.959738917036e+00,2.492973124083e+00,9.254433344963e-02
-5.959499509656e+00,3.540121373898e+00,9.191333333986e-02
-5.959434229549e+00,3.270873876501e+00,9.210691702057e-02
-5.959417461939e+00,7.995160845930e+00,6.825341355324e-02
-5.959315500353e+00,8.312057437418e+00,5.237324582588e-02
-5.959181500473e+00,6.546095826980e+00,8.607230895022e-02
-5.959087498023e+00,7.262308829265e+00,8.127477531030e-02
-5.958920643446e+00,1.059930724858e+00,9.299300512071e-02
-5.958545249527e+00,3.862066917908e+00,9.164878499817e-02
-5.958445784214e+00,7.120744320001e+00,8.254241482810e-02
-5.958343359168e+00,5.526456990051e+00,8.930914984229e-02
-5.958329616836e+00,2.747739586631e+00,9.242052361786e-02
-5.958023623124e+00,4.146626671941e+00,9.137817324707e-02
-5.957975696016e+00,2.366384536767e+00,9.260302950286e-02
-5.957491528143e+00,4.341440118830e+00,9.117060736662e-02
-5.957475719380e+00,6.788646134708e+00,8.483063551026e-02
-5.957340408454e+00,3.630393852590e+00,9.184593478714e-02
-5.957302575746e+00,3.181708270863e+00,9.216851353888e-02
-5.957278178365e+00,1.909917242788e+00,9.277865583646e-02
-5.957216248728e+00,5.646746256293e+00,8.904055499644e-02
-5.957155458986e+00,6.308108547793e+00,8.707286235369e-02
-5.957154260567e+00,5.834574544435e+00,8.857246157596e-02
-5.957154259477e+00,2.074766080840e+00,9.272082211992e-02
-5.956976814250e+00,7.545237138122e+00,7.796771898204e-02
-5.956494203829e+00,4.798747714729e+00,9.059353840224e-02
-5.956487975138e+00,1.542709148367e+00,9.288934015014e-02
-5.956339506307e+00,6.982346237133e+00,8.360588201786e-02
-5.956338232699e+00,4.746288248949e+00,9.066750944637e-02
-5.956156158404e+00,5.406538392016e+00,8.956504889430e-02
-5.956105105870e+00,4.851291827482e+00,9.051843117015e-02
-5.955839405655e+00,5.233924668254e+00,8.989529013771e-02
-5.955733415703e+00,7.837921739369e+00,7.265346717741e-02
-5.955709526147e+00,6.601843018413e+00,8.582506597121e-02
-5.955642001383e+00,4.693918322468e+00,9.074035993875e-02
-5.955498834041e+00,8.471647392945e+00,3.573378973633e-02
-5.955166167802e+00,4.903915654796e+00,9.044217218031e-02
-5.955101148247e+00,1.745900689192e+00,9.283332479883e-02
-5.955056341795e+00,2.875837675746e+00,9.235511417659e-02
-5.954721915253e+00,1.340638521980e+00,9.294081360245e-02
-5.954635790476e+00,2.240376768958e+00,9.265963051289e-02
-5.954490213369e+00,1.099870876958e+00,9.299049286535e-02
-5.954410356487e+00,4.641642787058e+00,9.081174689582e-02
-5.954152119912e+00,3.092863666740e+00,9.222863716996e-02
-5.954056073472e+00,3.720896975447e+00,9.177673616017e-02
-5.953824197636e+00,6.368595785564e+00,8.685233920947e-02
-5.953672656959e+00,4.956614224225e+00,9.036474594635e-02
-5.953536943008e+00,7.613311878993e+00,7.699095595233e-02
-5.952829600912e+00,4.289847798346e+00,9.123523578008e-02
-5.952816101193e+00,6.847178360819e+00,8.450984246950e-02
-5.952720832045e+00,5.767344571658e+00,8.875913405576e-02
-5.952710591190e+00,8.222593351087e+00,5.867610892323e-02
-5.952662376974e+00,8.064215652332e+00,6.603043677406e-02
-5.952648182116e+00,4.589466453494e+00,9.088205333979e-02
-5.952196510500e+00,3.953182054345e+00,9.157544883520e-02
-5.952149612819e+00,7.182743736688e+00,8.206461851150e-02
-5.952089904707e+00,7.325681148057e+00,8.069773841061e-02
-5.951958576491e+00,6.658247793340e+00,8.556364381411e-02
-5.951619879451e+00,5.009382523429e+00,9.028613708260e-02
-5.951575100437e+00,4.095468384463e+00,9.143971779842e-02
-5.951195819658e+00,6.422133545271e+00,8.664676711084e-02
-5.950952964923e+00,2.533299806111e+00,9.253586863773e-02
-5.950723075591e+00,7.042942614334e+00,8.320445533129e-02
-5.950718657582e+00,1.582783695478e+00,9.288488091261e-02
-5.950717118014e+00,1.562500050003e-02,9.309452413949e-02
-5.950709602777e+00,5.287051165732e+00,8.980889444885e-02
-5.950635831380e+00,2.660455950389e+00,9.247449033767e-02
-5.950488407566e+00,4.687500150008e-02,9.309457645948e-02
-5.950412497728e+00,1.950097016963e+00,9.277268557591e-02
-5.950360399435e+00,4.537394091467e+00,9.095130875951e-02
-5.950259697117e+00,7.812500250012e-02,9.309448747714e-02
-5.950251543674e+00,8.381738786560e+00,4.691278464004e-02
-5.950122239940e+00,7.906639448462e+00,7.106058370931e-02
-5.950030986669e+00,1.093750035002e-01,9.309424769453e-02
-5.950004933829e+00,3.004357047701e+00,9.228743191802e-02
-5.949955663897e+00,1.139798655081e+00,9.298782168849e-02
-5.949802276220e+00,1.406250045003e-01,9.309383080367e-02
-5.949787564009e+00,5.579874980250e+00,8.921286299354e-02
-5.949771622969e+00,2.114986486810e+00,9.271416380469e-02
-5.949631154139e+00,2.406675768355e+00,9.259511192880e-02
-5.949626042754e+00,3.811611610130e+00,9.170602662889e-02
-5.949580488642e+00,7.681533399773e+00,7.591259463551e-02
-5.949573565772e+00,1.718750055004e-01,9.309327257130e-02
-5.949527810797e+00,1.380643007399e+00,9.293717447287e-02
-5.949344855323e+00,2.031250065004e-01,9.309256599556e-02
-5.949151975935e+00,8.631953066462e+00,6.608629158264e-06
-5.949116144875e+00,2.343750075005e-01,9.309167956396e-02
-5.949031263948e+00,5.459843002111e+00,8.947344626445e-02
-5.949003180326e+00,5.062215500664e+00,9.020627562900e-02
-5.948895834894e+00,6.090697650588e+00,8.785457586278e-02
-5.948887434426e+00,2.656250085005e-01,9.309065168223e-02
-5.948737589547e+00,1.786024715449e+00,9.282803303803e-02
-5.948658723978e+00,2.968750095005e-01,9.308947189910e-02
-5.948644578862e+00,6.023095744572e+00,8.806485271899e-02
-5.948629189622e+00,2.788104634418e+00,9.241091356916e-02
-5.948430013529e+00,3.281250105004e-01,9.308808913472e-02
-5.948350904124e+00,3.400792967198e+00,9.203131322401e-02
-5.948304234181e+00,6.476348515550e+00,8.643029330444e-02
-5.948201303081e+00,3.593750115004e-01,9.308654915264e-02
-5.948022774969e+00,6.158384796637e+00,8.763710406975e-02
-5.947983207355e+00,3.490553901953e+00,9.196636934007e-02
-5.947972592632e+00,3.906250125003e-01,9.308486790786e-02
-5.947923780287e+00,6.715303859621e+00,8.528686034278e-02
-5.947857358409e+00,6.906341847155e+00,8.416841140353e-02
-5.947743882184e+00,4.218750135002e-01,9.308301400637e-02
-5.947670453223e+00,4.238385974109e+00,9.129890559435e-02
-5.947649798482e+00,3.311310949975e+00,9.209484551903e-02
-5.947551966272e+00,4.485430429403e+00,9.101952776298e-02
-5.947515171735e+00,4.531250145001e-01,9.308100291779e-02
-5.947286461287e+00,4.843750155000e-01,9.307885032394e-02
-5.947277728439e+00,5.955589538306e+00,8.826814586690e-02
-5.947205838736e+00,5.700249888200e+00,8.893992593699e-02
-5.946828127229e+00,5.156250165000e-01,9.307676166175e-02
-5.946721794994e+00,2.280622121741e+00,9.265225335022e-02
-5.946525526927e+00,3.580575549222e+00,9.189999604975e-02
-5.946140169563e+00,5.468750175001e-01,9.307475588929e-02
-5.946123427870e+00,7.390491598908e+00,8.004884186719e-02
-5.946016760437e+00,6.226146650320e+00,8.741211246946e-02
-5.945901339659e+00,3.222125696362e+00,9.215692737546e-02
-5.945817943772e+00,5.115108065199e+00,9.012477155540e-02
-5.945529402878e+00,7.245340038412e+00,8.154987838440e-02
-5.945452211897e+00,5.781250185002e-01,9.307260851820e-02
-5.945381215828e+00,8.133395542898e+00,6.344658904534e-02
-5.945317072362e+00,1.179713425010e+00,9.298499134767e-02
-5.945270318092e+00,8.541617978329e+00,2.509955864934e-02
-5.945144451814e+00,6.531234503101e+00,8.620208687576e-02
-5.945105938612e+00,7.749898270417e+00,7.471602202914e-02
-5.944991451684e+00,5.340215075335e+00,8.972116893878e-02
-5.944883337629e+00,2.916205026605e+00,9.234491607807e-02
-5.944841975178e+00,1.622837438523e+00,9.288025847034e-02
-5.944804087481e+00,5.888189418279e+00,8.846417292578e-02
-5.944792618985e+00,7.104149922250e+00,8.277441710235e-02
-5.944764254231e+00,6.093750195002e-01,9.307023311413e-02
-5.944648291426e+00,4.044457108815e+00,9.150034532193e-02
-5.944275334291e+00,8.292087003356e+00,5.468764094179e-02
-5.944227983418e+00,1.420630329763e+00,9.293337414653e-02
-5.944227876931e+00,4.433580154014e+00,9.108672499373e-02
-5.944076296564e+00,6.406250205003e-01,9.306776480933e-02
-5.944030141891e+00,3.902518280037e+00,9.163378926581e-02
-5.943988185348e+00,7.975489679099e+00,6.925235659339e-02
-5.943956954611e+00,3.670839349951e+00,9.183206186822e-02
-5.943805794350e+00,7.458183274683e+00,7.927156292528e-02
-5.943600304634e+00,6.773004894035e+00,8.499339899968e-02
-5.943436379981e+00,1.990249035139e+00,9.276654793323e-02
-5.943388338898e+00,6.718750215003e-01,9.306514700184e-02
-5.943127239039e+00,3.133254690139e+00,9.221745530180e-02
-5.942869236210e+00,6.293972607092e+00,8.717925784771e-02
-5.942700381232e+00,7.031250225004e-01,9.306227787855e-02
-5.942594778593e+00,6.966130174496e+00,8.380438352663e-02
-5.942277085670e+00,2.155175851155e+00,9.270732609783e-02
-5.942265149805e+00,1.826124181192e+00,9.282257586020e-02
-5.942059593549e+00,5.168055087436e+00,9.004200791831e-02
-5.942050813260e+00,2.573586489314e+00,9.252722696364e-02
-5.942019249231e+00,4.187059132233e+00,9.136163067080e-02
-5.942012423566e+00,7.343750235005e-01,9.305927312035e-02
-5.941711520882e+00,6.586785282884e+00,8.596123088523e-02
-5.941324465900e+00,7.656250245005e-01,9.305613285975e-02
-5.941303206084e+00,5.513167576650e+00,8.937986041313e-02
-5.941280269946e+00,2.700764452301e+00,9.246529284517e-02
-5.941232541747e+00,5.820905696936e+00,8.865395041992e-02
-5.941171846238e+00,2.446929826366e+00,9.258701935502e-02
-5.940975052949e+00,7.526029016195e+00,7.842236966042e-02
-5.940655403769e+00,8.451530197393e+00,3.996680948124e-02
-5.940636508233e+00,7.968750255004e-01,9.305285725309e-02
-5.940618399193e+00,5.633300591249e+00,8.911507801916e-02
-5.940574519942e+00,1.219614553151e+00,9.298200159030e-02
-5.940393161867e+00,4.381847910017e+00,9.115291511527e-02
-5.940256861229e+00,3.761326393948e+00,9.176242266617e-02
-5.940111801652e+00,7.818403049577e+00,7.338079829316e-02
-5.939948550567e+00,8.281250265002e-01,9.304940090823e-02
-5.939675541110e+00,6.354329366740e+00,8.696322223294e-02
-5.939349464467e+00,3.044715049154e+00,9.227665118896e-02
-5.939260592901e+00,8.593750275002e-01,9.304572001421e-02
-5.938983355179e+00,6.831344542444e+00,8.468178915547e-02
-5.938858056660e+00,1.662869723820e+00,9.287547246946e-02
-5.938822539625e+00,1.460599845378e+00,9.292941231337e-02
-5.938809894528e+00,2.828423840875e+00,9.240110824201e-02
-5.938694530782e+00,2.320833060097e+00,9.264470305464e-02
-5.938680546227e+00,5.393411104264e+00,8.963209738323e-02
-5.938580648437e+00,7.308526649083e+00,8.099389788076e-02
-5.938572635235e+00,8.906250285002e-01,9.304190308697e-02
-5.938543546481e+00,7.165961647594e+00,8.231272455539e-02
-5.938000527643e+00,6.642994598302e+00,8.570671092604e-02
-5.937884677568e+00,9.218750295001e-01,9.303795031277e-02
-5.937723593348e+00,5.221051399139e+00,8.995796836536e-02
-5.937629646867e+00,7.594025417997e+00,7.749113206616e-02
-5.937572598856e+00,8.202697018469e+00,6.040657349464e-02
-5.937329827045e+00,8.044468955124e+00,6.718216705421e-02
-5.937248489317e+00,3.993597168562e+00,9.156000841612e-02
-5.937196719902e+00,9.531250305001e-01,9.303386190437e-02
-5.937083440972e+00,6.407667884040e+00,8.676260179130e-02
-5.937023688376e+00,7.026536893435e+00,8.341554525895e-02
-5.936749034813e+00,4.786613327061e+00,9.064753055786e-02
-5.936572058428e+00,5.753748611946e+00,8.883773671831e-02
-5.936557316014e+00,4.839060314266e+00,9.057329768290e-02
-5.936508762236e+00,9.843750315000e-01,9.302954712673e-02
-5.936397506472e+00,4.734252315363e+00,9.072064494919e-02
-5.936349996268e+00,2.030372625032e+00,9.276024249155e-02
-5.936052887277e+00,4.330238300004e+00,9.121798348911e-02
-5.936049851190e+00,3.441181075445e+00,9.201862752503e-02
-5.935881187697e+00,4.135871715530e+00,9.142342486388e-02
-5.935817570928e+00,4.891588355641e+00,9.049793103607e-02
-5.935739970580e+00,3.351688807822e+00,9.208258012190e-02
-5.935728091666e+00,1.259501406481e+00,9.297885215377e-02
-5.935683980669e+00,1.866198423543e+00,9.281695287312e-02
-5.935507547955e+00,4.681982160374e+00,9.079254721842e-02
-5.935404901687e+00,3.852017424715e+00,9.169127048889e-02
-5.935309565749e+00,8.361694730933e+00,4.979729528906e-02
-5.935284347000e+00,3.530945202518e+00,9.195326050497e-02
-5.934670838730e+00,2.195333492868e+00,9.270031123810e-02
-5.934596607872e+00,7.887044284710e+00,7.188148736372e-02
-5.934590234579e+00,2.956523521638e+00,9.233453310649e-02
-5.934525058694e+00,4.944192489764e+00,9.042141541313e-02
-5.934506710108e+00,8.611691042958e+00,1.008798145356e-02
-5.934376045104e+00,3.262486376426e+00,9.214513645922e-02
-5.934229059579e+00,6.461684551199e+00,8.655144516395e-02
-5.934084013859e+00,4.629807702689e+00,9.086310705890e-02
-5.934068176248e+00,6.890316420072e+00,8.435038291983e-02
-5.934036521883e+00,1.019895446360e+00,9.302621360086e-02
-5.934006596434e+00,6.699856161461e+00,8.543740181379e-02
-5.933898898132e+00,6.076752552361e+00,8.794741638375e-02
-5.933768040273e+00,7.662169063205e+00,7.646544450080e-02
-5.933422387903e+00,3.620962855642e+00,9.188646164487e-02
-5.933413980859e+00,6.009217393841e+00,8.815425753458e-02
-5.933311589861e+00,1.500550911138e+00,9.292528865394e-02
-5.933261127524e+00,6.144374511000e+00,8.773355654729e-02
-5.933032707869e+00,2.613832466573e+00,9.251840792353e-02
-5.932967711624e+00,5.566506701571e+00,8.928481931606e-02
-5.932805447017e+00,5.274091793814e+00,8.987263668003e-02
-5.932767034740e+00,1.702879898469e+00,9.287052254756e-02
-5.932675077161e+00,4.996867715273e+00,9.034373571101e-02
-5.932598000939e+00,2.487146012228e+00,9.257875127518e-02
-5.932131796214e+00,4.577733741867e+00,9.093261760887e-02
-5.931979679323e+00,3.173591396787e+00,9.220608542888e-02
-5.931971307734e+00,7.228371247559e+00,8.181588970015e-02
-5.931815106748e+00,5.941779485208e+00,8.835421302895e-02
-5.931807404536e+00,2.741029350159e+00,9.245591616452e-02
-5.931772521295e+00,5.446633922503e+00,8.954166374480e-02
-5.931492020852e+00,6.212072747248e+00,8.751236410474e-02
-5.931298883316e+00,7.372296963792e+00,8.039150197995e-02
-5.931212154869e+00,4.278755884022e+00,9.128190215318e-02
-5.931139453756e+00,7.087555524499e+00,8.299938550839e-02
-5.931107403155e+00,6.516373179222e+00,8.632895830926e-02
-5.930831685158e+00,5.686728326049e+00,8.901577728789e-02
-5.930777876435e+00,1.299373352369e+00,9.297554276552e-02
-5.930554209617e+00,2.361008894565e+00,9.263697912420e-02
-5.930525792640e+00,8.521428126239e+00,3.083486236955e-02
-5.930443179231e+00,3.711215348526e+00,9.181798631429e-02
-5.930262963047e+00,5.049608991347e+00,9.026487694531e-02
-5.930145761427e+00,8.113573789827e+00,6.478889945294e-02
-5.929729005282e+00,1.059680686829e+00,9.302386595480e-02
-5.929724889888e+00,6.757363653362e+00,8.515205204224e-02
-5.929655824040e+00,4.525765036324e+00,9.100109317416e-02
-5.929388718364e+00,7.730456523633e+00,7.533027101392e-02
-5.929381020659e+00,3.942892843014e+00,9.161858898982e-02
-5.929261501587e+00,4.084828123363e+00,9.148430200725e-02
-5.929235168230e+00,8.272116569295e+00,5.677830895774e-02
-5.929153521807e+00,2.070467115479e+00,9.275376882821e-02
-5.929111089067e+00,5.874449202947e+00,8.854714303796e-02
-5.928994237831e+00,1.906246780543e+00,9.281116367735e-02
-5.928872013032e+00,2.868696482689e+00,9.239111946196e-02
-5.928850050879e+00,6.949914111858e+00,8.399732764833e-02
-5.928583013433e+00,6.279836666391e+00,8.728350762334e-02
-5.928572736352e+00,3.085021120351e+00,9.226568371620e-02
-5.928558908758e+00,7.955818512268e+00,7.018603085032e-02
-5.927713515616e+00,6.571727547355e+00,8.609426593401e-02
-5.927709952761e+00,7.439053953446e+00,7.966869616710e-02
-5.927695248500e+00,1.540482884533e+00,9.292100283957e-02
-5.927300698876e+00,5.327171027001e+00,8.978599679926e-02
-5.927284092145e+00,5.102411238128e+00,9.018441913254e-02
-5.926953077468e+00,2.235458732026e+00,9.269312460355e-02
-5.926661062951e+00,4.473906303171e+00,9.106854811215e-02
-5.926569046126e+00,1.742867310301e+00,9.286540833394e-02
-5.926326207314e+00,3.801683645800e+00,9.174790563007e-02
-5.925876101461e+00,4.227405179425e+00,9.134487660372e-02
-5.925811973498e+00,8.431413001842e+00,4.366093356274e-02
-5.925723966995e+00,1.339229758798e+00,9.297207314311e-02
-5.925526884584e+00,6.340062947916e+00,8.707182388615e-02
-5.925319536541e+00,1.099454440310e+00,9.302135999378e-02
-5.925310822928e+00,5.807236849437e+00,8.873396975222e-02
-5.925150609166e+00,6.815510724069e+00,8.484926555612e-02
-5.925071392168e+00,7.291372150110e+00,8.127989511989e-02
-5.924973291647e+00,7.506820894268e+00,7.885654098669e-02
-5.924937480143e+00,7.149179558500e+00,8.255304409190e-02
-5.924490187600e+00,7.798884359785e+00,7.406720908656e-02
-5.924263053001e+00,5.499878163249e+00,8.944936780100e-02
-5.924177332465e+00,2.996792430201e+00,9.232396473026e-02
-5.924042478794e+00,6.627741403265e+00,8.584640081296e-02
-5.924020549658e+00,5.619854926206e+00,8.918830553080e-02
-5.923909851103e+00,2.527323628830e+00,9.257030718159e-02
-5.923898898884e+00,2.654037032243e+00,9.250941101458e-02
-5.923733879755e+00,5.155269336843e+00,9.010265455347e-02
-5.923705108894e+00,3.392006687257e+00,9.207012034044e-02
-5.923622483559e+00,3.481506686230e+00,9.200574627579e-02
-5.923324301160e+00,7.010131172535e+00,8.362053318602e-02
-5.923152514969e+00,4.422162217754e+00,9.113499681584e-02
-5.922971062286e+00,6.393202222809e+00,8.687599508316e-02
-5.922727040104e+00,3.302789556288e+00,9.213309509177e-02
-5.922457934112e+00,3.571271446695e+00,9.193995509997e-02
-5.922434606523e+00,8.182800685851e+00,6.199083093462e-02
-5.922301047439e+00,2.401148937084e+00,9.262908105369e-02
-5.922217502972e+00,2.781249930132e+00,9.244635980643e-02
-5.922196081009e+00,1.946268591196e+00,9.280520786650e-02
-5.922165457656e+00,4.033932711519e+00,9.154427590062e-02
-5.921997277117e+00,8.024722257915e+00,6.825344262178e-02
-5.921973633821e+00,1.580395123793e+00,9.291655453244e-02
-5.921847135951e+00,2.110531836212e+00,9.274712651507e-02
-5.921722350725e+00,7.574738957002e+00,7.796773588767e-02
-5.921204934049e+00,5.380283816513e+00,8.969803283103e-02
-5.921178127746e+00,1.562500050003e-02,9.312497484303e-02
-5.921051244849e+00,3.892348367198e+00,9.167631011692e-02
-5.920954443901e+00,4.687500150008e-02,9.312502065864e-02
-5.920808187531e+00,1.139216085921e+00,9.301869548423e-02
-5.920730760055e+00,7.812500250012e-02,9.312492520228e-02
-5.920709773949e+00,3.213873040315e+00,9.219452708994e-02
-5.920566459939e+00,1.379069994340e+00,9.296844299434e-02
-5.920507076210e+00,1.093750035002e-01,9.312468292910e-02
-5.920423284811e+00,5.740152652233e+00,8.891494339180e-02
-5.920367587824e+00,8.341650675306e+00,5.237328558690e-02
-5.920283392365e+00,1.406250045003e-01,9.312426166477e-02
-5.920278994086e+00,6.874290992990e+00,8.452748028517e-02
-5.920264231482e+00,1.782831308074e+00,9.286012944983e-02
-5.920190502394e+00,3.661282507491e+00,9.187272982112e-02
-5.920153884978e+00,6.447020586847e+00,8.666997992711e-02
-5.920089412581e+00,6.684408463301e+00,8.558429138605e-02
-5.920059708520e+00,1.718750055004e-01,9.312369908638e-02
-5.920049898575e+00,4.176190660733e+00,9.140692047200e-02
-5.919861444282e+00,8.591429019454e+00,1.829400588091e-02
-5.919836024674e+00,2.031250065004e-01,9.312299519225e-02
-5.919612340829e+00,2.343750075005e-01,9.312210651668e-02
-5.919607781040e+00,5.208178130023e+00,9.001963448684e-02
-5.919388656984e+00,2.656250085005e-01,9.312107640663e-02
-5.919164973139e+00,2.968750095005e-01,9.311989451732e-02
-5.919135218197e+00,4.370537413378e+00,9.120045369835e-02
-5.919124001367e+00,2.275550889829e+00,9.268576569760e-02
-5.919070975806e+00,7.867449120958e+00,7.265349139602e-02
-5.918941289293e+00,3.281250105004e-01,9.311852190829e-02
-5.918901961369e+00,6.062807454135e+00,8.803848925955e-02
-5.918815831061e+00,2.908921838164e+00,9.238094667861e-02
-5.918717605448e+00,3.593750115004e-01,9.311698220569e-02
-5.918499480079e+00,6.130364225363e+00,8.782814347511e-02
-5.918493921603e+00,3.906250125003e-01,9.311530123019e-02
-5.918413212590e+00,7.211402456706e+00,8.207324908408e-02
-5.918270237758e+00,4.218750135002e-01,9.311346269271e-02
-5.918183382856e+00,5.995339043110e+00,8.824198650915e-02
-5.918046553912e+00,4.531250145001e-01,9.311145393532e-02
-5.917955591904e+00,7.642804726638e+00,7.699097439857e-02
-5.917839328962e+00,7.354957754368e+00,8.070008999024e-02
-5.917822870067e+00,4.843750155000e-01,9.310930364917e-02
-5.917675068132e+00,3.125274523463e+00,9.225452900393e-02
-5.917486288528e+00,7.070961126749e+00,8.321763263683e-02
-5.917374609286e+00,5.156250165000e-01,9.310722775050e-02
-5.917070354496e+00,6.501511855343e+00,8.645301926582e-02
-5.917009526158e+00,4.826828801050e+00,9.062732860964e-02
-5.917003865797e+00,4.774478939392e+00,9.070070594248e-02
-5.916967281267e+00,6.197998844176e+00,8.761064569895e-02
-5.916799508104e+00,3.751521055716e+00,9.180370774895e-02
-5.916701771568e+00,5.468750175001e-01,9.310521067164e-02
-5.916468974054e+00,4.879261056487e+00,9.055283505352e-02
-5.916456780246e+00,4.722216381777e+00,9.077298206745e-02
-5.916352485056e+00,5.927969432110e+00,8.843869439540e-02
-5.916195033922e+00,1.178965003084e+00,9.301587218246e-02
-5.916147859240e+00,5.553138422892e+00,8.935554355318e-02
-5.916146868003e+00,1.620286987936e+00,9.291194338584e-02
-5.916028933851e+00,5.781250185002e-01,9.310305195795e-02
-5.915849475142e+00,6.741722412688e+00,8.530674730012e-02
-5.915781267188e+00,8.501238274150e+00,3.573382932205e-02
-5.915377460430e+00,4.931770755304e+00,9.047721034306e-02
-5.915373094526e+00,4.670045998279e+00,9.084394482250e-02
-5.915356096133e+00,6.093750195002e-01,9.310067570781e-02
-5.915305455705e+00,1.418893428157e+00,9.296465201734e-02
-5.915289673950e+00,1.986263195473e+00,9.279908502757e-02
-5.915107633820e+00,2.567461980531e+00,9.256168656594e-02
-5.915105323164e+00,6.933698049221e+00,8.418494274885e-02
-5.914910307027e+00,8.093752036756e+00,6.603046822233e-02
-5.914901291258e+00,5.261132421895e+00,8.993534303392e-02
-5.914683258416e+00,6.406250205003e-01,9.309819453752e-02
-5.914649640755e+00,2.694199482163e+00,9.250023573580e-02
-5.914614246412e+00,4.319036481178e+00,9.126468747757e-02
-5.914598356214e+00,3.983189791793e+00,9.160318404035e-02
-5.914513778642e+00,5.433424842895e+00,8.960872907176e-02
-5.914457531580e+00,5.673206763899e+00,8.909030182396e-02
-5.914431022134e+00,2.150566118071e+00,9.274031511899e-02
-5.914296790657e+00,6.265700725690e+00,8.738567574814e-02
-5.914195002168e+00,8.252146135233e+00,5.867614597786e-02
-5.914010420698e+00,6.718750215003e-01,9.309557789405e-02
-5.913935264396e+00,2.441252500857e+00,9.262100833519e-02
-5.913852735411e+00,1.822771241506e+00,9.285468550860e-02
-5.913757671231e+00,4.617972618321e+00,9.091370966986e-02
-5.913738752270e+00,4.125116759120e+00,9.146804738227e-02
-5.913730274871e+00,4.984352907116e+00,9.040043964874e-02
-5.913715510350e+00,6.556669811825e+00,8.622427715921e-02
-5.913671498116e+00,7.711014776850e+00,7.591261473045e-02
-5.913644935605e+00,3.037011023361e+00,9.231321042594e-02
-5.913418090652e+00,5.860708987614e+00,8.862860770231e-02
-5.913337582981e+00,7.031250225004e-01,9.309273447635e-02
-5.913129632167e+00,7.936147345437e+00,7.106060999776e-02
-5.912664745263e+00,7.343750235005e-01,9.308972050479e-02
-5.912510837385e+00,2.821425480127e+00,9.243662328631e-02
-5.912264553848e+00,3.841967931522e+00,9.173318476075e-02
-5.911991907546e+00,7.656250245005e-01,9.308657049835e-02
-5.911615410312e+00,4.566001030239e+00,9.098244113398e-02
-5.911614111172e+00,7.419924632210e+00,8.004885574908e-02
-5.911562135898e+00,7.274217651137e+00,8.155624022919e-02
-5.911545581159e+00,3.432263827633e+00,9.205746570544e-02
-5.911522745768e+00,5.037002482029e+00,9.032250826002e-02
-5.911480155146e+00,1.218700571832e+00,9.301288983463e-02
-5.911378228057e+00,6.325796529092e+00,8.717821359763e-02
-5.911331413806e+00,7.132397469406e+00,8.278593511959e-02
-5.911319069828e+00,7.968750255004e-01,9.308328459692e-02
-5.911317863152e+00,6.799676905694e+00,8.501244248709e-02
-5.911183814037e+00,2.315609288718e+00,9.267823401921e-02
-5.911069184344e+00,3.521769031138e+00,9.199266906281e-02
-5.910968543226e+00,8.411295806290e+00,4.691282589961e-02
-5.910954677241e+00,3.343034483378e+00,9.212086011415e-02
-5.910646232111e+00,8.281250265002e-01,9.307986296360e-02
-5.910215077125e+00,1.660157836760e+00,9.290716904426e-02
-5.910084429946e+00,6.612488208227e+00,8.598283090290e-02
-5.909973394393e+00,8.593750275002e-01,9.307619157369e-02
-5.909941058562e+00,1.458699430102e+00,9.296069990070e-02
-5.909624913945e+00,6.993725451636e+00,8.381967786828e-02
-5.909609946067e+00,5.314126978666e+00,8.984976445066e-02
-5.909594708827e+00,4.267663969697e+00,9.132791112631e-02
-5.909504367353e+00,3.611531858695e+00,9.192645277739e-02
-5.909389104108e+00,5.793568001938e+00,8.881255916236e-02
-5.909317860659e+00,3.254098876351e+00,9.218277983929e-02
-5.909300556676e+00,8.906250285002e-01,9.307236795520e-02
-5.908971530346e+00,7.487612772341e+00,7.927157812668e-02
-5.908951248644e+00,4.514135981182e+00,9.105015327737e-02
-5.908868573549e+00,7.779365669993e+00,7.471604388944e-02
-5.908858683601e+00,6.378736561578e+00,8.698702303339e-02
-5.908750240518e+00,5.089714411058e+00,9.024312403827e-02
-5.908661114903e+00,8.661529313444e+00,6.608629121194e-06
-5.908641638882e+00,2.949099187481e+00,9.237058934720e-02
-5.908627718958e+00,9.218750295001e-01,9.306840789628e-02
-5.908275184410e+00,2.026229934405e+00,9.279279474127e-02
-5.907954881241e+00,9.531250305001e-01,9.306431158844e-02
-5.907422700123e+00,5.606409261162e+00,8.926027135644e-02
-5.907334706501e+00,1.862686461109e+00,9.284907611604e-02
-5.907296614189e+00,8.162904353233e+00,6.344662297638e-02
-5.907282043523e+00,9.843750315000e-01,9.306006226277e-02
-5.907222899917e+00,5.486588749849e+00,8.951770287170e-02
-5.906947902737e+00,4.074187862263e+00,9.152827093807e-02
-5.906905367794e+00,2.190569293273e+00,9.273333420219e-02
-5.906830284990e+00,3.701533721605e+00,9.185868982837e-02
-5.906664727188e+00,8.004975560707e+00,6.925238508894e-02
-5.906663634404e+00,1.258422172753e+00,9.300974817690e-02
-5.906656782900e+00,3.165474522710e+00,9.224318656861e-02
-5.906565530818e+00,3.932603631683e+00,9.166114532026e-02
-5.906489811924e+00,6.858265565907e+00,8.469989527511e-02
-5.906191590400e+00,2.607560373185e+00,9.255288891994e-02
-5.906172228728e+00,6.668960765141e+00,8.572765946215e-02
-5.906078710377e+00,6.432356622497e+00,8.678598107848e-02
-5.905815054583e+00,7.555452496006e+00,7.842238627073e-02
-5.905770159630e+00,4.462382176940e+00,9.111686021394e-02
-5.905457084842e+00,2.481318900373e+00,9.261276045864e-02
-5.905425609899e+00,8.321606619679e+00,5.468768034958e-02
-5.905408165961e+00,5.142483586249e+00,9.016233649297e-02
-5.905285192236e+00,2.734319113687e+00,9.249088158882e-02
-5.905216178456e+00,8.571166995950e+00,2.509959225260e-02
-5.904855117446e+00,7.194433665853e+00,8.232236854151e-02
-5.904826163090e+00,1.019812059411e+00,9.305672930453e-02
-5.904473376625e+00,1.498487370611e+00,9.295658632358e-02
-5.904379774609e+00,7.337618544945e+00,8.099767468011e-02
-5.904274511194e+00,5.726556692521e+00,8.899079118795e-02
-5.904178391162e+00,1.700007030825e+00,9.290223114367e-02
-5.904081749699e+00,4.216424384741e+00,9.139020462036e-02
-5.903905024606e+00,6.048862355908e+00,8.812784452553e-02
-5.903833123299e+00,7.054366728998e+00,8.342945289833e-02
-5.903737832634e+00,6.116353939727e+00,8.792091842597e-02
-5.903729321872e+00,5.367156528762e+00,8.976288316537e-02
-5.903545343739e+00,7.847853957207e+00,7.338082204381e-02
-5.903132723218e+00,2.355633252364e+00,9.267052906337e-02
-5.903033305837e+00,6.486650531464e+00,8.657436161199e-02
-5.903026371873e+00,3.791755681470e+00,9.178922583001e-02
-5.902993352792e+00,3.077178573962e+00,9.230226967947e-02
-5.902952784853e+00,5.981460692378e+00,8.832808641225e-02
-5.902687684270e+00,2.861555289632e+00,9.242668407644e-02
-5.902442541682e+00,6.183924941104e+00,8.770701466006e-02
-5.902143143534e+00,7.623440390070e+00,7.749115018198e-02
-5.902077153007e+00,4.410744281494e+00,9.118257609319e-02
-5.901974060396e+00,6.726081172015e+00,8.545763001291e-02
-5.901745558684e+00,1.298129186823e+00,9.300644693545e-02
-5.901491968733e+00,5.195304860907e+00,9.008031337011e-02
-5.901360595450e+00,6.917481986584e+00,8.436744490849e-02
-5.901152784137e+00,2.066168150117e+00,9.278633658238e-02
-5.901036741737e+00,8.481048422060e+00,3.996685074563e-02
-5.900889863365e+00,5.914159379012e+00,8.852163349833e-02
-5.900710297297e+00,1.902576318297e+00,9.284330087066e-02
-5.900537367119e+00,1.059430648799e+00,9.305438751300e-02
-5.900010567880e+00,6.251564784989e+00,8.748582379221e-02
-5.899717505085e+00,6.541612076296e+00,8.635136590220e-02
-5.899682623886e+00,4.023408314224e+00,9.158757433727e-02
-5.899674852627e+00,8.073930283685e+00,6.718219789068e-02
-5.899328006855e+00,5.539770144213e+00,8.942506746616e-02
-5.899270364461e+00,2.230540695094e+00,9.272618332274e-02
-5.899261759763e+00,3.472459470507e+00,9.204461576912e-02
-5.899154836107e+00,8.232175701172e+00,6.040660995746e-02
-5.899059313664e+00,3.383220407316e+00,9.210843102811e-02
-5.898902521861e+00,1.538256620699e+00,9.295231095588e-02
-5.898390341297e+00,3.561967344167e+00,9.197939549834e-02
-5.898349731101e+00,2.989227812700e+00,9.236004692970e-02
-5.898083378002e+00,5.659685201749e+00,8.916353435995e-02
-5.898080547920e+00,4.165322189233e+00,9.145158136689e-02
-5.898072347808e+00,3.882178454358e+00,9.171825980701e-02
-5.898052879628e+00,7.257063152164e+00,8.182340984822e-02
-5.898036944006e+00,1.739833931409e+00,9.289712931167e-02
-5.897954277869e+00,7.691573030066e+00,7.646546422700e-02
-5.897877274528e+00,4.359226916740e+00,9.124726180820e-02
-5.897804281725e+00,3.294268162601e+00,9.217084324834e-02
-5.897725347468e+00,7.115615380312e+00,8.301173410341e-02
-5.897725092238e+00,5.846968772281e+00,8.870860768593e-02
-5.897700355577e+00,7.916476178606e+00,7.188151313711e-02
-5.897485117138e+00,6.783843087320e+00,8.517148221867e-02
-5.897461736302e+00,4.814597287835e+00,9.068054360511e-02
-5.897258696781e+00,4.762344551724e+00,9.075308368857e-02
-5.897255035990e+00,5.420215763288e+00,8.967468379612e-02
-5.897229571531e+00,6.311530110268e+00,8.728245803592e-02
-5.897161966388e+00,2.647618114098e+00,9.254391373613e-02
-5.897120377180e+00,4.866933757332e+00,9.060690442423e-02
-5.896997135498e+00,5.248173049977e+00,8.999703907776e-02
-5.896866737284e+00,2.521347451549e+00,9.260433691249e-02
-5.896861693351e+00,7.401598512496e+00,8.039232127170e-02
-5.896726018738e+00,1.337820995615e+00,9.300298582660e-02
-5.896516054019e+00,4.710180448191e+00,9.082453942560e-02
-5.896424050178e+00,3.651725665032e+00,9.191275322001e-02
-5.896229862166e+00,4.919349020843e+00,9.053215147956e-02
-5.896148859713e+00,1.099038003662e+00,9.305188777584e-02
-5.896126381097e+00,6.597235013189e+00,8.611611328100e-02
-5.896125112955e+00,8.391178610739e+00,4.979733660965e-02
-5.895925526730e+00,6.977319730737e+00,8.401322369818e-02
-5.895805816322e+00,2.774395225847e+00,9.248134807878e-02
-5.895518208238e+00,3.205620384269e+00,9.223165594043e-02
-5.895238641098e+00,4.658109836185e+00,9.089458555013e-02
-5.894970940739e+00,2.395622105812e+00,9.266265032168e-02
-5.894785472582e+00,4.971838098959e+00,9.045627020650e-02
-5.894746304915e+00,6.364270900347e+00,8.709575859347e-02
-5.894115461128e+00,8.641195605382e+00,1.008799824770e-02
-5.893979664289e+00,1.942440165429e+00,9.283735936393e-02
-5.893922648932e+00,2.106077185615e+00,9.277971012014e-02
-5.893467385288e+00,5.779899154440e+00,8.888975685726e-02
-5.893431328603e+00,4.606137533953e+00,9.096357213070e-02
-5.893342154980e+00,3.741715717484e+00,9.184444616765e-02
-5.893246959498e+00,7.759846980200e+00,7.533029246390e-02
-5.893228610060e+00,1.578006552108e+00,9.294787345836e-02
-5.893175605546e+00,4.307834662352e+00,9.131073438640e-02
-5.892969769045e+00,7.468404650414e+00,7.966871111298e-02
-5.892782528489e+00,5.024395972711e+00,9.037924615952e-02
-5.892748324494e+00,2.901638649724e+00,9.241653643665e-02
-5.892700629763e+00,6.842240138824e+00,8.486780978644e-02
-5.892255044875e+00,6.653513066981e+00,8.586763035031e-02
-5.892222897226e+00,3.117294356787e+00,9.229114198742e-02
-5.892158621855e+00,8.143008020615e+00,6.478893274869e-02
-5.892003535776e+00,6.417692658145e+00,8.689952862123e-02
-5.891948223110e+00,3.972782415025e+00,9.164577595232e-02
-5.891919193258e+00,5.301082930331e+00,8.991249817980e-02
-5.891790873416e+00,1.779637900700e+00,9.289186316772e-02
-5.891660711165e+00,1.138633516761e+00,9.304922985831e-02
-5.891639137477e+00,1.562500050003e-02,9.315508881317e-02
-5.891605109081e+00,1.377496981282e+00,9.299936455690e-02
-5.891596316844e+00,4.114361802709e+00,9.151205476585e-02
-5.891526207741e+00,2.270479657917e+00,9.271886203509e-02
-5.891420480235e+00,4.687500150008e-02,9.315512827692e-02
-5.891332177260e+00,7.985228863498e+00,7.018605878381e-02
-5.891297022302e+00,7.177464875000e+00,8.256363442027e-02
-5.891201822993e+00,7.812500250012e-02,9.315502652076e-02
-5.891099024410e+00,4.554268318612e+00,9.103154086464e-02
-5.890983165751e+00,1.093750035002e-01,9.315478181533e-02
-5.890920220255e+00,7.320279335522e+00,8.128499944886e-02
-5.890824850588e+00,5.592963596119e+00,8.933100817952e-02
-5.890764508509e+00,1.406250045003e-01,9.315435633064e-02
-5.890570912630e+00,8.550904972446e+00,3.083490040423e-02
-5.890545851267e+00,1.718750055004e-01,9.315378958110e-02
-5.890483631975e+00,8.301562564053e+00,5.677834789217e-02
-5.890327194025e+00,2.031250065004e-01,9.315308156286e-02
-5.890216388891e+00,5.077017583987e+00,9.030090906708e-02
-5.890182746833e+00,5.473299336448e+00,8.958489546938e-02
-5.890179958070e+00,7.037772331248e+00,8.363512382591e-02
-5.890108536783e+00,2.343750075005e-01,9.315219755447e-02
-5.889907758441e+00,7.536166035011e+00,7.885655731051e-02
-5.889889879541e+00,2.656250085005e-01,9.315116539219e-02
-5.889671222299e+00,2.968750095005e-01,9.314998159299e-02
-5.889452565057e+00,3.281250105004e-01,9.314861893732e-02
-5.889233907816e+00,3.593750115004e-01,9.314707968490e-02
-5.889124206008e+00,3.831918438329e+00,9.177454025202e-02
-5.889015250574e+00,3.906250125003e-01,9.314539917266e-02
-5.888996257179e+00,6.471789207585e+00,8.669307328763e-02
-5.888976185188e+00,6.102343654090e+00,8.801193296767e-02
-5.888908087844e+00,6.034917257681e+00,8.821553037279e-02
-5.888796593331e+00,4.218750135002e-01,9.314357569051e-02
-5.888577936089e+00,4.531250145001e-01,9.314156943948e-02
-5.888359278848e+00,4.843750155000e-01,9.313942166020e-02
-5.888246673249e+00,4.502506926039e+00,9.109850557810e-02
-5.888164454380e+00,2.561337471748e+00,9.259573718437e-02
-5.888125737577e+00,5.712960732808e+00,8.906531594093e-02
-5.888098645650e+00,6.710439931342e+00,8.560483844343e-02
-5.888019711672e+00,7.828258793455e+00,7.406723238232e-02
-5.888019011565e+00,2.687634512025e+00,9.253476050862e-02
-5.887977262785e+00,4.256572055372e+00,9.137327736944e-02
-5.887940406743e+00,3.029306997568e+00,9.234931889597e-02
-5.887921091342e+00,5.156250165000e-01,9.313735556940e-02
-5.887917802097e+00,6.169851038032e+00,8.780152621413e-02
-5.887722186850e+00,5.967582341647e+00,8.841260231531e-02
-5.887615867736e+00,6.901265923947e+00,8.454503873713e-02
-5.887451760829e+00,1.617736537350e+00,9.294327348283e-02
-5.887263373573e+00,5.468750175001e-01,9.313533040916e-02
-5.887142967920e+00,1.982277355808e+00,9.283125118063e-02
-5.887082452167e+00,5.129697835656e+00,9.022107716732e-02
-5.887072995482e+00,1.178216581159e+00,9.304641351551e-02
-5.887041311129e+00,3.423346579822e+00,9.209580735458e-02
-5.886854021688e+00,3.512592859758e+00,9.203157010698e-02
-5.886698682555e+00,2.435575175349e+00,9.265459728285e-02
-5.886605655804e+00,5.781250185002e-01,9.313316089358e-02
-5.886584958597e+00,2.145956384988e+00,9.277291491865e-02
-5.886382927992e+00,1.417156526550e+00,9.299558282320e-02
-5.886330695165e+00,7.604076053502e+00,7.796775368300e-02
-5.886292216285e+00,8.460858569971e+00,4.366097577018e-02
-5.886253709695e+00,5.354029241011e+00,8.982667541343e-02
-5.886211780241e+00,2.814427119379e+00,9.247163471528e-02
-5.886169383902e+00,3.334380158935e+00,9.215865436116e-02
-5.885947938036e+00,6.093750195002e-01,9.313078400615e-02
-5.885724345104e+00,6.237428844288e+00,8.758401094870e-02
-5.885719499819e+00,6.526554340767e+00,8.647562906172e-02
-5.885586346802e+00,3.602100861748e+00,9.196592522241e-02
-5.885440321018e+00,1.819418301820e+00,9.288643232340e-02
-5.885427241673e+00,5.900349325914e+00,8.860307231821e-02
-5.885290220267e+00,6.406250205003e-01,9.312829061622e-02
-5.884879256308e+00,4.450858050708e+00,9.116448014837e-02
-5.884634303887e+00,4.063547601163e+00,9.157163819649e-02
-5.884632502498e+00,6.718750215003e-01,9.312566128153e-02
-5.884543623358e+00,7.239908653190e+00,8.208184985118e-02
-5.884439398227e+00,8.054108530614e+00,6.825347285297e-02
-5.884259676215e+00,3.245711376276e+00,9.221993666477e-02
-5.884119281131e+00,7.098833291219e+00,8.323075756881e-02
-5.884114670045e+00,8.212205267110e+00,6.199086677037e-02
-5.883974784729e+00,7.031250225004e-01,9.312285695905e-02
-5.883750040978e+00,3.922314420351e+00,9.170313056034e-02
-5.883673097291e+00,2.310385517338e+00,9.271136989048e-02
-5.883652371124e+00,6.768009268945e+00,8.532653900366e-02
-5.883452699297e+00,7.384075594303e+00,8.070243548592e-02
-5.883376156425e+00,5.182431591791e+00,9.014002909994e-02
-5.883317066961e+00,7.343750235005e-01,9.311983437920e-02
-5.883217390749e+00,3.691852094684e+00,9.189885614343e-02
-5.883080915005e+00,6.297263691444e+00,8.738462124533e-02
-5.882693043186e+00,2.941674853323e+00,9.240620457592e-02
-5.882659349192e+00,7.656250245005e-01,9.311667527260e-02
-5.882508154471e+00,5.526401865534e+00,8.949342175912e-02
-5.882385790350e+00,1.217786590513e+00,9.304343849244e-02
-5.882287397937e+00,4.205443590056e+00,9.143490393966e-02
-5.882271078986e+00,7.896805011776e+00,7.265351666758e-02
-5.882237057621e+00,7.672131283283e+00,7.699099376707e-02
-5.882226139514e+00,6.960914009838e+00,8.420140168774e-02
-5.882168332249e+00,6.581981818152e+00,8.624635499006e-02
-5.882032093823e+00,5.833228556948e+00,8.878718232396e-02
-5.882001631423e+00,7.968750255004e-01,9.311337976329e-02
-5.881709224424e+00,5.646163639599e+00,8.923550852896e-02
-5.881572097590e+00,1.657445949701e+00,9.293851067228e-02
-5.881343913654e+00,8.281250265002e-01,9.310994799729e-02
-5.881333886477e+00,3.157357648634e+00,9.227982685834e-02
-5.881281682683e+00,8.371061415187e+00,5.237332671880e-02
-5.881059577498e+00,1.456799014826e+00,9.299164031281e-02
-5.881001791045e+00,4.399326345234e+00,9.122947848822e-02
-5.880686195885e+00,8.593750275002e-01,9.310633015326e-02
-5.880633926229e+00,6.349805239116e+00,8.720227177538e-02
-5.880200372553e+00,2.022087243778e+00,9.282497589917e-02
-5.880028478116e+00,8.906250285002e-01,9.310250049368e-02
-5.879996293337e+00,5.407006683680e+00,8.973955570680e-02
-5.879726536432e+00,3.781827717139e+00,9.182999935223e-02
-5.879569807352e+00,8.620861897321e+00,1.829403349498e-02
-5.879370760348e+00,9.218750295001e-01,9.309853384343e-02
-5.879350472931e+00,2.601288279798e+00,9.258696076175e-02
-5.879139896859e+00,2.185805093677e+00,9.276595053727e-02
-5.879092979738e+00,5.235213678059e+00,9.005774956944e-02
-5.878985432333e+00,1.859174498675e+00,9.288083638262e-02
-5.878911447601e+00,6.826214711742e+00,8.503139646530e-02
-5.878762979936e+00,2.727608877215e+00,9.252542873396e-02
-5.878713042579e+00,9.531250305001e-01,9.309443037355e-02
-5.878337861022e+00,6.638065368821e+00,8.600432261646e-02
-5.878316168745e+00,2.475491788518e+00,9.264636943334e-02
-5.878055324810e+00,9.843750315000e-01,9.309019027974e-02
-5.877928361175e+00,6.403028693795e+00,8.701069925688e-02
-5.877913946446e+00,4.802365774619e+00,9.073296173629e-02
-5.877771780306e+00,4.854606458178e+00,9.066015873306e-02
-5.877738927158e+00,7.160496084147e+00,8.279740937574e-02
-5.877625345446e+00,7.740328290408e+00,7.591263578225e-02
-5.877599177141e+00,1.257342939025e+00,9.304030452407e-02
-5.877545666469e+00,5.766230306941e+00,8.896559972098e-02
-5.877513527766e+00,4.750210164055e+00,9.080468235923e-02
-5.877460665901e+00,7.302940126099e+00,8.156258166378e-02
-5.877413969232e+00,3.069336027573e+00,9.233840472493e-02
-5.877199790116e+00,4.012883916928e+00,9.163020191577e-02
-5.877082263901e+00,4.906927286383e+00,9.058625893975e-02
-5.877020629522e+00,8.123111687998e+00,6.603050088002e-02
-5.876968007744e+00,7.449196528487e+00,8.004887044750e-02
-5.876619330858e+00,4.347916420101e+00,9.129334660314e-02
-5.876575327792e+00,4.698144514605e+00,9.087524595726e-02
-5.876526792842e+00,7.021177933497e+00,8.383490726688e-02
-5.876503355508e+00,2.854414096574e+00,9.246174101339e-02
-5.876111197264e+00,4.154453717733e+00,9.149562728584e-02
-5.875999627331e+00,7.965482166290e+00,7.106063738151e-02
-5.875925646803e+00,8.530642948942e+00,3.573387018469e-02
-5.875840670292e+00,4.959323290803e+00,9.051124804837e-02
-5.875711236819e+00,2.350257610163e+00,9.270368755169e-02
-5.875635163388e+00,1.496423830084e+00,9.298753670360e-02
-5.875615804297e+00,1.019728672461e+00,9.308691261557e-02
-5.875589747585e+00,1.697134163181e+00,9.293358466113e-02
-5.875541654050e+00,8.281518508426e+00,5.867618435569e-02
-5.875104187669e+00,4.646173674090e+00,9.094448674692e-02
-5.875093450766e+00,3.872008541518e+00,9.175965074896e-02
-5.874959208520e+00,6.456927883707e+00,8.680923851355e-02
-5.874901035967e+00,3.463412254784e+00,9.208298863553e-02
-5.874413518435e+00,3.374434127375e+00,9.214625584664e-02
-5.874322748482e+00,3.552663241640e+00,9.201832831980e-02
-5.874228440450e+00,5.288038881996e+00,8.997422343691e-02
-5.874227001053e+00,5.579517931075e+00,8.940054758952e-02
-5.874223230903e+00,6.694798690669e+00,8.574850429189e-02
-5.874214537743e+00,6.088333368454e+00,8.810123675601e-02
-5.874042311210e+00,5.011789463394e+00,9.043511187006e-02
-5.874000462299e+00,7.516879574015e+00,7.927159417254e-02
-5.873911151081e+00,6.020972159455e+00,8.830159323243e-02
-5.873871140021e+00,6.885049861310e+00,8.471791812542e-02
-5.873393062512e+00,6.155777134960e+00,8.789423350808e-02
-5.873152046467e+00,2.061869184755e+00,9.281853309195e-02
-5.873142593750e+00,5.460009923048e+00,8.965097445835e-02
-5.873104985975e+00,4.594302449586e+00,9.101271133815e-02
-5.872881523347e+00,3.285746768914e+00,9.220802830376e-02
-5.872713240932e+00,1.296885021276e+00,9.303701133543e-02
-5.872657597961e+00,3.642168822572e+00,9.195225790509e-02
-5.872522129737e+00,2.981663195200e+00,9.239568795009e-02
-5.872494079605e+00,7.808663629704e+00,7.471606674334e-02
-5.872491588848e+00,5.953703990916e+00,8.849557766803e-02
-5.872426356762e+00,1.898905856052e+00,9.287507494196e-02
-5.871976963959e+00,5.699364773096e+00,8.913855226169e-02
-5.871736964680e+00,4.296632843526e+00,9.135613884654e-02
-5.871721494553e+00,6.511496605238e+00,8.659715933491e-02
-5.871682537264e+00,5.064320756917e+00,9.035779630839e-02
-5.871587651453e+00,2.225622658161e+00,9.275881653111e-02
-5.871547690834e+00,8.440668717881e+00,4.691286853433e-02
-5.871438122327e+00,6.223292903587e+00,8.768029414756e-02
-5.871345728955e+00,1.059180610770e+00,9.308457661219e-02
-5.871034367088e+00,7.222754154217e+00,8.233197778702e-02
-5.870582638509e+00,4.542535606984e+00,9.107993326046e-02
-5.870518246796e+00,7.584711716934e+00,7.842240375519e-02
-5.870513214794e+00,7.082051202125e+00,8.344330355660e-02
-5.870425033891e+00,2.641199195952e+00,9.257800713272e-02
-5.870326642527e+00,3.197367728223e+00,9.226832381414e-02
-5.870109795221e+00,1.536030356866e+00,9.298327166413e-02
-5.870043705244e+00,7.366552676111e+00,8.100144058030e-02
-5.869964619982e+00,5.886539272816e+00,8.868305135238e-02
-5.869884801856e+00,3.731910379252e+00,9.188464973901e-02
-5.869823623464e+00,2.515371274269e+00,9.263796625791e-02
-5.869819625111e+00,6.752175450570e+00,8.547775956672e-02
-5.869504841885e+00,1.736800552518e+00,9.292849507538e-02
-5.869453881417e+00,4.103606846298e+00,9.155546058935e-02
-5.869394129673e+00,2.767540521561e+00,9.251591791200e-02
-5.869298090006e+00,3.962375038256e+00,9.168779685791e-02
-5.869203943826e+00,8.034286777543e+00,6.925241472421e-02
-5.869074503983e+00,8.192234833049e+00,6.344665816396e-02
-5.868932258478e+00,6.282997272620e+00,8.748476477398e-02
-5.868778097517e+00,5.340901953260e+00,8.988943573769e-02
-5.868756738373e+00,5.116912085062e+00,9.027889927848e-02
-5.868526752299e+00,6.944508288938e+00,8.438443037181e-02
-5.868210283401e+00,6.566728623114e+00,8.637365831111e-02
-5.868032199473e+00,8.690915626826e+00,6.608629006090e-06
-5.867728070480e+00,1.336412232432e+00,9.303355864166e-02
-5.867640834039e+00,2.390095274541e+00,9.269582795924e-02
-5.867542097853e+00,4.490877870897e+00,9.114616611026e-02
-5.866978182885e+00,1.098621567014e+00,9.308207709058e-02
-5.866841802396e+00,7.877133844945e+00,7.338084682706e-02
-5.866770726320e+00,3.109314190111e+00,9.232730390587e-02
-5.866680817926e+00,2.894355461283e+00,9.245166649460e-02
-5.866521547543e+00,6.335339577885e+00,8.730662979831e-02
-5.866519837373e+00,7.652689536499e+00,7.749116920353e-02
-5.866438252412e+00,8.350944219635e+00,5.468772111605e-02
-5.866359816743e+00,4.245480141047e+00,9.141801514156e-02
-5.866339095408e+00,5.819488341615e+00,8.886436958177e-02
-5.865998161913e+00,2.101622535017e+00,9.281192232571e-02
-5.865983858169e+00,3.821868945136e+00,9.181534906276e-02
-5.865763247570e+00,1.938611739662e+00,9.286914759089e-02
-5.865688302086e+00,5.513033586856e+00,8.956063612250e-02
-5.865335070846e+00,5.632642077449e+00,8.930625683199e-02
-5.865260344118e+00,5.169558322675e+00,9.019880500837e-02
-5.865122265439e+00,6.810189284659e+00,8.519081928794e-02
-5.865024153577e+00,8.600528189259e+00,2.509962690588e-02
-5.864483586299e+00,1.575617980423e+00,9.297884485383e-02
-5.864420677169e+00,6.622617670661e+00,8.613784941217e-02
-5.864180832014e+00,7.143527293295e+00,8.302403415819e-02
-5.864001111547e+00,7.285600916676e+00,8.183090460516e-02
-5.863988352987e+00,4.439333924476e+00,9.121142353479e-02
-5.863928414114e+00,2.265408426005e+00,9.275151245149e-02
-5.863853186574e+00,6.388364729443e+00,8.711956655399e-02
-5.863317515350e+00,1.776444493325e+00,9.292324153287e-02
-5.862873627613e+00,7.004583535747e+00,8.402905047530e-02
-5.862737550684e+00,5.393797604072e+00,8.980337169893e-02
-5.862643758223e+00,1.375923968223e+00,9.302994614812e-02
-5.862638859032e+00,3.503416688377e+00,9.206997443579e-02
-5.862537041099e+00,3.414429332010e+00,9.213366301676e-02
-5.862513234800e+00,1.138050947601e+00,9.307941987578e-02
-5.862320705037e+00,4.052907340063e+00,9.161441701079e-02
-5.862288337070e+00,7.430739656878e+00,8.039313907196e-02
-5.862235877882e+00,3.021602971775e+00,9.238498602257e-02
-5.862100147209e+00,1.562500050003e-02,9.318487299264e-02
-5.862003731395e+00,7.720809600616e+00,7.646548489249e-02
-5.861886516570e+00,4.687500150008e-02,9.318490625218e-02
-5.861882637188e+00,8.103215355380e+00,6.718222991302e-02
-5.861672885931e+00,7.812500250012e-02,9.318479836431e-02
-5.861668326252e+00,3.592669864800e+00,9.200489003575e-02
-5.861623947649e+00,5.752561459442e+00,8.904012337141e-02
-5.861459255293e+00,1.093750035002e-01,9.318454932989e-02
-5.861388382374e+00,2.681069541887e+00,9.256887578678e-02
-5.861384090563e+00,3.325725834492e+00,9.219593043790e-02
-5.861280380977e+00,8.510380925439e+00,3.996689334107e-02
-5.861245624654e+00,1.406250045003e-01,9.318412172480e-02
-5.861221274940e+00,2.555212962965e+00,9.262938724033e-02
-5.861188823979e+00,5.222254306141e+00,9.011749848897e-02
-5.861031994015e+00,1.718750055004e-01,9.318355097155e-02
-5.860934551137e+00,3.912025209020e+00,9.174455709702e-02
-5.860922159861e+00,6.442066559828e+00,8.692293798621e-02
-5.860818363376e+00,2.031250065004e-01,9.318283901726e-02
-5.860667077403e+00,7.945735469082e+00,7.188153998433e-02
-5.860604732738e+00,2.343750075005e-01,9.318195958670e-02
-5.860599676125e+00,8.261474452799e+00,6.040664772233e-02
-5.860493046176e+00,4.194462795372e+00,9.147898845811e-02
-5.860391102099e+00,2.656250085005e-01,9.318092553948e-02
-5.860347816157e+00,6.679157449995e+00,8.588875308085e-02
-5.860177471460e+00,2.968750095005e-01,9.317974001668e-02
-5.860126412307e+00,6.868833798673e+00,8.488626693775e-02
-5.859963840822e+00,3.281250105004e-01,9.317838312135e-02
-5.859926429083e+00,4.387908408974e+00,9.127571921655e-02
-5.859912723098e+00,2.807428758631e+00,9.250622754679e-02
-5.859750210183e+00,3.593750115004e-01,9.317684847570e-02
-5.859604496508e+00,3.682170467763e+00,9.193839324881e-02
-5.859536579544e+00,3.906250125003e-01,9.317516860941e-02
-5.859462100713e+00,2.429897849840e+00,9.268779441949e-02
-5.859452890298e+00,6.074323082817e+00,8.818887762266e-02
-5.859322948905e+00,4.218750135002e-01,9.317334750870e-02
-5.859201491770e+00,3.237323876201e+00,9.225663239161e-02
-5.859109318267e+00,4.531250145001e-01,9.317135630062e-02
-5.858996261889e+00,1.978291516143e+00,9.286305391211e-02
-5.858914214318e+00,6.007027061228e+00,8.838607785514e-02
-5.858895687628e+00,4.843750155000e-01,9.316921121453e-02
-5.858868322927e+00,6.141703231888e+00,8.798518770668e-02
-5.858756653654e+00,1.615186086764e+00,9.297425592311e-02
-5.858738895060e+00,2.141346651905e+00,9.280514316197e-02
-5.858467573399e+00,5.156250165000e-01,9.316714033595e-02
-5.858423183431e+00,4.842279159023e+00,9.071261698049e-02
-5.858366156590e+00,4.790134261403e+00,9.078460150394e-02
-5.858093166158e+00,7.497593113020e+00,7.966872688912e-02
-5.857950957043e+00,1.177468159233e+00,9.307660500493e-02
-5.857934665637e+00,4.894505551923e+00,9.063955223756e-02
-5.857824975578e+00,5.468750175001e-01,9.316512194207e-02
-5.857768358750e+00,4.738075776387e+00,9.085551996893e-02
-5.857723489287e+00,6.496438869709e+00,8.671604544267e-02
-5.857629151518e+00,5.566072266032e+00,8.946892012727e-02
-5.857525110818e+00,7.205599655244e+00,8.257418509132e-02
-5.857460400280e+00,1.415419624944e+00,9.302617355047e-02
-5.857260990845e+00,5.939825640185e+00,8.857705437068e-02
-5.857182377758e+00,5.781250185002e-01,9.316294214114e-02
-5.857151899551e+00,6.209156962886e+00,8.777472816268e-02
-5.857027906624e+00,1.816065362134e+00,9.291782364346e-02
-5.856968447538e+00,7.789068465952e+00,7.533031488884e-02
-5.856907148456e+00,7.065269113031e+00,8.364965295224e-02
-5.856895868003e+00,4.946808482646e+00,9.056539321590e-02
-5.856803165382e+00,8.420478865792e+00,4.979737930745e-02
-5.856744447489e+00,2.934250519166e+00,9.244138798990e-02
-5.856634711190e+00,7.349029757918e+00,8.129008794451e-02
-5.856634601565e+00,4.686108581018e+00,9.092518566472e-02
-5.856539779938e+00,6.093750195002e-01,9.316056481325e-02
-5.856537687641e+00,5.274994833662e+00,9.003496486849e-02
-5.856426700991e+00,3.771899752809e+00,9.187023799179e-02
-5.856162380545e+00,2.305161745959e+00,9.274403784642e-02
-5.856102440666e+00,5.446720509647e+00,8.971596776287e-02
-5.856010990054e+00,3.149240774558e+00,9.231601593971e-02
-5.855986879097e+00,6.736341632195e+00,8.562528355817e-02
-5.855897182118e+00,6.406250205003e-01,9.315805982045e-02
-5.855828190342e+00,5.685768813384e+00,8.921053358969e-02
-5.855361387189e+00,4.336605923462e+00,9.133878924975e-02
-5.855302093931e+00,4.999182954076e+00,9.049012597529e-02
-5.855254584298e+00,6.718750215003e-01,9.315541844893e-02
-5.854969734241e+00,4.634237511996e+00,9.099366525593e-02
-5.854827365084e+00,6.928102568039e+00,8.456251663916e-02
-5.854783601952e+00,6.268730853795e+00,8.758294779429e-02
-5.854716956346e+00,4.002359519633e+00,9.167225858560e-02
-5.854705798426e+00,7.565347380367e+00,7.885657449340e-02
-5.854611986478e+00,7.031250225004e-01,9.315264081074e-02
-5.854501998290e+00,5.872729219718e+00,8.876160967986e-02
-5.854252234552e+00,6.551475428077e+00,8.649812102541e-02
-5.854141846609e+00,4.143585246233e+00,9.153907177210e-02
-5.854034337922e+00,8.172264398988e+00,6.478896727746e-02
-5.853969388658e+00,7.343750235005e-01,9.314962149781e-02
-5.853968489426e+00,8.014465024472e+00,7.018608783455e-02
-5.853586507784e+00,8.670510722785e+00,1.008801555069e-02
-5.853326790838e+00,7.656250245005e-01,9.314645390583e-02
-5.853291425555e+00,1.216872609194e+00,9.307363225134e-02
-5.853148685637e+00,5.051623929846e+00,9.041373671204e-02
-5.852929118055e+00,1.654734062641e+00,9.296950451358e-02
-5.852778643347e+00,4.582467365218e+00,9.106114370159e-02
-5.852684193018e+00,7.968750255004e-01,9.314314944268e-02
-5.852509355462e+00,2.595016186411e+00,9.262063186407e-02
-5.852409168857e+00,6.320873916654e+00,8.740889722658e-02
-5.852240767636e+00,2.720898640743e+00,9.255956621563e-02
-5.852178096434e+00,1.454898599550e+00,9.302224053482e-02
-5.852125560695e+00,2.017944553152e+00,9.285679348186e-02
-5.852114553725e+00,3.861838628678e+00,9.180049501884e-02
-5.852041595198e+00,8.281250265002e-01,9.313970823789e-02
-5.851834585672e+00,3.061493481184e+00,9.237409826561e-02
-5.851594822140e+00,8.330827024084e+00,5.677838816898e-02
-5.851412525805e+00,7.857462678114e+00,7.406725669090e-02
-5.851398997378e+00,8.593750275002e-01,9.313613044244e-02
-5.851374425923e+00,2.181040894081e+00,9.279819515738e-02
-5.851333083277e+00,6.794163857576e+00,8.534623409838e-02
-5.851302485340e+00,5.327774665509e+00,8.995118947004e-02
-5.851175252647e+00,2.469664676663e+00,9.267958641554e-02
-5.850802617125e+00,7.633247789716e+00,7.796777236804e-02
-5.850756399557e+00,8.906250285002e-01,9.313230737642e-02
-5.850646096993e+00,5.805748126282e+00,8.894020611408e-02
-5.850636158165e+00,1.855662536241e+00,9.291224100934e-02
-5.850622736870e+00,7.126558502442e+00,8.324382924105e-02
-5.850541557193e+00,7.268261707253e+00,8.209042022442e-02
-5.850540312171e+00,3.454365039061e+00,9.212087540356e-02
-5.850503493316e+00,6.607169972501e+00,8.626831878040e-02
-5.850478499801e+00,8.580194481198e+00,3.083493962739e-02
-5.850431024579e+00,5.104126334468e+00,9.033582482782e-02
-5.850319026746e+00,2.847272903517e+00,9.249635714758e-02
-5.850298323815e+00,4.285431024700e+00,9.140091507986e-02
-5.850255155668e+00,3.543359139112e+00,9.205676434506e-02
-5.850113801737e+00,9.218750295001e-01,9.312833479330e-02
-5.850066252607e+00,4.530802895356e+00,9.112763430837e-02
-5.849778011973e+00,6.373700765092e+00,8.722620110657e-02
-5.849767723205e+00,3.365647847434e+00,9.218360507596e-02
-5.849471203917e+00,9.531250305001e-01,9.312422486179e-02
-5.849220462384e+00,6.987989137996e+00,8.421778711445e-02
-5.848960917268e+00,5.619120515299e+00,8.937581068516e-02
-5.848930757025e+00,7.413034035586e+00,8.070477473533e-02
-5.848891145744e+00,3.632611980113e+00,9.199125491257e-02
-5.848868449702e+00,5.499665308177e+00,8.962673927447e-02
-5.848828606097e+00,9.843750315000e-01,9.311997775656e-02
-5.848534719879e+00,1.256263705297e+00,9.307050137872e-02
-5.848289750419e+00,2.344881967962e+00,9.273639226119e-02
-5.847958764969e+00,3.277225375227e+00,9.224475214394e-02
-5.847311445990e+00,4.092851889887e+00,9.159827805177e-02
-5.847144531810e+00,5.156685053560e+00,9.025666370364e-02
-5.847001104008e+00,1.694261295538e+00,9.296459025818e-02
-5.846885111202e+00,6.427205235949e+00,8.703424906031e-02
-5.846837522458e+00,4.479248815754e+00,9.119315044930e-02
-5.846796950151e+00,1.494360289557e+00,9.301814677781e-02
-5.846744644855e+00,8.083319022762e+00,6.825350424675e-02
-5.846694528373e+00,2.974098577700e+00,9.243089697943e-02
-5.846647956902e+00,3.951967661488e+00,9.172925911755e-02
-5.846635115151e+00,8.490118901935e+00,4.366101933907e-02
-5.846472401411e+00,6.663516209322e+00,8.602570451336e-02
-5.846427448732e+00,3.722105041020e+00,9.192432996081e-02
-5.846405445505e+00,1.019645285512e+00,9.311670539600e-02
-5.846382117344e+00,7.701290910824e+00,7.699101405783e-02
-5.846381684593e+00,6.852617736036e+00,8.505025965211e-02
-5.845702228830e+00,5.738892611944e+00,8.911336221409e-02
-5.845657698200e+00,8.241430397172e+00,6.199090388579e-02
-5.845478808032e+00,5.380588524465e+00,8.986615780931e-02
-5.845334527474e+00,7.925988771874e+00,7.265354299206e-02
-5.845151308797e+00,2.057570219393e+00,9.285036587029e-02
-5.845135076817e+00,3.189115072177e+00,9.230454034044e-02
-5.844742370700e+00,4.234388226722e+00,9.146213830459e-02
-5.844691242853e+00,6.060312797181e+00,8.827490165815e-02
-5.844343583342e+00,6.127629328817e+00,8.807443808410e-02
-5.844142416228e+00,1.895235393806e+00,9.290649322525e-02
-5.844015854548e+00,7.188445156271e+00,8.280883909440e-02
-5.843917277556e+00,5.993081963002e+00,8.846902738662e-02
-5.843904938446e+00,2.220704621229e+00,9.279107786424e-02
-5.843725484022e+00,6.481381134179e+00,8.683237234078e-02
-5.843688101395e+00,2.634780277806e+00,9.261169961301e-02
-5.843680923180e+00,1.295640855730e+00,9.306721214124e-02
-5.843301082119e+00,7.048487023937e+00,8.385007070219e-02
-5.843284668219e+00,5.209294934222e+00,9.017630906867e-02
-5.843225717137e+00,7.331506839726e+00,8.156890225232e-02
-5.843097449665e+00,4.427809798245e+00,9.125770554787e-02
-5.842982443023e+00,2.760685817276e+00,9.255007791403e-02
-5.842865676775e+00,6.195021022185e+00,8.786736571309e-02
-5.842843510329e+00,3.811819451943e+00,9.185562296583e-02
-5.842780509645e+00,2.509395096988e+00,9.267120342871e-02
-5.842185870016e+00,7.478306652024e+00,8.004888596245e-02
-5.842154133083e+00,6.720507813821e+00,8.576924397551e-02
-5.842154090791e+00,1.058930572741e+00,9.311436842340e-02
-5.842058639931e+00,8.400289013702e+00,5.237336922160e-02
-5.842030392842e+00,5.925947289454e+00,8.865707284256e-02
-5.841442815471e+00,7.769473302200e+00,7.591265779091e-02
-5.841318555414e+00,3.101334023435e+00,9.236302416146e-02
-5.841317068582e+00,1.533804093032e+00,9.301389194679e-02
-5.841127977868e+00,6.911696847140e+00,8.473585649807e-02
-5.841031301983e+00,5.552626600989e+00,8.953615532799e-02
-5.840972739764e+00,1.733767173627e+00,9.295951278144e-02
-5.840634945426e+00,6.254464434971e+00,8.767922721654e-02
-5.840613311358e+00,2.887072272843e+00,9.248630622984e-02
-5.840310727339e+00,2.384568443269e+00,9.272857523888e-02
-5.840294185704e+00,6.536222233039e+00,8.661983665940e-02
-5.840007106187e+00,4.042267078963e+00,9.165651568122e-02
-5.839679416725e+00,5.672172853671e+00,8.928129224192e-02
-5.839140816096e+00,8.650105818744e+00,1.829406194575e-02
-5.839074586557e+00,4.829951859868e+00,9.076429760400e-02
-5.839062287582e+00,5.433431096246e+00,8.977985561189e-02
-5.839039376598e+00,5.858919166620e+00,8.883878502286e-02
-5.838994171860e+00,8.152293964926e+00,6.603053474708e-02
-5.838893350056e+00,7.545983043799e+00,7.927161106285e-02
-5.838851067121e+00,4.376490472714e+00,9.132122885216e-02
-5.838846934832e+00,5.261950785327e+00,9.009474634854e-02
-5.838818366734e+00,4.777902748187e+00,9.083548086324e-02
-5.838787067373e+00,4.882083817462e+00,9.069205030598e-02
-5.838733035026e+00,7.994643271401e+00,7.106066586052e-02
-5.838730122222e+00,1.335003469249e+00,9.306376428367e-02
-5.838698694414e+00,4.183482000688e+00,9.152247168677e-02
-5.838423696376e+00,3.494240516997e+00,9.210789256159e-02
-5.838296790171e+00,6.306408255423e+00,8.750913609955e-02
-5.838119061297e+00,3.901735997689e+00,9.178543698178e-02
-5.838073674894e+00,2.097167884419e+00,9.284377064180e-02
-5.838032771068e+00,3.405512084198e+00,9.217104295745e-02
-5.838023189734e+00,4.725941388718e+00,9.090561400341e-02
-5.837951065713e+00,4.934293674490e+00,9.061872515113e-02
-5.837807506057e+00,1.098205130366e+00,9.311187456825e-02
-5.837750305702e+00,3.583238867852e+00,9.204335798003e-02
-5.837546830851e+00,1.934783313894e+00,9.290057987880e-02
-5.837543901116e+00,6.778138430494e+00,8.549778910649e-02
-5.837082002839e+00,7.250922497829e+00,8.234155163918e-02
-5.837064641725e+00,7.109589711589e+00,8.345709630610e-02
-5.836751391868e+00,8.310709828532e+00,5.867622405669e-02
-5.836693875338e+00,4.674072647432e+00,9.097440327501e-02
-5.836598797225e+00,3.317071510049e+00,9.223268264233e-02
-5.836586309463e+00,6.591722274341e+00,8.639583394074e-02
-5.836561876652e+00,4.986576444759e+00,9.054430844018e-02
-5.836531349020e+00,3.013898945982e+00,9.242022098424e-02
-5.836330620488e+00,2.260337194092e+00,9.278379083091e-02
-5.835991602267e+00,3.672488840841e+00,9.197742263991e-02
-5.835983249215e+00,7.837791511284e+00,7.471609059085e-02
-5.835932846025e+00,8.559860773136e+00,3.573391232414e-02
-5.835738562537e+00,1.573229408738e+00,9.300947569989e-02
-5.835702837372e+00,6.359036800741e+00,8.733067068306e-02
-5.835573176979e+00,7.395328414294e+00,8.100519532140e-02
-5.835567297155e+00,6.971394740246e+00,8.440133817781e-02
-5.835085396878e+00,7.613806042932e+00,7.842242211381e-02
-5.834953098579e+00,5.792007910949e+00,8.901472732090e-02
-5.834844157285e+00,1.773251085950e+00,9.295427169967e-02
-5.834835280813e+00,4.622301349901e+00,9.104213743543e-02
-5.834757753183e+00,2.674504571748e+00,9.260258997221e-02
-5.834614834010e+00,5.038927102776e+00,9.046878661015e-02
-5.834278095500e+00,2.549088454182e+00,9.266264493912e-02
-5.834143307325e+00,3.228936376127e+00,9.229287663656e-02
-5.834103443519e+00,4.325295426824e+00,9.138360393207e-02
-5.833826873163e+00,5.314647377758e+00,9.001196114432e-02
-5.833682407365e+00,1.374350955165e+00,9.306015754149e-02
-5.833613665955e+00,2.800430397883e+00,9.254041038074e-02
-5.833365758434e+00,1.137468378442e+00,9.310922362195e-02
-5.833126865550e+00,3.761971788479e+00,9.190995322597e-02
-5.832848062543e+00,6.412343912070e+00,8.714324592004e-02
-5.832636956878e+00,6.836401673399e+00,8.521006195164e-02
-5.832596986665e+00,6.647874968649e+00,8.615947280652e-02
-5.832586763690e+00,5.605598953149e+00,8.944420046447e-02
-5.832561156940e+00,1.562500050003e-02,9.321433413905e-02
-5.832452300719e+00,4.570632280849e+00,9.110888516015e-02
-5.832352552905e+00,4.687500150008e-02,9.321436133734e-02
-5.832234122575e+00,3.991835122338e+00,9.171375668011e-02
-5.832225518871e+00,2.424220524332e+00,9.272058632096e-02
-5.832172495953e+00,4.132716774733e+00,9.158192799475e-02
-5.832143948869e+00,7.812500250012e-02,9.321424748002e-02
-5.832105310785e+00,5.091340583875e+00,9.039187514269e-02
-5.832048597317e+00,5.486297029498e+00,8.969175900034e-02
-5.831989849325e+00,8.469856878431e+00,4.691291254429e-02
-5.831935344834e+00,1.093750035002e-01,9.321399256722e-02
-5.831726740799e+00,1.406250045003e-01,9.321356458643e-02
-5.831606652521e+00,8.063422690144e+00,6.925244549916e-02
-5.831518136763e+00,1.718750055004e-01,9.321298998980e-02
-5.831309532728e+00,2.031250065004e-01,9.321227427923e-02
-5.831100928692e+00,2.343750075005e-01,9.321139933911e-02
-5.830892831524e+00,2.136736918821e+00,9.283700735546e-02
-5.830892324657e+00,2.656250085005e-01,9.321036356587e-02
-5.830849555858e+00,1.974305676478e+00,9.289450055072e-02
-5.830795851792e+00,2.926826185009e+00,9.247607431633e-02
-5.830760503292e+00,7.681772221032e+00,7.749118913083e-02
-5.830715720275e+00,8.221386341545e+00,6.344669460805e-02
-5.830688093630e+00,3.141123900481e+00,9.235176320374e-02
-5.830683720621e+00,2.968750095005e-01,9.320917649626e-02
-5.830506598278e+00,7.171290657297e+00,8.303628484719e-02
-5.830475116586e+00,3.281250105004e-01,9.320781841365e-02
-5.830266512550e+00,3.593750115004e-01,9.320629528125e-02
-5.830061546479e+00,1.612635636178e+00,9.300489768627e-02
-5.830057908515e+00,3.906250125003e-01,9.320461623284e-02
-5.830001977546e+00,7.906242074666e+00,7.338087264289e-02
-5.829929595407e+00,6.046302511544e+00,8.835935329047e-02
-5.829849304479e+00,4.218750135002e-01,9.320279600019e-02
-5.829818843757e+00,6.113555425745e+00,8.816203211053e-02
-5.829816723083e+00,7.313983921534e+00,8.183837345917e-02
-5.829780510010e+00,5.725223764445e+00,8.918534949324e-02
-5.829727478756e+00,6.466323398650e+00,8.694622141757e-02
-5.829695015781e+00,7.031704934844e+00,8.404480692826e-02
-5.829640700444e+00,4.531250145001e-01,9.320082120775e-02
-5.829549866705e+00,4.519070183729e+00,9.117465953915e-02
-5.829432096408e+00,4.843750155000e-01,9.319867898902e-02
-5.829135656683e+00,3.851668715838e+00,9.184080436675e-02
-5.829028719503e+00,5.143811784444e+00,9.031362709791e-02
-5.829014055455e+00,5.156250165000e-01,9.319660367658e-02
-5.828920340793e+00,5.979136864775e+00,8.855048343888e-02
-5.828859682949e+00,4.274229205874e+00,9.144507691300e-02
-5.828828918603e+00,1.176719737308e+00,9.310641536612e-02
-5.828651663800e+00,2.299937974579e+00,9.277633360236e-02
-5.828615492231e+00,1.812712422448e+00,9.294886662114e-02
-5.828579453998e+00,6.180885081484e+00,8.795825755849e-02
-5.828537872567e+00,1.413682723337e+00,9.305639164102e-02
-5.828386577584e+00,5.468750175001e-01,9.319459193089e-02
-5.828321387069e+00,6.704673995446e+00,8.590976755494e-02
-5.828220065379e+00,5.367379444857e+00,8.992793925019e-02
-5.827759099712e+00,5.781250185002e-01,9.319240233809e-02
-5.827579563431e+00,7.459719764149e+00,8.039395532471e-02
-5.827428590653e+00,6.895291126241e+00,8.490463578239e-02
-5.827314114479e+00,8.380099161613e+00,5.468776324125e-02
-5.827266120335e+00,8.720111362385e+00,6.608629125165e-06
-5.827131621841e+00,6.093750195002e-01,9.319002475525e-02
-5.826799794839e+00,5.912068938722e+00,8.873567208689e-02
-5.826504143969e+00,6.406250205003e-01,9.318750874859e-02
-5.826486288899e+00,6.240198016147e+00,8.777365779605e-02
-5.826336136856e+00,6.520969038002e+00,8.673889471369e-02
-5.826255202112e+00,3.053650934795e+00,9.240935947013e-02
-5.826187562853e+00,3.534055036585e+00,9.209471406987e-02
-5.826179588376e+00,3.445317823338e+00,9.215828632385e-02
-5.826132947062e+00,4.467619760612e+00,9.123947372821e-02
-5.825917183404e+00,7.749878138449e+00,7.646550649727e-02
-5.825876666098e+00,6.718750215003e-01,9.318485596514e-02
-5.825718555336e+00,2.714188404271e+00,9.259330242876e-02
-5.825668237993e+00,2.588744093024e+00,9.265391042640e-02
-5.825380512459e+00,5.196335562304e+00,9.023420382189e-02
-5.825249188227e+00,7.031250225004e-01,9.318206650395e-02
-5.825169010563e+00,4.082096933476e+00,9.164051998890e-02
-5.825124693528e+00,3.623055137654e+00,9.202975498653e-02
-5.825121927975e+00,3.356861567493e+00,9.222042347771e-02
-5.824695124408e+00,8.629700914703e+00,2.509966260913e-02
-5.824621710355e+00,7.343750235005e-01,9.317908843949e-02
-5.824433452448e+00,5.539180935945e+00,8.960228176224e-02
-5.824286138520e+00,1.652022175581e+00,9.300015754620e-02
-5.824197060759e+00,1.215958627874e+00,9.310344957270e-02
-5.824184411485e+00,6.291942594192e+00,8.760740605391e-02
-5.824134697983e+00,2.840131710460e+00,9.253056311947e-02
-5.824050748837e+00,2.013801862525e+00,9.288825481523e-02
-5.824034336550e+00,2.463837564808e+00,9.271241941095e-02
-5.823997823798e+00,3.941560284720e+00,9.177017475756e-02
-5.823994232484e+00,7.656250245005e-01,9.317591294749e-02
-5.823954005799e+00,8.132323530865e+00,6.718226312121e-02
-5.823754718954e+00,6.762113003411e+00,8.564562534992e-02
-5.823622448485e+00,7.233583288406e+00,8.258469539394e-02
-5.823608954988e+00,2.176276694486e+00,9.283007556539e-02
-5.823576754907e+00,5.845109113522e+00,8.891461380511e-02
-5.823530643108e+00,5.658576893959e+00,8.935085945959e-02
-5.823506546581e+00,7.092620920736e+00,8.366411960023e-02
-5.823497580626e+00,7.974821518330e+00,7.188156790536e-02
-5.823366754612e+00,7.968750255004e-01,9.317260015326e-02
-5.823296615370e+00,1.452998184275e+00,9.305246629951e-02
-5.823124924658e+00,4.223296312397e+00,9.150566033675e-02
-5.823080901687e+00,7.526618707231e+00,7.966874349551e-02
-5.823036006590e+00,3.268703981540e+00,9.228102437264e-02
-5.822970095608e+00,3.712299702787e+00,9.196339294171e-02
-5.822739276741e+00,8.281250265002e-01,9.316915017044e-02
-5.822669125610e+00,6.576274576181e+00,8.652049355569e-02
-5.822286883997e+00,1.852150573807e+00,9.294329714641e-02
-5.822215596933e+00,7.377622793002e+00,8.129516025737e-02
-5.822206546344e+00,4.416285672013e+00,9.130334093307e-02
-5.822111798870e+00,8.593750275002e-01,9.316556313295e-02
-5.822022134499e+00,5.420141682846e+00,8.984266667089e-02
-5.821914131927e+00,6.954800342495e+00,8.457991283623e-02
-5.821907961597e+00,8.290592632980e+00,6.040668678924e-02
-5.821627662771e+00,6.344372836390e+00,8.743304036635e-02
-5.821484320998e+00,8.906250285002e-01,9.316179510642e-02
-5.821387192250e+00,8.539527065075e+00,3.996693726747e-02
-5.821156182024e+00,5.248906736992e+00,9.015359100846e-02
-5.820868264020e+00,2.339506325761e+00,9.276870572066e-02
-5.820866927009e+00,2.966533960199e+00,9.246566093820e-02
-5.820856843127e+00,9.218750295001e-01,9.315781721565e-02
-5.820553972625e+00,7.818120344453e+00,7.533033828873e-02
-5.820229365255e+00,9.531250305001e-01,9.315370148773e-02
-5.819943511106e+00,3.180862416131e+00,9.234031489881e-02
-5.819725989683e+00,4.817624560714e+00,9.081521849851e-02
-5.819703162490e+00,3.801769958749e+00,9.189537341747e-02
-5.819639469108e+00,4.869662083002e+00,9.074377151823e-02
-5.819601887384e+00,9.843750315000e-01,9.314944807708e-02
-5.819470262616e+00,1.255184471569e+00,9.310032600399e-02
-5.819368176630e+00,7.594364296149e+00,7.885659253538e-02
-5.819270576878e+00,4.765671234971e+00,9.088561724347e-02
-5.819260100164e+00,5.778267695616e+00,8.908796740072e-02
-5.819006263424e+00,4.921778866333e+00,9.067126271852e-02
-5.818892229164e+00,6.820185610762e+00,8.536583127197e-02
-5.818811013884e+00,6.397482588191e+00,8.724999974001e-02
-5.818721571919e+00,6.632233727976e+00,8.629016700236e-02
-5.818412460431e+00,1.691388427894e+00,9.299525491128e-02
-5.818278020718e+00,4.713807001050e+00,9.095492615679e-02
-5.817958736915e+00,1.492296749030e+00,9.304838122538e-02
-5.817821659373e+00,4.973969935441e+00,9.059767863378e-02
-5.817775705159e+00,4.365072536454e+00,9.136608195019e-02
-5.817693507337e+00,4.031626817863e+00,9.169804970569e-02
-5.817344583498e+00,8.449594854927e+00,4.979742338250e-02
-5.817195086712e+00,1.019561898562e+00,9.314617457392e-02
-5.817150571127e+00,2.053271254031e+00,9.288184224036e-02
-5.816997342008e+00,7.154136158324e+00,8.325684678375e-02
-5.816951168899e+00,2.628361359661e+00,9.264499937045e-02
-5.816904342652e+00,4.172501206003e+00,9.156536676418e-02
-5.816753149112e+00,4.662036713846e+00,9.102291509446e-02
-5.816570756373e+00,2.753831112990e+00,9.258383647259e-02
-5.816468660187e+00,8.043526357526e+00,7.018611800249e-02
-5.816407729030e+00,7.296461003341e+00,8.209895962286e-02
-5.816351260985e+00,5.301520090007e+00,9.007177452729e-02
-5.816222225438e+00,2.215786584297e+00,9.282297482120e-02
-5.816212610112e+00,5.592077390999e+00,8.951145554842e-02
-5.816088949444e+00,7.014922845750e+00,8.423409794996e-02
-5.816080982383e+00,5.026230275705e+00,9.052300593428e-02
-5.815866384507e+00,3.093353856759e+00,9.239831191266e-02
-5.815858475693e+00,1.891564931561e+00,9.293756286852e-02
-5.815773742351e+00,8.201342285918e+00,6.478900303920e-02
-5.815737395825e+00,2.503418919708e+00,9.270405642563e-02
-5.815729473490e+00,6.451265663121e+00,8.705767067943e-02
-5.815303571456e+00,3.891446786358e+00,9.182578194144e-02
-5.815294104172e+00,6.099481522673e+00,8.824801553398e-02
-5.815228744933e+00,5.472928750819e+00,8.975572218998e-02
-5.815167947962e+00,6.032292225907e+00,8.844227535933e-02
-5.815138889241e+00,7.662253531240e+00,7.796779194280e-02
-5.814700827384e+00,4.610365187807e+00,9.108991917592e-02
-5.814669427618e+00,7.886495377458e+00,7.406728201228e-02
-5.814648605429e+00,1.294396690184e+00,9.309704441279e-02
-5.814545804791e+00,2.879789084402e+00,9.252053563991e-02
-5.814488641056e+00,6.688840177071e+00,8.604697513584e-02
-5.814293231222e+00,6.166749140783e+00,8.804745258942e-02
-5.814274246405e+00,7.441832449394e+00,8.070710757716e-02
-5.814208533720e+00,3.485064345617e+00,9.214533471979e-02
-5.813923404030e+00,5.965191766549e+00,8.863048615781e-02
-5.813858791191e+00,5.711554916946e+00,8.925611734029e-02
-5.813832285151e+00,3.573807870905e+00,9.208133953396e-02
-5.813779596991e+00,5.078554833281e+00,9.044707090188e-02
-5.813729203438e+00,6.878885405342e+00,8.506903080321e-02
-5.813528501038e+00,3.396594836386e+00,9.220795717204e-02
-5.812980620639e+00,2.379041611998e+00,9.276090672554e-02
-5.812962452628e+00,1.058680534711e+00,9.314384311110e-02
-5.812920738384e+00,8.699635752645e+00,1.008803336255e-02
-5.812845499850e+00,4.313984930185e+00,9.142780444076e-02
-5.812569589028e+00,8.359909309523e+00,5.677842978819e-02
-5.812524341943e+00,1.531577829198e+00,9.304413611829e-02
-5.812440637644e+00,1.730733794736e+00,9.299018940466e-02
-5.812378708026e+00,3.662807213920e+00,9.201595504183e-02
-5.812378088008e+00,6.505715842964e+00,8.685538087755e-02
-5.812337632373e+00,6.225931597323e+00,8.786629223427e-02
-5.812125958091e+00,4.558797196482e+00,9.115595119911e-02
-5.811813503886e+00,3.308417185605e+00,9.226898311091e-02
-5.811569196836e+00,5.898190587991e+00,8.881288975226e-02
-5.810961322727e+00,5.354170365249e+00,8.998874044152e-02
-5.810912907195e+00,5.130938515328e+00,9.036971643361e-02
-5.810826820159e+00,3.006194920189e+00,9.245503272180e-02
-5.810391551337e+00,7.730282974697e+00,7.699103527086e-02
-5.810249432719e+00,8.609296010662e+00,3.083498003900e-02
-5.810203145298e+00,4.121848303233e+00,9.162420876121e-02
-5.810162894131e+00,7.216244078983e+00,8.282022351178e-02
-5.810149187876e+00,2.092713233822e+00,9.287526238831e-02
-5.810072032800e+00,6.277476932962e+00,8.770376443894e-02
-5.809965536792e+00,6.746087576328e+00,8.578987712288e-02
-5.809948451437e+00,7.075652129883e+00,8.386516717636e-02
-5.809827030110e+00,3.752043824149e+00,9.194915622447e-02
-5.809751288805e+00,3.981310725042e+00,9.175470819990e-02
-5.809732173965e+00,1.333594706066e+00,9.309360454247e-02
-5.809330414131e+00,1.930954888127e+00,9.293166337331e-02
-5.809085122880e+00,3.220548876052e+00,9.232867876722e-02
-5.809033480803e+00,4.507337472102e+00,9.122102404327e-02
-5.808913839737e+00,8.112353096803e+00,6.825353680311e-02
-5.808858016887e+00,7.359917171710e+00,8.157520156353e-02
-5.808751941757e+00,6.560826878022e+00,8.664239197962e-02
-5.808732826862e+00,2.255265962180e+00,9.281570466851e-02
-5.808636829229e+00,1.097788693717e+00,9.314135511040e-02
-5.808262126225e+00,7.954999765259e+00,7.265357036943e-02
-5.808260966698e+00,6.938205944745e+00,8.475370921796e-02
-5.808127123992e+00,2.667939601610e+00,9.263591125212e-02
-5.808114133215e+00,5.831299060424e+00,8.898913120714e-02
-5.807835602913e+00,5.525735270902e+00,8.966732707493e-02
-5.807552488169e+00,6.329708872039e+00,8.753337268558e-02
-5.807476356699e+00,5.183376190386e+00,9.029120457039e-02
-5.807421042083e+00,4.263027387048e+00,9.148863779065e-02
-5.807381869491e+00,5.644980934246e+00,8.941926545235e-02
-5.807334916061e+00,2.542963945399e+00,9.269551827630e-02
-5.807314608812e+00,2.793432037135e+00,9.257419159741e-02
-5.807268453317e+00,7.507254370663e+00,8.004890229390e-02
-5.807064531325e+00,8.270475437428e+00,6.199094228084e-02
-5.806993538776e+00,1.570840837054e+00,9.303973066938e-02
-5.806841538475e+00,8.519193357013e+00,4.366106426934e-02
-5.806370799219e+00,1.770057678576e+00,9.298496064119e-02
-5.806156759642e+00,3.841498802998e+00,9.188059022743e-02
-5.805428371667e+00,4.455990705469e+00,9.128515065275e-02
-5.805365197207e+00,3.133007026405e+00,9.238707779843e-02
-5.805147501450e+00,6.803969548124e+00,8.551771730818e-02
-5.805124696034e+00,7.798449177622e+00,7.591268075642e-02
-5.804988937030e+00,2.418543198823e+00,9.275293615499e-02
-5.804981981415e+00,5.406852269445e+00,8.990447502529e-02
-5.804847256095e+00,2.919401850852e+00,9.251032745877e-02
-5.804846157173e+00,6.616592487302e+00,8.641789125777e-02
-5.804773965225e+00,6.382621264312e+00,8.735457883643e-02
-5.804721056507e+00,1.372777942106e+00,9.309000612712e-02
-5.804218282068e+00,1.136885809282e+00,9.313871036189e-02
-5.803650956382e+00,7.574922549365e+00,7.927162879761e-02
-5.803567101749e+00,5.764527480283e+00,8.915995940097e-02
-5.803488085738e+00,7.136981659351e+00,8.347083023744e-02
-5.803465429215e+00,5.235862688657e+00,9.021152126549e-02
-5.803046767987e+00,2.132127185738e+00,9.286851481586e-02
-5.803026575136e+00,4.071341977065e+00,9.168213817002e-02
-5.803022166672e+00,1.562500050003e-02,9.324347883064e-02
-5.802998734976e+00,7.278938085148e+00,8.235108945430e-02
-5.802818589240e+00,4.687500150008e-02,9.324350010614e-02
-5.802702849827e+00,1.970319836813e+00,9.292559823969e-02
-5.802699317672e+00,8.429332831423e+00,5.237341309537e-02
-5.802615011808e+00,7.812500250012e-02,9.324338043596e-02
-5.802482883106e+00,6.998140756656e+00,8.441816722325e-02
-5.802411434375e+00,1.093750035002e-01,9.324311981956e-02
-5.802207856943e+00,1.406250045003e-01,9.324269147609e-02
-5.802119970038e+00,3.524750934057e+00,9.213218771394e-02
-5.802004279511e+00,1.718750055004e-01,9.324211318965e-02
-5.801818864580e+00,3.436270607615e+00,9.219523137784e-02
-5.801800702079e+00,2.031250065004e-01,9.324139389467e-02
-5.801731468225e+00,6.436207927592e+00,8.716679492472e-02
-5.801597124646e+00,2.343750075005e-01,9.324052335945e-02
-5.801507478616e+00,4.212204398072e+00,9.154859434537e-02
-5.801393547214e+00,2.656250085005e-01,9.323948601116e-02
-5.801366439304e+00,1.610085185592e+00,9.303516456138e-02
-5.801358241311e+00,3.613498295194e+00,9.206776858816e-02
-5.801347690694e+00,3.931152907951e+00,9.181055548096e-02
-5.801330667854e+00,8.023630024909e+00,7.106069543474e-02
-5.801315643023e+00,4.404761545781e+00,9.134834402135e-02
-5.801189969782e+00,2.968750095005e-01,9.323829756250e-02
-5.801140947054e+00,2.294714203200e+00,9.280826464936e-02
-5.800986392350e+00,3.281250105004e-01,9.323693847400e-02
-5.800968929379e+00,7.423945134640e+00,8.100893864553e-02
-5.800831764426e+00,8.181298230291e+00,6.603056982350e-02
-5.800782814917e+00,3.593750115004e-01,9.323542662795e-02
-5.800769364587e+00,6.085407619601e+00,8.833243245773e-02
-5.800675818552e+00,3.045808388406e+00,9.244419727015e-02
-5.800655895042e+00,6.673006358696e+00,8.618098199979e-02
-5.800579237485e+00,3.906250125003e-01,9.323374855921e-02
-5.800491870844e+00,4.857240348541e+00,9.079473370804e-02
-5.800476132745e+00,3.348075287552e+00,9.225675243297e-02
-5.800406300517e+00,6.018281940271e+00,8.852370918655e-02
-5.800377392809e+00,4.805297261559e+00,9.086539703596e-02
-5.800375660053e+00,4.218750135002e-01,9.323192937624e-02
-5.800203077837e+00,1.809359482762e+00,9.297956822770e-02
-5.800172082621e+00,4.531250145001e-01,9.322996906353e-02
-5.800061461134e+00,4.909264058177e+00,9.072302422608e-02
-5.800029816222e+00,6.862479684442e+00,8.522920895123e-02
-5.800007008445e+00,6.152613200082e+00,8.813499791263e-02
-5.799968505189e+00,4.843750155000e-01,9.322783148542e-02
-5.799838456534e+00,5.578555828849e+00,8.957760435851e-02
-5.799722787022e+00,4.753439721756e+00,9.093502756688e-02
-5.799706880163e+00,1.175971315383e+00,9.313590864586e-02
-5.799615344854e+00,1.411945821731e+00,9.308624889163e-02
-5.799560537511e+00,5.156250165000e-01,9.322575207578e-02
-5.799517275190e+00,7.642734841448e+00,7.842244134662e-02
-5.799512742484e+00,3.702494364556e+00,9.200195785705e-02
-5.799336877690e+00,7.866748680250e+00,7.471611543195e-02
-5.799196343036e+00,2.707478167799e+00,9.262664555412e-02
-5.799081442094e+00,4.961363426123e+00,9.065025535110e-02
-5.798948179588e+00,5.468750175001e-01,9.322373254938e-02
-5.798926467268e+00,5.951246668322e+00,8.870907428717e-02
-5.798875648808e+00,5.288392802255e+00,9.013065264822e-02
-5.798827120524e+00,2.582471999637e+00,9.268680443896e-02
-5.798575356433e+00,8.679160142904e+00,1.829409123320e-02
-5.798532851703e+00,4.701672613382e+00,9.100347741507e-02
-5.798420039159e+00,6.490462647927e+00,8.696937722973e-02
-5.798408892548e+00,5.459560472140e+00,8.981865487352e-02
-5.798335821666e+00,5.781250185002e-01,9.322154794872e-02
-5.798188975847e+00,6.211665178499e+00,8.795718127423e-02
-5.798113248212e+00,3.260182587854e+00,9.231685434524e-02
-5.797950369221e+00,2.832990517402e+00,9.256436730163e-02
-5.797937072371e+00,5.697886069448e+00,8.932569681998e-02
-5.797825063576e+00,8.339719457433e+00,5.867626508089e-02
-5.797723463743e+00,6.093750195002e-01,9.321917028565e-02
-5.797547130757e+00,5.013533448635e+00,9.057641397953e-02
-5.797111105821e+00,6.406250205003e-01,9.321664382773e-02
-5.796893420453e+00,2.458010452953e+00,9.274479354588e-02
-5.796812422885e+00,4.650000780260e+00,9.107073696410e-02
-5.796703339778e+00,7.198904869560e+00,8.304848535916e-02
-5.796700343197e+00,4.353654600194e+00,9.141032111925e-02
-5.796562814651e+00,3.791720465556e+00,9.193461156756e-02
-5.796498747898e+00,6.718750215004e-01,9.321398022909e-02
-5.796390356293e+00,7.058683339030e+00,8.406049202999e-02
-5.796338598833e+00,5.884312237260e+00,8.888876219096e-02
-5.796176354630e+00,6.730062149246e+00,8.593067237458e-02
-5.795975936979e+00,2.009659171898e+00,9.291936703999e-02
-5.795959654114e+00,6.263011271731e+00,8.779826642523e-02
-5.795886389975e+00,7.031250225004e-01,9.321117957624e-02
-5.795843484053e+00,2.171512494890e+00,9.286159907471e-02
-5.795803741031e+00,8.588891106621e+00,3.573395574040e-02
-5.795643158986e+00,1.649310288521e+00,9.303043746887e-02
-5.795500436842e+00,7.342211550418e+00,8.184581590439e-02
-5.795453883197e+00,5.065769082688e+00,9.050143215989e-02
-5.795379908487e+00,4.020986556763e+00,9.173903721339e-02
-5.795274032053e+00,7.343750235005e-01,9.320824161302e-02
-5.795109990891e+00,4.161520411319e+00,9.160768646877e-02
-5.795102695963e+00,1.215044646555e+00,9.313294973292e-02
-5.795039325645e+00,2.958969342699e+00,9.249993810090e-02
-5.794865919270e+00,7.710687810946e+00,7.749120996387e-02
-5.794834757904e+00,6.545379179862e+00,8.676161949143e-02
-5.794751945396e+00,3.172609760085e+00,9.237565662646e-02
-5.794661674130e+00,7.656250245005e-01,9.320505877835e-02
-5.794607801469e+00,6.921611546994e+00,8.492291512793e-02
-5.794566373956e+00,4.598429025712e+00,9.113702591641e-02
-5.794415134306e+00,1.451097768999e+00,9.308233255185e-02
-5.794049316207e+00,7.968750255004e-01,9.320173824604e-02
-5.793937609829e+00,1.848638611373e+00,9.297401176319e-02
-5.793873673676e+00,8.092382662742e+00,6.925247741376e-02
-5.793702580074e+00,5.340961285642e+00,9.004858504158e-02
-5.793477313568e+00,6.315044907688e+00,8.763172774026e-02
-5.793446777621e+00,2.334130683560e+00,9.280065430280e-02
-5.793436958284e+00,8.281250265002e-01,9.319828011440e-02
-5.793026671825e+00,7.935178012188e+00,7.338089949127e-02
-5.792824600362e+00,8.593750275002e-01,9.319468450090e-02
-5.792797094888e+00,5.118065246212e+00,9.042495230867e-02
-5.792736124278e+00,7.488538205062e+00,8.039476997427e-02
-5.792651511523e+00,5.817489007326e+00,8.906237121884e-02
-5.792488081615e+00,3.881157575027e+00,9.186560338870e-02
-5.792295884699e+00,8.498859648952e+00,4.691295792942e-02
-5.792221101054e+00,8.250358241877e+00,6.344673230864e-02
-5.792212242439e+00,8.906250285002e-01,9.319095154276e-02
-5.791799615463e+00,4.546962112114e+00,9.120235686570e-02
-5.791599884516e+00,9.218750295001e-01,9.318698741585e-02
-5.791587556180e+00,4.302674433546e+00,9.147140418631e-02
-5.791402773735e+00,6.787753485487e+00,8.566586248488e-02
-5.791237753378e+00,5.512289605858e+00,8.973131802236e-02
-5.791233095874e+00,5.631384974534e+00,8.948653944050e-02
-5.790987526594e+00,9.531250305001e-01,9.318286652329e-02
-5.790970742427e+00,6.600951246629e+00,8.654274511518e-02
-5.790736916566e+00,6.367759940434e+00,8.745704880923e-02
-5.790414213601e+00,3.085373690083e+00,9.243317608163e-02
-5.790405805354e+00,1.254105237842e+00,9.312983338407e-02
-5.790375168671e+00,9.843750315000e-01,9.317860747786e-02
-5.790214236402e+00,2.621942441515e+00,9.267791438971e-02
-5.790159069724e+00,2.746976408705e+00,9.261720176177e-02
-5.789993371064e+00,3.475888174237e+00,9.218231087745e-02
-5.789978829468e+00,7.119827160377e+00,8.367852282523e-02
-5.789914264601e+00,3.564376873957e+00,9.211884490115e-02
-5.789823816854e+00,1.688515560250e+00,9.302554905846e-02
-5.789695419444e+00,7.778778010792e+00,7.646552904135e-02
-5.789589740923e+00,7.261415166956e+00,8.259516462774e-02
-5.789572200939e+00,5.170416818467e+00,9.034733247057e-02
-5.789149833457e+00,2.048972288669e+00,9.291296934023e-02
-5.789120523678e+00,1.490233208503e+00,9.307825681473e-02
-5.789024231008e+00,3.387677588575e+00,9.224433194158e-02
-5.788876816769e+00,6.981358667563e+00,8.459722620398e-02
-5.788765813785e+00,3.653125586999e+00,9.205400089776e-02
-5.788694282006e+00,2.497442742427e+00,9.273647843461e-02
-5.788539512431e+00,2.210868547365e+00,9.285451471198e-02
-5.788517094901e+00,4.495604760474e+00,9.126674248610e-02
-5.788478298223e+00,2.872505895962e+00,9.255436308941e-02
-5.788233794642e+00,4.110979831733e+00,9.166592652921e-02
-5.788054051846e+00,8.409070807919e+00,5.468780672522e-02
-5.787984727919e+00,1.019478511613e+00,9.317533316155e-02
-5.787941828331e+00,5.393562856045e+00,8.996530497986e-02
-5.787933736134e+00,7.555480802582e+00,7.966876093217e-02
-5.787874103335e+00,5.750787264950e+00,8.923073526600e-02
-5.787733462959e+00,6.421150192063e+00,8.727366590711e-02
-5.787663612352e+00,7.406057819885e+00,8.130021604116e-02
-5.787574535159e+00,1.887894469315e+00,9.296829083914e-02
-5.787268455035e+00,3.970786327747e+00,9.179512482359e-02
-5.787028210547e+00,3.299762861162e+00,9.230484118646e-02
-5.786823149028e+00,6.657172540321e+00,8.631189818668e-02
-5.786527194669e+00,3.742115859819e+00,9.198776317965e-02
-5.786363771271e+00,8.749115880015e+00,6.608629114012e-06
-5.786330429007e+00,6.846073963543e+00,8.538532925390e-02
-5.786244625003e+00,6.071333716529e+00,8.841532541363e-02
-5.786192675520e+00,8.003733692291e+00,7.188159690013e-02
-5.785982401218e+00,4.251825568222e+00,9.153161078832e-02
-5.785889786501e+00,8.161254174664e+00,6.718229751523e-02
-5.785774676406e+00,5.222818640323e+00,9.026855884991e-02
-5.785720785669e+00,6.138477259382e+00,8.822093893168e-02
-5.785650513939e+00,2.373514780726e+00,9.279287316539e-02
-5.785644653072e+00,6.004271654634e+00,8.860369464271e-02
-5.785616287677e+00,1.293152524637e+00,9.312655935078e-02
-5.785122291297e+00,2.998490894396e+00,9.248936710049e-02
-5.784723796271e+00,4.444361650326e+00,9.133019551619e-02
-5.784461990311e+00,6.475209452889e+00,8.708096242680e-02
-5.784229974482e+00,8.658684533164e+00,2.509969936235e-02
-5.784040319320e+00,6.197398759675e+00,8.804637379072e-02
-5.784026938435e+00,3.212161375977e+00,9.236404790966e-02
-5.784004327761e+00,7.847001983042e+00,7.533036266357e-02
-5.783929530505e+00,5.937301570095e+00,8.878628522932e-02
-5.783908535523e+00,1.727700415845e+00,9.302049898903e-02
-5.783895661138e+00,7.623216151655e+00,7.885661143646e-02
-5.783770814464e+00,1.058430496682e+00,9.317300714625e-02
-5.783731615304e+00,1.529351565365e+00,9.307402137848e-02
-5.783464302956e+00,5.565034266699e+00,8.964267439784e-02
-5.783243785424e+00,7.181565660137e+00,8.326980934324e-02
-5.783177862600e+00,3.831328890158e+00,9.191986373036e-02
-5.783080538124e+00,8.319529605344e+00,6.040672715823e-02
-5.782832261149e+00,7.041714548178e+00,8.425033314151e-02
-5.782387172469e+00,6.714036722163e+00,8.606813307966e-02
-5.782224700857e+00,2.088258583224e+00,9.290640470057e-02
-5.782142856796e+00,7.324505929126e+00,8.210746747293e-02
-5.782015353552e+00,5.684217221949e+00,8.939411797416e-02
-5.781847275428e+00,6.248545610500e+00,8.789096510717e-02
-5.781589040164e+00,5.446192193461e+00,8.988058225536e-02
-5.781496494802e+00,2.661374631472e+00,9.266884760544e-02
-5.781400036631e+00,5.275265514504e+00,9.018861782710e-02
-5.781358049343e+00,8.568486202580e+00,3.996698252479e-02
-5.781344272579e+00,4.844818614081e+00,9.084495418909e-02
-5.781135033235e+00,2.250194730268e+00,9.284726127066e-02
-5.781116658845e+00,4.896749250020e+00,9.077402744541e-02
-5.781113997412e+00,1.927126462360e+00,9.296240503974e-02
-5.781108000830e+00,5.870433886529e+00,8.896332451426e-02
-5.781028795935e+00,4.792969962404e+00,9.091485008401e-02
-5.781015551669e+00,2.786433676387e+00,9.260757936396e-02
-5.780954636240e+00,6.905017149244e+00,8.508770871140e-02
-5.780917574051e+00,6.529931481702e+00,8.687826251237e-02
-5.780884139710e+00,4.060587020654e+00,9.172316175686e-02
-5.780734225707e+00,1.332185942883e+00,9.312312737510e-02
-5.780424739701e+00,4.393237419550e+00,9.139262725819e-02
-5.780391736621e+00,2.536839436616e+00,9.272799035778e-02
-5.780341224815e+00,4.948756916806e+00,9.070205683393e-02
-5.780174997166e+00,4.741208208540e+00,9.098372826675e-02
-5.780042300784e+00,3.124890152329e+00,9.242196863612e-02
-5.779890032574e+00,4.201112483747e+00,9.159095307928e-02
-5.779483914569e+00,7.470470210426e+00,8.070943385127e-02
-5.779466152401e+00,1.097372257069e+00,9.317052493310e-02
-5.779402138967e+00,6.300380943337e+00,8.772816331723e-02
-5.779340287203e+00,7.691092647194e+00,7.796781240728e-02
-5.779013279130e+00,5.000836621564e+00,9.062902947041e-02
-5.778898660398e+00,2.911977516695e+00,9.254417847168e-02
-5.778833507614e+00,8.072412228681e+00,7.018614928760e-02
-5.778787682687e+00,4.689538225714e+00,9.105133923655e-02
-5.778697557591e+00,3.920745531183e+00,9.185041267785e-02
-5.778248515015e+00,1.568452265369e+00,9.306962593274e-02
-5.778052377223e+00,3.515446831530e+00,9.216919522959e-02
-5.777897441153e+00,1.766864271201e+00,9.301528691195e-02
-5.777791217425e+00,7.915356259117e+00,7.406730834644e-02
-5.777752355188e+00,2.412865873315e+00,9.278492077180e-02
-5.777750230924e+00,8.478525940890e+00,4.979746883474e-02
-5.777658046021e+00,6.771537422850e+00,8.581040239243e-02
-5.777591789094e+00,3.603941452735e+00,9.210530590454e-02
-5.777458140784e+00,3.427223391892e+00,9.223172028612e-02
-5.777377670782e+00,8.230241046325e+00,6.478904003392e-02
-5.777188889832e+00,5.803678954228e+00,8.913436668934e-02
-5.777128169403e+00,5.052983332094e+00,9.055493262301e-02
-5.777095327681e+00,6.585310005956e+00,8.666482375541e-02
-5.776871696658e+00,4.637964846674e+00,9.111788427585e-02
-5.776699867908e+00,6.352898616555e+00,8.755747267584e-02
-5.776469573198e+00,7.102672661404e+00,8.388019571356e-02
-5.776443837421e+00,5.327752206034e+00,9.010749597634e-02
-5.776180746869e+00,7.243892248763e+00,8.283156187647e-02
-5.776055389360e+00,3.692689026323e+00,9.204003616147e-02
-5.775830337516e+00,3.339289007611e+00,9.229263886347e-02
-5.775759705649e+00,1.371204929048e+00,9.311953718980e-02
-5.775624981235e+00,4.342236663934e+00,9.145395973497e-02
-5.775270750431e+00,6.964576578469e+00,8.477147514257e-02
-5.775200704450e+00,2.127517452655e+00,9.289967267560e-02
-5.775096434992e+00,3.037965842017e+00,9.247861400229e-02
-5.775084322257e+00,5.617789014822e+00,8.955270969508e-02
-5.775070805702e+00,1.136303240122e+00,9.316788631089e-02
-5.774681282580e+00,5.105191977097e+00,9.047935470061e-02
-5.774639903843e+00,5.498843940815e+00,8.979428050761e-02
-5.774556143797e+00,1.966333997148e+00,9.295635394219e-02
-5.774431920527e+00,4.586492863618e+00,9.118347266006e-02
-5.774358295326e+00,7.388170505131e+00,8.158147917051e-02
-5.774266142853e+00,7.759106843961e+00,7.699105740615e-02
-5.773735457693e+00,6.406092456533e+00,8.737835248902e-02
-5.773630230308e+00,2.289490431820e+00,9.283983829007e-02
-5.773483176404e+00,1.562500050003e-02,9.327231347180e-02
-5.773422466811e+00,3.781670972363e+00,9.197334826930e-02
-5.773408786020e+00,8.388808784415e+00,5.677847274985e-02
-5.773315639129e+00,4.150539616634e+00,9.164944323077e-02
-5.773284625575e+00,4.687500150008e-02,9.327232895859e-02
-5.773190489834e+00,3.251661194167e+00,9.235225117633e-02
-5.773086074746e+00,7.812500250012e-02,9.327220362675e-02
-5.773066309637e+00,4.010346295664e+00,9.177948985798e-02
-5.772990403014e+00,6.641338721947e+00,8.643982878938e-02
-5.772887523917e+00,1.093750035002e-01,9.327193747508e-02
-5.772688973088e+00,1.406250045003e-01,9.327150878119e-02
-5.772674130736e+00,2.700767931327e+00,9.265960356466e-02
-5.772671332129e+00,1.607534735005e+00,9.306507015872e-02
-5.772631041791e+00,6.829668242644e+00,8.553754289141e-02
-5.772490422259e+00,1.718750055004e-01,9.327092695201e-02
-5.772291871430e+00,2.031250065004e-01,9.327020423697e-02
-5.772216515886e+00,7.536039055798e+00,8.004891944187e-02
-5.772181104920e+00,5.737047049617e+00,8.930032588259e-02
-5.772119044310e+00,8.728570056548e+00,1.008805168329e-02
-5.772093320601e+00,2.343750075005e-01,9.326933802295e-02
-5.771986003055e+00,2.576199906250e+00,9.271932168891e-02
-5.771894769772e+00,2.656250085005e-01,9.326829924304e-02
-5.771790663443e+00,1.806006543076e+00,9.300991247134e-02
-5.771766040459e+00,2.825849324345e+00,9.259777785405e-02
-5.771719885418e+00,6.057259813457e+00,8.849673543143e-02
-5.771696218943e+00,2.968750095005e-01,9.326710957450e-02
-5.771668045180e+00,5.157457446549e+00,9.040260803844e-02
-5.771497668114e+00,3.281250105004e-01,9.326574965197e-02
-5.771473272835e+00,4.535127027746e+00,9.124811678411e-02
-5.771434562892e+00,6.124341318681e+00,8.830531942328e-02
-5.771299117285e+00,3.593750115004e-01,9.326424887088e-02
-5.771100566456e+00,3.906250125003e-01,9.326257193398e-02
-5.771054683187e+00,7.983837359673e+00,7.265359879965e-02
-5.770947808576e+00,8.141210119037e+00,6.825357052201e-02
-5.770902015627e+00,4.218750135002e-01,9.326075397155e-02
-5.770901675248e+00,5.380273442644e+00,9.002518008323e-02
-5.770883005626e+00,5.990261368998e+00,8.868227021033e-02
-5.770703464798e+00,4.531250145001e-01,9.325879496226e-02
-5.770692817142e+00,1.410208920124e+00,9.311578851842e-02
-5.770584841723e+00,1.175222893457e+00,9.316509105865e-02
-5.770504913969e+00,4.843750155000e-01,9.325667503566e-02
-5.770503941463e+00,6.459956257852e+00,8.719021187969e-02
-5.770329612510e+00,4.291363936907e+00,9.151441621173e-02
-5.770107019567e+00,5.156250165000e-01,9.325459184903e-02
-5.769891662794e+00,6.183132340851e+00,8.813391687553e-02
-5.769884592531e+00,8.638208923424e+00,3.083502163901e-02
-5.769784231070e+00,7.164226450713e+00,8.348450445917e-02
-5.769752504355e+00,2.452183341098e+00,9.277679665544e-02
-5.769672591775e+00,3.870868363696e+00,9.190491243217e-02
-5.769560379685e+00,3.164357104039e+00,9.241057442562e-02
-5.769509781594e+00,5.468750175001e-01,9.325256158106e-02
-5.769274166005e+00,7.024745757325e+00,8.443491643306e-02
-5.769211724281e+00,2.951404725199e+00,9.253381296723e-02
-5.768932593742e+00,5.923356471868e+00,8.886215510275e-02
-5.768912543620e+00,5.781250185002e-01,9.325038526930e-02
-5.768785276750e+00,7.306800307833e+00,8.236059059767e-02
-5.768671777833e+00,7.827255285833e+00,7.591270467877e-02
-5.768597990307e+00,6.698011295080e+00,8.620237558308e-02
-5.768336012673e+00,8.299339753254e+00,6.199098195557e-02
-5.768315305646e+00,6.093750195002e-01,9.324800769055e-02
-5.768274047087e+00,7.603697461863e+00,7.927164737685e-02
-5.768083923597e+00,5.209774591988e+00,9.032472483097e-02
-5.768078013117e+00,2.166748295294e+00,9.289277281480e-02
-5.768000708999e+00,4.483872048847e+00,9.131182912249e-02
-5.767901125122e+00,2.005516481271e+00,9.295013711703e-02
-5.767734896742e+00,6.234079949269e+00,8.798191159983e-02
-5.767718067672e+00,6.406250205003e-01,9.324547131875e-02
-5.767301471012e+00,6.888422751493e+00,8.524825906716e-02
-5.767120829698e+00,6.718750215004e-01,9.324279747484e-02
-5.767090149379e+00,5.551512704549e+00,8.970669228779e-02
-5.767000390198e+00,6.514483783542e+00,8.699240381007e-02
-5.767000179451e+00,1.646598401461e+00,9.306035372946e-02
-5.766912357655e+00,8.548081298539e+00,4.366111056094e-02
-5.766523591724e+00,7.031250225004e-01,9.323998623321e-02
-5.766264443987e+00,4.100111360232e+00,9.170708184691e-02
-5.766231704860e+00,7.452402215792e+00,8.101267029681e-02
-5.766093634732e+00,5.670548374450e+00,8.946140986351e-02
-5.766025291222e+00,2.328755041358e+00,9.283224530638e-02
-5.766008331167e+00,1.214130665236e+00,9.316213894572e-02
-5.765996244050e+00,3.554945877010e+00,9.215588401873e-02
-5.765926353750e+00,7.343750235005e-01,9.323703768493e-02
-5.765877402828e+00,5.856555535797e+00,8.903657728799e-02
-5.765778208408e+00,3.466712002856e+00,9.221883074166e-02
-5.765588335661e+00,1.845126648939e+00,9.300437530436e-02
-5.765533653242e+00,1.449197353723e+00,9.311188107548e-02
-5.765329115776e+00,7.656250245005e-01,9.323389761544e-02
-5.765326964366e+00,6.285716978986e+00,8.782273500086e-02
-5.765152919544e+00,3.643443960078e+00,9.209157037783e-02
-5.764962042695e+00,3.077393523407e+00,9.246762536137e-02
-5.764785621265e+00,3.960261930451e+00,9.183501791817e-02
-5.764769187779e+00,5.432823914782e+00,8.994152874654e-02
-5.764731877802e+00,7.968750255004e-01,9.323056990970e-02
-5.764543760352e+00,4.240623749396e+00,9.157400862458e-02
-5.764519960977e+00,3.378760340763e+00,9.228024696966e-02
-5.764134639828e+00,8.281250265002e-01,9.322710422842e-02
-5.764019220876e+00,4.432732595184e+00,9.137462221334e-02
-5.763924424453e+00,5.262138226753e+00,9.024569170157e-02
-5.763913318306e+00,6.755321360213e+00,8.595139998303e-02
-5.763814655136e+00,7.671497483443e+00,7.842246145360e-02
-5.763793341553e+00,8.052441794619e+00,7.106072610415e-02
-5.763747383074e+00,2.740121704419e+00,9.265018174833e-02
-5.763537401854e+00,8.593750275002e-01,9.322350067317e-02
-5.763477303906e+00,2.615523523369e+00,9.271045245286e-02
-5.763227359228e+00,3.732187895489e+00,9.202587411387e-02
-5.763219912934e+00,6.569668765283e+00,8.678421823414e-02
-5.763204577148e+00,8.458192232829e+00,5.237345834004e-02
-5.762960316928e+00,7.085518162431e+00,8.407610477732e-02
-5.762940163880e+00,8.906250285002e-01,9.321975936421e-02
-5.762771752816e+00,7.226369330571e+00,8.306063489707e-02
-5.762662819249e+00,6.338037292676e+00,8.765591099712e-02
-5.762555763025e+00,7.895534506046e+00,7.471614126661e-02
-5.762534240511e+00,8.210123850774e+00,6.603060610925e-02
-5.762410791656e+00,2.865222707521e+00,9.258779673091e-02
-5.762342925906e+00,9.218750295001e-01,9.321585153966e-02
-5.762242917208e+00,3.291108536719e+00,9.234026597174e-02
-5.762196674315e+00,4.832396879621e+00,9.089444977357e-02
-5.762171856555e+00,4.884234441863e+00,9.082428963102e-02
-5.761745687932e+00,9.531250305001e-01,9.321172608236e-02
-5.761726268140e+00,5.789868901131e+00,8.920514937438e-02
-5.761680199061e+00,4.780642663250e+00,9.096359402397e-02
-5.761664684094e+00,6.947794489375e+00,8.494110381644e-02
-5.761651168186e+00,2.491466565146e+00,9.276850034907e-02
-5.761601007536e+00,4.936150407488e+00,9.075310079080e-02
-5.761341348091e+00,1.253026004114e+00,9.315902973184e-02
-5.761235173276e+00,1.685642692607e+00,9.305547630996e-02
-5.761149095788e+00,2.044673323307e+00,9.294375412845e-02
-5.761148449958e+00,9.843750315000e-01,9.320746203918e-02
-5.761052978300e+00,7.370283190376e+00,8.185323144076e-02
-5.760856799423e+00,2.205950510433e+00,9.288570466291e-02
-5.760627207310e+00,4.728976695324e+00,9.103172681423e-02
-5.760479427503e+00,4.988139794494e+00,9.068087058156e-02
-5.760282310441e+00,1.488169667976e+00,9.310781456656e-02
-5.760198965559e+00,3.821158977318e+00,9.195863570953e-02
-5.759737452428e+00,6.391034721004e+00,8.748092078591e-02
-5.759533836380e+00,4.381713293318e+00,9.143630472568e-02
-5.759417762436e+00,2.990786868603e+00,9.252326610395e-02
-5.759290594624e+00,1.884224007070e+00,9.299867504146e-02
-5.759185094769e+00,5.314543126426e+00,9.016549546738e-02
-5.759157657001e+00,6.625504903572e+00,8.656487422877e-02
-5.759042513671e+00,4.677403838045e+00,9.109852696525e-02
-5.758968753990e+00,3.203773875902e+00,9.239899295570e-02
-5.758935548640e+00,5.604193055109e+00,8.961780357596e-02
-5.758931654576e+00,6.813262521744e+00,8.568586058581e-02
-5.758836866263e+00,7.739435677130e+00,7.749123170266e-02
-5.758802455609e+00,5.040197581500e+00,9.060758648358e-02
-5.758774369126e+00,1.019395124664e+00,9.320418722109e-02
-5.758763520193e+00,8.368546760911e+00,5.867630742835e-02
-5.758741704283e+00,4.049832064243e+00,9.176365052654e-02
-5.758320407238e+00,2.367987949455e+00,9.282448185315e-02
-5.758272586531e+00,4.190020569422e+00,9.163274894057e-02
-5.758042054308e+00,5.485398275772e+00,8.985623961409e-02
-5.757874317349e+00,8.708024233080e+00,1.829412135738e-02
-5.757758774349e+00,7.517194353901e+00,8.039558296527e-02
-5.757195145833e+00,6.043185910385e+00,8.857670210460e-02
-5.757148340116e+00,6.110205377980e+00,8.838818160953e-02
-5.756930970431e+00,4.625928913088e+00,9.116437198804e-02
-5.756583969926e+00,1.291908359091e+00,9.315576316724e-02
-5.756565470273e+00,5.092318707981e+00,9.053294298952e-02
-5.756545892614e+00,6.444703062814e+00,8.729719791956e-02
-5.756488106506e+00,5.723306834284e+00,8.936876112336e-02
-5.756324676716e+00,7.146887241290e+00,8.369286170240e-02
-5.756121358181e+00,5.976251083361e+00,8.875947304373e-02
-5.756047424487e+00,3.910338154415e+00,9.188975743546e-02
-5.756005830651e+00,8.121166063410e+00,6.925251046799e-02
-5.755916690854e+00,7.963941027056e+00,7.338092737215e-02
-5.755743006268e+00,6.168865922027e+00,8.821985591805e-02
-5.755716070861e+00,7.007776966472e+00,8.461445564818e-02
-5.755539210580e+00,8.617733313683e+00,3.573400043340e-02
-5.755427696704e+00,7.289094686541e+00,8.260559210296e-02
-5.755376433402e+00,1.724667036953e+00,9.305043755748e-02
-5.754938888665e+00,1.527125301531e+00,9.310358868849e-02
-5.754865865611e+00,2.654809661334e+00,9.270140680892e-02
-5.754808808145e+00,6.681985867997e+00,8.633342501439e-02
-5.754719404361e+00,3.116773278252e+00,9.245644440067e-02
-5.754716494525e+00,2.779435315639e+00,9.264058164072e-02
-5.754579176300e+00,1.058180458653e+00,9.320186659043e-02
-5.754549619273e+00,4.330818727674e+00,9.149701080719e-02
-5.754300213838e+00,2.083803932627e+00,9.293720453465e-02
-5.754297467099e+00,4.574556701523e+00,9.122927398916e-02
-5.753984784408e+00,3.506142729002e+00,9.220574630999e-02
-5.753935656980e+00,5.909411373642e+00,8.893671879670e-02
-5.753861522164e+00,5.366984029243e+00,9.008412315687e-02
-5.753825336878e+00,3.594384610275e+00,9.214237685721e-02
-5.753763889420e+00,5.144498074631e+00,9.045705117346e-02
-5.753648305783e+00,6.871828353743e+00,8.540458196140e-02
-5.753622518056e+00,6.219614288038e+00,8.807115513029e-02
-5.753591487221e+00,8.279149901164e+00,6.344677126575e-02
-5.753537239609e+00,2.245123498356e+00,9.287846776047e-02
-5.753448557181e+00,2.530714927833e+00,9.276003138550e-02
-5.753339227905e+00,7.807508588625e+00,7.646555252472e-02
-5.753097416988e+00,3.418176176169e+00,9.226766512104e-02
-5.753083206345e+00,6.499036085382e+00,8.710412268964e-02
-5.752979495151e+00,7.434334221157e+00,8.130525495274e-02
-5.752950064702e+00,2.904553182538e+00,9.257763549994e-02
-5.752897580693e+00,1.923298036593e+00,9.299281130676e-02
-5.752652433035e+00,7.584178772071e+00,7.966877919911e-02
-5.752598036235e+00,3.682883688091e+00,9.207763800768e-02
-5.752466665966e+00,8.527676394498e+00,4.691300468963e-02
-5.751736277449e+00,1.330777179700e+00,9.315233899273e-02
-5.751521287367e+00,4.139558821950e+00,9.169064914362e-02
-5.751251789765e+00,6.271053014635e+00,8.791549627709e-02
-5.751184542286e+00,3.330502727670e+00,9.232809185980e-02
-5.751146930207e+00,4.523291943378e+00,9.129324517002e-02
-5.750752710787e+00,3.999706034563e+00,9.181941898280e-02
-5.750715995801e+00,5.537991142399e+00,8.976968380299e-02
-5.750646804825e+00,5.842677185066e+00,8.910857495857e-02
-5.750515773346e+00,2.407188547806e+00,9.281654746192e-02
-5.750393170789e+00,5.196730543653e+00,9.038003964163e-02
-5.750295475573e+00,1.096955820421e+00,9.319939009729e-02
-5.750282118972e+00,3.771621479170e+00,9.201151452807e-02
-5.750171915913e+00,5.656879526952e+00,8.952760060715e-02
-5.750168590592e+00,6.739105297576e+00,8.608896129441e-02
-5.749517051432e+00,3.030123295627e+00,9.251253741998e-02
-5.749503491254e+00,1.566063693684e+00,9.309920312949e-02
-5.749451060658e+00,7.068363663458e+00,8.426649166220e-02
-5.749424083088e+00,1.763670863827e+00,9.304523712171e-02
-5.749362758762e+00,7.208846412378e+00,8.328271608182e-02
-5.749344498188e+00,6.554027524609e+00,8.690101570303e-02
-5.749071668841e+00,4.280053440269e+00,9.155685320470e-02
-5.748753175491e+00,8.032471360558e+00,7.188162696864e-02
-5.748658923372e+00,8.437858524767e+00,5.468785156792e-02
-5.748625770590e+00,6.323175968797e+00,8.775242199591e-02
-5.748289023069e+00,7.651902319691e+00,7.885663119664e-02
-5.748267731456e+00,3.243139800480e+00,9.238722374697e-02
-5.748058617756e+00,6.931012400281e+00,8.510620273498e-02
-5.747949335395e+00,5.419455636103e+00,9.000151799557e-02
-5.747747661273e+00,7.352395875622e+00,8.211594320844e-02
-5.747690810239e+00,8.190006655222e+00,6.718233309506e-02
-5.747484323097e+00,4.472139337219e+00,9.135629781069e-02
-5.747354640913e+00,2.122907719571e+00,9.293048788820e-02
-5.747320308625e+00,7.875712752976e+00,7.533038801332e-02
-5.746857101934e+00,3.860579152365e+00,9.194371988607e-02
-5.746798354791e+00,1.369631915989e+00,9.314875693979e-02
-5.746448812276e+00,5.249010939002e+00,9.030189525261e-02
-5.746409437766e+00,1.962348157483e+00,9.298677444648e-02
-5.746263646448e+00,5.776058848033e+00,8.927474998139e-02
-5.746151918436e+00,2.694057694855e+00,9.269218423162e-02
-5.746119513563e+00,2.284266660441e+00,9.287106164419e-02
-5.745923329336e+00,1.135720670962e+00,9.319675752924e-02
-5.745739447162e+00,6.375976985475e+00,8.758143430194e-02
-5.745581711696e+00,2.818708131287e+00,9.263080273040e-02
-5.745326049455e+00,8.777928543514e+00,6.608629066428e-06
-5.745324910987e+00,6.609671085197e+00,8.668709871179e-02
-5.745232267361e+00,6.796856800845e+00,8.583051430502e-02
-5.745144885586e+00,2.569927812863e+00,9.275138929833e-02
-5.744560511523e+00,7.498946696891e+00,8.071175339854e-02
-5.744368813974e+00,3.156104447993e+00,9.244507697069e-02
-5.744295093331e+00,4.089242888732e+00,9.174760682887e-02
-5.744118254367e+00,8.348284737407e+00,6.040676882933e-02
-5.743976224954e+00,1.604984284419e+00,9.309465756936e-02
-5.743944186135e+00,1.562500050003e-02,9.330084429836e-02
-5.743750661909e+00,4.687500150008e-02,9.330085412635e-02
-5.743629590389e+00,8.687478409613e+00,2.509973716558e-02
-5.743557137684e+00,7.812500250012e-02,9.330072327886e-02
-5.743407589672e+00,7.719764510300e+00,7.796783376148e-02
-5.743384122918e+00,2.943840107698e+00,9.256729367415e-02
-5.743378249050e+00,1.802653603390e+00,9.303987464505e-02
-5.743363613458e+00,1.093750035002e-01,9.330045175403e-02
-5.743314645480e+00,4.421103540041e+00,9.141843952983e-02
-5.743227054265e+00,4.871719633707e+00,9.087382753874e-02
-5.743170089232e+00,1.406250045003e-01,9.330002272128e-02
-5.743105119486e+00,4.229421930570e+00,9.161584367279e-02
-5.743049076051e+00,4.819975145160e+00,9.094323678997e-02
-5.742976565006e+00,1.718750055004e-01,9.329943749025e-02
-5.742865122362e+00,7.129548031867e+00,8.389515535968e-02
-5.742862117339e+00,6.096069437279e+00,8.846956622634e-02
-5.742860790257e+00,4.923543898171e+00,9.080340441616e-02
-5.742786775023e+00,5.590597095397e+00,8.968184756825e-02
-5.742783040781e+00,2.031250065004e-01,9.329871151232e-02
-5.742670406248e+00,6.029112007313e+00,8.865526365259e-02
-5.742611588258e+00,2.446356229244e+00,9.280844166280e-02
-5.742589516555e+00,2.343750075005e-01,9.329784477675e-02
-5.742587843766e+00,6.429449867777e+00,8.740198995348e-02
-5.742395992329e+00,2.656250085005e-01,9.329680946228e-02
-5.742331602187e+00,4.768315364095e+00,9.101164476797e-02
-5.742302787495e+00,3.949737533156e+00,9.187439854895e-02
-5.742202468104e+00,2.968750095005e-01,9.329561872488e-02
-5.742157975717e+00,6.990808175619e+00,8.478915316135e-02
-5.742078223500e+00,3.545514880063e+00,9.219246656558e-02
-5.742070116658e+00,7.271389065249e+00,8.284285344943e-02
-5.742008943878e+00,3.281250105004e-01,9.329425813112e-02
-5.741945575876e+00,4.975442967423e+00,9.073195495754e-02
-5.741926352116e+00,5.301334046818e+00,9.022260505855e-02
-5.741815419652e+00,3.593750115004e-01,9.329275685142e-02
-5.741770289429e+00,1.408472018517e+00,9.314501673074e-02
-5.741621895427e+00,3.906250125003e-01,9.329109253695e-02
-5.741594349741e+00,6.154599503203e+00,8.830423468157e-02
-5.741563045752e+00,3.457535831476e+00,9.225489295817e-02
-5.741540025303e+00,3.633762333156e+00,9.212867338754e-02
-5.741462803283e+00,1.174474471532e+00,9.319396866409e-02
-5.741444204773e+00,5.471952610728e+00,8.991721963771e-02
-5.741428371201e+00,4.218750135002e-01,9.328927595576e-02
-5.741359710735e+00,5.962240797724e+00,8.883533902585e-02
-5.741234846975e+00,4.531250145001e-01,9.328731842848e-02
-5.741193828629e+00,8.597257703943e+00,3.996702911303e-02
-5.741079417454e+00,4.716745182108e+00,9.107895478104e-02
-5.741063852726e+00,8.101122007783e+00,7.018618168986e-02
-5.741041322749e+00,4.843750155000e-01,9.328521580692e-02
-5.741019625983e+00,6.665960440915e+00,8.646143654370e-02
-5.740795108091e+00,5.709566618951e+00,8.943606988793e-02
-5.740778698520e+00,7.944044694438e+00,7.406733569331e-02
-5.740653501624e+00,5.156250165000e-01,9.328312914791e-02
-5.740476741815e+00,5.027411830907e+00,9.065946684899e-02
-5.740312542182e+00,2.161984095699e+00,9.292360373647e-02
-5.740071383599e+00,5.468750175001e-01,9.328108860581e-02
-5.740015690947e+00,3.369843092952e+00,9.231572842486e-02
-5.739995140554e+00,6.855233955992e+00,8.555692211144e-02
-5.739927523787e+00,3.722259931158e+00,9.206350851621e-02
-5.739826313264e+00,2.001373790644e+00,9.298057183263e-02
-5.739727285442e+00,7.416266226522e+00,8.158773465084e-02
-5.739510139371e+00,6.205148626807e+00,8.815874312417e-02
-5.739509871789e+00,3.069413356731e+00,9.250162646508e-02
-5.739489265573e+00,5.781250185002e-01,9.327890265894e-02
-5.739297344656e+00,4.665269450377e+00,9.114505551386e-02
-5.739166022492e+00,6.483588387222e+00,8.721349517301e-02
-5.738938720217e+00,5.895466275415e+00,8.901001002299e-02
-5.738907147548e+00,6.093750195002e-01,9.327654309361e-02
-5.738846961769e+00,8.258960049075e+00,6.478907826164e-02
-5.738642933059e+00,4.370189167086e+00,9.147939484354e-02
-5.738603804823e+00,2.323379399157e+00,9.286348584756e-02
-5.738449657966e+00,5.079445438865e+00,9.058573598008e-02
-5.738357199916e+00,1.643886514402e+00,9.308995167965e-02
-5.738325029523e+00,6.406250205003e-01,9.327399732126e-02
-5.738020974278e+00,8.507271490457e+00,4.979751566411e-02
-5.738006677976e+00,7.787761891417e+00,7.699108046369e-02
-5.737742911498e+00,6.718750215004e-01,9.327131377641e-02
-5.737457623869e+00,3.282454212275e+00,9.237526633671e-02
-5.737335696424e+00,2.733267000134e+00,9.268278419776e-02
-5.737239061493e+00,1.841614686506e+00,9.303434976286e-02
-5.737220068517e+00,3.810989064478e+00,9.199691671275e-02
-5.737176615164e+00,6.256389050284e+00,8.800649863154e-02
-5.737160793472e+00,7.031250225004e-01,9.326849252175e-02
-5.737030818984e+00,7.564660082278e+00,8.004893740636e-02
-5.736990244205e+00,4.613892979502e+00,9.121021464028e-02
-5.736913966371e+00,1.213216683917e+00,9.319102327001e-02
-5.736821369080e+00,5.353694615842e+00,9.014215632281e-02
-5.736740371410e+00,2.609104605224e+00,9.274257362267e-02
-5.736655140489e+00,4.178928655097e+00,9.167399399603e-02
-5.736652172179e+00,1.447296938447e+00,9.314111807879e-02
-5.736599268856e+00,4.039077107832e+00,9.180361579816e-02
-5.736578675447e+00,7.343750235005e-01,9.326553363566e-02
-5.736423862878e+00,6.722889234939e+00,8.622329789668e-02
-5.736343285088e+00,2.857939519080e+00,9.262084451119e-02
-5.735996557422e+00,7.656250245005e-01,9.326243551690e-02
-5.735953764709e+00,7.191323494186e+00,8.349811809762e-02
-5.735941804388e+00,7.051209164485e+00,8.445158475987e-02
-5.735859733660e+00,5.131538702713e+00,9.051068118140e-02
-5.735469083442e+00,6.538386283936e+00,8.701529961693e-02
-5.735416206822e+00,5.828798834335e+00,8.917936324603e-02
-5.735414439397e+00,7.968750255004e-01,9.325910117539e-02
-5.734832321372e+00,8.281250265002e-01,9.325562851502e-02
-5.734608054367e+00,2.485490387866e+00,9.280016398512e-02
-5.734588721931e+00,6.308314644918e+00,8.784706166891e-02
-5.734452551419e+00,6.914230311187e+00,8.526689135523e-02
-5.734442344247e+00,7.334508560867e+00,8.237005444348e-02
-5.734341842223e+00,5.524469580249e+00,8.983167390462e-02
-5.734250203346e+00,8.593750275002e-01,9.325201762205e-02
-5.734250197093e+00,5.643210679453e+00,8.959271742041e-02
-5.734163013670e+00,4.562620539429e+00,9.127444407948e-02
-5.734113269597e+00,8.417524816706e+00,5.677851705392e-02
-5.733910569546e+00,3.195386375827e+00,9.243352256995e-02
-5.733713233574e+00,2.983082842809e+00,9.255677077536e-02
-5.733713009430e+00,8.012500926497e+00,7.265362828269e-02
-5.733668085321e+00,8.906250285002e-01,9.324826860037e-02
-5.733474257311e+00,4.319400791414e+00,9.153948699205e-02
-5.733397291383e+00,3.899930777646e+00,9.192860054776e-02
-5.733174086416e+00,2.201032473501e+00,9.291655162199e-02
-5.733148358118e+00,2.040374357946e+00,9.297420338918e-02
-5.733085967296e+00,9.218750295001e-01,9.324438157211e-02
-5.732847379967e+00,8.169889459670e+00,6.825360540345e-02
-5.732763391002e+00,7.632307155939e+00,7.927166680056e-02
-5.732702417980e+00,5.183686495318e+00,9.043452310230e-02
-5.732646529699e+00,1.682769824963e+00,9.308508512389e-02
-5.732503849271e+00,9.531250305001e-01,9.324028612540e-02
-5.732276890829e+00,1.251946770386e+00,9.318792110553e-02
-5.732084854225e+00,7.855890999905e+00,7.591272955794e-02
-5.731921731245e+00,9.843750315000e-01,9.323601768946e-02
-5.731741441896e+00,6.360919249945e+00,8.767995405771e-02
-5.731532880145e+00,6.780451079946e+00,8.597168528973e-02
-5.731492164973e+00,6.593837266822e+00,8.680655528739e-02
-5.731444097205e+00,1.486106127449e+00,9.313706068825e-02
-5.731362248698e+00,7.480699039881e+00,8.101639002149e-02
-5.731182320323e+00,8.757312999978e+00,1.008807051288e-02
-5.731129483010e+00,5.406087357424e+00,9.006053653758e-02
-5.731006654090e+00,1.880553544824e+00,9.302866210377e-02
-5.730990300538e+00,2.362461118183e+00,9.285573990130e-02
-5.730820587580e+00,4.511456859010e+00,9.133775584446e-02
-5.730801024757e+00,5.762248794935e+00,8.934319821230e-02
-5.730058884661e+00,3.584827767816e+00,9.217899111034e-02
-5.729917191593e+00,3.496838626475e+00,9.224185039719e-02
-5.729726935605e+00,4.128578027265e+00,9.173131597506e-02
-5.729564010333e+00,1.019311737714e+00,9.323274266383e-02
-5.729472988540e+00,8.328022713904e+00,6.199102291003e-02
-5.729405568008e+00,7.112208822444e+00,8.409164419061e-02
-5.729396507938e+00,3.108656404176e+00,9.249051355426e-02
-5.729384863428e+00,8.666932586145e+00,3.083506442752e-02
-5.729140683111e+00,3.673078349859e+00,9.211477328473e-02
-5.728973200099e+00,5.235883651251e+00,9.035724882913e-02
-5.728736693192e+00,3.409128960447e+00,9.230317527351e-02
-5.728712536613e+00,7.253683443957e+00,8.307273267792e-02
-5.728629794918e+00,6.414196672739e+00,8.750465461077e-02
-5.728599880573e+00,6.973839384766e+00,8.495897822997e-02
-5.728575894563e+00,6.081933496578e+00,8.854951258827e-02
-5.728439111936e+00,3.989065773464e+00,9.185883563075e-02
-5.728417437382e+00,2.772436954891e+00,9.267320618726e-02
-5.728235236420e+00,2.648244691196e+00,9.273358389596e-02
-5.728145666662e+00,6.015038104241e+00,8.873245697995e-02
-5.727978313082e+00,7.700093343469e+00,7.842248243475e-02
-5.727813725171e+00,4.268742943630e+00,9.159872750926e-02
-5.727551652174e+00,1.290664193545e+00,9.318466191969e-02
-5.727445693215e+00,6.140333084379e+00,8.838709537542e-02
-5.727230443822e+00,6.649935013832e+00,8.658655684961e-02
-5.727141771132e+00,3.761571985976e+00,9.204918166356e-02
-5.727001469005e+00,2.897128848381e+00,9.261070648319e-02
-5.726967937195e+00,4.460406625592e+00,9.140016202584e-02
-5.726848446678e+00,8.576782094203e+00,4.366115821386e-02
-5.726844331281e+00,1.721633658062e+00,9.308005755779e-02
-5.726638001406e+00,5.577001135685e+00,8.974486731683e-02
-5.726598063290e+00,5.948230512088e+00,8.890990282221e-02
-5.726538747057e+00,3.321716447729e+00,9.236312028048e-02
-5.726505377741e+00,2.524590419050e+00,9.279171395808e-02
-5.726475075733e+00,7.398198231887e+00,8.186061957410e-02
-5.726375726819e+00,2.079349282029e+00,9.296766867252e-02
-5.726341975325e+00,6.838639558241e+00,8.570549279686e-02
-5.726146162026e+00,1.524899037697e+00,9.313284425464e-02
-5.726121874802e+00,8.081077952157e+00,7.106075786872e-02
-5.725939445982e+00,2.240052266443e+00,9.290933108297e-02
-5.725640706187e+00,7.924148361820e+00,7.471616809479e-02
-5.725397760685e+00,6.190682965576e+00,8.824472128720e-02
-5.725387538137e+00,1.057930420623e+00,9.323042735437e-02
-5.725248838638e+00,6.468140689062e+00,8.732059416715e-02
-5.725102109676e+00,5.695826403618e+00,8.950228014214e-02
-5.724846355239e+00,5.458506945685e+00,8.997724411738e-02
-5.724681163973e+00,1.919469610826e+00,9.302281128997e-02
-5.724667609464e+00,5.288124967210e+00,9.027884564151e-02
-5.724282251976e+00,4.859204825551e+00,9.092265744338e-02
-5.724120572979e+00,4.910937388853e+00,9.085298440860e-02
-5.724102436318e+00,8.238770196985e+00,6.603064360437e-02
-5.724041612093e+00,3.850289941033e+00,9.198203627956e-02
-5.723941783454e+00,5.881521177189e+00,8.908206136530e-02
-5.723937667872e+00,3.022280749238e+00,9.254606633540e-02
-5.723901477786e+00,4.807553410700e+00,9.099133110012e-02
-5.723575282590e+00,8.486866586416e+00,5.237350495554e-02
-5.723411724249e+00,4.962746140353e+00,9.078229973178e-02
-5.723344973077e+00,3.234618406793e+00,9.242178071170e-02
-5.723279191505e+00,2.401511222298e+00,9.284782333399e-02
-5.723101440563e+00,6.241725085933e+00,8.809579164224e-02
-5.722983005313e+00,4.755988064941e+00,9.105901777540e-02
-5.722738329192e+00,1.329368416517e+00,9.318124545212e-02
-5.722679135163e+00,6.706673172301e+00,8.635452104318e-02
-5.722674128048e+00,7.768015194209e+00,7.749125434717e-02
-5.722648271394e+00,7.545687588393e+00,8.039639424265e-02
-5.722610070085e+00,4.409474484899e+00,9.146156867146e-02
-5.722544770656e+00,7.173800575993e+00,8.370713532648e-02
-5.722432548118e+00,7.034054665511e+00,8.463156607857e-02
-5.722325742676e+00,4.078374417232e+00,9.178760834734e-02
-5.722151028021e+00,5.014626080313e+00,9.071059129889e-02
-5.721666478620e+00,4.218220111744e+00,9.165712797248e-02
-5.721593668696e+00,6.522745043263e+00,8.712714057739e-02
-5.721531627598e+00,4.704513668893e+00,9.112552400991e-02
-5.721137027221e+00,7.316621246112e+00,8.261597714037e-02
-5.721124798745e+00,1.096539383773e+00,9.322795651315e-02
-5.720950725022e+00,1.760477456452e+00,9.307486862947e-02
-5.720846485081e+00,6.897448222094e+00,8.542349096355e-02
-5.720758467493e+00,1.563675121999e+00,9.312846846487e-02
-5.720551673272e+00,6.293453321039e+00,8.793988389208e-02
-5.720333845658e+00,5.066572169749e+00,9.063775192257e-02
-5.720185608819e+00,5.814920483604e+00,8.924897267698e-02
-5.719819953724e+00,3.939213135860e+00,9.191327748918e-02
-5.719781215997e+00,5.340405202442e+00,9.019930103005e-02
-5.719629706136e+00,2.687347458382e+00,9.272439513041e-02
-5.719567615821e+00,8.397191108644e+00,5.867635109902e-02
-5.719552175640e+00,4.653135062709e+00,9.119093937857e-02
-5.719508577377e+00,2.118297986488e+00,9.296096723333e-02
-5.719397382934e+00,2.811566938230e+00,9.266344968409e-02
-5.719177248264e+00,3.147851791947e+00,9.247917271502e-02
-5.718672843368e+00,7.992530492436e+00,7.338095628551e-02
-5.718608796817e+00,2.279042889061e+00,9.290194165370e-02
-5.718328478274e+00,5.629541831954e+00,8.965678665076e-02
-5.718303768117e+00,2.563655719476e+00,9.278309111150e-02
-5.718262731735e+00,1.958362317818e+00,9.301679693751e-02
-5.718163985872e+00,7.462451382871e+00,8.131027665220e-02
-5.718160202949e+00,3.536083883115e+00,9.222860197027e-02
-5.718003949696e+00,8.149772264119e+00,6.925254466184e-02
-5.717967688645e+00,5.510948018099e+00,8.989268677219e-02
-5.717955577900e+00,5.118579330794e+00,9.056351679614e-02
-5.717927131062e+00,3.624080706235e+00,9.216531957594e-02
-5.717837003933e+00,1.368058902931e+00,9.317767143312e-02
-5.717833492930e+00,6.764045359046e+00,8.610949683542e-02
-5.717752029737e+00,4.358665040855e+00,9.152191023574e-02
-5.717743436630e+00,6.345861514416e+00,8.777653871056e-02
-5.717659418960e+00,6.578003448448e+00,8.692340931255e-02
-5.717556521554e+00,2.936275490198e+00,9.260038815390e-02
-5.717347883096e+00,3.448359660096e+00,9.229043203653e-02
-5.717237758935e+00,7.612711992187e+00,7.966879829632e-02
-5.717049517978e+00,4.601857045916e+00,9.125542636771e-02
-5.717038591192e+00,8.736697456443e+00,1.829415231824e-02
-5.716849399825e+00,7.836069246834e+00,7.646557694735e-02
-5.716775852971e+00,1.135138101802e+00,9.322532992655e-02
-5.716627688346e+00,3.712331966828e+00,9.210067625880e-02
-5.715946013654e+00,7.094869613021e+00,8.428257251040e-02
-5.715511420917e+00,3.360925845140e+00,9.235078515390e-02
-5.715470672161e+00,2.440529117389e+00,9.283973567261e-02
-5.715354956567e+00,7.235977822665e+00,8.329556617761e-02
-5.715338403065e+00,5.748438741837e+00,8.941052280430e-02
-5.715281117779e+00,1.602433833833e+00,9.312393299739e-02
-5.715140136468e+00,8.646386762678e+00,3.573404640326e-02
-5.715041785428e+00,6.956870593913e+00,8.512430915148e-02
-5.715037694446e+00,4.167836740771e+00,9.171469998806e-02
-5.715011665172e+00,5.170642446984e+00,9.048819444339e-02
-5.714965834656e+00,1.799300663704e+00,9.306951797970e-02
-5.714827722714e+00,8.307760690400e+00,6.344681147944e-02
-5.714671746069e+00,6.398943477701e+00,8.760525588072e-02
-5.714456833429e+00,4.028322151421e+00,9.184306859167e-02
-5.714405195867e+00,1.562500050003e-02,9.332907738276e-02
-5.714309630626e+00,5.392719078745e+00,9.011860271393e-02
-5.714289671786e+00,6.067797555877e+00,8.862805864999e-02
-5.714241171476e+00,3.800819151638e+00,9.203465725069e-02
-5.714216698244e+00,4.687500150008e-02,9.332908167780e-02
-5.714057700882e+00,3.061433190055e+00,9.253517989741e-02
-5.714028560242e+00,4.550684377334e+00,9.131899671409e-02
-5.714028200622e+00,7.812500250012e-02,9.332894545568e-02
-5.713839702999e+00,1.093750035002e-01,9.332866871389e-02
-5.713651205377e+00,1.406250045003e-01,9.332823935313e-02
-5.713620927077e+00,6.000964201169e+00,8.880831773242e-02
-5.713462707754e+00,1.718750055004e-01,9.332765085526e-02
-5.713441261660e+00,6.633909586749e+00,8.670888216733e-02
-5.713297036689e+00,6.126066665555e+00,8.846847872343e-02
-5.713274210132e+00,2.031250065004e-01,9.332692176473e-02
-5.713222866024e+00,7.380130237252e+00,8.212438627043e-02
-5.713085712509e+00,2.343750075005e-01,9.332605206851e-02
-5.712897214887e+00,2.656250085005e-01,9.332502270784e-02
-5.712847761716e+00,1.406735116911e+00,9.317393958379e-02
-5.712708717264e+00,2.968750095005e-01,9.332383104484e-02
-5.712688810097e+00,6.822045160491e+00,8.585043104159e-02
-5.712672330531e+00,3.273799887832e+00,9.240985092551e-02
-5.712549036491e+00,7.680422176638e+00,7.885665181591e-02
-5.712547071246e+00,2.157219896103e+00,9.295409861699e-02
-5.712520219642e+00,3.281250105004e-01,9.332246993403e-02
-5.712503064727e+00,8.556306484463e+00,4.691305282495e-02
-5.712398895349e+00,4.307982855153e+00,9.158140060362e-02
-5.712340764844e+00,1.173726049606e+00,9.322254737127e-02
-5.712331722020e+00,3.593750115004e-01,9.332096826444e-02
-5.712143224397e+00,3.906250125003e-01,9.331931638728e-02
-5.711954726775e+00,4.218750135002e-01,9.331750133838e-02
-5.711836415845e+00,5.934220226451e+00,8.898319793203e-02
-5.711766229152e+00,4.531250145001e-01,9.331554546104e-02
-5.711751501406e+00,1.997231100017e+00,9.301061865668e-02
-5.711577731530e+00,4.843750155000e-01,9.331344872653e-02
-5.711497587921e+00,5.222756363500e+00,9.041177217138e-02
-5.711331654785e+00,6.452692990902e+00,8.742548962209e-02
-5.711285381999e+00,6.176217304346e+00,8.832913368262e-02
-5.711199983680e+00,5.156250165000e-01,9.331136996496e-02
-5.711182318423e+00,2.318003756956e+00,9.289438286512e-02
-5.711179896877e+00,8.061033896530e+00,7.188165811085e-02
-5.710924009774e+00,2.726412295848e+00,9.271501668023e-02
-5.710747158279e+00,3.889523400878e+00,9.196695252477e-02
-5.710632985604e+00,5.468750175001e-01,9.330931959616e-02
-5.710502713853e+00,7.904252029203e+00,7.533041433793e-02
-5.710494244952e+00,4.499621774642e+00,9.138166224711e-02
-5.710489227789e+00,5.563405175972e+00,8.980688765937e-02
-5.710275778520e+00,2.850656330640e+00,9.265351417726e-02
-5.710065987527e+00,5.781250185002e-01,9.330711347252e-02
-5.710003438914e+00,2.602685687078e+00,9.277429497653e-02
-5.709714220381e+00,1.641174627342e+00,9.311923752237e-02
-5.709504790267e+00,7.527261290414e+00,8.071406606101e-02
-5.709498989451e+00,6.093750195002e-01,9.330478246086e-02
-5.709409111262e+00,5.682086188286e+00,8.956741895543e-02
-5.709357910866e+00,8.218580344895e+00,6.718236986072e-02
-5.709135776602e+00,7.156277657801e+00,8.391004518193e-02
-5.709129590901e+00,8.466461682375e+00,5.468789776926e-02
-5.709026265962e+00,6.227061121582e+00,8.818342306716e-02
-5.708944846691e+00,5.867576078962e+00,8.915290432589e-02
-5.708934407449e+00,6.690457109664e+00,8.648273697700e-02
-5.708931991374e+00,6.406250205003e-01,9.330222777836e-02
-5.708923291848e+00,7.016900166538e+00,8.480641478821e-02
-5.708889787325e+00,1.838102724071e+00,9.306400524217e-02
-5.708852385101e+00,3.186998875753e+00,9.246764519664e-02
-5.708364993298e+00,6.718750215004e-01,9.329953505251e-02
-5.708248505703e+00,5.445061280642e+00,9.003633586418e-02
-5.708008704713e+00,2.975378817016e+00,9.258988903932e-02
-5.707932583843e+00,4.117597232581e+00,9.177139667373e-02
-5.707831710194e+00,7.298733931358e+00,8.285409750375e-02
-5.707819601576e+00,1.212302702597e+00,9.321960861430e-02
-5.707797995221e+00,7.031250225004e-01,9.329670433470e-02
-5.707770691115e+00,1.445396523172e+00,9.317004961618e-02
-5.707718253950e+00,6.507103802590e+00,8.723655246705e-02
-5.707564940547e+00,2.479514210585e+00,9.283147644325e-02
-5.707408866811e+00,5.274915887603e+00,9.033423748001e-02
-5.707341578120e+00,7.748268497001e+00,7.796785600539e-02
-5.707240418744e+00,6.880666133000e+00,8.557615428994e-02
-5.707230997145e+00,7.343750235005e-01,9.329373569103e-02
-5.706663999068e+00,7.656250245005e-01,9.329062920280e-02
-5.706555781501e+00,4.257432446991e+00,9.164005113703e-02
-5.706514624613e+00,6.278591997161e+00,8.803094052018e-02
-5.706451551294e+00,4.448673913964e+00,9.144343487276e-02
-5.706292432445e+00,3.575270925356e+00,9.221515807864e-02
-5.706125513086e+00,3.978425512364e+00,9.189775055378e-02
-5.706097000991e+00,7.968750255004e-01,9.328733792126e-02
-5.705849598779e+00,3.487534523948e+00,9.227749837090e-02
-5.705683329987e+00,3.663273011627e+00,9.215145162612e-02
-5.705530002915e+00,8.281250265002e-01,9.328385882511e-02
-5.705491373408e+00,2.196114436569e+00,9.294706236397e-02
-5.705380355700e+00,4.898330879536e+00,9.090185698838e-02
-5.705337449686e+00,4.846690017394e+00,9.097079515564e-02
-5.705147620448e+00,2.036075392584e+00,9.300427605232e-02
-5.705021962045e+00,8.376857400582e+00,6.040681180250e-02
-5.704965723046e+00,7.444203725861e+00,8.159396758656e-02
-5.704963004838e+00,8.593750275002e-01,9.328024116965e-02
-5.704955010816e+00,5.801042132873e+00,8.931743278131e-02
-5.704877872622e+00,4.950049313282e+00,9.083192154476e-02
-5.704753879522e+00,4.795131676240e+00,9.103874811552e-02
-5.704396006762e+00,8.906250285002e-01,9.327648504297e-02
-5.704375969396e+00,3.400081744723e+00,9.233826055449e-02
-5.704153854832e+00,8.806548721031e+00,6.608629019555e-06
-5.704134105714e+00,6.747639638147e+00,8.624406653947e-02
-5.704073611514e+00,3.100539530100e+00,9.252411101714e-02
-5.704057886122e+00,1.679896957319e+00,9.311438170194e-02
-5.704001423293e+00,3.751522492783e+00,9.208638205736e-02
-5.703829008685e+00,9.218750295001e-01,9.327259055035e-02
-5.703826672946e+00,6.562169630073e+00,8.703774447005e-02
-5.703825314227e+00,5.001840329720e+00,9.076097690481e-02
-5.703745431365e+00,6.330803778887e+00,8.787124466796e-02
-5.703660193838e+00,2.356934286912e+00,9.288665424528e-02
-5.703634408439e+00,4.743660765786e+00,9.110572806870e-02
-5.703632677307e+00,7.972560058374e+00,7.406736405289e-02
-5.703262010609e+00,9.531250305001e-01,9.326855246374e-02
-5.703212433567e+00,1.250867536658e+00,9.321651341306e-02
-5.703160519424e+00,8.129655068567e+00,7.018621520926e-02
-5.702894862060e+00,8.716081912908e+00,2.509977601874e-02
-5.702741062913e+00,5.327115789041e+00,9.025557807982e-02
-5.702722713555e+00,1.876883082579e+00,9.305833004377e-02
-5.702695012532e+00,9.843750315000e-01,9.326428020961e-02
-5.702605883968e+00,1.484042586922e+00,9.316600123336e-02
-5.702486459300e+00,7.077530403598e+00,8.446808887428e-02
-5.702406759454e+00,5.615872984456e+00,8.971983381207e-02
-5.702218033351e+00,5.053698900633e+00,9.068900853298e-02
-5.702118380239e+00,2.765438594143e+00,9.270546056826e-02
-5.701997376521e+00,7.218272201373e+00,8.351167029670e-02
-5.701983837743e+00,4.692282155677e+00,9.117144895282e-02
-5.701905494689e+00,4.397845429756e+00,9.150412326620e-02
-5.701892951827e+00,3.312930167788e+00,9.239773275890e-02
-5.701712126868e+00,7.593116828436e+00,8.004895618739e-02
-5.701613945425e+00,7.816247493763e+00,7.699110444346e-02
-5.701604607230e+00,2.641679721057e+00,9.276532508649e-02
-5.701593535067e+00,5.497426455949e+00,8.995274583375e-02
-5.701483690284e+00,6.939901803060e+00,8.528536462323e-02
-5.701226122253e+00,3.840000729702e+00,9.201987186574e-02
-5.701052873308e+00,2.889704514223e+00,9.264339916183e-02
-5.700895409508e+00,8.625840939210e+00,3.996707703222e-02
-5.700713697221e+00,6.383690282664e+00,8.770385524210e-02
-5.700356392020e+00,4.067505945732e+00,9.182709739873e-02
-5.700353651541e+00,1.019228350765e+00,9.326100525435e-02
-5.700227837755e+00,4.207018292918e+00,9.169787324015e-02
-5.700182456888e+00,8.287498666896e+00,6.478911772240e-02
-5.700051422141e+00,5.105619958876e+00,9.061557620049e-02
-5.700003449010e+00,6.053661615176e+00,8.870524106461e-02
-5.699970656314e+00,7.362062242617e+00,8.237948037470e-02
-5.699875781374e+00,5.734628688739e+00,8.947675156863e-02
-5.699807006624e+00,4.641000675040e+00,9.123619265314e-02
-5.699652079498e+00,6.617884159667e+00,8.682850455203e-02
-5.699562198301e+00,2.518465910268e+00,9.282304517167e-02
-5.699148380162e+00,6.111800246731e+00,8.854842402867e-02
-5.699096187492e+00,5.986890298097e+00,8.888288035009e-02
-5.699035644868e+00,6.805450762740e+00,8.599186736726e-02
-5.698519334423e+00,1.289420027998e+00,9.321326151546e-02
-5.698451239800e+00,2.074894631431e+00,9.299776872426e-02
-5.698422214699e+00,3.226097013106e+00,9.245593050530e-02
-5.698358284312e+00,3.014438202849e+00,9.257920866524e-02
-5.698341652356e+00,2.234981034531e+00,9.293985801028e-02
-5.698312229161e+00,1.718600279171e+00,9.310936519036e-02
-5.698157682776e+00,8.535830874723e+00,4.979756387061e-02
-5.697489778241e+00,5.379350800066e+00,9.017578190953e-02
-5.697414470932e+00,6.437245292742e+00,8.752824867941e-02
-5.697353435387e+00,1.522672773864e+00,9.316179412963e-02
-5.697337119954e+00,3.928688738565e+00,9.195166522922e-02
-5.697320912363e+00,5.157598398649e+00,9.054107232698e-02
-5.697173003313e+00,6.161751643115e+00,8.841202280425e-02
-5.697119759901e+00,7.660751009808e+00,7.927168706874e-02
-5.697108791751e+00,4.589821112330e+00,9.130002091473e-02
-5.697074768400e+00,5.920209940814e+00,8.905525673692e-02
-5.696861126415e+00,4.347140914623e+00,9.156386318576e-02
-5.696464747254e+00,1.915641185059e+00,9.305249200491e-02
-5.696361309140e+00,7.508834992435e+00,8.102009756781e-02
-5.696237918952e+00,8.040989840903e+00,7.265365881852e-02
-5.696195899973e+00,1.057680382594e+00,9.325869520220e-02
-5.696042609663e+00,2.395833896789e+00,9.287875531995e-02
-5.695726782549e+00,7.138754739609e+00,8.410710931337e-02
-5.695414035578e+00,6.999745667565e+00,8.497660826215e-02
-5.695364721520e+00,7.884355696585e+00,7.591275539388e-02
-5.695189679735e+00,6.674241047027e+00,8.660804720943e-02
-5.694951091361e+00,6.212397157231e+00,8.826943892704e-02
-5.694683899213e+00,8.446056778334e+00,5.677856270030e-02
-5.694613385414e+00,8.198390492806e+00,6.825364144745e-02
-5.694526393168e+00,7.280846616603e+00,8.308477793255e-02
-5.694340454172e+00,5.549809216260e+00,8.986793265772e-02
-5.694314236821e+00,3.614399079314e+00,9.220151834349e-02
-5.694242182399e+00,3.526652886168e+00,9.226429941873e-02
-5.694021975744e+00,5.209629075748e+00,9.046548443343e-02
-5.693985682553e+00,3.139599135901e+00,9.251285926441e-02
-5.693947909929e+00,5.853630980735e+00,8.922256937015e-02
-5.693894106814e+00,4.538748215240e+00,9.136294529658e-02
-5.693842839204e+00,6.491462561917e+00,8.734368608993e-02
-5.693740380934e+00,1.327959653334e+00,9.320985266000e-02
-5.693716112847e+00,5.668345972953e+00,8.963151253635e-02
-5.693634352406e+00,6.863884043906e+00,8.572502661784e-02
-5.693420248404e+00,4.156744826447e+00,9.175487834518e-02
-5.693327852905e+00,3.702404002498e+00,9.213738695919e-02
-5.693213054172e+00,2.804425745172e+00,9.269572627411e-02
-5.693132720440e+00,3.439183488716e+00,9.232554610358e-02
-5.693107493836e+00,2.680637221911e+00,9.275618097767e-02
-5.692477575955e+00,6.263730673282e+00,8.812028148065e-02
-5.692477366956e+00,1.757284049077e+00,9.310418763427e-02
-5.692314398002e+00,4.017567195010e+00,9.188201963726e-02
-5.692013443732e+00,1.561286550314e+00,9.315742799065e-02
-5.692009028191e+00,7.728521799793e+00,7.842250429008e-02
-5.691954121916e+00,1.096122947125e+00,9.325622994434e-02
-5.691767460220e+00,7.425956068851e+00,8.186797981596e-02
-5.691728920190e+00,2.928710872698e+00,9.263310414000e-02
-5.691662513840e+00,2.113688253405e+00,9.299109626767e-02
-5.691650656169e+00,5.431615615598e+00,9.009451698920e-02
-5.691462650648e+00,2.557383626089e+00,9.281444138411e-02
-5.691323533386e+00,4.296564918893e+00,9.162276362508e-02
-5.691262274435e+00,3.790649238798e+00,9.207189046833e-02
-5.691098080071e+00,2.273819117682e+00,9.293248508796e-02
-5.691007150886e+00,3.352008597328e+00,9.238542577912e-02
-5.690476308270e+00,8.356523692521e+00,6.199106514416e-02
-5.690434718499e+00,6.731233917248e+00,8.637550662610e-02
-5.690167902324e+00,4.487786690274e+00,9.142497744913e-02
-5.690150124158e+00,5.261706807995e+00,9.038880023317e-02
-5.690116025704e+00,1.954376478152e+00,9.304649073977e-02
-5.690111463951e+00,8.785863952758e+00,1.008808985130e-02
-5.689993926932e+00,6.546335811698e+00,8.714964093274e-02
-5.689747426099e+00,6.315746043358e+00,8.796412619439e-02
-5.689724412814e+00,5.787163782142e+00,8.938477213244e-02
-5.689026904947e+00,7.060191194175e+00,8.464825694446e-02
-5.688875653075e+00,1.366485889872e+00,9.320628657587e-02
-5.688751132929e+00,8.695466369372e+00,3.083510840439e-02
-5.688639796476e+00,7.200566580081e+00,8.372134281155e-02
-5.688605529976e+00,3.053453023379e+00,9.256834656844e-02
-5.688592511246e+00,7.952589624313e+00,7.471619591646e-02
-5.688329756064e+00,2.434702005534e+00,9.287068561318e-02
-5.688317089153e+00,8.109537873015e+00,7.106079072844e-02
-5.688097025175e+00,3.879116024109e+00,9.200482360145e-02
-5.687925595140e+00,6.922933012208e+00,8.544230685022e-02
-5.687887037192e+00,3.265145563389e+00,9.244402816318e-02
-5.687628376605e+00,1.134555532643e+00,9.325360926606e-02
-5.687405376143e+00,7.574017289729e+00,8.039720375166e-02
-5.686755648373e+00,6.368437087626e+00,8.780051178515e-02
-5.686718446605e+00,7.343994247982e+00,8.262631907112e-02
-5.686650682547e+00,8.605295115743e+00,4.366120722815e-02
-5.686640138421e+00,4.885724370218e+00,9.095003791426e-02
-5.686586010604e+00,1.599883383247e+00,9.315290249361e-02
-5.686553420263e+00,1.795947724018e+00,9.309884867291e-02
-5.686485040635e+00,5.602204136957e+00,8.978188361721e-02
-5.686392647397e+00,4.834175209238e+00,9.101825603833e-02
-5.686378491025e+00,7.796425740692e+00,7.749127789740e-02
-5.686344020995e+00,4.937352486212e+00,9.088083656136e-02
-5.686138232081e+00,4.106616437896e+00,9.181092207873e-02
-5.685935165392e+00,4.436941202336e+00,9.148612649987e-02
-5.685862897337e+00,6.601858732584e+00,8.694551210306e-02
-5.685717226233e+00,6.039525674475e+00,8.878109523897e-02
-5.685700909829e+00,5.313826375641e+00,9.031100764965e-02
-5.685606281258e+00,4.782709941780e+00,9.108550281299e-02
-5.685537191062e+00,8.267236643392e+00,6.603068230891e-02
-5.685499600433e+00,4.989054579126e+00,9.081064024823e-02
-5.685382479639e+00,6.788856364990e+00,8.612992617364e-02
-5.685297837832e+00,4.246121950352e+00,9.168083577807e-02
-5.685219381489e+00,5.483904893799e+00,9.001187379482e-02
-5.684999723636e+00,6.097533827907e+00,8.862696923492e-02
-5.684866205598e+00,1.562500050003e-02,9.335701863896e-02
-5.684781600311e+00,2.152455696507e+00,9.298425827352e-02
-5.684682734579e+00,4.687500150008e-02,9.335701752301e-02
-5.684571447907e+00,5.972816395025e+00,8.895617811801e-02
-5.684512323125e+00,2.719557591563e+00,9.274686219021e-02
-5.684499263560e+00,7.812500250012e-02,9.335687606249e-02
-5.684413159682e+00,5.720818635641e+00,8.954191142750e-02
-5.684315792541e+00,1.093750035002e-01,9.335659425424e-02
-5.684285811565e+00,4.731333466632e+00,9.115174422536e-02
-5.684208271953e+00,2.843373142199e+00,9.268581328220e-02
-5.684132321521e+00,1.406250045003e-01,9.335616457568e-02
-5.684102221043e+00,5.040825631518e+00,9.073943740892e-02
-5.683948850502e+00,1.718750055004e-01,9.335557294033e-02
-5.683925234004e+00,1.404998215304e+00,9.320256298304e-02
-5.683812300825e+00,8.515355264982e+00,5.237355294187e-02
-5.683811914236e+00,3.967785251264e+00,9.193617422215e-02
-5.683794200656e+00,3.178611375678e+00,9.250136906615e-02
-5.683765379483e+00,2.031250065004e-01,9.335484088099e-02
-5.683760832024e+00,2.312628114755e+00,9.292494312553e-02
-5.683676689548e+00,1.993088409390e+00,9.304032585672e-02
-5.683581908464e+00,2.343750075005e-01,9.335396838238e-02
-5.683497287079e+00,6.421797594582e+00,8.762893581185e-02
-5.683398437444e+00,2.656250085005e-01,9.335294486169e-02
-5.683266506417e+00,2.596266768932e+00,9.280566460797e-02
-5.683218726404e+00,1.172977627681e+00,9.325083294294e-02
-5.683217828012e+00,7.490408694457e+00,8.131528080277e-02
-5.683214966425e+00,2.968750095005e-01,9.335175240897e-02
-5.683060624627e+00,6.147285981884e+00,8.849342964583e-02
-5.683031495406e+00,3.281250105004e-01,9.335039092713e-02
-5.682848024387e+00,3.593750115004e-01,9.334888902908e-02
-5.682664553368e+00,3.906250125003e-01,9.334724669204e-02
-5.682525980228e+00,3.565714082897e+00,9.225088693500e-02
-5.682481082348e+00,4.218750135002e-01,9.334543597359e-02
-5.682436047887e+00,4.680050642461e+00,9.121674366142e-02
-5.682317788495e+00,7.121231821416e+00,8.429848111213e-02
-5.682313120954e+00,5.906199655178e+00,8.912611054706e-02
-5.682304175851e+00,2.967674791223e+00,9.262262862225e-02
-5.682297611329e+00,4.531250145001e-01,9.334348190401e-02
-5.682225976863e+00,3.653467673395e+00,9.218768241765e-02
-5.682147266381e+00,5.092660586958e+00,9.066687704617e-02
-5.682114140310e+00,4.843750155000e-01,9.334138710513e-02
-5.681904779308e+00,6.982591168592e+00,8.514232817654e-02
-5.681782005964e+00,3.478230421420e+00,9.231264144828e-02
-5.681746465737e+00,5.156250165000e-01,9.333932013843e-02
-5.681690483310e+00,7.641079842977e+00,7.966881822380e-02
-5.681444952020e+00,6.658024984390e+00,8.673054878025e-02
-5.681295941028e+00,8.020945785276e+00,7.338098623132e-02
-5.681221076141e+00,7.262959301849e+00,8.330835882424e-02
-5.681200919294e+00,4.386216374614e+00,9.154611556629e-02
-5.681194587609e+00,5.468750175001e-01,9.333726037125e-02
-5.681071240846e+00,1.638462740282e+00,9.314821730741e-02
-5.680875916759e+00,6.197733192880e+00,8.835388358369e-02
-5.680861075453e+00,3.741472999590e+00,9.212312531059e-02
-5.680669925857e+00,5.365982521387e+00,9.023209483411e-02
-5.680642709481e+00,5.781250185002e-01,9.333503486204e-02
-5.680540513157e+00,1.834590761638e+00,9.309334793842e-02
-5.680521826728e+00,2.473538033305e+00,9.286244464795e-02
-5.680238207525e+00,8.425651874293e+00,5.867639609281e-02
-5.680226729186e+00,7.864459363967e+00,7.646560230919e-02
-5.680090831353e+00,6.093750195002e-01,9.333269846734e-02
-5.680061837609e+00,4.628866287372e+00,9.128082904258e-02
-5.680028286069e+00,6.847101954812e+00,8.587024623147e-02
-5.680015245601e+00,3.391034529001e+00,9.237292957491e-02
-5.679967424458e+00,6.475821321243e+00,8.744861160637e-02
-5.679868859963e+00,8.178200640716e+00,6.925257999533e-02
-5.679630159554e+00,5.144554350314e+00,9.059317486747e-02
-5.679538953225e+00,6.406250205003e-01,9.333016848127e-02
-5.678987075098e+00,6.718750215004e-01,9.332746707109e-02
-5.678950973166e+00,5.839685882509e+00,8.929108596884e-02
-5.678889210051e+00,1.443496107896e+00,9.319868159241e-02
-5.678789196889e+00,4.195816474092e+00,9.173809087975e-02
-5.678750715091e+00,3.092422656023e+00,9.255730229804e-02
-5.678725236780e+00,1.211388721278e+00,9.324790074089e-02
-5.678569197394e+00,7.407708411841e+00,8.213279610724e-02
-5.678440527296e+00,6.248869349403e+00,8.820795486246e-02
-5.678435196970e+00,7.031250225004e-01,9.332462741530e-02
-5.678410632412e+00,3.829711518371e+00,9.205720132282e-02
-5.678387041365e+00,4.056637474232e+00,9.186608469097e-02
-5.678191680555e+00,5.536213256547e+00,8.992802562789e-02
-5.678023114433e+00,5.654605757620e+00,8.969458626647e-02
-5.677883318842e+00,7.343750235005e-01,9.332164956819e-02
-5.677808660401e+00,2.191196399636e+00,9.297724349528e-02
-5.677331440714e+00,7.656250245005e-01,9.331853359827e-02
-5.677247156597e+00,3.304143887847e+00,9.243193771006e-02
-5.677168065524e+00,4.577785178743e+00,9.134401164810e-02
-5.677146882778e+00,2.031776427222e+00,9.303399695858e-02
-5.676779562586e+00,7.968750255004e-01,9.331527958879e-02
-5.676735331284e+00,6.714828196348e+00,8.650392424932e-02
-5.676676478263e+00,7.708775102585e+00,7.885667329428e-02
-5.676546363567e+00,5.196501787997e+00,9.051840420457e-02
-5.676330087138e+00,2.351407455641e+00,9.291723164853e-02
-5.676227684458e+00,8.281250265002e-01,9.331180086236e-02
-5.676161180918e+00,6.530501993324e+00,8.725917554557e-02
-5.676069073070e+00,8.765179184485e+00,1.829418411574e-02
-5.675970223094e+00,4.335616788391e+00,9.160526564768e-02
-5.675930654494e+00,8.336189984459e+00,6.344685294965e-02
-5.675819323096e+00,2.758440233395e+00,9.273735215916e-02
-5.675749420833e+00,6.300688307829e+00,8.805523551218e-02
-5.675675806331e+00,8.593750275002e-01,9.330817699220e-02
-5.675567350593e+00,7.042851984751e+00,8.482354727731e-02
-5.675469242545e+00,1.677024089675e+00,9.314337209283e-02
-5.675282216430e+00,7.182860958789e+00,8.392486426861e-02
-5.675123928203e+00,8.906250285002e-01,9.330441433929e-02
-5.675104277612e+00,2.882280180066e+00,9.267572108280e-02
-5.675052806633e+00,5.418169950555e+00,9.015180893005e-02
-5.674973978039e+00,2.635114750919e+00,9.279671437261e-02
-5.674854286184e+00,3.918164341270e+00,9.198957198545e-02
-5.674607403798e+00,8.674850825837e+00,3.573409364982e-02
-5.674572050075e+00,9.218750295001e-01,9.330051299267e-02
-5.674493814811e+00,5.773285431410e+00,8.945101838566e-02
-5.674438773021e+00,1.873212620333e+00,9.308768505605e-02
-5.674367499996e+00,6.905964221355e+00,8.559529000585e-02
-5.674317506760e+00,7.555413376068e+00,8.071637168176e-02
-5.674147976304e+00,1.249788302930e+00,9.324481241627e-02
-5.674020171947e+00,9.531250305001e-01,9.329647305821e-02
-5.673767670731e+00,1.481979046395e+00,9.319464210594e-02
-5.673759653385e+00,4.526812053145e+00,9.140630286373e-02
-5.673552345184e+00,7.932619190252e+00,7.533044163738e-02
-5.673499456321e+00,3.217575619419e+00,9.248968134936e-02
-5.673473658881e+00,8.089420677464e+00,7.188169032675e-02
-5.673468293820e+00,9.843750315000e-01,9.329225523709e-02
-5.673466236896e+00,7.325926253347e+00,8.286529332455e-02
-5.672891381506e+00,5.248497728388e+00,9.044255297768e-02
-5.672797599525e+00,6.353183892589e+00,8.789528232649e-02
-5.672778900752e+00,3.006595656460e+00,9.261197212854e-02
-5.672619018861e+00,2.512341401485e+00,9.285403194680e-02
-5.672405955587e+00,8.584749292276e+00,4.691310233541e-02
-5.672073715175e+00,6.585833305501e+00,8.705998917399e-02
-5.671802802362e+00,4.145652912121e+00,9.179454019213e-02
-5.671729314410e+00,6.772261967239e+00,8.626472609277e-02
-5.671431003457e+00,6.025389733774e+00,8.885565538618e-02
-5.671143292748e+00,1.019144963816e+00,9.328898061464e-02
-5.671143036625e+00,7.776603987621e+00,7.796787913898e-02
-5.670891925235e+00,8.246974619888e+00,6.718240781228e-02
-5.670851067110e+00,6.083267409083e+00,8.870415098491e-02
-5.670743858729e+00,2.229909802619e+00,9.297005514650e-02
-5.670701342580e+00,3.604717452393e+00,9.223727884964e-02
-5.670563321815e+00,5.588535289459e+00,8.984296000916e-02
-5.670526752782e+00,2.070439980834e+00,9.302750364310e-02
-5.670324161848e+00,3.517221889220e+00,9.229954626366e-02
-5.670248171424e+00,4.285146982633e+00,9.166358771941e-02
-5.670171962575e+00,4.006812238599e+00,9.192047938454e-02
-5.670074346885e+00,7.471982396478e+00,8.160017756406e-02
-5.670046708323e+00,5.958742491954e+00,8.902824321416e-02
-5.670028017465e+00,3.692476038168e+00,9.217364998811e-02
-5.669841559696e+00,4.475951605906e+00,9.146771416543e-02
-5.669780127040e+00,1.715566900280e+00,9.313836650279e-02
-5.669580103226e+00,6.406349896422e+00,8.772756612411e-02
-5.669487016671e+00,1.288175862452e+00,9.324156771591e-02
-5.669466918874e+00,8.494879655242e+00,5.468794532925e-02
-5.668950537991e+00,5.707008582543e+00,8.960602844928e-02
-5.668948245942e+00,6.132820320653e+00,8.857339376660e-02
-5.668917557784e+00,3.430007317335e+00,9.236024375848e-02
-5.668908794442e+00,7.103708903224e+00,8.448423262255e-02
-5.668845227911e+00,5.470383331649e+00,9.007009266590e-02
-5.668806027821e+00,2.390156571281e+00,9.290935018008e-02
-5.668794116843e+00,3.131346479855e+00,9.254607541693e-02
-5.668660756746e+00,5.300536962240e+00,9.036560931650e-02
-5.668560708748e+00,1.520446510030e+00,9.319044421677e-02
-5.668395523038e+00,6.965436669618e+00,8.530374695561e-02
-5.668283377393e+00,3.780479325958e+00,9.210866645565e-02
-5.668248330534e+00,1.911812759291e+00,9.308185964452e-02
-5.667915759115e+00,7.245071987094e+00,8.352516021758e-02
-5.667899921142e+00,4.873117860901e+00,9.099754249952e-02
-5.667810169368e+00,4.924655659141e+00,9.092906048754e-02
-5.667700224306e+00,6.641808921753e+00,8.685033450093e-02
-5.667551473509e+00,5.892189369541e+00,8.919578964514e-02
-5.667447845108e+00,4.821660401081e+00,9.106505502188e-02
-5.667173886639e+00,4.976268828533e+00,9.085959743779e-02
-5.667028725410e+00,2.797284552115e+00,9.272763987065e-02
-5.667004261809e+00,1.057430344565e+00,9.328667575554e-02
-5.666800742159e+00,6.183069228529e+00,8.843679981410e-02
-5.666585281536e+00,2.673926985438e+00,9.278759021019e-02
-5.666502880856e+00,3.343091349517e+00,9.241965870512e-02
-5.666458682994e+00,4.770288207320e+00,9.113160974965e-02
-5.666422219731e+00,6.830319865718e+00,8.601194483148e-02
-5.666353963103e+00,8.000901729650e+00,7.406739342515e-02
-5.666261206720e+00,7.621408676146e+00,8.004897578495e-02
-5.666092009712e+00,6.460180080570e+00,8.755139636048e-02
-5.665986408736e+00,5.027952362402e+00,9.078914196649e-02
-5.665901318826e+00,2.921146255197e+00,9.266544917304e-02
-5.665792515836e+00,8.405246970252e+00,6.040685607766e-02
-5.665446892072e+00,3.868708647341e+00,9.204222374634e-02
-5.665418779490e+00,4.425208490709e+00,9.152815814136e-02
-5.665370934569e+00,7.389460754830e+00,8.238886778311e-02
-5.665124334511e+00,8.158010788626e+00,7.018624984582e-02
-5.665088736853e+00,7.844563031350e+00,7.699112934541e-02
-5.664937214691e+00,4.719006167477e+00,9.119708023131e-02
-5.664742432677e+00,1.326550890151e+00,9.323816637725e-02
-5.664621533179e+00,2.551111532701e+00,9.284544703257e-02
-5.664403478637e+00,6.234008025524e+00,8.829400699989e-02
-5.664343880319e+00,4.095635643212e+00,9.184994572554e-02
-5.664243110621e+00,5.079701215040e+00,9.071743647288e-02
-5.664039894162e+00,4.234811453713e+00,9.172109281121e-02
-5.664004008891e+00,1.754090641703e+00,9.313320018255e-02
-5.663954036404e+00,5.825740784282e+00,8.935848263832e-02
-5.663850073472e+00,5.352614242708e+00,9.028756157800e-02
-5.663816450303e+00,2.109078520321e+00,9.302084550329e-02
-5.663587363325e+00,2.268595346303e+00,9.296269854859e-02
-5.663268419971e+00,1.558897978630e+00,9.318608760939e-02
-5.663153359070e+00,3.045472856702e+00,9.260113418958e-02
-5.663101743853e+00,3.256491238945e+00,9.247780626219e-02
-5.663035944068e+00,6.698422475449e+00,8.662942177564e-02
-5.662888258031e+00,4.667819129245e+00,9.126142180063e-02
-5.662848090192e+00,8.834975785009e+00,6.608629008667e-06
-5.662783445088e+00,1.095706510477e+00,9.328421601213e-02
-5.662330116018e+00,5.640865542287e+00,8.975666473264e-02
-5.662328434905e+00,6.514668174949e+00,8.736642199629e-02
-5.662107796239e+00,7.025512775328e+00,8.499415334252e-02
-5.662042906938e+00,5.522617296835e+00,8.998718916864e-02
-5.662026682189e+00,8.744494416212e+00,2.509981592182e-02
-5.661969319673e+00,1.950390638487e+00,9.307587131627e-02
-5.661939406746e+00,5.131510301979e+00,9.064451965138e-02
-5.661924636384e+00,7.165155337497e+00,8.412243508051e-02
-5.661751415568e+00,6.285630572300e+00,8.814462289675e-02
-5.661498315386e+00,3.957144990164e+00,9.197411683317e-02
-5.661385000719e+00,8.315856276398e+00,6.478915841616e-02
-5.661343928334e+00,7.689028405376e+00,7.927170818138e-02
-5.661229637377e+00,7.536809462407e+00,8.102379268609e-02
-5.661188839966e+00,2.428874893679e+00,9.290129824147e-02
-5.660809404852e+00,6.888995430502e+00,8.574446072171e-02
-5.660496343898e+00,4.374587319471e+00,9.158755749613e-02
-5.660463674666e+00,8.654235282301e+00,3.996712628227e-02
-5.660316668593e+00,4.616731899703e+00,9.132486187616e-02
-5.660214027187e+00,7.307858258712e+00,8.309676990552e-02
-5.659914302217e+00,1.364912876814e+00,9.323460812841e-02
-5.659263216808e+00,5.759407080679e+00,8.951619831472e-02
-5.659070751389e+00,5.183374500246e+00,9.057054952985e-02
-5.658839550676e+00,6.337930697551e+00,8.798822151754e-02
-5.658768623739e+00,3.643662335163e+00,9.222347480497e-02
-5.658759528011e+00,3.556157240438e+00,9.228618661781e-02
-5.658736016211e+00,3.170223875603e+00,9.253466550321e-02
-5.658630228609e+00,8.069303481912e+00,7.265369040715e-02
-5.658512179123e+00,7.912648756191e+00,7.591278218656e-02
-5.658480900239e+00,1.133972963483e+00,9.328160116866e-02
-5.658454957098e+00,5.404724285511e+00,9.020823247623e-02
-5.658284533013e+00,6.569807878419e+00,8.717201656939e-02
-5.658161228626e+00,8.564203468808e+00,4.979761345428e-02
-5.658141005869e+00,1.792594784332e+00,9.312787276993e-02
-5.658140765385e+00,2.836089953759e+00,9.271774919076e-02
-5.658100636475e+00,2.712702887277e+00,9.277829165654e-02
-5.658076149182e+00,6.755667569488e+00,8.639638031885e-02
-5.657890903429e+00,1.597332932661e+00,9.318157195979e-02
-5.657720727614e+00,3.731423506397e+00,9.215942077852e-02
-5.657714413149e+00,3.468926318893e+00,9.234736796744e-02
-5.657350556023e+00,4.184614655265e+00,9.177779199274e-02
-5.657227339298e+00,4.565749245157e+00,9.138741156961e-02
-5.657144780680e+00,6.011253793073e+00,8.892895457551e-02
-5.657016129375e+00,2.147691496912e+00,9.301402212783e-02
-5.656930865758e+00,7.453556098499e+00,8.187531168371e-02
-5.656702410583e+00,6.069000990259e+00,8.878000467565e-02
-5.656599646990e+00,2.959970765430e+00,9.265499705810e-02
-5.656529573921e+00,2.589847850787e+00,9.283668942908e-02
-5.656417690709e+00,4.045769002732e+00,9.190458065251e-02
-5.656339345625e+00,2.307252472554e+00,9.295517322781e-02
-5.656246659409e+00,8.226712596384e+00,6.825367865405e-02
-5.655907582225e+00,7.756782234550e+00,7.842252701954e-02
-5.655662919373e+00,6.390902198262e+00,8.782423402077e-02
-5.655654521805e+00,3.381987313278e+00,9.240719072866e-02
-5.655632638853e+00,5.235288648780e+00,9.049551422909e-02
-5.655601877691e+00,1.988945718764e+00,9.306971967786e-02
-5.655595142572e+00,3.819422307040e+00,9.209401021235e-02
-5.655521968738e+00,5.944668588882e+00,8.909910675507e-02
-5.655499800388e+00,7.086185985031e+00,8.466486931114e-02
-5.655327215330e+00,1.562500050003e-02,9.338467382722e-02
-5.655148770914e+00,4.687500150008e-02,9.338466741849e-02
-5.655121536923e+00,8.474404045502e+00,5.677860968900e-02
-5.655079319772e+00,4.324092662159e+00,9.164612925686e-02
-5.655002706291e+00,1.403261313697e+00,9.323089268832e-02
-5.654970326498e+00,7.812500250012e-02,9.338452085120e-02
-5.654886266768e+00,6.948282170645e+00,8.546102835154e-02
-5.654835867256e+00,6.118354659422e+00,8.865195335354e-02
-5.654791882082e+00,1.093750035002e-01,9.338423412155e-02
-5.654641602996e+00,5.574866441960e+00,8.990308619071e-02
-5.654613437666e+00,1.406250045003e-01,9.338380413478e-02
-5.654610442089e+00,7.227184672339e+00,8.373548329064e-02
-5.654434993250e+00,1.718750055004e-01,9.338320948592e-02
-5.654256548834e+00,2.031250065004e-01,9.338247459530e-02
-5.654096687964e+00,1.172229205756e+00,9.327883099964e-02
-5.654078104418e+00,2.343750075005e-01,9.338159944549e-02
-5.653955496592e+00,6.625592859116e+00,8.696749318216e-02
-5.653899660002e+00,2.656250085005e-01,9.338058165354e-02
-5.653721215586e+00,2.968750095005e-01,9.337938853999e-02
-5.653625199957e+00,4.514875891051e+00,9.144908209778e-02
-5.653542771170e+00,3.281250105004e-01,9.337802682536e-02
-5.653487916299e+00,5.693198529445e+00,8.966912788198e-02
-5.653478712908e+00,2.467561856024e+00,9.289307535275e-02
-5.653427818668e+00,3.084305781947e+00,9.259011434812e-02
-5.653364326754e+00,3.593750115004e-01,9.337652485164e-02
-5.653185882338e+00,3.906250125003e-01,9.337488259168e-02
-5.653007437922e+00,4.218750135002e-01,9.337308556484e-02
-5.652828993506e+00,4.531250145001e-01,9.337113345128e-02
-5.652816153394e+00,6.813537776625e+00,8.615024792131e-02
-5.652789826064e+00,5.878179083904e+00,8.926432332815e-02
-5.652725567557e+00,6.168405264178e+00,8.851822888059e-02
-5.652650549090e+00,4.843750155000e-01,9.336904075154e-02
-5.652601361368e+00,3.295357607906e+00,9.246574333701e-02
-5.652471074333e+00,5.456861769499e+00,9.012742378879e-02
-5.652428261311e+00,1.635750853222e+00,9.317689693567e-02
-5.652371452414e+00,3.907639943974e+00,9.202700770883e-02
-5.652292947793e+00,5.156250165000e-01,9.336697476275e-02
-5.652216594966e+00,6.444538839897e+00,8.765210501995e-02
-5.652191238989e+00,1.831078799204e+00,9.312238389556e-02
-5.652172671743e+00,7.371213097820e+00,8.263661723666e-02
-5.652030852234e+00,7.602182842630e+00,8.039801143785e-02
-5.651756189614e+00,5.468750175001e-01,9.336491660135e-02
-5.651620603662e+00,5.287247548839e+00,9.041940207872e-02
-5.651411985178e+00,7.980857674023e+00,7.471622473160e-02
-5.651346824148e+00,8.384842066211e+00,6.199110865789e-02
-5.651219431435e+00,5.781250185002e-01,9.336267246586e-02
-5.650682673256e+00,6.093750195002e-01,9.336032437353e-02
-5.650379809060e+00,8.137820936537e+00,7.106082468334e-02
-5.650366429978e+00,6.219146701645e+00,8.837848255196e-02
-5.650185356319e+00,4.134560997796e+00,9.183360281468e-02
-5.650145915077e+00,6.406250205003e-01,9.335782507374e-02
-5.650125947393e+00,2.186278362704e+00,9.300703310157e-02
-5.650007728987e+00,1.441595692620e+00,9.322701976680e-02
-5.649950744520e+00,7.824666698732e+00,7.749130235328e-02
-5.649630871984e+00,1.210474739959e+00,9.327590526998e-02
-5.649609156897e+00,6.718750215004e-01,9.335511545370e-02
-5.649520265953e+00,2.751441872647e+00,9.276881825202e-02
-5.649515217068e+00,4.464116521538e+00,9.150988476641e-02
-5.649336556853e+00,6.682016754550e+00,8.675209704816e-02
-5.649276317742e+00,4.911958832071e+00,9.097660858627e-02
-5.649172809462e+00,4.273729046373e+00,9.170388423975e-02
-5.649159703863e+00,4.860511351583e+00,9.104438562743e-02
-5.649155681915e+00,2.874855845909e+00,9.270767960516e-02
-5.649146145108e+00,2.027477461860e+00,9.306340433022e-02
-5.649072398718e+00,7.031250225004e-01,9.335226736160e-02
-5.648999980438e+00,2.345880624369e+00,9.294747870736e-02
-5.648957099641e+00,5.811795686056e+00,8.942478697889e-02
-5.648907375562e+00,8.814222288985e+00,1.008810969857e-02
-5.648848172845e+00,4.963483077939e+00,9.090786412583e-02
-5.648648241885e+00,7.008173565905e+00,8.516025859861e-02
-5.648576697943e+00,3.209054225732e+00,9.252304125853e-02
-5.648567056338e+00,7.147449716205e+00,8.431405175896e-02
-5.648535640539e+00,7.343750235005e-01,9.334928084028e-02
-5.648503042818e+00,4.809145592925e+00,9.111120661922e-02
-5.648495688891e+00,6.498834356574e+00,8.747145097586e-02
-5.648343348848e+00,2.628549780781e+00,9.282775866195e-02
-5.648141767994e+00,7.518205548746e+00,8.132026707082e-02
-5.648029527148e+00,3.996057282188e+00,9.195845801128e-02
-5.647998882360e+00,7.656250245005e-01,9.334615594593e-02
-5.647984291308e+00,8.723809647939e+00,3.083515356962e-02
-5.647870596428e+00,5.015079093286e+00,9.083814103936e-02
-5.647753410302e+00,6.270572836770e+00,8.823233676653e-02
-5.647462124181e+00,7.968750255004e-01,9.334289274855e-02
-5.647311084729e+00,4.757866472859e+00,9.117708307732e-02
-5.647251309708e+00,6.872026639649e+00,8.588995854207e-02
-5.647199517192e+00,2.998753110071e+00,9.264436425241e-02
-5.647088448339e+00,3.595035825472e+00,9.227261002017e-02
-5.647030221088e+00,5.339245964029e+00,9.034220163494e-02
-5.646961817478e+00,7.289790264077e+00,8.332109323074e-02
-5.646925366002e+00,8.281250265002e-01,9.333946018740e-02
-5.646880598968e+00,1.674151222032e+00,9.317206219659e-02
-5.646839346943e+00,8.295522568336e+00,6.603072222281e-02
-5.646728182024e+00,3.682548073838e+00,9.220947447698e-02
-5.646637117603e+00,5.627125326954e+00,8.981777175777e-02
-5.646406141298e+00,3.507790892273e+00,9.233430186693e-02
-5.646388607823e+00,8.593750275002e-01,9.333583062417e-02
-5.646338954862e+00,5.066741843121e+00,9.076727112657e-02
-5.646319945535e+00,8.633619738766e+00,4.366125760372e-02
-5.646154832486e+00,1.869542158088e+00,9.311673318320e-02
-5.646011378406e+00,7.669281708168e+00,7.966883898155e-02
-5.645894133320e+00,5.509021337123e+00,9.004544518876e-02
-5.645851849644e+00,8.906250285002e-01,9.333206199624e-02
-5.645675839421e+00,2.506216892702e+00,9.288468103341e-02
-5.645588617816e+00,4.706678868323e+00,9.124180000447e-02
-5.645315091465e+00,9.218750295001e-01,9.332815437697e-02
-5.645304480352e+00,3.770309413118e+00,9.214499455197e-02
-5.645083519042e+00,1.248709069202e+00,9.327282373498e-02
-5.644929457494e+00,1.479915505868e+00,9.322298906475e-02
-5.644902393587e+00,4.413475779081e+00,9.156963954672e-02
-5.644881501828e+00,6.322677502514e+00,8.807938194669e-02
-5.644778333286e+00,9.531250305001e-01,9.332410785556e-02
-5.644702395128e+00,3.420831145955e+00,9.239453338408e-02
-5.644495350851e+00,6.553782451336e+00,8.728167172941e-02
-5.644422983953e+00,6.739073171738e+00,8.652499691577e-02
-5.644248653937e+00,5.118466253645e+00,9.069512375626e-02
-5.644241575107e+00,9.843750315000e-01,9.331992253763e-02
-5.644032618805e+00,5.745528729948e+00,8.958033784652e-02
-5.643916501666e+00,8.543657645341e+00,5.237360229906e-02
-5.643787384630e+00,7.435129800521e+00,8.214117217435e-02
-5.643786798338e+00,8.049186286361e+00,7.338101720957e-02
-5.643602551132e+00,3.123093823808e+00,9.257891216040e-02
-5.643472013061e+00,7.892678322130e+00,7.646562861021e-02
-5.643340468175e+00,4.655587616030e+00,9.130549666150e-02
-5.643146065103e+00,2.224838570707e+00,9.299987800599e-02
-5.642858557904e+00,5.997117852372e+00,8.900102477978e-02
-5.642796758968e+00,3.858301270573e+00,9.207915644435e-02
-5.642781950492e+00,4.223500957075e+00,9.176083331405e-02
-5.642602265763e+00,2.065985330236e+00,9.305692486914e-02
-5.642553754057e+00,6.054734571435e+00,8.885456451089e-02
-5.642549528558e+00,4.084654848527e+00,9.188847802097e-02
-5.642090806335e+00,7.068663066839e+00,8.484059741007e-02
-5.641998610826e+00,3.334174101705e+00,9.245349212522e-02
-5.641932933955e+00,1.019061576866e+00,9.331667422808e-02
-5.641857107564e+00,5.391278620468e+00,9.026380779334e-02
-5.641745735520e+00,6.375454500103e+00,8.791901223017e-02
-5.641601393583e+00,8.206450572880e+00,6.925261646851e-02
-5.641595139212e+00,5.170247212495e+00,9.062193792966e-02
-5.641569445980e+00,2.384479245772e+00,9.293961450786e-02
-5.641377010498e+00,6.931127671672e+00,8.561432798141e-02
-5.641305125062e+00,7.209297357585e+00,8.393961172872e-02
-5.641248024919e+00,1.712533521389e+00,9.316706739420e-02
-5.640997229153e+00,5.930594685810e+00,8.916879883928e-02
-5.640844396648e+00,2.790143359058e+00,9.275916954258e-02
-5.640776154972e+00,8.453928435761e+00,5.867644240974e-02
-5.640723488570e+00,6.103888998191e+00,8.872914528038e-02
-5.640672127824e+00,7.736960481479e+00,7.885669563171e-02
-5.640571499577e+00,4.604597512035e+00,9.136830411996e-02
-5.640454698920e+00,1.286931696906e+00,9.326958614049e-02
-5.640210768877e+00,6.609376796479e+00,8.708210984695e-02
-5.640073717462e+00,2.913581637697e+00,9.269743060618e-02
-5.640063069236e+00,2.667216748966e+00,9.281865425941e-02
-5.640031913815e+00,1.907984333524e+00,9.311092024997e-02
-5.639791768503e+00,4.362958264329e+00,9.162846066284e-02
-5.639767982109e+00,1.518220246196e+00,9.321880027421e-02
-5.639210087056e+00,6.796755687531e+00,8.628527516683e-02
-5.639184716536e+00,3.946504729064e+00,9.201158831975e-02
-5.638999419853e+00,7.583402342431e+00,8.071867010493e-02
-5.638974408917e+00,7.352965440810e+00,8.287644020889e-02
-5.638719884176e+00,5.561197594461e+00,8.996228465270e-02
-5.638650392956e+00,6.153741299827e+00,8.859821059728e-02
-5.638373896200e+00,5.222079569172e+00,9.054770196213e-02
-5.638341180220e+00,6.428897599223e+00,8.775079970760e-02
-5.638316450514e+00,3.247836914502e+00,9.251119322869e-02
-5.638028178618e+00,5.864168798268e+00,8.933173994712e-02
-5.638025294608e+00,5.679388476347e+00,8.973123418521e-02
-5.637812623646e+00,1.057180306535e+00,9.331437449748e-02
-5.637780415710e+00,2.544839439314e+00,9.287611480305e-02
-5.637701188164e+00,3.037492690026e+00,9.263355028083e-02
-5.637286613071e+00,4.553713311571e+00,9.143023332815e-02
-5.636901132459e+00,8.364437162170e+00,6.344689567632e-02
-5.636470007254e+00,7.960813618396e+00,7.533046991166e-02
-5.636329381319e+00,6.204285377767e+00,8.846142457742e-02
-5.636096920755e+00,5.443340207349e+00,9.018388786166e-02
-5.636076646579e+00,2.263371574923e+00,9.299255641966e-02
-5.635970386766e+00,2.104468787238e+00,9.305028088556e-02
-5.635911915158e+00,4.173412836439e+00,9.181698738771e-02
-5.635744484419e+00,1.325142126969e+00,9.326619222293e-02
-5.635637169637e+00,6.665611033651e+00,8.687204363334e-02
-5.635635283608e+00,8.117631084447e+00,7.188172361637e-02
-5.635530650825e+00,1.750897234328e+00,9.316191217245e-02
-5.635311270615e+00,3.633856996931e+00,9.225883770081e-02
-5.635209476293e+00,7.129744094913e+00,8.450030073671e-02
-5.635188687531e+00,6.990834356482e+00,8.532203713007e-02
-5.635053898611e+00,7.499601635085e+00,8.160636417414e-02
-5.634993075795e+00,3.546600397978e+00,9.232104515188e-02
-5.634966660932e+00,8.793468792961e+00,1.829421674991e-02
-5.634812752186e+00,7.804770366115e+00,7.796790316221e-02
-5.634662942877e+00,6.483000538199e+00,8.757433032914e-02
-5.634580450578e+00,5.273958135439e+00,9.047240437714e-02
-5.634580379775e+00,3.721374013204e+00,9.219527757794e-02
-5.634523396210e+00,1.556509406945e+00,9.321445307860e-02
-5.634448340053e+00,4.034900531232e+00,9.194259544110e-02
-5.634188416451e+00,4.312568535928e+00,9.168646534017e-02
-5.634047923869e+00,2.423047781824e+00,9.293158014799e-02
-5.633960162878e+00,5.797850587829e+00,8.949002571120e-02
-5.633941900427e+00,8.703124879666e+00,3.573414217310e-02
-5.633822613642e+00,1.946404798822e+00,9.310494470670e-02
-5.633755405036e+00,6.255515101241e+00,8.831842376794e-02
-5.633709607769e+00,7.271722269442e+00,8.353858703843e-02
-5.633693214563e+00,6.855057848796e+00,8.603191634609e-02
-5.633677831767e+00,3.161836375528e+00,9.256752719756e-02
-5.633646820334e+00,3.459622216365e+00,9.238168629982e-02
-5.633612768260e+00,1.095290073829e+00,9.331192019936e-02
-5.633490746528e+00,4.502939728956e+00,9.149129533805e-02
-5.632779652731e+00,3.809133095709e+00,9.213037111374e-02
-5.632293693168e+00,8.275188860275e+00,6.718244694966e-02
-5.632176216404e+00,8.613004195231e+00,4.691315322091e-02
-5.632073258817e+00,2.828806765318e+00,9.274932908478e-02
-5.631688949825e+00,2.705848182992e+00,9.280937575315e-02
-5.631293798009e+00,3.372940097555e+00,9.244105219900e-02
-5.630952951359e+00,1.363339863755e+00,9.326264170943e-02
-5.630944119189e+00,5.613385111621e+00,8.987793043022e-02
-5.630923452980e+00,6.307424307476e+00,8.816881423577e-02
-5.630895118128e+00,2.952266739637e+00,9.268700169395e-02
-5.630769818724e+00,6.722478773987e+00,8.665067910407e-02
-5.630742466115e+00,4.899262005001e+00,9.102349569287e-02
-5.630706168690e+00,6.537757024253e+00,8.738902890288e-02
-5.630678828477e+00,7.649535010960e+00,8.004899619904e-02
-5.630643903503e+00,7.416703502542e+00,8.239821606912e-02
-5.630522459051e+00,4.950697327346e+00,9.095545552421e-02
-5.630419486584e+00,4.847904842266e+00,9.109058176599e-02
-5.630210368703e+00,5.325877685350e+00,9.039603392397e-02
-5.629888618644e+00,3.897115546679e+00,9.206398209308e-02
-5.629792641425e+00,2.583428932641e+00,9.286737618211e-02
-5.629754784121e+00,5.002205824170e+00,9.088645022543e-02
-5.629745359703e+00,5.495425377410e+00,9.010281493311e-02
-5.629728591475e+00,1.789241844646e+00,9.315659616782e-02
-5.629671774705e+00,8.523111821873e+00,5.468799424793e-02
-5.629558240529e+00,4.796630784768e+00,9.115672494010e-02
-5.629333423873e+00,1.133390394323e+00,9.330930993160e-02
-5.629250658440e+00,2.142927297316e+00,9.304347196605e-02
-5.629195796254e+00,1.594782482075e+00,9.320994715280e-02
-5.629188874440e+00,4.452281437170e+00,9.155150128935e-02
-5.628943368067e+00,8.029069090810e+00,7.406742381008e-02
-5.628917859226e+00,2.301876830353e+00,9.298506791883e-02
-5.628802020802e+00,5.731650379217e+00,8.964346209430e-02
-5.628681812281e+00,7.051140148646e+00,8.501161230596e-02
-5.628572335127e+00,5.982981911671e+00,8.907189692042e-02
-5.628567910277e+00,4.123469083471e+00,9.187217154734e-02
-5.628434799102e+00,5.053782471203e+00,9.081639717692e-02
-5.628431847000e+00,7.872707888068e+00,7.699115516952e-02
-5.628405097530e+00,6.040468152610e+00,8.892786355102e-02
-5.628163486465e+00,4.745444738399e+00,9.122193655628e-02
-5.628104922245e+00,3.076188907871e+00,9.262255468003e-02
-5.628097447500e+00,4.262311110113e+00,9.174366423932e-02
-5.627999808036e+00,7.191410042830e+00,8.413740478965e-02
-5.627955566138e+00,3.286571327966e+00,9.249915763710e-02
-5.627867754228e+00,6.913973172698e+00,8.576379382489e-02
-5.627828551667e+00,6.360006801943e+00,8.801195557701e-02
-5.627527065833e+00,1.984803028137e+00,9.309880615821e-02
-5.626956127756e+00,8.186188549376e+00,7.018628559960e-02
-5.626611109884e+00,6.089423336960e+00,8.880500516353e-02
-5.626557901128e+00,5.105422205310e+00,9.074500376884e-02
-5.626472489568e+00,5.916520782738e+00,8.923734858854e-02
-5.626466041163e+00,6.593160733841e+00,8.719426593019e-02
-5.626435599089e+00,2.461585678743e+00,9.292337514504e-02
-5.626430773020e+00,8.433452826021e+00,6.040690165481e-02
-5.626240020942e+00,4.694351569168e+00,9.128591679702e-02
-5.626080178578e+00,1.401524412091e+00,9.325893431792e-02
-5.625967987472e+00,7.564621842231e+00,8.102747512865e-02
-5.625887091722e+00,3.985302325777e+00,9.199596543188e-02
-5.625788225061e+00,1.562500050003e-02,9.341204855874e-02
-5.625776146091e+00,7.334717783800e+00,8.310870785493e-02
-5.625614807248e+00,4.687500150008e-02,9.341203697181e-02
-5.625604020718e+00,6.779973598437e+00,8.641714073121e-02
-5.625441389436e+00,7.812500250012e-02,9.341188542494e-02
-5.625436673424e+00,7.717138728409e+00,7.927173013846e-02
-5.625267971623e+00,1.093750035002e-01,9.341159391370e-02
-5.625259258028e+00,5.377832955424e+00,9.031855444617e-02
-5.625094553810e+00,1.406250045003e-01,9.341116243445e-02
-5.624974649524e+00,1.171480783830e+00,9.330654027417e-02
-5.624921135998e+00,1.718750055004e-01,9.341056608420e-02
-5.624747718185e+00,2.031250065004e-01,9.340982849388e-02
-5.624575218355e+00,6.139077335476e+00,8.867678339309e-02
-5.624574300372e+00,2.343750075005e-01,9.340895083728e-02
-5.624465765473e+00,6.413256358550e+00,8.784754012529e-02
-5.624400882560e+00,2.656250085005e-01,9.340793309580e-02
-5.624386007685e+00,4.401743067454e+00,9.161058229423e-02
-5.624227464747e+00,2.968750095005e-01,9.340674501322e-02
-5.624119527035e+00,5.157119924744e+00,9.067258641850e-02
-5.624054046934e+00,3.281250105004e-01,9.340538319665e-02
-5.623880629122e+00,3.593750115004e-01,9.340388129182e-02
-5.623841964820e+00,1.827566836770e+00,9.315111900958e-02
-5.623792678319e+00,4.643356102814e+00,9.134898117372e-02
-5.623785281776e+00,1.633038966162e+00,9.320528216336e-02
-5.623707211309e+00,3.906250125003e-01,9.340223926738e-02
-5.623653939564e+00,3.200532832045e+00,9.255595904722e-02
-5.623533793496e+00,4.218750135002e-01,9.340045566933e-02
-5.623475554099e+00,3.585354198551e+00,9.230752055417e-02
-5.623428346583e+00,3.672620109508e+00,9.224486932515e-02
-5.623360375683e+00,4.531250145001e-01,9.339850565097e-02
-5.623266531173e+00,5.850158512631e+00,8.939806694499e-02
-5.623221208810e+00,2.744443511900e+00,9.279992267922e-02
-5.623207086218e+00,2.867431511752e+00,9.273928190555e-02
-5.623186957871e+00,4.843750155000e-01,9.339641520394e-02
-5.622839429849e+00,5.156250165000e-01,9.339434527307e-02
-5.622798165357e+00,5.547528746963e+00,9.002057720109e-02
-5.622562672916e+00,5.665578423250e+00,8.979237106066e-02
-5.622488120747e+00,3.498359895325e+00,9.236864913145e-02
-5.622455440771e+00,8.344032258129e+00,6.478920034285e-02
-5.622443234385e+00,2.181360325772e+00,9.303649769322e-02
-5.622325583310e+00,3.760139500278e+00,9.218088385906e-02
-5.622317791619e+00,5.468750175001e-01,9.339229381221e-02
-5.622292332660e+00,6.189424053888e+00,8.854287460585e-02
-5.621966029227e+00,7.480997721424e+00,8.188261470032e-02
-5.621937782422e+00,6.649205312751e+00,8.698935105191e-02
-5.621851896247e+00,7.112038473621e+00,8.468140207373e-02
-5.621796153388e+00,5.781250185002e-01,9.339003177919e-02
-5.621729133177e+00,6.973495147059e+00,8.547965423679e-02
-5.621712719658e+00,2.621984810643e+00,9.285846469267e-02
-5.621669873738e+00,2.340353793098e+00,9.297740185571e-02
-5.621620133632e+00,2.990910563682e+00,9.267639237756e-02
-5.621528029329e+00,7.940769562770e+00,7.591280993597e-02
-5.621524006822e+00,4.212190460436e+00,9.180006807257e-02
-5.621409661300e+00,8.863209112094e+00,6.608628965441e-06
-5.621274515158e+00,6.093750195002e-01,9.338767250675e-02
-5.621145407438e+00,2.023178496498e+00,9.309250420369e-02
-5.621126247923e+00,1.439695277344e+00,9.325506975722e-02
-5.621115153548e+00,5.208870489564e+00,9.059913363015e-02
-5.621025946303e+00,8.772715296937e+00,2.509985687482e-02
-5.620890758156e+00,8.097441232358e+00,7.265372304858e-02
-5.620830196863e+00,6.467166719824e+00,8.767512519661e-02
-5.620826330561e+00,4.592463124367e+00,9.141116838886e-02
-5.620755176796e+00,4.073674053843e+00,9.192652910221e-02
-5.620752876928e+00,6.406250205003e-01,9.338517519178e-02
-5.620536507188e+00,1.209560758640e+00,9.330361578958e-02
-5.620487232472e+00,3.411654974575e+00,9.242842315328e-02
-5.620457398060e+00,7.253654274808e+00,8.374955591550e-02
-5.620231238697e+00,6.718750215004e-01,9.338248567978e-02
-5.620146625864e+00,3.847893893804e+00,9.211555031432e-02
-5.620135119419e+00,6.838089057943e+00,8.617046074015e-02
-5.619899509547e+00,8.682440111393e+00,3.996717686316e-02
-5.619757399771e+00,6.240457365712e+00,8.840292885575e-02
-5.619722767177e+00,5.429818645199e+00,9.023950496309e-02
-5.619709600467e+00,7.031250225004e-01,9.337962963057e-02
-5.619674759853e+00,7.784874033497e+00,7.842255062310e-02
-5.619187962237e+00,7.343750235005e-01,9.337663494053e-02
-5.619087193107e+00,4.351329209186e+00,9.166883636645e-02
-5.618963226116e+00,5.783905489603e+00,8.955422471103e-02
-5.618732659981e+00,2.500092383919e+00,9.291499901561e-02
-5.618666324006e+00,7.656250245005e-01,9.337350165395e-02
-5.618410985422e+00,3.114841167762e+00,9.261137699985e-02
-5.618291955391e+00,1.671278354388e+00,9.320045776870e-02
-5.618144685776e+00,7.968750255004e-01,9.337022982805e-02
-5.618032487273e+00,8.592388651695e+00,4.979766441501e-02
-5.617870891952e+00,1.865871695842e+00,9.314548032006e-02
-5.617748039392e+00,8.254855152213e+00,6.825371702321e-02
-5.617623047546e+00,8.281250265002e-01,9.336681953345e-02
-5.617540297495e+00,5.260668722038e+00,9.052463411523e-02
-5.617500422375e+00,7.398277204563e+00,8.264687098868e-02
-5.617494340796e+00,3.325256853893e+00,9.248693402767e-02
-5.617345886844e+00,4.541677377985e+00,9.147248923133e-02
-5.617116653495e+00,6.705884376237e+00,8.677352552888e-02
-5.617101409315e+00,8.593750275002e-01,9.336320746233e-02
-5.616965404132e+00,6.292171112439e+00,8.825656713120e-02
-5.616916986528e+00,6.521731597171e+00,8.749415930992e-02
-5.616871117686e+00,3.935864467964e+00,9.204859835856e-02
-5.616579771085e+00,8.906250285002e-01,9.335943338432e-02
-5.616525466050e+00,7.630183635476e+00,8.039881724709e-02
-5.616091244258e+00,1.477851965341e+00,9.325104772721e-02
-5.616058132854e+00,9.218750295001e-01,9.335552004609e-02
-5.616019061779e+00,1.247629835474e+00,9.330053625989e-02
-5.615548271476e+00,2.219767338794e+00,9.302935764621e-02
-5.615536494624e+00,9.531250305001e-01,9.335146752075e-02
-5.615427047745e+00,8.502565998406e+00,5.677865802007e-02
-5.615272818228e+00,7.033617230454e+00,8.517809924101e-02
-5.615251120774e+00,5.599644896288e+00,8.993716313182e-02
-5.615014856394e+00,9.843750315000e-01,9.334727589689e-02
-5.614694491010e+00,7.173522728076e+00,8.432954979675e-02
-5.614677778744e+00,2.061530679639e+00,9.308603843706e-02
-5.614660067885e+00,2.783002166000e+00,9.279029457902e-02
-5.614473274292e+00,4.162211017613e+00,9.185566135555e-02
-5.614358497958e+00,6.896818673725e+00,8.590956668596e-02
-5.614332864138e+00,2.378801920264e+00,9.296955473469e-02
-5.614286112351e+00,5.968845970970e+00,8.914160091033e-02
-5.614256441004e+00,6.026201733786e+00,8.899993376039e-02
-5.614246116098e+00,2.906017020197e+00,9.272905561062e-02
-5.614099937795e+00,8.008951895258e+00,7.471625454020e-02
-5.613911367814e+00,6.344559103783e+00,8.810311681592e-02
-5.613596586086e+00,5.481829417698e+00,9.015931900748e-02
-5.613571422800e+00,5.717772028486e+00,8.970559538928e-02
-5.613540856936e+00,2.660506512494e+00,9.284937985919e-02
-5.613531157176e+00,3.239182590059e+00,9.254419686860e-02
-5.613391680939e+00,7.852737454007e+00,7.749132771480e-02
-5.613390516319e+00,5.312509406671e+00,9.044907681025e-02
-5.613356293100e+00,4.491003566861e+00,9.153295459229e-02
-5.613297513129e+00,4.301044409696e+00,9.172628492587e-02
-5.612936555092e+00,7.545841342032e+00,8.132523512585e-02
-5.612722575162e+00,1.018978189917e+00,9.334404406437e-02
-5.612721313448e+00,6.576944671204e+00,8.730403946578e-02
-5.612715922799e+00,1.709500142498e+00,9.319547361928e-02
-5.612577883265e+00,7.316470126790e+00,8.333376862131e-02
-5.612498731198e+00,6.074957675729e+00,8.887956741527e-02
-5.612478989398e+00,4.024032059731e+00,9.198013895215e-02
-5.612310861930e+00,8.165926525872e+00,7.106085973345e-02
-5.612249017258e+00,3.029512523350e+00,9.266560217632e-02
-5.612208614488e+00,4.886565177930e+00,9.106973622963e-02
-5.612196745257e+00,4.937911576752e+00,9.100238641951e-02
-5.612085391069e+00,8.412977216281e+00,6.199115345122e-02
-5.611997954381e+00,6.763191509343e+00,8.654595358708e-02
-5.611947749983e+00,5.902446879666e+00,8.930478418713e-02
-5.611853917491e+00,3.624051658699e+00,9.229377979204e-02
-5.611815497096e+00,1.904155907757e+00,9.313967971489e-02
-5.611679269306e+00,4.835298332949e+00,9.113614498212e-02
-5.611638971814e+00,4.989332555055e+00,9.093408468462e-02
-5.611440031935e+00,3.711324520010e+00,9.223070459440e-02
-5.611422381168e+00,1.285687531359e+00,9.329730145814e-02
-5.611226623578e+00,3.537043555519e+00,9.235542156392e-02
-5.610975255470e+00,1.515993982363e+00,9.324686791895e-02
-5.610939298241e+00,2.538567345927e+00,9.290645127625e-02
-5.610613438239e+00,4.784115976612e+00,9.120162370473e-02
-5.610590350727e+00,6.397615117877e+00,8.794238367068e-02
-5.610530643342e+00,5.040823099285e+00,9.086482033597e-02
-5.610500043754e+00,6.124413371125e+00,8.875398437149e-02
-5.610201219024e+00,7.697316975337e+00,7.966886056954e-02
-5.609964162890e+00,3.798843884378e+00,9.216629311332e-02
-5.609579227520e+00,3.450318113838e+00,9.241560460762e-02
-5.609015888201e+00,4.733023003939e+00,9.126612319393e-02
-5.608878159844e+00,7.462393807763e+00,8.214951393431e-02
-5.608867148320e+00,5.092378156975e+00,9.079417580235e-02
-5.608862531812e+00,4.440446352802e+00,9.159249459731e-02
-5.608661408494e+00,5.364387290381e+00,9.037245089449e-02
-5.608620985482e+00,1.056930268506e+00,9.334174261305e-02
-5.608619647322e+00,3.153448875454e+00,9.260001680475e-02
-5.608565929834e+00,2.258147803544e+00,9.302205140115e-02
-5.608504883728e+00,5.836148226995e+00,8.946333089263e-02
-5.608494316201e+00,7.094332852329e+00,8.485756406632e-02
-5.608269578823e+00,6.956155937635e+00,8.563326697970e-02
-5.608255284001e+00,6.174562730009e+00,8.862287270492e-02
-5.608238395207e+00,6.632799591852e+00,8.710410499488e-02
-5.608124323230e+00,2.099859054155e+00,9.307940844737e-02
-5.608009749083e+00,8.323627354088e+00,6.603076334601e-02
-5.607570958494e+00,8.842387386949e+00,1.008813005470e-02
-5.607405784873e+00,3.886591149383e+00,9.210050458268e-02
-5.607205188351e+00,7.235586280173e+00,8.395396098387e-02
-5.607100051225e+00,5.651768370152e+00,8.985256148112e-02
-5.607085231673e+00,8.751961800912e+00,3.083519992322e-02
-5.607057292759e+00,1.747703826954e+00,9.319032935785e-02
-5.607022085538e+00,4.250893173853e+00,9.178293848093e-02
-5.606997450850e+00,6.451332901450e+00,8.777389814768e-02
-5.606950464234e+00,4.112377169146e+00,9.191025903622e-02
-5.606933074213e+00,3.363892881832e+00,9.247452196480e-02
-5.606907007772e+00,2.417220669969e+00,9.296153776146e-02
-5.606891424068e+00,4.682024270013e+00,9.132944350157e-02
-5.606876446537e+00,5.533859899464e+00,9.007798498269e-02
-5.606746536161e+00,1.323733363786e+00,9.329391114838e-02
-5.606643914857e+00,5.143992636993e+00,9.072251152302e-02
-5.606586051405e+00,7.920725507143e+00,7.646565585040e-02
-5.606577024275e+00,6.821120267090e+00,8.630571242300e-02
-5.606146232705e+00,8.077251380269e+00,7.338104922029e-02
-5.606005752250e+00,2.821523576878e+00,9.278049100028e-02
-5.605857118666e+00,8.661755343120e+00,4.366130934051e-02
-5.605778372449e+00,1.554120835260e+00,9.324253001481e-02
-5.605759394505e+00,6.225399630183e+00,8.848589536911e-02
-5.605675907612e+00,1.942418959157e+00,9.313371680338e-02
-5.605277263176e+00,2.698993478706e+00,9.284012120946e-02
-5.605190589267e+00,2.944562713844e+00,9.271864969531e-02
-5.604536767519e+00,7.764977700879e+00,7.885671882815e-02
-5.604442091432e+00,1.094873637181e+00,9.333928723589e-02
-5.604356941248e+00,7.379850906585e+00,8.288753746558e-02
-5.604244888463e+00,4.631124589598e+00,9.139188791757e-02
-5.603966289353e+00,5.769960391376e+00,8.961740904233e-02
-5.603888758141e+00,8.571773108160e+00,5.237365302705e-02
-5.603869621783e+00,4.390010355826e+00,9.165099765651e-02
-5.603856410895e+00,5.195661409957e+00,9.064982618372e-02
-5.603744656295e+00,3.974547369366e+00,9.203301130550e-02
-5.603551291125e+00,7.611227581716e+00,8.072096117581e-02
-5.603463488267e+00,6.689289978486e+00,8.689363051033e-02
-5.603348613599e+00,5.416297083049e+00,9.029429457491e-02
-5.603309770909e+00,3.277785048025e+00,9.253218840803e-02
-5.603202385617e+00,8.234521444152e+00,6.925265408132e-02
-5.603127804366e+00,6.505706170088e+00,8.759713129470e-02
-5.603055708928e+00,2.577010014495e+00,9.289773144420e-02
-5.603007355283e+00,6.276917917401e+00,8.834265871876e-02
-5.602782025822e+00,3.068072033794e+00,9.265463062105e-02
-5.601991600501e+00,1.361766850697e+00,9.329036508585e-02
-5.601863824174e+00,7.016094312261e+00,8.534023396088e-02
-5.601496372826e+00,2.296501188151e+00,9.301457853174e-02
-5.601485187504e+00,2.138163097720e+00,9.307261381914e-02
-5.601389173983e+00,7.155635413321e+00,8.451629215699e-02
-5.601316177082e+00,1.785888904960e+00,9.318502461963e-02
-5.601182320784e+00,8.482020174938e+00,5.867649004983e-02
-5.601081161546e+00,4.580328736698e+00,9.145346695818e-02
-5.600849241688e+00,6.879664174752e+00,8.605178062161e-02
-5.600500689079e+00,1.592232031488e+00,9.323803368864e-02
-5.600500144411e+00,5.247379308638e+00,9.057610867838e-02
-5.600266063153e+00,4.200879963797e+00,9.183880759037e-02
-5.600185947507e+00,1.132807825163e+00,9.333667774149e-02
-5.600128511142e+00,3.662692145178e+00,9.227984320685e-02
-5.600107784478e+00,6.011935314962e+00,8.907080605238e-02
-5.599999889574e+00,5.954710030269e+00,8.921016569463e-02
-5.599994183961e+00,6.329111405623e+00,8.819254672819e-02
-5.599905122711e+00,7.527060841832e+00,8.161252701193e-02
-5.599862659858e+00,3.575672571629e+00,9.234200331380e-02
-5.599558122359e+00,5.585904680955e+00,8.999549156455e-02
-5.599452253975e+00,1.980660337510e+00,9.312759118875e-02
-5.599392485269e+00,2.455609501463e+00,9.295335045074e-02
-5.599379620439e+00,7.298222469780e+00,8.355194995428e-02
-5.599346686269e+00,3.749969587439e+00,9.221634324828e-02
-5.599256507524e+00,7.988834699707e+00,7.533049916076e-02
-5.598976585734e+00,6.560728608567e+00,8.741150526216e-02
-5.598960825034e+00,4.062693259159e+00,9.196410884523e-02
-5.598731181186e+00,3.192011438358e+00,9.258847367535e-02
-5.598570100197e+00,3.488928898378e+00,9.240259620838e-02
-5.598391888044e+00,6.746409420249e+00,8.667181780773e-02
-5.598386352512e+00,6.060492014498e+00,8.895286529419e-02
-5.598382617711e+00,4.339700154043e+00,9.170869560972e-02
-5.598351514877e+00,7.832767019946e+00,7.796792807505e-02
-5.598340824797e+00,5.703893677755e+00,8.976676131071e-02
-5.597740009118e+00,8.392501606540e+00,6.344693965943e-02
-5.597665596104e+00,8.145664502369e+00,7.188175797974e-02
-5.597496492760e+00,3.837486517036e+00,9.215150517840e-02
-5.597447812469e+00,5.468233457985e+00,9.021497740236e-02
-5.597423010398e+00,5.888372976594e+00,8.937113291929e-02
-5.597405160617e+00,4.529641444399e+00,9.151419125674e-02
-5.597258490521e+00,2.860007177595e+00,9.277051149813e-02
-5.597157650866e+00,1.399787510484e+00,9.328666301707e-02
-5.596922151666e+00,2.737445151152e+00,9.283068827540e-02
-5.596714935981e+00,6.381973877204e+00,8.803538554720e-02
-5.596570663934e+00,5.299141127992e+00,9.050134812507e-02
-5.596424869153e+00,6.109749406774e+00,8.882984936711e-02
-5.596272069817e+00,3.402478803195e+00,9.246192103520e-02
-5.596249234793e+00,1.562500050003e-02,9.343914830002e-02
-5.596080843583e+00,4.687500150008e-02,9.343913164599e-02
-5.596040750072e+00,2.983068017293e+00,9.270806366364e-02
-5.595912452374e+00,7.812500250012e-02,9.343897524248e-02
-5.595852611085e+00,1.170732361905e+00,9.333391392913e-02
-5.595790290461e+00,7.443789894102e+00,8.240752464167e-02
-5.595744061164e+00,1.093750035002e-01,9.343867908448e-02
-5.595575669955e+00,1.406250045003e-01,9.343824316722e-02
-5.595492690652e+00,1.824054874336e+00,9.317955903262e-02
-5.595407278746e+00,1.718750055004e-01,9.343764818347e-02
-5.595238887536e+00,2.031250065004e-01,9.343690801935e-02
-5.595142302242e+00,1.630327079103e+00,9.323337860594e-02
-5.595136736156e+00,7.076627231037e+00,8.502898401976e-02
-5.595082090467e+00,2.615419840505e+00,9.288883903814e-02
-5.595070496327e+00,2.343750075005e-01,9.343602799392e-02
-5.594965764624e+00,7.677495222266e+00,8.004901742960e-02
-5.594902105117e+00,2.656250085005e-01,9.343500808613e-02
-5.594810024469e+00,6.938816728212e+00,8.578302468633e-02
-5.594760521378e+00,2.176442288840e+00,9.306565413290e-02
-5.594733713908e+00,2.968750095005e-01,9.343382075674e-02
-5.594565322698e+00,3.281250105004e-01,9.343246546631e-02
-5.594557518835e+00,3.925224206864e+00,9.208515637795e-02
-5.594539007991e+00,6.616393870953e+00,8.721638752596e-02
-5.594396931489e+00,3.593750115004e-01,9.343096376711e-02
-5.594339767037e+00,2.334826961826e+00,9.300693860973e-02
-5.594228540279e+00,3.906250125003e-01,9.342932212800e-02
-5.594218235342e+00,6.159701406130e+00,8.870145754423e-02
-5.594060149070e+00,4.218750135002e-01,9.342754051483e-02
-5.593952978642e+00,7.217518285538e+00,8.415230507599e-02
-5.593891757860e+00,4.531250145001e-01,9.342560390971e-02
-5.593871031463e+00,4.925125826159e+00,9.104867118754e-02
-5.593743236283e+00,5.822137941358e+00,8.952755752319e-02
-5.593732255688e+00,8.821565661804e+00,1.829425022077e-02
-5.593723366651e+00,4.843750155000e-01,9.342351585952e-02
-5.593674762861e+00,4.873868350860e+00,9.111534421991e-02
-5.593564057394e+00,8.303222450047e+00,6.718248727282e-02
-5.593523159506e+00,4.976459285939e+00,9.098105915399e-02
-5.593385911906e+00,5.156250165000e-01,9.342144226970e-02
-5.593221839671e+00,4.479067404767e+00,9.157407154741e-02
-5.593219419711e+00,3.106588511716e+00,9.264347725547e-02
-5.593164704836e+00,6.435499083075e+00,8.787070930626e-02
-5.593144669768e+00,2.018879531137e+00,9.312130246853e-02
-5.593144517044e+00,8.731208304888e+00,3.573419197310e-02
-5.593034633426e+00,4.151009198787e+00,9.189378535069e-02
-5.593018929131e+00,6.804151476237e+00,8.643778652566e-02
-5.592990070765e+00,3.316339606082e+00,9.251999220168e-02
-5.592939052027e+00,4.822691823631e+00,9.118108895524e-02
-5.592879393624e+00,5.468750175001e-01,9.341938319436e-02
-5.592626487583e+00,5.027863727367e+00,9.091249759184e-02
-5.592406609808e+00,4.289520283464e+00,9.176559875310e-02
-5.592372875342e+00,5.781250185002e-01,9.341711815827e-02
-5.592244766859e+00,1.437794862068e+00,9.328280468000e-02
-5.592063558959e+00,5.350941625338e+00,9.042553388373e-02
-5.591866357060e+00,6.093750195002e-01,9.341474820151e-02
-5.591814727785e+00,8.641070574847e+00,4.691320548143e-02
-5.591789480541e+00,2.493967875136e+00,9.294499231638e-02
-5.591761389239e+00,6.210341894654e+00,8.856736510345e-02
-5.591668635950e+00,4.771601168455e+00,9.124591625697e-02
-5.591644073480e+00,7.900681451516e+00,7.699118191576e-02
-5.591637429533e+00,5.637958317054e+00,8.991182771823e-02
-5.591442142393e+00,1.208646777321e+00,9.333099558882e-02
-5.591401707254e+00,8.057061528179e+00,7.406745520769e-02
-5.591359838779e+00,6.406250205003e-01,9.341224002951e-02
-5.591213460121e+00,7.361424608606e+00,8.312059105216e-02
-5.591176395511e+00,5.079334108641e+00,9.084265551315e-02
-5.590954727717e+00,5.520191051965e+00,9.013452850986e-02
-5.590853320497e+00,6.718750215004e-01,9.340958309072e-02
-5.590577116199e+00,7.592271527956e+00,8.103114464985e-02
-5.590509638742e+00,4.013163588231e+00,9.201722082684e-02
-5.590346802216e+00,7.031250225005e-01,9.340671954218e-02
-5.589868289936e+00,4.720601269478e+00,9.130969199200e-02
-5.589840283934e+00,7.343750235005e-01,9.340371716626e-02
-5.589810323038e+00,6.672695580736e+00,8.701108427769e-02
-5.589745029010e+00,8.551157564624e+00,5.468804452521e-02
-5.589703311813e+00,1.668405486744e+00,9.322856442405e-02
-5.589586951417e+00,1.862201233597e+00,9.317393221779e-02
-5.589398775186e+00,7.745081368262e+00,7.927175293992e-02
-5.589338622205e+00,6.489680743005e+00,8.769801046902e-02
-5.589333765652e+00,7.656250245005e-01,9.340057599577e-02
-5.589168302680e+00,5.130865349242e+00,9.077172929913e-02
-5.589049306435e+00,6.261664722364e+00,8.842715004822e-02
-5.588969352590e+00,5.756015293150e+00,8.967960298880e-02
-5.588827247371e+00,7.968750255004e-01,9.339729607556e-02
-5.588745863837e+00,3.230528265616e+00,9.257674721003e-02
-5.588656731841e+00,8.214187736090e+00,7.018632247052e-02
-5.588536189184e+00,4.428611268434e+00,9.163294963715e-02
-5.588475739123e+00,2.775860972943e+00,9.282108059407e-02
-5.588454830121e+00,6.998571394069e+00,8.549818331355e-02
-5.588418514734e+00,2.898452402696e+00,9.276033118078e-02
-5.588396564367e+00,3.614246320467e+00,9.232830954640e-02
-5.588320729089e+00,8.281250265002e-01,9.339387746306e-02
-5.588299684096e+00,3.701275026817e+00,9.226571048913e-02
-5.588083856957e+00,7.137748098567e+00,8.469785415583e-02
-5.587950477850e+00,2.214696106882e+00,9.305852896558e-02
-5.587814210807e+00,8.593750275002e-01,9.339031276961e-02
-5.587542827194e+00,4.669696970859e+00,9.137239266309e-02
-5.587460171362e+00,3.527486713059e+00,9.238939763084e-02
-5.587339985418e+00,6.862509675778e+00,8.619056334031e-02
-5.587307692526e+00,8.906250285002e-01,9.338653374142e-02
-5.587253031021e+00,1.475788424814e+00,9.327878980419e-02
-5.587148673050e+00,3.788554673047e+00,9.220178506784e-02
-5.587096282296e+00,2.373124594755e+00,9.299913120556e-02
-5.587018644636e+00,2.653796276022e+00,9.287977357903e-02
-5.586974460021e+00,5.402775520899e+00,9.034827560418e-02
-5.586954604517e+00,1.246550601747e+00,9.332792250145e-02
-5.586937593824e+00,8.461474351471e+00,6.040694853400e-02
-5.586873690330e+00,7.508280341633e+00,8.188988839447e-02
-5.586801174244e+00,9.218750295001e-01,9.338261521156e-02
-5.586796846351e+00,3.021532356674e+00,9.269729702958e-02
-5.586753291725e+00,2.057076029041e+00,9.311485023492e-02
-5.586597668243e+00,5.182452330349e+00,9.069979608851e-02
-5.586294655962e+00,9.531250305001e-01,9.337855723763e-02
-5.586181357614e+00,7.279974812770e+00,8.376336660678e-02
-5.586077000108e+00,6.313663707463e+00,8.828029421318e-02
-5.585959127951e+00,5.997668896138e+00,8.914051033225e-02
-5.585946723576e+00,4.239475237593e+00,9.182171744622e-02
-5.585788137681e+00,9.843750315000e-01,9.337435989178e-02
-5.585713666798e+00,5.940574089568e+00,8.927761928950e-02
-5.585511634705e+00,3.441014011311e+00,9.244913084993e-02
-5.585333018192e+00,4.101285254821e+00,9.194787513733e-02
-5.585231858020e+00,6.544512545930e+00,8.751673506712e-02
-5.584922951103e+00,3.876066752088e+00,9.213651993979e-02
-5.584785821706e+00,6.729627331156e+00,8.679483283899e-02
-5.584697098607e+00,4.618893076382e+00,9.143422913533e-02
-5.584413077253e+00,7.968717504155e+00,7.591283864209e-02
-5.584273973826e+00,6.046026353267e+00,8.902493095311e-02
-5.584183820678e+00,1.706466763606e+00,9.322359079234e-02
-5.584098180772e+00,2.532295252540e+00,9.293646287205e-02
-5.583865123945e+00,5.572164465622e+00,9.005293677614e-02
-5.583599080376e+00,1.900327481990e+00,9.316814378942e-02
-5.583561462877e+00,3.145061375379e+00,9.263214163761e-02
-5.583512216369e+00,1.018894802968e+00,9.337112706401e-02
-5.583459991327e+00,5.234089895237e+00,9.062684495237e-02
-5.583394627167e+00,8.372025996800e+00,6.478924350245e-02
-5.583353235881e+00,4.378277644199e+00,9.169089661025e-02
-5.583311348816e+00,7.812796585885e+00,7.842257510073e-02
-5.583110226794e+00,5.690015327024e+00,8.982698271472e-02
-5.583020330277e+00,8.125402478865e+00,7.265375674286e-02
-5.582898270813e+00,5.874299073522e+00,8.943642120476e-02
-5.582839521235e+00,6.366332636531e+00,8.812659886790e-02
-5.582702421078e+00,7.425185980441e+00,8.265707968887e-02
-5.582572350418e+00,3.354845666109e+00,9.250760780643e-02
-5.582390063417e+00,1.284443365813e+00,9.332469443881e-02
-5.582349694551e+00,6.095085442423e+00,8.890441299955e-02
-5.582182528831e+00,1.513767718529e+00,9.327461811093e-02
-5.581779156110e+00,7.058921609745e+00,8.519584896123e-02
-5.581602220868e+00,3.963792412955e+00,9.206960504391e-02
-5.581350470115e+00,6.921477518789e+00,8.592906941983e-02
-5.581335992530e+00,4.568194349030e+00,9.149521177468e-02
-5.581299038852e+00,5.454637498273e+00,9.026980951562e-02
-5.581055213088e+00,2.252924032164e+00,9.305123789102e-02
-5.580889986505e+00,7.658019060465e+00,8.039962112549e-02
-5.580839620776e+00,6.599988150054e+00,8.732627727131e-02
-5.580700768933e+00,7.199450290903e+00,8.434497421016e-02
-5.580278259693e+00,2.095249321071e+00,9.310823407514e-02
-5.580181186684e+00,6.144840082251e+00,8.877866645568e-02
-5.579938245682e+00,2.814240388437e+00,9.281129770867e-02
-5.579893552882e+00,8.800743936659e+00,2.509989887778e-02
-5.579839476664e+00,8.891248083288e+00,6.608629063424e-06
-5.579766091674e+00,2.411393558114e+00,9.299115588895e-02
-5.579750811550e+00,5.285772849313e+00,9.055286518494e-02
-5.579486060405e+00,2.936858688051e+00,9.274994805139e-02
-5.579460833987e+00,6.787182685384e+00,8.656679292825e-02
-5.579429347318e+00,1.056680230476e+00,9.336883049271e-02
-5.579331958822e+00,6.419665264700e+00,8.796561646895e-02
-5.579203802414e+00,8.710454808864e+00,3.996722877488e-02
-5.579118365706e+00,8.282817546006e+00,6.825375655486e-02
-5.579008119483e+00,4.189569467158e+00,9.187706209759e-02
-5.578981588838e+00,5.808127655722e+00,8.959077176480e-02
-5.578865576526e+00,2.692138774421e+00,9.287053459088e-02
-5.578663975679e+00,3.268998768084e+00,9.256483702664e-02
-5.578583934694e+00,1.744510419579e+00,9.321845735241e-02
-5.578069978993e+00,7.342998310627e+00,8.334638423506e-02
-5.577772336904e+00,8.620385806574e+00,4.979771675278e-02
-5.577763383974e+00,6.195284159124e+00,8.864737837867e-02
-5.577748587904e+00,1.322324600603e+00,9.332131116379e-02
-5.577678042316e+00,4.328071098901e+00,9.174804910754e-02
-5.577602941274e+00,7.573315474196e+00,8.133018464049e-02
-5.577529201581e+00,1.938433119492e+00,9.316219335537e-02
-5.577464434390e+00,4.517605510813e+00,9.155535106261e-02
-5.577459129399e+00,3.059955159718e+00,9.268634931837e-02
-5.577166473272e+00,4.051712464474e+00,9.200122687278e-02
-5.577033348688e+00,1.551732263575e+00,9.327028931342e-02
-5.576828675701e+00,3.652764180847e+00,9.231440457796e-02
-5.576702095555e+00,7.880637395889e+00,7.749135398194e-02
-5.576657181802e+00,8.036871676090e+00,7.471628534228e-02
-5.576367789227e+00,3.739799674599e+00,9.225138136749e-02
-5.576318776432e+00,2.570591096349e+00,9.292776163198e-02
-5.576249765617e+00,3.565990944708e+00,9.237600858155e-02
-5.576174807841e+00,5.624148263956e+00,8.997019136896e-02
-5.576157157809e+00,6.656101182985e+00,8.712597318848e-02
-5.575601299878e+00,8.530542021089e+00,5.677870769341e-02
-5.575549440043e+00,6.473655315923e+00,8.779685984741e-02
-5.575545317669e+00,4.912340075565e+00,9.109432380740e-02
-5.575465709424e+00,5.337495960294e+00,9.047784632143e-02
-5.575407347199e+00,4.963586016824e+00,9.102738796217e-02
-5.575271414604e+00,1.094457200533e+00,9.336638029415e-02
-5.575140911234e+00,4.861171523789e+00,9.116033330165e-02
-5.575091257587e+00,6.246411527326e+00,8.851010016894e-02
-5.575045836067e+00,6.981048475876e+00,8.565210580373e-02
-5.575033008898e+00,5.506522204467e+00,9.019022768395e-02
-5.574846359656e+00,3.827079140268e+00,9.218702987835e-02
-5.574778539931e+00,7.119860783812e+00,8.487444615601e-02
-5.574722331823e+00,5.014904355449e+00,9.095951539578e-02
-5.574652079646e+00,3.479497901430e+00,9.243615104642e-02
-5.574260782852e+00,7.725185035644e+00,7.966888298773e-02
-5.574198834748e+00,4.810085314313e+00,9.122542699036e-02
-5.574111078065e+00,8.193854028029e+00,7.106089587874e-02
-5.574074886427e+00,2.291125545950e+00,9.304378048049e-02
-5.573972415828e+00,5.742070194923e+00,8.974083008399e-02
-5.573842257949e+00,7.489499841433e+00,8.215782085675e-02
-5.573830729148e+00,6.845355176805e+00,8.632603657261e-02
-5.573808422808e+00,3.183490044671e+00,9.262062334138e-02
-5.573719716569e+00,2.133398898125e+00,9.310145357185e-02
-5.573485642703e+00,5.066290060306e+00,9.089045811666e-02
-5.573087386243e+00,4.467131242672e+00,9.161465757993e-02
-5.573030249643e+00,1.360193837638e+00,9.331777243041e-02
-5.572983094788e+00,7.261727155760e+00,8.396823381877e-02
-5.572903762688e+00,1.782535965274e+00,9.321316373833e-02
-5.572723833660e+00,4.759086360299e+00,9.128961557690e-02
-5.572692866863e+00,8.440928528003e+00,6.199119952418e-02
-5.572349371449e+00,2.449633324182e+00,9.298300753880e-02
-5.572243919985e+00,3.914583945764e+00,9.212127156551e-02
-5.572159816255e+00,6.298216009303e+00,8.836640637461e-02
-5.572056907161e+00,3.393302631815e+00,9.249503480114e-02
-5.571810471425e+00,5.983402477314e+00,8.920907553781e-02
-5.571805581904e+00,1.589681580902e+00,9.326580311698e-02
-5.571692690503e+00,5.117738061491e+00,9.082025534856e-02
-5.571595992560e+00,4.139807379961e+00,9.193143792007e-02
-5.571515706486e+00,4.277996157233e+00,9.180441728101e-02
-5.571487130305e+00,6.528296483293e+00,8.761979772261e-02
-5.571427444022e+00,5.926438148867e+00,8.934398881907e-02
-5.571377442117e+00,1.976517646883e+00,9.315608051738e-02
-5.571309894824e+00,2.852582843438e+00,9.280133916956e-02
-5.571179755369e+00,6.712845242062e+00,8.691509375313e-02
-5.571038471142e+00,1.132225256003e+00,9.336377627572e-02
-5.570720691672e+00,4.708179535018e+00,9.135268349165e-02
-5.570623094523e+00,2.730446790404e+00,9.286112160171e-02
-5.570600306443e+00,5.389253958749e+00,9.040146640409e-02
-5.570461366512e+00,2.975225470904e+00,9.273938509442e-02
-5.570161595140e+00,6.031560692036e+00,8.909579548464e-02
-5.569614551695e+00,7.406582066780e+00,8.289858441500e-02
-5.569569646981e+00,7.948600308604e+00,7.646568402975e-02
-5.569338925590e+00,5.169243250741e+00,9.074905934229e-02
-5.569049245216e+00,8.351550387060e+00,6.603080567851e-02
-5.568964106489e+00,6.350691395857e+00,8.821607475340e-02
-5.568540288087e+00,4.002295116731e+00,9.205385045994e-02
-5.568485800735e+00,3.307422358270e+00,9.255267424317e-02
-5.568451461276e+00,2.608854870367e+00,9.291888811164e-02
-5.568421576064e+00,7.041215988452e+00,8.535833629815e-02
-5.568375064451e+00,8.105140455361e+00,7.338108226351e-02
-5.568373531228e+00,5.860225170450e+00,8.950067463277e-02
-5.568274519950e+00,6.080421478072e+00,8.897770872443e-02
-5.568271182754e+00,7.792826151824e+00,7.885674288360e-02
-5.568235123153e+00,1.398050608878e+00,9.331407798400e-02
-5.568209846556e+00,4.416776184066e+00,9.167288833521e-02
-5.568194230320e+00,4.657369671704e+00,9.141477649025e-02
-5.568172125530e+00,5.558424250289e+00,9.010951918441e-02
-5.568027854000e+00,3.098335855670e+00,9.267522006785e-02
-5.567973884667e+00,7.638888489934e+00,8.072324474069e-02
-5.567890915761e+00,6.904138309366e+00,8.607153641426e-02
-5.567879628791e+00,5.676136976292e+00,8.988628176168e-02
-5.567448559224e+00,7.181382296268e+00,8.453220584988e-02
-5.567143416484e+00,1.820542911902e+00,9.320770957690e-02
-5.567140233561e+00,6.583582429154e+00,8.743384959742e-02
-5.567077808370e+00,2.171524251908e+00,9.309450830358e-02
-5.567009660337e+00,2.329300130555e+00,9.303615630322e-02
-5.566730572645e+00,1.169983939979e+00,9.336101823553e-02
-5.566710244524e+00,1.562500050003e-02,9.346597837722e-02
-5.566546879918e+00,4.687500150008e-02,9.346595676382e-02
-5.566499322707e+00,1.627615192043e+00,9.326115921920e-02
-5.566419838244e+00,5.220800481836e+00,9.067685934100e-02
-5.566383515312e+00,7.812500250012e-02,9.346579562254e-02
-5.566220150706e+00,1.093750035002e-01,9.346549494776e-02
-5.566144138025e+00,6.129978758372e+00,8.885453549089e-02
-5.566103118817e+00,8.870358629286e+00,1.008815091968e-02
-5.566056786100e+00,1.406250045003e-01,9.346505473366e-02
-5.566054850077e+00,8.779922211514e+00,3.083524746523e-02
-5.565902738843e+00,6.770213894532e+00,8.669283655545e-02
-5.565893421493e+00,1.718750055004e-01,9.346446109239e-02
-5.565730056887e+00,2.031250065004e-01,9.346371847495e-02
-5.565566692281e+00,2.343750075005e-01,9.346283621251e-02
-5.565499212808e+00,6.403831446325e+00,8.805867521652e-02
-5.565403327675e+00,2.656250085005e-01,9.346181428164e-02
-5.565263087785e+00,8.689701312840e+00,4.366136243855e-02
-5.565239963069e+00,2.968750095005e-01,9.346062538191e-02
-5.565159336256e+00,3.691225533624e+00,9.230030370578e-02
-5.565150265235e+00,5.441041538561e+00,9.032383417424e-02
-5.565149308751e+00,4.606661563166e+00,9.147601674240e-02
-5.565143932098e+00,2.014580565775e+00,9.314980487144e-02
-5.565076598462e+00,3.281250105004e-01,9.345927892116e-02
-5.564939211243e+00,3.604440982235e+00,9.236242880067e-02
-5.564926497866e+00,7.324572012649e+00,8.356524288994e-02
-5.564913233856e+00,3.593750115004e-01,9.345777755692e-02
-5.564871361614e+00,4.228057301333e+00,9.186001134449e-02
-5.564846301101e+00,2.487843366353e+00,9.297466720204e-02
-5.564749869250e+00,3.906250125003e-01,9.345613644477e-02
-5.564672674018e+00,8.262412641965e+00,6.925269283372e-02
-5.564628766349e+00,7.554359420437e+00,8.161866567685e-02
-5.564586504644e+00,4.218750135002e-01,9.345435554623e-02
-5.564423140038e+00,4.531250145001e-01,9.345243349679e-02
-5.564333183209e+00,3.778265461715e+00,9.223685561139e-02
-5.564259775431e+00,4.843750155000e-01,9.345034797864e-02
-5.564219941392e+00,5.794117370085e+00,8.965299777180e-02
-5.563960570498e+00,3.221873941172e+00,9.260892195812e-02
-5.563932393962e+00,5.156250165000e-01,9.344827099976e-02
-5.563765378708e+00,6.180226423595e+00,8.872597410369e-02
-5.563729946023e+00,8.599701038301e+00,5.237370512576e-02
-5.563715572150e+00,4.090193340496e+00,9.198502945451e-02
-5.563693719145e+00,3.517929870600e+00,9.242298129065e-02
-5.563440995629e+00,5.468750175001e-01,9.344620260853e-02
-5.563363285795e+00,1.435894446793e+00,9.331022756130e-02
-5.562949597296e+00,5.781250185002e-01,9.344393682441e-02
-5.562930959165e+00,5.272404570635e+00,9.060364480995e-02
-5.562836849979e+00,4.366544932571e+00,9.173028984555e-02
-5.562590913370e+00,2.890887785196e+00,9.279120453538e-02
-5.562503992580e+00,6.639506785235e+00,8.723837993368e-02
-5.562458198963e+00,6.093750195002e-01,9.344155665835e-02
-5.562440117333e+00,3.865542354793e+00,9.217207755242e-02
-5.562347777597e+00,1.207732796001e+00,9.335810596241e-02
-5.562291410361e+00,2.768719779885e+00,9.285153414447e-02
-5.561966800630e+00,6.406250205003e-01,9.343903812748e-02
-5.561912656351e+00,8.016681824000e+00,7.533052938468e-02
-5.561760257881e+00,6.457629888840e+00,8.789373997432e-02
-5.561760117631e+00,7.860593340263e+00,7.796795387749e-02
-5.561636842014e+00,6.963525557684e+00,8.580215210650e-02
-5.561590823514e+00,4.556059961362e+00,9.153641446733e-02
-5.561475402297e+00,6.718750215004e-01,9.343638127063e-02
-5.561473222904e+00,7.101973469057e+00,8.504626738310e-02
-5.561457570747e+00,8.509926477554e+00,5.867653901300e-02
-5.561444041890e+00,3.431709908783e+00,9.248227278863e-02
-5.561344675445e+00,3.013552189998e+00,9.272864181874e-02
-5.561303010883e+00,1.858530771352e+00,9.320209448785e-02
-5.561133208739e+00,6.231158332289e+00,8.859155100945e-02
-5.561114668236e+00,1.665532619101e+00,9.325635731020e-02
-5.560984003964e+00,7.031250225005e-01,9.343354228330e-02
-5.560810825568e+00,7.470719341233e+00,8.241679291823e-02
-5.560712186150e+00,5.610338210858e+00,9.002767338086e-02
-5.560496432336e+00,2.647086039550e+00,9.290984182863e-02
-5.560492605631e+00,7.343750235005e-01,9.343053268275e-02
-5.560352684223e+00,2.209624874970e+00,9.308739784520e-02
-5.560321472878e+00,6.828200677832e+00,8.645831641616e-02
-5.560001207298e+00,7.656250245005e-01,9.342738411385e-02
-5.559859700455e+00,2.367447269247e+00,9.302836492699e-02
-5.559784831962e+00,7.243479498750e+00,8.416713496823e-02
-5.559565424290e+00,8.173520319967e+00,7.188179341683e-02
-5.559509808965e+00,7.968750255004e-01,9.342409660956e-02
-5.559459785441e+00,3.953037456544e+00,9.210575581906e-02
-5.559122790519e+00,7.705288703026e+00,8.004903947661e-02
-5.559111290078e+00,5.492853356968e+00,9.024510181788e-02
-5.559018410632e+00,8.281250265002e-01,9.342067021454e-02
-5.558975479065e+00,5.728125096696e+00,8.980111313994e-02
-5.558867859889e+00,5.324050295251e+00,9.052940545435e-02
-5.558828804707e+00,2.052621378443e+00,9.314336600809e-02
-5.558527012299e+00,8.593750275002e-01,9.341710498560e-02
-5.558503278432e+00,3.136673875304e+00,9.266390882990e-02
-5.558448139903e+00,8.420382704536e+00,6.344698489904e-02
-5.558414817784e+00,1.473724884287e+00,9.330622089066e-02
-5.558242632402e+00,6.282768311143e+00,8.845092860220e-02
-5.558211626622e+00,3.345798450386e+00,9.254031731161e-02
-5.558035613967e+00,8.906250285002e-01,9.341336817654e-02
-5.557890147255e+00,1.245471368019e+00,9.335503923610e-02
-5.557750175813e+00,4.178258970519e+00,9.191479735462e-02
-5.557742402591e+00,6.512080420655e+00,8.772075931021e-02
-5.557661814899e+00,5.969136058490e+00,8.927652967831e-02
-5.557573689031e+00,6.696063152968e+00,8.703269148647e-02
-5.557544215634e+00,9.218750295001e-01,9.340944495727e-02
-5.557523708163e+00,4.505569577226e+00,9.159597999819e-02
-5.557291534892e+00,4.950712747708e+00,9.107308504318e-02
-5.557257063303e+00,2.526023159153e+00,9.296615585403e-02
-5.557219603875e+00,4.899554324972e+00,9.113935787478e-02
-5.557141221245e+00,5.912302208166e+00,8.940930055069e-02
-5.557052817301e+00,9.531250305001e-01,9.340538206371e-02
-5.556973466920e+00,4.316442043758e+00,9.178690729604e-02
-5.556818176063e+00,5.001944983531e+00,9.100588802843e-02
-5.556607059608e+00,4.848474696719e+00,9.120471674027e-02
-5.556561418968e+00,9.843750315000e-01,9.340117955211e-02
-5.556526682312e+00,7.387978153119e+00,8.313241878180e-02
-5.556049216455e+00,6.017095030805e+00,8.916548896456e-02
-5.555794889894e+00,5.053246011971e+00,9.093759840260e-02
-5.555651718557e+00,1.703433384715e+00,9.325139707284e-02
-5.555458617469e+00,4.797478804996e+00,9.126917203055e-02
-5.555382663657e+00,1.896499056223e+00,9.319631808418e-02
-5.555372121510e+00,4.040731669790e+00,9.203789256215e-02
-5.555088691743e+00,6.335050155184e+00,8.830386242440e-02
-5.555063996018e+00,7.023510367160e+00,8.551661442682e-02
-5.555057782829e+00,7.619757919404e+00,8.103480100608e-02
-5.554726216710e+00,7.928483113052e+00,7.699120958413e-02
-5.554703863265e+00,8.331074777319e+00,6.718252878174e-02
-5.554431361407e+00,6.886799099942e+00,8.621055447916e-02
-5.554301857577e+00,1.018811416018e+00,9.339794599605e-02
-5.554226152865e+00,5.375732396599e+00,9.045388479398e-02
-5.554217078326e+00,5.104610773740e+00,9.086810483463e-02
-5.554199345349e+00,6.065757513720e+00,8.904976888190e-02
-5.554196349515e+00,7.163314301633e+00,8.471422450899e-02
-5.554018180449e+00,3.260212488143e+00,9.259703709831e-02
-5.553870739114e+00,2.806957199997e+00,9.284177175800e-02
-5.553848791643e+00,5.846151267379e+00,8.956391799437e-02
-5.553781531543e+00,2.929154662258e+00,9.278089337424e-02
-5.553779031371e+00,4.746571552142e+00,9.133273429295e-02
-5.553729798625e+00,8.084878431858e+00,7.406748761804e-02
-5.553544496342e+00,2.247700260785e+00,9.308012176837e-02
-5.553528840261e+00,3.642836216517e+00,9.234856168245e-02
-5.553440846345e+00,6.567176708255e+00,8.753917677818e-02
-5.553389802192e+00,1.511541454696e+00,9.330205769214e-02
-5.553388892186e+00,3.729629761759e+00,9.228600664771e-02
-5.553357745665e+00,1.283199200267e+00,9.335181782724e-02
-5.553231016693e+00,7.772855717762e+00,7.927177658575e-02
-5.552952932814e+00,4.455195080578e+00,9.165467128585e-02
-5.552649030788e+00,5.662258625561e+00,8.994467994244e-02
-5.552636871376e+00,3.556309317787e+00,9.240962127944e-02
-5.552625175577e+00,2.405566446259e+00,9.302040591875e-02
-5.552479127116e+00,5.544684034956e+00,9.016525860062e-02
-5.552453889876e+00,2.685284070136e+00,9.290062230342e-02
-5.552432196156e+00,2.090639587988e+00,9.313676351290e-02
-5.552366760970e+00,8.849469175284e+00,1.829428452831e-02
-5.552344643698e+00,6.753245103679e+00,8.681601765225e-02
-5.552216147271e+00,8.759100486369e+00,3.573424304984e-02
-5.552196226552e+00,3.816671763499e+00,9.222213303409e-02
-5.552136232975e+00,3.051838285642e+00,9.271771774423e-02
-5.552107089366e+00,6.115117434493e+00,8.892909947558e-02
-5.552080182938e+00,5.156034171134e+00,9.079763149134e-02
-5.551783016739e+00,7.306145714670e+00,8.377698007326e-02
-5.551666466795e+00,6.387997627951e+00,8.814993901905e-02
-5.551654591423e+00,7.535403366677e+00,8.189713230048e-02
-5.551573093407e+00,4.695757800558e+00,9.139510986732e-02
-5.551322373155e+00,8.668947816816e+00,4.691325911695e-02
-5.550734059096e+00,3.470066904483e+00,9.246932139773e-02
-5.550624803165e+00,4.266472031001e+00,9.184275069752e-02
-5.550237709155e+00,1.056430192447e+00,9.339565424456e-02
-5.550226982329e+00,8.242007737923e+00,7.018636045855e-02
-5.550157351695e+00,4.128605561135e+00,9.196862864815e-02
-5.550110576628e+00,1.741317012205e+00,9.324627818295e-02
-5.549930321135e+00,3.903943684664e+00,9.215692801321e-02
-5.549767373442e+00,6.165168688066e+00,8.880318983759e-02
-5.549687555142e+00,8.579016270028e+00,5.468809616103e-02
-5.549581843936e+00,2.564172178204e+00,9.295747300611e-02
-5.549458293947e+00,5.780107084448e+00,8.971425895446e-02
-5.549382495550e+00,1.934447279827e+00,9.319037997240e-02
-5.549379685160e+00,5.207511068436e+00,9.072616778309e-02
-5.549001491618e+00,5.427445578848e+00,9.037706965505e-02
-5.548885664430e+00,3.174968650984e+00,9.265241517198e-02
-5.548850827352e+00,6.622912387484e+00,8.734838373012e-02
-5.548845633446e+00,4.645042372549e+00,9.145660686643e-02
-5.548750639646e+00,1.320915837420e+00,9.334844149757e-02
-5.548288324927e+00,1.549343691890e+00,9.329773767770e-02
-5.548227847960e+00,6.946002639491e+00,8.594846554346e-02
-5.548167905878e+00,7.084086154303e+00,8.521350665023e-02
-5.547971075719e+00,6.441604461757e+00,8.798870904385e-02
-5.547883503928e+00,4.404941099698e+00,9.171232135628e-02
-5.547841744505e+00,3.384126460434e+00,9.252777203029e-02
-5.547779393187e+00,7.451938841034e+00,8.266724270893e-02
-5.547313841615e+00,8.489310934018e+00,6.040699671512e-02
-5.547175159890e+00,6.215905137251e+00,8.867154301711e-02
-5.547168130899e+00,7.996491971911e+00,7.591286830495e-02
-5.546818139706e+00,7.840549284636e+00,7.842260045242e-02
-5.546812216608e+00,6.811046178858e+00,8.658751365721e-02
-5.546653400028e+00,2.285749903749e+00,9.307267964210e-02
-5.546586569136e+00,7.225231841740e+00,8.436032400797e-02
-5.546570937431e+00,3.991426645231e+00,9.209003700731e-02
-5.546111106781e+00,5.259036291956e+00,9.065370334123e-02
-5.546100737776e+00,1.094040763885e+00,9.339320916004e-02
-5.545954245633e+00,2.128634698529e+00,9.312999696673e-02
-5.545601518895e+00,4.594430049951e+00,9.151726233785e-02
-5.545361299128e+00,2.845158509281e+00,9.283183398812e-02
-5.545306257630e+00,2.443657146902e+00,9.301227884522e-02
-5.545249564458e+00,5.596528157760e+00,9.008429407623e-02
-5.545125185374e+00,7.685688513355e+00,8.040042301956e-02
-5.545019770514e+00,8.153186611906e+00,7.265379148995e-02
-5.544881982952e+00,2.967382924514e+00,9.277036348277e-02
-5.544491348295e+00,1.779183025588e+00,9.324100030955e-02
-5.544325448549e+00,6.267320612983e+00,8.853390464891e-02
-5.544324037380e+00,2.723448429656e+00,9.289122906029e-02
-5.544203412942e+00,8.399836881068e+00,6.478928789502e-02
-5.544068898785e+00,1.358620824580e+00,9.334490999997e-02
-5.543997674877e+00,6.495864358018e+00,8.781968328806e-02
-5.543981530705e+00,3.298505110458e+00,9.258496839331e-02
-5.543978542302e+00,5.714179998470e+00,8.986047427463e-02
-5.543967622693e+00,6.679281063874e+00,8.714771306142e-02
-5.543795999652e+00,4.216639365073e+00,9.189783012117e-02
-5.543513158372e+00,5.954869639666e+00,8.934289987128e-02
-5.543438812929e+00,7.369374239458e+00,8.335893932581e-02
-5.543302630260e+00,1.972374956256e+00,9.318427975288e-02
-5.543189571259e+00,5.479184509469e+00,9.029916965757e-02
-5.543110474729e+00,1.587131130316e+00,9.329326055140e-02
-5.542854998469e+00,5.898166267466e+00,8.947357992841e-02
-5.542836288290e+00,3.090083199624e+00,9.270661240313e-02
-5.542320464077e+00,4.354812220943e+00,9.176918777500e-02
-5.542270010354e+00,5.310604630208e+00,9.058022803599e-02
-5.542141680992e+00,7.600627348873e+00,8.133511529046e-02
-5.542098126107e+00,4.079101426171e+00,9.202173134713e-02
-5.542018988417e+00,3.681176040431e+00,9.233449247680e-02
-5.541936837769e+00,6.002629369574e+00,8.923404049298e-02
-5.541890994776e+00,1.131642686844e+00,9.339061054872e-02
-5.541845654498e+00,4.543925573693e+00,9.157708635752e-02
-5.541820832085e+00,2.602289900228e+00,9.294861817077e-02
-5.541706415972e+00,7.005804745868e+00,8.567084329557e-02
-5.541517693369e+00,3.767976250384e+00,9.227151316200e-02
-5.541481858119e+00,3.594635644003e+00,9.239607074286e-02
-5.541213276997e+00,6.319408914511e+00,8.839000928905e-02
-5.540971807053e+00,6.869459890519e+00,8.634624637570e-02
-5.540944139806e+00,7.145246306998e+00,8.489124261872e-02
-5.540358481314e+00,8.310599167579e+00,6.825379724900e-02
-5.540124170748e+00,6.051093549369e+00,8.912062474273e-02
-5.539957283563e+00,3.855017957497e+00,9.220721349568e-02
-5.539927266929e+00,3.508373028141e+00,9.245618028544e-02
-5.539882786438e+00,7.908365917501e+00,7.749138115469e-02
-5.539741459130e+00,6.550770987356e+00,8.764232815174e-02
-5.539679553637e+00,2.323773299283e+00,9.306507103323e-02
-5.539395095363e+00,2.166606214975e+00,9.312306594626e-02
-5.539324052058e+00,5.832077364307e+00,8.962617531331e-02
-5.539312595440e+00,1.396313707271e+00,9.334122307864e-02
-5.539175722584e+00,4.937839478592e+00,9.111816394979e-02
-5.539175277159e+00,3.213219616729e+00,9.264073867866e-02
-5.539084532799e+00,8.064616408354e+00,7.471631713788e-02
-5.538914020304e+00,4.988985611612e+00,9.105162937805e-02
-5.538893890081e+00,4.886768574378e+00,9.118378661485e-02
-5.538794142316e+00,1.817030949468e+00,9.323556311522e-02
-5.538786548554e+00,6.736276312826e+00,8.693643204159e-02
-5.538680416498e+00,7.516447312917e+00,8.216609241826e-02
-5.538639535611e+00,7.287719416691e+00,8.398243965214e-02
-5.538630403123e+00,8.828579721283e+00,2.509994193069e-02
-5.538377444466e+00,8.738278761224e+00,3.996728201749e-02
-5.538190850631e+00,7.752885283701e+00,7.966890623610e-02
-5.538138447666e+00,8.919092083866e+00,6.608629139651e-06
-5.538104137086e+00,5.040201963637e+00,9.098409074963e-02
-5.538073207981e+00,4.835777869648e+00,9.124850744118e-02
-5.538070040707e+00,6.100256110614e+00,8.900239206122e-02
-5.537903121661e+00,2.481718857570e+00,9.300398327360e-02
-5.537856343172e+00,1.624903304983e+00,9.328862600958e-02
-5.537851999287e+00,5.362210834449e+00,9.050554807853e-02
-5.537833720781e+00,6.372163809576e+00,8.823945933505e-02
-5.537608534205e+00,1.169235518054e+00,9.338785820758e-02
-5.537582981936e+00,4.493533643640e+00,9.163608911364e-02
-5.537418432785e+00,5.648380274830e+00,9.000219810335e-02
-5.537381658526e+00,8.648194320791e+00,4.979777046760e-02
-5.537376449075e+00,3.422405806256e+00,9.251503799410e-02
-5.537317350014e+00,3.942282500133e+00,9.214147257035e-02
-5.537171254256e+00,1.562500050003e-02,9.349254398028e-02
-5.537143194428e+00,2.010281600413e+00,9.317801702014e-02
-5.537012916253e+00,4.687500150008e-02,9.349251751199e-02
-5.536854578250e+00,7.812500250012e-02,9.349235174786e-02
-5.536786128701e+00,5.530943819623e+00,9.022017425170e-02
-5.536763312007e+00,2.883323167696e+00,9.282172038868e-02
-5.536741466149e+00,5.091483485989e+00,9.091529249739e-02
-5.536718400190e+00,4.784872295679e+00,9.131233666900e-02
-5.536696240247e+00,1.093750035002e-01,9.349204668168e-02
-5.536537902244e+00,1.406250045003e-01,9.349160230662e-02
-5.536492232144e+00,4.166948473880e+00,9.195202459882e-02
-5.536379564241e+00,1.718750055004e-01,9.349100998413e-02
-5.536268891525e+00,4.304812988616e+00,9.182528034131e-02
-5.536221226238e+00,2.031250065004e-01,9.349026502867e-02
-5.536107081598e+00,2.761578586828e+00,9.288166162827e-02
-5.536062888235e+00,2.343750075005e-01,9.348938065516e-02
-5.535904550232e+00,2.656250085005e-01,9.348835683791e-02
-5.535892504539e+00,3.005572023322e+00,9.275964335145e-02
-5.535781290641e+00,8.221602833883e+00,7.106093311913e-02
-5.535769368176e+00,6.150110952537e+00,8.887906184770e-02
-5.535746212230e+00,2.968750095005e-01,9.348716651113e-02
-5.535645164262e+00,8.558331501755e+00,5.677875870899e-02
-5.535587874227e+00,3.281250105004e-01,9.348582788072e-02
-5.535429536224e+00,3.593750115004e-01,9.348432780662e-02
-5.535271198221e+00,3.906250125003e-01,9.348268735528e-02
-5.535197662123e+00,6.606317989734e+00,8.745606050074e-02
-5.535112860218e+00,4.218750135002e-01,9.348090731699e-02
-5.534954522215e+00,4.531250145001e-01,9.347898764948e-02
-5.534862588852e+00,7.066198839548e+00,8.537634302709e-02
-5.534834229081e+00,4.734056743986e+00,9.137523023423e-02
-5.534821440285e+00,5.142825091526e+00,9.084552764609e-02
-5.534818853907e+00,6.928479721299e+00,8.609118252486e-02
-5.534796184212e+00,4.843750155000e-01,9.347691668876e-02
-5.534747960806e+00,7.433158340834e+00,8.290958038901e-02
-5.534696646502e+00,5.766096798812e+00,8.977457800737e-02
-5.534481804731e+00,1.433994031517e+00,9.333738046917e-02
-5.534478876018e+00,5.156250165000e-01,9.347483657813e-02
-5.534181893558e+00,6.425579034675e+00,8.808182301264e-02
-5.534002597634e+00,5.468750175001e-01,9.347275925877e-02
-5.533974220036e+00,2.640375803078e+00,9.293959086238e-02
-5.533850902826e+00,3.336751234663e+00,9.257265788096e-02
-5.533577769749e+00,4.029750875105e+00,9.207411505266e-02
-5.533526319250e+00,5.781250185002e-01,9.347049286782e-02
-5.533445093987e+00,3.128286375229e+00,9.269532534141e-02
-5.533388306310e+00,7.206984184730e+00,8.454804080766e-02
-5.533302960338e+00,6.793891679885e+00,8.671373407034e-02
-5.533253412801e+00,1.206818814682e+00,9.338495192435e-02
-5.533217111042e+00,6.200651942214e+00,8.875011522287e-02
-5.533170112484e+00,8.468695390483e+00,6.199124687669e-02
-5.533050040866e+00,6.093750195002e-01,9.346810294766e-02
-5.533019070348e+00,1.854860309106e+00,9.322996625628e-02
-5.532852718001e+00,5.413849619136e+00,9.042953370458e-02
-5.532818479385e+00,4.443258918483e+00,9.169414412183e-02
-5.532754890597e+00,2.204553643058e+00,9.311597002443e-02
-5.532623118613e+00,2.361769943738e+00,9.305729550702e-02
-5.532573762481e+00,6.406250205003e-01,9.346557453515e-02
-5.532526024659e+00,1.662659751457e+00,9.328383374104e-02
-5.532425495143e+00,4.683336066097e+00,9.143698296972e-02
-5.532423605448e+00,7.976302119821e+00,7.646571314829e-02
-5.532339532076e+00,5.194221655035e+00,9.077478576862e-02
-5.532267967417e+00,7.666384466630e+00,8.072552064700e-02
-5.532097484097e+00,6.718750215004e-01,9.346290765954e-02
-5.531876161781e+00,7.820505229009e+00,7.885676779802e-02
-5.531621205713e+00,7.031250225005e-01,9.346010235986e-02
-5.531144927329e+00,7.343750235005e-01,9.345708652696e-02
-5.530904317688e+00,2.048166727846e+00,9.317159136323e-02
-5.530668648944e+00,7.656250245005e-01,9.345393102342e-02
-5.530474116739e+00,8.132852903844e+00,7.338111633920e-02
-5.530415945834e+00,2.519751065766e+00,9.299551877230e-02
-5.530409995144e+00,3.719459848919e+00,9.232022730952e-02
-5.530408264696e+00,6.251872914823e+00,8.861537670394e-02
-5.530361556356e+00,6.662498974780e+00,8.726024179466e-02
-5.530350943545e+00,7.350770325797e+00,8.357816264171e-02
-5.530252947162e+00,6.479648295381e+00,8.791663061961e-02
-5.530229004820e+00,3.632908252187e+00,9.238232255870e-02
-5.530192370560e+00,7.968750255004e-01,9.345063642237e-02
-5.529958685982e+00,8.379291057601e+00,6.603084922033e-02
-5.529786942767e+00,5.582718104662e+00,9.014007317517e-02
-5.529733899843e+00,4.254947904769e+00,9.188060892785e-02
-5.529716092176e+00,8.281250265002e-01,9.344720275615e-02
-5.529576604548e+00,1.471661343760e+00,9.333338189876e-02
-5.529546093449e+00,3.806264386731e+00,9.225682305026e-02
-5.529497036572e+00,4.632715073395e+00,9.149789536019e-02
-5.529372385220e+00,3.251426208202e+00,9.262887895334e-02
-5.529364501846e+00,5.940603220842e+00,8.940821237777e-02
-5.529291254397e+00,5.245668013277e+00,9.070305665775e-02
-5.529239813792e+00,8.593750275002e-01,9.344363006845e-02
-5.529225579154e+00,7.581496778342e+00,8.162477977268e-02
-5.529023977135e+00,3.546627690866e+00,9.244284913921e-02
-5.528981605540e+00,5.700234900243e+00,8.991893493810e-02
-5.528825689992e+00,1.244392134291e+00,9.338189147763e-02
-5.528763535408e+00,8.906250285002e-01,9.343991841478e-02
-5.528718710829e+00,4.117403742309e+00,9.200536687592e-02
-5.528568775692e+00,5.884030326765e+00,8.953685160497e-02
-5.528348835927e+00,6.988099124576e+00,8.582117492644e-02
-5.528287257023e+00,9.218750295001e-01,9.343601424298e-02
-5.528077002682e+00,2.921450636465e+00,9.281143052277e-02
-5.527824459083e+00,5.988163708344e+00,8.930147823357e-02
-5.527810978639e+00,9.531250305001e-01,9.343194693357e-02
-5.527803232547e+00,2.799674011556e+00,9.287191954208e-02
-5.527691930096e+00,7.127178312364e+00,8.506346132638e-02
-5.527616722285e+00,3.893303423564e+00,9.219209690634e-02
-5.527557161300e+00,4.393106015329e+00,9.175125908885e-02
-5.527512252699e+00,6.852120681096e+00,8.647872916685e-02
-5.527337862251e+00,6.303767673838e+00,8.847456102560e-02
-5.527334700255e+00,9.843750315000e-01,9.342773978608e-02
-5.527267852439e+00,5.465515661971e+00,9.035244940255e-02
-5.527166246938e+00,1.892670630455e+00,9.322420807405e-02
-5.527119616436e+00,1.700400005824e+00,9.327888342730e-02
-5.526816038546e+00,3.460635907535e+00,9.250211482359e-02
-5.526813336552e+00,3.043721411565e+00,9.274874270087e-02
-5.526053729039e+00,4.582198536735e+00,9.155797721462e-02
-5.526048996147e+00,6.036429585018e+00,8.919030655211e-02
-5.526042203226e+00,2.678429365850e+00,9.293039059809e-02
-5.526042071914e+00,6.534365266456e+00,8.774337026790e-02
-5.526033779596e+00,2.242476489405e+00,9.310870877086e-02
-5.526013099363e+00,8.290123557839e+00,6.925273272567e-02
-5.525706241572e+00,7.497491259157e+00,8.242602032462e-02
-5.525672160819e+00,5.297158965164e+00,9.063033034395e-02
-5.525496054484e+00,7.269293118713e+00,8.418189351710e-02
-5.525484259479e+00,2.399739334404e+00,9.304935262780e-02
-5.525228453410e+00,6.719307521973e+00,8.705417136516e-02
-5.525091498784e+00,1.018728029069e+00,9.342450575475e-02
-5.525039356167e+00,7.888248721950e+00,7.796798056952e-02
-5.524894045276e+00,8.807690267281e+00,3.083529619565e-02
-5.524799312473e+00,5.818003461235e+00,8.968746987540e-02
-5.524601586776e+00,3.980558173731e+00,9.212578939311e-02
-5.524597075552e+00,1.509315190862e+00,9.332922708631e-02
-5.524586132619e+00,2.086029854905e+00,9.316500236612e-02
-5.524538741660e+00,8.717457036079e+00,4.366141689788e-02
-5.524504765464e+00,8.898135402894e+00,1.008817229353e-02
-5.524439266973e+00,8.044354384850e+00,7.533056058347e-02
-5.524325427914e+00,1.281955034720e+00,9.337867663699e-02
-5.524032992048e+00,6.085394786736e+00,8.907444577413e-02
-5.524000974767e+00,6.356329991201e+00,8.832728570518e-02
-5.523962906052e+00,3.166447257298e+00,9.268385612033e-02
-5.523626581849e+00,3.374950289054e+00,9.256014011533e-02
-5.523440943896e+00,8.627440824767e+00,5.237375859524e-02
-5.523150684570e+00,7.732914849640e+00,8.004906234007e-02
-5.522844911439e+00,2.557753260058e+00,9.298687167558e-02
-5.522720637690e+00,4.205221428813e+00,9.193518346607e-02
-5.522187834783e+00,5.634501924099e+00,9.005885647017e-02
-5.522100485482e+00,4.531791186025e+00,9.161723846892e-02
-5.521804078175e+00,4.343079509316e+00,9.180760054231e-02
-5.521771362911e+00,6.135053217007e+00,8.895362516462e-02
-5.521716528425e+00,7.414377840634e+00,8.314419034139e-02
-5.521637218562e+00,1.738123604830e+00,9.327377474284e-02
-5.521602773381e+00,8.537646733482e+00,5.867658929920e-02
-5.521557271825e+00,7.048311524794e+00,8.553494645830e-02
-5.521544496894e+00,6.589723591983e+00,8.756148304390e-02
-5.521477845709e+00,5.348689272299e+00,9.055647306613e-02
-5.521409859853e+00,6.910956803106e+00,8.623043296016e-02
-5.521335598953e+00,8.201197929842e+00,7.188182992757e-02
-5.521235789519e+00,1.930461440161e+00,9.321828212865e-02
-5.521093130286e+00,5.517203604290e+00,9.027428480157e-02
-5.521059910277e+00,4.924966209476e+00,9.116263786624e-02
-5.521046070991e+00,1.056180154418e+00,9.342221876268e-02
-5.521009864544e+00,4.976026239694e+00,9.109675295374e-02
-5.520568176287e+00,4.873982823785e+00,9.122762289466e-02
-5.520480680065e+00,4.068009511846e+00,9.205798993756e-02
-5.520413384277e+00,5.027157915302e+00,9.102994913938e-02
-5.520392711396e+00,6.409553607592e+00,8.817313570630e-02
-5.520190043485e+00,7.188736527720e+00,8.473051211216e-02
-5.519934999056e+00,5.752086513175e+00,8.983397693656e-02
-5.519793704068e+00,6.776737180912e+00,8.683707869816e-02
-5.519752691388e+00,1.319507074237e+00,9.337530716307e-02
-5.519543301165e+00,1.546955120205e+00,9.332491574263e-02
-5.519539356354e+00,4.823081042578e+00,9.129171796164e-02
-5.519477260675e+00,3.289587862647e+00,9.261683561997e-02
-5.519412703431e+00,2.837734175124e+00,9.286200234319e-02
-5.519410749461e+00,7.647080419906e+00,8.103844395574e-02
-5.519302599392e+00,2.959540378125e+00,9.280096396390e-02
-5.519265853971e+00,5.078356198238e+00,9.096183266815e-02
-5.519259062193e+00,6.185398747176e+00,8.882730530269e-02
-5.519231913628e+00,2.280374261548e+00,9.310128175239e-02
-5.519026383353e+00,8.448079846947e+00,6.344703139504e-02
-5.518878640578e+00,3.671126547238e+00,9.236828482975e-02
-5.518702203528e+00,3.757687039053e+00,9.230576592802e-02
-5.518263143810e+00,2.437680969621e+00,9.304124195951e-02
-5.518188774698e+00,2.123870498933e+00,9.315824960802e-02
-5.518024980237e+00,2.716450068908e+00,9.292101689863e-02
-5.518024504995e+00,3.584830305771e+00,9.242932767932e-02
-5.517978182911e+00,4.772265786361e+00,9.135493316055e-02
-5.517679079996e+00,7.956112267732e+00,7.699123817465e-02
-5.517644722579e+00,3.081830543578e+00,9.273766105789e-02
-5.517642255710e+00,4.481497710054e+00,9.167568916963e-02
-5.517562697633e+00,5.129616011919e+00,9.089276249614e-02
-5.517474449793e+00,3.844493560202e+00,9.224193616044e-02
-5.517263074162e+00,7.332166412136e+00,8.379053009489e-02
-5.516934183857e+00,7.800461173383e+00,7.927180107594e-02
-5.516930060948e+00,1.093624327237e+00,9.341977872747e-02
-5.516755490019e+00,6.645716885687e+00,8.737035749197e-02
-5.516703944384e+00,5.400253659424e+00,9.048124355805e-02
-5.516508219448e+00,6.463432232744e+00,8.801165989493e-02
-5.516491080843e+00,6.236425216663e+00,8.869538546204e-02
-5.516309477316e+00,7.562366207811e+00,8.190434595817e-02
-5.516160814712e+00,3.498816185681e+00,9.248900216708e-02
-5.516078933901e+00,1.775830085902e+00,9.326850735530e-02
-5.515928462963e+00,8.112519195783e+00,7.406752104107e-02
-5.515889426791e+00,4.721541935829e+00,9.141714599808e-02
-5.515713959021e+00,8.358745234133e+00,6.718257147645e-02
-5.515564316129e+00,4.293183933473e+00,9.186317814781e-02
-5.515299378993e+00,5.180932241635e+00,9.082272835436e-02
-5.515234288474e+00,4.155637977242e+00,9.198879927799e-02
-5.515227818402e+00,1.968232265630e+00,9.321219436864e-02
-5.515215845320e+00,5.926336802018e+00,8.947249263584e-02
-5.515190202895e+00,2.595724930090e+00,9.297803532175e-02
-5.515174914587e+00,3.931527543722e+00,9.217676401163e-02
-5.515107547927e+00,1.357047811521e+00,9.337178280767e-02
-5.514991255881e+00,6.970393503284e+00,8.596775389873e-02
-5.514439720387e+00,7.109110317728e+00,8.523107123182e-02
-5.514415367555e+00,1.584580679730e+00,9.332044757058e-02
-5.514389983821e+00,3.204565292286e+00,9.267220431799e-02
-5.514324321075e+00,5.568908051564e+00,9.019502981769e-02
-5.514282552916e+00,5.869894386064e+00,8.959913947230e-02
-5.514052698346e+00,6.834781471673e+00,8.660811454347e-02
-5.513984668777e+00,5.686289802016e+00,8.997651449969e-02
-5.513712080397e+00,5.973698047113e+00,8.936782945093e-02
-5.513462447505e+00,6.288126433165e+00,8.855756166052e-02
-5.513308856261e+00,3.413101703728e+00,9.254743385079e-02
-5.513277896878e+00,4.670914331637e+00,9.147831433631e-02
-5.512743518410e+00,1.131060117684e+00,9.341718545426e-02
-5.512732066647e+00,7.478535205397e+00,8.267735943038e-02
-5.512684025957e+00,4.431322756388e+00,9.173312170098e-02
-5.512471402012e+00,5.232299734598e+00,9.075172019244e-02
-5.512352573357e+00,7.250866820734e+00,8.437559822262e-02
-5.512349446937e+00,2.318246468012e+00,9.309368853363e-02
-5.512342684699e+00,6.517959545557e+00,8.784236702680e-02
-5.511973821546e+00,6.021765620667e+00,8.925884357136e-02
-5.511783417987e+00,4.018770080421e+00,9.210990325288e-02
-5.511712382355e+00,2.161688178043e+00,9.315133266388e-02
-5.511670358266e+00,6.702338731120e+00,8.716932330867e-02
-5.511667717412e+00,8.269647948098e+00,7.018639956366e-02
-5.511346133620e+00,5.451846814472e+00,9.040495872559e-02
-5.511157687429e+00,8.786800813279e+00,3.573429540334e-02
-5.510959942221e+00,2.475594348787e+00,9.303296306647e-02
-5.510935710643e+00,2.875758550195e+00,9.285190958089e-02
-5.510871083262e+00,8.877178721922e+00,1.829431967255e-02
-5.510700038855e+00,8.696635310934e+00,4.691331412754e-02
-5.510444868148e+00,1.813518987034e+00,9.326308092579e-02
-5.510440333633e+00,2.997591856646e+00,9.279030826974e-02
-5.510390067728e+00,1.394576805664e+00,9.336810331390e-02
-5.510274572888e+00,5.803929558163e+00,8.974782425662e-02
-5.510195925896e+00,7.868131526398e+00,7.842262667816e-02
-5.510168228754e+00,6.340496172827e+00,8.841346584065e-02
-5.510148439697e+00,4.620387774240e+00,9.153865323545e-02
-5.509995943389e+00,6.070533462857e+00,8.914529206208e-02
-5.509922752836e+00,2.754437393771e+00,9.291146928928e-02
-5.509794001147e+00,8.024092361347e+00,7.591289892459e-02
-5.509500229267e+00,8.606687328743e+00,5.468814915542e-02
-5.509490179030e+00,3.327704018940e+00,9.260460832490e-02
-5.509231837469e+00,7.713191393322e+00,8.040122287608e-02
-5.509213363637e+00,1.622191417923e+00,9.331582226529e-02
-5.509142456758e+00,2.005982635051e+00,9.320594438722e-02
-5.509074311284e+00,5.283713300121e+00,9.067972819657e-02
-5.508842996522e+00,4.243423778538e+00,9.191800164259e-02
-5.508685096045e+00,7.395597340435e+00,8.337137281206e-02
-5.508486495765e+00,1.168487096129e+00,9.341443873892e-02
-5.508386909543e+00,3.119898875155e+00,9.272639796283e-02
-5.508251954799e+00,7.030424210039e+00,8.568947833547e-02
-5.508000865800e+00,6.893433884913e+00,8.636634063987e-02
-5.507891331665e+00,6.573129194232e+00,8.766472119230e-02
-5.507773357645e+00,6.119995481478e+00,8.902691363447e-02
-5.507632263988e+00,1.562500050003e-02,9.351885016689e-02
-5.507560382500e+00,8.516961965208e+00,6.040704619816e-02
-5.507478952588e+00,4.687500150008e-02,9.351881894506e-02
-5.507452007736e+00,2.633665566606e+00,9.296902678364e-02
-5.507431098103e+00,3.709289936079e+00,9.235405136931e-02
-5.507325641188e+00,7.812500250012e-02,9.351864866923e-02
-5.507280069963e+00,4.106201923483e+00,9.204166170830e-02
-5.507230818672e+00,4.381270930961e+00,9.178971165374e-02
-5.507172329789e+00,1.093750035002e-01,9.351833933261e-02
-5.507019018389e+00,1.406250045003e-01,9.351789092736e-02
-5.506991780659e+00,7.170488870710e+00,8.490795242309e-02
-5.506957236780e+00,5.620623573368e+00,9.011467467087e-02
-5.506929169379e+00,3.622980287857e+00,9.241561566133e-02
-5.506895960345e+00,3.795857009962e+00,9.229110812259e-02
-5.506889907264e+00,8.180793025801e+00,7.265382728978e-02
-5.506865706989e+00,1.718750055004e-01,9.351729990027e-02
-5.506712395590e+00,2.031250065004e-01,9.351655271716e-02
-5.506603529234e+00,6.393528180509e+00,8.826269891983e-02
-5.506559084190e+00,2.343750075005e-01,9.351566635294e-02
-5.506553531505e+00,7.627776373181e+00,8.134002675457e-02
-5.506505939183e+00,4.569967023519e+00,9.159817236934e-02
-5.506405772790e+00,2.656250085005e-01,9.351464077973e-02
-5.506284447798e+00,6.759582681939e+00,8.695764411261e-02
-5.506252461390e+00,2.968750095005e-01,9.351344916239e-02
-5.506099149991e+00,3.281250105004e-01,9.351210953747e-02
-5.505945838591e+00,3.593750115004e-01,9.351061953145e-02
-5.505792527191e+00,3.906250125003e-01,9.350897986740e-02
-5.505639215792e+00,4.218750135002e-01,9.350720082688e-02
-5.505600323668e+00,1.432093616241e+00,9.336426841628e-02
-5.505485904392e+00,4.531250145001e-01,9.350528236322e-02
-5.505411082894e+00,3.536946063945e+00,9.247569970298e-02
-5.505400131872e+00,5.503463388958e+00,9.032760837150e-02
-5.505386536771e+00,2.356092618230e+00,9.308592867748e-02
-5.505332592992e+00,4.843750155000e-01,9.350322442977e-02
-5.505303123435e+00,3.882663162464e+00,9.222685239013e-02
-5.505301013345e+00,6.170145552139e+00,8.890314963585e-02
-5.505173351611e+00,5.738076227539e+00,8.989247708535e-02
-5.505157096970e+00,2.199482411145e+00,9.314425110480e-02
-5.505103692131e+00,5.335167710149e+00,9.060667608638e-02
-5.505025358075e+00,5.156250165000e-01,9.350114399121e-02
-5.504882654221e+00,8.427464303412e+00,6.478933352046e-02
-5.504735129814e+00,1.851189846861e+00,9.325749510916e-02
-5.504726589990e+00,3.242639928261e+00,9.266036953096e-02
-5.504564199639e+00,5.468750175001e-01,9.349905811553e-02
-5.504175204779e+00,7.313562498475e+00,8.399657757680e-02
-5.504159048005e+00,1.205904833363e+00,9.341153836812e-02
-5.504103041204e+00,5.781250185002e-01,9.349679125138e-02
-5.503937381082e+00,1.659786883813e+00,9.331103951435e-02
-5.503641882768e+00,6.093750195002e-01,9.349439201337e-02
-5.503574828365e+00,2.513478972379e+00,9.302451551401e-02
-5.503393375479e+00,7.543235637280e+00,8.217432810232e-02
-5.503180724333e+00,6.406250205003e-01,9.349185417648e-02
-5.503149423681e+00,6.628934796593e+00,8.747813663109e-02
-5.503105708784e+00,4.963066867776e+00,9.114127189809e-02
-5.502979830669e+00,2.043712077248e+00,9.319953177203e-02
-5.502944097970e+00,4.912092940361e+00,9.120651962049e-02
-5.502934554545e+00,7.935922415643e+00,7.749140923307e-02
-5.502898017995e+00,3.451204910588e+00,9.253453869990e-02
-5.502763491734e+00,6.447216170107e+00,8.810482744502e-02
-5.502722631469e+00,5.014113866967e+00,9.107512647343e-02
-5.502719565897e+00,6.718750215004e-01,9.348917776066e-02
-5.502632236120e+00,3.969689702231e+00,9.216111631687e-02
-5.502573896990e+00,6.220977518503e+00,8.877397018893e-02
-5.502372473820e+00,2.913746610672e+00,9.284164081347e-02
-5.502355316466e+00,4.519656798356e+00,9.165688153702e-02
-5.502258407462e+00,7.031250225005e-01,9.348636279494e-02
-5.502242462493e+00,4.861197073191e+00,9.127087923490e-02
-5.501992205932e+00,7.780417117756e+00,7.966893031462e-02
-5.501797249026e+00,7.343750235005e-01,9.348338361118e-02
-5.501790241794e+00,5.065228910487e+00,9.100773928337e-02
-5.501735725979e+00,2.792390823116e+00,9.290174730084e-02
-5.501645275728e+00,4.193803492553e+00,9.197202875560e-02
-5.501633675835e+00,6.952687881992e+00,8.611071779779e-02
-5.501490440129e+00,3.035604537489e+00,9.277943082531e-02
-5.501469232061e+00,8.338199410666e+00,6.825383910565e-02
-5.501382809188e+00,8.092185487722e+00,7.471634992695e-02
-5.501336090591e+00,7.656250245005e-01,9.348022161601e-02
-5.501287692273e+00,4.331346797688e+00,9.184553803070e-02
-5.501187510678e+00,7.091042323094e+00,8.539425306729e-02
-5.501067188794e+00,5.912070383194e+00,8.953576529250e-02
-5.501005504727e+00,4.810384215507e+00,9.133436052229e-02
-5.500874932155e+00,7.968750255004e-01,9.347692038368e-02
-5.500738391311e+00,1.469597803233e+00,9.336027784092e-02
-5.500593143992e+00,6.817442262250e+00,8.673450912848e-02
-5.500555170767e+00,5.386657699711e+00,9.053221595757e-02
-5.500413773720e+00,8.281250265003e-01,9.347347993464e-02
-5.500303954980e+00,5.116406932311e+00,9.093935032467e-02
-5.499996330139e+00,5.855758445363e+00,8.966046669060e-02
-5.499952615284e+00,8.593750275002e-01,9.346990029989e-02
-5.499761232730e+00,1.243312900563e+00,9.340848411941e-02
-5.499757891721e+00,7.459579151638e+00,8.292052473081e-02
-5.499630516577e+00,2.671574661565e+00,9.295984557521e-02
-5.499599701711e+00,5.959232385882e+00,8.943312054614e-02
-5.499587032759e+00,6.272485192491e+00,8.863905364247e-02
-5.499491456849e+00,8.906250285002e-01,9.346618152148e-02
-5.499411419193e+00,3.365774117674e+00,9.259214626773e-02
-5.499237965632e+00,4.759659277043e+00,9.139697343279e-02
-5.499209092230e+00,7.232440522755e+00,8.456379604788e-02
-5.499040147673e+00,3.157925863611e+00,9.271495297103e-02
-5.499030298413e+00,9.218750295001e-01,9.346232365294e-02
-5.498987732014e+00,5.672344703790e+00,9.003320990151e-02
-5.498949830218e+00,1.888842204688e+00,9.325174955431e-02
-5.498863234023e+00,4.056917597521e+00,9.209381411827e-02
-5.498861699383e+00,5.555097998466e+00,9.024918258473e-02
-5.498643297484e+00,6.501553824658e+00,8.793937980932e-02
-5.498587514316e+00,1.697366626933e+00,9.330609899803e-02
-5.498569139977e+00,9.531250305001e-01,9.345825666226e-02
-5.498523062851e+00,2.237252718026e+00,9.313700449848e-02
-5.498343343382e+00,2.393912222549e+00,9.307800174576e-02
-5.498259225909e+00,5.167642828234e+00,9.087001017867e-02
-5.498112263122e+00,6.685369940267e+00,8.728197181271e-02
-5.498107981542e+00,9.843750315000e-01,9.345404538359e-02
-5.497898646945e+00,6.007101656316e+00,8.932626411759e-02
-5.497701529483e+00,4.469461776468e+00,9.171477617266e-02
-5.497421329582e+00,8.765911359277e+00,3.996733659099e-02
-5.497322335461e+00,8.249172338358e+00,7.106097145463e-02
-5.497237401061e+00,8.856222040950e+00,2.509998603356e-02
-5.496944624502e+00,4.709027127673e+00,9.145852019058e-02
-5.496861336049e+00,8.675813585789e+00,4.979782555950e-02
-5.496740069083e+00,2.081420121821e+00,9.319295610553e-02
-5.496434309330e+00,7.693714914748e+00,8.072778874323e-02
-5.496335482740e+00,6.324662354452e+00,8.849804570688e-02
-5.496307488826e+00,8.946740503192e+00,6.608629179063e-06
-5.496107978943e+00,2.551334341912e+00,9.301589886925e-02
-5.495958894730e+00,6.055672138978e+00,8.921496133860e-02
-5.495886713687e+00,3.747397827722e+00,9.233962191430e-02
-5.495881139991e+00,1.018644642120e+00,9.345081111674e-02
-5.495804348913e+00,1.507088927028e+00,9.335613130563e-02
-5.495749833303e+00,5.789855655091e+00,8.980726034992e-02
-5.495738292738e+00,3.661077054045e+00,9.240168859327e-02
-5.495653663664e+00,7.376816840235e+00,8.359102267095e-02
-5.495651549628e+00,5.218931455919e+00,9.079970894758e-02
-5.495559514637e+00,8.585933832718e+00,5.677881106680e-02
-5.495424414801e+00,5.438177966973e+00,9.045671479157e-02
-5.495352495624e+00,7.848014330847e+00,7.885679357142e-02
-5.495293110162e+00,1.280710869174e+00,9.340527576131e-02
-5.495148735321e+00,8.003830337843e+00,7.646574320603e-02
-5.494991616023e+00,3.833969162907e+00,9.227625372946e-02
-5.494972990644e+00,3.280670614835e+00,9.264835137607e-02
-5.494946637772e+00,7.012536895284e+00,8.584009202691e-02
-5.494859740734e+00,4.281554878330e+00,9.190061036645e-02
-5.494591871746e+00,6.875910966721e+00,8.649902359075e-02
-5.494567151870e+00,3.575024967539e+00,9.246220714210e-02
-5.494238166437e+00,6.556534796482e+00,8.776584196234e-02
-5.494130298614e+00,4.658492597176e+00,9.151911520140e-02
-5.493976344804e+00,4.144327480603e+00,9.202513047918e-02
-5.493793517833e+00,7.152241213700e+00,8.508056481061e-02
-5.493775352379e+00,6.104937745949e+00,8.909893722466e-02
-5.493723215832e+00,2.951697831736e+00,9.283119560938e-02
-5.493696313549e+00,7.608472326457e+00,8.163086890741e-02
-5.493517991619e+00,8.496277196935e+00,6.199129550871e-02
-5.493464107734e+00,2.830309840967e+00,9.289185047065e-02
-5.493163860497e+00,1.734930197455e+00,9.330100038951e-02
-5.493089083488e+00,1.926475600496e+00,9.324584390451e-02
-5.493032479161e+00,3.920772587311e+00,9.221157168981e-02
-5.492814347073e+00,6.377502753427e+00,8.835056251240e-02
-5.492775191528e+00,6.742428182965e+00,8.707552265908e-02
-5.492549572528e+00,4.419386594294e+00,9.177161412072e-02
-5.492476461749e+00,5.270267635078e+00,9.072843696889e-02
-5.492453156869e+00,3.073577887532e+00,9.276837266394e-02
-5.492444215576e+00,8.160388121760e+00,7.338115144728e-02
-5.492394362496e+00,3.489259343222e+00,9.252145430265e-02
-5.491854432828e+00,1.055930116388e+00,9.344852882359e-02
-5.491810427229e+00,2.274998619347e+00,9.312959240978e-02
-5.491726638777e+00,5.606745222637e+00,9.016967175755e-02
-5.491725923094e+00,2.709451708160e+00,9.295049121383e-02
-5.491342964497e+00,6.154892357101e+00,8.897768336011e-02
-5.491220029991e+00,2.431704792341e+00,9.306990729983e-02
-5.491087335396e+00,7.294958584814e+00,8.419657979504e-02
-5.490799842823e+00,4.608060475085e+00,9.157889146121e-02
-5.490798277404e+00,1.544566548521e+00,9.335182852011e-02
-5.490754743131e+00,1.318098311054e+00,9.340191305341e-02
-5.490738925090e+00,8.406848759876e+00,6.603089397139e-02
-5.490477273641e+00,7.524105066749e+00,8.243520629497e-02
-5.490423303763e+00,2.119106299338e+00,9.318621696542e-02
-5.490411704166e+00,5.724065941902e+00,8.995009915906e-02
-5.489989066225e+00,4.007789285736e+00,9.214526584751e-02
-5.489707133457e+00,5.489723173625e+00,9.038016255962e-02
-5.489604690482e+00,3.195910967842e+00,9.270332565433e-02
-5.489543357343e+00,6.612152707499e+00,8.758365253315e-02
-5.489241263446e+00,3.403797601201e+00,9.257946756250e-02
-5.489018764019e+00,6.431000107470e+00,8.819618744953e-02
-5.488729538553e+00,5.321646147999e+00,9.065617300696e-02
-5.488656713137e+00,6.205529820343e+00,8.885116878351e-02
-5.488559573704e+00,2.589159959952e+00,9.300711270191e-02
-5.488276095789e+00,6.934982260700e+00,8.625019763174e-02
-5.488190029094e+00,7.915732563553e+00,7.796800815116e-02
-5.487952093200e+00,4.231899652306e+00,9.195493826561e-02
-5.487935300969e+00,7.072974328459e+00,8.555317832558e-02
-5.487759384120e+00,1.093207890588e+00,9.344609377289e-02
-5.487666519508e+00,1.772477146216e+00,9.329574335512e-02
-5.487224505100e+00,8.317653587198e+00,6.925277375724e-02
-5.487153006544e+00,1.964089575003e+00,9.323977779770e-02
-5.487133589638e+00,6.800103052826e+00,8.685801476046e-02
-5.487050228007e+00,7.760373062129e+00,8.004908601993e-02
-5.486958149327e+00,4.557735510303e+00,9.163785851175e-02
-5.486918532267e+00,5.897803964370e+00,8.959805423425e-02
-5.486904476044e+00,4.369435846594e+00,9.182768891241e-02
-5.486837155413e+00,8.071851779661e+00,7.533059275709e-02
-5.486783716796e+00,7.440623097878e+00,8.315590504133e-02
-5.486146197068e+00,1.355474798463e+00,9.339839574651e-02
-5.486065611102e+00,7.214014224777e+00,8.474671597119e-02
-5.485841429098e+00,4.095000104657e+00,9.207752202130e-02
-5.485720260380e+00,1.582030229143e+00,9.334736918610e-02
-5.485711618013e+00,6.256843951818e+00,8.871907791227e-02
-5.485710107363e+00,5.841622504662e+00,8.972085571609e-02
-5.485487323025e+00,5.944766724651e+00,8.949737709062e-02
-5.485201553025e+00,4.950107495858e+00,9.118519899936e-02
-5.485129455235e+00,3.318656803217e+00,9.263614949219e-02
-5.485108109279e+00,2.868193932695e+00,9.288177834365e-02
-5.485031878660e+00,5.001069818633e+00,9.111969027356e-02
-5.485019340237e+00,2.312719636740e+00,9.312201440116e-02
-5.484988162726e+00,2.989611689970e+00,9.282057354854e-02
-5.484943910268e+00,6.485148103759e+00,8.803446759994e-02
-5.484828285662e+00,4.899219671245e+00,9.124982169604e-02
-5.484554167978e+00,6.668401149414e+00,8.739219727036e-02
-5.484452201062e+00,3.699120023239e+00,9.238748664523e-02
-5.484406397150e+00,5.373061739999e+00,9.058246716953e-02
-5.484314629617e+00,5.052101622736e+00,9.105302589804e-02
-5.484245827241e+00,3.785449633194e+00,9.232499624407e-02
-5.484029669348e+00,2.156770141111e+00,9.317931392501e-02
-5.484016762781e+00,2.469469840005e+00,9.306164490122e-02
-5.483990795252e+00,5.658399605563e+00,9.008906660217e-02
-5.483916748699e+00,4.848411322598e+00,9.131356782137e-02
-5.483823472344e+00,5.992437691965e+00,8.939259560142e-02
-5.483738424074e+00,2.747296200713e+00,9.294096322125e-02
-5.483684971735e+00,8.745021905275e+00,4.366147271850e-02
-5.483636781191e+00,7.674238436174e+00,8.104207325930e-02
-5.483629333938e+00,3.613052323527e+00,9.244852423014e-02
-5.483603718859e+00,8.835265359978e+00,3.083534611447e-02
-5.483596042044e+00,1.130477548524e+00,9.344350576869e-02
-5.483399077692e+00,5.541287945368e+00,9.030254951841e-02
-5.483328725098e+00,3.111511375080e+00,9.275713332055e-02
-5.483045212328e+00,5.103197852703e+00,9.098530502227e-02
-5.483022633243e+00,8.654991860644e+00,5.237381343549e-02
-5.482989524585e+00,3.872022901364e+00,9.226120263394e-02
-5.482976953510e+00,8.228696728618e+00,7.188186751195e-02
-5.482776810498e+00,8.925717098749e+00,1.008819417623e-02
-5.482622231283e+00,7.358036340036e+00,8.380401580689e-02
-5.482610147451e+00,4.507522410688e+00,9.169602601820e-02
-5.482502736726e+00,6.308828536077e+00,8.858106960256e-02
-5.482471653100e+00,4.797687388437e+00,9.137644701814e-02
-5.482095593980e+00,1.810007024600e+00,9.329032755463e-02
-5.481921846071e+00,6.040810815099e+00,8.928348302514e-02
-5.481798188653e+00,3.527264437023e+00,9.250818032869e-02
-5.481641320746e+00,6.994649580530e+00,8.598693336865e-02
-5.481618800008e+00,8.565180336694e+00,5.867664090845e-02
-5.481467540015e+00,1.392839904058e+00,9.339472358267e-02
-5.481225093718e+00,5.775781752019e+00,8.986579939079e-02
-5.481219072826e+00,5.154353414834e+00,9.091664547589e-02
-5.481182877693e+00,6.858388048528e+00,8.662859440678e-02
-5.481141719088e+00,2.001683669689e+00,9.323355086690e-02
-5.480929795436e+00,2.626955330134e+00,9.299815554888e-02
-5.480839095592e+00,7.589168279732e+00,8.191152891296e-02
-5.480771306371e+00,4.319614086061e+00,9.188300987091e-02
-5.480662885465e+00,3.958821230731e+00,9.219602626013e-02
-5.480595255007e+00,7.133993556690e+00,8.524854166195e-02
-5.480585001208e+00,6.539940398731e+00,8.786490969449e-02
-5.480570384102e+00,1.619479530864e+00,9.334275299761e-02
-5.480569913766e+00,4.182385556293e+00,9.200839643670e-02
-5.480509065352e+00,7.827897135295e+00,7.927182641048e-02
-5.480503469495e+00,7.983568314339e+00,7.699126768736e-02
-5.480497748353e+00,4.747052767726e+00,9.143846909671e-02
-5.480080794760e+00,3.233853648320e+00,9.269151560278e-02
-5.479777347113e+00,6.089880010420e+00,8.916974590839e-02
-5.479502695981e+00,5.424509119475e+00,9.050773427544e-02
-5.479475600738e+00,8.475592428662e+00,6.344707914741e-02
-5.479364457326e+00,1.167738674203e+00,9.344076460584e-02
-5.479265935258e+00,6.725273683992e+00,8.719080268478e-02
-5.479025164911e+00,6.361477326344e+00,8.843677449689e-02
-5.478979997445e+00,3.441773913641e+00,9.256660022253e-02
-5.478831697244e+00,5.205563177240e+00,9.084703750956e-02
-5.478149954929e+00,2.350415292721e+00,9.311427003331e-02
-5.478093273719e+00,1.562500050003e-02,9.354490186638e-02
-5.477999822212e+00,4.696512319516e+00,9.149936401580e-02
-5.477999466013e+00,7.276354671153e+00,8.439079590987e-02
-5.477998523888e+00,8.139983217719e+00,7.406755547673e-02
-5.477944988923e+00,4.687500150008e-02,9.354486598934e-02
-5.477796704126e+00,7.812500250012e-02,9.354469130933e-02
-5.477760803256e+00,4.457425842881e+00,9.175330848570e-02
-5.477648419330e+00,1.093750035002e-01,9.354437781897e-02
-5.477561171803e+00,7.504974496218e+00,8.268742924448e-02
-5.477559303344e+00,2.194411179233e+00,9.317224655370e-02
-5.477500134533e+00,1.406250045003e-01,9.354392550946e-02
-5.477384915648e+00,6.139639162063e+00,8.905094042430e-02
-5.477351849737e+00,1.718750055004e-01,9.354333437062e-02
-5.477245787980e+00,4.045825683196e+00,9.212921255879e-02
-5.477203564941e+00,2.031250065004e-01,9.354258644960e-02
-5.477055280144e+00,2.343750075005e-01,9.354169820969e-02
-5.476906995348e+00,2.656250085005e-01,9.354067100499e-02
-5.476758710551e+00,2.968750095005e-01,9.353947822708e-02
-5.476733710896e+00,2.507206878992e+00,9.305321411239e-02
-5.476718842604e+00,1.430193200965e+00,9.339089629540e-02
-5.476667944959e+00,2.906042584879e+00,9.287153047352e-02
-5.476610425755e+00,3.281250105004e-01,9.353813774629e-02
-5.476595195958e+00,8.386233216341e+00,6.718261535689e-02
-5.476496040774e+00,5.592866871905e+00,9.022386622726e-02
-5.476462140959e+00,3.593750115004e-01,9.353665762024e-02
-5.476451189279e+00,1.847519384615e+00,9.328475264150e-02
-5.476313856162e+00,3.906250125003e-01,9.353501886296e-02
-5.476167543706e+00,3.027487663413e+00,9.280977422366e-02
-5.476165571366e+00,4.218750135002e-01,9.353324095009e-02
-5.476017286569e+00,4.531250145001e-01,9.353132383072e-02
-5.475937291006e+00,6.595370618405e+00,8.768697552374e-02
-5.475878612214e+00,5.256821970034e+00,9.077647160793e-02
-5.475869001773e+00,4.843750155000e-01,9.352926745354e-02
-5.475668219411e+00,2.785107634675e+00,9.293126112453e-02
-5.475650056721e+00,5.710055656265e+00,9.000686324861e-02
-5.475571840131e+00,5.156250165000e-01,9.352719810062e-02
-5.475348737504e+00,1.656914016169e+00,9.333797964107e-02
-5.475274036305e+00,6.414784044833e+00,8.828579203845e-02
-5.475196256537e+00,3.356597946294e+00,9.262376354218e-02
-5.475125801645e+00,5.468750175001e-01,9.352510402517e-02
-5.475064683210e+00,1.204990852044e+00,9.343787006998e-02
-5.475055343650e+00,2.039257426651e+00,9.322716274056e-02
-5.474982700350e+00,4.646070862716e+00,9.155939650578e-02
-5.474918515744e+00,6.917276639408e+00,8.638631821899e-02
-5.474739529284e+00,6.190082122184e+00,8.892701783678e-02
-5.474683091260e+00,7.054906333824e+00,8.570800984104e-02
-5.474679763158e+00,5.781250185002e-01,9.352283681429e-02
-5.474233724671e+00,6.093750195002e-01,9.352042867656e-02
-5.474155165338e+00,4.269925823188e+00,9.193758640243e-02
-5.474117389295e+00,3.149404469924e+00,9.274571234477e-02
-5.474014135043e+00,5.475982958292e+00,9.043196445953e-02
-5.473809541870e+00,7.421667044118e+00,8.338350600476e-02
-5.473787686184e+00,6.406250205003e-01,9.351788185343e-02
-5.473674035284e+00,6.782763843403e+00,8.697872875860e-02
-5.473445503642e+00,7.895542711464e+00,7.842265377796e-02
-5.473341647697e+00,6.718750215004e-01,9.351519635587e-02
-5.473218829927e+00,2.664719957279e+00,9.298899318853e-02
-5.473210720414e+00,7.740527103148e+00,8.040202064217e-02
-5.473071223847e+00,3.737108616391e+00,9.237308892815e-02
-5.472979778140e+00,8.297107763731e+00,7.018643978590e-02
-5.472922129975e+00,7.195587926798e+00,8.492457456615e-02
-5.472895609211e+00,7.031250225005e-01,9.351237220322e-02
-5.472769875741e+00,5.883537545546e+00,8.965938261608e-02
-5.472718401135e+00,4.133016983964e+00,9.206102706144e-02
-5.472597944899e+00,3.651027560851e+00,9.243465075032e-02
-5.472508782252e+00,3.823444765611e+00,9.231017418343e-02
-5.472449570724e+00,7.343750235005e-01,9.350940942357e-02
-5.472415119100e+00,4.407450432199e+00,9.180963122024e-02
-5.472355384976e+00,5.308124585849e+00,9.070493850757e-02
-5.472291501637e+00,8.051518071599e+00,7.591293050095e-02
-5.472003532237e+00,7.656250245005e-01,9.350626066291e-02
-5.471900178074e+00,1.467534262706e+00,9.338691360977e-02
-5.471836203267e+00,6.241202711145e+00,8.879767396920e-02
-5.471557493750e+00,7.968750255004e-01,9.350295324393e-02
-5.471451245949e+00,4.595733175931e+00,9.161862072090e-02
-5.471423884586e+00,5.827486563961e+00,8.978032832755e-02
-5.471374944340e+00,5.930301063420e+00,8.956062385849e-02
-5.471244523053e+00,6.468742382859e+00,8.812768710244e-02
-5.471202427285e+00,2.388085110695e+00,9.310635886569e-02
-5.471111455263e+00,8.281250265003e-01,9.349950647853e-02
-5.471109798746e+00,3.565219629307e+00,9.249471647970e-02
-5.471012346105e+00,2.232028946646e+00,9.316501441739e-02
-5.470996072833e+00,6.651432358562e+00,8.750007671238e-02
-5.470890043734e+00,3.910017630900e+00,9.224595477384e-02
-5.470839253052e+00,7.654761957601e+00,8.134491871477e-02
-5.470733413499e+00,1.885013778921e+00,9.327901826317e-02
-5.470696775467e+00,1.242233666835e+00,9.343482193764e-02
-5.470665416776e+00,8.593750275002e-01,9.349592038550e-02
-5.470468720614e+00,3.271753367023e+00,9.267952242634e-02
-5.470219378290e+00,8.906250285002e-01,9.349219499383e-02
-5.470055412195e+00,1.694333248042e+00,9.333304879557e-02
-5.469970036658e+00,8.814308679006e+00,3.573434903358e-02
-5.469948613888e+00,8.724132451274e+00,4.691337051318e-02
-5.469773339803e+00,9.218750295001e-01,9.348833034326e-02
-5.469748297743e+00,5.977773727614e+00,8.945786456299e-02
-5.469590798902e+00,7.339255839836e+00,8.401064670533e-02
-5.469371046447e+00,2.544915423767e+00,9.304461449742e-02
-5.469327301316e+00,9.531250305001e-01,9.348431594854e-02
-5.469246132170e+00,8.904693694307e+00,1.829435565345e-02
-5.469183930438e+00,8.634170135499e+00,5.468820350842e-02
-5.468993858489e+00,5.644454507337e+00,9.014410356492e-02
-5.468894005546e+00,2.076810388738e+00,9.322061304299e-02
-5.468881262829e+00,9.843750315000e-01,9.348010101941e-02
-5.468669990713e+00,6.292994717702e+00,8.866258023443e-02
-5.468631571559e+00,8.208221118878e+00,7.265386414235e-02
-5.468627910279e+00,3.479702500762e+00,9.255354387975e-02
-5.468336003720e+00,6.976762265775e+00,8.613014111994e-02
-5.468257623533e+00,5.359465780287e+00,9.063201300130e-02
-5.468194714463e+00,3.996808491052e+00,9.218021130417e-02
-5.468143832272e+00,2.943855285347e+00,9.286110642392e-02
-5.467981877636e+00,7.569864233008e+00,8.218252739934e-02
-5.467936456000e+00,5.527477892270e+00,9.035514814127e-02
-5.467884797412e+00,6.025949491220e+00,8.935088559118e-02
-5.467773883639e+00,6.840865130336e+00,8.675516055750e-02
-5.467678085378e+00,8.544426840670e+00,6.040709698310e-02
-5.467515512037e+00,2.822885506809e+00,9.292138445706e-02
-5.467410359470e+00,4.545503997087e+00,9.167704607375e-02
-5.467396992181e+00,7.115745899679e+00,8.541206537197e-02
-5.467341125851e+00,4.988025770298e+00,9.116366257111e-02
-5.467297397265e+00,4.937148123940e+00,9.122854670315e-02
-5.467261591158e+00,3.065325231486e+00,9.279875369293e-02
-5.467061189879e+00,4.220375526074e+00,9.199142798158e-02
-5.467011622274e+00,1.504862663195e+00,9.338277524257e-02
-5.466931835979e+00,6.523346000981e+00,8.796198618546e-02
-5.466839017439e+00,5.038974334985e+00,9.109770569850e-02
-5.466712473355e+00,4.886346402129e+00,9.129255624318e-02
-5.466700354133e+00,5.761707848947e+00,8.992346198176e-02
-5.466670781198e+00,1.018561255170e+00,9.347686674415e-02
-5.466578133416e+00,4.357600762226e+00,9.186520047498e-02
-5.466260792411e+00,1.279466703628e+00,9.343161997636e-02
-5.465858203668e+00,7.963306290835e+00,7.749143821712e-02
-5.465786469675e+00,5.089988773096e+00,9.103064010016e-02
-5.465779341848e+00,6.074822274890e+00,8.923937605342e-02
-5.465756678988e+00,6.708119185019e+00,8.730356875250e-02
-5.465665635081e+00,7.807779939743e+00,7.966895522330e-02
-5.465591034905e+00,4.835625572004e+00,9.135570051584e-02
-5.465433209857e+00,8.454907660389e+00,6.478938037874e-02
-5.465426865950e+00,2.702453347412e+00,9.297965795679e-02
-5.465235982749e+00,6.345451899261e+00,8.852138112449e-02
-5.465173670631e+00,3.394493498673e+00,9.261114615757e-02
-5.464942377457e+00,1.922489760831e+00,9.327312406141e-02
-5.464911596630e+00,7.257750757492e+00,8.457947061302e-02
-5.464819397143e+00,3.187256643399e+00,9.273410930249e-02
-5.464690502431e+00,1.731736790081e+00,9.332796013310e-02
-5.464645069966e+00,7.485843925688e+00,8.293141679476e-02
-5.464402788232e+00,4.083798285831e+00,9.211295646882e-02
-5.464388940830e+00,2.269622977146e+00,9.315761707904e-02
-5.464178919742e+00,5.141064001433e+00,9.096264808997e-02
-5.464176916171e+00,2.425728615060e+00,9.309828045719e-02
-5.463937801473e+00,4.784990561366e+00,9.141798902915e-02
-5.463580977162e+00,5.410840271976e+00,9.055803337955e-02
-5.463552832200e+00,8.119578313678e+00,7.471638370945e-02
-5.463426866800e+00,6.124385967026e+00,8.912295363804e-02
-5.462864978435e+00,4.495388023020e+00,9.173468209854e-02
-5.462662794664e+00,1.055680078359e+00,9.347458908940e-02
-5.462657832827e+00,2.114342099742e+00,9.321390139473e-02
-5.462451466827e+00,8.365617672806e+00,6.825388212475e-02
-5.462331224668e+00,6.578588529311e+00,8.778817308411e-02
-5.462053253643e+00,1.542177976836e+00,9.337848090245e-02
-5.462011844859e+00,5.192194898561e+00,9.089372006309e-02
-5.461928944513e+00,2.582594989814e+00,9.303584562280e-02
-5.461757531074e+00,4.734446258408e+00,9.147940071055e-02
-5.461756794873e+00,1.316689547871e+00,9.342826394475e-02
-5.461595694137e+00,3.775042256426e+00,9.235849521079e-02
-5.461560935698e+00,6.899571018116e+00,8.651919854856e-02
-5.461529308591e+00,6.398567982196e+00,8.837369138802e-02
-5.461473304020e+00,3.688950110399e+00,9.242054076296e-02
-5.461430881551e+00,7.036838339189e+00,8.585890232743e-02
-5.461265442771e+00,5.578988521174e+00,9.027727604203e-02
-5.460888409275e+00,5.696045370629e+00,9.006278885311e-02
-5.460835366945e+00,7.402710990358e+00,8.360382215614e-02
-5.460822345431e+00,6.174634424024e+00,8.900155268769e-02
-5.460768731439e+00,3.309609587494e+00,9.266734575671e-02
-5.460675925735e+00,3.861382640264e+00,9.229515560586e-02
-5.460473683153e+00,7.720879240814e+00,8.073004887904e-02
-5.460329498498e+00,3.603124359197e+00,9.248106249185e-02
-5.460254920469e+00,4.307881374433e+00,9.192002544903e-02
-5.460214480930e+00,6.765424633980e+00,8.709674417022e-02
-5.459778648848e+00,7.177161628819e+00,8.509757682678e-02
-5.459535991820e+00,2.981631523294e+00,9.285050576969e-02
-5.459494551804e+00,4.170967620032e+00,9.204432940988e-02
-5.459280762679e+00,5.243376304991e+00,9.082384664734e-02
-5.459280507915e+00,2.860629315195e+00,9.291133275963e-02
-5.459254105114e+00,1.769124206530e+00,9.332271331874e-02
-5.459078194686e+00,1.959946884376e+00,9.326706967264e-02
-5.459055019923e+00,4.683997511360e+00,9.153968838575e-02
-5.458735051179e+00,8.276561940264e+00,7.106101088527e-02
-5.458700978190e+00,7.875352859374e+00,7.885682020381e-02
-5.458693534809e+00,3.947952759231e+00,9.223051014289e-02
-5.458621219215e+00,5.869271126722e+00,8.971977288928e-02
-5.458588707292e+00,1.092791453940e+00,9.347215895836e-02
-5.458321136628e+00,5.462242742959e+00,9.048303067822e-02
-5.458270540653e+00,3.103123875005e+00,9.278753788119e-02
-5.458185294412e+00,3.517582810102e+00,9.254029819539e-02
-5.458041724913e+00,7.635285479027e+00,8.163693269337e-02
-5.457960788520e+00,6.225561470471e+00,8.887487993391e-02
-5.457820077029e+00,4.445389909295e+00,9.179136547823e-02
-5.457745847862e+00,8.031184363538e+00,7.646577420295e-02
-5.457689233537e+00,2.307192805469e+00,9.315005409914e-02
-5.457554095311e+00,2.740155007656e+00,9.297014937205e-02
-5.457545135838e+00,6.452336661960e+00,8.821909284900e-02
-5.457437977689e+00,6.634463567709e+00,8.760568398093e-02
-5.457262565654e+00,5.915835402189e+00,8.962288485732e-02
-5.457184846211e+00,1.353901785404e+00,9.342475359260e-02
-5.457137661810e+00,5.813350623260e+00,8.983890565159e-02
-5.457073583341e+00,2.463345331222e+00,9.309003436676e-02
-5.457025153205e+00,1.579479778557e+00,9.337403029011e-02
-5.456559366521e+00,7.320475339637e+00,8.421119289589e-02
-5.456346956340e+00,2.151852104179e+00,9.320701506756e-02
-5.456336354456e+00,8.793351998034e+00,3.996739249535e-02
-5.456212256041e+00,8.703242997272e+00,4.979788202848e-02
-5.455981231398e+00,5.294603023699e+00,9.075301872111e-02
-5.455835102085e+00,4.633649128256e+00,9.159916890602e-02
-5.455715453842e+00,8.883670289864e+00,2.510003118636e-02
-5.455673123141e+00,5.963109763263e+00,8.952209670615e-02
-5.455628341938e+00,4.034733768871e+00,9.216419371236e-02
-5.455434999531e+00,3.225067368379e+00,9.272232377748e-02
-5.455345227632e+00,8.613348410354e+00,5.677886476689e-02
-5.455124659680e+00,7.550560186283e+00,8.244435027170e-02
-5.455061976894e+00,3.432342916693e+00,9.259830641237e-02
-5.455030686693e+00,6.958874951021e+00,8.626984738621e-02
-5.454837244699e+00,6.277160899328e+00,8.874261878812e-02
-5.454448565679e+00,1.129894979364e+00,9.346957615409e-02
-5.454407583136e+00,2.620245093662e+00,9.302690705828e-02
-5.454364889586e+00,6.823342212143e+00,8.687882467569e-02
-5.454347517575e+00,8.974192734883e+00,6.608629165752e-06
-5.454286189608e+00,8.187745509138e+00,7.338118758777e-02
-5.454198729356e+00,7.097498242669e+00,8.557130898133e-02
-5.453996921726e+00,5.630509409110e+00,9.019833920197e-02
-5.453847748754e+00,6.011088167342e+00,8.941719659237e-02
-5.453746319812e+00,1.806495062166e+00,9.331730801099e-02
-5.453737370748e+00,8.523673344646e+00,6.199134542025e-02
-5.453450589942e+00,4.258296768045e+00,9.197411542275e-02
-5.453278670750e+00,6.506751603230e+00,8.805713081250e-02
-5.453140981418e+00,1.997384704327e+00,9.326085472824e-02
-5.452545012303e+00,1.391103002451e+00,9.342108866104e-02
-5.452473834309e+00,5.513667839173e+00,9.040699547481e-02
-5.452280665671e+00,4.395514270105e+00,9.184718258849e-02
-5.452247422718e+00,6.690964686045e+00,8.741390184078e-02
-5.452175614548e+00,5.747633945875e+00,8.998026811568e-02
-5.452108849916e+00,5.345869820574e+00,9.068086881718e-02
-5.452102649075e+00,4.583405876776e+00,9.165785142143e-02
-5.451927404567e+00,1.616767643804e+00,9.336942309849e-02
-5.451823727247e+00,7.239146843831e+00,8.476283511837e-02
-5.451781336582e+00,6.059764539361e+00,8.930785716926e-02
-5.451728968128e+00,7.466713355157e+00,8.316753843045e-02
-5.451460457465e+00,4.121706487325e+00,9.209649766264e-02
-5.451446800588e+00,6.329426472179e+00,8.860442696472e-02
-5.451390818976e+00,8.434222892116e+00,6.603093993166e-02
-5.451212937842e+00,7.943044267332e+00,7.796803662243e-02
-5.450981093881e+00,3.347421774913e+00,9.265498524921e-02
-5.450963416097e+00,2.898338559086e+00,9.290110558157e-02
-5.450913373088e+00,2.344737967213e+00,9.314232503627e-02
-5.450844647282e+00,3.019370789336e+00,9.283972809822e-02
-5.450822204809e+00,7.787662744192e+00,8.004911051620e-02
-5.450255734006e+00,3.726819405060e+00,9.240617458507e-02
-5.450242418886e+00,1.166990252278e+00,9.346684047043e-02
-5.450025948482e+00,3.812920368316e+00,9.234370530695e-02
-5.449961509718e+00,2.189339947321e+00,9.319996170804e-02
-5.449892593427e+00,2.500934785605e+00,9.308162015410e-02
-5.449650373043e+00,4.974981721964e+00,9.120705577313e-02
-5.449600712844e+00,2.777824446235e+00,9.296046695781e-02
-5.449468817952e+00,6.109132771988e+00,8.919375471912e-02
-5.449457597059e+00,3.640978067658e+00,9.246721813838e-02
-5.449393241505e+00,4.924188752021e+00,9.127132712360e-02
-5.449363405262e+00,5.025847047234e+00,9.114179151472e-02
-5.449194630917e+00,3.140883076237e+00,9.277614070298e-02
-5.449107140512e+00,8.099173409637e+00,7.533062590548e-02
-5.448747608307e+00,3.899262674489e+00,9.227994043681e-02
-5.448725158331e+00,6.561806440218e+00,8.788730999341e-02
-5.448596661047e+00,4.873473133014e+00,9.133473508986e-02
-5.448554283451e+00,1.562500050003e-02,9.357070388344e-02
-5.448527727023e+00,5.076779693488e+00,9.107536870292e-02
-5.448411025258e+00,4.687500150008e-02,9.357066344661e-02
-5.448307737696e+00,8.345002129270e+00,6.925281592832e-02
-5.448267767064e+00,7.812500250013e-02,9.357048446643e-02
-5.448203355652e+00,6.881865396823e+00,8.664895211583e-02
-5.448178671842e+00,7.018770344554e+00,8.600600287638e-02
-5.448167248745e+00,1.843848922370e+00,9.331174386200e-02
-5.448124508871e+00,1.093750035002e-01,9.357016693496e-02
-5.447981250678e+00,1.406250045003e-01,9.356971084246e-02
-5.447862569614e+00,4.533272483872e+00,9.171574521817e-02
-5.447861192020e+00,7.383754936599e+00,8.381743636245e-02
-5.447837992485e+00,1.718750055004e-01,9.356911617742e-02
-5.447837361540e+00,1.428292785690e+00,9.341726888258e-02
-5.447784580876e+00,6.382351919559e+00,8.845993381131e-02
-5.447736645892e+00,7.701231378479e+00,8.104568867926e-02
-5.447694734292e+00,2.031250065004e-01,9.356837101134e-02
-5.447659258342e+00,5.397171424478e+00,9.060762785013e-02
-5.447652445622e+00,3.555414291075e+00,9.252686286232e-02
-5.447551476099e+00,2.343750075005e-01,9.356748100567e-02
-5.447408217906e+00,2.656250085005e-01,9.356645228828e-02
-5.447265321111e+00,4.822839821410e+00,9.139728886666e-02
-5.447264959712e+00,2.968750095005e-01,9.356525847360e-02
-5.447138766659e+00,5.127774588033e+00,9.100803148765e-02
-5.447130856631e+00,2.034802776053e+00,9.325447885502e-02
-5.447121701519e+00,3.281250105004e-01,9.356391726883e-02
-5.446978443326e+00,3.593750115004e-01,9.356243738158e-02
-5.446905161577e+00,6.159186725864e+00,8.907480747617e-02
-5.446835185133e+00,3.906250125003e-01,9.356080910142e-02
-5.446807143277e+00,2.657865252994e+00,9.301779837770e-02
-5.446760093927e+00,1.654041148526e+00,9.336465901293e-02
-5.446754926576e+00,6.748085424557e+00,8.721215000223e-02
-5.446691926940e+00,4.218750135002e-01,9.355903243878e-02
-5.446635167720e+00,7.158735330841e+00,8.526591692802e-02
-5.446548668747e+00,4.531250145001e-01,9.355711679624e-02
-5.446405410554e+00,4.843750155000e-01,9.355506211802e-02
-5.446400362702e+00,3.985827696368e+00,9.221474787978e-02
-5.446251790788e+00,4.345765677858e+00,9.190225570788e-02
-5.446170286557e+00,4.208851399842e+00,9.202742931394e-02
-5.446126761830e+00,5.682035084992e+00,9.011789490143e-02
-5.446118322188e+00,5.156250165000e-01,9.355299369708e-02
-5.446034844769e+00,5.565110170443e+00,9.032991864796e-02
-5.445970318414e+00,1.204076870724e+00,9.346395169203e-02
-5.445964450584e+00,3.262836119212e+00,9.271035537309e-02
-5.445687403650e+00,5.468750175001e-01,9.355090171350e-02
-5.445403949846e+00,4.772293734296e+00,9.145899783041e-02
-5.445256485112e+00,5.781250185002e-01,9.354863427551e-02
-5.445244196774e+00,7.615809000453e+00,8.191868071578e-02
-5.445191992475e+00,5.178826619883e+00,9.093977040479e-02
-5.444861458062e+00,3.470145658303e+00,9.258527791157e-02
-5.444825566574e+00,6.093750195002e-01,9.354621763890e-02
-5.444490324219e+00,8.256016116796e+00,7.188190617002e-02
-5.444472562688e+00,5.855004707898e+00,8.977924682790e-02
-5.444394648035e+00,6.406250205003e-01,9.354366224942e-02
-5.444085373774e+00,6.209920229798e+00,8.895073260789e-02
-5.444061511188e+00,2.382257998840e+00,9.313442944769e-02
-5.443963729497e+00,6.718750215004e-01,9.354096810938e-02
-5.443956452739e+00,7.855163007285e+00,7.927185258937e-02
-5.443879882545e+00,6.617494776856e+00,8.770908989270e-02
-5.443845748622e+00,6.435930941061e+00,8.830873730305e-02
-5.443532810959e+00,7.031250225005e-01,9.353813522877e-02
-5.443527934140e+00,7.301694839437e+00,8.440591614843e-02
-5.443501629359e+00,2.226805175267e+00,9.319274386342e-02
-5.443200194086e+00,8.010850655476e+00,7.699129812220e-02
-5.443150186968e+00,5.901369740958e+00,8.968418335755e-02
-5.443119809419e+00,4.483253635351e+00,9.177285970230e-02
-5.443101892421e+00,7.343750235005e-01,9.353516362560e-02
-5.443061964837e+00,1.465470722179e+00,9.341329398133e-02
-5.443017313795e+00,4.721839749091e+00,9.151976811194e-02
-5.442964147366e+00,4.072596467004e+00,9.214797348931e-02
-5.442851439033e+00,5.799214682559e+00,8.989660818687e-02
-5.442702672254e+00,8.772395317063e+00,4.366152990039e-02
-5.442682913145e+00,5.229930639948e+00,9.087057622149e-02
-5.442670973883e+00,7.656250245005e-01,9.353205281848e-02
-5.442634113950e+00,2.538496505621e+00,9.307303738041e-02
-5.442628138213e+00,5.448502527626e+00,9.053337735312e-02
-5.442564448712e+00,2.936012738958e+00,9.289070248191e-02
-5.442516996779e+00,1.881185353154e+00,9.330602051787e-02
-5.442475898194e+00,8.682353543270e+00,5.237386964653e-02
-5.442267441723e+00,7.531256139559e+00,8.269745155214e-02
-5.442240055345e+00,7.968750255004e-01,9.352873963761e-02
-5.442184775514e+00,8.862646885422e+00,3.083539722166e-02
-5.442070025447e+00,3.057072575440e+00,9.282877301080e-02
-5.441809136807e+00,8.281250265003e-01,9.352528700144e-02
-5.441725369667e+00,6.940987636266e+00,8.640617801216e-02
-5.441632318205e+00,1.241154433107e+00,9.346090959448e-02
-5.441597948541e+00,5.948445798912e+00,8.958531693117e-02
-5.441566916341e+00,2.815461172652e+00,9.295061024374e-02
-5.441523310074e+00,1.691299869150e+00,9.335973771143e-02
-5.441506524826e+00,8.592526685209e+00,5.867669384078e-02
-5.441378218269e+00,8.593750275002e-01,9.352169491694e-02
-5.441106077816e+00,3.385189396146e+00,9.264244058480e-02
-5.441047942009e+00,2.072200655655e+00,9.324794167551e-02
-5.441004498685e+00,6.261327080953e+00,8.882122499523e-02
-5.441000466530e+00,7.079250585659e+00,8.572643676641e-02
-5.440955895532e+00,6.805819293951e+00,8.699968482601e-02
-5.440947299731e+00,8.906250285002e-01,9.351796340056e-02
-5.440920168880e+00,8.953103112071e+00,1.008821656775e-02
-5.440516381193e+00,9.218750295001e-01,9.351409247868e-02
-5.440110217633e+00,4.671482703203e+00,9.157950392960e-02
-5.440085462654e+00,9.531250305001e-01,9.351008218814e-02
-5.440034103804e+00,3.178602318956e+00,9.276456171845e-02
-5.439940807657e+00,8.167269899398e+00,7.406759092501e-02
-5.439810700095e+00,5.996226843463e+00,8.948244270688e-02
-5.439796656119e+00,8.502919848621e+00,6.344712815614e-02
-5.439738534567e+00,4.296148662806e+00,9.195659391387e-02
-5.439654544116e+00,9.843750315000e-01,9.350591125629e-02
-5.439625505522e+00,6.490157205480e+00,8.815040065059e-02
-5.439607077820e+00,5.281081461550e+00,9.080043995409e-02
-5.439127808807e+00,2.695454986664e+00,9.300851915990e-02
-5.438999984964e+00,5.616564310884e+00,9.025179139440e-02
-5.438945561034e+00,3.764634879658e+00,9.239161262776e-02
-5.438812866290e+00,7.447582784626e+00,8.339558258746e-02
-5.438738166448e+00,6.673810187072e+00,8.752187953162e-02
-5.438735857864e+00,7.220542930170e+00,8.494110807293e-02
-5.438494406979e+00,3.678780197559e+00,9.245318323235e-02
-5.438419189842e+00,4.159549683772e+00,9.207983629652e-02
-5.438362326885e+00,3.850742379164e+00,9.232871907857e-02
-5.438218895635e+00,1.502636399361e+00,9.340916367311e-02
-5.437879350802e+00,4.433353975709e+00,9.182895671756e-02
-5.437783331316e+00,6.044706803832e+00,8.937521780970e-02
-5.437657618426e+00,6.313401045096e+00,8.868595498110e-02
-5.437650874964e+00,5.733560042803e+00,9.003623719812e-02
-5.437460422406e+00,1.018477868221e+00,9.350267718775e-02
-5.437348428095e+00,8.413538123843e+00,6.718266042300e-02
-5.437228474659e+00,1.278222538081e+00,9.345771394435e-02
-5.437133802352e+00,2.419752437779e+00,9.312636688996e-02
-5.437062614566e+00,7.767695049273e+00,8.040281626528e-02
-5.437029663057e+00,3.593196394867e+00,9.251323760748e-02
-5.437011212617e+00,5.499857786075e+00,9.045810805716e-02
-5.436967454430e+00,2.264247334945e+00,9.318536109488e-02
-5.436795671427e+00,1.918503921166e+00,9.330013761896e-02
-5.436724184154e+00,3.937084287731e+00,9.226452865720e-02
-5.436687503821e+00,4.621227393795e+00,9.163844278347e-02
-5.436567672016e+00,7.922782243828e+00,7.842268175186e-02
-5.436408007643e+00,3.300562371771e+00,9.269820371413e-02
-5.436217144365e+00,1.728543382706e+00,9.335465886483e-02
-5.435960076299e+00,5.332273860862e+00,9.072904955374e-02
-5.435510769103e+00,6.093879576951e+00,8.926337433847e-02
-5.435298315322e+00,2.576030019676e+00,9.306428560914e-02
-5.435119091993e+00,6.545024351124e+00,8.798444846249e-02
-5.434999608630e+00,7.681583516145e+00,8.134979085609e-02
-5.434926462133e+00,7.000702349919e+00,8.614945141972e-02
-5.434892361892e+00,2.109577900146e+00,9.324124280845e-02
-5.434887017094e+00,7.364798882839e+00,8.402464616978e-02
-5.434845775606e+00,6.864159775532e+00,8.677568723517e-02
-5.434661448823e+00,8.078768505597e+00,7.591296303399e-02
-5.434572400171e+00,3.507901183181e+00,9.257206030829e-02
-5.434164008564e+00,8.324386585734e+00,7.018648112518e-02
-5.434083820914e+00,2.973651356618e+00,9.288012303066e-02
-5.434039853162e+00,6.366135856921e+00,8.854456584390e-02
-5.434010895895e+00,4.023641854546e+00,9.219876582234e-02
-5.433491686593e+00,7.140309032862e+00,8.542977892729e-02
-5.433471156500e+00,1.055430040330e+00,9.350040411086e-02
-5.433452906551e+00,2.853064697694e+00,9.294057876666e-02
-5.433308229882e+00,1.539789405151e+00,9.340487766559e-02
-5.433295372222e+00,6.730746215134e+00,8.732503143773e-02
-5.433212356208e+00,3.094736374930e+00,9.281761795612e-02
-5.432987977724e+00,6.143739027704e+00,8.914681519358e-02
-5.432758846616e+00,1.315280784688e+00,9.345436449932e-02
-5.432754052201e+00,4.571078577621e+00,9.169659370181e-02
-5.432746014547e+00,4.246667712903e+00,9.201020636342e-02
-5.432446668636e+00,7.596332521879e+00,8.219068980651e-02
-5.432146212243e+00,4.383578108010e+00,9.188427757184e-02
-5.431959620234e+00,4.961937673629e+00,9.124988195701e-02
-5.431887793085e+00,5.012719759482e+00,9.118529583211e-02
-5.431737539523e+00,5.383502576979e+00,9.065653299314e-02
-5.431489085745e+00,4.911229380103e+00,9.131355205424e-02
-5.431369766549e+00,2.733013814598e+00,9.299903354762e-02
-5.431365114385e+00,5.668024799355e+00,9.017219977279e-02
-5.431268984370e+00,5.063570613881e+00,9.111950362071e-02
-5.431143956344e+00,3.422911919746e+00,9.262966412036e-02
-5.431003382828e+00,1.955804193749e+00,9.329409480022e-02
-5.430841690720e+00,1.765771266844e+00,9.334942213708e-02
-5.430804246766e+00,5.551231819712e+00,9.038181099355e-02
-5.430789204301e+00,3.216281088438e+00,9.275280050533e-02
-5.430496501760e+00,7.282914339237e+00,8.459506356999e-02
-5.430480848740e+00,4.860599863898e+00,9.137636975216e-02
-5.430359126837e+00,2.301665974198e+00,9.317781296104e-02
-5.430323906162e+00,5.840738289074e+00,8.983782555404e-02
-5.430321787401e+00,6.600525986003e+00,8.781036239208e-02
-5.430245597258e+00,8.235470293329e+00,7.265390204769e-02
-5.430209959028e+00,6.194278989125e+00,8.902526753007e-02
-5.430202513795e+00,4.110395990687e+00,9.213155070605e-02
-5.430146361407e+00,6.419525220162e+00,8.839667095638e-02
-5.430130403901e+00,2.457220822439e+00,9.311813691957e-02
-5.430098613575e+00,5.114485174632e+00,9.105280877108e-02
-5.429418030464e+00,1.092375017292e+00,9.349797883469e-02
-5.429410223767e+00,7.511952092834e+00,8.294225594630e-02
-5.429211927287e+00,7.834973155195e+00,7.966898096215e-02
-5.429068990053e+00,8.751438636091e+00,4.691342827387e-02
-5.429037808282e+00,5.886904079727e+00,8.974454192047e-02
-5.428939607317e+00,4.810054070817e+00,9.143834411877e-02
-5.428739540347e+00,8.661464089268e+00,5.468825922001e-02
-5.428664243332e+00,2.146934067247e+00,9.323438186922e-02
-5.428654540311e+00,7.990516947415e+00,7.749146810678e-02
-5.428654097186e+00,8.841623480979e+00,3.573440394053e-02
-5.428565216257e+00,5.785078741858e+00,8.995345582717e-02
-5.428420052640e+00,6.923100321511e+00,8.653925294743e-02
-5.428372140090e+00,5.165458341204e+00,9.098520195621e-02
-5.428330046030e+00,1.576929327971e+00,9.340043565849e-02
-5.428314779758e+00,4.521040970656e+00,9.175396584714e-02
-5.428223495353e+00,1.352328772346e+00,9.345086100827e-02
-5.427885370836e+00,2.613534857190e+00,9.305536440685e-02
-5.427802203704e+00,7.061002928649e+00,8.587760478540e-02
-5.427667822021e+00,8.571704960064e+00,6.040714906998e-02
-5.427546901479e+00,6.788296375758e+00,8.711783475582e-02
-5.427543114712e+00,3.802395971020e+00,9.237685469412e-02
-5.427522773939e+00,5.933781834561e+00,8.964754936580e-02
-5.427492820186e+00,8.932013489260e+00,1.829439247097e-02
-5.427440244166e+00,3.716530193729e+00,9.243888631434e-02
-5.427171752671e+00,6.245493262578e+00,8.889843719684e-02
-5.426935139799e+00,5.434762312293e+00,9.058302016850e-02
-5.426870098219e+00,4.759596907225e+00,9.149948440194e-02
-5.426765931225e+00,3.338245603533e+00,9.268586844866e-02
-5.426605172880e+00,3.888507718078e+00,9.231353643913e-02
-5.426317249220e+00,3.630928574465e+00,9.249942219449e-02
-5.426085063610e+00,5.216484974905e+00,9.091667407890e-02
-5.425972340293e+00,6.473562807729e+00,8.824185058283e-02
-5.425925448160e+00,4.333930593489e+00,9.193886374135e-02
-5.425896764453e+00,7.428452214095e+00,8.361656029193e-02
-5.425855941489e+00,8.482166352597e+00,6.478942846986e-02
-5.425773651436e+00,5.981365519584e+00,8.954664977005e-02
-5.425647988481e+00,7.201939016509e+00,8.511449639530e-02
-5.425595425706e+00,8.146794289657e+00,7.471641848535e-02
-5.425521750859e+00,3.011253915260e+00,9.286936681011e-02
-5.425397045644e+00,1.802983099732e+00,9.334402718546e-02
-5.425301089313e+00,1.129312410204e+00,9.349540116132e-02
-5.425279383236e+00,4.197327273611e+00,9.206297260233e-02
-5.425258887236e+00,2.890634533293e+00,9.293037207174e-02
-5.425228910178e+00,6.656655688099e+00,8.762757618637e-02
-5.425140243749e+00,1.993085738965e+00,9.328789169155e-02
-5.424606010940e+00,3.974846901683e+00,9.224888362684e-02
-5.424386864350e+00,7.747876854988e+00,8.073230090517e-02
-5.424277096516e+00,4.709233239773e+00,9.155962678177e-02
-5.424271872539e+00,3.132361682550e+00,9.280624435220e-02
-5.424195092498e+00,3.545608952843e+00,9.255865328687e-02
-5.424003048201e+00,5.602619212657e+00,9.030447751096e-02
-5.423868436264e+00,6.297375618013e+00,8.876600660274e-02
-5.423785326051e+00,6.029649068303e+00,8.944148561105e-02
-5.423676791246e+00,2.339060641704e+00,9.317009901852e-02
-5.423622484590e+00,1.389366100845e+00,9.344720321138e-02
-5.423533206276e+00,2.770541257794e+00,9.298937060379e-02
-5.423374640403e+00,4.471119247683e+00,9.181052347013e-02
-5.423306037214e+00,8.392853355570e+00,6.825392630626e-02
-5.423284425033e+00,1.614055756744e+00,9.339583734372e-02
-5.423232924242e+00,5.267559899400e+00,9.084721628976e-02
-5.423126135379e+00,5.719486139732e+00,9.009138806868e-02
-5.423051475958e+00,2.494662692218e+00,9.310973909363e-02
-5.422363716091e+00,2.184268715408e+00,9.322735847028e-02
-5.422262571369e+00,7.661935653810e+00,8.164297074713e-02
-5.421922406190e+00,7.902520220324e+00,7.885684769521e-02
-5.421912842169e+00,7.345842829079e+00,8.422573193448e-02
-5.421674252423e+00,6.982634355284e+00,8.628938115864e-02
-5.421552720255e+00,6.078626381913e+00,8.933184216301e-02
-5.421548590926e+00,5.486047732977e+00,9.050850196002e-02
-5.421525506500e+00,4.061394648178e+00,9.218258131218e-02
-5.421513025656e+00,6.528242262030e+00,8.807964825971e-02
-5.421488195561e+00,6.846454154239e+00,8.689950733177e-02
-5.421460180553e+00,3.253918871400e+00,9.274085666069e-02
-5.421165415343e+00,4.658967895046e+00,9.161882100258e-02
-5.421120380446e+00,1.166241830352e+00,9.349267088361e-02
-5.421095005846e+00,3.460588815844e+00,9.261666324189e-02
-5.420395456627e+00,2.651010548708e+00,9.304627334398e-02
-5.420348205465e+00,7.121882734883e+00,8.558933741257e-02
-5.420295125448e+00,6.349919794284e+00,8.862763232472e-02
-5.420215757135e+00,8.058363601556e+00,7.646580613899e-02
-5.420020279433e+00,8.303771042199e+00,7.106105141096e-02
-5.419883308210e+00,1.840178460124e+00,9.333847366090e-02
-5.419835817868e+00,6.713407005710e+00,8.743547003890e-02
-5.419811302682e+00,5.318677901150e+00,9.077656973447e-02
-5.419649140496e+00,7.576856043305e+00,8.245345170535e-02
-5.419222148665e+00,4.284415951178e+00,9.199272418426e-02
-5.419206369613e+00,2.030348125455e+00,9.328152791815e-02
-5.419070793871e+00,6.128291329544e+00,8.921760773048e-02
-5.419015293182e+00,1.562500050003e-02,9.359626059695e-02
-5.418955880476e+00,1.426392370414e+00,9.344339084027e-02
-5.418877061592e+00,4.687500150008e-02,9.359621599770e-02
-5.418738830002e+00,7.812500250013e-02,9.359603281801e-02
-5.418600598413e+00,1.093750035002e-01,9.359571135413e-02
-5.418462366823e+00,1.406250045003e-01,9.359525159544e-02
-5.418324135233e+00,1.718750055004e-01,9.359465352914e-02
-5.418185903643e+00,2.031250065004e-01,9.359391106752e-02
-5.418171450350e+00,1.651168280882e+00,9.339108240564e-02
-5.418047672053e+00,2.343750075005e-01,9.359301940116e-02
-5.417938624576e+00,4.421318042123e+00,9.186609152945e-02
-5.417909440463e+00,2.656250085005e-01,9.359198928445e-02
-5.417771208873e+00,2.968750095005e-01,9.359079455093e-02
-5.417632977283e+00,3.281250105004e-01,9.358945274762e-02
-5.417539905556e+00,4.608805659335e+00,9.167722825283e-02
-5.417494745694e+00,3.593750115004e-01,9.358797250440e-02
-5.417465069379e+00,7.264133839038e+00,8.477886861195e-02
-5.417356514104e+00,3.906250125003e-01,9.358635378075e-02
-5.417343827879e+00,4.148131747512e+00,9.211492550429e-02
-5.417218282514e+00,4.218750135002e-01,9.358457992660e-02
-5.417080050924e+00,4.531250145001e-01,9.358266588592e-02
-5.417038485001e+00,3.375885293618e+00,9.267334925003e-02
-5.416985065152e+00,2.928170192569e+00,9.291998971360e-02
-5.416941819334e+00,4.843750155000e-01,9.358061304122e-02
-5.416920595090e+00,2.376430886985e+00,9.316221882251e-02
-5.416878459737e+00,3.048819919394e+00,9.285843341619e-02
-5.416875953618e+00,1.203162889405e+00,9.348978778531e-02
-5.416763692257e+00,6.583557195150e+00,8.790956669516e-02
-5.416664804245e+00,5.156250165000e-01,9.357854114575e-02
-5.416603466940e+00,5.654014513719e+00,9.022572131658e-02
-5.416553005811e+00,7.492648046110e+00,8.317885251099e-02
-5.416446974191e+00,6.403119499262e+00,8.848294242082e-02
-5.416334544282e+00,6.178637748452e+00,8.909851903043e-02
-5.416295427930e+00,3.754227502889e+00,9.242435591436e-02
-5.416249005655e+00,5.468750175001e-01,9.357644464855e-02
-5.416175249636e+00,5.826471870250e+00,8.989552956206e-02
-5.416048728035e+00,3.840102118064e+00,9.236190063495e-02
-5.416000870298e+00,8.214924469862e+00,7.338122476068e-02
-5.415990912613e+00,2.221581403888e+00,9.322017222173e-02
-5.415897181454e+00,2.532077587475e+00,9.310117297061e-02
-5.415833207066e+00,5.781250185002e-01,9.357418823721e-02
-5.415815820703e+00,5.369833729481e+00,9.070476368945e-02
-5.415618320644e+00,2.808036838495e+00,9.297953363077e-02
-5.415573648763e+00,5.537353468981e+00,9.043296954724e-02
-5.415515509938e+00,3.668610284719e+00,9.248541642635e-02
-5.415435307851e+00,8.730481955119e+00,4.979793987453e-02
-5.415417408476e+00,6.093750195002e-01,9.357176348601e-02
-5.415248810465e+00,3.169947994512e+00,9.279468920371e-02
-5.415123418858e+00,8.820600076537e+00,3.996744973056e-02
-5.415114735614e+00,6.905213006757e+00,8.666918658697e-02
-5.415003182500e+00,8.640574635266e+00,5.677891980925e-02
-5.415001609887e+00,6.406250205003e-01,9.356919993265e-02
-5.414925429596e+00,5.872438418497e+00,8.980398242504e-02
-5.414754833498e+00,3.926215816231e+00,9.229815735711e-02
-5.414603940878e+00,7.042755271639e+00,8.602496138431e-02
-5.414585811298e+00,6.718750215004e-01,9.356649757105e-02
-5.414467401836e+00,7.814783303106e+00,8.004913582890e-02
-5.414412180908e+00,4.999592471731e+00,9.122822240448e-02
-5.414300580060e+00,1.877356927387e+00,9.333276120824e-02
-5.414278993481e+00,5.770942801157e+00,9.000946788353e-02
-5.414268867425e+00,4.948893625294e+00,9.129215288116e-02
-5.414223751601e+00,1.463407181652e+00,9.343942361812e-02
-5.414170012708e+00,7.031250225005e-01,9.356365640215e-02
-5.414137907426e+00,6.770773457566e+00,8.723336412981e-02
-5.414108886536e+00,7.970183239354e+00,7.796806598331e-02
-5.414065471491e+00,8.910923866449e+00,2.510007738903e-02
-5.414010241717e+00,5.050361534273e+00,9.116305730100e-02
-5.413829119215e+00,8.550883234919e+00,6.199139661133e-02
-5.413754214119e+00,7.343750235005e-01,9.356067643424e-02
-5.413729827616e+00,3.583268430537e+00,9.254505656537e-02
-5.413584929986e+00,4.898270008185e+00,9.135523297827e-02
-5.413447599338e+00,5.919117870210e+00,8.970881739499e-02
-5.413405455327e+00,4.558751278467e+00,9.173485744156e-02
-5.413339006658e+00,6.229659444203e+00,8.897429240380e-02
-5.413338415529e+00,7.656250245005e-01,9.355755768333e-02
-5.413201878472e+00,2.067590922571e+00,9.327500310092e-02
-5.413058460491e+00,5.101195761232e+00,9.109699268995e-02
-5.412991207953e+00,1.688266490259e+00,9.338617052119e-02
-5.412980662615e+00,7.409321643564e+00,8.383079093241e-02
-5.412922616940e+00,7.968750255004e-01,9.355428408647e-02
-5.412828751664e+00,2.688456625916e+00,9.303701199586e-02
-5.412567860943e+00,1.240075199379e+00,9.348675164106e-02
-5.412560119097e+00,7.183335102847e+00,8.528319604831e-02
-5.412506818350e+00,8.281250265003e-01,9.355082600517e-02
-5.412393449853e+00,4.012549940221e+00,9.223293692843e-02
-5.412365036432e+00,4.847726594782e+00,9.141747144431e-02
-5.412319175064e+00,6.456968409978e+00,8.833153340456e-02
-5.412259454196e+00,9.001448176847e+00,6.608629099842e-06
-5.412091019761e+00,8.593750275002e-01,9.354722837511e-02
-5.412047283847e+00,3.291515156048e+00,9.272872980264e-02
-5.412041439151e+00,4.235038657760e+00,9.204586793646e-02
-5.412011758814e+00,4.371641945915e+00,9.192092528142e-02
-5.411915226860e+00,8.461412856573e+00,6.603098710115e-02
-5.411736602777e+00,5.966504195705e+00,8.960984280730e-02
-5.411719653908e+00,6.639501189126e+00,8.773106311103e-02
-5.411711114135e+00,7.728058660703e+00,8.104928998016e-02
-5.411675221172e+00,8.906250285002e-01,9.354349120063e-02
-5.411552287706e+00,5.152090062525e+00,9.103002777639e-02
-5.411259422582e+00,9.218750295001e-01,9.353961449524e-02
-5.411250043755e+00,8.126318679917e+00,7.533066002864e-02
-5.411242141384e+00,5.421022096960e+00,9.063197437120e-02
-5.410959505930e+00,3.498219556260e+00,9.260347350370e-02
-5.410843623993e+00,9.531250305001e-01,9.353559828216e-02
-5.410613893523e+00,4.797268320223e+00,9.147887722347e-02
-5.410427825403e+00,9.843750315000e-01,9.353144259476e-02
-5.410090688532e+00,2.413776260499e+00,9.315417192736e-02
-5.410079254102e+00,6.281350190931e+00,8.884462179224e-02
-5.409787320785e+00,6.014591332774e+00,8.950668732872e-02
-5.409545968031e+00,2.258871692743e+00,9.321282273175e-02
-5.409525534108e+00,7.642287791476e+00,8.192580092308e-02
-5.409487214075e+00,5.203039309861e+00,9.096215359526e-02
-5.409426168996e+00,1.500410135527e+00,9.343530125984e-02
-5.409263646333e+00,8.372168587297e+00,6.925285923890e-02
-5.409006111439e+00,5.588674114431e+00,9.035641442635e-02
-5.408944570126e+00,4.099085494048e+00,9.216619440670e-02
-5.408938667243e+00,7.326886775320e+00,8.442095803951e-02
-5.408766989902e+00,4.508809457440e+00,9.179171761018e-02
-5.408667686132e+00,2.569465049537e+00,9.309243811108e-02
-5.408648965396e+00,1.914518081501e+00,9.332688946651e-02
-5.408631650008e+00,2.965671189942e+00,9.290943125765e-02
-5.408601395794e+00,5.705412236660e+00,9.014573902147e-02
-5.408422042714e+00,6.964566360649e+00,8.642591896252e-02
-5.408336246592e+00,4.746900080155e+00,9.153945943806e-02
-5.408250063613e+00,1.018394481272e+00,9.352823844036e-02
-5.408196156908e+00,1.276978372535e+00,9.348356221655e-02
-5.408154171763e+00,3.086348874855e+00,9.284732245996e-02
-5.408130615515e+00,6.828748532947e+00,8.702051121378e-02
-5.407906959318e+00,6.511460172936e+00,8.817296682960e-02
-5.407743786300e+00,1.725349975332e+00,9.338110136016e-02
-5.407625305187e+00,2.845500080194e+00,9.296952216163e-02
-5.407594671407e+00,6.063373186876e+00,8.939918689625e-02
-5.407277140364e+00,7.882258196821e+00,7.927187961266e-02
-5.407225935793e+00,3.413480922798e+00,9.266064581899e-02
-5.407204724338e+00,7.103456436904e+00,8.574475810138e-02
-5.407126890956e+00,2.104813700550e+00,9.326831685690e-02
-5.406858770664e+00,5.254038337250e+00,9.089336142789e-02
-5.406851612357e+00,7.557379564731e+00,8.270742576381e-02
-5.406550397733e+00,6.333703731647e+00,8.870917647268e-02
-5.406376263514e+00,6.696067796287e+00,8.754354393704e-02
-5.406143409071e+00,3.207494808497e+00,9.278295208262e-02
-5.406085969234e+00,5.472237679879e+00,9.055819280491e-02
-5.405876550302e+00,8.283155498664e+00,7.188194590169e-02
-5.405770065447e+00,8.037958697515e+00,7.699132947914e-02
-5.405599105532e+00,4.322095509121e+00,9.197503347654e-02
-5.405536879237e+00,4.696626730455e+00,9.159898704861e-02
-5.405185437787e+00,2.725872621541e+00,9.302757994356e-02
-5.405153610018e+00,6.112843631384e+00,8.928721592214e-02
-5.405060280942e+00,3.791871573725e+00,9.240962975412e-02
-5.404624754325e+00,3.706240982398e+00,9.247122014825e-02
-5.404563206121e+00,1.537400833466e+00,9.343102347217e-02
-5.404462737454e+00,3.877752761667e+00,9.234675035213e-02
-5.404433636998e+00,7.245353338838e+00,8.495755199586e-02
-5.404388479915e+00,4.185803147379e+00,9.209809810086e-02
-5.404279518337e+00,1.055180002300e+00,9.352596315439e-02
-5.403760898358e+00,1.313872021505e+00,9.348021926855e-02
-5.403695787854e+00,7.473343999385e+00,8.340760179740e-02
-5.403662529065e+00,5.305081941438e+00,9.082344348388e-02
-5.403629471388e+00,4.458984860014e+00,9.184769817060e-02
-5.403205597113e+00,6.566588404297e+00,8.800676542517e-02
-5.403187224462e+00,2.451096313656e+00,9.314595788725e-02
-5.403176901381e+00,3.620879081272e+00,9.253126989810e-02
-5.403029020136e+00,2.296139142926e+00,9.320529619399e-02
-5.402928570971e+00,1.951661503122e+00,9.332085806931e-02
-5.402811659178e+00,3.963866106999e+00,9.228258185956e-02
-5.402747586976e+00,6.386713778363e+00,8.856759851483e-02
-5.402550768569e+00,3.329069432153e+00,9.271641957229e-02
-5.402459129536e+00,6.162996507778e+00,8.917052028088e-02
-5.402429276327e+00,1.762418327158e+00,9.337587458541e-02
-5.402220613054e+00,4.646453086890e+00,9.165764969454e-02
-5.402026593109e+00,5.812205451426e+00,8.995237874165e-02
-5.401841819494e+00,5.640004228082e+00,9.027847687120e-02
-5.401809418588e+00,6.887325692002e+00,8.679608808816e-02
-5.401801625649e+00,8.709525274147e+00,5.237392722835e-02
-5.401756143338e+00,8.194378646394e+00,7.406762738595e-02
-5.401592740530e+00,8.799576672095e+00,4.366158844351e-02
-5.401405678052e+00,7.024507614629e+00,8.616864766603e-02
-5.401363158536e+00,2.606824620718e+00,9.308353407856e-02
-5.401266824653e+00,8.619685181264e+00,5.867674809619e-02
-5.400981530325e+00,2.142016030315e+00,9.326146879966e-02
-5.400813050911e+00,5.857972757266e+00,8.986252609343e-02
-5.400788303154e+00,7.794694641698e+00,8.040360969323e-02
-5.400737739374e+00,3.535803614611e+00,9.259009458194e-02
-5.400728913372e+00,6.753250539373e+00,8.734635874951e-02
-5.400638122797e+00,8.889834243637e+00,3.083544951715e-02
-5.400343050760e+00,5.523475118250e+00,9.048341031420e-02
-5.400247353635e+00,1.091958580644e+00,9.352353626833e-02
-5.400198854436e+00,3.003137041184e+00,9.289869628128e-02
-5.400086865635e+00,4.050192829352e+00,9.221678796393e-02
-5.400064560777e+00,7.390191073033e+00,8.403857512140e-02
-5.399992770704e+00,5.756806860456e+00,9.006466310535e-02
-5.399990416409e+00,8.530061509774e+00,6.344717842128e-02
-5.399894101884e+00,5.356164881982e+00,9.075233440942e-02
-5.399634938855e+00,1.574378877385e+00,9.342658995390e-02
-5.399563232760e+00,7.949849531293e+00,7.842271059982e-02
-5.399554358374e+00,2.882930507500e+00,9.295933573757e-02
-5.399506260644e+00,6.213825625828e+00,8.904882635380e-02
-5.399472249714e+00,7.164731189186e+00,8.544739275164e-02
-5.399372424737e+00,5.904453905859e+00,8.976914368923e-02
-5.399349114160e+00,3.123840288863e+00,9.283602944837e-02
-5.399262144495e+00,1.350755759287e+00,9.347672254507e-02
-5.399035363919e+00,7.708240466418e+00,8.135464286669e-02
-5.398935758421e+00,8.980292842356e+00,1.008823946808e-02
-5.398705762764e+00,4.272683239551e+00,9.202842495592e-02
-5.398666009836e+00,6.440374012228e+00,8.841949992158e-02
-5.398392307292e+00,4.596383924875e+00,9.171553517047e-02
-5.398210397638e+00,6.622346690152e+00,8.783240871133e-02
-5.397997898349e+00,4.409282108537e+00,9.190277900551e-02
-5.397974512230e+00,8.440659360549e+00,6.718270667481e-02
-5.397699554118e+00,5.951642871827e+00,8.967204606568e-02
-5.397465699708e+00,2.763258069354e+00,9.301797677499e-02
-5.397328553629e+00,3.451031973384e+00,9.264770654977e-02
-5.397139506079e+00,1.988786773604e+00,9.331466664511e-02
-5.397047771476e+00,1.799471137298e+00,9.337048985312e-02
-5.396955910523e+00,3.245001623588e+00,9.277103257991e-02
-5.396936568730e+00,4.986465183980e+00,9.127053920922e-02
-5.396904661804e+00,8.105843070177e+00,7.591299652370e-02
-5.396788496847e+00,7.622639929141e+00,8.219881482785e-02
-5.396751499065e+00,5.037152454665e+00,9.120604185977e-02
-5.396578114617e+00,4.935849576959e+00,9.133387999536e-02
-5.396440209404e+00,2.333383316196e+00,9.319759718609e-02
-5.396290071941e+00,6.265324763848e+00,8.892183910989e-02
-5.396268465918e+00,4.136713811252e+00,9.214960523344e-02
-5.396210358489e+00,2.488390598830e+00,9.313757625685e-02
-5.396153612947e+00,1.128729841045e+00,9.352095760818e-02
-5.396018307408e+00,5.087906347831e+00,9.114059565309e-02
-5.395964492318e+00,7.307930721560e+00,8.461057400972e-02
-5.395789315519e+00,5.999533597245e+00,8.957084887193e-02
-5.395680774226e+00,4.885310636267e+00,9.139638107860e-02
-5.395549142970e+00,5.407281881628e+00,9.068025478563e-02
-5.395221255452e+00,8.351483819024e+00,7.018652358148e-02
-5.395169833005e+00,6.946498366014e+00,8.655918573976e-02
-5.394773035469e+00,6.811042911655e+00,8.713879332667e-02
-5.394765922464e+00,2.179197483496e+00,9.325445853979e-02
-5.394732435322e+00,5.138721783846e+00,9.107426057384e-02
-5.394699956877e+00,1.387629199238e+00,9.347307178542e-02
-5.394641445498e+00,1.611343869684e+00,9.342200039603e-02
-5.394300892981e+00,6.494678083842e+00,8.826445940456e-02
-5.394249224125e+00,4.834853325666e+00,9.145805108832e-02
-5.394076656209e+00,5.691338333588e+00,9.019930782456e-02
-5.394061243211e+00,7.085030138926e+00,8.589619839525e-02
-5.394056858452e+00,4.546423979312e+00,9.177265226871e-02
-5.394054084218e+00,7.537903086157e+00,8.295304156179e-02
-5.394009174676e+00,5.574729016204e+00,9.040761853846e-02
-5.393983769978e+00,2.644155844423e+00,9.307446044029e-02
-5.393735129185e+00,3.829461856965e+00,9.239470767364e-02
-5.393645294826e+00,3.743820126121e+00,9.245673230970e-02
-5.393636622559e+00,6.048119991838e+00,8.946543631709e-02
-5.392970892187e+00,3.366581191091e+00,9.270392563569e-02
-5.392916709160e+00,6.678728586864e+00,8.764932801088e-02
-5.392889364540e+00,5.189593644818e+00,9.100702778579e-02
-5.392805670019e+00,6.317487669010e+00,8.878923995905e-02
-5.392785482843e+00,3.915347344730e+00,9.233140380201e-02
-5.392631874537e+00,7.861996173317e+00,7.966900753119e-02
-5.392536612896e+00,3.658440371879e+00,9.251729307833e-02
-5.392288179729e+00,4.784482569630e+00,9.151889884777e-02
-5.391998342007e+00,1.165493408427e+00,9.351822699109e-02
-5.391877305386e+00,4.359705783821e+00,9.195713460029e-02
-5.391732821170e+00,8.262539955128e+00,7.265394100573e-02
-5.391686894026e+00,3.040567263348e+00,9.288778437530e-02
-5.391599367676e+00,1.836507997879e+00,9.336494681306e-02
-5.391405681592e+00,2.920327646180e+00,9.294897390903e-02
-5.391402204617e+00,7.226572838639e+00,8.513132256540e-02
-5.391336863756e+00,4.223409602618e+00,9.208106879230e-02
-5.391324373759e+00,8.017553793474e+00,7.749149890202e-02
-5.391281882594e+00,2.025893474858e+00,9.330831481764e-02
-5.391236426165e+00,6.097395933224e+00,8.935566959178e-02
-5.390838569898e+00,7.454039952660e+00,8.362923628873e-02
-5.390776003811e+00,4.001458025896e+00,9.226671487263e-02
-5.390623347543e+00,5.458427626781e+00,9.060719577873e-02
-5.390484617087e+00,5.240516775100e+00,9.093888869757e-02
-5.390463517127e+00,3.161293670069e+00,9.282449790960e-02
-5.390429992175e+00,3.573340466206e+00,9.257652618607e-02
-5.390074399412e+00,1.424491955138e+00,9.346926672034e-02
-5.389802394965e+00,4.734203253084e+00,9.157893335650e-02
-5.389779678993e+00,2.370603775130e+00,9.318973219497e-02
-5.389669724947e+00,2.800612504338e+00,9.300816028078e-02
-5.389647501969e+00,6.549619613444e+00,8.810201873991e-02
-5.389582806773e+00,1.648295413238e+00,9.341725448194e-02
-5.389476302914e+00,1.562500050003e-02,9.362157667584e-02
-5.389343097927e+00,4.687500150008e-02,9.362152820600e-02
-5.389219200046e+00,4.496577944224e+00,9.182900991203e-02
-5.389209892941e+00,7.812500250013e-02,9.362134092421e-02
-5.389160248958e+00,2.525658669330e+00,9.312902659204e-02
-5.389076687954e+00,1.093750035002e-01,9.362101563289e-02
-5.389048199761e+00,6.370308057464e+00,8.865068434537e-02
-5.388943482967e+00,1.406250045003e-01,9.362055232052e-02
-5.388810277981e+00,1.718750055004e-01,9.361995097308e-02
-5.388677072994e+00,2.031250065004e-01,9.361921116647e-02
-5.388583714790e+00,6.147355267105e+00,8.924130334368e-02
-5.388543868007e+00,2.343750075005e-01,9.361831793987e-02
-5.388504101561e+00,6.869438377247e+00,8.692006166657e-02
-5.388480195867e+00,2.216357632508e+00,9.324728568542e-02
-5.388410663021e+00,2.656250085005e-01,9.361728653206e-02
-5.388277458034e+00,2.968750095005e-01,9.361609099201e-02
-5.388207415226e+00,7.006259957619e+00,8.630879792590e-02
-5.388174631242e+00,7.774707170971e+00,8.073454467349e-02
-5.388167943448e+00,8.688568593175e+00,5.468831629019e-02
-5.388144253048e+00,3.281250105004e-01,9.361474870948e-02
-5.388062062202e+00,8.778553267652e+00,4.691348740958e-02
-5.388011048061e+00,3.593750115004e-01,9.361326823804e-02
-5.387877936583e+00,5.797939032602e+00,9.000839239992e-02
-5.387877843074e+00,3.906250125003e-01,9.361164953376e-02
-5.387781588823e+00,1.202248908086e+00,9.351534422541e-02
-5.387744638088e+00,4.218750135002e-01,9.360988793205e-02
-5.387686626456e+00,4.087774997409e+00,9.220043677749e-02
-5.387686560051e+00,3.282467940325e+00,9.275893030732e-02
-5.387611433101e+00,4.531250145001e-01,9.360797561113e-02
-5.387530466805e+00,8.598795727262e+00,6.040720245881e-02
-5.387513755448e+00,5.291485981725e+00,9.086968454097e-02
-5.387511416378e+00,8.173832822927e+00,7.471645425471e-02
-5.387478228115e+00,4.843750155000e-01,9.360592472681e-02
-5.387346611689e+00,3.488537929339e+00,9.263454445374e-02
-5.387319919319e+00,6.735727621181e+00,8.745690075876e-02
-5.387211286301e+00,5.156250165000e-01,9.360384959565e-02
-5.387210774102e+00,8.868744620826e+00,3.573446012413e-02
-5.387148458939e+00,7.371060502503e+00,8.424019604633e-02
-5.387080172049e+00,5.625993942446e+00,9.033048328215e-02
-5.386810607660e+00,5.468750175001e-01,9.360173593354e-02
-5.386796661958e+00,4.684020221138e+00,9.163785897693e-02
-5.386700672225e+00,5.843507096035e+00,8.992019351542e-02
-5.386529694521e+00,2.681458265168e+00,9.306521676823e-02
-5.386409929020e+00,5.781250185002e-01,9.359949658359e-02
-5.386384380331e+00,7.146127275525e+00,8.560726263986e-02
-5.386359613704e+00,7.688422272133e+00,8.164898268950e-02
-5.386151713604e+00,8.509239784629e+00,6.478947779385e-02
-5.386084163341e+00,1.873528501619e+00,9.335924510887e-02
-5.386009250379e+00,6.093750195002e-01,9.359707069074e-02
-5.385706547928e+00,5.742670919755e+00,9.011905970063e-02
-5.385673514630e+00,6.197991807454e+00,8.912207356567e-02
-5.385612062646e+00,8.959137507865e+00,1.829443012510e-02
-5.385608571738e+00,6.406250205003e-01,9.359449935929e-02
-5.385385538364e+00,1.461343641125e+00,9.346530707217e-02
-5.385355814936e+00,2.062981189488e+00,9.330180220626e-02
-5.385297250136e+00,5.889789941508e+00,8.982855023153e-02
-5.385272762904e+00,4.310260424754e+00,9.201077359244e-02
-5.385207893098e+00,6.718750215004e-01,9.359178917950e-02
-5.385112452758e+00,5.509596767519e+00,9.053314885237e-02
-5.385017578985e+00,7.929515823231e+00,7.885687604560e-02
-5.385012844607e+00,6.423779614477e+00,8.850579904294e-02
-5.384807214457e+00,7.031250225005e-01,9.358894014357e-02
-5.384701141368e+00,6.605192191179e+00,8.793167863848e-02
-5.384459105833e+00,1.685233111368e+00,9.341235188760e-02
-5.384406535816e+00,7.343750235005e-01,9.358595225041e-02
-5.384051459585e+00,7.602992066807e+00,8.246251005464e-02
-5.384033797600e+00,8.419905864524e+00,6.825397165017e-02
-5.384005857175e+00,7.656250245005e-01,9.358282550598e-02
-5.383972383065e+00,5.342496034484e+00,9.079925922683e-02
-5.383884302372e+00,4.446850472346e+00,9.188442548582e-02
-5.383662505459e+00,5.936781547948e+00,8.973328304376e-02
-5.383605178535e+00,7.968750255004e-01,9.357955992363e-02
-5.383503403680e+00,1.238995965652e+00,9.351230911081e-02
-5.383497576593e+00,4.174279021148e+00,9.213281399457e-02
-5.383307915243e+00,3.404049925851e+00,9.269124768591e-02
-5.383275810764e+00,4.633938278733e+00,9.169599983819e-02
-5.383204499894e+00,8.281250265003e-01,9.357612788275e-02
-5.383179479101e+00,2.957691023266e+00,9.293843623697e-02
-5.383095987319e+00,3.077961374781e+00,9.287669514538e-02
-5.383047574713e+00,2.407800083218e+00,9.318170077293e-02
-5.382990317392e+00,7.288974667800e+00,8.479481553561e-02
-5.382803821253e+00,8.593750275002e-01,9.357252513309e-02
-5.382577447172e+00,3.781347176430e+00,9.244203771647e-02
-5.382559279853e+00,8.085367460437e+00,7.646583901414e-02
-5.382500889779e+00,6.249299336765e+00,8.899769577459e-02
-5.382403142613e+00,8.906250285002e-01,9.356878274623e-02
-5.382320302027e+00,3.866997805256e+00,9.237958956351e-02
-5.382124481632e+00,2.253496050542e+00,9.323994984268e-02
-5.382037056941e+00,2.562900079399e+00,9.312030845068e-02
-5.382002463972e+00,9.218750295001e-01,9.356490072327e-02
-5.381917623296e+00,6.928430371379e+00,8.668929678300e-02
-5.381809264484e+00,3.695951771067e+00,9.250312594108e-02
-5.381797703823e+00,2.837935462693e+00,9.299816860431e-02
-5.381791310254e+00,5.984475861715e+00,8.963399533689e-02
-5.381601785331e+00,9.531250305001e-01,9.356087907426e-02
-5.381497613842e+00,3.198708528556e+00,9.281278465583e-02
-5.381415455423e+00,6.793337290363e+00,8.725444399098e-02
-5.381256556079e+00,7.518426607583e+00,8.319011336731e-02
-5.381201106691e+00,9.843750315000e-01,9.355671781867e-02
-5.381178864572e+00,8.330799050751e+00,7.106109303168e-02
-5.381017307416e+00,3.952885312314e+00,9.231586099911e-02
-5.380917762083e+00,7.066603840947e+00,8.604380789308e-02
-5.380694826644e+00,6.477895994749e+00,8.835417911023e-02
-5.380633442357e+00,1.498183871694e+00,9.346119255493e-02
-5.380502259365e+00,1.910532241836e+00,9.335338437837e-02
-5.380036553541e+00,3.610829588078e+00,9.256276806142e-02
-5.379856144555e+00,5.393541666295e+00,9.072787582825e-02
-5.379678573710e+00,6.032866796801e+00,8.953061731668e-02
-5.379551916624e+00,5.677264430516e+00,9.025211173880e-02
-5.379492756412e+00,5.023943375057e+00,9.124846909243e-02
-5.379460956553e+00,4.973337896229e+00,9.131231241987e-02
-5.379457154806e+00,6.661389377441e+00,8.775289405384e-02
-5.379361420021e+00,2.100049500955e+00,9.329512842638e-02
-5.379270428234e+00,1.722156567957e+00,9.340729228183e-02
-5.379244709027e+00,4.583962190414e+00,9.175337314241e-02
-5.379163839157e+00,1.275734206989e+00,9.350912143841e-02
-5.379060942305e+00,6.301271606373e+00,8.886786297610e-02
-5.379039704820e+00,1.018311094322e+00,9.355351259583e-02
-5.379012237913e+00,5.560783917978e+00,9.045810578510e-02
-5.379001109025e+00,2.718731428484e+00,9.305580263989e-02
-5.378978154324e+00,5.074616934430e+00,9.118362973967e-02
-5.378887361808e+00,4.922805528625e+00,9.137507445057e-02
-5.378648224769e+00,4.038991010526e+00,9.225060127411e-02
-5.378370772236e+00,7.207792338439e+00,8.530037807128e-02
-5.378335605913e+00,3.319893260773e+00,9.274664489925e-02
-5.378189376862e+00,4.260950527923e+00,9.206370470819e-02
-5.378057172122e+00,4.397246174951e+00,9.193902801021e-02
-5.377986608711e+00,7.841734149813e+00,8.004916195805e-02
-5.377981351942e+00,7.434735905936e+00,8.384407870492e-02
-5.377912582937e+00,5.125353505167e+00,9.111791271814e-02
-5.377776618466e+00,4.872351264348e+00,9.143700724738e-02
-5.377589092039e+00,8.241924411593e+00,7.338126296595e-02
-5.377319242312e+00,6.081948235064e+00,8.942299759168e-02
-5.377280386250e+00,3.525998276379e+00,9.262119341242e-02
-5.376878682071e+00,7.997148889433e+00,7.796809623374e-02
-5.376291515005e+00,5.176147979775e+00,9.105130931720e-02
-5.376244045022e+00,2.444971804873e+00,9.317350247196e-02
-5.376133411817e+00,4.821980056550e+00,9.149811932329e-02
-5.376089406824e+00,6.532650822592e+00,8.819538445175e-02
-5.375818182360e+00,1.535012261781e+00,9.345692275147e-02
-5.375698913436e+00,2.290612311655e+00,9.323245061629e-02
-5.375560959329e+00,7.754719700244e+00,8.105287692863e-02
-5.375348812546e+00,6.353902336565e+00,8.873224338532e-02
-5.375198784535e+00,6.851551062493e+00,8.704120687192e-02
-5.375193103955e+00,4.125295874992e+00,9.218388348289e-02
-5.375160725851e+00,5.444617573683e+00,9.065552564868e-02
-5.375087880173e+00,1.054929964271e+00,9.355124166349e-02
-5.375009152400e+00,6.988012300609e+00,8.644554005614e-02
-5.374875958013e+00,2.995020167107e+00,9.292772229416e-02
-5.374853759113e+00,1.947518812495e+00,9.334736425386e-02
-5.374840946236e+00,2.600114384246e+00,9.311142139338e-02
-5.374762950101e+00,1.312463258322e+00,9.350578099084e-02
-5.374708300044e+00,6.131714026432e+00,8.931089921735e-02
-5.374708261578e+00,4.534096680158e+00,9.180998756753e-02
-5.374534261246e+00,8.667611912203e+00,5.677897619387e-02
-5.374531383874e+00,8.757529863210e+00,4.979799909761e-02
-5.374426355782e+00,3.115318895176e+00,9.286542821354e-02
-5.374232357102e+00,7.351929931972e+00,8.443592070647e-02
-5.374110463509e+00,5.226995212950e+00,9.098381106954e-02
-5.374016861933e+00,1.759065387472e+00,9.340207532645e-02
-5.373962465935e+00,4.771696819036e+00,9.155841938333e-02
-5.373910925265e+00,6.718204702988e+00,8.756506883629e-02
-5.373849829513e+00,2.875226481707e+00,9.298800223581e-02
-5.373794108958e+00,8.577906273260e+00,6.199144908196e-02
-5.373783425408e+00,8.847654998014e+00,3.996750829651e-02
-5.373729280057e+00,5.783672613778e+00,9.006358928255e-02
-5.373683863489e+00,7.668604077848e+00,8.193288909673e-02
-5.373562101413e+00,3.441475130925e+00,9.267838544522e-02
-5.373298817317e+00,2.137097993383e+00,9.328829308989e-02
-5.373296510948e+00,7.127523361864e+00,8.576297287067e-02
-5.373266689417e+00,8.153286999460e+00,7.533069512660e-02
-5.372588293539e+00,5.829041434804e+00,8.997700467174e-02
-5.372451640493e+00,3.236084375777e+00,9.280088927221e-02
-5.372318524604e+00,5.611983656809e+00,9.038175691937e-02
-5.372313010798e+00,8.488418059484e+00,6.603103547988e-02
-5.372288366871e+00,8.937982173375e+00,2.510012464154e-02
-5.371840768616e+00,6.182157989079e+00,8.919406739077e-02
-5.371742851957e+00,4.347769621726e+00,9.199291419026e-02
-5.371421530335e+00,3.818821595865e+00,9.242714741421e-02
-5.371420325151e+00,5.728534979054e+00,9.017267535528e-02
-5.371398193141e+00,2.755974880913e+00,9.304621763942e-02
-5.371364981831e+00,5.277890022013e+00,9.091530627224e-02
-5.371359679378e+00,6.407185216727e+00,8.859047786851e-02
-5.371314422324e+00,7.583344204472e+00,8.271735129946e-02
-5.371268543339e+00,4.721506426014e+00,9.161785718374e-02
-5.371222075535e+00,5.875125977157e+00,8.988705834330e-02
-5.371191885098e+00,6.588037692206e+00,8.802893592635e-02
-5.371076676808e+00,1.091542143996e+00,9.354881939128e-02
-5.370995161722e+00,3.733412749352e+00,9.248874887777e-02
-5.370939831680e+00,1.571828426799e+00,9.345249772887e-02
-5.370816132187e+00,3.904478873230e+00,9.236427536837e-02
-5.370632288360e+00,4.211780547475e+00,9.211582097146e-02
-5.370471925209e+00,7.909182115170e+00,7.927190748031e-02
-5.370300793637e+00,1.349182746229e+00,9.350228754242e-02
-5.370093082971e+00,8.399152368500e+00,6.925290368897e-02
-5.370044221575e+00,9.028506231441e+00,6.608629110482e-06
-5.370016142467e+00,7.270018614040e+00,8.497390541420e-02
-5.369881854755e+00,5.495718416788e+00,9.058220028797e-02
-5.369671410190e+00,4.484346431008e+00,9.186585192011e-02
-5.369625456801e+00,5.921920224069e+00,8.979357652032e-02
-5.369557715855e+00,3.648270459039e+00,9.254881999184e-02
-5.369369241020e+00,2.482118505443e+00,9.316513684443e-02
-5.369203627562e+00,2.327705990687e+00,9.322478761013e-02
-5.369158557769e+00,3.990366111571e+00,9.230010730504e-02
-5.369138768409e+00,1.984487808242e+00,9.334118436250e-02
-5.368903299372e+00,3.357277088564e+00,9.273417601471e-02
-5.368711707617e+00,6.233273909683e+00,8.907222772164e-02
-5.368698497308e+00,1.795959174864e+00,9.339670067662e-02
-5.368665413587e+00,6.910362376744e+00,8.681636209064e-02
-5.368459027940e+00,7.498950129010e+00,8.341956288593e-02
-5.368213897902e+00,8.064891850697e+00,7.699136175816e-02
-5.368057875377e+00,6.775631669071e+00,8.736754962463e-02
-5.368056444679e+00,4.671413711820e+00,9.167625237526e-02
-5.368050664245e+00,5.328827186985e+00,9.084555183227e-02
-5.367793304988e+00,5.969418126186e+00,8.969615103834e-02
-5.367774280956e+00,7.048177542968e+00,8.618772886728e-02
-5.367572083328e+00,2.637301140137e+00,9.310236498438e-02
-5.367168128838e+00,2.174126251584e+00,9.328129580562e-02
-5.367136473691e+00,8.310114282478e+00,7.188198670693e-02
-5.367130156734e+00,3.563412501876e+00,9.260765312698e-02
-5.367088760306e+00,6.461113905655e+00,8.844217706487e-02
-5.367006136581e+00,1.128147271885e+00,9.354624560404e-02
-5.366495328316e+00,3.032314607302e+00,9.291683166648e-02
-5.366428682787e+00,4.076464500770e+00,9.223428563515e-02
-5.365998465963e+00,1.608631982624e+00,9.344791680806e-02
-5.365997600452e+00,6.644050168017e+00,8.785431093110e-02
-5.365826298032e+00,2.912485099791e+00,9.297766072174e-02
-5.365777429165e+00,1.385892297631e+00,9.349864085922e-02
-5.365720524862e+00,6.017613601763e+00,8.959475593354e-02
-5.365678223788e+00,3.152639345626e+00,9.285398321976e-02
-5.365339339855e+00,7.189011838239e+00,8.546490589491e-02
-5.365316214590e+00,6.285055543736e+00,8.894508430202e-02
-5.365124133986e+00,7.415431859212e+00,8.405243273023e-02
-5.365027177039e+00,5.663190527444e+00,9.030416753565e-02
-5.364946420276e+00,4.298425340386e+00,9.204609255253e-02
-5.364388572158e+00,7.821525294069e+00,8.040440087417e-02
-5.364331008475e+00,4.621423470577e+00,9.173388101704e-02
-5.364163146141e+00,5.379801450962e+00,9.077485152138e-02
-5.364139133356e+00,4.434716084678e+00,9.192071426125e-02
-5.364015301151e+00,5.546838819751e+00,9.050789165989e-02
-5.363733717448e+00,3.478856302417e+00,9.266527967099e-02
-5.363721129250e+00,2.793188170181e+00,9.303646135860e-02
-5.363445362908e+00,8.221308868058e+00,7.406766485946e-02
-5.363402058459e+00,6.066500536904e+00,8.948922784232e-02
-5.363357395575e+00,2.021438824260e+00,9.333484432662e-02
-5.363325836256e+00,3.273420724602e+00,9.278881136434e-02
-5.363315427142e+00,1.832837535633e+00,9.339116798102e-02
-5.362947287417e+00,7.734732229518e+00,8.135947443782e-02
-5.362876303567e+00,1.164744986502e+00,9.354352011781e-02
-5.362638762896e+00,2.364776663275e+00,9.321696042786e-02
-5.362606673272e+00,4.162754894916e+00,9.216712826802e-02
-5.362531311680e+00,6.515682031739e+00,8.828691814074e-02
-5.362432990382e+00,7.976743985393e+00,7.842274032179e-02
-5.362423316462e+00,2.519239751184e+00,9.315660344379e-02
-5.362234013759e+00,5.010734295450e+00,9.129035048411e-02
-5.361985344376e+00,4.960210608478e+00,9.135355315491e-02
-5.361938001240e+00,5.061327521030e+00,9.122610670993e-02
-5.361893467508e+00,6.833663747738e+00,8.715961884576e-02
-5.361810889574e+00,6.969764643598e+00,8.657899592203e-02
-5.361649425330e+00,6.337496615665e+00,8.881231754674e-02
-5.361316255264e+00,7.332799361441e+00,8.462600104667e-02
-5.361196608999e+00,4.909761480290e+00,9.141574710854e-02
-5.361192918349e+00,1.422591539862e+00,9.349484069930e-02
-5.361092730553e+00,5.111985226488e+00,9.116099625099e-02
-5.361008113273e+00,7.648785883563e+00,8.220690197409e-02
-5.361000705546e+00,8.736506458768e+00,5.237398618089e-02
-5.360994163196e+00,1.645422545595e+00,9.344317979460e-02
-5.360969479122e+00,2.211133861129e+00,9.327413617983e-02
-5.360900579044e+00,8.646655231231e+00,5.867680367468e-02
-5.360832885297e+00,6.116072785759e+00,8.937933788039e-02
-5.360501931212e+00,6.700681784796e+00,8.767093837622e-02
-5.360356076713e+00,8.826565375203e+00,4.366164834781e-02
-5.360230637378e+00,2.674459904420e+00,9.309313879240e-02
-5.360208641565e+00,7.108919448203e+00,8.591468218752e-02
-5.360177866600e+00,3.856242848845e+00,9.241206128261e-02
-5.360097110763e+00,4.571540455954e+00,9.179075153201e-02
-5.360094613402e+00,3.770822779134e+00,9.247408563616e-02
-5.360057751111e+00,8.557016819258e+00,6.344722994281e-02
-5.359937312645e+00,1.562500050003e-02,9.364665678938e-02
-5.359872462706e+00,4.859391892430e+00,9.147712209525e-02
-5.359809134262e+00,4.687500150008e-02,9.364660452081e-02
-5.359698104160e+00,5.430807520586e+00,9.070319677658e-02
-5.359693665470e+00,5.162702314731e+00,9.109501051914e-02
-5.359680955879e+00,7.812500250013e-02,9.364641323122e-02
-5.359580623530e+00,5.769406194954e+00,9.011798759395e-02
-5.359552777495e+00,1.093750035002e-01,9.364608421381e-02
-5.359424599112e+00,1.406250045003e-01,9.364561745619e-02
-5.359389894692e+00,3.394618928903e+00,9.272152333937e-02
-5.359296420729e+00,1.718750055004e-01,9.364501294313e-02
-5.359222955655e+00,3.941904517630e+00,9.234876509051e-02
-5.359168242345e+00,2.031250065004e-01,9.364427065666e-02
-5.359040063962e+00,2.343750075005e-01,9.364338105226e-02
-5.359021962457e+00,8.132741175992e+00,7.591303097011e-02
-5.358993774644e+00,3.685662559735e+00,9.253468180254e-02
-5.358964671096e+00,8.916826838884e+00,3.083550300092e-02
-5.358911885579e+00,2.656250085005e-01,9.364234845666e-02
-5.358783707195e+00,2.968750095005e-01,9.364115221705e-02
-5.358687224027e+00,1.201334926767e+00,9.354064273981e-02
-5.358655528812e+00,3.281250105004e-01,9.363980956879e-02
-5.358577385063e+00,7.563696342137e+00,8.296361379400e-02
-5.358527350429e+00,3.593750115004e-01,9.363832899050e-02
-5.358475914853e+00,5.814575773573e+00,9.003297895637e-02
-5.358474307992e+00,8.467596334339e+00,6.718275411232e-02
-5.358399172045e+00,3.906250125003e-01,9.363671043502e-02
-5.358270993662e+00,4.218750135002e-01,9.363495385306e-02
-5.358142815279e+00,4.531250145001e-01,9.363305037168e-02
-5.358116445895e+00,4.385210241364e+00,9.197484718774e-02
-5.358037802874e+00,3.069573874706e+00,9.290576395443e-02
-5.358017599510e+00,4.809106787435e+00,9.153768651433e-02
-5.358014636895e+00,4.843750155000e-01,9.363100156729e-02
-5.358008022603e+00,6.166324170704e+00,8.926484006192e-02
-5.357867746621e+00,1.869700075852e+00,9.338547688219e-02
-5.357757768358e+00,5.156250165000e-01,9.362892342866e-02
-5.357736309931e+00,5.213473650800e+00,9.102814116803e-02
-5.357727308195e+00,2.949710856590e+00,9.296714361884e-02
-5.357706514150e+00,6.390590818976e+00,8.867358177182e-02
-5.357682628828e+00,6.570883193232e+00,8.812424112040e-02
-5.357672990960e+00,4.249217816296e+00,9.209857171047e-02
-5.357556877159e+00,5.597973371173e+00,9.043231369387e-02
-5.357509751399e+00,2.058371456405e+00,9.332834376414e-02
-5.357372209666e+00,5.468750175001e-01,9.362679320352e-02
-5.357209583903e+00,4.027789191700e+00,9.228402888106e-02
-5.357146900934e+00,5.860462012806e+00,8.994468870895e-02
-5.357134102375e+00,5.714399038354e+00,9.022552725169e-02
-5.357041967541e+00,7.251062560281e+00,8.514805441453e-02
-5.356986650974e+00,5.781250185002e-01,9.362454355195e-02
-5.356896205702e+00,3.600780094885e+00,9.259392333407e-02
-5.356851818612e+00,3.189922248615e+00,9.284230422581e-02
-5.356824499530e+00,9.007285693533e+00,1.008826287723e-02
-5.356601092282e+00,6.093750195002e-01,9.362214361626e-02
-5.356547325128e+00,1.459280100598e+00,9.349088681278e-02
-5.356215533590e+00,6.406250205003e-01,9.361956487658e-02
-5.356152368341e+00,8.378398872476e+00,7.018656715479e-02
-5.356004460893e+00,2.401823905938e+00,9.320895850789e-02
-5.355970102459e+00,2.830370845193e+00,9.302652362106e-02
-5.355927003712e+00,1.682199732477e+00,9.343828636356e-02
-5.355926271434e+00,7.888848407108e+00,7.966903493040e-02
-5.355829974898e+00,6.718750215004e-01,9.361684726521e-02
-5.355661499801e+00,7.479473650436e+00,8.364184937259e-02
-5.355636752141e+00,4.758911068443e+00,9.159744895517e-02
-5.355588408142e+00,5.907058900190e+00,8.985294858160e-02
-5.355444416206e+00,7.031250225005e-01,9.361399076593e-02
-5.355413203878e+00,6.892294382109e+00,8.694048666663e-02
-5.355406427750e+00,2.556335109261e+00,9.314790182530e-02
-5.355359664704e+00,4.521769381003e+00,9.184687248605e-02
-5.355216208214e+00,5.264294062301e+00,9.096032168407e-02
-5.355058857514e+00,7.343750235005e-01,9.361099536858e-02
-5.354922525455e+00,6.217248482600e+00,8.914546965750e-02
-5.354702995233e+00,2.248120408341e+00,9.326681381673e-02
-5.354700295332e+00,6.757926047779e+00,8.747819295116e-02
-5.354673298822e+00,7.656250245005e-01,9.360786106938e-02
-5.354651256752e+00,5.481840066057e+00,9.063057933022e-02
-5.354630799828e+00,7.029751244990e+00,8.632809670550e-02
-5.354438946418e+00,1.237916731924e+00,9.353761326863e-02
-5.354287740130e+00,7.968750255004e-01,9.360458787135e-02
-5.354120443257e+00,3.310717089393e+00,9.277655056020e-02
-5.354117741993e+00,4.113877938732e+00,9.221776805615e-02
-5.353902181438e+00,8.281250265003e-01,9.360117578461e-02
-5.353868515952e+00,8.044416240957e+00,7.749153060283e-02
-5.353823033126e+00,3.516192938147e+00,9.265195628417e-02
-5.353795299722e+00,5.954360390657e+00,8.975733953971e-02
-5.353516622746e+00,8.593750275002e-01,9.359758945908e-02
-5.353482693969e+00,6.444331816561e+00,8.852850247317e-02
-5.353131064054e+00,8.906250285002e-01,9.359384228560e-02
-5.353094082810e+00,8.289429514205e+00,7.265398101643e-02
-5.352816780262e+00,2.711590235426e+00,9.308374239159e-02
-5.352745505362e+00,9.218750295001e-01,9.358995539013e-02
-5.352734691712e+00,4.708809598943e+00,9.165629384547e-02
-5.352538046099e+00,6.626710958594e+00,8.795364472721e-02
-5.352359946670e+00,9.531250305001e-01,9.358592877001e-02
-5.352355553334e+00,1.906546402171e+00,9.337962701679e-02
-5.352307907474e+00,7.170231338040e+00,8.562508371663e-02
-5.352266916029e+00,7.396127812487e+00,8.425458438720e-02
-5.352128945426e+00,5.315158339487e+00,9.089122554601e-02
-5.351974387978e+00,9.843750315000e-01,9.358176243129e-02
-5.351840715718e+00,1.495957607860e+00,9.348677894202e-02
-5.351837764879e+00,7.801369606087e+00,8.073678003699e-02
-5.351762476014e+00,6.002360406726e+00,8.965787738703e-02
-5.351608398529e+00,4.335833459632e+00,9.202827249852e-02
-5.351595949085e+00,2.095285301359e+00,9.332168228895e-02
-5.351571486876e+00,6.268839481099e+00,8.902094136254e-02
-5.350797070169e+00,1.718963160582e+00,9.343323618283e-02
-5.350502437454e+00,5.649116624372e+00,9.035549151437e-02
-5.350333615505e+00,7.714744758791e+00,8.165496814555e-02
-5.350131521405e+00,1.274490041442e+00,9.353443149430e-02
-5.350123620334e+00,4.472114917793e+00,9.190219401451e-02
-5.349927712965e+00,4.200151492333e+00,9.215017139945e-02
-5.349829346028e+00,1.018227707373e+00,9.357855636936e-02
-5.349795649196e+00,3.431918288465e+00,9.270868658777e-02
-5.349553061590e+00,2.986903293031e+00,9.295645049542e-02
-5.349503597404e+00,3.106797501489e+00,9.289451877459e-02
-5.349484874606e+00,6.051052838744e+00,8.955438736965e-02
-5.349316227400e+00,4.658807202503e+00,9.171417680410e-02
-5.349301633777e+00,8.200693324523e+00,7.471649101744e-02
-5.349300865582e+00,2.438847296090e+00,9.320077575377e-02
-5.349107931484e+00,3.808181334765e+00,9.245922690235e-02
-5.349018364388e+00,5.532893721525e+00,9.055699122757e-02
-5.348973216536e+00,6.498713240886e+00,8.837667326117e-02
-5.348846781532e+00,3.893610401730e+00,9.239677925492e-02
-5.348612626749e+00,6.951516986588e+00,8.670928171188e-02
-5.348588150482e+00,6.815776432984e+00,8.727538856237e-02
-5.348470147726e+00,5.366061235630e+00,9.082119550648e-02
-5.348400153426e+00,7.313668790910e+00,8.481067499799e-02
-5.348368806736e+00,2.285085480383e+00,9.325932831898e-02
-5.348345028618e+00,3.723005372584e+00,9.252035336304e-02
-5.348332363058e+00,7.628967689277e+00,8.247152478626e-02
-5.348318733936e+00,2.593404147774e+00,9.313903154687e-02
-5.348145300651e+00,2.867522455913e+00,9.301637709012e-02
-5.347987298694e+00,7.956339081352e+00,7.885690525493e-02
-5.347950038115e+00,6.321090894766e+00,8.889094725021e-02
-5.347947370463e+00,3.227167127965e+00,9.283043273377e-02
-5.347541111726e+00,3.979274197246e+00,9.233305879364e-02
-5.347470027217e+00,8.715483054325e+00,5.468837471891e-02
-5.347266896843e+00,8.625698550259e+00,6.040725714956e-02
-5.347120772182e+00,7.090315534542e+00,8.606254144071e-02
-5.347092937158e+00,6.683158866603e+00,8.777458165748e-02
-5.347073158599e+00,1.532623690096e+00,9.348251682185e-02
-5.346957470551e+00,6.100431545086e+00,8.944664833280e-02
-5.346928728019e+00,8.805475752392e+00,4.691354792021e-02
-5.346778947255e+00,1.943376121869e+00,9.337361801594e-02
-5.346578818813e+00,3.638100546199e+00,9.258000380844e-02
-5.346321393264e+00,8.536127365257e+00,6.478952835072e-02
-5.345896242010e+00,1.054679926242e+00,9.357628973449e-02
-5.345840347802e+00,7.544048479803e+00,8.320132029347e-02
-5.345765001843e+00,1.311054495140e+00,9.353109719838e-02
-5.345640975321e+00,8.895671504394e+00,3.573451758431e-02
-5.345616104310e+00,2.132179956450e+00,9.331485951136e-02
-5.345604447540e+00,1.755712447786e+00,9.342802891328e-02
-5.345431967004e+00,5.755139776130e+00,9.017160501666e-02
-5.345386206185e+00,4.608908662420e+00,9.177130257307e-02
-5.345330686573e+00,2.748691692472e+00,9.307417536251e-02
-5.345170739117e+00,4.065154004132e+00,9.226774860590e-02
-5.344975271107e+00,4.997525215842e+00,9.133169721971e-02
-5.344897848157e+00,5.048038107629e+00,9.126803801551e-02
-5.344835706557e+00,3.347972986036e+00,9.276410651199e-02
-5.344777235497e+00,8.112195352525e+00,7.646587282844e-02
-5.344635605187e+00,8.446774609194e+00,6.825401815652e-02
-5.344620077648e+00,4.286590256017e+00,9.208099861120e-02
-5.344509732198e+00,4.947083320727e+00,9.139427224506e-02
-5.344393964340e+00,4.422581697009e+00,9.195657312299e-02
-5.344363536167e+00,5.800110112342e+00,9.008813519787e-02
-5.344272878168e+00,5.098616947809e+00,9.120352289687e-02
-5.344235482468e+00,5.416997467488e+00,9.075022313256e-02
-5.344175276589e+00,6.150490352329e+00,8.933442273980e-02
-5.344173372559e+00,6.553728694259e+00,8.821765239914e-02
-5.344067792616e+00,7.232106506521e+00,8.531746207493e-02
-5.344053348921e+00,6.373996421226e+00,8.875515447828e-02
-5.343830321294e+00,3.553484537546e+00,9.263844388696e-02
-5.343604777486e+00,8.986065155625e+00,1.829446861584e-02
-5.343505856191e+00,4.896717431955e+00,9.145590855087e-02
-5.343095815935e+00,5.149256649688e+00,9.113814339520e-02
-5.343071726333e+00,5.845798048455e+00,9.000146139947e-02
-5.342863971662e+00,7.459997171862e+00,8.385729888519e-02
-5.342847879598e+00,5.700263097653e+00,9.027763208643e-02
-5.342795229714e+00,5.583963085536e+00,9.048216907354e-02
-5.342528123551e+00,2.475846412056e+00,9.319242593518e-02
-5.342244724505e+00,1.569277976212e+00,9.347810017967e-02
-5.342211653712e+00,8.357645376452e+00,7.106113574743e-02
-5.342160994169e+00,6.874226387474e+00,8.706177080013e-02
-5.341968306946e+00,4.846432520512e+00,9.151673596021e-02
-5.341967045721e+00,2.322028665179e+00,9.325167928831e-02
-5.341905999979e+00,1.091125707348e+00,9.357387201598e-02
-5.341715769950e+00,4.151230768684e+00,9.220104871110e-02
-5.341551359483e+00,5.892197576311e+00,8.991142064740e-02
-5.341487318701e+00,7.011324947011e+00,8.646504032091e-02
-5.341380617658e+00,7.868514699047e+00,8.004918890362e-02
-5.341362156353e+00,5.199952088650e+00,9.107189128213e-02
-5.341342715286e+00,6.740220426487e+00,8.758645319467e-02
-5.341339442779e+00,1.347609733171e+00,9.352761015412e-02
-5.341303762605e+00,3.024061951255e+00,9.294558093267e-02
-5.341160396678e+00,2.630446435852e+00,9.312999216984e-02
-5.341138030739e+00,1.980188842880e+00,9.336744950553e-02
-5.341133343294e+00,6.201223055517e+00,8.921745511181e-02
-5.340949512499e+00,4.559118721494e+00,9.182767946741e-02
-5.340892930449e+00,3.143985021183e+00,9.288309576125e-02
-5.340349223140e+00,1.792447212430e+00,9.342266420910e-02
-5.340246914472e+00,2.904642553402e+00,9.300605567253e-02
-5.340120823208e+00,3.469174675496e+00,9.269566550557e-02
-5.339901787202e+00,4.796233518319e+00,9.157676276114e-02
-5.339876627631e+00,6.427549727468e+00,8.861320271494e-02
-5.339797294457e+00,5.939302655128e+00,8.981758368183e-02
-5.339570335212e+00,2.169055019672e+00,9.330787503853e-02
-5.339523134001e+00,8.023940631217e+00,7.796812737372e-02
-5.339420658750e+00,5.467961715326e+00,9.067830028555e-02
-5.339409698073e+00,7.376823765763e+00,8.445080329432e-02
-5.339286957600e+00,7.781213918104e+00,8.105644929331e-02
-5.339276475093e+00,7.151450837840e+00,8.578108013303e-02
-5.339078491745e+00,6.609371749171e+00,8.805095888483e-02
-5.339067434597e+00,5.250698102589e+00,9.100474343469e-02
-5.339051691929e+00,8.268744745932e+00,7.338130220354e-02
-5.338965112460e+00,3.264373508879e+00,9.281837896504e-02
-5.338175719668e+00,4.373174307778e+00,9.201024496857e-02
-5.338035431173e+00,3.845487892434e+00,9.244417254546e-02
-5.337858660216e+00,1.127564702725e+00,9.357130303759e-02
-5.337826759161e+00,6.252623418461e+00,8.909547028927e-02
-5.337804427166e+00,5.987107211688e+00,8.972000610924e-02
-5.337772533553e+00,2.785763836024e+00,9.306443729320e-02
-5.337719943593e+00,7.694757288064e+00,8.193994480408e-02
-5.337611779631e+00,3.760298381839e+00,9.250578039862e-02
-5.337428603893e+00,3.930923722945e+00,9.238130132157e-02
-5.337355486428e+00,1.605920095565e+00,9.347352873573e-02
-5.337311038347e+00,4.746125317849e+00,9.163599742997e-02
-5.337156605058e+00,4.237485104668e+00,9.213301322725e-02
-5.336854901452e+00,1.384155396025e+00,9.352397012655e-02
-5.336207226606e+00,5.301489491988e+00,9.093629333034e-02
-5.336178284803e+00,3.675373348404e+00,9.256589436582e-02
-5.336011067830e+00,4.509442081848e+00,9.188331594318e-02
-5.335977697869e+00,5.635042721300e+00,9.040609951847e-02
-5.335770943038e+00,4.016587372874e+00,9.231707823749e-02
-5.335686383965e+00,2.512820833038e+00,9.318390860328e-02
-5.335656612842e+00,7.609149494992e+00,8.272722758833e-02
-5.335567690753e+00,6.035605140584e+00,8.961850234053e-02
-5.335497846798e+00,2.358949551420e+00,9.324386632613e-02
-5.335484051589e+00,7.294538220379e+00,8.499016743353e-02
-5.335471874142e+00,3.385187931956e+00,9.275147889830e-02
-5.335432908556e+00,2.016984173663e+00,9.336112110662e-02
-5.335415121392e+00,6.481744450033e+00,8.846470124215e-02
-5.335414363923e+00,6.933269329578e+00,8.683650826305e-02
-5.335282833456e+00,6.797889118229e+00,8.738860305404e-02
-5.335157904646e+00,8.180077780988e+00,7.533073119928e-02
-5.335031486607e+00,1.829167073388e+00,9.341714171797e-02
-5.334250650899e+00,6.304685173867e+00,8.896817149052e-02
-5.334200840085e+00,4.696112771873e+00,9.169426154782e-02
-5.334032902799e+00,7.071711620881e+00,8.620669407039e-02
-5.334021427626e+00,5.518948623298e+00,9.060541913865e-02
-5.333939348889e+00,8.694459649883e+00,5.677903392071e-02
-5.333931580235e+00,2.667461543673e+00,9.312078325989e-02
-5.333755857862e+00,3.590730601692e+00,9.262474220763e-02
-5.333754265127e+00,1.163996564576e+00,9.356858261424e-02
-5.333683943105e+00,6.665635948411e+00,8.787606800283e-02
-5.333633214641e+00,8.604741869287e+00,6.199150283213e-02
-5.333541607006e+00,7.935934177311e+00,7.927193619227e-02
-5.333501379324e+00,8.784386129580e+00,4.979805969765e-02
-5.333458762376e+00,2.205910089749e+00,9.330072847500e-02
-5.333103310541e+00,7.524400617468e+00,8.343146511833e-02
-5.333082055805e+00,6.084790304412e+00,8.951285863566e-02
-5.333042380031e+00,4.102460002472e+00,9.225126656696e-02
-5.332979618429e+00,3.061186374631e+00,9.293453452616e-02
-5.332777149312e+00,5.352321020297e+00,9.086692105693e-02
-5.332585035417e+00,8.515237911255e+00,6.603108506785e-02
-5.332405519619e+00,1.642549677951e+00,9.346880220328e-02
-5.332317279547e+00,8.874516169903e+00,3.996756819320e-02
-5.332311437285e+00,1.420691124586e+00,9.352017687265e-02
-5.332275137289e+00,2.941730689914e+00,9.299555892100e-02
-5.332206023382e+00,3.181135968674e+00,9.287149456798e-02
-5.331473945100e+00,4.323897297537e+00,9.206321776401e-02
-5.331283310478e+00,5.740873357306e+00,9.022445872978e-02
-5.331093617690e+00,7.213150452761e+00,8.548231743788e-02
-5.330796902381e+00,8.425952884049e+00,6.925294927857e-02
-5.330664116289e+00,6.536574195286e+00,8.830922568855e-02
-5.330576010121e+00,4.646200693185e+00,9.175164158352e-02
-5.330575830478e+00,4.459883404577e+00,9.193809263971e-02
-5.330532508536e+00,8.091649529058e+00,7.699139495929e-02
-5.330400183692e+00,6.357402023475e+00,8.883523813934e-02
-5.330398322377e+00,1.562500050003e-02,9.367150527801e-02
-5.330385055442e+00,8.964844617718e+00,2.510017294392e-02
-5.330365680002e+00,3.506387599915e+00,9.268238954836e-02
-5.330342530575e+00,6.134656533955e+00,8.940284555711e-02
-5.330275170597e+00,4.687500150008e-02,9.367144928057e-02
-5.330251157482e+00,5.785644451111e+00,9.014249167978e-02
-5.330152018817e+00,7.812500250013e-02,9.367125407451e-02
-5.330142501095e+00,2.822806227693e+00,9.305452778021e-02
-5.330066443523e+00,7.440520693288e+00,8.406621818479e-02
-5.330028867037e+00,1.093750035002e-01,9.367092142889e-02
-5.329905715257e+00,1.406250045003e-01,9.367045133049e-02
-5.329905280601e+00,3.301540918012e+00,9.280614254136e-02
-5.329782563477e+00,1.718750055004e-01,9.366984376296e-02
-5.329663687862e+00,2.053761723321e+00,9.335463243576e-02
-5.329659411697e+00,2.031250065004e-01,9.366909870681e-02
-5.329651329902e+00,1.865871650085e+00,9.341146108139e-02
-5.329592859231e+00,1.200420945448e+00,9.356571055211e-02
-5.329536259916e+00,2.343750075005e-01,9.366821305880e-02
-5.329413108136e+00,2.656250085005e-01,9.366717937401e-02
-5.329289956356e+00,2.968750095005e-01,9.366598253673e-02
-5.329223137569e+00,4.188522437190e+00,9.218412785216e-02
-5.329166804576e+00,3.281250105004e-01,9.366463963068e-02
-5.329043652796e+00,3.593750115004e-01,9.366315906088e-02
-5.328996551731e+00,5.831134084104e+00,9.005739589495e-02
-5.328961347074e+00,2.395847728657e+00,9.323588903412e-02
-5.328920501016e+00,3.906250125003e-01,9.366154077705e-02
-5.328908784460e+00,6.856158392839e+00,8.718031032667e-02
-5.328797349236e+00,4.218750135002e-01,9.365978472645e-02
-5.328775798559e+00,2.549770139123e+00,9.317522331091e-02
-5.328772860777e+00,5.403187414390e+00,9.079661830827e-02
-5.328674197456e+00,4.531250145001e-01,9.365789085400e-02
-5.328561656822e+00,5.686127156952e+00,9.032900608723e-02
-5.328551045676e+00,4.843750155000e-01,9.365584784714e-02
-5.328343837574e+00,6.992898649032e+00,8.659868253363e-02
-5.328304250414e+00,5.156250165000e-01,9.365376691913e-02
-5.328270939082e+00,8.336891880427e+00,7.188202858574e-02
-5.328033582268e+00,5.569952799900e+00,9.053133809848e-02
-5.327985135240e+00,6.722514805195e+00,8.769240626273e-02
-5.327933811671e+00,5.468750175001e-01,9.365162071043e-02
-5.327864210140e+00,7.848186423815e+00,8.040518975648e-02
-5.327857695073e+00,5.034748694229e+00,9.130943480935e-02
-5.327716528454e+00,4.984316136234e+00,9.137252019349e-02
-5.327709111891e+00,1.457216560071e+00,9.351623014149e-02
-5.327702745347e+00,9.055366305377e+00,6.608629093474e-06
-5.327563372928e+00,5.781250185002e-01,9.364936116203e-02
-5.327514310824e+00,5.877336252432e+00,8.996901045034e-02
-5.327453025784e+00,5.085248669130e+00,9.124550407331e-02
-5.327394901592e+00,1.679166353585e+00,9.346392028884e-02
-5.327344161132e+00,6.185197628434e+00,8.928821648682e-02
-5.327281508833e+00,2.242744766140e+00,9.329341942311e-02
-5.327192934184e+00,6.093750195002e-01,9.364696331679e-02
-5.327034120021e+00,4.933956032976e+00,9.143448024235e-02
-5.326877430876e+00,3.882741930230e+00,9.242892248772e-02
-5.326822495441e+00,6.406250205003e-01,9.364440072585e-02
-5.326794332634e+00,3.797541073665e+00,9.249095301476e-02
-5.326736150320e+00,7.761058230121e+00,8.136428526380e-02
-5.326632451500e+00,2.704449042369e+00,9.311140438795e-02
-5.326552480117e+00,7.357519719038e+00,8.464134381843e-02
-5.326497966400e+00,5.135810984645e+00,9.118071963352e-02
-5.326452056698e+00,6.718750215004e-01,9.364167605352e-02
-5.326441403896e+00,4.596393854264e+00,9.180827361402e-02
-5.326270561294e+00,6.410767638374e+00,8.869632342873e-02
-5.326245042713e+00,7.132670337640e+00,8.593305522805e-02
-5.326081617955e+00,7.031250225005e-01,9.363881247775e-02
-5.326029196979e+00,3.422361446006e+00,9.273866742619e-02
-5.325923665684e+00,3.968182282921e+00,9.236562753392e-02
-5.325815103382e+00,4.883673383620e+00,9.149556908789e-02
-5.325799289191e+00,5.924244919599e+00,8.987690561035e-02
-5.325711179211e+00,7.343750235005e-01,9.363580997961e-02
-5.325694895515e+00,3.712597995816e+00,9.255159486576e-02
-5.325618937391e+00,6.592032539748e+00,8.814631433529e-02
-5.325374489156e+00,1.236837498196e+00,9.356268664873e-02
-5.325340740468e+00,7.656250245005e-01,9.363266854597e-02
-5.325177752050e+00,8.003465021477e+00,7.842277091777e-02
-5.325106271681e+00,7.674769817338e+00,8.221495076263e-02
-5.325009301048e+00,8.248059977659e+00,7.406770334552e-02
-5.324988002775e+00,5.186430526500e+00,9.111507337670e-02
-5.324970301725e+00,7.968750255004e-01,9.362938816982e-02
-5.324648795325e+00,4.410447309341e+00,9.199201048435e-02
-5.324599862981e+00,8.281250265003e-01,9.362596885063e-02
-5.324580839026e+00,3.098276107802e+00,9.292331088725e-02
-5.324293735020e+00,4.274755171649e+00,9.211549981991e-02
-5.324230165166e+00,2.978786418955e+00,9.298488639961e-02
-5.324229424238e+00,8.593750275002e-01,9.362241059476e-02
-5.324208847304e+00,1.902560562505e+00,9.340562193495e-02
-5.324190060747e+00,5.454083364595e+00,9.072537707121e-02
-5.324082031447e+00,6.236407355824e+00,8.916870597513e-02
-5.324064151187e+00,4.833473148593e+00,9.155585891612e-02
-5.323912795447e+00,4.053843507493e+00,9.230083313103e-02
-5.323858985495e+00,8.906250285002e-01,9.361867396584e-02
-5.323846378317e+00,5.971854016651e+00,8.978116577544e-02
-5.323830478150e+00,2.090521101764e+00,9.334798310543e-02
-5.323599921772e+00,3.627930633360e+00,9.261085101216e-02
-5.323488546752e+00,9.218750295001e-01,9.361478262298e-02
-5.323443100432e+00,3.218249880153e+00,9.285966881950e-02
-5.323118108008e+00,9.531250305001e-01,9.361075147575e-02
-5.323047989079e+00,1.493731344027e+00,9.351212967438e-02
-5.322980862627e+00,7.589331300707e+00,8.297402409201e-02
-5.322918660980e+00,5.237102142876e+00,9.104855744640e-02
-5.322747669265e+00,9.843750315000e-01,9.360658051724e-02
-5.322567949751e+00,7.275407649848e+00,8.516469104778e-02
-5.322440771789e+00,2.859818430120e+00,9.304444642982e-02
-5.322357686142e+00,2.432722787307e+00,9.322774701494e-02
-5.322323712103e+00,1.715769753208e+00,9.345888269241e-02
-5.322216101097e+00,6.915021672568e+00,8.696078136571e-02
-5.321977516429e+00,6.780001803474e+00,8.749934562190e-02
-5.321857026248e+00,6.464775659180e+00,8.855105158247e-02
-5.321801914234e+00,4.546696987033e+00,9.186416584864e-02
-5.321796521636e+00,2.586693911302e+00,9.316636961339e-02
-5.321785974895e+00,4.783360249203e+00,9.161535790630e-02
-5.321650506900e+00,6.020157442424e+00,8.968159809657e-02
-5.321452958284e+00,5.620968818229e+00,9.045600695141e-02
-5.321099203654e+00,1.273245875896e+00,9.355951069307e-02
-5.321038700036e+00,2.279558649112e+00,9.328594748361e-02
-5.321014175514e+00,8.159462237452e+00,7.591306637315e-02
-5.320945033415e+00,7.053107707220e+00,8.634727655462e-02
-5.320824866629e+00,4.139706642452e+00,9.223458292469e-02
-5.320768113742e+00,3.338668883509e+00,9.279372310846e-02
-5.320618987235e+00,1.018144320423e+00,9.360337383424e-02
-5.320551263684e+00,6.288279452967e+00,8.904402789891e-02
-5.320530485853e+00,3.543556573216e+00,9.266890481068e-02
-5.320408670561e+00,8.673436245440e+00,5.867686057618e-02
-5.320366273279e+00,7.504752755134e+00,8.365439878493e-02
-5.320285507787e+00,5.287820644490e+00,9.098076780137e-02
-5.320274949051e+00,6.648113030218e+00,8.797546392821e-02
-5.320074030630e+00,8.763296506769e+00,5.237404650410e-02
-5.319999532439e+00,8.583785188315e+00,6.344728272073e-02
-5.319263180005e+00,2.741408504032e+00,9.310185513121e-02
-5.319206641059e+00,6.069149063739e+00,8.957799594872e-02
-5.319095915318e+00,7.915529273270e+00,7.966906315972e-02
-5.319024490863e+00,5.505003525072e+00,9.065318964346e-02
-5.318993583772e+00,8.853360835413e+00,4.366170961322e-02
-5.318985324553e+00,4.733339567255e+00,9.167407442407e-02
-5.318848677570e+00,8.494348457253e+00,6.718280273555e-02
-5.318704135397e+00,1.939233431242e+00,9.339962390865e-02
-5.318328134838e+00,1.530235118412e+00,9.350787520506e-02
-5.318234993441e+00,4.361138374192e+00,9.204522957579e-02
-5.318119442765e+00,7.194194399001e+00,8.564279972836e-02
-5.317933391302e+00,2.127261919518e+00,9.334117272444e-02
-5.317268915384e+00,7.421044214714e+00,8.426889613278e-02
-5.317192033146e+00,1.752359508100e+00,9.345368910774e-02
-5.317165333398e+00,8.943624079810e+00,3.083555767297e-02
-5.317154860019e+00,6.519419696313e+00,8.839901476991e-02
-5.317134653952e+00,5.726606938482e+00,9.027656542679e-02
-5.317084150897e+00,5.338580804964e+00,9.091204109021e-02
-5.316958199575e+00,8.405131158904e+00,7.018661184514e-02
-5.316767053586e+00,1.309645731957e+00,9.355618246569e-02
-5.316747018463e+00,6.340807625725e+00,8.891387340253e-02
-5.316704603846e+00,1.054429888212e+00,9.360111144077e-02
-5.316662470956e+00,4.497114782694e+00,9.191932663568e-02
-5.316640219156e+00,4.225752393040e+00,9.216700581445e-02
-5.316509784562e+00,6.118822715580e+00,8.947013766057e-02
-5.316507928967e+00,3.459493048575e+00,9.272567183349e-02
-5.316287781576e+00,8.071103705591e+00,7.749156320923e-02
-5.316138778796e+00,5.771178789880e+00,9.019606616013e-02
-5.316112196894e+00,3.015809295209e+00,9.297403768507e-02
-5.316107637110e+00,3.135330696739e+00,9.291190964472e-02
-5.315892995746e+00,3.834732936023e+00,9.247593021972e-02
-5.315687006082e+00,2.469574318669e+00,9.321943987292e-02
-5.315666988458e+00,4.683415944802e+00,9.173176958844e-02
-5.315656574751e+00,6.838090398204e+00,8.729619687217e-02
-5.315634252131e+00,3.919942928261e+00,9.241347670802e-02
-5.315377048879e+00,7.827863581414e+00,8.073900684970e-02
-5.315200356446e+00,6.974472351053e+00,8.672914042557e-02
-5.315128945861e+00,3.749773984543e+00,9.253710521476e-02
-5.314921377130e+00,5.816470119753e+00,9.011251110611e-02
-5.314748710028e+00,2.623591731566e+00,9.315734706934e-02
-5.314730463879e+00,2.316351339670e+00,9.327831225622e-02
-5.314667530912e+00,2.896800007013e+00,9.303416415295e-02
-5.314627555194e+00,6.704809183903e+00,8.779612491780e-02
-5.314604388664e+00,3.255326293156e+00,9.284763895982e-02
-5.314587315359e+00,9.034081073876e+00,1.008828679521e-02
-5.314332302172e+00,4.005385554048e+00,9.234975661576e-02
-5.314330224453e+00,8.316138384403e+00,7.265402207981e-02
-5.314275434046e+00,5.671991216251e+00,9.037966502931e-02
-5.314185343041e+00,7.740902542138e+00,8.166092674451e-02
-5.313695262160e+00,7.338215672314e+00,8.482644613218e-02
-5.313554978970e+00,6.169172201352e+00,8.935778510426e-02
-5.313549617330e+00,1.566727525626e+00,9.350346645988e-02
-5.313477262165e+00,5.862474928553e+00,9.002572817166e-02
-5.313362794963e+00,3.665084137073e+00,9.259677010708e-02
-5.313310239085e+00,5.389377361292e+00,9.084239552947e-02
-5.313271934823e+00,5.555942514263e+00,9.057983539561e-02
-5.313213610332e+00,7.113889837441e+00,8.608116110168e-02
-5.313137293069e+00,1.975889877518e+00,9.339346662724e-02
-5.312735323152e+00,1.090709270700e+00,9.359869821595e-02
-5.312664494956e+00,6.393985549280e+00,8.877790859107e-02
-5.312492599768e+00,7.654782346611e+00,8.248049537493e-02
-5.312378091921e+00,1.346036720112e+00,9.355270173880e-02
-5.312159383037e+00,6.574693330325e+00,8.823976962146e-02
-5.311999948972e+00,1.788935249996e+00,9.344833922261e-02
-5.311972541585e+00,2.163983787759e+00,9.333420089841e-02
-5.311967018069e+00,4.091042066212e+00,9.228438644479e-02
-5.311835792842e+00,4.633594183868e+00,9.178865580043e-02
-5.311823937857e+00,2.778339501866e+00,9.309213507410e-02
-5.311801283925e+00,5.909187184069e+00,8.993532680196e-02
-5.311553853591e+00,3.375756935008e+00,9.278112033806e-02
-5.311339491672e+00,4.311961135443e+00,9.209775802358e-02
-5.311028040622e+00,4.447651891361e+00,9.197356967257e-02
-5.310966910168e+00,8.227375209386e+00,7.471652877350e-02
-5.310832370099e+00,7.982989411737e+00,7.885693532319e-02
-5.310817541989e+00,5.021459280828e+00,9.135030795525e-02
-5.310633173399e+00,5.071880390451e+00,9.128695090072e-02
-5.310615510023e+00,3.580681108499e+00,9.265523102001e-02
-5.310457785801e+00,4.971107056627e+00,9.141283001833e-02
-5.310337303733e+00,6.220191293187e+00,8.924068212686e-02
-5.310305112411e+00,7.569513106422e+00,8.321247259582e-02
-5.309900116865e+00,5.122365319601e+00,9.122275061690e-02
-5.309888329469e+00,5.956600821613e+00,8.984137933305e-02
-5.309651847913e+00,7.256277079317e+00,8.533444716619e-02
-5.309558507843e+00,4.920828745225e+00,9.147418742889e-02
-5.309017838271e+00,6.896774015558e+00,8.708220204632e-02
-5.308959462744e+00,5.440205013864e+00,9.077182322829e-02
-5.308949451469e+00,2.506401914893e+00,9.321094702952e-02
-5.308712506894e+00,1.603208208505e+00,9.349890315799e-02
-5.308711183850e+00,1.126982133565e+00,9.359613398247e-02
-5.308672199403e+00,6.762114488720e+00,8.760769603342e-02
-5.308613849197e+00,5.172908964350e+00,9.115769910290e-02
-5.308518562174e+00,4.176893382048e+00,9.221769791721e-02
-5.308356930701e+00,2.353122439565e+00,9.327051334020e-02
-5.308298931104e+00,6.447806868327e+00,8.863577194027e-02
-5.308124350573e+00,4.870629335286e+00,9.153473876711e-02
-5.307932373740e+00,1.382418494418e+00,9.354906827644e-02
-5.307921433984e+00,3.052798874556e+00,9.296301236820e-02
-5.307857164032e+00,7.034503793559e+00,8.648441882548e-02
-5.307733323047e+00,6.004709744265e+00,8.974369918633e-02
-5.307632523091e+00,2.660463182925e+00,9.314815524156e-02
-5.307629236018e+00,7.485104892799e+00,8.387045069528e-02
-5.307560228153e+00,3.172349688733e+00,9.290033044640e-02
-5.307508421538e+00,2.012529523065e+00,9.338714971053e-02
-5.307496601606e+00,4.583879046107e+00,9.184480302059e-02
-5.306928218700e+00,5.606894915157e+00,9.050522879177e-02
-5.306908326878e+00,3.496582261683e+00,9.271249189116e-02
-5.306877992233e+00,8.652412840998e+00,6.040731314221e-02
-5.306870446383e+00,8.138846693917e+00,7.646590758181e-02
-5.306865954997e+00,6.630590112026e+00,8.807283328325e-02
-5.306851876468e+00,6.271873732068e+00,8.911855280209e-02
-5.306822966382e+00,2.933750523238e+00,9.302368753230e-02
-5.306769887363e+00,5.223506183164e+00,9.109178861301e-02
-5.306747546073e+00,1.825496611142e+00,9.344283271909e-02
-5.306646681935e+00,8.742206883957e+00,5.468843450611e-02
-5.306365850238e+00,8.562828507343e+00,6.478958014045e-02
-5.306159995427e+00,4.820513776675e+00,9.159450078096e-02
-5.305948045630e+00,2.200686318370e+00,9.332706723021e-02
-5.305690117945e+00,3.292364746632e+00,9.283542668848e-02
-5.305669887997e+00,8.832205500922e+00,4.691360980572e-02
-5.305331226313e+00,6.053507823066e+00,8.964208656625e-02
-5.305145267839e+00,7.175238345241e+00,8.579907898052e-02
-5.305112319723e+00,8.473459003251e+00,6.825406582531e-02
-5.304908080221e+00,3.871873458730e+00,9.246071192503e-02
-5.304903626309e+00,4.398312921672e+00,9.202703455213e-02
-5.304650223629e+00,7.895124369229e+00,8.004921666556e-02
-5.304632226688e+00,1.163248142651e+00,9.359341855420e-02
-5.304480733784e+00,3.786900812565e+00,9.252233246391e-02
-5.304471387245e+00,7.401567736141e+00,8.446560496942e-02
-5.304363788968e+00,5.274151796991e+00,9.102466124047e-02
-5.304314899731e+00,2.815241610192e+00,9.308224380940e-02
-5.304306219642e+00,3.957090368596e+00,9.239783524577e-02
-5.304027554101e+00,5.491058426845e+00,9.070031660563e-02
-5.303967392392e+00,4.262920087281e+00,9.214960403320e-02
-5.303945611353e+00,8.922403541902e+00,3.573457632113e-02
-5.303816876042e+00,1.639676810307e+00,9.349418501154e-02
-5.303670162587e+00,4.770486980087e+00,9.165348154322e-02
-5.303645603749e+00,6.502265197339e+00,8.848707138152e-02
-5.303429956221e+00,1.418790709311e+00,9.354528183457e-02
-5.303119496770e+00,8.384309433759e+00,7.106117955824e-02
-5.303093853234e+00,6.324213227974e+00,8.899109947790e-02
-5.303044762411e+00,3.702190619047e+00,9.258249934234e-02
-5.302985997425e+00,5.712340519658e+00,9.032794133246e-02
-5.302889887618e+00,7.807540739012e+00,8.106000684479e-02
-5.302677038548e+00,6.102988897205e+00,8.953632725080e-02
-5.302654851778e+00,4.042533010854e+00,9.233354647214e-02
-5.302654315970e+00,4.534275252573e+00,9.190021935451e-02
-5.302404365042e+00,6.820022403570e+00,8.740951808113e-02
-5.302262744763e+00,3.412804603547e+00,9.276833393004e-02
-5.302145169369e+00,2.543205168985e+00,9.320227786528e-02
-5.302056875319e+00,6.956046053075e+00,8.685652567080e-02
-5.302043054616e+00,8.050557882124e+00,7.796815940326e-02
-5.302026400110e+00,5.756713128650e+00,9.024887589015e-02
-5.301918233254e+00,2.389871551376e+00,9.326255033497e-02
-5.301817624325e+00,2.049151990238e+00,9.338067277384e-02
-5.301634535762e+00,7.720746854155e+00,8.194696761784e-02
-5.301471885371e+00,9.012795842375e+00,1.829450794321e-02
-5.301434913183e+00,1.862043224318e+00,9.343716927389e-02
-5.301391152483e+00,5.324840589631e+00,9.095656817970e-02
-5.301269975149e+00,6.687103562610e+00,8.789767893822e-02
-5.300859332108e+00,1.562500050003e-02,9.369612637442e-02
-5.300846202529e+00,5.801806155402e+00,9.016682539488e-02
-5.300838044204e+00,7.318911625589e+00,8.500633718521e-02
-5.300741206932e+00,4.687500150008e-02,9.369606671605e-02
-5.300659610759e+00,4.720553816662e+00,9.171168775251e-02
-5.300623081755e+00,7.812500250013e-02,9.369586768195e-02
-5.300621024730e+00,3.617760720520e+00,9.264136793387e-02
-5.300504956578e+00,1.093750035002e-01,9.369553150269e-02
-5.300498494436e+00,1.199506964128e+00,9.359055173630e-02
-5.300448122738e+00,2.697307849311e+00,9.313879369792e-02
-5.300389509823e+00,8.295384888379e+00,7.338134247346e-02
-5.300386831401e+00,1.406250045003e-01,9.369505816424e-02
-5.300268706224e+00,1.718750055004e-01,9.369444764913e-02
-5.300182177951e+00,7.095109337241e+00,8.622554235987e-02
-5.300150581048e+00,2.031250065004e-01,9.369369993647e-02
-5.300032455871e+00,2.343750075005e-01,9.369281500199e-02
-5.299989211269e+00,5.657855275550e+00,9.042962425091e-02
-5.299933963307e+00,4.128182516221e+00,9.226773832610e-02
-5.299914330694e+00,2.656250085005e-01,9.369178349316e-02
-5.299878927856e+00,7.634794875884e+00,8.273705406900e-02
-5.299860022434e+00,2.237369123939e+00,9.331977132048e-02
-5.299796205517e+00,2.968750095005e-01,9.369058615526e-02
-5.299765796808e+00,6.153146774269e+00,8.942619124998e-02
-5.299678080340e+00,3.281250105004e-01,9.368924309407e-02
-5.299658080647e+00,3.089754714116e+00,9.295181005537e-02
-5.299559955164e+00,3.593750115004e-01,9.368776264235e-02
-5.299441829987e+00,3.906250125003e-01,9.368614474682e-02
-5.299440213506e+00,5.847613604675e+00,9.008160712998e-02
-5.299323704810e+00,4.218750135002e-01,9.368438935141e-02
-5.299205579633e+00,4.531250145001e-01,9.368249639738e-02
-5.299087454457e+00,4.843750155000e-01,9.368046582343e-02
-5.299058428619e+00,6.377203460186e+00,8.885800059136e-02
-5.298938830402e+00,3.209332632342e+00,9.288857296092e-02
-5.298907268743e+00,2.970669544878e+00,9.301303539270e-02
-5.298870898654e+00,1.455153019544e+00,9.354134216125e-02
-5.298862799471e+00,1.676132974694e+00,9.348931172592e-02
-5.298850732471e+00,5.156250165000e-01,9.367838423683e-02
-5.298699828683e+00,6.557354120901e+00,8.833138101352e-02
-5.298510287378e+00,5.541932228627e+00,9.062767519261e-02
-5.298495413676e+00,5.468750175001e-01,9.367622260260e-02
-5.298294267215e+00,4.349102440606e+00,9.207980903120e-02
-5.298140094882e+00,5.781250185002e-01,9.367395354645e-02
-5.297847617394e+00,5.375567308195e+00,9.088756766820e-02
-5.297803278659e+00,5.894129448540e+00,8.999286808935e-02
-5.297784776087e+00,6.093750195002e-01,9.367154620300e-02
-5.297629362196e+00,7.549694912137e+00,8.344330777370e-02
-5.297429457293e+00,6.406250205003e-01,9.366900056941e-02
-5.297313874082e+00,4.484787483539e+00,9.195491304480e-02
-5.297230650412e+00,3.533628608886e+00,9.269904209292e-02
-5.297133136831e+00,4.670719117732e+00,9.176882703295e-02
-5.297074138498e+00,6.718750215004e-01,9.366627966747e-02
-5.296924519287e+00,8.206690441114e+00,7.533076824666e-02
-5.296736242928e+00,2.852114404327e+00,9.307218093939e-02
-5.296735746076e+00,7.237146508787e+00,8.549962649143e-02
-5.296718819703e+00,7.031250225005e-01,9.366340938599e-02
-5.296700520927e+00,3.329364780981e+00,9.282303164494e-02
-5.296592576018e+00,6.203975230550e+00,8.931143131498e-02
-5.296486988148e+00,7.962513801996e+00,7.927196574853e-02
-5.296363500909e+00,7.343750235005e-01,9.366040017365e-02
-5.296310031894e+00,1.235758264468e+00,9.358753332527e-02
-5.296123833254e+00,4.214019681413e+00,9.220061186510e-02
-5.296065007214e+00,2.085756902168e+00,9.337403542830e-02
-5.296062141273e+00,1.898574722840e+00,9.343134855863e-02
-5.296008182114e+00,7.656250245005e-01,9.365725200825e-02
-5.295930280621e+00,5.941347626576e+00,8.990066902934e-02
-5.295819575445e+00,6.878526358548e+00,8.720086683220e-02
-5.295652863320e+00,7.968750255004e-01,9.365396487311e-02
-5.295414506702e+00,2.426598278524e+00,9.325442284084e-02
-5.295366882377e+00,6.744227173965e+00,8.771373070753e-02
-5.295297544525e+00,8.281250265003e-01,9.365053875745e-02
-5.295274309336e+00,2.579983674830e+00,9.319344054939e-02
-5.294942225730e+00,8.593750275002e-01,9.364697365667e-02
-5.294892198757e+00,7.465457030465e+00,8.407993069188e-02
-5.294769294649e+00,7.015899879898e+00,8.661824465578e-02
-5.294740835960e+00,6.430838077475e+00,8.871890821765e-02
-5.294586906936e+00,8.906250285002e-01,9.364326957286e-02
-5.294255262440e+00,1.491505080193e+00,9.353724899679e-02
-5.294231588141e+00,9.218750295001e-01,9.363938645143e-02
-5.293876269347e+00,9.531250305001e-01,9.363535120122e-02
-5.293850354037e+00,1.712576345833e+00,9.348428299999e-02
-5.293839900369e+00,3.908962133576e+00,9.244529809846e-02
-5.293816139194e+00,5.989262046105e+00,8.980482939602e-02
-5.293813321015e+00,5.058512111773e+00,9.132787421186e-02
-5.293777388906e+00,5.008169867427e+00,9.139066803703e-02
-5.293750560320e+00,3.823977979612e+00,9.250734100937e-02
-5.293728864742e+00,5.426326663132e+00,9.081765193432e-02
-5.293708593336e+00,2.274031817840e+00,9.331231276816e-02
-5.293520950552e+00,9.843750315000e-01,9.363117606550e-02
-5.293456960944e+00,6.613067193833e+00,8.816823738328e-02
-5.293347313905e+00,8.631389436555e+00,6.199155786179e-02
-5.293302267330e+00,5.108919654558e+00,9.126424743263e-02
-5.293219333240e+00,8.721117261146e+00,5.677909298971e-02
-5.293199043149e+00,4.957897977019e+00,9.145259268808e-02
-5.293195673438e+00,2.734125315591e+00,9.312926201237e-02
-5.293152489253e+00,6.255468011169e+00,8.919178127816e-02
-5.293095575563e+00,4.620987674550e+00,9.182522831570e-02
-5.292895034726e+00,3.449811421654e+00,9.275536361468e-02
-5.292893661306e+00,3.994183735222e+00,9.238199820473e-02
-5.292732168036e+00,8.541871826371e+00,6.603113586505e-02
-5.292726717252e+00,8.118231150382e+00,7.699142908248e-02
-5.292646112091e+00,3.739249587248e+00,9.256803861437e-02
-5.292403479115e+00,5.592821012085e+00,9.055377960769e-02
-5.292346192222e+00,8.811050166431e+00,4.979812167459e-02
-5.292239695619e+00,5.159387402200e+00,9.119977980822e-02
-5.292171092914e+00,7.156282291482e+00,8.595131661714e-02
-5.292082895666e+00,4.907701457473e+00,9.151340382530e-02
-5.292066885902e+00,1.272001710350e+00,9.358436310912e-02
-5.291673859106e+00,7.382091257567e+00,8.465660148519e-02
-5.291480250766e+00,4.435420378145e+00,9.200863330315e-02
-5.291455811567e+00,6.037866582393e+00,8.970515595118e-02
-5.291408628442e+00,1.018060933474e+00,9.362796896869e-02
-5.291375961876e+00,8.452569549249e+00,6.925299600768e-02
-5.291322343772e+00,3.126676372296e+00,9.294043037012e-02
-5.291216008376e+00,7.874677452032e+00,8.040597628890e-02
-5.291205038243e+00,4.300024973348e+00,9.213190111793e-02
-5.290920631184e+00,3.007556639163e+00,9.300220730657e-02
-5.290891656107e+00,4.079624129952e+00,9.231713494016e-02
-5.290725889309e+00,8.901183003995e+00,3.996762942063e-02
-5.290629323540e+00,1.935090740615e+00,9.342537024023e-02
-5.290621113746e+00,5.209910223452e+00,9.113446370105e-02
-5.290547305122e+00,3.654794925742e+00,9.262731534988e-02
-5.290433597765e+00,4.857585286951e+00,9.157342738137e-02
-5.290402726358e+00,7.787217896611e+00,8.136907504190e-02
-5.290250678295e+00,2.122343882586e+00,9.336723728134e-02
-5.290243664868e+00,3.246279077433e+00,9.287659706203e-02
-5.290136347479e+00,6.485110698366e+00,8.857344531466e-02
-5.289583111077e+00,1.527846546727e+00,9.353300207393e-02
-5.289440688005e+00,6.307618830223e+00,8.906695420089e-02
-5.289280793964e+00,8.363487708614e+00,7.188207153815e-02
-5.289152155332e+00,6.801954408934e+00,8.752035783017e-02
-5.289088147352e+00,2.888957460623e+00,9.306194607702e-02
-5.289083728482e+00,7.700591166172e+00,8.222296071753e-02
-5.289030617338e+00,5.477113328619e+00,9.074681351504e-02
-5.288913394192e+00,6.937619755096e+00,8.698094484356e-02
-5.288845888613e+00,2.463302225282e+00,9.324613045964e-02
-5.288844292534e+00,6.087155078831e+00,8.960144162040e-02
-5.288837340899e+00,5.698074100834e+00,9.037860221916e-02
-5.288779618753e+00,1.749006568414e+00,9.347909852634e-02
-5.288551799317e+00,4.571364237951e+00,9.188089945319e-02
-5.288442070148e+00,5.260482949493e+00,9.106798560512e-02
-5.288356455383e+00,8.991510610874e+00,2.510022229616e-02
-5.288337023379e+00,2.616737027281e+00,9.318443463788e-02
-5.288255839667e+00,4.807554404757e+00,9.163267112469e-02
-5.287980826248e+00,7.299607578865e+00,8.518123159726e-02
-5.287914021424e+00,5.742247467419e+00,9.030093763212e-02
-5.287912395103e+00,6.669397941318e+00,8.799713526942e-02
-5.287813986778e+00,4.165264326905e+00,9.225088899939e-02
-5.287798327655e+00,8.030012058656e+00,7.842280238778e-02
-5.287769105328e+00,1.308236968774e+00,9.358104086739e-02
-5.287635833041e+00,3.366325938061e+00,9.281045349434e-02
-5.287512965683e+00,1.054179850183e+00,9.362571076068e-02
-5.287493882037e+00,2.310674014162e+00,9.330469117103e-02
-5.287475162183e+00,3.570631615306e+00,9.268539595969e-02
-5.287265255944e+00,7.614807405157e+00,8.298438417700e-02
-5.287150745570e+00,7.076328837041e+00,8.636633656909e-02
-5.286771027928e+00,5.787142191051e+00,9.022035659412e-02
-5.286448795194e+00,8.274631392355e+00,7.406774284414e-02
-5.285976614647e+00,6.137121347187e+00,8.949346421631e-02
-5.285875342160e+00,2.770915167709e+00,9.311955976594e-02
-5.285702988493e+00,5.643719334849e+00,9.047889866830e-02
-5.285698154068e+00,5.311100374298e+00,9.100051456593e-02
-5.285554350280e+00,4.757613710972e+00,9.169114302383e-02
-5.285452362281e+00,6.360421371092e+00,8.893664030268e-02
-5.285403164847e+00,5.832752280796e+00,9.013666628427e-02
-5.285240274329e+00,6.540014911478e+00,8.842120261804e-02
-5.285235954046e+00,9.082027809624e+00,6.608629070638e-06
-5.285158457293e+00,4.386178534004e+00,9.206165333269e-02
-5.285136555399e+00,1.971590912156e+00,9.341923398122e-02
-5.284953611980e+00,7.529876717852e+00,8.366688378239e-02
-5.284854510156e+00,1.564177075040e+00,9.352860111798e-02
-5.284374747959e+00,2.158912555847e+00,9.336027793710e-02
-5.283819644238e+00,7.218015938256e+00,8.566040979189e-02
-5.283805273394e+00,5.879071713011e+00,9.004954968513e-02
-5.283748639933e+00,5.527921942990e+00,9.067487133149e-02
-5.283650674803e+00,1.785423287563e+00,9.347375799154e-02
-5.283641049764e+00,4.251085002914e+00,9.218331891444e-02
-5.283564646323e+00,1.090292834052e+00,9.362330196970e-02
-5.283506717706e+00,4.521853518113e+00,9.193584844926e-02
-5.283450973753e+00,3.486776923451e+00,9.274220915502e-02
-5.283416741063e+00,1.344463707054e+00,9.357756637133e-02
-5.282938729565e+00,3.861004987230e+00,9.249215426206e-02
-5.282914432923e+00,3.163563408792e+00,9.292887295472e-02
-5.282882128406e+00,8.186005672841e+00,7.591310273280e-02
-5.282863249540e+00,3.044411374482e+00,9.299120286022e-02
-5.282847848304e+00,6.187759167913e+00,8.938098502114e-02
-5.282688773599e+00,3.945998454271e+00,9.242968876773e-02
-5.282621312619e+00,6.860278701538e+00,8.731686799869e-02
-5.282384995703e+00,5.361757255097e+00,9.093214725443e-02
-5.282333896965e+00,4.707768066068e+00,9.174878845702e-02
-5.282212518972e+00,2.499982996747e+00,9.323767279551e-02
-5.282167134934e+00,3.776260551465e+00,9.255337180267e-02
-5.282155161496e+00,7.445809168131e+00,8.428313047835e-02
-5.282141606197e+00,7.942038192256e+00,7.966909221916e-02
-5.282061565350e+00,6.726339859211e+00,8.781752288818e-02
-5.281972231772e+00,5.926094431538e+00,8.995905643791e-02
-5.281681425266e+00,6.997295966237e+00,8.674887201879e-02
-5.281474955289e+00,3.283188575252e+00,9.286440871059e-02
-5.281396908108e+00,4.031222514215e+00,9.236589571636e-02
-5.281370795476e+00,2.925770356562e+00,9.305153471610e-02
-5.281333465948e+00,2.653464822177e+00,9.317525969082e-02
-5.281216014604e+00,2.347295327710e+00,9.329690612635e-02
-5.281182740816e+00,6.413869286622e+00,8.880050464076e-02
-5.280394629307e+00,3.691783242279e+00,9.261307310870e-02
-5.280069527359e+00,1.600496321445e+00,9.352404584706e-02
-5.280047966891e+00,6.595544275641e+00,8.826173513376e-02
-5.279898955341e+00,5.973814347945e+00,8.986501177880e-02
-5.279816635577e+00,8.610366032113e+00,6.344733675500e-02
-5.279791984546e+00,8.700027638334e+00,5.867691880063e-02
-5.279583934519e+00,2.008074872468e+00,9.341293458540e-02
-5.279563707484e+00,1.126399564405e+00,9.362074241738e-02
-5.279453102038e+00,6.239062290269e+00,8.926374720979e-02
-5.279196917989e+00,7.137326237722e+00,8.609966598598e-02
-5.279098485834e+00,8.520915145399e+00,6.718285254448e-02
-5.279043059986e+00,4.116658389989e+00,9.230052215436e-02
-5.279022496447e+00,8.789894831941e+00,5.237410819791e-02
-5.279009846027e+00,1.380681592811e+00,9.357393938402e-02
-5.278876330967e+00,7.362614778993e+00,8.484212809521e-02
-5.278793269559e+00,7.854188521679e+00,8.074122496674e-02
-5.278599285204e+00,4.658022290662e+00,9.180544272192e-02
-5.278582988121e+00,8.097615606847e+00,7.749159672116e-02
-5.278498266739e+00,5.412448312401e+00,9.086287601520e-02
-5.278496292546e+00,3.403247761087e+00,9.279769192964e-02
-5.278487298367e+00,2.807676992692e+00,9.310968654781e-02
-5.278463605538e+00,1.821826148897e+00,9.346826107643e-02
-5.278437328885e+00,2.195462546990e+00,9.335315699693e-02
-5.278353540988e+00,4.337066507020e+00,9.211399116128e-02
-5.277965277208e+00,4.472460184385e+00,9.199002654960e-02
-5.277915565097e+00,7.766895054210e+00,8.166685811971e-02
-5.277878739530e+00,5.578747109014e+00,9.060167357075e-02
-5.277642127689e+00,3.607590807680e+00,9.267156075545e-02
-5.277639604029e+00,8.431680095247e+00,7.018665765254e-02
-5.277580396821e+00,6.022225341720e+00,8.976722876760e-02
-5.277506167265e+00,8.879962466087e+00,4.366177223977e-02
-5.276993468630e+00,5.045143833094e+00,9.136828456093e-02
-5.276737235822e+00,4.994880454027e+00,9.143052536734e-02
-5.276704417795e+00,5.095473989514e+00,9.130522088187e-02
-5.276627091209e+00,6.467956199393e+00,8.865818450424e-02
-5.276532921203e+00,7.680435478189e+00,8.248942130318e-02
-5.275940300496e+00,4.944688897411e+00,9.149185577488e-02
-5.275899945623e+00,6.783886414300e+00,8.762879642798e-02
-5.275865542041e+00,5.145865840050e+00,9.124132654627e-02
-5.275787522777e+00,6.291024432473e+00,8.914147409200e-02
-5.275769913064e+00,6.919193457117e+00,8.710249970533e-02
-5.275607447352e+00,4.202286969785e+00,9.223383877107e-02
-5.275514540178e+00,2.536640198846e+00,9.322904945566e-02
-5.275510188248e+00,1.162499720725e+00,9.361803191661e-02
-5.275442091159e+00,8.342665983469e+00,7.265406419587e-02
-5.275241025395e+00,8.970225379373e+00,3.083561353333e-02
-5.275228232465e+00,1.636803942664e+00,9.351933597228e-02
-5.275123608292e+00,7.280303532140e+00,8.535133248027e-02
-5.275011546520e+00,6.071321260456e+00,8.966550719005e-02
-5.274875119435e+00,2.383895374096e+00,9.328895723143e-02
-5.274735322269e+00,3.081233320429e+00,9.298002165525e-02
-5.274688684373e+00,5.683807682010e+00,9.042856342243e-02
-5.274651584031e+00,7.594819934431e+00,8.322356959292e-02
-5.274607283489e+00,4.894574169722e+00,9.155213919878e-02
-5.274554815057e+00,6.651692320026e+00,8.809455816606e-02
-5.274548475157e+00,1.416890294035e+00,9.357015966045e-02
-5.274472340129e+00,5.196314263739e+00,9.117659402214e-02
-5.274434560372e+00,3.200415384530e+00,9.291713747198e-02
-5.274355358284e+00,4.608381165233e+00,9.186136777092e-02
-5.274263793975e+00,2.690166656254e+00,9.316591527319e-02
-5.274119313189e+00,7.057548336842e+00,8.650367467816e-02
-5.274033680576e+00,5.463168230393e+00,9.079269350027e-02
-5.273971560789e+00,2.044542257154e+00,9.340646922538e-02
-5.273930814971e+00,3.523700644556e+00,9.272886178266e-02
-5.273801642738e+00,5.727781806188e+00,9.035226767656e-02
-5.273584372320e+00,2.962552670802e+00,9.304090273546e-02
-5.273553600695e+00,8.009466235189e+00,7.885696625040e-02
-5.273218496463e+00,1.858214798551e+00,9.346260745643e-02
-5.272742844956e+00,4.844541238616e+00,9.161164447671e-02
-5.272695853327e+00,5.772478226700e+00,9.027312202646e-02
-5.272632928113e+00,3.320060678454e+00,9.285203782597e-02
-5.272520351329e+00,5.246814101994e+00,9.111075253948e-02
-5.272508080565e+00,8.253877896331e+00,7.471656752292e-02
-5.272438536035e+00,2.231993481738e+00,9.334587405985e-02
-5.272277861765e+00,7.510058523567e+00,8.388353337379e-02
-5.272225131943e+00,9.060678395905e+00,1.008831122200e-02
-5.272187432485e+00,6.121095920104e+00,8.955963234243e-02
-5.272045548607e+00,3.897981338892e+00,9.247677217893e-02
-5.271932460910e+00,4.423188864930e+00,9.204329152197e-02
-5.271846295943e+00,6.343639281998e+00,8.901386714897e-02
-5.271780719975e+00,6.522675702055e+00,8.850928648083e-02
-5.271608124893e+00,3.813223023202e+00,9.253841145932e-02
-5.271455020441e+00,3.982981916396e+00,9.241388402450e-02
-5.271416765717e+00,5.629583394148e+00,9.052750279012e-02
-5.271404129640e+00,1.198592982809e+00,9.361517027154e-02
-5.271366116189e+00,5.817890956917e+00,9.019092404263e-02
-5.271320341840e+00,1.562500050003e-02,9.372052420661e-02
-5.271207243266e+00,4.687500150008e-02,9.372046095338e-02
-5.271094144693e+00,7.812500250013e-02,9.372025817689e-02
-5.271070584815e+00,4.288088811254e+00,9.216565469733e-02
-5.271031714066e+00,2.844410378534e+00,9.309964195644e-02
-5.270981046119e+00,1.093750035002e-01,9.371991855535e-02
-5.270903542400e+00,7.198885367725e+00,8.581696853770e-02
-5.270867947546e+00,1.406250045003e-01,9.371944207396e-02
-5.270754848972e+00,1.718750055004e-01,9.371882871416e-02
-5.270641750399e+00,2.031250065004e-01,9.371807845369e-02
-5.270528651825e+00,2.343750075005e-01,9.371719126662e-02
-5.270415553252e+00,2.656250085005e-01,9.371615882122e-02
-5.270351683908e+00,4.794595032839e+00,9.167037927694e-02
-5.270330697350e+00,1.673099595803e+00,9.351447119797e-02
-5.270302454678e+00,2.968750095005e-01,9.371496469097e-02
-5.270189356105e+00,3.281250105004e-01,9.371362405472e-02
-5.270163278321e+00,3.728725189953e+00,9.259864109704e-02
-5.270076257531e+00,3.593750115004e-01,9.371214382518e-02
-5.270032685418e+00,1.453089479017e+00,9.356622694772e-02
-5.270005155654e+00,5.297360158965e+00,9.104389216741e-02
-5.269963158958e+00,3.906250125003e-01,9.371052642865e-02
-5.269850060384e+00,4.218750135002e-01,9.370877180588e-02
-5.269816294145e+00,4.068206193692e+00,9.234951912972e-02
-5.269807268128e+00,5.864013977482e+00,9.010539120463e-02
-5.269736961811e+00,4.531250145001e-01,9.370687989461e-02
-5.269623863237e+00,4.843750155000e-01,9.370485062971e-02
-5.269606997027e+00,4.558849429794e+00,9.191657135861e-02
-5.269423049794e+00,6.842031044528e+00,8.743029380031e-02
-5.269418124234e+00,7.426161305796e+00,8.448032491902e-02
-5.269397214527e+00,5.156250165000e-01,9.370277751833e-02
-5.269282140485e+00,3.440129794733e+00,9.278474667385e-02
-5.269103120590e+00,6.171543105276e+00,8.944937368322e-02
-5.269057015681e+00,5.468750175001e-01,9.370060292758e-02
-5.268986992488e+00,5.513911657354e+00,9.072143728138e-02
-5.268839737526e+00,8.165320904568e+00,7.646594327423e-02
-5.268756248324e+00,6.708452544456e+00,8.791914280731e-02
-5.268752097036e+00,2.573273438358e+00,9.322024919641e-02
-5.268716816836e+00,5.781250185002e-01,9.369832473773e-02
-5.268593555883e+00,6.978692052576e+00,8.687641342309e-02
-5.268471327262e+00,2.420473769742e+00,9.328084408432e-02
-5.268376617990e+00,6.093750195002e-01,9.369590828433e-02
-5.268299536279e+00,2.080992702572e+00,9.339984370448e-02
-5.268036419144e+00,6.406250205003e-01,9.369335355710e-02
-5.268014182924e+00,5.910841236501e+00,9.001656248384e-02
-5.267915435242e+00,1.894588883175e+00,9.345679680188e-02
-5.267796224246e+00,7.921562582516e+00,8.004924524387e-02
-5.267731815281e+00,3.644505714411e+00,9.265753626927e-02
-5.267696220298e+00,6.718750215004e-01,9.369066054992e-02
-5.267624645671e+00,6.396900495769e+00,8.888060383549e-02
-5.267438537972e+00,4.744740441856e+00,9.172835146593e-02
-5.267356021452e+00,7.031250225005e-01,9.368778549885e-02
-5.267245574631e+00,1.234679030740e+00,9.361215727771e-02
-5.267128166870e+00,2.726842127151e+00,9.315640095588e-02
-5.267109411383e+00,4.153635271762e+00,9.228370832590e-02
-5.267015822606e+00,7.343750235005e-01,9.368476994278e-02
-5.266922374011e+00,5.347947201999e+00,9.097614648723e-02
-5.266675623761e+00,7.656250245005e-01,9.368161543146e-02
-5.266638972837e+00,6.578021357448e+00,8.835338314727e-02
-5.266537050433e+00,3.118022047853e+00,9.296866331014e-02
-5.266378486636e+00,2.268504986569e+00,9.333842872307e-02
-5.266370530742e+00,7.833699591327e+00,8.106354935567e-02
-5.266364635851e+00,8.678938015523e+00,6.040737043667e-02
-5.266335424915e+00,7.968750255004e-01,9.367832193889e-02
-5.266285957248e+00,8.589342627670e+00,6.478963316299e-02
-5.266222743063e+00,7.118370183962e+00,8.624427285686e-02
-5.266078802828e+00,7.343138300419e+00,8.502241382581e-02
-5.265995226069e+00,8.281250265003e-01,9.367488944432e-02
-5.265981771488e+00,5.958366649785e+00,8.992426868277e-02
-5.265882941072e+00,3.237231861710e+00,9.290522360700e-02
-5.265753714822e+00,6.222656569370e+00,8.933448333458e-02
-5.265729065473e+00,2.999303983117e+00,9.303009505523e-02
-5.265698800672e+00,8.768739497450e+00,5.468849565174e-02
-5.265655027223e+00,8.593750275002e-01,9.367131793265e-02
-5.265464803633e+00,8.499958464427e+00,6.825411465652e-02
-5.265462535801e+00,1.489278816359e+00,9.356214098520e-02
-5.265428403836e+00,7.746572211808e+00,8.195395711593e-02
-5.265413288277e+00,4.374044146336e+00,9.209587463787e-02
-5.265376995972e+00,1.709382938458e+00,9.350945122192e-02
-5.265314828377e+00,8.906250285002e-01,9.366760739477e-02
-5.264974629531e+00,9.218750295001e-01,9.366375782802e-02
-5.264634430685e+00,9.531250305001e-01,9.365973186207e-02
-5.264439258989e+00,8.077000063312e+00,7.796819232232e-02
-5.264359119441e+00,4.509431783652e+00,9.197106138894e-02
-5.264334814344e+00,3.560582122112e+00,9.271524306980e-02
-5.264294231839e+00,9.843750315000e-01,9.365555297195e-02
-5.264286445221e+00,8.858741928179e+00,4.691367306613e-02
-5.264008183171e+00,4.694982315475e+00,9.178544736582e-02
-5.263982113924e+00,7.660279790206e+00,8.274667467716e-02
-5.263903246182e+00,8.410790641245e+00,7.106122446411e-02
-5.263717812490e+00,3.356894941113e+00,9.283948406695e-02
-5.263704982075e+00,6.006584101046e+00,8.982832891181e-02
-5.263508763792e+00,2.881114914234e+00,9.308942560078e-02
-5.263353999945e+00,5.564673205942e+00,9.064892446935e-02
-5.263314707136e+00,4.239249918546e+00,9.221658803452e-02
-5.263267668736e+00,5.398569961670e+00,9.090750795685e-02
-5.263117834939e+00,6.450801700420e+00,8.874133511436e-02
-5.263034568151e+00,1.270757544803e+00,9.360899272215e-02
-5.262647735914e+00,6.765818419665e+00,8.773491080274e-02
-5.262626431937e+00,6.900767159139e+00,8.722128747292e-02
-5.262567965287e+00,2.117425845654e+00,9.339305762884e-02
-5.262554511682e+00,1.930948049988e+00,9.345082877831e-02
-5.262266390335e+00,7.260999485415e+00,8.551683219595e-02
-5.262198269649e+00,1.017977546525e+00,9.365234565828e-02
-5.262134357548e+00,6.274430034722e+00,8.921469441332e-02
-5.262125595407e+00,8.948940147872e+00,3.573463633459e-02
-5.262037912119e+00,7.574832463704e+00,8.345509014467e-02
-5.262004771144e+00,2.457030131895e+00,9.327256628449e-02
-5.261925336729e+00,2.609882322995e+00,9.321125971578e-02
-5.261603388353e+00,8.321844258325e+00,7.338138377572e-02
-5.261197235011e+00,6.633986698734e+00,8.819000932565e-02
-5.261178800507e+00,6.055487442081e+00,8.972854954307e-02
-5.261087880808e+00,7.038767836642e+00,8.663768141034e-02
-5.261071327557e+00,3.934906539946e+00,9.246119477643e-02
-5.260969378910e+00,3.850136515730e+00,9.252325603548e-02
-5.260838087316e+00,1.525457975042e+00,9.355790150465e-02
-5.260540027846e+00,5.669541263186e+00,9.047783985597e-02
-5.260367204359e+00,1.745653628728e+00,9.350427573560e-02
-5.260257300196e+00,2.304996688653e+00,9.333082058260e-02
-5.260173616246e+00,5.031775554415e+00,9.140819223239e-02
-5.260138964438e+00,4.019912017576e+00,9.239788402844e-02
-5.260106568260e+00,5.082028324471e+00,9.134568148867e-02
-5.260065433577e+00,4.645325463591e+00,9.184162527764e-02
-5.259993620629e+00,3.476971585219e+00,9.277161748235e-02
-5.259926746463e+00,2.763490833552e+00,9.314671631667e-02
-5.259853536084e+00,3.765620290365e+00,9.258401925089e-02
-5.259697082738e+00,4.981591040626e+00,9.146988999621e-02
-5.259689264053e+00,5.713316144957e+00,9.040288185859e-02
-5.259602111550e+00,7.490240329281e+00,8.409356947618e-02
-5.259491388463e+00,5.132344277900e+00,9.128235008601e-02
-5.259308873734e+00,7.988920411722e+00,7.927199614911e-02
-5.259214309840e+00,9.039328982187e+00,1.829454810717e-02
-5.259036743813e+00,5.449223132166e+00,9.083796934046e-02
-5.258771157070e+00,1.306828205591e+00,9.360567638349e-02
-5.258681557844e+00,4.931479817804e+00,9.153063789703e-02
-5.258620678726e+00,5.757814262349e+00,9.032513852236e-02
-5.258616680333e+00,4.460132885230e+00,9.202472430305e-02
-5.258567365935e+00,8.233124400307e+00,7.533080626874e-02
-5.258412814761e+00,4.325030573434e+00,9.214778360281e-02
-5.258398250324e+00,6.105070493021e+00,8.962472305272e-02
-5.258323566512e+00,5.182718304027e+00,9.121819059557e-02
-5.258321327519e+00,1.053929812153e+00,9.365009157999e-02
-5.258321165621e+00,6.505336492632e+00,8.859568268401e-02
-5.258268637693e+00,3.154777128851e+00,9.295712746185e-02
-5.258240229606e+00,6.326857192905e+00,8.908971916856e-02
-5.258152156664e+00,4.105134263757e+00,9.233294147532e-02
-5.257987440562e+00,7.179754797194e+00,8.596946548864e-02
-5.257805065095e+00,3.036023874407e+00,9.301911125737e-02
-5.257744496203e+00,3.681375865511e+00,9.264332233279e-02
-5.257329067530e+00,5.803029633038e+00,9.024439828206e-02
-5.257259792633e+00,3.274012403872e+00,9.289309418373e-02
-5.257135817729e+00,1.967291946794e+00,9.344470304686e-02
-5.257131671311e+00,4.881446881971e+00,9.159040307091e-02
-5.257130542940e+00,5.615447453448e+00,9.057545073112e-02
-5.256776954332e+00,2.153841323935e+00,9.338611060123e-02
-5.256681086973e+00,7.406513443462e+00,8.467177322941e-02
-5.256598632509e+00,5.233145254495e+00,9.115297338444e-02
-5.256224786968e+00,6.823783387518e+00,8.754122868696e-02
-5.256159402981e+00,1.561626624454e+00,9.355350823043e-02
-5.255918624570e+00,2.917790189886e+00,9.307903710151e-02
-5.255809262862e+00,5.848956241953e+00,9.016041168778e-02
-5.255615141006e+00,4.595774655915e+00,9.189708259495e-02
-5.255505686500e+00,6.960088138915e+00,8.700097622459e-02
-5.255475586476e+00,2.493564078601e+00,9.326412343360e-02
-5.255450931297e+00,6.690565229701e+00,8.801865783786e-02
-5.255358392875e+00,6.155327042638e+00,8.951662673812e-02
-5.255301400636e+00,1.781911325128e+00,9.349894442445e-02
-5.255091061450e+00,4.190554258158e+00,9.226669374736e-02
-5.255052092147e+00,4.831497190281e+00,9.164939935993e-02
-5.255034408805e+00,2.646466461429e+00,9.320210144667e-02
-5.254797346645e+00,8.144636136295e+00,7.699146412767e-02
-5.254729840330e+00,3.393690918628e+00,9.282674711985e-02
-5.254663230647e+00,3.597420894840e+00,9.270143551396e-02
-5.254455390205e+00,1.342890693995e+00,9.360220803203e-02
-5.254444760807e+00,7.900997803531e+00,8.040676042051e-02
-5.254393969495e+00,1.089876397404e+00,9.364768716321e-02
-5.254312157239e+00,5.283619943632e+00,9.108671259111e-02
-5.254225345043e+00,5.499901371717e+00,9.076738615100e-02
-5.254075098506e+00,2.341468215855e+00,9.332304923378e-02
-5.254066550527e+00,6.379931704916e+00,8.895924689907e-02
-5.254056134076e+00,5.895588041463e+00,9.007320746790e-02
-5.253947791924e+00,7.813210660974e+00,8.137384347244e-02
-5.253281274689e+00,7.323661821845e+00,8.519767522157e-02
-5.253248568137e+00,7.099414130202e+00,8.638527588240e-02
-5.253229978784e+00,6.560498439256e+00,8.844323585391e-02
-5.252941242576e+00,7.726249369407e+00,8.223093136921e-02
-5.252937287157e+00,8.657848392711e+00,6.199161417087e-02
-5.252755278920e+00,8.568319223228e+00,6.603118787144e-02
-5.252659697003e+00,2.800112375192e+00,9.313686094131e-02
-5.252447528148e+00,4.781635660921e+00,9.170763433427e-02
-5.252384671055e+00,4.410957351714e+00,9.207755212581e-02
-5.252375104898e+00,8.747584162960e+00,5.677915340080e-02
-5.252064587635e+00,5.942918951625e+00,8.998262177757e-02
-5.252054327607e+00,6.206250848471e+00,8.940402129298e-02
-5.251831121431e+00,8.479001783455e+00,6.925304387630e-02
-5.251659447500e+00,2.003620221870e+00,9.343841926465e-02
-5.251459752319e+00,5.334137148901e+00,9.101957724554e-02
-5.251431306644e+00,7.640124102223e+00,8.299469340932e-02
-5.251426547824e+00,1.597784434385e+00,9.354896087967e-02
-5.251066723177e+00,8.837521390272e+00,4.979818502846e-02
-5.250936131387e+00,4.276152649159e+00,9.219902622717e-02
-5.250926612139e+00,2.190238775611e+00,9.337900222155e-02
-5.250662194738e+00,4.546334621638e+00,9.195182697632e-02
-5.250630979531e+00,3.513772680226e+00,9.275830414543e-02
-5.250416231119e+00,1.125816995246e+00,9.364513222857e-02
-5.250295529858e+00,8.056384519777e+00,7.842283473175e-02
-5.250251196846e+00,3.887000544208e+00,9.250790547758e-02
-5.250179665004e+00,1.818155686651e+00,9.349345696815e-02
-5.250166888335e+00,8.389901187244e+00,7.188211556415e-02
-5.250087318315e+00,1.378944691205e+00,9.359858742993e-02
-5.250016379575e+00,3.971780097570e+00,9.244542213442e-02
-5.249930290341e+00,3.191498136718e+00,9.294541376761e-02
-5.249829567329e+00,5.990942860373e+00,8.988847954186e-02
-5.249812563891e+00,3.072711926742e+00,9.300795093894e-02
-5.249608578669e+00,6.433647201446e+00,8.882294161928e-02
-5.249482950810e+00,6.882340861160e+00,8.733740106886e-02
-5.249465689466e+00,3.802468066790e+00,9.256914795987e-02
-5.249424240207e+00,7.554844992977e+00,8.367930363650e-02
-5.249409172379e+00,7.241695438691e+00,8.567791305468e-02
-5.249395526205e+00,6.747750425030e+00,8.783877467782e-02
-5.249322725665e+00,4.731867172740e+00,9.176511576033e-02
-5.249010165419e+00,8.927654916371e+00,3.996769197880e-02
-5.248883910987e+00,2.530075228708e+00,9.325551513623e-02
-5.248829260360e+00,5.550599302870e+00,9.069554572145e-02
-5.248740932183e+00,4.056788257432e+00,9.238154592119e-02
-5.248565335298e+00,3.310756575926e+00,9.288074722343e-02
-5.248481192319e+00,6.257835636972e+00,8.928664922217e-02
-5.248261475897e+00,2.954435796726e+00,9.306847609237e-02
-5.248079465213e+00,2.683025463197e+00,9.319277395133e-02
-5.248056448427e+00,7.019987336443e+00,8.676847562792e-02
-5.248037070733e+00,5.384691610939e+00,9.095155991627e-02
-5.247839654966e+00,6.616281077442e+00,8.828354801432e-02
-5.247832005615e+00,2.377919196815e+00,9.331511427192e-02
-5.247764685548e+00,8.301022533180e+00,7.406778335534e-02
-5.247680444551e+00,3.718200792657e+00,9.262891882333e-02
-5.247346054493e+00,6.039653623706e+00,8.979059345817e-02
-5.246926361334e+00,7.470422134996e+00,8.429728663844e-02
-5.246639588888e+00,1.633931075020e+00,9.354425916250e-02
-5.246404835987e+00,4.142006216620e+00,9.231616295139e-02
-5.246391371320e+00,5.655274844362e+00,9.052644602591e-02
-5.246388149808e+00,1.161751298800e+00,9.364242658798e-02
-5.246203487737e+00,9.017979568468e+00,2.510027269824e-02
-5.246125497252e+00,2.039932524071e+00,9.343197708516e-02
-5.245682469377e+00,4.682196564881e+00,9.182167308145e-02
-5.245669246244e+00,3.430448167812e+00,9.281382670065e-02
-5.245668119261e+00,4.361909758667e+00,9.212970609058e-02
-5.245666994094e+00,1.414989878759e+00,9.359481433126e-02
-5.245576885367e+00,5.698850483726e+00,9.045279557371e-02
-5.245327185205e+00,2.836706352741e+00,9.312683442462e-02
-5.245211521177e+00,4.497010049192e+00,9.200586622760e-02
-5.245071338725e+00,7.160624226663e+00,8.611805523832e-02
-5.245064146774e+00,7.968374588254e+00,7.966912210873e-02
-5.245017049636e+00,2.226617839536e+00,9.337173208729e-02
-5.245002079744e+00,1.854386372783e+00,9.348781304093e-02
-5.244916325441e+00,3.634216503080e+00,9.268743889593e-02
-5.244861611267e+00,6.487997283209e+00,8.868043943767e-02
-5.244634163268e+00,6.310075103811e+00,8.916423307443e-02
-5.244626651306e+00,8.212370904283e+00,7.591314004904e-02
-5.244609068162e+00,6.089045065939e+00,8.968876289336e-02
-5.244545504125e+00,5.743150297998e+00,9.037642243742e-02
-5.244039807051e+00,5.435278033940e+00,9.088265347684e-02
-5.243944049712e+00,7.386865581127e+00,8.485772006763e-02
-5.243508718725e+00,5.068582659428e+00,9.138563950871e-02
-5.243353763861e+00,5.018407275736e+00,9.144760724932e-02
-5.243292018871e+00,5.788168309160e+00,9.029710636746e-02
-5.243117234885e+00,5.118822715750e+00,9.132286092081e-02
-5.243026524142e+00,6.805535730507e+00,8.764975350637e-02
-5.242988364508e+00,4.227414834177e+00,9.224947879778e-02
-5.242844320164e+00,5.601311512747e+00,9.062275622539e-02
-5.242656929655e+00,4.968301627225e+00,9.150877171915e-02
-5.242644778884e+00,9.108490159549e+00,6.608629064530e-06
-5.242417817117e+00,6.941484225254e+00,8.712266291751e-02
-5.242309764844e+00,1.197679001490e+00,9.363957004464e-02
-5.242229884736e+00,2.566563201886e+00,9.324674100073e-02
-5.242174792895e+00,5.169122344315e+00,9.125926415760e-02
-5.242145614271e+00,6.672677914947e+00,8.811613263756e-02
-5.242087215880e+00,7.880343855300e+00,8.074343424440e-02
-5.241811257597e+00,5.833898506423e+00,9.021462961992e-02
-5.241798595230e+00,1.670066216912e+00,9.353940278226e-02
-5.241781351572e+00,1.562500050003e-02,9.374470280079e-02
-5.241751757094e+00,3.109367723409e+00,9.299661371358e-02
-5.241673279601e+00,4.687500150008e-02,9.374463601697e-02
-5.241613665161e+00,6.139110980001e+00,8.958277266251e-02
-5.241565207631e+00,7.812500250013e-02,9.374442958108e-02
-5.241531581950e+00,4.632628636521e+00,9.187738311062e-02
-5.241528147822e+00,2.414349260959e+00,9.330701529296e-02
-5.241525053107e+00,7.792721730622e+00,8.167276190857e-02
-5.241522217277e+00,3.228184645987e+00,9.293352190661e-02
-5.241457135661e+00,1.093750035002e-01,9.374408660557e-02
-5.241422815191e+00,4.918270738196e+00,9.156894855117e-02
-5.241349063690e+00,1.406250045003e-01,9.374360707487e-02
-5.241240991720e+00,1.718750055004e-01,9.374299096939e-02
-5.241194472181e+00,1.451025938490e+00,9.359088848223e-02
-5.241194466505e+00,3.550532628919e+00,9.274477825210e-02
-5.241132919750e+00,2.031250065004e-01,9.374223826556e-02
-5.241060660302e+00,2.719558938710e+00,9.318327679773e-02
-5.241024847780e+00,2.343750075005e-01,9.374134893583e-02
-5.240916775809e+00,2.656250085006e-01,9.374031471274e-02
-5.240808703839e+00,2.968750095005e-01,9.373911929282e-02
-5.240754955764e+00,8.123951368022e+00,7.749163113859e-02
-5.240700631869e+00,3.281250105004e-01,9.373778650801e-02
-5.240676913690e+00,5.219476406997e+00,9.119465918733e-02
-5.240592559899e+00,3.593750115004e-01,9.373630659955e-02
-5.240537499762e+00,2.991051327071e+00,9.305770606751e-02
-5.240534065344e+00,2.076228502976e+00,9.342537615867e-02
-5.240508455383e+00,6.362962914063e+00,8.903647346794e-02
-5.240484487928e+00,3.906250125003e-01,9.373468980710e-02
-5.240483746550e+00,7.304185343271e+00,8.536811718000e-02
-5.240454081315e+00,7.705926527005e+00,8.249830206123e-02
-5.240376415958e+00,4.218750135002e-01,9.373293606834e-02
-5.240274393212e+00,7.080458076442e+00,8.652280702591e-02
-5.240268343988e+00,4.531250145001e-01,9.373104531767e-02
-5.240160272018e+00,4.843750155000e-01,9.372901748625e-02
-5.240098085228e+00,5.880334846426e+00,9.012901108952e-02
-5.239943696584e+00,5.156250165000e-01,9.372694112335e-02
-5.239820984730e+00,6.542975521063e+00,8.853134560533e-02
-5.239799791940e+00,3.347463944166e+00,9.286821762343e-02
-5.239768729211e+00,1.890603043510e+00,9.348201231186e-02
-5.239656059134e+00,4.868319594220e+00,9.162820472521e-02
-5.239618617687e+00,5.468750175001e-01,9.372476563490e-02
-5.239509938462e+00,8.636758769900e+00,6.344739204555e-02
-5.239463697598e+00,5.485891086081e+00,9.081273070053e-02
-5.239453881514e+00,3.923814625621e+00,9.249235979112e-02
-5.239293538790e+00,5.781250185002e-01,9.372247867100e-02
-5.239268083459e+00,4.447805586075e+00,9.205902431275e-02
-5.239224600592e+00,8.547295818785e+00,6.718290353907e-02
-5.239051409123e+00,8.726428828469e+00,5.867697834800e-02
-5.239048379936e+00,2.262978155298e+00,9.336429979409e-02
-5.239000028254e+00,3.839268044230e+00,9.255402362784e-02
-5.238968459892e+00,6.093750195002e-01,9.372005348088e-02
-5.238881020769e+00,4.008601520938e+00,9.242945440030e-02
-5.238880499365e+00,7.619968414240e+00,8.323461061535e-02
-5.238643380995e+00,6.406250205003e-01,9.371749004701e-02
-5.238619158824e+00,5.269879728300e+00,9.112898714239e-02
-5.238472088534e+00,4.312994639848e+00,9.218119380843e-02
-5.238354940391e+00,6.189845127572e+00,8.947239167377e-02
-5.238318302098e+00,6.718750215004e-01,9.371478835553e-02
-5.238197439229e+00,8.458045102483e+00,7.018670457696e-02
-5.238181117369e+00,1.233599797012e+00,9.363656239315e-02
-5.238147403782e+00,5.927471253465e+00,9.004009207995e-02
-5.237993223201e+00,7.031250225005e-01,9.371194472840e-02
-5.237929380232e+00,2.873272367845e+00,9.311663637173e-02
-5.237847001132e+00,8.816300852364e+00,5.237417126234e-02
-5.237668144304e+00,7.343750235005e-01,9.370892318371e-02
-5.237539937234e+00,3.754980029265e+00,9.261432566700e-02
-5.237361339339e+00,4.818453141947e+00,9.168670110590e-02
-5.237343065407e+00,7.656250245005e-01,9.370576269622e-02
-5.237261253343e+00,4.093610137526e+00,9.236500318650e-02
-5.237017986509e+00,7.968750255004e-01,9.370246323092e-02
-5.236903637906e+00,1.706189531084e+00,9.353439143570e-02
-5.236874923727e+00,4.583168146598e+00,9.193238101026e-02
-5.236810568295e+00,7.534857522251e+00,8.389654617562e-02
-5.236692907612e+00,8.281250265003e-01,9.369902475748e-02
-5.236669809162e+00,1.487052552526e+00,9.358680962129e-02
-5.236551954423e+00,7.222391391966e+00,8.583474796082e-02
-5.236536267505e+00,3.467166246986e+00,9.280072255740e-02
-5.236430530488e+00,8.369011733242e+00,7.265410736463e-02
-5.236367828715e+00,8.593750275002e-01,9.369544725061e-02
-5.236339469682e+00,6.863914563181e+00,8.745092935540e-02
-5.236151800727e+00,8.035768976241e+00,7.885699803651e-02
-5.236143316496e+00,6.729682430395e+00,8.794045873669e-02
-5.236099322399e+00,6.416492702473e+00,8.890304687990e-02
-5.236042749818e+00,8.906250285002e-01,9.369173069043e-02
-5.235997130628e+00,5.320327095803e+00,9.106245109850e-02
-5.235954152583e+00,5.975301619700e+00,8.994770310578e-02
-5.235894735430e+00,8.906369684870e+00,4.366183622748e-02
-5.235717670921e+00,9.218750295001e-01,9.368787506286e-02
-5.235513650079e+00,2.603027618710e+00,9.323780064004e-02
-5.235392592024e+00,9.531250305001e-01,9.368388036003e-02
-5.235163653676e+00,2.450758038508e+00,9.329875189414e-02
-5.235094363099e+00,3.670968488742e+00,9.267325303866e-02
-5.235067513127e+00,9.843750315000e-01,9.367971504169e-02
-5.235025016046e+00,7.001206836243e+00,8.689617067161e-02
-5.234885252280e+00,2.112507808722e+00,9.341861613269e-02
-5.234828027090e+00,6.241241239221e+00,8.935737142208e-02
-5.234574675548e+00,4.178821546530e+00,9.229918383708e-02
-5.234543372388e+00,4.768676289002e+00,9.174444516729e-02
-5.234482074920e+00,6.598575456150e+00,8.837523118528e-02
-5.234479699824e+00,1.926805359361e+00,9.347605444522e-02
-5.234304520775e+00,5.536525399798e+00,9.074155038687e-02
-5.234250611119e+00,7.450603940711e+00,8.449496235099e-02
-5.234002250400e+00,1.269513379257e+00,9.363340341964e-02
-5.233978150766e+00,2.756066499395e+00,9.317360956059e-02
-5.233925982742e+00,8.280200808035e+00,7.471660726571e-02
-5.233622842464e+00,3.145990848910e+00,9.298509921318e-02
-5.233513308479e+00,6.023819805332e+00,8.985166294083e-02
-5.233192665633e+00,8.996630154750e+00,3.083567058194e-02
-5.233044629977e+00,3.264836232492e+00,9.292145158199e-02
-5.233020718354e+00,2.299319363145e+00,9.335670493625e-02
-5.232987910857e+00,1.017894159575e+00,9.367650769836e-02
-5.232836881198e+00,4.398725838498e+00,9.211142272331e-02
-5.232806472731e+00,5.370813260208e+00,9.099504373219e-02
-5.232746880650e+00,3.027636374332e+00,9.304674269353e-02
-5.232242714794e+00,5.641008425538e+00,9.057439604467e-02
-5.232155236887e+00,7.141493656132e+00,8.626288471815e-02
-5.232093063555e+00,1.523069403357e+00,9.358257747927e-02
-5.231954789966e+00,1.742300689042e+00,9.352922481325e-02
-5.231717392448e+00,4.533819813481e+00,9.198667434463e-02
-5.231684333606e+00,3.587250982000e+00,9.273099810549e-02
-5.231464506681e+00,5.684384822495e+00,9.050202379285e-02
-5.231402056914e+00,6.470658073786e+00,8.876360316632e-02
-5.231207012451e+00,7.367217718793e+00,8.503839653665e-02
-5.231206913358e+00,4.718993903624e+00,9.180144457770e-02
-5.231028096931e+00,6.293293014717e+00,8.923744431137e-02
-5.230963388113e+00,3.384134076168e+00,9.285550506363e-02
-5.230819886000e+00,6.073019638856e+00,8.975177756706e-02
-5.230819419813e+00,7.947828764787e+00,8.004927463857e-02
-5.230801677958e+00,4.264216487064e+00,9.223202299326e-02
-5.230685936676e+00,8.191617408259e+00,7.646597990570e-02
-5.230470329524e+00,5.728486333647e+00,9.042698966891e-02
-5.230466453664e+00,2.909810023210e+00,9.310626639927e-02
-5.229828261316e+00,6.787288073497e+00,8.775594569381e-02
-5.229773208813e+00,1.305419442408e+00,9.363009290181e-02
-5.229738877994e+00,9.087077076526e+00,1.008833615760e-02
-5.229729670953e+00,7.859689907070e+00,8.106707660064e-02
-5.229329947733e+00,6.922880311592e+00,8.724157140580e-02
-5.229254970212e+00,5.773306985281e+00,9.034906516970e-02
-5.229179160706e+00,2.148770092023e+00,9.341169665247e-02
-5.229135080060e+00,1.962992981433e+00,9.346993910081e-02
-5.229129689356e+00,1.053679774124e+00,9.367425769428e-02
-5.229102314290e+00,7.772232800269e+00,8.196091288158e-02
-5.229042870288e+00,5.421332935713e+00,9.092675802370e-02
-5.228840297245e+00,6.654790600192e+00,8.821162928414e-02
-5.228738653980e+00,2.487145160456e+00,9.329032367474e-02
-5.228735351662e+00,2.639468100681e+00,9.322868523668e-02
-5.228577738709e+00,3.960578278744e+00,9.247661904454e-02
-5.228558097388e+00,5.587175572046e+00,9.066943263902e-02
-5.228456845084e+00,3.876019749523e+00,9.253870436893e-02
-5.227966920054e+00,7.685603684604e+00,8.275615050552e-02
-5.227868937447e+00,6.122894917364e+00,8.964783901159e-02
-5.227813252331e+00,5.818840770894e+00,9.026806295183e-02
-5.227686218411e+00,7.284708864697e+00,8.553393372060e-02
-5.227665570221e+00,4.045370321172e+00,9.241322205819e-02
-5.227464295806e+00,1.559076173868e+00,9.357819177963e-02
-5.227356755583e+00,4.669410814288e+00,9.185747399561e-02
-5.227331144090e+00,3.503844715896e+00,9.278743447263e-02
-5.227323254039e+00,3.791713110379e+00,9.259954284211e-02
-5.227300218286e+00,7.061502022683e+00,8.665699195873e-02
-5.226952126468e+00,1.778399362695e+00,9.352390259929e-02
-5.226950360239e+00,6.345994123210e+00,8.911232178194e-02
-5.226934182409e+00,2.335641104000e+00,9.334894710731e-02
-5.226910869190e+00,5.055136994384e+00,9.142510493765e-02
-5.226832095639e+00,2.792547757691e+00,9.316377182236e-02
-5.226743081307e+00,5.105301153600e+00,9.136286927704e-02
-5.226712564884e+00,8.103266599749e+00,7.796822613085e-02
-5.226533911477e+00,5.005038997057e+00,9.148653938160e-02
-5.226411990677e+00,6.525452602871e+00,8.861776277281e-02
-5.226329692086e+00,7.599812726257e+00,8.346681153728e-02
-5.226140036379e+00,5.865081651388e+00,9.018399246883e-02
-5.226082589767e+00,8.615669147088e+00,6.478968741829e-02
-5.226063922912e+00,4.484588314732e+00,9.204027082324e-02
-5.226026019278e+00,5.155526384602e+00,9.129982517032e-02
-5.225922950246e+00,4.349775370999e+00,9.216315513033e-02
-5.225727713348e+00,8.705273493978e+00,6.040742903290e-02
-5.225700260591e+00,4.130377161477e+00,9.234825976286e-02
-5.225693922264e+00,8.526272414343e+00,6.825416465011e-02
-5.225616776571e+00,4.955012213825e+00,9.154718008508e-02
-5.225494039347e+00,1.341317680937e+00,9.362663060910e-02
-5.225426020311e+00,3.182580888907e+00,9.297340708955e-02
-5.225223292667e+00,1.089459960756e+00,9.367185759233e-02
-5.225197610780e+00,3.707676395362e+00,9.265887781036e-02
-5.224889805513e+00,3.064190533055e+00,9.303560303756e-02
-5.224755194870e+00,5.205807559498e+00,9.123582071127e-02
-5.224702050152e+00,5.471880800444e+00,9.085748335303e-02
-5.224655553176e+00,6.173439406672e+00,8.953962405734e-02
-5.224627279088e+00,8.795080314456e+00,5.468855815579e-02
-5.224563757028e+00,8.437088421511e+00,7.106127046501e-02
-5.224497742483e+00,3.301452473399e+00,9.290916528011e-02
-5.224230219929e+00,5.912023555305e+00,9.009669997803e-02
-5.224196896383e+00,7.514870051524e+00,8.410713378001e-02
-5.224164072538e+00,4.905061658588e+00,9.160679699703e-02
-5.223734960481e+00,1.999165571272e+00,9.346366593436e-02
-5.223694736466e+00,7.203087345242e+00,8.598750100924e-02
-5.223415895393e+00,2.185015004231e+00,9.340460724809e-02
-5.223195988555e+00,6.845488265203e+00,8.756195735344e-02
-5.222997730324e+00,4.619931809450e+00,9.191272442588e-02
-5.222938579474e+00,2.946318922649e+00,9.309572413669e-02
-5.222926160410e+00,5.256139512967e+00,9.117072683469e-02
-5.222891106787e+00,6.711614435760e+00,8.804003077777e-02
-5.222783568289e+00,1.595072547326e+00,9.357365223859e-02
-5.222779305442e+00,8.885084453369e+00,4.691373770147e-02
-5.222694172641e+00,8.348122279240e+00,7.338142611034e-02
-5.222662021880e+00,4.215579749809e+00,9.228200449747e-02
-5.222590066129e+00,6.399338203500e+00,8.898169221615e-02
-5.222253281797e+00,2.523510258570e+00,9.328173023686e-02
-5.222180446957e+00,4.855192306469e+00,9.166555321436e-02
-5.222100835600e+00,3.623927291749e+00,9.271702912004e-02
-5.222078737837e+00,5.959660379027e+00,9.000602136852e-02
-5.222056352003e+00,3.420766540890e+00,9.284260925328e-02
-5.222008071595e+00,8.015153432706e+00,7.927202739397e-02
-5.221993583666e+00,6.982426336043e+00,8.702087467662e-02
-5.221895724470e+00,1.814485224406e+00,9.351842447240e-02
-5.221895136451e+00,2.675884270139e+00,9.321937445869e-02
-5.221574860903e+00,7.430785746426e+00,8.468685825536e-02
-5.221268754753e+00,1.125234426086e+00,9.366930721217e-02
-5.221174861862e+00,6.224646841471e+00,8.942689281113e-02
-5.221164790602e+00,1.377207789598e+00,9.362301630277e-02
-5.221124494874e+00,6.580869834858e+00,8.846511359041e-02
-5.220788891796e+00,2.371943019535e+00,9.334102590071e-02
-5.220534508936e+00,5.306517042705e+00,9.110477931540e-02
-5.220181843530e+00,8.975280741032e+00,3.573469762464e-02
-5.220087279937e+00,8.259379082890e+00,7.533084526554e-02
-5.219919486585e+00,4.435478286921e+00,9.209293417270e-02
-5.219779781191e+00,5.522451496727e+00,9.078695117909e-02
-5.219680562466e+00,6.007985986957e+00,8.991178125311e-02
-5.219670586530e+00,4.805409093612e+00,9.172355856456e-02
-5.219622656343e+00,2.829002326948e+00,9.315376317445e-02
-5.219239135049e+00,7.122363085601e+00,8.640409366468e-02
-5.218531362307e+00,4.300958706261e+00,9.221422905192e-02
-5.218469975190e+00,7.347569856458e+00,8.521402110521e-02
-5.218279433715e+00,2.035322790988e+00,9.345723459793e-02
-5.218134706448e+00,4.570561637280e+00,9.196727103901e-02
-5.218094058268e+00,5.626742006714e+00,9.062170364406e-02
-5.218054118665e+00,3.540483135726e+00,9.277396226596e-02
-5.218050945310e+00,1.631058207376e+00,9.356895856533e-02
-5.217942502560e+00,6.453318864362e+00,8.884521517811e-02
-5.217836435472e+00,3.912722711296e+00,9.252319017803e-02
-5.217623077099e+00,3.997291024299e+00,9.246068337332e-02
-5.217595563237e+00,2.221242197335e+00,9.339734974672e-02
-5.217575874728e+00,5.356934909477e+00,9.103797093536e-02
-5.217551264041e+00,7.927146906827e+00,8.040754210079e-02
-5.217422030593e+00,6.276510925623e+00,8.930938711016e-02
-5.217372126026e+00,7.839035958840e+00,8.137859025884e-02
-5.217352127996e+00,5.669919161265e+00,9.055058107687e-02
-5.217266111369e+00,1.161002876875e+00,9.366660636477e-02
-5.217161493481e+00,3.219137430264e+00,9.296153701627e-02
-5.217030703838e+00,6.056994211773e+00,8.981379196624e-02
-5.217030677599e+00,3.828399572729e+00,9.258446327187e-02
-5.216966463755e+00,3.100713398966e+00,9.302428670863e-02
-5.216832977104e+00,9.065663993504e+00,1.829458910774e-02
-5.216785663025e+00,1.850557947016e+00,9.351279010568e-02
-5.216785513030e+00,1.413089463483e+00,9.361924973603e-02
-5.216745222047e+00,8.170863912235e+00,7.699150009489e-02
-5.216679575472e+00,7.751743869916e+00,8.223886225461e-02
-5.216639216628e+00,4.755716917084e+00,9.178082042746e-02
-5.216629998490e+00,6.769040416487e+00,8.785987944993e-02
-5.216395154923e+00,5.713822369296e+00,9.047685567164e-02
-5.216370350022e+00,4.082086011294e+00,9.239671402191e-02
-5.216242078350e+00,6.904276397931e+00,8.735779525680e-02
-5.215881771390e+00,3.338032947219e+00,9.289665960258e-02
-5.215707672436e+00,2.559852965414e+00,9.327297118621e-02
-5.215534980218e+00,6.636903285438e+00,8.830520740257e-02
-5.215479758793e+00,7.665280842202e+00,8.300495115997e-02
-5.215345934052e+00,2.982798671025e+00,9.308500922765e-02
-5.215226338384e+00,3.744339768165e+00,9.264431312761e-02
-5.215217921553e+00,5.758445661402e+00,9.040029108304e-02
-5.214993153735e+00,2.712275750270e+00,9.320989426296e-02
-5.214888690272e+00,7.265232386124e+00,8.569530869407e-02
-5.214584968382e+00,2.408224752176e+00,9.333294091039e-02
-5.214326043361e+00,7.042545968923e+00,8.678795042976e-02
-5.214271874611e+00,5.573039631345e+00,9.071549298227e-02
-5.214124209732e+00,6.106678854727e+00,8.971185245596e-02
-5.214058289646e+00,4.167088834903e+00,9.233131591636e-02
-5.214045933526e+00,5.407387837486e+00,9.097029477898e-02
-5.213815247066e+00,5.803783035365e+00,9.032072911878e-02
-5.213778884806e+00,7.579657038274e+00,8.369165763354e-02
-5.213392265095e+00,6.329025332357e+00,8.918682874526e-02
-5.213289091343e+00,4.386494325282e+00,9.214491074047e-02
-5.213266493109e+00,1.667032838021e+00,9.356411046225e-02
-5.213215400049e+00,1.196765020171e+00,9.366375485240e-02
-5.213091101050e+00,4.706120634509e+00,9.183734637520e-02
-5.213078914381e+00,3.457360908755e+00,9.282952993333e-02
-5.213002996623e+00,6.507929684678e+00,8.870247239023e-02
-5.212772590158e+00,4.521305005325e+00,9.202112130662e-02
-5.212768594408e+00,2.071464303381e+00,9.345064474027e-02
-5.212670174003e+00,8.082581831477e+00,7.842286794967e-02
-5.212655241073e+00,8.594579524277e+00,6.603124108696e-02
-5.212444229996e+00,3.660561111974e+00,9.270287111032e-02
-5.212404017573e+00,8.684118159488e+00,6.199167175933e-02
-5.212356258945e+00,1.448962397964e+00,9.361533065421e-02
-5.212349996672e+00,2.865429821456e+00,9.314358321830e-02
-5.212242361303e+00,1.562500050003e-02,9.376866608427e-02
-5.212181987531e+00,5.849828456351e+00,9.023817016775e-02
-5.212163243936e+00,8.505249009900e+00,6.925309288438e-02
-5.212139315936e+00,4.687500150008e-02,9.376859583238e-02
-5.212036270569e+00,7.812500250013e-02,9.376838581751e-02
-5.211933225202e+00,1.093750035002e-01,9.376803957338e-02
-5.211830179835e+00,1.406250045003e-01,9.376755708370e-02
-5.211727134468e+00,1.718750055004e-01,9.376693832787e-02
-5.211718273236e+00,2.257451324026e+00,9.338993032493e-02
-5.211624089101e+00,2.031250065004e-01,9.376618328103e-02
-5.211622023181e+00,1.886617203845e+00,9.350699916704e-02
-5.211583224470e+00,7.494882580797e+00,8.431136384651e-02
-5.211521043734e+00,2.343750075005e-01,9.376529191412e-02
-5.211417998367e+00,2.656250085006e-01,9.376425602290e-02
-5.211407557044e+00,8.773859776549e+00,5.677921515400e-02
-5.211314953000e+00,2.968750095005e-01,9.376305942506e-02
-5.211211907633e+00,3.281250105004e-01,9.376172645544e-02
-5.211108862266e+00,3.593750115004e-01,9.376025485838e-02
-5.211005816899e+00,3.906250125003e-01,9.375863876971e-02
-5.210956165961e+00,6.157033685773e+00,8.960574705678e-02
-5.210930074826e+00,8.416131740539e+00,7.188216066375e-02
-5.210902771532e+00,4.218750135002e-01,9.375688602057e-02
-5.210837518510e+00,7.183783298517e+00,8.613632803716e-02
-5.210799726165e+00,4.531250145001e-01,9.375499654214e-02
-5.210696680798e+00,4.843750155000e-01,9.375297026204e-02
-5.210667224529e+00,4.252280324970e+00,9.226462538877e-02
-5.210490178640e+00,5.156250165000e-01,9.375089085916e-02
-5.210368927729e+00,5.091779591450e+00,9.140238512239e-02
-5.210313036076e+00,5.896575857145e+00,9.015246525457e-02
-5.210313019655e+00,5.041691329341e+00,9.146408751919e-02
-5.210180219692e+00,5.468750175001e-01,9.374871457878e-02
-5.210052507428e+00,6.827061967224e+00,8.767056644753e-02
-5.209940402707e+00,5.457870514808e+00,9.090165620544e-02
-5.209877245661e+00,5.141930424890e+00,9.133988383029e-02
-5.209870260744e+00,5.781250185002e-01,9.374641918670e-02
-5.209714059092e+00,4.991670718378e+00,9.152499815367e-02
-5.209663875454e+00,8.863799221868e+00,4.979824975927e-02
-5.209638897078e+00,6.693546441125e+00,8.813755585987e-02
-5.209560301795e+00,6.093750195002e-01,9.374398561865e-02
-5.209250342847e+00,6.406250205003e-01,9.374141385010e-02
-5.209116660107e+00,1.232520563284e+00,9.366075246879e-02
-5.209101963430e+00,2.596172914424e+00,9.326404613296e-02
-5.209080809859e+00,6.382183704526e+00,8.905889788795e-02
-5.209031041789e+00,4.656625063694e+00,9.189285829547e-02
-5.208977047234e+00,3.137204568969e+00,9.301279333375e-02
-5.208962151285e+00,6.963645835843e+00,8.714269086744e-02
-5.208957814794e+00,8.327232825239e+00,7.406782487911e-02
-5.208940383898e+00,6.718750215004e-01,9.373870385968e-02
-5.208899110688e+00,7.410967552141e+00,8.487322125305e-02
-5.208833476051e+00,5.192138711999e+00,9.127646844411e-02
-5.208829467322e+00,3.255660061111e+00,9.294948869049e-02
-5.208705436565e+00,3.577081069160e+00,9.276025428906e-02
-5.208630424950e+00,7.031250225005e-01,9.373585562938e-02
-5.208576623487e+00,4.941722800424e+00,9.158512440384e-02
-5.208430279841e+00,1.702996123709e+00,9.355910762513e-02
-5.208322536207e+00,2.444485945121e+00,9.332469173146e-02
-5.208320466001e+00,7.343750235005e-01,9.373286370029e-02
-5.208203323091e+00,5.944019138353e+00,9.006345543761e-02
-5.208029555069e+00,2.748642165238e+00,9.320024422127e-02
-5.208010507053e+00,7.656250245005e-01,9.372969759100e-02
-5.207877082523e+00,1.484826288692e+00,9.361125879490e-02
-5.207864342464e+00,7.994537889170e+00,7.966915282838e-02
-5.207766914829e+00,6.563164213566e+00,8.855314386144e-02
-5.207700548104e+00,7.968750255004e-01,9.372639252161e-02
-5.207688696205e+00,3.019248874257e+00,9.307410218450e-02
-5.207521696633e+00,6.208052443720e+00,8.949524412787e-02
-5.207390589156e+00,8.281250265003e-01,9.372294845255e-02
-5.207233161995e+00,5.242399297634e+00,9.121194239878e-02
-5.207202539272e+00,2.107589771789e+00,9.344389600734e-02
-5.207196935896e+00,3.374577233709e+00,9.288397119561e-02
-5.207171021427e+00,8.953931327313e+00,3.996775586770e-02
-5.207139097844e+00,3.949376459918e+00,9.250748111247e-02
-5.207080630208e+00,8.593750275002e-01,9.371936534868e-02
-5.206916324648e+00,4.472166580271e+00,9.207424122584e-02
-5.206905329886e+00,4.891852578981e+00,9.164419226462e-02
-5.206770671259e+00,8.906250285002e-01,9.371564317973e-02
-5.206662493322e+00,3.865038954839e+00,9.256917507821e-02
-5.206590208259e+00,4.033952384912e+00,9.244455298424e-02
-5.206460712311e+00,9.218750295001e-01,9.371178192060e-02
-5.206404887967e+00,1.922662668735e+00,9.350105131954e-02
-5.206323033211e+00,7.103232515070e+00,8.654181505328e-02
-5.206248577131e+00,8.238557357745e+00,7.591317832192e-02
-5.206177781230e+00,4.337640983331e+00,9.219622901848e-02
-5.206150753362e+00,9.531250305001e-01,9.370778155181e-02
-5.205847816452e+00,5.992152168582e+00,8.997097094215e-02
-5.205840794414e+00,9.843750315000e-01,9.370364205992e-02
-5.205784136513e+00,2.293642037636e+00,9.338234857542e-02
-5.205732937928e+00,7.327921994123e+00,8.538480045531e-02
-5.205259679457e+00,7.906329014376e+00,8.074563454010e-02
-5.205255041606e+00,5.508377593655e+00,9.083176047658e-02
-5.205180818612e+00,3.780958153969e+00,9.262955895873e-02
-5.205071887245e+00,5.292706989607e+00,9.114657287520e-02
-5.205014581099e+00,7.818382010609e+00,8.167863775272e-02
-5.205014282758e+00,2.901829856534e+00,9.313323156668e-02
-5.204995685196e+00,4.118748106335e+00,9.238000548439e-02
-5.204969932648e+00,1.268269213711e+00,9.365759899916e-02
-5.204704834780e+00,4.842065018718e+00,9.170245736716e-02
-5.204482948206e+00,6.435979654939e+00,8.892522502079e-02
-5.204463878697e+00,4.607234982380e+00,9.194765722903e-02
-5.204256836655e+00,7.731254939564e+00,8.250713714697e-02
-5.204031308649e+00,3.493916751565e+00,9.281626687884e-02
-5.203945401742e+00,5.612475587890e+00,9.066838218803e-02
-5.203927076215e+00,9.044250910481e+00,2.510032415016e-02
-5.203815964256e+00,6.259728836529e+00,8.938009453902e-02
-5.203777552064e+00,1.017810772626e+00,9.370045461531e-02
-5.203542375572e+00,1.738947749356e+00,9.355394974343e-02
-5.203431735664e+00,6.750792759477e+00,8.796162590764e-02
-5.203348039794e+00,1.520680831672e+00,9.360703388808e-02
-5.203241521677e+00,6.040968784691e+00,8.987483020465e-02
-5.203239749310e+00,5.655453500034e+00,9.059848159041e-02
-5.203154208967e+00,6.885672484270e+00,8.747142393815e-02
-5.202992597533e+00,7.644957999801e+00,8.324559500563e-02
-5.202804507417e+00,8.150110416211e+00,7.749166646152e-02
-5.202714777010e+00,3.697151998066e+00,9.268852393572e-02
-5.202436294519e+00,2.632469739933e+00,9.325495469265e-02
-5.202345276725e+00,5.343056558746e+00,9.108035275837e-02
-5.202335679252e+00,4.203744665441e+00,9.231417199846e-02
-5.202319980322e+00,5.699158404945e+00,9.052603547324e-02
-5.202229663192e+00,6.619015970683e+00,8.839680195172e-02
-5.202091162133e+00,7.245755907550e+00,8.585241643713e-02
-5.202001721484e+00,2.480726242310e+00,9.331627796099e-02
-5.201979833722e+00,4.792365045278e+00,9.175998036770e-02
-5.201581367080e+00,2.143698860110e+00,9.343698804275e-02
-5.201351868436e+00,7.023589915163e+00,8.691579660936e-02
-5.201228077527e+00,7.559501350291e+00,8.390948837170e-02
-5.201180872894e+00,5.743584337523e+00,9.045080004173e-02
-5.201134342390e+00,1.958694016071e+00,9.349494622173e-02
-5.201004494276e+00,2.784983140191e+00,9.319042391300e-02
-5.200921750281e+00,3.173663641095e+00,9.300112255959e-02
-5.200775260555e+00,1.304010679225e+00,9.365429422037e-02
-5.200570889711e+00,4.423150987766e+00,9.212646129496e-02
-5.200430149668e+00,3.292148370872e+00,9.293726183497e-02
-5.200379482018e+00,6.090462792090e+00,8.977483881680e-02
-5.199985651835e+00,5.558903690645e+00,9.076094992127e-02
-5.199967047134e+00,3.055669139368e+00,9.306298296444e-02
-5.199938051192e+00,1.053429736095e+00,9.369820196559e-02
-5.199930153758e+00,9.134752774913e+00,6.608629078620e-06
-5.199834169950e+00,6.312056541504e+00,8.926002602269e-02
-5.199817241800e+00,5.788725299836e+00,9.037264505889e-02
-5.199793266312e+00,2.329813992145e+00,9.337460409007e-02
-5.199594002570e+00,6.490406766486e+00,8.878553942426e-02
-5.199394489169e+00,4.557955127963e+00,9.200176050896e-02
-5.199285345760e+00,3.613638080418e+00,9.274631269514e-02
-5.199227892378e+00,8.573489901465e+00,6.718295571926e-02
-5.199080321798e+00,8.662962824997e+00,6.344744859232e-02
-5.199048996763e+00,5.393442739260e+00,9.101327523443e-02
-5.198969552558e+00,7.474895110071e+00,8.450951649330e-02
-5.198769188631e+00,1.556525723281e+00,9.360265565632e-02
-5.198735060869e+00,4.742757545166e+00,9.181676855367e-02
-5.198632565608e+00,8.484225605458e+00,7.018675261838e-02
-5.198627783122e+00,8.061897063204e+00,7.885703068148e-02
-5.198602852299e+00,1.774887400261e+00,9.354863650051e-02
-5.198590636080e+00,4.288922772675e+00,9.224689643332e-02
-5.198443457762e+00,3.411084913969e+00,9.287109976196e-02
-5.198223938683e+00,5.834575261313e+00,9.029156221009e-02
-5.198187835000e+00,8.752639238641e+00,5.867703921827e-02
-5.197980300554e+00,7.164479251793e+00,8.628137713532e-02
-5.197615683050e+00,2.938202048573e+00,9.312270784497e-02
-5.197296392624e+00,8.395175059567e+00,7.265415158607e-02
-5.197256778745e+00,6.140627964874e+00,8.967078835707e-02
-5.196909026300e+00,6.808635669245e+00,8.777683457781e-02
-5.196548445466e+00,8.842513990367e+00,5.237423569742e-02
-5.196532688489e+00,1.339744667878e+00,9.365083790099e-02
-5.196395852223e+00,5.881128158985e+00,9.020740710922e-02
-5.196386687369e+00,6.675478446490e+00,8.823298134966e-02
-5.196365133429e+00,3.985980527660e+00,9.249157729615e-02
-5.196223360472e+00,7.391149357856e+00,8.505428452326e-02
-5.196218989430e+00,3.901630796971e+00,9.255369215456e-02
-5.196052615839e+00,1.089043524107e+00,9.369579977582e-02
-5.195930718904e+00,6.944865335644e+00,8.726171783278e-02
-5.195905178648e+00,2.179791232852e+00,9.342992048822e-02
-5.195810473463e+00,1.994710920675e+00,9.348868352804e-02
-5.195710807689e+00,2.668743077082e+00,9.324569648714e-02
-5.195622652606e+00,2.516945288432e+00,9.330769919870e-02
-5.195571553589e+00,6.365029205553e+00,8.913465329681e-02
-5.195479446700e+00,4.070561885062e+00,9.242808055662e-02
-5.195221456947e+00,8.306343371237e+00,7.471664800186e-02
-5.195178755262e+00,5.443860229171e+00,9.094526103910e-02
-5.195061326943e+00,3.817531101229e+00,9.261458105456e-02
-5.194975288743e+00,4.693247365393e+00,9.187278383611e-02
-5.194913770826e+00,3.530433642533e+00,9.280281990161e-02
-5.194409334783e+00,6.545458592274e+00,8.863946250726e-02
-5.194327908345e+00,5.928377897680e+00,9.012002578779e-02
-5.194160199324e+00,8.932581913595e+00,4.366190157628e-02
-5.194140588755e+00,1.592360660266e+00,9.359812381499e-02
-5.193994774151e+00,5.078258029300e+00,9.144141817390e-02
-5.193918127482e+00,2.821298301155e+00,9.318043292624e-02
-5.193868531404e+00,6.191458045970e+00,8.956245509506e-02
-5.193827787869e+00,4.508790197168e+00,9.205517551582e-02
-5.193745777976e+00,2.365966842254e+00,9.336669646054e-02
-5.193741301486e+00,4.374262812066e+00,9.217802342585e-02
-5.193728472044e+00,5.128334465177e+00,9.137945007670e-02
-5.193720613333e+00,7.973922345635e+00,8.004930484960e-02
-5.193715170120e+00,5.028245664298e+00,9.150259675286e-02
-5.193611783935e+00,1.810814762160e+00,9.354316757394e-02
-5.193541903744e+00,4.155356123275e+00,9.236309669899e-02
-5.193406931374e+00,7.084101944539e+00,8.667617550088e-02
-5.192995900667e+00,7.308274131789e+00,8.555093026271e-02
-5.192968094873e+00,7.885511121924e+00,8.107058835641e-02
-5.192912739534e+00,3.733699507065e+00,9.267398750360e-02
-5.192911757231e+00,5.178469864501e+00,9.131661260711e-02
-5.192894206708e+00,4.978302439699e+00,9.156299285213e-02
-5.192800769685e+00,3.210090214541e+00,9.298927405427e-02
-5.192657036172e+00,7.797728062379e+00,8.196783450334e-02
-5.192409874326e+00,8.217735632600e+00,7.646601747623e-02
-5.192242262890e+00,1.375470887992e+00,9.364722980145e-02
-5.192181170416e+00,3.092059074523e+00,9.305168730598e-02
-5.192121278387e+00,1.124651856926e+00,9.369324788826e-02
-5.192015070438e+00,5.976318350207e+00,9.002925386733e-02
-5.191963750839e+00,3.328601950271e+00,9.292481531793e-02
-5.191834097837e+00,7.710766009211e+00,8.276557953231e-02
-5.191540163581e+00,5.228659082301e+00,9.125264429163e-02
-5.191536470404e+00,4.928433387024e+00,9.162261375358e-02
-5.191023393852e+00,6.418640445516e+00,8.900377680837e-02
-5.191021175325e+00,9.022837827458e+00,3.083572881881e-02
-5.190730302021e+00,5.494303690583e+00,9.087599033367e-02
-5.190705327995e+00,4.643839313101e+00,9.192783396961e-02
-5.190532771101e+00,4.240344162875e+00,9.229682845126e-02
-5.190505436272e+00,7.624635157400e+00,8.347847127079e-02
-5.190433370179e+00,2.030713057904e+00,9.348226288916e-02
-5.190233472839e+00,6.732545102467e+00,8.806117486000e-02
-5.190209897918e+00,6.242946747436e+00,8.944959855248e-02
-5.190174076837e+00,2.215866555134e+00,9.342269298415e-02
-5.190154368341e+00,2.974546014979e+00,9.311201169249e-02
-5.190066339584e+00,6.867068570609e+00,8.758254303947e-02
-5.189796745216e+00,5.598209169066e+00,9.071444468476e-02
-5.189794096892e+00,3.650153735206e+00,9.273218229557e-02
-5.189646587233e+00,4.878643499373e+00,9.168114316113e-02
-5.189621561257e+00,3.447555570522e+00,9.285804503573e-02
-5.189609265553e+00,5.278896936510e+00,9.118784247575e-02
-5.189462301733e+00,1.628185339732e+00,9.359343807238e-02
-5.189452339515e+00,6.024943357608e+00,8.993491564747e-02
-5.189293633994e+00,7.226279428976e+00,8.600542237755e-02
-5.189185460136e+00,2.553142728942e+00,9.329895504780e-02
-5.189127370624e+00,5.640987838803e+00,9.064573911519e-02
-5.188925647167e+00,2.704992561829e+00,9.323625796851e-02
-5.188924346166e+00,6.601128655929e+00,8.848658333759e-02
-5.188863792788e+00,8.129356920187e+00,7.796826082887e-02
-5.188677270248e+00,7.539345662309e+00,8.412062286299e-02
-5.188569246306e+00,1.846729521249e+00,9.353754263573e-02
-5.188377693510e+00,7.004633861403e+00,8.704063940956e-02
-5.188244805721e+00,5.684494440595e+00,9.057454368865e-02
-5.188144072929e+00,1.160254454949e+00,9.369054613678e-02
-5.187904031966e+00,1.411189048208e+00,9.364346967412e-02
-5.187768726384e+00,4.459744845811e+00,9.210780756479e-02
-5.187641788942e+00,2.402100243393e+00,9.335862527886e-02
-5.187229222602e+00,4.828937730967e+00,9.173892579528e-02
-5.187143824236e+00,5.728723013645e+00,9.050060753599e-02
-5.187129484904e+00,9.113276537023e+00,1.008836160203e-02
-5.187114678722e+00,5.329178208015e+00,9.112220014517e-02
-5.186770613112e+00,2.857587275067e+00,9.317027085897e-02
-5.186634754304e+00,6.074246729453e+00,8.983682309930e-02
-5.186432612214e+00,4.325506595662e+00,9.222893484332e-02
-5.186355880646e+00,7.454907639344e+00,8.470185578870e-02
-5.186276074806e+00,6.295087750651e+00,8.933187769250e-02
-5.186185008516e+00,6.472883848293e+00,8.886706024675e-02
-5.185930027070e+00,4.594538155309e+00,9.198218933207e-02
-5.185819236534e+00,5.773667564307e+00,9.042382723058e-02
-5.185800543684e+00,8.552400278654e+00,6.825421580603e-02
-5.185756626023e+00,8.641807490506e+00,6.478974290629e-02
-5.185726539523e+00,3.566911156320e+00,9.278918885280e-02
-5.185700456978e+00,3.938174641091e+00,9.253801454751e-02
-5.185699429059e+00,5.544767749944e+00,9.080581578927e-02
-5.185514846297e+00,4.022534448652e+00,9.247547892378e-02
-5.185123082597e+00,7.145175205068e+00,8.642278912176e-02
-5.185101887280e+00,8.463202201016e+00,7.106131756092e-02
-5.185003123473e+00,2.066700103785e+00,9.347568395245e-02
-5.184968112955e+00,8.731418700733e+00,6.040748893091e-02
-5.184868141560e+00,3.854058160154e+00,9.259932368541e-02
-5.184734390988e+00,1.663999459130e+00,9.358859812999e-02
-5.184614304665e+00,3.246483889731e+00,9.297724750924e-02
-5.184585392241e+00,8.041212294931e+00,7.927205948307e-02
-5.184388166536e+00,2.251924492755e+00,9.341530517017e-02
-5.184331252004e+00,3.128418289028e+00,9.304021483147e-02
-5.184291109800e+00,4.107119051192e+00,9.241140668171e-02
-5.184289080913e+00,4.779320996943e+00,9.179597493550e-02
-5.184265889835e+00,5.819322066276e+00,9.034418610090e-02
-5.184121035253e+00,1.195851038851e+00,9.368769434698e-02
-5.184052060000e+00,5.379497641033e+00,9.105571058540e-02
-5.183765545173e+00,6.790209371266e+00,8.788082861821e-02
-5.183662710423e+00,8.374218378596e+00,7.338146947730e-02
-5.183557391530e+00,6.124222243975e+00,8.973477475226e-02
-5.183547610257e+00,7.371331163571e+00,8.523026845805e-02
-5.183518045708e+00,1.446898857437e+00,9.363955726352e-02
-5.183475317150e+00,1.882631364180e+00,9.353176135271e-02
-5.183433015478e+00,8.821228758866e+00,5.468862201831e-02
-5.183430483680e+00,3.365020391250e+00,9.291215082548e-02
-5.183134477660e+00,6.657410451855e+00,8.832645513480e-02
-5.183038383186e+00,3.770203197558e+00,9.265926177260e-02
-5.182899286523e+00,6.926084835444e+00,8.737804978235e-02
-5.182703371035e+00,1.562500050003e-02,9.379241788821e-02
-5.182690276780e+00,2.589318210139e+00,9.329004511583e-02
-5.182630511760e+00,3.010861374182e+00,9.310114276400e-02
-5.182605352271e+00,4.687500150008e-02,9.379234422909e-02
-5.182507333507e+00,7.812500250013e-02,9.379213071318e-02
-5.182478668370e+00,5.865680460825e+00,9.026154417973e-02
-5.182409314744e+00,1.093750035002e-01,9.379178128296e-02
-5.182311295980e+00,1.406250045003e-01,9.379129592143e-02
-5.182213277216e+00,1.718750055004e-01,9.379067460702e-02
-5.182115258452e+00,2.031250065004e-01,9.378991731365e-02
-5.182080959373e+00,2.741217831081e+00,9.322662491446e-02
-5.182062297319e+00,6.347874706580e+00,8.920906895648e-02
-5.182017239689e+00,2.343750075005e-01,9.378902401076e-02
-5.182009336624e+00,4.191909581073e+00,9.234598800395e-02
-5.181919220925e+00,2.656250085006e-01,9.378798655637e-02
-5.181821202161e+00,2.968750095005e-01,9.378678888748e-02
-5.181723183397e+00,3.281250105004e-01,9.378545514281e-02
-5.181625164634e+00,3.593750115004e-01,9.378398527460e-02
-5.181527145870e+00,3.906250125003e-01,9.378237710970e-02
-5.181485099100e+00,8.285453917235e+00,7.533088523707e-02
-5.181481418738e+00,2.438213851733e+00,9.335039013818e-02
-5.181429127106e+00,4.218750135002e-01,9.378062545030e-02
-5.181331108343e+00,4.531250145001e-01,9.377873734985e-02
-5.181233089579e+00,4.843750155000e-01,9.377671273262e-02
-5.181222292837e+00,4.410823688612e+00,9.215961291494e-02
-5.181149377220e+00,8.911232499877e+00,4.691380371168e-02
-5.181051754737e+00,6.527752970982e+00,8.872413941881e-02
-5.181036660697e+00,5.156250165000e-01,9.377463049234e-02
-5.180830905109e+00,4.729798173248e+00,9.185229777854e-02
-5.180741821697e+00,5.468750175001e-01,9.377245352072e-02
-5.180731473208e+00,3.483988787235e+00,9.284480678481e-02
-5.180676510290e+00,7.864693229472e+00,8.138331510752e-02
-5.180654271890e+00,4.545348618645e+00,9.203585705910e-02
-5.180536317367e+00,7.953124194139e+00,8.040832127942e-02
-5.180490829536e+00,7.064971374008e+00,8.680729564049e-02
-5.180452493598e+00,5.912736657007e+00,9.017575228440e-02
-5.180446982698e+00,5.781250185002e-01,9.377015003314e-02
-5.180417107817e+00,5.429849943535e+00,9.098830932993e-02
-5.180299491245e+00,7.777074114149e+00,8.224675291718e-02
-5.180258863406e+00,7.288626269454e+00,8.571259591663e-02
-5.180231943240e+00,3.686627600771e+00,9.271786294121e-02
-5.180215366176e+00,6.174863648219e+00,8.962855446118e-02
-5.180152143698e+00,6.093750195002e-01,9.376770843213e-02
-5.180052202845e+00,1.231441329557e+00,9.368469233620e-02
-5.179956921775e+00,1.699802716335e+00,9.358360368270e-02
-5.179857304698e+00,6.406250205003e-01,9.376512868643e-02
-5.179562465698e+00,6.718750215004e-01,9.376241076736e-02
-5.179562111851e+00,2.893849689858e+00,9.315993732026e-02
-5.179519826265e+00,2.102671734857e+00,9.346894636237e-02
-5.179411359020e+00,7.690277078858e+00,8.301515681042e-02
-5.179267626699e+00,7.031250225005e-01,9.375955464919e-02
-5.179084355885e+00,1.482600024858e+00,9.363549230641e-02
-5.178972787699e+00,7.343750235005e-01,9.375656030929e-02
-5.178677948699e+00,7.656250245005e-01,9.375342381459e-02
-5.178649909854e+00,4.276886839089e+00,9.227920288391e-02
-5.178571171520e+00,8.196913907456e+00,7.699153698415e-02
-5.178547554671e+00,2.287964712128e+00,9.340775574431e-02
-5.178383109699e+00,7.968750255004e-01,9.375011349440e-02
-5.178330076109e+00,1.918519978108e+00,9.352582338679e-02
-5.178182324424e+00,5.960484531833e+00,9.008665122622e-02
-5.178115274435e+00,9.001424744436e+00,3.573476019127e-02
-5.178088270700e+00,8.281250265003e-01,9.374666419693e-02
-5.178018275011e+00,7.604312314998e+00,8.370394507434e-02
-5.177793431700e+00,8.593750275002e-01,9.374307587756e-02
-5.177620620574e+00,5.064736467150e+00,9.147997790565e-02
-5.177579698427e+00,5.114738505465e+00,9.141853359942e-02
-5.177563839498e+00,6.401301236093e+00,8.908091028583e-02
-5.177498592700e+00,8.906250285002e-01,9.373934849596e-02
-5.177203753700e+00,9.218750295001e-01,9.373548201640e-02
-5.177117320585e+00,5.014799999254e+00,9.154064190143e-02
-5.177035210013e+00,6.714297445457e+00,8.815859130094e-02
-5.176990038412e+00,5.164801017002e+00,9.135626316319e-02
-5.176978470201e+00,6.848464656948e+00,8.769123447978e-02
-5.176908914701e+00,9.531250305001e-01,9.373147640819e-02
-5.176859476435e+00,4.680374096277e+00,9.190780246001e-02
-5.176614075701e+00,9.843750315000e-01,9.372733164606e-02
-5.176603831581e+00,6.226164658342e+00,8.951789762994e-02
-5.176496105855e+00,7.206802950402e+00,8.615448359391e-02
-5.176469855919e+00,3.603348869087e+00,9.277529524176e-02
-5.176417480250e+00,3.164746393284e+00,9.302856518263e-02
-5.176362556854e+00,3.282844268344e+00,9.296504264120e-02
-5.176205562436e+00,5.480229787511e+00,9.091965249102e-02
-5.176137237376e+00,2.625471379185e+00,9.328096901554e-02
-5.176126462968e+00,7.519189974326e+00,8.432536135460e-02
-5.176074354323e+00,4.964934161020e+00,9.160053253291e-02
-5.175937614897e+00,1.267025048164e+00,9.368153991375e-02
-5.175847165166e+00,5.214918866968e+00,9.129284270502e-02
-5.175663157353e+00,6.008917930525e+00,8.999407094010e-02
-5.175648088689e+00,5.583942750242e+00,9.075990379843e-02
-5.175619029139e+00,6.583241341174e+00,8.857461931348e-02
-5.175403518585e+00,6.985677807643e+00,8.716258278261e-02
-5.175264788988e+00,2.474307324164e+00,9.334199063343e-02
-5.175176892912e+00,2.777418522691e+00,9.321682182761e-02
-5.175129961179e+00,1.735594809670e+00,9.357845441905e-02
-5.175107189760e+00,3.974670031021e+00,9.252214236970e-02
-5.175044288756e+00,3.047147745681e+00,9.309009561821e-02
-5.175014991939e+00,5.626522177573e+00,9.069236706283e-02
-5.174923078159e+00,8.108603424163e+00,7.842290204153e-02
-5.174882985579e+00,4.496275389012e+00,9.208884444176e-02
-5.174830563521e+00,3.401403287048e+00,9.289930353233e-02
-5.174603016033e+00,1.518292259987e+00,9.363127419972e-02
-5.174601543387e+00,3.890538882646e+00,9.258387179343e-02
-5.174588543379e+00,4.059037758831e+00,9.245910921118e-02
-5.174567193271e+00,1.017727385677e+00,9.372414313068e-02
-5.174496317320e+00,4.915143973623e+00,9.165961771272e-02
-5.174328816050e+00,9.091800299133e+00,1.829463094494e-02
-5.174193511630e+00,4.362031298850e+00,9.221076785564e-02
-5.174169631120e+00,5.669830476244e+00,9.062239453420e-02
-5.174146643862e+00,5.265086883412e+00,9.122859854262e-02
-5.173983573453e+00,2.138627628198e+00,9.346204976098e-02
-5.173742208734e+00,7.434920168618e+00,8.488863087762e-02
-5.173133604720e+00,1.954395050709e+00,9.351972839535e-02
-5.173106775577e+00,5.713861689766e+00,9.054972862724e-02
-5.173091976288e+00,3.806662629729e+00,9.264434675614e-02
-5.173025517842e+00,4.143623411648e+00,9.239453274104e-02
-5.172890026590e+00,6.058030666816e+00,8.989782952455e-02
-5.172776014463e+00,6.455360930101e+00,8.894707782924e-02
-5.172717979662e+00,6.278118959798e+00,8.940249539367e-02
-5.172652350215e+00,2.323986880290e+00,9.340002442610e-02
-5.172432930248e+00,8.620652156016e+00,6.603129551154e-02
-5.172387844581e+00,4.865434419765e+00,9.171765827767e-02
-5.172379614201e+00,4.631053562507e+00,9.196240881390e-02
-5.172373194989e+00,8.531310655842e+00,6.925314303188e-02
-5.172292786627e+00,2.930085174497e+00,9.314943193158e-02
-5.172265864641e+00,7.125871158343e+00,8.656069798138e-02
-5.171884080719e+00,5.315299857284e+00,9.116352376015e-02
-5.171821231269e+00,5.758609828778e+00,9.047429162942e-02
-5.171777312298e+00,1.302601916042e+00,9.367823688094e-02
-5.171773422986e+00,3.520384149340e+00,9.283138481343e-02
-5.171748390911e+00,8.710198162825e+00,6.199173062718e-02
-5.171571208952e+00,8.442178796573e+00,7.188220683689e-02
-5.171413206282e+00,5.530631809243e+00,9.085010259736e-02
-5.170871860041e+00,7.351512969286e+00,8.540138152255e-02
-5.170746413029e+00,1.053179698065e+00,9.372189435426e-02
-5.170622064045e+00,6.771783073288e+00,8.798246091699e-02
-5.170599140683e+00,3.723059245965e+00,9.270335453051e-02
-5.170543001360e+00,8.020527526658e+00,7.966918437807e-02
-5.170398317673e+00,4.228408000781e+00,9.232867982759e-02
-5.170317585490e+00,8.799943527365e+00,5.677927824933e-02
-5.170307840986e+00,5.804068871238e+00,9.039605884483e-02
-5.170253578131e+00,1.771375437827e+00,9.357315002145e-02
-5.170074081456e+00,1.553975272695e+00,9.362690366190e-02
-5.170029028221e+00,8.353261697624e+00,7.406786741544e-02
-5.169882267951e+00,6.639342457220e+00,8.841807079162e-02
-5.169867854142e+00,6.907304335245e+00,8.749177678678e-02
-5.169858004315e+00,6.107816523075e+00,8.979773218101e-02
-5.169753610425e+00,4.815810443216e+00,9.177496689975e-02
-5.169526478926e+00,2.661601884024e+00,9.327172636583e-02
-5.169055123238e+00,5.365552542807e+00,9.109761174022e-02
-5.168992023415e+00,2.510380318294e+00,9.333342636212e-02
-5.168621128119e+00,4.447323111351e+00,9.214099824098e-02
-5.168561484517e+00,5.850232762666e+00,9.031489456231e-02
-5.168553041049e+00,6.330720207606e+00,8.928218041412e-02
-5.168440045889e+00,3.201042998818e+00,9.301673802239e-02
-5.168394461902e+00,2.174567461472e+00,9.345499378839e-02
-5.168384925706e+00,7.843875337021e+00,8.168448529790e-02
-5.168311454568e+00,7.932143434682e+00,8.074782571228e-02
-5.168213598620e+00,2.813594275362e+00,9.320684829293e-02
-5.168138555117e+00,8.889883086159e+00,4.979831586696e-02
-5.168045730289e+00,3.319170953323e+00,9.295265919422e-02
-5.167941946318e+00,7.756420165918e+00,8.251592154263e-02
-5.167885986444e+00,1.990256270077e+00,9.351347603159e-02
-5.167748741253e+00,8.264564463234e+00,7.591321755142e-02
-5.167694174691e+00,6.510047349690e+00,8.880722113191e-02
-5.167574727698e+00,7.045840803477e+00,8.693529046953e-02
-5.167571337631e+00,1.338171654820e+00,9.367478303124e-02
-5.167521826145e+00,7.268978407120e+00,8.586997318406e-02
-5.167396175443e+00,4.581841328239e+00,9.201632835907e-02
-5.167395877078e+00,3.083404750080e+00,9.307882040193e-02
-5.167143963788e+00,3.639746358437e+00,9.276119220962e-02
-5.166988620203e+00,7.669788148506e+00,8.325652211808e-02
-5.166881939011e+00,1.088627087459e+00,9.371949626307e-02
-5.166702664157e+00,2.359990664973e+00,9.339213019520e-02
-5.166687443198e+00,4.313372207994e+00,9.226127952506e-02
-5.166598328104e+00,4.766276948608e+00,9.183155048279e-02
-5.166577078852e+00,5.897095416334e+00,9.023065420585e-02
-5.166562200947e+00,6.158269250468e+00,8.969357003991e-02
-5.166164208133e+00,3.437750232290e+00,9.288627316600e-02
-5.165655460372e+00,5.415839657898e+00,9.103081225815e-02
-5.165531113751e+00,7.583989472597e+00,8.392235924879e-02
-5.165497609220e+00,1.589648773206e+00,9.362237941078e-02
-5.165327843401e+00,1.807144299915e+00,9.356769016649e-02
-5.165209373545e+00,8.980011661413e+00,3.996782108729e-02
-5.164962802631e+00,2.966293358933e+00,9.313875432814e-02
-5.164732468715e+00,8.176092182311e+00,7.749170268998e-02
-5.164439484335e+00,4.011116512391e+00,9.250607580411e-02
-5.164349578411e+00,5.944650713458e+00,9.014318357936e-02
-5.164261816112e+00,3.926972822265e+00,9.256822541478e-02
-5.164104285144e+00,6.383962026669e+00,8.915666379876e-02
-5.163890600818e+00,6.829860743287e+00,8.779748361925e-02
-5.163836947187e+00,6.696049788447e+00,8.825402684399e-02
-5.163698577716e+00,7.187326471828e+00,8.629974933383e-02
-5.163586534405e+00,4.095489996050e+00,9.244246976658e-02
-5.163575655689e+00,7.499034286343e+00,8.452398659375e-02
-5.163319735177e+00,1.373733986385e+00,9.367117815044e-02
-5.163073789798e+00,3.843077365470e+00,9.262915612926e-02
-5.162997765243e+00,6.209382569248e+00,8.958501995181e-02
-5.162973802022e+00,1.124069287766e+00,9.371694869825e-02
-5.162926749349e+00,4.716838801329e+00,9.188741613457e-02
-5.162858140600e+00,2.697709373389e+00,9.326231679275e-02
-5.162752590438e+00,2.210490912933e+00,9.344777808329e-02
-5.162747642482e+00,3.556741243480e+00,9.281777896481e-02
-5.162663247837e+00,2.546432492470e+00,9.332469692508e-02
-5.162587306642e+00,2.026103324821e+00,9.350706594492e-02
-5.162429343659e+00,6.966721753884e+00,8.728172599947e-02
-5.162313712113e+00,6.565354026419e+00,8.866096036063e-02
-5.161914054611e+00,4.532742109328e+00,9.206956814518e-02
-5.161873975192e+00,5.992892503443e+00,9.005231803551e-02
-5.161873695963e+00,4.398496389457e+00,9.219239609634e-02
-5.161682993997e+00,4.180074496706e+00,9.237745905997e-02
-5.161680822851e+00,5.466155884439e+00,9.096275838568e-02
-5.161528147196e+00,9.070324061244e+00,2.510037665195e-02
-5.161499432163e+00,5.569676331418e+00,9.080477186038e-02
-5.161430924810e+00,5.101142545753e+00,9.145714384658e-02
-5.161246466996e+00,5.051214905000e+00,9.151807355615e-02
-5.161191229552e+00,2.849744728678e+00,9.319670390509e-02
-5.161128536821e+00,7.414932697891e+00,8.507007701488e-02
-5.161068319592e+00,5.151132169503e+00,9.139542982500e-02
-5.160982363529e+00,8.087849928139e+00,7.885706418532e-02
-5.160902613253e+00,5.612056516342e+00,9.073837848709e-02
-5.160895947759e+00,3.759448241147e+00,9.268865701274e-02
-5.160873658156e+00,1.625312472089e+00,9.361770148608e-02
-5.160698609503e+00,2.395975734610e+00,9.338407264189e-02
-5.160519471050e+00,5.001354334211e+00,9.157823199820e-02
-5.160399142010e+00,3.237307718351e+00,9.300473303666e-02
-5.160352829586e+00,1.842901095482e+00,9.356207452520e-02
-5.160154166751e+00,5.201178651635e+00,9.133254757381e-02
-5.160094456519e+00,5.655166511893e+00,9.066960184097e-02
-5.159685456775e+00,3.119632009087e+00,9.306736860013e-02
-5.159664031463e+00,3.355463548790e+00,9.294004914128e-02
-5.159408646685e+00,7.106567111619e+00,8.669523127414e-02
-5.159367020409e+00,6.437838011908e+00,8.902563359983e-02
-5.159254501939e+00,4.951565882341e+00,9.163762602830e-02
-5.159159884518e+00,6.261150168946e+00,8.947191101947e-02
-5.159145298875e+00,6.041814604179e+00,8.995788155997e-02
-5.159109234473e+00,8.599496821525e+00,6.718300908500e-02
-5.159069726918e+00,5.699000365887e+00,9.059817796282e-02
-5.159022550902e+00,1.409288632932e+00,9.366742201677e-02
-5.159022034490e+00,1.159506033024e+00,9.371425149260e-02
-5.158945846295e+00,8.510221033031e+00,7.018680177672e-02
-5.158743664128e+00,4.667500827162e+00,9.194242013624e-02
-5.158709183627e+00,4.264850905503e+00,9.231115517097e-02
-5.158684022170e+00,5.251276830314e+00,9.126885123761e-02
-5.158528668867e+00,8.688977624917e+00,6.344750639534e-02
-5.158196109826e+00,7.331694775000e+00,8.556782104711e-02
-5.158040530624e+00,8.421155392131e+00,7.265419686015e-02
-5.157823226003e+00,5.743552093248e+00,9.052405380414e-02
-5.157749109470e+00,3.676103203476e+00,9.274690043649e-02
-5.157572327315e+00,3.002473874108e+00,9.312790416033e-02
-5.157478582918e+00,6.753356775309e+00,8.808197835056e-02
-5.157456164236e+00,4.901854560222e+00,9.169617956214e-02
-5.157431637767e+00,3.474060822905e+00,9.287305948746e-02
-5.157237652537e+00,2.061935904189e+00,9.350049778137e-02
-5.157202155502e+00,8.778658295864e+00,5.867710141148e-02
-5.157126983506e+00,5.516495868542e+00,9.089382204493e-02
-5.157093015320e+00,9.160815079825e+00,6.608629080833e-06
-5.157058059836e+00,2.246397661483e+00,9.344040228351e-02
-5.156836421761e+00,6.888523835045e+00,8.760298500201e-02
-5.156653482717e+00,5.301421506552e+00,9.120433399692e-02
-5.156630058241e+00,6.621274462585e+00,8.850788317797e-02
-5.156500610479e+00,7.999842758385e+00,8.004933587693e-02
-5.156395346020e+00,8.332305016652e+00,7.471668973136e-02
-5.156349792138e+00,5.788815676201e+00,9.044719696388e-02
-5.156278590130e+00,2.582463505854e+00,9.331580192735e-02
-5.156202288868e+00,1.660966080238e+00,9.361286958844e-02
-5.156158617099e+00,6.091410802176e+00,8.985968576030e-02
-5.156132363676e+00,2.733793496924e+00,9.325273993054e-02
-5.156093341122e+00,7.823057444569e+00,8.197472157498e-02
-5.156086591769e+00,7.911162675226e+00,8.107408440164e-02
-5.155938183290e+00,4.483760580855e+00,9.212213537524e-02
-5.155584401391e+00,7.735766217688e+00,8.277496118087e-02
-5.155328611119e+00,1.878645524514e+00,9.355630276336e-02
-5.155129101928e+00,4.852225340158e+00,9.175374599566e-02
-5.155127733014e+00,8.868533672440e+00,5.237430150309e-02
-5.155043784779e+00,6.313565708633e+00,8.935402199978e-02
-5.155026670457e+00,1.194937057532e+00,9.371140447060e-02
-5.154784788883e+00,7.249330544785e+00,8.602322882341e-02
-5.154679832471e+00,1.444835316910e+00,9.366351440105e-02
-5.154658625861e+00,7.026710232947e+00,8.706026967428e-02
-5.154645721774e+00,4.349799785635e+00,9.224315093860e-02
-5.154644300664e+00,5.834785064506e+00,9.036747583102e-02
-5.154640301269e+00,2.431941758346e+00,9.337585135744e-02
-5.154565881386e+00,7.649299218153e+00,8.349006867756e-02
-5.154336594646e+00,6.492341728398e+00,8.888875247672e-02
-5.154109940945e+00,2.885869523182e+00,9.318638826964e-02
-5.154058186475e+00,5.351607444580e+00,9.113898932930e-02
-5.154053900407e+00,4.618267811914e+00,9.199659043706e-02
-5.154012383406e+00,8.243675009232e+00,7.646605598584e-02
-5.153849246090e+00,3.963359534383e+00,9.255238465119e-02
-5.153697640057e+00,4.047513632599e+00,9.248980625593e-02
-5.153654366078e+00,3.593059657755e+00,9.280398225100e-02
-5.153164380766e+00,1.562500050003e-02,9.381230879497e-02
-5.153071388606e+00,4.687500150008e-02,9.380990370252e-02
-5.153043952490e+00,7.563666630196e+00,8.413403600184e-02
-5.152984097345e+00,3.879446968321e+00,9.261373502655e-02
-5.152978396445e+00,7.812500250013e-02,9.380764579423e-02
-5.152909035718e+00,6.141674852718e+00,8.975750575324e-02
-5.152885404285e+00,1.093750035002e-01,9.380553568927e-02
-5.152792412124e+00,1.406250045003e-01,9.380357396795e-02
-5.152701664106e+00,5.881454175661e+00,9.028475026502e-02
-5.152699419964e+00,1.718750055004e-01,9.380176117132e-02
-5.152606427803e+00,2.031250065004e-01,9.380009780060e-02
-5.152513435643e+00,2.343750075005e-01,9.379858431683e-02
-5.152509131940e+00,4.131890700020e+00,9.242563044517e-02
-5.152420443482e+00,2.656250085006e-01,9.379722114037e-02
-5.152327451322e+00,2.968750095005e-01,9.379600865061e-02
-5.152303472656e+00,8.958598578391e+00,4.366196828618e-02
-5.152294964039e+00,3.273540165817e+00,9.299254993636e-02
-5.152277998248e+00,4.802683155465e+00,9.181058887718e-02
-5.152234459162e+00,3.281250105004e-01,9.379494718556e-02
-5.152141467001e+00,3.593750115004e-01,9.379403704162e-02
-5.152048474841e+00,3.906250125003e-01,9.379327847325e-02
-5.151955482680e+00,4.218750135002e-01,9.379267169278e-02
-5.151913210220e+00,3.155829145472e+00,9.305573984981e-02
-5.151862490520e+00,4.531250145001e-01,9.379221687022e-02
-5.151837113257e+00,2.097753697925e+00,9.349377118400e-02
-5.151769498359e+00,4.843750155000e-01,9.379191413308e-02
-5.151583142754e+00,5.156250165000e-01,9.379168880398e-02
-5.151483563710e+00,1.696609308960e+00,9.360788341190e-02
-5.151310972829e+00,2.282287386620e+00,9.343286602658e-02
-5.151303423703e+00,5.468750175001e-01,9.379146480191e-02
-5.151217669280e+00,3.391721660127e+00,9.292722574876e-02
-5.151122625632e+00,3.795794158229e+00,9.267377039152e-02
-5.151024848410e+00,7.478878598360e+00,8.471676507610e-02
-5.151023704652e+00,5.781250185002e-01,9.379124078120e-02
-5.150987745582e+00,1.230362095829e+00,9.370840744856e-02
-5.150901049577e+00,7.167849993254e+00,8.644136149425e-02
-5.150893812926e+00,5.401829372262e+00,9.107278071766e-02
-5.150893765909e+00,8.155270457166e+00,7.796829641639e-02
-5.150802731435e+00,6.811256829626e+00,8.790136926199e-02
-5.150743985601e+00,6.093750195002e-01,9.379101674185e-02
-5.150644730790e+00,6.366622817246e+00,8.923107435413e-02
-5.150638684361e+00,6.677802131437e+00,8.834754121265e-02
-5.150516832397e+00,5.928816895083e+00,9.019887087390e-02
-5.150464266550e+00,6.406250205003e-01,9.378863818759e-02
-5.150291629246e+00,1.480373761025e+00,9.365945506691e-02
-5.150263864244e+00,4.216471838686e+00,9.236018605344e-02
-5.150255264251e+00,1.914377287481e+00,9.355037454181e-02
-5.150184547499e+00,6.718750215004e-01,9.378591269579e-02
-5.150121530378e+00,3.038626351994e+00,9.311688109525e-02
-5.149904828447e+00,7.031250225005e-01,9.378304905808e-02
-5.149838180232e+00,2.618473018437e+00,9.330674097901e-02
-5.149625109396e+00,7.343750235005e-01,9.378004724384e-02
-5.149473529855e+00,4.434901376890e+00,9.217382030528e-02
-5.149455168734e+00,6.947765700124e+00,8.739816390973e-02
-5.149391698906e+00,6.192600480154e+00,8.965103187712e-02
-5.149349291548e+00,2.769853905190e+00,9.324297007574e-02
-5.149345390345e+00,7.656250245005e-01,9.377690722540e-02
-5.149065671294e+00,7.968750255004e-01,9.377362897834e-02
-5.149008395087e+00,6.547466711665e+00,8.874565507147e-02
-5.148907575296e+00,4.753232900273e+00,9.186671502517e-02
-5.148862323816e+00,4.569144501168e+00,9.205008175160e-02
-5.148785952243e+00,8.281250265003e-01,9.377017557211e-02
-5.148727478342e+00,9.048847823354e+00,3.083578824400e-02
-5.148633075147e+00,3.510334656147e+00,9.285966229364e-02
-5.148527856491e+00,2.467888406019e+00,9.336746593478e-02
-5.148514864909e+00,7.394945227164e+00,8.524641651477e-02
-5.148506233192e+00,8.593750275002e-01,9.376658240275e-02
-5.148285541833e+00,3.712418984865e+00,9.273241981218e-02
-5.148226514141e+00,8.906250285002e-01,9.376285018799e-02
-5.148084793030e+00,5.976867076360e+00,9.010967822047e-02
-5.147946795090e+00,9.218750295001e-01,9.375897888182e-02
-5.147667076039e+00,9.531250305001e-01,9.375496844273e-02
-5.147387356988e+00,9.843750315000e-01,9.375081883403e-02
-5.147350775637e+00,5.555409912594e+00,9.084906087992e-02
-5.147156083266e+00,5.452081981367e+00,9.100531916075e-02
-5.147041648900e+00,8.067096432115e+00,7.927209241641e-02
-5.146969890204e+00,2.921968300420e+00,9.317590100432e-02
-5.146942274183e+00,4.301237820325e+00,9.229326982050e-02
-5.146905297145e+00,1.265780882618e+00,9.370526023472e-02
-5.146790234567e+00,5.597590855111e+00,9.078378609565e-02
-5.146717546786e+00,1.732241869984e+00,9.360274264412e-02
-5.146551428728e+00,7.087263064894e+00,8.682651051449e-02
-5.146385779827e+00,2.133556396286e+00,9.348688579340e-02
-5.146019281918e+00,5.640502547542e+00,9.071617906774e-02
-5.145958026356e+00,6.420315093716e+00,8.910276751163e-02
-5.145857992272e+00,1.515903688303e+00,9.365524377093e-02
-5.145785538698e+00,8.578341487035e+00,6.825426812422e-02
-5.145601789374e+00,6.244181378093e+00,8.954015540054e-02
-5.145520359610e+00,7.311876580715e+00,8.572977395745e-02
-5.145518497600e+00,8.489131410220e+00,7.106136575178e-02
-5.145511434117e+00,2.318159768435e+00,9.342516895035e-02
-5.145400571161e+00,6.025598541542e+00,9.001700194833e-02
-5.145356834479e+00,1.017643998727e+00,9.374762944594e-02
-5.145308946823e+00,8.667757087010e+00,6.478979962700e-02
-5.145282151193e+00,5.087546586040e+00,9.149529003196e-02
-5.145146600773e+00,5.137463322005e+00,9.143409703262e-02
-5.145132867050e+00,1.950096085347e+00,9.354428951683e-02
-5.145032678259e+00,5.684139042009e+00,9.064596979000e-02
-5.145022593590e+00,4.703879429411e+00,9.192213146000e-02
-5.144872313418e+00,5.037693342850e+00,9.155571413557e-02
-5.144509852296e+00,8.400131987689e+00,7.338151387655e-02
-5.144493830684e+00,3.629338981669e+00,9.278990633868e-02
-5.144461168337e+00,5.187438436302e+00,9.137176858381e-02
-5.144397886804e+00,9.139276203021e+00,1.008838755527e-02
-5.144335101791e+00,6.734930477330e+00,8.817944606426e-02
-5.144127709738e+00,3.309739956376e+00,9.298018845944e-02
-5.144086725514e+00,8.757373064363e+00,6.040755013072e-02
-5.144079322093e+00,3.191995783095e+00,9.304393380888e-02
-5.143921621516e+00,4.987908669168e+00,9.161537585387e-02
-5.143861728969e+00,7.890181915769e+00,8.138801772785e-02
-5.143825220737e+00,5.728494357719e+00,9.057312887209e-02
-5.143804989380e+00,6.869743334845e+00,8.771159110992e-02
-5.143801756538e+00,7.802239552118e+00,8.225460290672e-02
-5.143400722738e+00,7.978929101393e+00,8.040909790648e-02
-5.143377848532e+00,6.603206467950e+00,8.859594505557e-02
-5.143364122373e+00,3.999698576131e+00,9.253634967425e-02
-5.143342150164e+00,2.654460690967e+00,9.329751369617e-02
-5.143226856464e+00,7.715112269458e+00,8.302530975247e-02
-5.143221400478e+00,5.237466777216e+00,9.130861046693e-02
-5.143173837332e+00,4.520135600010e+00,9.210290104496e-02
-5.142881959009e+00,4.083860940907e+00,9.247320100111e-02
-5.142840760729e+00,5.502359927841e+00,9.093698552959e-02
-5.142823175246e+00,3.915771003439e+00,9.259811963910e-02
-5.142779364040e+00,1.301193152859e+00,9.370196262937e-02
-5.142761663818e+00,8.311348335681e+00,7.533092618329e-02
-5.142706855009e+00,3.427944894058e+00,9.291421950462e-02
-5.142610583739e+00,3.074750425636e+00,9.310568481821e-02
-5.142525099089e+00,4.386169090302e+00,9.222481773611e-02
-5.142509069759e+00,2.805890249569e+00,9.323301378285e-02
-5.142459229884e+00,6.075005081277e+00,8.992065981766e-02
-5.142434649554e+00,4.938197603662e+00,9.167428195368e-02
-5.142391743290e+00,5.773562481163e+00,9.049761651427e-02
-5.142361394225e+00,2.503815348156e+00,9.335891596931e-02
-5.142143142568e+00,7.628810287801e+00,8.371616527406e-02
-5.142116910910e+00,8.847184258722e+00,5.468868723922e-02
-5.142047751622e+00,7.229682682451e+00,8.617252115213e-02
-5.141904303963e+00,1.767863475393e+00,9.359744696663e-02
-5.141742524023e+00,7.007579662416e+00,8.718233793218e-02
-5.141554774865e+00,1.052929660036e+00,9.374538449160e-02
-5.141534528509e+00,6.296411209660e+00,8.942462687789e-02
-5.141422884714e+00,5.287543155821e+00,9.124464098677e-02
-5.141378974282e+00,1.551424822109e+00,9.365088026283e-02
-5.141356651368e+00,4.168239412337e+00,9.240859155979e-02
-5.141279438037e+00,3.832096570786e+00,9.265867821109e-02
-5.140979014600e+00,6.474636107106e+00,8.896877665493e-02
-5.140883745156e+00,2.169343690093e+00,9.347984124816e-02
-5.140727116811e+00,5.819337366346e+00,9.041930505646e-02
-5.140627851821e+00,4.654627558046e+00,9.197664445777e-02
-5.140556791229e+00,7.543343787794e+00,8.433927843300e-02
-5.140416011153e+00,4.888565146822e+00,9.173231395186e-02
-5.140276025560e+00,8.222785555230e+00,7.699157479545e-02
-5.139961499425e+00,1.985801619480e+00,9.353804734047e-02
-5.139771236920e+00,2.958040702887e+00,9.316524174039e-02
-5.139768745440e+00,3.546571330640e+00,9.284608142009e-02
-5.139659550337e+00,2.354014487693e+00,9.341731069361e-02
-5.139397571766e+00,8.937185495368e+00,4.691387109674e-02
-5.139255870490e+00,6.125080454967e+00,8.982037636305e-02
-5.139061249712e+00,5.337662346354e+00,9.117985371377e-02
-5.138826249360e+00,5.865812934987e+00,9.033805862978e-02
-5.138768457400e+00,4.252814971917e+00,9.234271423140e-02
-5.138753512332e+00,3.748693284736e+00,9.271775027692e-02
-5.138609986774e+00,1.336598641761e+00,9.369851442495e-02
-5.138474041131e+00,7.458722910377e+00,8.490394818962e-02
-5.138103521438e+00,7.148373514680e+00,8.657945506696e-02
-5.137870359276e+00,4.839016260550e+00,9.178941449304e-02
-5.137714862052e+00,6.792652915965e+00,8.800306476907e-02
-5.137711262183e+00,1.088210650811e+00,9.374299044422e-02
-5.137440421535e+00,6.659554474427e+00,8.843919179903e-02
-5.137185176436e+00,6.349283607823e+00,8.930417767804e-02
-5.137055063104e+00,8.134448732021e+00,7.842293700735e-02
-5.137043902866e+00,1.803473837669e+00,9.359199605509e-02
-5.136993381000e+00,4.471245772699e+00,9.215504134278e-02
-5.136854629685e+00,1.586936886146e+00,9.364636428570e-02
-5.136790634032e+00,2.690426184948e+00,9.328811970191e-02
-5.136684086383e+00,5.912983076708e+00,9.025373246626e-02
-5.136480993808e+00,6.928809646364e+00,8.751197673475e-02
-5.136183979354e+00,3.228131546970e+00,9.303195015800e-02
-5.136141035537e+00,2.539722255997e+00,9.335020105962e-02
-5.136132165481e+00,5.387819086625e+00,9.111422532507e-02
-5.135926809488e+00,9.027371585465e+00,3.573482403452e-02
-5.135901192997e+00,7.374957756438e+00,8.541785962398e-02
-5.135897579246e+00,3.345906706331e+00,9.296764837303e-02
-5.135785632568e+00,6.175818391061e+00,8.971596117538e-02
-5.135728186613e+00,4.605482061320e+00,9.203038626611e-02
-5.135703078060e+00,6.529579396910e+00,8.882875023680e-02
-5.135611845992e+00,2.841902182289e+00,9.322288686364e-02
-5.135331104039e+00,2.205115270732e+00,9.347263718536e-02
-5.135266275700e+00,3.665578806180e+00,9.277564190262e-02
-5.135097931918e+00,4.337568272419e+00,9.227517942073e-02
-5.135039661545e+00,3.110845729146e+00,9.309425942236e-02
-5.134802386071e+00,4.789555867714e+00,9.184579972582e-02
-5.134741243105e+00,2.021493591738e+00,9.353164766093e-02
-5.134397207464e+00,1.371997084778e+00,9.369491540623e-02
-5.134295610868e+00,5.960841649277e+00,9.016617214054e-02
-5.134131802327e+00,3.464132858575e+00,9.290103016316e-02
-5.133826325656e+00,1.123486718606e+00,9.374044714385e-02
-5.133755430063e+00,2.389851225827e+00,9.340928714675e-02
-5.133694210772e+00,7.067959018170e+00,8.695465152429e-02
-5.133202119111e+00,5.541143493770e+00,9.089278255472e-02
-5.133100934270e+00,8.046342936090e+00,7.966921675782e-02
-5.132844609395e+00,7.292058386430e+00,8.588741744857e-02
-5.132806736736e+00,4.035989506367e+00,9.252012072982e-02
-5.132677855881e+00,5.583125193880e+00,9.082860226144e-02
-5.132631343681e+00,5.438008078295e+00,9.104734567469e-02
-5.132591302420e+00,3.952049037744e+00,9.258231005806e-02
-5.132549032302e+00,6.402792175523e+00,8.917851810759e-02
-5.132514142871e+00,2.994086374033e+00,9.315441012410e-02
-5.132461842923e+00,8.557186152544e+00,6.925319431873e-02
-5.132285014579e+00,1.622439604445e+00,9.364169557621e-02
-5.132136412867e+00,1.839072669715e+00,9.358638957960e-02
-5.132091148906e+00,8.468041787408e+00,7.188225408352e-02
-5.132089224778e+00,8.646536549102e+00,6.603135114522e-02
-5.132043694230e+00,6.227212587240e+00,8.960725834859e-02
-5.131992746038e+00,4.120157988393e+00,9.245639606494e-02
-5.131944107317e+00,5.625838583191e+00,9.076213931329e-02
-5.131702758289e+00,9.117737326217e+00,1.829467361873e-02
-5.131655843446e+00,6.009382478904e+00,9.007521273536e-02
-5.131636866170e+00,7.869201156312e+00,8.169030419380e-02
-5.131510171954e+00,7.781421659666e+00,8.252443003506e-02
-5.131366651303e+00,3.868355053996e+00,9.264328764890e-02
-5.131243338137e+00,7.957786555684e+00,8.075000762056e-02
-5.131216822487e+00,4.740188851939e+00,9.190147638480e-02
-5.131191620663e+00,6.716504179352e+00,8.827492660425e-02
-5.130995629601e+00,5.669277718130e+00,9.069311796945e-02
-5.130979173968e+00,8.379108583247e+00,7.406791096430e-02
-5.130971295526e+00,8.736087832862e+00,6.199179077443e-02
-5.130869311537e+00,7.694458321227e+00,8.326739131858e-02
-5.130838876238e+00,3.582770446424e+00,9.283231674381e-02
-5.130773557000e+00,6.850962834646e+00,8.781781464081e-02
-5.130328472189e+00,4.556447674098e+00,9.208345677399e-02
-5.130325931590e+00,4.422479642430e+00,9.220628064246e-02
-5.130183767979e+00,2.726369162766e+00,9.327855862731e-02
-5.130141069839e+00,1.407388217656e+00,9.369116535043e-02
-5.130129410816e+00,4.204535676592e+00,9.239135351231e-02
-5.130125638823e+00,6.585138473315e+00,8.868230718876e-02
-5.129899996050e+00,1.158757611098e+00,9.373775442221e-02
-5.129866903481e+00,2.575608801568e+00,9.334132080836e-02
-5.129827215472e+00,5.713436622190e+00,9.062153153400e-02
-5.129727953135e+00,2.240870830212e+00,9.346527324113e-02
-5.129720403751e+00,7.608321357448e+00,8.393515810922e-02
-5.129472181602e+00,2.057171704594e+00,9.352509012297e-02
-5.129310714361e+00,7.210034820116e+00,8.631800057212e-02
-5.129224881953e+00,5.123794474506e+00,9.147229376672e-02
-5.129153274977e+00,3.784925686729e+00,9.270289182481e-02
-5.129133377576e+00,5.073950626328e+00,9.153298114210e-02
-5.129127981617e+00,8.290391654709e+00,7.591325773753e-02
-5.129106088807e+00,8.825834845003e+00,5.677934268673e-02
-5.128826422185e+00,6.988449091885e+00,8.730159519383e-02
-5.128768169922e+00,5.173698220969e+00,9.141051517949e-02
-5.128759842669e+00,6.058599360378e+00,8.998067792186e-02
-5.128657770039e+00,2.877889356506e+00,9.321258892032e-02
-5.128554537953e+00,5.488223987140e+00,9.097960415674e-02
-5.128498159840e+00,5.024171780700e+00,9.159290843254e-02
-5.128433694442e+00,5.758309286126e+00,9.054733310269e-02
-5.128227371224e+00,3.264236063289e+00,9.301978860250e-02
-5.128069629969e+00,7.523020945393e+00,8.453837191961e-02
-5.128025272239e+00,6.279256710686e+00,8.949402709614e-02
-5.127799183800e+00,2.425669664959e+00,9.340107953631e-02
-5.127758778787e+00,5.223656724118e+00,9.134788588911e-02
-5.127670186747e+00,1.657932701347e+00,9.363687386481e-02
-5.127621434554e+00,6.456930485814e+00,8.904733531272e-02
-5.127604775039e+00,3.382040033206e+00,9.295487147750e-02
-5.127408940190e+00,3.146911897660e+00,9.308265134136e-02
-5.127323771981e+00,4.974463004124e+00,9.165208206324e-02
-5.127197105167e+00,4.289103432657e+00,9.232491232771e-02
-5.127181905089e+00,1.874659684849e+00,9.358062720496e-02
-5.127118437830e+00,4.690920057493e+00,9.195645140450e-02
-5.126809932958e+00,5.803889668186e+00,9.047039882352e-02
-5.126539667712e+00,8.201896101229e+00,7.749173982396e-02
-5.126491670876e+00,8.915772412345e+00,4.979838335154e-02
-5.126192286711e+00,5.273664805090e+00,9.128445460679e-02
-5.125971942983e+00,3.701778723765e+00,9.276118882429e-02
-5.125932305662e+00,1.194023076213e+00,9.373491210276e-02
-5.125923233851e+00,7.438567222394e+00,8.508577326401e-02
-5.125841619235e+00,1.442771776383e+00,9.368726402738e-02
-5.125614797170e+00,4.924829324984e+00,9.171050871401e-02
-5.125602705261e+00,6.108486057217e+00,8.988224419324e-02
-5.125492727307e+00,3.500285162953e+00,9.288765751428e-02
-5.125305993299e+00,7.128897036106e+00,8.671415855226e-02
-5.125198772000e+00,3.030104958307e+00,9.314340581809e-02
-5.124950834614e+00,5.850171694314e+00,9.039059694258e-02
-5.124626992668e+00,6.774049002304e+00,8.810263843712e-02
-5.124433620053e+00,4.507529090693e+00,9.213586286333e-02
-5.124242158710e+00,6.641306817417e+00,8.852903377596e-02
-5.124154400250e+00,2.092835660993e+00,9.351837436836e-02
-5.124074390988e+00,2.276610061111e+00,9.345774905123e-02
-5.124064312950e+00,5.323717248127e+00,9.122021499388e-02
-5.123725622082e+00,6.331944398400e+00,8.937600827044e-02
-5.123625390498e+00,1.562500050003e-02,9.378884412469e-02
-5.123539123089e+00,2.611474657689e+00,9.333227482312e-02
-5.123537424941e+00,4.687500150008e-02,9.378640850426e-02
-5.123521690184e+00,2.762289287690e+00,9.326883011257e-02
-5.123506818883e+00,6.909853592604e+00,8.762305738378e-02
-5.123449459383e+00,7.812500250013e-02,9.378412217640e-02
-5.123375858069e+00,4.875275733421e+00,9.176802904075e-02
-5.123361493826e+00,1.093750035002e-01,9.378198577643e-02
-5.123287521085e+00,7.354970285711e+00,8.558460532553e-02
-5.123273528269e+00,1.406250045003e-01,9.377999989978e-02
-5.123216360298e+00,8.113627006876e+00,7.885709854804e-02
-5.123185562712e+00,1.718750055004e-01,9.377816510148e-02
-5.123176502215e+00,4.373841791148e+00,9.225688456911e-02
-5.123126140634e+00,9.005895347575e+00,3.996788763761e-02
-5.123097597155e+00,2.031250065004e-01,9.377648189567e-02
-5.123010205644e+00,1.693415901585e+00,9.363189887605e-02
-5.123009631597e+00,2.343750075005e-01,9.377495075516e-02
-5.122921666040e+00,2.656250085006e-01,9.377357211095e-02
-5.122851340370e+00,5.897149258334e+00,9.030778714373e-02
-5.122833700483e+00,2.968750095005e-01,9.377234635191e-02
-5.122745734926e+00,3.281250105004e-01,9.377127382437e-02
-5.122657769369e+00,3.593750115004e-01,9.377035483187e-02
-5.122569803812e+00,3.906250125003e-01,9.376958963483e-02
-5.122512039513e+00,4.641754288930e+00,9.201048283667e-02
-5.122481838254e+00,4.218750135002e-01,9.376897845032e-02
-5.122397761034e+00,6.511692082156e+00,8.891029092825e-02
-5.122393872697e+00,4.531250145001e-01,9.376852145192e-02
-5.122305907140e+00,4.843750155000e-01,9.376821876948e-02
-5.122288760411e+00,3.988280639871e+00,9.256630644396e-02
-5.122180452394e+00,1.910234596854e+00,9.357470859104e-02
-5.122179566231e+00,6.159036301967e+00,8.977983472220e-02
-5.122177383614e+00,4.072231885765e+00,9.250360650185e-02
-5.122129624810e+00,5.156250165000e-01,9.376799914271e-02
-5.121923288320e+00,1.229282862101e+00,9.373192000076e-02
-5.121865025708e+00,5.468750175001e-01,9.376778537605e-02
-5.121843697581e+00,3.618931604900e+00,9.281833004338e-02
-5.121790923995e+00,2.461469487873e+00,9.339270801184e-02
-5.121646993781e+00,2.913851426344e+00,9.320211956707e-02
-5.121600426606e+00,5.781250185002e-01,9.376757159241e-02
-5.121498902606e+00,1.478147497191e+00,9.368321119968e-02
-5.121384534381e+00,3.904569184613e+00,9.262770300882e-02
-5.121370518036e+00,5.373808800988e+00,9.115515642840e-02
-5.121335827503e+00,6.093750195002e-01,9.376735779178e-02
-5.121071228401e+00,6.406250205003e-01,9.376714397417e-02
-5.121030308741e+00,4.156404327969e+00,9.243939174807e-02
-5.120836992816e+00,7.048654971445e+00,8.707976476137e-02
-5.120806629299e+00,6.718750215004e-01,9.376693013957e-02
-5.120611616623e+00,4.825807180943e+00,9.182467175034e-02
-5.120542030196e+00,7.031250225005e-01,9.376671628798e-02
-5.120506428706e+00,5.944816222195e+00,9.022181982392e-02
-5.120277431094e+00,7.343750235005e-01,9.376650241939e-02
-5.120209689187e+00,3.300308959428e+00,9.300744887443e-02
-5.120168859179e+00,7.272240192145e+00,8.604091960705e-02
-5.120012831992e+00,7.656250245005e-01,9.376628853381e-02
-5.119748232889e+00,7.968750255004e-01,9.376607463123e-02
-5.119718598298e+00,3.182948567372e+00,9.307086619146e-02
-5.119485086275e+00,3.821115776101e+00,9.268784450746e-02
-5.119483633787e+00,8.281250265003e-01,9.376586071165e-02
-5.119412003370e+00,7.848220396855e+00,8.198157369532e-02
-5.119249501885e+00,3.418139555826e+00,9.294188911428e-02
-5.119219034685e+00,8.593750275002e-01,9.376564677506e-02
-5.119218587370e+00,7.760603767214e+00,8.278429488336e-02
-5.119160219641e+00,8.025589440066e+00,8.004936772058e-02
-5.119140038249e+00,6.385269257331e+00,8.925292258194e-02
-5.119138147148e+00,8.536030818053e+00,7.018685205195e-02
-5.119085953536e+00,7.936644009975e+00,8.107756451702e-02
-5.119053462584e+00,5.526877074947e+00,9.093594828072e-02
-5.119007629774e+00,9.096198449414e+00,2.510043020357e-02
-5.118954435582e+00,8.906250285002e-01,9.376543282146e-02
-5.118869502734e+00,8.625316011194e+00,6.718306363630e-02
-5.118827731173e+00,4.240779038331e+00,9.237391679914e-02
-5.118787986201e+00,2.128485164374e+00,9.351150003630e-02
-5.118689836480e+00,9.218750295001e-01,9.376521885085e-02
-5.118663800211e+00,8.446952164597e+00,7.265424318681e-02
-5.118565477196e+00,5.568659532649e+00,9.087283903350e-02
-5.118511766610e+00,7.673804372997e+00,8.350160310277e-02
-5.118485599086e+00,6.210243796387e+00,8.967324869803e-02
-5.118425237378e+00,9.531250305001e-01,9.376500486323e-02
-5.118370518020e+00,2.312332656580e+00,9.345006425163e-02
-5.118305132392e+00,1.728888930298e+00,9.362677032876e-02
-5.118160638275e+00,9.843750315000e-01,9.376479085859e-02
-5.118106604096e+00,5.423934175224e+00,9.108884851028e-02
-5.118048578711e+00,4.458730964542e+00,9.218754050242e-02
-5.118048139536e+00,6.698077881373e+00,8.836848004529e-02
-5.117911115732e+00,5.993166416267e+00,9.013253529621e-02
-5.117872979394e+00,1.264536717072e+00,9.372877792346e-02
-5.117868932716e+00,5.611174618840e+00,9.080749532831e-02
-5.117855865537e+00,8.714802601361e+00,6.344756545461e-02
-5.117825290400e+00,3.066096101193e+00,9.313222850305e-02
-5.117742124619e+00,6.832182334446e+00,8.792176907553e-02
-5.117448495640e+00,8.358085178804e+00,7.471673245419e-02
-5.117402472819e+00,4.592696310726e+00,9.206380355156e-02
-5.117326773893e+00,4.776428579963e+00,9.188060725137e-02
-5.117297664934e+00,7.587832427095e+00,8.414737249002e-02
-5.117157821402e+00,2.647319497909e+00,9.332306271732e-02
-5.117132129380e+00,1.945797119985e+00,9.356863339305e-02
-5.117112968511e+00,1.513515116618e+00,9.367900662290e-02
-5.116958580942e+00,5.654416394251e+00,9.073963598824e-02
-5.116873429114e+00,6.567070478680e+00,8.876701843782e-02
-5.116804540897e+00,2.798186223776e+00,9.325893380237e-02
-5.116789848399e+00,3.536401417800e+00,9.287410138614e-02
-5.116611076905e+00,3.737938328325e+00,9.274654703515e-02
-5.116573677100e+00,7.190386957782e+00,8.645981005655e-02
-5.116146475686e+00,1.017560611778e+00,9.376316580841e-02
-5.116095266704e+00,8.804485431285e+00,5.867716492757e-02
-5.115910320348e+00,6.969318521354e+00,8.741809235653e-02
-5.115829210206e+00,5.698378886661e+00,9.066927608815e-02
-5.115730765034e+00,2.497250378017e+00,9.338417216672e-02
-5.115582468708e+00,7.502698102992e+00,8.473158538477e-02
-5.115550142063e+00,4.325336759203e+00,9.230685988989e-02
-5.115494299415e+00,8.269434973737e+00,7.646609543451e-02
-5.115060455453e+00,6.042193639478e+00,9.003972850278e-02
-5.114579671210e+00,2.949788046841e+00,9.319147843141e-02
-5.114516015969e+00,6.262102211713e+00,8.956225363189e-02
-5.114475645593e+00,5.743056091089e+00,9.059636190179e-02
-5.114268315177e+00,5.474088046439e+00,9.102168874887e-02
-5.114263854508e+00,6.439224864521e+00,8.912446860997e-02
-5.114134302843e+00,9.186676502826e+00,6.608629141081e-06
-5.113781415783e+00,1.299784389676e+00,9.372548567014e-02
-5.113585769986e+00,8.894359329322e+00,5.237436867933e-02
-5.113555029796e+00,1.764351512959e+00,9.362148793638e-02
-5.113526069678e+00,4.727144803604e+00,9.193584219611e-02
-5.113373028410e+00,2.164119918714e+00,9.350446676393e-02
-5.113372426572e+00,7.418411534411e+00,8.526246453433e-02
-5.113303163134e+00,5.110125627008e+00,9.151003543687e-02
-5.113075171508e+00,5.159958005637e+00,9.144879657133e-02
-5.112984603959e+00,5.060354666616e+00,9.157022594314e-02
-5.112892749105e+00,5.788441970026e+00,9.052077324848e-02
-5.112803309866e+00,8.181006647227e+00,7.796833289341e-02
-5.112783441930e+00,3.655054408885e+00,9.280409269548e-02
-5.112683867107e+00,1.548874371523e+00,9.367465004576e-02
-5.112616436518e+00,2.348038310412e+00,9.344221847915e-02
-5.112508465160e+00,7.109420557532e+00,8.684559434333e-02
-5.112363136702e+00,1.052679622007e+00,9.376011227748e-02
-5.112296157095e+00,5.209846671020e+00,9.138668692256e-02
-5.112131127030e+00,3.336349863871e+00,9.299493073474e-02
-5.112124006262e+00,5.010650218551e+00,9.162966502088e-02
-5.112037012407e+00,1.981346968882e+00,9.356240126195e-02
-5.111968816698e+00,3.218955375590e+00,9.305890364825e-02
-5.111949540032e+00,6.091891659466e+00,8.994313353913e-02
-5.111915833414e+00,4.024465380136e+00,9.255010903112e-02
-5.111794620562e+00,4.543750847027e+00,9.211646051841e-02
-5.111539123285e+00,6.755445088643e+00,8.820015580399e-02
-5.111476360136e+00,4.108425276765e+00,9.248683570886e-02
-5.111333358751e+00,3.940738541105e+00,9.261192437176e-02
-5.111178333326e+00,4.410057907970e+00,9.223838597586e-02
-5.111075419868e+00,5.834530453641e+00,9.044238233925e-02
-5.111043895884e+00,6.623059160407e+00,8.861712020287e-02
-5.110961688708e+00,5.259786454359e+00,9.132378448770e-02
-5.110831966886e+00,3.454204894245e+00,9.292872387086e-02
-5.110725922446e+00,4.961017339081e+00,9.168835901171e-02
-5.110723127464e+00,2.683142996508e+00,9.331368411122e-02
-5.110673849172e+00,7.334982814984e+00,8.574684207947e-02
-5.110532643957e+00,6.890897538844e+00,8.773170758097e-02
-5.110393866316e+00,3.102059449205e+00,9.312087787932e-02
-5.110325471780e+00,8.984419109686e+00,4.366203635721e-02
-5.110266067728e+00,6.314605188976e+00,8.944659945711e-02
-5.110032462432e+00,2.834059635899e+00,9.324882413988e-02
-5.109994957387e+00,4.192599514497e+00,9.242218843969e-02
-5.109749205260e+00,3.857263139671e+00,9.267253532220e-02
-5.109648635916e+00,1.335025628703e+00,9.372204303225e-02
-5.109618823237e+00,2.533012019526e+00,9.337547159743e-02
-5.109377657492e+00,8.092805281732e+00,7.927212619401e-02
-5.109214282070e+00,4.677960685575e+00,9.199037276205e-02
-5.109092444007e+00,6.493804767401e+00,8.899032057619e-02
-5.109067376187e+00,5.309772149901e+00,9.126008301709e-02
-5.109018594356e+00,5.881315439959e+00,9.036105314514e-02
-5.108794944786e+00,4.911461046305e+00,9.174631451007e-02
-5.108759962332e+00,1.799803375424e+00,9.361605140721e-02
-5.108573499893e+00,6.142254212873e+00,8.984267853482e-02
-5.108540585355e+00,1.087794214163e+00,9.375702482191e-02
-5.108211650151e+00,1.584224999086e+00,9.367014121032e-02
-5.108023386397e+00,3.572481235093e+00,9.286036164795e-02
-5.107979774859e+00,7.029350924721e+00,8.720195562571e-02
-5.107909617640e+00,2.199739628531e+00,9.349727418682e-02
-5.107493108964e+00,7.252421997860e+00,8.619043998662e-02
-5.107455958426e+00,2.985698873958e+00,9.318066515556e-02
-5.107451936151e+00,4.276969044989e+00,9.235621349043e-02
-5.107187140571e+00,7.827239637399e+00,8.226241177924e-02
-5.107183924321e+00,3.774057215229e+00,9.273171652013e-02
-5.106928568934e+00,7.915501464266e+00,8.139269783221e-02
-5.106927002786e+00,7.739785874762e+00,8.303540938797e-02
-5.106895179569e+00,2.016883858654e+00,9.355601184483e-02
-5.106812250623e+00,2.383726717044e+00,9.343421137215e-02
-5.106717246545e+00,5.928790795112e+00,9.027664070429e-02
-5.106608870591e+00,5.359798515352e+00,9.119557657265e-02
-5.106335704986e+00,4.861986320021e+00,9.180333279112e-02
-5.106312501258e+00,9.074659572610e+00,3.083584885742e-02
-5.106154221684e+00,7.653150424767e+00,8.372831756194e-02
-5.106145284808e+00,8.004561068206e+00,8.040987193243e-02
-5.105814451374e+00,8.514875483563e+00,7.106141503754e-02
-5.105731044195e+00,6.367746339138e+00,8.932601683848e-02
-5.105693402774e+00,4.494922581375e+00,9.216846053723e-02
-5.105649780690e+00,8.604095473287e+00,6.825432160470e-02
-5.105474679752e+00,1.370260183172e+00,9.371844979359e-02
-5.105236451517e+00,8.425862541786e+00,7.338155930805e-02
-5.104927503942e+00,6.193275005534e+00,8.973815434551e-02
-5.104904806058e+00,5.512610656122e+00,9.097856916177e-02
-5.104904658409e+00,6.679651583394e+00,8.846016411108e-02
-5.104874926116e+00,7.567343496743e+00,8.435311436999e-02
-5.104740435549e+00,8.693517369860e+00,6.478985758044e-02
-5.104710692238e+00,6.813401834246e+00,8.802352605515e-02
-5.104678849290e+00,1.122904149447e+00,9.375390334776e-02
-5.104453098510e+00,5.554193871419e+00,9.091650814744e-02
-5.104396227206e+00,4.628881019814e+00,9.204394250923e-02
-5.104235172283e+00,2.718944828609e+00,9.330413863291e-02
-5.104166388018e+00,5.976950353630e+00,9.018899036066e-02
-5.104159778409e+00,3.254931960762e+00,9.304676341168e-02
-5.103991880798e+00,3.372358406285e+00,9.298223397549e-02
-5.103919996148e+00,1.835244243948e+00,9.361046044478e-02
-5.103917817312e+00,8.337061774362e+00,7.533096810420e-02
-5.103836639838e+00,7.170739095447e+00,8.659808560137e-02
-5.103827905341e+00,4.361514491993e+00,9.228860317264e-02
-5.103793758115e+00,5.596510654489e+00,9.085225952683e-02
-5.103696371002e+00,1.619566736801e+00,9.366547985220e-02
-5.103658344133e+00,3.691138462666e+00,9.278966691772e-02
-5.103621219405e+00,6.549002484046e+00,8.885012584701e-02
-5.103581864511e+00,5.409860272152e+00,9.112983798320e-02
-5.103455216831e+00,2.568754097283e+00,9.336660590439e-02
-5.103352873970e+00,4.812598101335e+00,9.185952555635e-02
-5.103205599133e+00,2.869909189830e+00,9.323854367632e-02
-5.103095307447e+00,7.482375260590e+00,8.491917245906e-02
-5.103084444601e+00,8.783136017567e+00,6.040761263227e-02
-5.102994218510e+00,6.950187950823e+00,8.753178398068e-02
-5.102921532283e+00,5.639555070373e+00,9.078553697219e-02
-5.102904670160e+00,3.137994649848e+00,9.310930432955e-02
-5.102397846435e+00,2.235343998940e+00,9.348992193950e-02
-5.102352379468e+00,3.490235669760e+00,9.291537553034e-02
-5.101860617214e+00,8.248478292765e+00,7.699161352878e-02
-5.101831204941e+00,5.683321151132e+00,9.071637644396e-02
-5.101706710667e+00,2.052407504998e+00,9.354946478526e-02
-5.101545020443e+00,9.165075504564e+00,1.008841401731e-02
-5.101472808218e+00,4.060602830622e+00,9.253369224382e-02
-5.101361068238e+00,6.025787918579e+00,9.009785484254e-02
-5.101259588775e+00,1.405487802380e+00,9.371470573040e-02
-5.101213398449e+00,3.976862703611e+00,9.259595188750e-02
-5.101006759699e+00,6.244947712740e+00,8.962933643635e-02
-5.100958066331e+00,2.419397571572e+00,9.342604257121e-02
-5.100906274462e+00,6.421519243229e+00,8.920021528567e-02
-5.100821619292e+00,7.398255846428e+00,8.543423402713e-02
-5.100777957610e+00,1.158009189173e+00,9.375074776039e-02
-5.100703966113e+00,4.144569243601e+00,9.246986572500e-02
-5.100679869097e+00,8.872946246300e+00,5.468875381853e-02
-5.100517596745e+00,5.727802896051e+00,9.064471766515e-02
-5.100276013621e+00,3.021583564620e+00,9.316967939797e-02
-5.099982092400e+00,5.459952105738e+00,9.106324985436e-02
-5.099945893515e+00,3.893367365787e+00,9.265698117950e-02
-5.099851161716e+00,4.763301292211e+00,9.191501907261e-02
-5.099710937021e+00,7.089944078959e+00,8.697387908369e-02
-5.099193564477e+00,3.608524228132e+00,9.284643821289e-02
-5.099138084627e+00,1.654899322456e+00,9.366066570085e-02
-5.099103776421e+00,4.446216156386e+00,9.221968447059e-02
-5.099076759025e+00,4.579910560133e+00,9.209684937247e-02
-5.099066952019e+00,8.160117193225e+00,7.842297284713e-02
-5.099035199058e+00,1.870673845184e+00,9.360471474813e-02
-5.098975565252e+00,5.772994271866e+00,9.057044399535e-02
-5.098887004946e+00,4.228743104744e+00,9.240478662298e-02
-5.098451253902e+00,6.736841174982e+00,8.829567978610e-02
-5.098296374803e+00,6.075297261716e+00,9.000306793952e-02
-5.098060177260e+00,7.314995344257e+00,8.590474850634e-02
-5.097845633058e+00,6.604811503396e+00,8.870350212560e-02
-5.097694088820e+00,2.754724670190e+00,9.329442591943e-02
-5.097690734513e+00,3.810134981417e+00,9.271669732119e-02
-5.097558469032e+00,6.871941485085e+00,8.783800580275e-02
-5.097524802926e+00,8.962942871796e+00,4.691393985670e-02
-5.097382173093e+00,5.146217790304e+00,9.148662174292e-02
-5.097381444314e+00,5.096456779509e+00,9.154733078623e-02
-5.097240065946e+00,2.604476296941e+00,9.335757469277e-02
-5.097200005122e+00,5.818889212968e+00,9.049343146696e-02
-5.097003405998e+00,1.440708235856e+00,9.371081061154e-02
-5.096837940866e+00,1.193109094894e+00,9.374755796453e-02
-5.096837809146e+00,2.270932735602e+00,9.348240965604e-02
-5.096835830342e+00,5.046758706903e+00,9.160703298744e-02
-5.096833535404e+00,5.196036617922e+00,9.142502275289e-02
-5.096806513374e+00,6.297265979553e+00,8.951598343899e-02
-5.096471687242e+00,2.087917624061e+00,9.354275972377e-02
-5.096324097358e+00,2.905734552268e+00,9.322809202250e-02
-5.096291668637e+00,3.290877962481e+00,9.303444520818e-02
-5.096002352206e+00,4.313105245987e+00,9.233819878020e-02
-5.095835316870e+00,4.714100755269e+00,9.196981991122e-02
-5.095792148761e+00,3.408334217594e+00,9.296928694303e-02
-5.095787126981e+00,6.475917452646e+00,8.906888104352e-02
-5.095749852684e+00,4.997128656401e+00,9.166599226593e-02
-5.095731090705e+00,5.245908103628e+00,9.136264002137e-02
-5.095538954687e+00,8.071983556586e+00,7.966924996764e-02
-5.095357874502e+00,3.173901351649e+00,9.309753984011e-02
-5.095185848342e+00,5.865481621584e+00,9.041354818063e-02
-5.095122556903e+00,7.010046877996e+00,8.732126202672e-02
-5.095053991499e+00,2.455050569727e+00,9.341771171989e-02
-5.094967433556e+00,6.125472123779e+00,8.990451780596e-02
-5.094962277772e+00,7.806258877942e+00,8.253289554152e-02
-5.094817358749e+00,7.232603803575e+00,8.633613014075e-02
-5.094771184333e+00,7.894358918557e+00,8.169609409421e-02
-5.094635418202e+00,7.718967982311e+00,8.327820198436e-02
-5.094536847578e+00,1.690222494211e+00,9.365569847971e-02
-5.094468641478e+00,3.727183371914e+00,9.277505263310e-02
-5.094128072911e+00,4.947571674038e+00,9.172421488140e-02
-5.094105640536e+00,1.906091906227e+00,9.359881401217e-02
-5.094086400229e+00,1.562500050003e-02,9.376517441000e-02
-5.094070439424e+00,5.295827051674e+00,9.129946738582e-02
-5.094056129773e+00,7.983257820511e+00,8.075218012566e-02
-5.094003461275e+00,4.687500150008e-02,9.376270756259e-02
-5.093920522321e+00,7.812500250013e-02,9.376039216243e-02
-5.093837583367e+00,1.093750035002e-01,9.375822886155e-02
-5.093810951357e+00,3.526231504960e+00,9.290184391377e-02
-5.093796676757e+00,7.632496476536e+00,8.394788427060e-02
-5.093754644414e+00,1.406250045003e-01,9.375621827099e-02
-5.093671705460e+00,1.718750055004e-01,9.375436096027e-02
-5.093617372743e+00,9.053120695806e+00,3.573488915436e-02
-5.093588766506e+00,2.031250065004e-01,9.375265745689e-02
-5.093505827552e+00,2.343750075005e-01,9.375110824581e-02
-5.093422888598e+00,2.656250085006e-01,9.374971376904e-02
-5.093339949644e+00,2.968750095005e-01,9.374847442525e-02
-5.093260768935e+00,4.531054019957e+00,9.214909990976e-02
-5.093257010690e+00,3.281250105004e-01,9.374739056938e-02
-5.093174071736e+00,3.593750115004e-01,9.374646251233e-02
-5.093091132782e+00,3.906250125003e-01,9.374569052068e-02
-5.093039997061e+00,3.057441776750e+00,9.315852083486e-02
-5.093008193828e+00,4.218750135002e-01,9.374507481641e-02
-5.092928064383e+00,5.912765368029e+00,9.033065364260e-02
-5.092925254874e+00,4.531250145001e-01,9.374461557676e-02
-5.092858831058e+00,1.228203628373e+00,9.374432827165e-02
-5.092842315920e+00,4.843750155000e-01,9.374431293400e-02
-5.092706175968e+00,1.475921233357e+00,9.370676419866e-02
-5.092676106867e+00,5.156250165000e-01,9.374409910580e-02
-5.092490755599e+00,8.493720149072e+00,7.188230240359e-02
-5.092452187299e+00,7.546854566390e+00,8.455267175721e-02
-5.092430058646e+00,8.582874935379e+00,6.925324674496e-02
-5.092426627713e+00,5.468750175001e-01,9.374389575679e-02
-5.092322050142e+00,6.350223420945e+00,8.939783554584e-02
-5.092177148560e+00,5.781250185002e-01,9.374369239242e-02
-5.092030735062e+00,4.397636173509e+00,9.227014287191e-02
-5.091975092401e+00,4.898092767626e+00,9.178170734451e-02
-5.091927669406e+00,6.093750195002e-01,9.374348901267e-02
-5.091847223145e+00,5.345788229715e+00,9.123549899393e-02
-5.091809102822e+00,8.404772918974e+00,7.406795552563e-02
-5.091761177281e+00,6.661225285416e+00,8.855003428773e-02
-5.091679259857e+00,6.794621334047e+00,8.812315429066e-02
-5.091678190252e+00,6.406250205003e-01,9.374328561756e-02
-5.091625005561e+00,8.672232138359e+00,6.603140798800e-02
-5.091428711099e+00,6.718750215004e-01,9.374308220707e-02
-5.091369408798e+00,6.176306214681e+00,8.980200228760e-02
-5.091310126310e+00,4.665001313657e+00,9.202387492892e-02
-5.091229601923e+00,2.306505544726e+00,9.347473697064e-02
-5.091190192574e+00,2.123413932461e+00,9.353589629827e-02
-5.091179231945e+00,7.031250225005e-01,9.374287878120e-02
-5.091100012036e+00,2.790482197983e+00,9.328454561784e-02
-5.091099602577e+00,7.151091233112e+00,8.673295664439e-02
-5.091024930093e+00,4.012941253904e+00,9.257978577914e-02
-5.090973492640e+00,2.640178304852e+00,9.334837757348e-02
-5.090959974234e+00,4.096692565138e+00,9.251695534443e-02
-5.090929752791e+00,7.343750235005e-01,9.374267533995e-02
-5.090756149532e+00,5.498344237298e+00,9.102065601886e-02
-5.090680273638e+00,7.656250245005e-01,9.374247188332e-02
-5.090608146187e+00,7.462052418189e+00,8.510137254585e-02
-5.090430794484e+00,7.968750255004e-01,9.374226841131e-02
-5.090421660303e+00,5.960734290993e+00,9.024459803716e-02
-5.090387138984e+00,8.316038369920e+00,7.591329888022e-02
-5.090369009696e+00,6.530934489411e+00,8.893167472791e-02
-5.090340719824e+00,5.539728210188e+00,9.095962103547e-02
-5.090300608159e+00,3.644530011590e+00,9.283225804908e-02
-5.090181315331e+00,8.281250265003e-01,9.374206492390e-02
-5.090078116672e+00,6.931057380292e+00,8.764295412280e-02
-5.090075415081e+00,3.929428044466e+00,9.264123324139e-02
-5.090073622497e+00,8.761786603848e+00,6.199185220103e-02
-5.089931836177e+00,8.593750275002e-01,9.374186142111e-02
-5.089892717998e+00,1.725535990612e+00,9.365057790655e-02
-5.089860503959e+00,4.180663352403e+00,9.245269692711e-02
-5.089718583514e+00,5.581846690138e+00,9.089644399713e-02
-5.089682357023e+00,8.906250285002e-01,9.374165790293e-02
-5.089432877870e+00,9.218750295001e-01,9.374145436936e-02
-5.089388105499e+00,2.941535390794e+00,9.321746880233e-02
-5.089295551902e+00,4.848696906620e+00,9.183823297450e-02
-5.089183398716e+00,9.531250305001e-01,9.374125082039e-02
-5.089131391710e+00,1.941498154623e+00,9.359275792804e-02
-5.089100135843e+00,2.490685407879e+00,9.340919900747e-02
-5.089057124927e+00,5.395786369080e+00,9.117032415036e-02
-5.088955738044e+00,9.143474506301e+00,1.829471712909e-02
-5.088933919563e+00,9.843750315000e-01,9.374104725602e-02
-5.088884483625e+00,5.624693746494e+00,9.083083369787e-02
-5.088840661643e+00,1.263292551525e+00,9.374105480632e-02
-5.088367944750e+00,1.511126544933e+00,9.370256624636e-02
-5.088364674813e+00,3.326793021412e+00,9.302194879271e-02
-5.088270812013e+00,7.378100158445e+00,8.560128237595e-02
-5.088226935012e+00,8.227521611794e+00,7.749177786345e-02
-5.088131759218e+00,3.846171225346e+00,9.270148357852e-02
-5.087833199675e+00,5.668263415603e+00,9.076284613502e-02
-5.087773968207e+00,8.851533163277e+00,5.677940846621e-02
-5.087753654042e+00,3.209779204210e+00,9.308559817494e-02
-5.087706767135e+00,4.264834657320e+00,9.238717960235e-02
-5.087661681022e+00,6.009382197680e+00,9.015509391069e-02
-5.087548694417e+00,6.403813621937e+00,8.927461272002e-02
-5.087532131445e+00,3.444276929915e+00,9.295614555517e-02
-5.087497503429e+00,6.227793213767e+00,8.969530447655e-02
-5.086953185495e+00,4.482316072058e+00,9.220070084044e-02
-5.086936116893e+00,1.017477224829e+00,9.373942113943e-02
-5.086913408882e+00,7.070467600385e+00,8.709912399999e-02
-5.086559547897e+00,5.712549701014e+00,9.069241474148e-02
-5.086280414898e+00,4.616007750699e+00,9.207703054106e-02
-5.086094131318e+00,4.799389021727e+00,9.189398351378e-02
-5.085862311665e+00,2.158896147334e+00,9.352887414453e-02
-5.085748071086e+00,3.093273169264e+00,9.314718916183e-02
-5.085695869624e+00,5.445816165037e+00,9.110429775606e-02
-5.085573322698e+00,2.342062133132e+00,9.346690351826e-02
-5.085446505348e+00,7.295007873531e+00,8.605849401835e-02
-5.085363384519e+00,6.718237261321e+00,8.838927080760e-02
-5.085330594172e+00,8.139227739224e+00,7.885713376966e-02
-5.085214573665e+00,3.763188743729e+00,9.276024981764e-02
-5.085207896556e+00,3.562192023762e+00,9.288812888284e-02
-5.085205755627e+00,1.760839550525e+00,9.364530369368e-02
-5.085058381399e+00,5.757546573707e+00,9.061942629152e-02
-5.084783467525e+00,1.298375626493e+00,9.373774681208e-02
-5.084724134072e+00,8.941466633906e+00,4.979845221302e-02
-5.084655620897e+00,2.675859808067e+00,9.333901416409e-02
-5.084647370232e+00,6.586563846386e+00,8.878822867065e-02
-5.084643209575e+00,6.058702863965e+00,9.006207020587e-02
-5.084584294106e+00,6.852985431325e+00,8.794202724219e-02
-5.084479308466e+00,4.349187192839e+00,9.231997997088e-02
-5.084453078872e+00,2.826217089510e+00,9.327449738652e-02
-5.084112525388e+00,1.976892318284e+00,9.358654151732e-02
-5.083988759932e+00,1.546323920937e+00,9.369821650239e-02
-5.083346959020e+00,6.279926770130e+00,8.958419133908e-02
-5.083324590376e+00,5.803247972295e+00,9.054376050139e-02
-5.083171498538e+00,1.052429583977e+00,9.373635568835e-02
-5.083096610937e+00,2.526301783053e+00,9.340051259139e-02
-5.082737414972e+00,7.785278118485e+00,8.279358008086e-02
-5.082613799731e+00,7.873216372848e+00,8.198839046841e-02
-5.082481809955e+00,6.458030137892e+00,8.914601269548e-02
-5.082397773981e+00,2.977311373883e+00,9.320667365424e-02
-5.082375549539e+00,4.750174004460e+00,9.194904262678e-02
-5.082343833619e+00,7.698150089859e+00,8.351307390421e-02
-5.082265338947e+00,6.990742831272e+00,8.743766737753e-02
-5.082141608533e+00,7.212785609289e+00,8.647813411602e-02
-5.081966974739e+00,7.961954572815e+00,8.108102848527e-02
-5.081700251881e+00,8.051161831441e+00,8.004940038055e-02
-5.081689174678e+00,5.132477574971e+00,9.152399945779e-02
-5.081459725495e+00,5.082787932011e+00,9.158418834524e-02
-5.081439131830e+00,7.611842528306e+00,8.416063163748e-02
-5.081370913712e+00,5.182226564825e+00,9.146290234000e-02
-5.081361367219e+00,6.108690034685e+00,8.996537693612e-02
-5.081353102329e+00,5.849647803210e+00,9.046528945061e-02
-5.081344745283e+00,3.680498201566e+00,9.281785932187e-02
-5.080922244228e+00,9.031581819003e+00,3.996795551864e-02
-5.080768232822e+00,4.048973775479e+00,9.256342634769e-02
-5.080751045231e+00,4.567124809539e+00,9.212953064135e-02
-5.080687285058e+00,1.333452615644e+00,9.373440419118e-02
-5.080687056724e+00,5.033162747191e+00,9.164341061987e-02
-5.080500492703e+00,5.232029752897e+00,9.140103036807e-02
-5.080488131241e+00,2.194363986329e+00,9.352169289669e-02
-5.080476021797e+00,1.796132913178e+00,9.363987554830e-02
-5.080378986557e+00,3.362676779363e+00,9.300927395104e-02
-5.080377623485e+00,4.132734159234e+00,9.250001945024e-02
-5.080158974131e+00,4.433701348229e+00,9.225147980248e-02
-5.080138036487e+00,3.965444767351e+00,9.262529164724e-02
-5.080092185594e+00,3.245627858234e+00,9.307347902887e-02
-5.080029448481e+00,7.526365636038e+00,8.474631600213e-02
-5.079869071183e+00,2.377602208261e+00,9.345890893527e-02
-5.079568670616e+00,1.581513112027e+00,9.369371470782e-02
-5.079375699106e+00,4.983607094251e+00,9.170189833078e-02
-5.079369908527e+00,1.087377777515e+00,9.373325770416e-02
-5.079212031629e+00,3.480186176567e+00,9.294282128282e-02
-5.079210336601e+00,8.561654397471e+00,7.018690344407e-02
-5.079167059824e+00,8.472564814582e+00,7.265429056601e-02
-5.079138882221e+00,5.896739940947e+00,9.038387694793e-02
-5.079073502662e+00,5.281881953447e+00,9.133837746490e-02
-5.079049116032e+00,2.012274125571e+00,9.358016221840e-02
-5.078946278720e+00,4.216707171158e+00,9.243532978549e-02
-5.078913056088e+00,6.332700502753e+00,8.946841218996e-02
-5.078647827476e+00,6.775840833847e+00,8.822071971052e-02
-5.078617696154e+00,6.642798987437e+00,8.863814393071e-02
-5.078509575573e+00,8.650946906858e+00,6.718311937317e-02
-5.078507252649e+00,3.882165546961e+00,9.268595967745e-02
-5.078400400129e+00,3.129077402037e+00,9.313568409563e-02
-5.078381754128e+00,8.383683296163e+00,7.471677617029e-02
-5.078362565316e+00,7.131443370778e+00,8.686454645467e-02
-5.078286576586e+00,2.711520494452e+00,9.332948408984e-02
-5.078144564061e+00,4.701056706935e+00,9.200341680520e-02
-5.078120984926e+00,7.441729575787e+00,8.527841179945e-02
-5.077811313653e+00,6.159337423829e+00,8.986481865664e-02
-5.077753428226e+00,2.861929023154e+00,9.326425684274e-02
-5.077530223376e+00,4.934126008995e+00,9.175965765723e-02
-5.077162014834e+00,6.911926809761e+00,8.775168524570e-02
-5.077116799987e+00,6.512866494776e+00,8.901170873815e-02
-5.077085575700e+00,5.331777944079e+00,9.127493786214e-02
-5.077062800394e+00,8.740437190130e+00,6.344762577008e-02
-5.077043530181e+00,2.561899392997e+00,9.339166126795e-02
-5.076856460656e+00,8.295014965478e+00,7.646613582220e-02
-5.076676932589e+00,5.944518228356e+00,9.029936801288e-02
-5.076607493006e+00,5.484077818474e+00,9.106221939891e-02
-5.076552152039e+00,1.368523281565e+00,9.373102684514e-02
-5.076543431373e+00,3.598116851364e+00,9.287423034282e-02
-5.076454562350e+00,4.300873732771e+00,9.236920237631e-02
-5.076366455645e+00,9.121873508039e+00,2.510048480498e-02
-5.076228341138e+00,5.525262548957e+00,9.100218883610e-02
-5.075896382751e+00,3.799154186732e+00,9.274525850398e-02
-5.075720004734e+00,7.357944470462e+00,8.576379957278e-02
-5.075703579428e+00,1.831415818180e+00,9.363429317275e-02
-5.075643408913e+00,5.567182725787e+00,9.094006051230e-02
-5.075531372925e+00,1.122321580287e+00,9.373012709659e-02
-5.075353255243e+00,3.013062170933e+00,9.319570623263e-02
-5.075155240017e+00,4.884724488947e+00,9.181669502765e-02
-5.075107727425e+00,1.616693869158e+00,9.368906059732e-02
-5.075067739735e+00,2.229817167669e+00,9.351435218777e-02
-5.074868067317e+00,8.830120080254e+00,5.867722976653e-02
-5.074847434966e+00,5.609832422615e+00,9.087553860399e-02
-5.074726917309e+00,4.518357192886e+00,9.218138171042e-02
-5.074593252811e+00,8.206564930822e+00,7.796837025992e-02
-5.074532385342e+00,5.381712466008e+00,9.121031681783e-02
-5.074191114371e+00,6.386108000645e+00,8.934769699327e-02
-5.074116948862e+00,2.413125478185e+00,9.345075286019e-02
-5.074115880743e+00,7.050991121811e+00,8.722137142532e-02
-5.073988247159e+00,6.210638714793e+00,8.976018577526e-02
-5.073962293807e+00,5.992976476780e+00,9.021146641473e-02
-5.073941239731e+00,2.047643305402e+00,9.357362549047e-02
-5.073835194410e+00,5.653205680074e+00,9.080869833166e-02
-5.073405970551e+00,4.652041941738e+00,9.205700528956e-02
-5.072883136797e+00,4.385214439049e+00,9.230155774449e-02
-5.072832833436e+00,7.275020402804e+00,8.620823940270e-02
-5.072601499049e+00,5.697296505977e+00,9.073946708840e-02
-5.072378107711e+00,1.403587387104e+00,9.372761467480e-02
-5.072373648087e+00,3.281446965534e+00,9.306118212286e-02
-5.072334795636e+00,3.398528879362e+00,9.299641782716e-02
-5.072326206051e+00,3.716428415503e+00,9.280327229531e-02
-5.072275515136e+00,6.699633347660e+00,8.848098692206e-02
-5.072255398818e+00,4.835407493220e+00,9.187273717713e-02
-5.071923465218e+00,8.919990396017e+00,5.237443722619e-02
-5.071866487456e+00,2.747160052689e+00,9.331978698475e-02
-5.071655919171e+00,1.157260767248e+00,9.372696377483e-02
-5.071610119181e+00,6.834029377565e+00,8.804384397808e-02
-5.071594236325e+00,8.118338285222e+00,7.927216081587e-02
-5.071449107406e+00,6.568316189376e+00,8.887134713422e-02
-5.071409646847e+00,5.431680224337e+00,9.114484247950e-02
-5.071141197546e+00,5.742098875547e+00,9.066773494280e-02
-5.071054958276e+00,9.212336476855e+00,6.608629183830e-06
-5.071001200935e+00,2.897617678191e+00,9.325382267456e-02
-5.070997150706e+00,3.164854135926e+00,9.312395931985e-02
-5.070990044346e+00,6.042108466215e+00,9.012016244998e-02
-5.070941008803e+00,2.597477936193e+00,9.338264464008e-02
-5.070888493027e+00,1.866688005519e+00,9.362855626487e-02
-5.070832054316e+00,3.516061592120e+00,9.292931394013e-02
-5.070605982506e+00,1.651865943565e+00,9.368425389929e-02
-5.070512552173e+00,7.764297359028e+00,8.304545512891e-02
-5.070456415130e+00,7.852073827139e+00,8.227017909704e-02
-5.070443588332e+00,4.084959853510e+00,9.254676080191e-02
-5.070134026771e+00,4.001417127672e+00,9.260915660925e-02
-5.070052249035e+00,7.677332197408e+00,8.374040128100e-02
-5.069887404666e+00,6.262587560707e+00,8.965125324698e-02
-5.069877819704e+00,7.940651325120e+00,8.139735513603e-02
-5.069726050530e+00,4.168727190308e+00,9.248288492609e-02
-5.069601227304e+00,2.265255410094e+00,9.350685165026e-02
-5.069465858317e+00,7.192967415004e+00,8.661658890964e-02
-5.069449175630e+00,5.787606731622e+00,9.059338516328e-02
-5.069408120990e+00,6.971438784547e+00,8.755145553050e-02
-5.069176492928e+00,6.440142823137e+00,8.922175446577e-02
-5.069081586903e+00,7.591188580076e+00,8.436686847142e-02
-5.068835388665e+00,4.786179942120e+00,9.192805304463e-02
-5.068817471411e+00,3.918117547828e+00,9.267024218726e-02
-5.068788974235e+00,2.082999587129e+00,9.356693097290e-02
-5.068770810898e+00,8.030019537906e+00,8.041064330805e-02
-5.068317059003e+00,2.448631651582e+00,9.344243493438e-02
-5.068254703723e+00,3.048787452306e+00,9.318456620943e-02
-5.068227115713e+00,9.010042942199e+00,4.366210578933e-02
-5.068212968216e+00,4.469709562740e+00,9.223259038817e-02
-5.068165192762e+00,1.438644695329e+00,9.372416758025e-02
-5.068164602591e+00,4.603134481583e+00,9.210975383187e-02
-5.067961598120e+00,4.252700269652e+00,9.241776486958e-02
-5.067817774389e+00,3.634005614294e+00,9.286014307876e-02
-5.067755300881e+00,6.091907945592e+00,9.002527956429e-02
-5.067743576070e+00,1.192195113574e+00,9.372376764746e-02
-5.067606709664e+00,7.505876705685e+00,8.493430297712e-02
-5.067520356315e+00,5.833813984835e+00,9.051629366384e-02
-5.066514313176e+00,3.835079311021e+00,9.273007878508e-02
-5.066063489513e+00,1.687029086836e+00,9.367929433620e-02
-5.066030828678e+00,1.901949215600e+00,9.362266451834e-02
-5.065996176264e+00,5.118737359638e+00,9.156093826598e-02
-5.065990614557e+00,8.540433859563e+00,7.106146541820e-02
-5.065908292021e+00,5.168416511727e+00,9.150033442478e-02
-5.065843364049e+00,8.451409480092e+00,7.338160577175e-02
-5.065633823665e+00,7.421406733386e+00,8.545050402423e-02
-5.065625528055e+00,7.111795508443e+00,8.699297249457e-02
-5.065616395095e+00,6.757060333648e+00,8.831628559952e-02
-5.065538006675e+00,5.069119084512e+00,9.162061643789e-02
-5.065504062035e+00,6.315177584560e+00,8.953777912390e-02
-5.065474215027e+00,6.624372689458e+00,8.872454436568e-02
-5.065395483174e+00,2.782778172190e+00,9.330992249269e-02
-5.065394145585e+00,8.629661675357e+00,6.825437624747e-02
-5.065349700060e+00,5.880714513864e+00,9.043632839742e-02
-5.065269894700e+00,5.218151402166e+00,9.143896446354e-02
-5.065130711592e+00,4.336859893684e+00,9.235102123911e-02
-5.064954405433e+00,8.362593673352e+00,7.533101099972e-02
-5.064899937361e+00,4.737046716709e+00,9.198268517484e-02
-5.064789163878e+00,2.633037111795e+00,9.337346231626e-02
-5.064598222597e+00,3.317236178952e+00,9.304870720616e-02
-5.064547409961e+00,1.562500050003e-02,9.374129600977e-02
-5.064538283107e+00,5.019566787479e+00,9.167936698403e-02
-5.064469497610e+00,4.687500150008e-02,9.373879721568e-02
-5.064391585260e+00,7.812500250013e-02,9.373645207112e-02
-5.064313672909e+00,1.093750035002e-01,9.373426124542e-02
-5.064253218509e+00,6.142368632976e+00,8.992662875491e-02
-5.064245912997e+00,6.892796239230e+00,8.785805631757e-02
-5.064235760558e+00,1.406250045003e-01,9.373222536576e-02
-5.064232296004e+00,3.434348965584e+00,9.298330004931e-02
-5.064196539789e+00,2.933282734748e+00,9.324321715586e-02
-5.064157848208e+00,1.718750055004e-01,9.373034501665e-02
-5.064088685826e+00,2.300678432871e+00,9.349919091667e-02
-5.064079935857e+00,2.031250065004e-01,9.372862073938e-02
-5.064076565899e+00,5.267936855221e+00,9.137682238884e-02
-5.064051978291e+00,8.719087776411e+00,6.478991676656e-02
-5.064002023506e+00,2.343750075005e-01,9.372705303151e-02
-5.063924111156e+00,2.656250085006e-01,9.372564234643e-02
-5.063913449329e+00,1.473694969524e+00,9.372068546085e-02
-5.063864590278e+00,6.494798500141e+00,8.909026995589e-02
-5.063846198805e+00,2.968750095005e-01,9.372438909294e-02
-5.063794373795e+00,1.227124394645e+00,9.372053855585e-02
-5.063777173245e+00,9.100272509776e+00,3.083591065906e-02
-5.063768286454e+00,3.281250105004e-01,9.372329363486e-02
-5.063690374104e+00,3.593750115004e-01,9.372235629073e-02
-5.063612461753e+00,3.906250125003e-01,9.372157733347e-02
-5.063592398948e+00,2.118342700549e+00,9.356007830237e-02
-5.063538491386e+00,3.200603032830e+00,9.311203830095e-02
-5.063534549402e+00,4.218750135002e-01,9.372095699015e-02
-5.063456637052e+00,4.531250145001e-01,9.372049544177e-02
-5.063378724701e+00,4.843750155000e-01,9.372019282309e-02
-5.063325782328e+00,8.273991561035e+00,7.699165318410e-02
-5.063245223010e+00,3.752320272229e+00,9.278849693681e-02
-5.063222588923e+00,5.156250165000e-01,9.371998489231e-02
-5.063169197454e+00,7.337788782479e+00,8.592196566117e-02
-5.063001545528e+00,4.970085532101e+00,9.173739118219e-02
-5.062988229718e+00,5.468750175001e-01,9.371979214824e-02
-5.062932204875e+00,5.928302165719e+00,9.035329845720e-02
-5.062753870514e+00,5.781250185002e-01,9.371959939037e-02
-5.062519511309e+00,6.093750195002e-01,9.371940661868e-02
-5.062469506653e+00,2.484120437741e+00,9.343395480283e-02
-5.062458836479e+00,5.469811399650e+00,9.110326958341e-02
-5.062425331437e+00,4.554339058946e+00,9.216185410882e-02
-5.062392406716e+00,3.551902812431e+00,9.291562338156e-02
-5.062323928255e+00,5.317767658442e+00,9.131390251462e-02
-5.062285152104e+00,6.406250205003e-01,9.371921383319e-02
-5.062115962453e+00,5.510796887726e+00,9.104422240337e-02
-5.062050792899e+00,6.718750215004e-01,9.371902103387e-02
-5.061962166427e+00,8.808706997232e+00,6.040767643555e-02
-5.061816433694e+00,7.031250225005e-01,9.371882822075e-02
-5.061582074489e+00,7.343750235006e-01,9.371863539380e-02
-5.061568234312e+00,5.552518761436e+00,9.098312054037e-02
-5.061480303605e+00,1.722183050926e+00,9.367418162477e-02
-5.061347715284e+00,7.656250245005e-01,9.371844255303e-02
-5.061318352604e+00,7.031514643237e+00,8.734059865543e-02
-5.061214171842e+00,4.421186540073e+00,9.228293290134e-02
-5.061130654041e+00,1.937199189261e+00,9.361661762303e-02
-5.061113356079e+00,7.968750255004e-01,9.371824969845e-02
-5.061102275856e+00,3.084486889323e+00,9.317325327574e-02
-5.060959570609e+00,8.185608249850e+00,7.842300956087e-02
-5.060932373841e+00,4.920680343951e+00,9.179469513268e-02
-5.060878996874e+00,8.281250265003e-01,9.371805683003e-02
-5.060833534325e+00,6.368402379353e+00,8.941950294148e-02
-5.060810386307e+00,5.594971098736e+00,9.091966380244e-02
-5.060644637669e+00,8.593750275002e-01,9.371786394780e-02
-5.060478990889e+00,6.193484215820e+00,8.982400744901e-02
-5.060453811253e+00,4.688012658600e+00,9.203663998117e-02
-5.060410278465e+00,8.906250285002e-01,9.371767105173e-02
-5.060262906592e+00,5.976570755881e+00,9.026699244238e-02
-5.060219161524e+00,7.255032932077e+00,8.635413736157e-02
-5.060175919260e+00,9.218750295001e-01,9.371747814183e-02
-5.060063657427e+00,4.037344720337e+00,9.259282841705e-02
-5.060051280857e+00,4.120899074866e+00,9.252985874674e-02
-5.060007645757e+00,5.367638562936e+00,9.124982554858e-02
-5.059941560055e+00,9.531250305001e-01,9.371728521811e-02
-5.059837189144e+00,5.638147944545e+00,9.085394585289e-02
-5.059808343891e+00,1.262048385979e+00,9.371726223488e-02
-5.059707200850e+00,9.843750315000e-01,9.371709228054e-02
-5.059622920989e+00,1.508737973248e+00,9.371716821524e-02
-5.059187645753e+00,6.681029433999e+00,8.857088392711e-02
-5.059122796364e+00,8.898514158127e+00,5.468882175626e-02
-5.059062674525e+00,3.954026831091e+00,9.265433123723e-02
-5.059031146433e+00,3.669857940466e+00,9.284577114786e-02
-5.059005552493e+00,4.204671237572e+00,9.246555222976e-02
-5.058873695312e+00,2.818374543121e+00,9.329989026865e-02
-5.058643450201e+00,5.682043310939e+00,9.078588828552e-02
-5.058635944255e+00,6.815073323805e+00,8.814352513378e-02
-5.058588114329e+00,2.668576619627e+00,9.336411391152e-02
-5.058571825239e+00,9.190673876078e+00,1.008844098815e-02
-5.058530208879e+00,2.336085955851e+00,9.349136962020e-02
-5.058351594919e+00,2.153672375955e+00,9.355306711338e-02
-5.058335387632e+00,4.871356210268e+00,9.185128190755e-02
-5.058299030529e+00,7.830931281430e+00,8.254131754591e-02
-5.058287689373e+00,7.743316599572e+00,8.328895350400e-02
-5.058250844580e+00,6.550068532366e+00,8.895290306633e-02
-5.057857878478e+00,8.097448831220e+00,7.966928400752e-02
-5.057788664670e+00,7.919348077425e+00,8.170185465696e-02
-5.057760664451e+00,7.656514304956e+00,8.396053706552e-02
-5.057725758101e+00,1.017393837879e+00,9.371546507772e-02
-5.057339589536e+00,2.968923873808e+00,9.323243992144e-02
-5.057336879117e+00,6.025514068464e+00,9.017736611051e-02
-5.057224013694e+00,5.726651177387e+00,9.071538434782e-02
-5.057123424071e+00,5.417544283636e+00,9.118489380081e-02
-5.057068611784e+00,3.870963728135e+00,9.271464390323e-02
-5.056906772495e+00,4.288642219556e+00,9.239987681755e-02
-5.056856481459e+00,1.757327588091e+00,9.366891547627e-02
-5.056790108102e+00,7.173149220719e+00,8.675162489404e-02
-5.056766092316e+00,3.352995152442e+00,9.303605405847e-02
-5.056750631737e+00,8.008556675981e+00,8.075434308946e-02
-5.056724041976e+00,7.570534631845e+00,8.456688541159e-02
-5.056574398637e+00,2.519591546581e+00,9.342531211501e-02
-5.056550903034e+00,6.952134737823e+00,8.766271319132e-02
-5.056427850313e+00,6.245248351284e+00,8.971719826130e-02
-5.056193065682e+00,4.505660365816e+00,9.221331252483e-02
-5.056188038369e+00,1.972437667687e+00,9.361041526538e-02
-5.056071683789e+00,3.470136683374e+00,9.296999960163e-02
-5.056024592780e+00,3.236323755707e+00,9.309994001460e-02
-5.055871175902e+00,6.422255508382e+00,8.929614391925e-02
-5.055785519268e+00,1.296966863311e+00,9.371395280157e-02
-5.055573760884e+00,5.771965490949e+00,9.064232073414e-02
-5.055531987197e+00,8.988504065395e+00,4.691400999150e-02
-5.055501814791e+00,4.639082569820e+00,9.208977073054e-02
-5.055293652757e+00,1.543773470351e+00,9.371361574130e-02
-5.055215245735e+00,4.822118079819e+00,9.190685280533e-02
-5.055183970847e+00,7.485387775333e+00,8.511687415786e-02
-5.054149234543e+00,6.075125856498e+00,9.008424859733e-02
-5.054102030989e+00,3.788173392048e+00,9.277353326996e-02
-5.053979860374e+00,1.052179545948e+00,9.371238749758e-02
-5.053896130099e+00,3.120160154225e+00,9.316176714353e-02
-5.053893298269e+00,3.587709474595e+00,9.290174950474e-02
-5.053735538533e+00,4.372792704589e+00,9.233263685918e-02
-5.053687610301e+00,5.817980166460e+00,9.056657705481e-02
-5.053146662404e+00,7.401083890985e+00,8.561785150199e-02
-5.053066644842e+00,2.188988344128e+00,9.354589703872e-02
-5.052925891743e+00,2.371477699479e+00,9.348338739535e-02
-5.052888490793e+00,7.092147646109e+00,8.711830012079e-02
-5.052770892513e+00,8.519213321656e+00,7.188235179712e-02
-5.052584962714e+00,6.738279833448e+00,8.840991272935e-02
-5.052519668274e+00,8.430254145601e+00,7.406800109939e-02
-5.052337980889e+00,2.704096160295e+00,9.335459904840e-02
-5.052330733899e+00,6.605946391479e+00,8.880928498379e-02
-5.052301257320e+00,2.853948856478e+00,9.328968997989e-02
-5.052278715597e+00,8.608376443856e+00,6.925330031056e-02
-5.052192081263e+00,1.792462450933e+00,9.366349559680e-02
-5.052095067981e+00,6.297654666368e+00,8.960596761515e-02
-5.051725934200e+00,1.331879602586e+00,9.371061016242e-02
-5.051576646013e+00,4.772970862512e+00,9.196174139535e-02
-5.051560517898e+00,5.864689086782e+00,9.048802525537e-02
-5.051527056739e+00,8.341504050541e+00,7.591334097944e-02
-5.051329811159e+00,6.873665668700e+00,8.796214299424e-02
-5.051203052495e+00,2.007664392488e+00,9.360405712885e-02
-5.051187890846e+00,9.078671511514e+00,3.573495555073e-02
-5.051041156187e+00,8.697738362693e+00,6.603146603982e-02
-5.050925691081e+00,1.578801224967e+00,9.371002793616e-02
-5.050695123365e+00,6.125399842123e+00,8.998745708718e-02
-5.050631843532e+00,2.555044688712e+00,9.341649086096e-02
-5.050618390175e+00,7.317633094496e+00,8.607595137608e-02
-5.050612380569e+00,6.476730505506e+00,8.916739895033e-02
-5.050445670329e+00,5.154606458629e+00,9.153732753577e-02
-5.050430496865e+00,3.004540777246e+00,9.322149062183e-02
-5.050303177849e+00,5.104997144305e+00,9.159744651047e-02
-5.050199231699e+00,1.086961340867e+00,9.370927880817e-02
-5.050183770624e+00,3.705673459092e+00,9.283121112843e-02
-5.050048790283e+00,4.590261212467e+00,9.214211912018e-02
-5.050039296697e+00,5.204273051435e+00,9.147645102563e-02
-5.049927202430e+00,4.073227141882e+00,9.257625777811e-02
-5.049795104000e+00,8.252968156593e+00,7.749181680842e-02
-5.049616287856e+00,5.055450237014e+00,9.165662318786e-02
-5.049591597102e+00,4.156791028213e+00,9.251275825197e-02
-5.049472750937e+00,4.457103053423e+00,9.226410636701e-02
-5.049243123450e+00,3.989893001441e+00,9.263822702895e-02
-5.049187477161e+00,5.912086103082e+00,9.040644015070e-02
-5.049079629137e+00,5.253991756995e+00,9.141481106871e-02
-5.049056265537e+00,8.787293914209e+00,6.199191490697e-02
-5.048877442512e+00,3.388723541130e+00,9.302322249233e-02
-5.048520824465e+00,7.012038164663e+00,8.745710798139e-02
-5.048455627536e+00,3.272015968586e+00,9.308766417654e-02
-5.048389509490e+00,5.005970827767e+00,9.171491002812e-02
-5.048310179953e+00,5.455544980826e+00,9.114381659659e-02
-5.048216429104e+00,4.240565881984e+00,9.244802191764e-02
-5.048003583767e+00,5.496331226495e+00,9.108573231585e-02
-5.047853157274e+00,3.505891679280e+00,9.295651629166e-02
-5.047737633035e+00,2.224290336397e+00,9.353856770998e-02
-5.047629624327e+00,1.366786379959e+00,9.370723422334e-02
-5.047605489611e+00,7.235045461351e+00,8.649633301202e-02
-5.047562280810e+00,5.303757372806e+00,9.135240205962e-02
-5.047559527742e+00,3.906807051189e+00,9.269895660435e-02
-5.047493059711e+00,5.537854797085e+00,9.102563525403e-02
-5.047487162709e+00,1.827587392413e+00,9.365792168762e-02
-5.047475954279e+00,6.350696758061e+00,8.949006420957e-02
-5.047424325184e+00,4.723919428958e+00,9.201595380651e-02
-5.047325888407e+00,8.164651568878e+00,7.885716985015e-02
-5.047275831393e+00,2.406853384798e+00,9.347524387867e-02
-5.046969734619e+00,6.176329716847e+00,8.988679574428e-02
-5.046773337648e+00,5.580109774858e+00,9.096322108888e-02
-5.046636426910e+00,3.155806920204e+00,9.315010754741e-02
-5.046627391950e+00,4.956563969951e+00,9.177247859636e-02
-5.046563519376e+00,5.960165034982e+00,9.032169148445e-02
-5.046519083848e+00,1.613821001514e+00,9.370640319576e-02
-5.046383896559e+00,1.121739011127e+00,9.370613892305e-02
-5.046322127510e+00,8.877037920237e+00,5.677947558777e-02
-5.046175768796e+00,2.042879105807e+00,9.359754289427e-02
-5.046141645927e+00,7.809788735721e+00,8.280281622320e-02
-5.046099776370e+00,6.662425520338e+00,8.865901547250e-02
-5.046088692202e+00,9.169011275300e+00,1.829476147603e-02
-5.046062826574e+00,7.722335840115e+00,8.352448045213e-02
-5.046038886093e+00,2.739595435189e+00,9.334491735802e-02
-5.045839183879e+00,5.623090209016e+00,9.089860117803e-02
-5.045782114718e+00,4.324532594529e+00,9.238173310783e-02
-5.045699509635e+00,7.898044829729e+00,8.199517150339e-02
-5.045678304511e+00,2.889500804115e+00,9.327931573100e-02
-5.045661769330e+00,6.796117270045e+00,8.824113702638e-02
-5.045482906172e+00,5.353564659864e+00,9.128885966984e-02
-5.045469079867e+00,7.635696412505e+00,8.417381277029e-02
-5.045334940619e+00,3.623481216999e+00,9.288769225357e-02
-5.045052581755e+00,6.531820875356e+00,8.903294035035e-02
-5.044896867133e+00,3.823987396696e+00,9.275838137828e-02
-5.044730452576e+00,7.987093814055e+00,8.108447609117e-02
-5.044685401353e+00,5.666790115902e+00,9.083169154711e-02
-5.044641951660e+00,2.590479575445e+00,9.340748862669e-02
-5.044366497049e+00,7.549880683615e+00,8.476095623537e-02
-5.044334524306e+00,4.907234678908e+00,9.182933491533e-02
-5.044121520631e+00,8.076559377218e+00,8.004943385685e-02
-5.044114357887e+00,7.153331026434e+00,8.688336621122e-02
-5.044099617643e+00,4.541553308352e+00,9.219382636819e-02
-5.043693685078e+00,6.932830691098e+00,8.777152334344e-02
-5.043683713888e+00,6.008919670714e+00,9.023370197830e-02
-5.043496626647e+00,1.401686971829e+00,9.370382488961e-02
-5.043469410384e+00,3.040133127863e+00,9.321036892488e-02
-5.043306829841e+00,5.711203479227e+00,9.076238851180e-02
-5.042968295959e+00,6.227909141861e+00,8.978205452988e-02
-5.042837201294e+00,5.403408342935e+00,9.122446125436e-02
-5.042836858682e+00,8.966965188592e+00,4.979852245138e-02
-5.042763058444e+00,4.674968610265e+00,9.206949637518e-02
-5.042761232030e+00,7.464898844980e+00,8.529425761606e-02
-5.042741786996e+00,1.862702165854e+00,9.365219344542e-02
-5.042565858875e+00,6.404368193628e+00,8.936921731132e-02
-5.042533880731e+00,1.156512345322e+00,9.370296775529e-02
-5.042364645463e+00,2.259578084585e+00,9.353107875814e-02
-5.042269369552e+00,4.408671731916e+00,9.231405002272e-02
-5.042073880385e+00,1.648832564674e+00,9.370272951461e-02
-5.041698346138e+00,5.756324250276e+00,9.069058207146e-02
-5.041580126506e+00,2.442212733436e+00,9.346693870942e-02
-5.041515535248e+00,4.857987931589e+00,9.188544373642e-02
-5.041275872354e+00,3.741451800729e+00,9.281646297958e-02
-5.041106261227e+00,2.078081550197e+00,9.359087224037e-02
-5.040932460563e+00,3.424421001254e+00,9.301019207801e-02
-5.040831770380e+00,3.307679336493e+00,9.307521053048e-02
-5.040659501144e+00,7.380761048583e+00,8.578064575406e-02
-5.040543168206e+00,6.058343767404e+00,9.014230623794e-02
-5.040151453532e+00,7.072499783774e+00,8.724046314109e-02
-5.039854864288e+00,5.802146348086e+00,9.061615540033e-02
-5.039724938229e+00,4.109063990497e+00,9.255938930443e-02
-5.039690954313e+00,2.775074146396e+00,9.333506848125e-02
-5.039576916875e+00,3.541613601100e+00,9.294284996685e-02
-5.039553530333e+00,6.719499333248e+00,8.850165948161e-02
-5.039551170469e+00,8.497992783748e+00,7.265433899777e-02
-5.039359082031e+00,4.025715665194e+00,9.262192984101e-02
-5.039326979525e+00,1.436581154802e+00,9.370038206589e-02
-5.039323328730e+00,3.191426861450e+00,9.313822848714e-02
-5.039195972500e+00,8.409098811111e+00,7.471682087960e-02
-5.039187252772e+00,6.587520093501e+00,8.889241333155e-02
-5.039163285609e+00,8.587091212354e+00,7.018695595310e-02
-5.039064826266e+00,4.192635303986e+00,9.249545976319e-02
-5.039004974078e+00,2.925030078702e+00,9.326872769871e-02
-5.038686073928e+00,6.280131748176e+00,8.967300789062e-02
-5.038649211275e+00,1.191281132255e+00,9.369976521748e-02
-5.038604835115e+00,2.625895918737e+00,9.339832090697e-02
-5.038598608447e+00,9.057070513251e+00,3.996802473030e-02
-5.038413709321e+00,6.854535098169e+00,8.806401779017e-02
-5.038175092651e+00,4.808828666419e+00,9.194058709069e-02
-5.038099708045e+00,8.320414427729e+00,7.646617714886e-02
-5.038067582896e+00,7.297477406513e+00,8.622591873537e-02
-5.038030334084e+00,8.676388948975e+00,6.718317629556e-02
-5.037987312562e+00,3.942608894831e+00,9.268307604656e-02
-5.037956016821e+00,1.897806524974e+00,9.364631056270e-02
-5.037771335736e+00,5.848663659699e+00,9.053898429150e-02
-5.037659214055e+00,4.492963538745e+00,9.224489880388e-02
-5.037597659031e+00,4.626123197902e+00,9.212217797792e-02
-5.037590131447e+00,1.683835679462e+00,9.369902016622e-02
-5.037360170860e+00,6.458662510871e+00,8.924313484854e-02
-5.037358982638e+00,4.276410706340e+00,9.243022810191e-02
-5.037137028221e+00,6.108431051270e+00,9.004732739173e-02
-5.036947769729e+00,2.294851321016e+00,9.352342981415e-02
-5.036717547583e+00,3.659217679366e+00,9.287340739162e-02
-5.036456480627e+00,3.075700609382e+00,9.319907451735e-02
-5.036264425672e+00,8.231944752151e+00,7.796840851589e-02
-5.036150364647e+00,8.765880831186e+00,6.344768734175e-02
-5.035994605321e+00,2.113271468637e+00,9.358404484423e-02
-5.035838877462e+00,2.477555467603e+00,9.345847153041e-02
-5.035723296326e+00,6.992561686089e+00,8.757099062822e-02
-5.035629970918e+00,3.859761909309e+00,9.274303913495e-02
-5.035442749446e+00,5.895870040445e+00,9.045881085469e-02
-5.035120722690e+00,1.471468705690e+00,9.369690565620e-02
-5.035008419692e+00,1.562500050003e-02,9.371720519334e-02
-5.034991817699e+00,7.215057990624e+00,8.663496434954e-02
-5.034983048638e+00,5.140796405531e+00,9.157388999538e-02
-5.034935533945e+00,4.687500150008e-02,9.371467371145e-02
-5.034862648198e+00,7.812500250013e-02,9.371229813037e-02
-5.034808698695e+00,5.190394700704e+00,9.151349856087e-02
-5.034789762450e+00,1.093750035002e-01,9.371007913730e-02
-5.034729916533e+00,1.226045160917e+00,9.369653122167e-02
-5.034716876703e+00,1.406250045003e-01,9.370801737614e-02
-5.034643990955e+00,1.718750055004e-01,9.370611344690e-02
-5.034610179435e+00,5.091256928973e+00,9.163353233322e-02
-5.034587940268e+00,4.360370970128e+00,9.236338633731e-02
-5.034571105208e+00,2.031250065004e-01,9.370436790513e-02
-5.034498219461e+00,2.343750075005e-01,9.370278126143e-02
-5.034425333713e+00,2.656250085006e-01,9.370135398095e-02
-5.034352447966e+00,2.968750095005e-01,9.370008648297e-02
-5.034317903360e+00,4.759761782904e+00,9.199505564191e-02
-5.034279562219e+00,3.281250105004e-01,9.369897914052e-02
-5.034206676471e+00,3.593750115004e-01,9.369803228000e-02
-5.034161523427e+00,5.441278562002e+00,9.118387021332e-02
-5.034133790724e+00,3.906250125003e-01,9.369724618090e-02
-5.034118374233e+00,6.332991136769e+00,8.955941330152e-02
-5.034082692374e+00,5.240046658768e+00,9.145235219889e-02
-5.034060904976e+00,4.218750135002e-01,9.369662107553e-02
-5.033988019229e+00,4.531250145001e-01,9.369615714879e-02
-5.033984261326e+00,7.788646190011e+00,8.305544639726e-02
-5.033915133482e+00,4.843750155000e-01,9.369585453802e-02
-5.033891205081e+00,5.481865565264e+00,9.112672888521e-02
-5.033837963775e+00,7.701355080658e+00,8.375241578794e-02
-5.033769070980e+00,5.156250165000e-01,9.369565260619e-02
-5.033694569037e+00,5.041781389515e+00,9.169221652436e-02
-5.033692206206e+00,8.143694887906e+00,7.927219628199e-02
-5.033610354600e+00,7.876741582034e+00,8.227790442870e-02
-5.033605559166e+00,9.147348674523e+00,2.510054045620e-02
-5.033549831724e+00,5.468750175001e-01,9.369547065955e-02
-5.033521458656e+00,8.855561682348e+00,5.867729592838e-02
-5.033460478349e+00,6.159175217874e+00,8.994857607194e-02
-5.033417885110e+00,5.523190832734e+00,9.106761553999e-02
-5.033330592468e+00,5.781250185002e-01,9.369528870061e-02
-5.033294311752e+00,2.810531996732e+00,9.332505206980e-02
-5.033177495283e+00,7.614878520053e+00,8.438054006039e-02
-5.033153198075e+00,3.343313525521e+00,9.306257885032e-02
-5.033129916371e+00,1.932900223900e+00,9.364027272811e-02
-5.033111353211e+00,6.093750195002e-01,9.369510672935e-02
-5.033067889211e+00,1.718830111240e+00,9.369527504497e-02
-5.033011906987e+00,6.643821606677e+00,8.874543316207e-02
-5.032931335950e+00,3.460087190180e+00,9.299691520854e-02
-5.032892113955e+00,6.406250205003e-01,9.369492474579e-02
-5.032864132161e+00,5.943759314083e+00,9.037558245674e-02
-5.032800633365e+00,5.289747087169e+00,9.139044538313e-02
-5.032736288989e+00,5.565248450979e+00,9.100622195286e-02
-5.032710273415e+00,7.965630952130e+00,8.140198935772e-02
-5.032687594404e+00,6.777161216286e+00,8.833674330712e-02
-5.032672874699e+00,6.718750215004e-01,9.369474274992e-02
-5.032520607762e+00,2.661293431186e+00,9.338898731440e-02
-5.032453635443e+00,7.031250225005e-01,9.369456074174e-02
-5.032307679228e+00,3.777192597363e+00,9.280152671616e-02
-5.032281405092e+00,2.960536373734e+00,9.325796816269e-02
-5.032240735873e+00,4.992374868054e+00,9.175004751065e-02
-5.032234396187e+00,7.343750235006e-01,9.369437872125e-02
-5.032015156930e+00,7.656250245005e-01,9.369419668844e-02
-5.032008952122e+00,7.529226735385e+00,8.494933905581e-02
-5.031956999965e+00,3.227019653179e+00,9.312615082768e-02
-5.031932977976e+00,4.577387943351e+00,9.217413298785e-02
-5.031854318929e+00,6.513573218346e+00,8.911150127824e-02
-5.031841178613e+00,5.608032473487e+00,9.094267645775e-02
-5.031795917674e+00,7.968750255004e-01,9.369401464331e-02
-5.031576678418e+00,8.281250265003e-01,9.369383258586e-02
-5.031487095059e+00,2.330109778570e+00,9.351562050953e-02
-5.031438607671e+00,7.133512832148e+00,8.701192115484e-02
-5.031357439162e+00,8.593750275002e-01,9.369365051610e-02
-5.031278110679e+00,8.055303957750e+00,8.041141198445e-02
-5.031243165165e+00,3.577302097827e+00,9.292900051749e-02
-5.031138199905e+00,8.906250285002e-01,9.369346843401e-02
-5.030958166587e+00,5.339490756793e+00,9.132742828027e-02
-5.030918960649e+00,9.218750295001e-01,9.369328633960e-02
-5.030877897228e+00,1.506349401563e+00,9.369339556392e-02
-5.030840878173e+00,2.148448604575e+00,9.357704931065e-02
-5.030836467121e+00,6.913526644373e+00,8.787796544464e-02
-5.030776026140e+00,1.260804220433e+00,9.369325767624e-02
-5.030732533658e+00,4.444496544105e+00,9.229526164069e-02
-5.030727352505e+00,5.651536920865e+00,9.087688973418e-02
-5.030699721393e+00,9.531250305001e-01,9.369310423286e-02
-5.030480482137e+00,9.843750315000e-01,9.369292211380e-02
-5.030338493212e+00,7.444409914628e+00,8.546666893170e-02
-5.030253238372e+00,4.943042407801e+00,9.180716816444e-02
-5.030141730167e+00,8.945426311788e+00,5.237450714360e-02
-5.030052186337e+00,2.512881310109e+00,9.344984198877e-02
-5.030030548660e+00,5.992325272963e+00,9.028919022045e-02
-5.029948713007e+00,4.710792141207e+00,9.204885544516e-02
-5.029508741605e+00,6.210569932437e+00,8.984584928822e-02
-5.029457143673e+00,4.144854866119e+00,9.254232258751e-02
-5.029410816528e+00,4.061494430255e+00,9.260544003376e-02
-5.029391860069e+00,3.111242906414e+00,9.318760710662e-02
-5.029389645988e+00,5.695755781068e+00,9.080876105987e-02
-5.029260541849e+00,6.386480878873e+00,8.944100964427e-02
-5.028550978518e+00,5.389272402234e+00,9.126355414009e-02
-5.028515399308e+00,1.017310450930e+00,9.369129380498e-02
-5.028507207291e+00,1.753815625657e+00,9.369149404444e-02
-5.028471260088e+00,4.228431494315e+00,9.247796382408e-02
-5.028352220128e+00,3.978368875209e+00,9.266700242123e-02
-5.028263551351e+00,1.967983017089e+00,9.363407962685e-02
-5.028172339883e+00,7.360438206182e+00,8.593906824418e-02
-5.028041335198e+00,3.694918502681e+00,9.285887412431e-02
-5.027855926461e+00,9.237794439120e+00,6.608629133638e-06
-5.027822931392e+00,5.740683009603e+00,9.073818362317e-02
-5.027736674771e+00,4.893789013864e+00,9.186358443232e-02
-5.027414416271e+00,7.052851921440e+00,8.735980223142e-02
-5.026937101868e+00,6.041561678310e+00,9.019947401139e-02
-5.026849086414e+00,2.845968689802e+00,9.331486778754e-02
-5.026787571010e+00,1.295558100128e+00,9.368994684454e-02
-5.026598545582e+00,1.541223019764e+00,9.368985169179e-02
-5.026522097953e+00,6.700718833049e+00,8.859158196365e-02
-5.026433517844e+00,4.312205295375e+00,9.241212156670e-02
-5.026389385192e+00,2.696671826138e+00,9.337948746895e-02
-5.026331448425e+00,8.476772245841e+00,7.338165326766e-02
-5.026301584072e+00,3.895496554550e+00,9.272738176557e-02
-5.026047855621e+00,8.565805980854e+00,7.106151689379e-02
-5.026043771645e+00,6.569093795522e+00,8.897397519589e-02
-5.026022118274e+00,5.786312529711e+00,9.066504403545e-02
-5.026009326048e+00,9.035469514989e+00,4.366217658247e-02
-5.025982712303e+00,2.365353190696e+00,9.350765047701e-02
-5.025872276725e+00,8.387943476620e+00,7.533105486983e-02
-5.025773903849e+00,4.528767557759e+00,9.222545385987e-02
-5.025645158442e+00,2.183612701927e+00,9.356989025350e-02
-5.025516775616e+00,7.277321718530e+00,8.637202158688e-02
-5.025507738487e+00,2.996019383559e+00,9.324703676982e-02
-5.025497607483e+00,6.835404527638e+00,8.816375023900e-02
-5.025420089388e+00,3.378918202898e+00,9.304976894242e-02
-5.025277079874e+00,6.262608829983e+00,8.973892917940e-02
-5.025072305635e+00,4.661924561931e+00,9.210199276097e-02
-5.025019511981e+00,8.655039535256e+00,6.825443205249e-02
-5.024874260233e+00,3.495721766441e+00,9.298345568693e-02
-5.024788222211e+00,1.051929507919e+00,9.368820388243e-02
-5.024695682863e+00,4.844619652910e+00,9.191922407136e-02
-5.024672359350e+00,8.299324804918e+00,7.699169376137e-02
-5.024537606986e+00,3.262584971639e+00,9.311389582579e-02
-5.024220156882e+00,2.548189984426e+00,9.344104973685e-02
-5.024107961150e+00,6.440594516236e+00,8.931751539871e-02
-5.023982153575e+00,5.832638232616e+00,9.058922179844e-02
-5.023908140729e+00,1.788791988687e+00,9.368691496957e-02
-5.023578933077e+00,6.091462260417e+00,9.010626266998e-02
-5.023356988959e+00,2.003054659404e+00,9.362773094104e-02
-5.023324567263e+00,4.396156923760e+00,9.234483727849e-02
-5.023279421091e+00,3.812895482371e+00,9.278640241247e-02
-5.023244463758e+00,8.744467748163e+00,6.478997718535e-02
-5.022925768187e+00,6.973085207515e+00,8.768233385325e-02
-5.022852106849e+00,3.612956819703e+00,9.291496787969e-02
-5.022764583342e+00,1.330306589527e+00,9.368660426092e-02
-5.022733747344e+00,8.210921347709e+00,7.842304714852e-02
-5.022378145787e+00,7.195070519897e+00,8.677016267814e-02
-5.022282711546e+00,1.576089337907e+00,9.368627394188e-02
-5.022275703115e+00,3.146759704481e+00,9.317596642246e-02
-5.021826876724e+00,7.767503644302e+00,8.329964527718e-02
-5.021698021732e+00,5.879653977808e+00,9.051042781862e-02
-5.021613100975e+00,7.680374321202e+00,8.397311584140e-02
-5.021521199565e+00,7.855438334339e+00,8.254969553955e-02
-5.021134939567e+00,4.795539253018e+00,9.197394709504e-02
-5.021122426129e+00,9.125686073746e+00,3.083597364891e-02
-5.021028554871e+00,1.086544904219e+00,9.368508430781e-02
-5.020885910699e+00,7.594060627601e+00,8.458101220612e-02
-5.020760794188e+00,6.315285515477e+00,8.962758162821e-02
-5.020720789802e+00,8.834085444458e+00,6.040774154060e-02
-5.020690094254e+00,7.944168090204e+00,8.170758554394e-02
-5.020434713924e+00,2.400581291411e+00,9.349951935125e-02
-5.020407526335e+00,2.218763505126e+00,9.356257214711e-02
-5.020355408088e+00,2.881383930039e+00,9.330451531175e-02
-5.020211284729e+00,2.732030817689e+00,9.336982099902e-02
-5.020058524004e+00,8.122738206934e+00,7.966931887747e-02
-5.020012866900e+00,5.427012143178e+00,9.122343996677e-02
-5.019951222079e+00,6.142020718900e+00,9.000937304015e-02
-5.019924037604e+00,6.625217693016e+00,8.883018664993e-02
-5.019778826395e+00,5.467399904033e+00,9.116722216452e-02
-5.019713419479e+00,6.758205162526e+00,8.843040509333e-02
-5.019693503272e+00,4.613163825984e+00,9.215423360173e-02
-5.019651407195e+00,7.508572787154e+00,8.513227741926e-02
-5.019578100692e+00,5.176516349973e+00,9.155011537071e-02
-5.019520426946e+00,5.126986352433e+00,9.161002992602e-02
-5.019398595601e+00,4.097228906129e+00,9.258861668382e-02
-5.019342710509e+00,5.508526868383e+00,9.110906997431e-02
-5.019327648622e+00,8.033682572816e+00,8.075649637495e-02
-5.019306521699e+00,3.730583329228e+00,9.284415293347e-02
-5.019270745990e+00,1.823758966646e+00,9.368134940683e-02
-5.019164744946e+00,5.927353593183e+00,9.042868372095e-02
-5.019125362428e+00,4.480266711675e+00,9.227614684924e-02
-5.019124100039e+00,4.180599370400e+00,9.252505806110e-02
-5.019085755612e+00,5.226101560542e+00,9.148945426349e-02
-5.018917181020e+00,5.077516713640e+00,9.166920368113e-02
-5.018762857456e+00,7.113694637863e+00,8.713714002005e-02
-5.018707096614e+00,1.365049478352e+00,9.368322983573e-02
-5.018699240331e+00,5.550387127100e+00,9.104867758766e-02
-5.018684117045e+00,3.031478803420e+00,9.323593318402e-02
-5.018656056103e+00,6.495325561336e+00,8.918862662180e-02
-5.018654506636e+00,4.014086610052e+00,9.265073599618e-02
-5.018410297861e+00,2.038114906211e+00,9.362122635018e-02
-5.018342894517e+00,2.583481214698e+00,9.343209443303e-02
-5.018038985919e+00,5.275736801533e+00,9.142804115558e-02
-5.017979249165e+00,6.894222597649e+00,8.798211561135e-02
-5.017930440271e+00,1.610948133870e+00,9.368266221560e-02
-5.017915754395e+00,7.423920984275e+00,8.563431203229e-02
-5.017843173347e+00,5.592974737958e+00,9.098618352473e-02
-5.017811192783e+00,4.264179193124e+00,9.246026208988e-02
-5.017772850217e+00,5.028112542016e+00,9.172740418782e-02
-5.017632625123e+00,3.414493036924e+00,9.303678064812e-02
-5.017446601652e+00,8.923887434984e+00,5.468889105236e-02
-5.017236420193e+00,1.121156441967e+00,9.368193499862e-02
-5.017065318164e+00,3.298122494034e+00,9.310146321989e-02
-5.017059160707e+00,4.746552703296e+00,9.202800269461e-02
-5.016911950600e+00,3.931190958571e+00,9.271153134275e-02
-5.016769303656e+00,5.636283725827e+00,9.092149536613e-02
-5.016761427035e+00,3.531324389769e+00,9.296981335391e-02
-5.016433427002e+00,5.325416853721e+00,9.136554025679e-02
-5.016377383431e+00,5.975730875213e+00,9.034385040351e-02
-5.016091962256e+00,4.978778908342e+00,9.178478700595e-02
-5.016049187251e+00,6.193230723014e+00,8.990860889596e-02
-5.015955224823e+00,6.368593564119e+00,8.951155472074e-02
-5.015685178622e+00,7.340115363780e+00,8.609329102720e-02
-5.015479243489e+00,9.216070756253e+00,1.008846846776e-02
-5.015472462135e+00,5.680308082908e+00,9.085451524970e-02
-5.015440342004e+00,4.347949235668e+00,9.239381215996e-02
-5.015128063621e+00,2.253900759077e+00,9.355509462105e-02
-5.015108166074e+00,3.182250690069e+00,9.316415221894e-02
-5.014843194010e+00,2.435793815290e+00,9.349122676957e-02
-5.014677379010e+00,7.033204059105e+00,8.747641343445e-02
-5.014615145583e+00,1.399786556553e+00,9.367982347879e-02
-5.014595080966e+00,1.858716326189e+00,9.367562970777e-02
-5.014403948733e+00,3.648577418266e+00,9.290075203861e-02
-5.014264755742e+00,5.375136461533e+00,9.130218153057e-02
-5.014191330052e+00,3.848560090483e+00,9.277109020624e-02
-5.013986425451e+00,2.767370120604e+00,9.335998754255e-02
-5.013947516646e+00,5.725041768929e+00,9.078513944160e-02
-5.013879084795e+00,4.929520845651e+00,9.184146729794e-02
-5.013817165668e+00,4.564514674236e+00,9.220580186442e-02
-5.013813408367e+00,2.916777422656e+00,9.329399433452e-02
-5.013541778265e+00,1.645799185782e+00,9.367901603564e-02
-5.013490665572e+00,6.681938332849e+00,8.867973411778e-02
-5.013423548220e+00,2.073163513264e+00,9.361456553157e-02
-5.013420043648e+00,9.013868516727e+00,4.691408150109e-02
-5.013411842291e+00,1.155763923397e+00,9.367875587195e-02
-5.013331035531e+00,6.024779589217e+00,9.025577279102e-02
-5.013111726380e+00,8.455551707933e+00,7.406804768559e-02
-5.012965968337e+00,7.257166030547e+00,8.651440611510e-02
-5.012932425633e+00,8.544520749353e+00,7.188240226412e-02
-5.012900290517e+00,6.550667497543e+00,8.905401468442e-02
-5.012581505646e+00,6.816273957107e+00,8.826140704449e-02
-5.012548580950e+00,8.366788142130e+00,7.591338403514e-02
-5.012473100829e+00,4.697664853456e+00,9.208139685251e-02
-5.012420506353e+00,2.618754725680e+00,9.342295721888e-02
-5.012189372261e+00,5.770478711337e+00,9.071325786874e-02
-5.012008689877e+00,8.633690121538e+00,6.925335501550e-02
-5.011992316379e+00,4.431890034788e+00,9.232608682799e-02
-5.011868085821e+00,6.245085911791e+00,8.980375975340e-02
-5.011810685397e+00,3.066914329441e+00,9.322465708789e-02
-5.011245010656e+00,8.278235182107e+00,7.749185665881e-02
-5.011138825236e+00,4.880343348821e+00,9.189745093546e-02
-5.010855751441e+00,6.422526521601e+00,8.939057703008e-02
-5.010513327466e+00,3.766211802679e+00,9.282924382548e-02
-5.010488766288e+00,1.434517614275e+00,9.367638509939e-02
-5.010338562868e+00,8.723054665141e+00,6.603152530069e-02
-5.010192971413e+00,5.816612805534e+00,9.063872642495e-02
-5.010128240048e+00,6.953608728941e+00,8.779122115835e-02
-5.010020837933e+00,6.074493469564e+00,9.016428521468e-02
-5.009881204963e+00,1.893663834347e+00,9.366975556378e-02
-5.009806853631e+00,2.289024209161e+00,9.354745730475e-02
-5.009790988110e+00,3.450037696987e+00,9.302357271986e-02
-5.009764473874e+00,7.175083049170e+00,8.690205300974e-02
-5.009669492123e+00,7.746361098593e+00,8.353582212916e-02
-5.009554846479e+00,1.190367150936e+00,9.367554684446e-02
-5.009540303835e+00,3.333631898600e+00,9.308885277823e-02
-5.009432044530e+00,7.834135086643e+00,8.281200276883e-02
-5.009388238176e+00,7.659393561745e+00,8.418691523044e-02
-5.009322690245e+00,4.132918704024e+00,9.257158348654e-02
-5.009208248271e+00,2.470990497465e+00,9.348277237266e-02
-5.009203069016e+00,8.189897943266e+00,7.885720678948e-02
-5.009116773382e+00,1.680642272087e+00,9.367532181524e-02
-5.008894430626e+00,4.049761718627e+00,9.263427712051e-02
-5.008726091072e+00,4.216297106647e+00,9.250759625651e-02
-5.008669915093e+00,7.922705228279e+00,8.200191641450e-02
-5.008639293092e+00,9.104023472969e+00,3.573502322362e-02
-5.008594326116e+00,7.573242735150e+00,8.477550541102e-02
-5.008593032062e+00,3.566894721059e+00,9.295598809266e-02
-5.008396811695e+00,2.108200236725e+00,9.360774816080e-02
-5.007953294018e+00,5.863437915170e+00,9.056130779826e-02
-5.007920120948e+00,8.812609206568e+00,6.199197889227e-02
-5.007889407150e+00,3.217715550652e+00,9.315211582776e-02
-5.007875830479e+00,4.831251374231e+00,9.195262995968e-02
-5.007714928192e+00,2.802689450343e+00,9.334998674819e-02
-5.007461316807e+00,3.966844748977e+00,9.269548804789e-02
-5.007448190055e+00,4.515981807165e+00,9.225674287559e-02
-5.007403214142e+00,6.297579894185e+00,8.969459955273e-02
-5.007381552827e+00,4.648880513596e+00,9.213412958447e-02
-5.007377186566e+00,8.012061187882e+00,8.108790712145e-02
-5.007293862268e+00,7.487918838924e+00,8.531000131277e-02
-5.007223220647e+00,2.952148873659e+00,9.328326249022e-02
-5.007084920970e+00,4.299877996220e+00,9.244219246844e-02
-5.006836168220e+00,6.606613779355e+00,8.891332373135e-02
-5.006739244553e+00,6.739249108766e+00,8.852218109278e-02
-5.006453101194e+00,2.654010242746e+00,9.341363824576e-02
-5.006441965809e+00,6.124866219927e+00,9.006921048557e-02
-5.006424841802e+00,8.101781525962e+00,8.004946814945e-02
-5.006327996051e+00,1.469242441856e+00,9.367291460628e-02
-5.006087107240e+00,7.093876443578e+00,8.725942325473e-02
-5.005898899771e+00,3.684163546270e+00,9.288626616291e-02
-5.005864210374e+00,5.412745724354e+00,9.126253515572e-02
-5.005666447709e+00,5.452934242803e+00,9.120722195618e-02
-5.005665459271e+00,1.224965927189e+00,9.367230783241e-02
-5.005493015577e+00,7.403432053922e+00,8.579737996578e-02
-5.005469429424e+00,1.562500050003e-02,9.369289813805e-02
-5.005465357730e+00,5.910947872284e+00,9.048101310474e-02
-5.005457793277e+00,6.477077904326e+00,8.926435570005e-02
-5.005401570280e+00,4.687500150008e-02,9.369033320510e-02
-5.005333711136e+00,7.812500250013e-02,9.368792647463e-02
-5.005267535908e+00,5.493862904032e+00,9.115000546757e-02
-5.005265851992e+00,1.093750035002e-01,9.368567865237e-02
-5.005197992848e+00,1.406250045003e-01,9.368359039949e-02
-5.005130133703e+00,1.718750055004e-01,9.368166233204e-02
-5.005129178701e+00,1.928601258538e+00,9.366372666237e-02
-5.005122031209e+00,6.874918550924e+00,8.808404679155e-02
-5.005062274559e+00,2.031250065004e-01,9.367989502036e-02
-5.005043640402e+00,3.884186057911e+00,9.275552282508e-02
-5.004994415415e+00,2.343750075005e-01,9.367828898850e-02
-5.004926556271e+00,2.656250085006e-01,9.367684471380e-02
-5.004887590039e+00,3.102325658602e+00,9.321320818443e-02
-5.004858697127e+00,2.968750095005e-01,9.367556262638e-02
-5.004790837983e+00,3.281250105004e-01,9.367444310877e-02
-5.004751473136e+00,8.902348558180e+00,5.677954405139e-02
-5.004722978839e+00,3.593750115004e-01,9.367348649553e-02
-5.004662191672e+00,5.535525803221e+00,9.109059889962e-02
-5.004655474818e+00,1.715477171554e+00,9.367159329799e-02
-5.004655119695e+00,3.906250125003e-01,9.367269307294e-02
-5.004587260550e+00,4.218750135002e-01,9.367206307870e-02
-5.004519401406e+00,4.531250145001e-01,9.367159670176e-02
-5.004451542262e+00,4.843750155000e-01,9.367129408208e-02
-5.004443981240e+00,2.324133601290e+00,9.353965982817e-02
-5.004379764973e+00,4.383642115603e+00,9.237530064076e-02
-5.004347502689e+00,5.162637999242e+00,9.158630955759e-02
-5.004315553036e+00,5.156250165000e-01,9.367109825353e-02
-5.004111433729e+00,5.468750175001e-01,9.367092730219e-02
-5.004094786484e+00,4.782249839617e+00,9.200693971525e-02
-5.004088818849e+00,5.212156462315e+00,9.152612554256e-02
-5.004057805255e+00,5.113176299335e+00,9.164575525595e-02
-5.003907314421e+00,5.781250185002e-01,9.367075633999e-02
-5.003845168082e+00,5.577917002429e+00,9.102913390392e-02
-5.003703195114e+00,6.093750195002e-01,9.367058536692e-02
-5.003529974037e+00,2.506171073637e+00,9.347415580545e-02
-5.003499075807e+00,6.406250205003e-01,9.367041438299e-02
-5.003330161428e+00,2.143224833196e+00,9.360077391224e-02
-5.003294956499e+00,6.718750215004e-01,9.367024338819e-02
-5.003277338474e+00,5.261726515896e+00,9.146519783823e-02
-5.003224182606e+00,5.063776498307e+00,9.170446831174e-02
-5.003198017362e+00,7.319792521379e+00,8.624347734853e-02
-5.003102560517e+00,9.194347073386e+00,1.829480665949e-02
-5.003090837192e+00,7.031250225005e-01,9.367007238252e-02
-5.002886717884e+00,7.343750235006e-01,9.366990136599e-02
-5.002811254808e+00,5.621030530790e+00,9.096552063193e-02
-5.002724218202e+00,5.959136477462e+00,9.039770151544e-02
-5.002682598577e+00,7.656250245005e-01,9.366973033858e-02
-5.002649907796e+00,6.350706249364e+00,8.958088519450e-02
-5.002589632897e+00,6.175891513591e+00,8.997035887163e-02
-5.002478479269e+00,7.968750255004e-01,9.366955930030e-02
-5.002274359962e+00,8.281250265003e-01,9.366938825114e-02
-5.002132873467e+00,1.503960829879e+00,9.366941190767e-02
-5.002070240654e+00,8.593750275002e-01,9.366921719111e-02
-5.001962736264e+00,3.369112864666e+00,9.307606430129e-02
-5.001940341748e+00,7.013556196771e+00,8.759038856024e-02
-5.001908687417e+00,5.311342950649e+00,9.140320426125e-02
-5.001895363192e+00,3.485551853601e+00,9.301013673940e-02
-5.001866121347e+00,8.906250285002e-01,9.366904612021e-02
-5.001851131398e+00,5.014443694518e+00,9.176219373534e-02
-5.001789347512e+00,4.600204454065e+00,9.218594402032e-02
-5.001743708388e+00,1.259560054886e+00,9.366903730914e-02
-5.001662002039e+00,9.218750295001e-01,9.366887503842e-02
-5.001661975049e+00,3.801803568046e+00,9.281414686579e-02
-5.001555278282e+00,5.664860384748e+00,9.089966398380e-02
-5.001457882732e+00,9.531250305001e-01,9.366870394575e-02
-5.001396915508e+00,2.837988523126e+00,9.333981827654e-02
-5.001253763424e+00,9.843750315000e-01,9.366853284221e-02
-5.000830761249e+00,8.992267518464e+00,4.979859406654e-02
-5.000619586435e+00,3.253153974691e+00,9.313988142834e-02
-5.000591510801e+00,4.467569884604e+00,9.230706281743e-02
-5.000584980109e+00,2.987497989872e+00,9.327234878774e-02
-5.000459233191e+00,6.663157832650e+00,8.876616782430e-02
-5.000440789496e+00,2.689247491981e+00,9.340415322420e-02
-5.000415161058e+00,7.237010342564e+00,8.665321131068e-02
-5.000369273079e+00,3.602432422408e+00,9.294197983181e-02
-5.000339064332e+00,1.963528366492e+00,9.365754268753e-02
-5.000157933123e+00,1.750303663223e+00,9.366783038296e-02
-5.000072101900e+00,5.709400528256e+00,9.083146319679e-02
-4.999978532965e+00,5.361000520832e+00,9.134035227787e-02
-4.999943188639e+00,4.965182948630e+00,9.181913590951e-02
-4.999892004336e+00,8.434331170026e+00,7.471686658216e-02
-4.999816995645e+00,8.523235517852e+00,7.265438848209e-02
-4.999800418055e+00,4.733343623689e+00,9.206058930279e-02
-4.999756809390e+00,6.532241199565e+00,8.913257430144e-02
-4.999724969194e+00,6.007997500123e+00,9.031122282259e-02
-4.999665403808e+00,6.797143386576e+00,8.835705222232e-02
-4.999305040515e+00,1.017227063981e+00,9.366690340774e-02
-4.999224885176e+00,8.345632807639e+00,7.646621941445e-02
-4.999183373812e+00,4.168563436813e+00,9.255435267034e-02
-4.999072252973e+00,4.085393821761e+00,9.261754631944e-02
-4.999039532863e+00,2.359228681913e+00,9.353170182236e-02
-4.998997867774e+00,8.612340707819e+00,7.018700957898e-02
-4.998459091767e+00,6.227562993598e+00,8.986752696606e-02
-4.998356626247e+00,5.754644892962e+00,9.076081139688e-02
-4.998263402926e+00,4.251947679908e+00,9.248993780852e-02
-4.998223672043e+00,2.178237059726e+00,9.359364245956e-02
-4.997949931240e+00,4.002457554909e+00,9.267925213839e-02
-4.997914979319e+00,3.137712488757e+00,9.320158619874e-02
-4.997903438407e+00,1.538672569178e+00,9.366587691120e-02
-4.997817661961e+00,8.257145559296e+00,7.796844766127e-02
-4.997808470232e+00,2.541335280141e+00,9.346537671794e-02
-4.997789622753e+00,1.294149336945e+00,9.366572512334e-02
-4.997603541732e+00,6.404458526966e+00,8.946235490991e-02
-4.997512107522e+00,7.725218552884e+00,8.376436045293e-02
-4.997504931217e+00,4.915999283501e+00,9.187538323383e-02
-4.997432661978e+00,8.701641582118e+00,6.718323440346e-02
-4.997342889496e+00,7.812831838948e+00,8.306538262475e-02
-4.997337171043e+00,3.719714857728e+00,9.287157167446e-02
-4.997330711908e+00,6.934132250368e+00,8.789773248864e-02
-4.997163375377e+00,7.638412802288e+00,8.439412847699e-02
-4.997150801962e+00,7.155095578444e+00,8.703050191907e-02
-4.996649735932e+00,7.901242366353e+00,8.228545558131e-02
-4.996462742789e+00,6.057524678711e+00,9.022141663688e-02
-4.996403789252e+00,5.800587378451e+00,9.068753594593e-02
-4.996302741532e+00,7.552424842698e+00,8.496428002745e-02
-4.996292743740e+00,4.335527501208e+00,9.242392017173e-02
-4.996156160056e+00,9.082360872192e+00,3.996809527260e-02
-4.995836588638e+00,3.919773022311e+00,9.273970227489e-02
-4.995701353361e+00,4.551641405120e+00,9.223713203136e-02
-4.995672390688e+00,8.168874538824e+00,7.927223259232e-02
-4.995624200194e+00,1.785121526442e+00,9.366403296856e-02
-4.995596584047e+00,1.051679469889e+00,9.366380092494e-02
-4.995510925422e+00,1.998444926321e+00,9.365120332014e-02
-4.995426724509e+00,7.990439802949e+00,8.140660021861e-02
-4.995119452094e+00,8.791132968679e+00,6.344775016963e-02
-4.995032511665e+00,2.873267055962e+00,9.332948180141e-02
-4.994997488652e+00,4.684537565705e+00,9.211358463316e-02
-4.994936317341e+00,7.467264890694e+00,8.548272808948e-02
-4.994540975701e+00,4.866897683778e+00,9.193094150632e-02
-4.994383683365e+00,2.724466200188e+00,9.339450178000e-02
-4.994332789682e+00,3.404565072594e+00,9.306309762413e-02
-4.994208566303e+00,5.847221852533e+00,9.061146707312e-02
-4.994045634096e+00,6.279874272893e+00,8.976049643358e-02
-4.993945937194e+00,3.521035178437e+00,9.299651815315e-02
-4.993898823707e+00,3.022824478976e+00,9.326126309677e-02
-4.993803232484e+00,1.328733576469e+00,9.366238267364e-02
-4.993765069628e+00,6.720293055006e+00,8.861212772073e-02
-4.993748298837e+00,6.588009865693e+00,8.899489042856e-02
-4.993667996295e+00,8.080413778837e+00,8.041217791308e-02
-4.993639732012e+00,1.573377450847e+00,9.366230952396e-02
-4.993593596455e+00,2.394309198024e+00,9.352358292022e-02
-4.993411357025e+00,7.074058249293e+00,8.737887204138e-02
-4.993298865947e+00,3.288565651574e+00,9.312746962996e-02
-4.993252099101e+00,4.419283525470e+00,9.235658789180e-02
-4.993077419635e+00,2.213236673855e+00,9.358635347633e-02
-4.993070276760e+00,7.382943123570e+00,8.595605561315e-02
-4.992932709539e+00,6.107711720954e+00,9.012811150331e-02
-4.992752689186e+00,3.837358271657e+00,9.279886218276e-02
-4.992264813252e+00,6.855614504200e+00,8.818382892715e-02
-4.992259530451e+00,6.458830247316e+00,8.933872644315e-02
-4.992090349883e+00,3.637937157166e+00,9.292778854861e-02
-4.992056344621e+00,8.880809681377e+00,5.867736341309e-02
-4.992043837374e+00,2.576482853949e+00,9.345643476604e-02
-4.991857878043e+00,1.086128467571e+00,9.366067028169e-02
-4.991765970515e+00,5.894542151385e+00,9.053258792080e-02
-4.991715553848e+00,5.398479305530e+00,9.130116485168e-02
-4.991554069024e+00,5.438468581572e+00,9.124673781966e-02
-4.991192361307e+00,5.479198939681e+00,9.119043784934e-02
-4.991055978094e+00,4.817883095552e+00,9.198566828446e-02
-4.991054329271e+00,1.819930540879e+00,9.366020095248e-02
-4.990893003418e+00,3.173074518689e+00,9.318979087998e-02
-4.990725877545e+00,9.172623390519e+00,2.510059715714e-02
-4.990710856101e+00,7.299469678977e+00,8.638978219859e-02
-4.990644826925e+00,2.033350706615e+00,9.364470823842e-02
-4.990625143013e+00,5.520664479342e+00,9.113199651723e-02
-4.989847162816e+00,5.562859266899e+00,9.107153882239e-02
-4.989784568902e+00,1.363312576745e+00,9.365900987494e-02
-4.989690800018e+00,4.635836465261e+00,9.216588168659e-02
-4.989344590770e+00,6.332818934609e+00,8.964903261860e-02
-4.989341796694e+00,1.608075266227e+00,9.365870965246e-02
-4.989203304487e+00,6.993908334436e+00,8.770181541547e-02
-4.989188236816e+00,4.120982541930e+00,9.260054637736e-02
-4.989130078543e+00,6.158552304168e+00,9.003112392581e-02
-4.989122476261e+00,4.503196056572e+00,9.228769956251e-02
-4.989116904686e+00,5.148759648510e+00,9.162208903071e-02
-4.989091882086e+00,5.198211364089e+00,9.156237411813e-02
-4.989071052974e+00,5.942542079712e+00,9.045076198679e-02
-4.988980922057e+00,4.204162718979e+00,9.253692475450e-02
-4.988853205960e+00,5.605777335752e+00,9.100897740083e-02
-4.988718975704e+00,3.755231007994e+00,9.285668946975e-02
-4.988621842657e+00,2.908524766610e+00,9.331897701124e-02
-4.988595183563e+00,5.099366246238e+00,9.168107372495e-02
-4.988515691029e+00,5.247716230260e+00,9.150192368931e-02
-4.988378044724e+00,4.038029007000e+00,9.266282395244e-02
-4.988281896590e+00,2.759666094810e+00,9.338468354834e-02
-4.988241478850e+00,8.970666520202e+00,5.237457843154e-02
-4.988106261514e+00,2.429374897144e+00,9.351530275717e-02
-4.988088943828e+00,1.120573872807e+00,9.365751139955e-02
-4.987891481780e+00,2.248223433569e+00,9.357890279946e-02
-4.987864353778e+00,7.216854654581e+00,8.678856940609e-02
-4.987736324096e+00,4.287550697065e+00,9.247195153252e-02
-4.987638094429e+00,5.649412686588e+00,9.094421982115e-02
-4.987531184191e+00,5.050036282974e+00,9.173933379871e-02
-4.987427800810e+00,6.644377332450e+00,8.885093299862e-02
-4.987383947832e+00,5.297269047577e+00,9.144042874678e-02
-4.987164890168e+00,3.058128049500e+00,9.325000509595e-02
-4.987054633400e+00,4.768960426217e+00,9.203957168791e-02
-4.986749301970e+00,6.778012816045e+00,8.845074723356e-02
-4.986701565657e+00,8.501950286351e+00,7.338170179579e-02
-4.986672282292e+00,8.413110632118e+00,7.533109971452e-02
-4.986650640271e+00,3.439988203794e+00,9.304995261899e-02
-4.986613328263e+00,6.513814901586e+00,8.920969501988e-02
-4.986570413485e+00,3.955320622745e+00,9.272368905275e-02
-4.986448374935e+00,1.854730486524e+00,9.365633423171e-02
-4.986236177591e+00,2.611613532623e+00,9.344732961262e-02
-4.986196687154e+00,5.693759287583e+00,9.087716818936e-02
-4.986118902856e+00,5.991215411029e+00,9.036584374760e-02
-4.985987045671e+00,8.590991294101e+00,7.106156946425e-02
-4.985942898958e+00,3.556487344290e+00,9.298271683740e-02
-4.985929412578e+00,5.000774847019e+00,9.179659254602e-02
-4.985927409594e+00,3.323950271679e+00,9.311488019553e-02
-4.985901189401e+00,8.324477473149e+00,7.699173526054e-02
-4.985740835212e+00,2.068245476332e+00,9.363805711831e-02
-4.985733664520e+00,1.397886141277e+00,9.365560664167e-02
-4.985692310189e+00,5.346864580132e+00,9.137807502010e-02
-4.985434962684e+00,4.371127307447e+00,9.240544594575e-02
-4.985354722920e+00,7.704076007175e+00,8.398561996018e-02
-4.985253734461e+00,7.791528591252e+00,8.331027671458e-02
-4.985050097714e+00,6.210040075406e+00,8.993025728918e-02
-4.985009676144e+00,1.642765806891e+00,9.365507720267e-02
-4.984938512577e+00,7.617432042832e+00,8.459505148216e-02
-4.984629556771e+00,7.879779504428e+00,8.255802902107e-02
-4.984538154883e+00,9.263049831254e+00,6.608629056732e-06
-4.984537130050e+00,7.135108107717e+00,8.715584985485e-02
-4.984533183769e+00,6.914655771794e+00,8.800194441896e-02
-4.984526761088e+00,8.680228499095e+00,6.825448901976e-02
-4.984523880233e+00,5.738811074588e+00,9.080771871872e-02
-4.984390313267e+00,8.236055936485e+00,7.842308561004e-02
-4.984351332023e+00,6.386390532331e+00,8.953288299735e-02
-4.984289803852e+00,1.155015501471e+00,9.365432419973e-02
-4.984011156948e+00,7.531606950247e+00,8.514758167056e-02
-4.983885191752e+00,4.587245082147e+00,9.221731550457e-02
-4.983821814335e+00,3.208411448125e+00,9.317782200326e-02
-4.983794415022e+00,4.951586988917e+00,9.185310144308e-02
-4.983785696733e+00,3.872875561272e+00,9.278338482130e-02
-4.983756464344e+00,3.673408589859e+00,9.291339201528e-02
-4.983673027019e+00,9.060698271415e+00,4.366224873666e-02
-4.983476262453e+00,7.968818418015e+00,8.171328642095e-02
-4.982904647644e+00,6.040555887858e+00,9.027767789164e-02
-4.982665937534e+00,2.283197097306e+00,9.357127694939e-02
-4.982614607090e+00,5.784561951369e+00,9.073567147922e-02
-4.982578772414e+00,7.446610942463e+00,8.565066331992e-02
-4.982577619081e+00,2.464425527327e+00,9.350686097195e-02
-4.982541675402e+00,4.720134544081e+00,9.209282205932e-02
-4.982318783240e+00,8.769656730789e+00,6.479003883683e-02
-4.982165036202e+00,2.943761373584e+00,9.330830361047e-02
-4.982141712360e+00,8.147851134382e+00,7.966935457744e-02
-4.982135544632e+00,2.794846903954e+00,9.337469817494e-02
-4.982057659174e+00,4.454873057534e+00,9.233765272387e-02
-4.981806393105e+00,1.889521143720e+00,9.365243270254e-02
-4.981787987482e+00,8.058634965558e+00,8.075863984622e-02
-4.981650553052e+00,1.432454073748e+00,9.365217288785e-02
-4.981130777639e+00,4.902477721351e+00,9.190892303957e-02
-4.980799018069e+00,2.103129004812e+00,9.363124963399e-02
-4.980790894703e+00,6.701337001247e+00,8.870029921028e-02
-4.980735606809e+00,7.054240055008e+00,8.749558304363e-02
-4.980688054051e+00,6.262168651601e+00,8.982530066566e-02
-4.980660429454e+00,6.569405952032e+00,8.907493107189e-02
-4.980647537943e+00,7.362454193217e+00,8.611051234605e-02
-4.980643415316e+00,1.677448864713e+00,9.365141207995e-02
-4.980463838589e+00,5.831005789897e+00,9.066092146315e-02
-4.980460481683e+00,1.189453169617e+00,9.365110860311e-02
-4.980385594627e+00,2.646727054305e+00,9.343806092839e-02
-4.980383320008e+00,3.093408410790e+00,9.323857448406e-02
-4.980044529006e+00,3.790711653721e+00,9.284161960560e-02
-4.979423453269e+00,6.090557221981e+00,9.018609847532e-02
-4.979407595296e+00,6.836310457475e+00,8.828152910646e-02
-4.979361216106e+00,8.859270804573e+00,6.040780794735e-02
-4.979242647586e+00,4.156527503227e+00,9.258334901270e-02
-4.979061267625e+00,6.440582590305e+00,8.941177545292e-02
-4.978916466150e+00,3.475381940761e+00,9.303656396013e-02
-4.978745910345e+00,4.073558737393e+00,9.264618352326e-02
-4.978715613071e+00,4.239716166693e+00,9.251930036123e-02
-4.978505383140e+00,3.359307526434e+00,9.310211291980e-02
-4.978349194572e+00,9.150899707651e+00,3.083603782690e-02
-4.978223694840e+00,7.279146836576e+00,8.653235282606e-02
-4.978066583300e+00,5.878136430486e+00,9.058342498531e-02
-4.977943126166e+00,4.853452018734e+00,9.196406306105e-02
-4.977886439309e+00,3.591908025112e+00,9.296873271358e-02
-4.977585541054e+00,4.538768136004e+00,9.226812962616e-02
-4.977566897322e+00,5.384212886707e+00,9.133933790566e-02
-4.977535269412e+00,1.467016178023e+00,9.364870852701e-02
-4.977521876475e+00,4.671410277954e+00,9.214542523904e-02
-4.977441690338e+00,5.424002920341e+00,9.128577907886e-02
-4.977400867421e+00,2.318157424009e+00,9.356349113743e-02
-4.977245355845e+00,3.990828499766e+00,9.270748340591e-02
-4.977145145475e+00,4.323105766747e+00,9.245371608448e-02
-4.977128441031e+00,1.924302293176e+00,9.364849626049e-02
-4.977117186706e+00,5.464534975330e+00,9.123037693819e-02
-4.977007761737e+00,2.499460837165e+00,9.349825720737e-02
-4.976701565885e+00,3.243722977744e+00,9.316562524545e-02
-4.976601002008e+00,1.223886693462e+00,9.364786453023e-02
-4.976588094354e+00,5.505803155464e+00,9.117288079984e-02
-4.976466267226e+00,6.974260472102e+00,8.781077801805e-02
-4.976243060425e+00,1.712124231868e+00,9.364770320991e-02
-4.976039273743e+00,6.314931619855e+00,8.971602749123e-02
-4.975944744602e+00,2.830008356450e+00,9.336454531727e-02
-4.975930439156e+00,1.562500050003e-02,9.366837092671e-02
-4.975867606615e+00,4.687500150008e-02,9.366577175647e-02
-4.975849157550e+00,5.547801531370e+00,9.111340921877e-02
-4.975819444682e+00,2.138001061816e+00,9.362428545837e-02
-4.975804774074e+00,7.812500250013e-02,9.366333314228e-02
-4.975741941533e+00,1.093750035002e-01,9.366105580901e-02
-4.975679108992e+00,1.406250045003e-01,9.365894043575e-02
-4.975670524189e+00,6.141213094745e+00,9.009092799267e-02
-4.975662221730e+00,2.978976596186e+00,9.329743069589e-02
-4.975652196450e+00,8.949065521939e+00,5.468896170678e-02
-4.975616276451e+00,1.718750055004e-01,9.365698765513e-02
-4.975553443910e+00,2.031250065004e-01,9.365519805276e-02
-4.975490611370e+00,2.343750075005e-01,9.365357216667e-02
-4.975427778829e+00,2.656250085006e-01,9.365211048677e-02
-4.975417887745e+00,5.925947681961e+00,9.050304971085e-02
-4.975367820388e+00,3.708846386228e+00,9.289872396997e-02
-4.975364946288e+00,2.968750095005e-01,9.365081345441e-02
-4.975313546499e+00,7.196698966599e+00,8.692041445478e-02
-4.975302113747e+00,3.281250105004e-01,9.364968146196e-02
-4.975239281206e+00,3.593750115004e-01,9.364871485241e-02
-4.975176448665e+00,3.906250125003e-01,9.364791391903e-02
-4.975113616125e+00,4.218750135002e-01,9.364727890515e-02
-4.975050783584e+00,4.531250145001e-01,9.364681000385e-02
-4.974987951043e+00,4.843750155000e-01,9.364650735781e-02
-4.974895157112e+00,5.590524140715e+00,9.105187723272e-02
-4.974862035093e+00,5.156250165000e-01,9.364631773975e-02
-4.974761226676e+00,3.908355086051e+00,9.276759387678e-02
-4.974673035734e+00,5.468750175001e-01,9.364615798715e-02
-4.974511881822e+00,4.406677016152e+00,9.238677065958e-02
-4.974492193799e+00,2.681823157824e+00,9.342860010131e-02
-4.974484036375e+00,5.781250185002e-01,9.364599822507e-02
-4.974396368429e+00,6.625596832250e+00,8.893407768311e-02
-4.974295037017e+00,6.093750195002e-01,9.364583845351e-02
-4.974236125710e+00,4.804514816873e+00,9.201834576920e-02
-4.974106037658e+00,6.406250205003e-01,9.364567867245e-02
-4.974094945324e+00,5.184266265862e+00,9.159820787998e-02
-4.973917038299e+00,6.718750215004e-01,9.364551888191e-02
-4.973886306684e+00,5.134881297779e+00,9.165746151174e-02
-4.973833200133e+00,6.758882245514e+00,8.854255111024e-02
-4.973754043584e+00,5.233705944623e+00,9.153822677006e-02
-4.973728038940e+00,7.031250225005e-01,9.364535908187e-02
-4.973720910576e+00,5.633964988429e+00,9.098819498854e-02
-4.973586135669e+00,8.480665054850e+00,7.406809528424e-02
-4.973554255523e+00,3.128665273035e+00,9.322697098175e-02
-4.973539039581e+00,7.343750235006e-01,9.364519927234e-02
-4.973469847135e+00,6.495388603607e+00,8.928541634934e-02
-4.973452560248e+00,8.391890094211e+00,7.591342804734e-02
-4.973387849706e+00,1.501572258194e+00,9.364521347225e-02
-4.973350040223e+00,7.656250245005e-01,9.364503945333e-02
-4.973197338319e+00,7.682933461466e+00,8.419993837553e-02
-4.973164579426e+00,7.770225343557e+00,8.354709832998e-02
-4.973161040864e+00,7.968750255004e-01,9.364487962481e-02
-4.973132561872e+00,5.085556193140e+00,9.171599288982e-02
-4.972976223567e+00,8.569641880383e+00,7.188245380453e-02
-4.972972041505e+00,8.281250265003e-01,9.364471978680e-02
-4.972859208248e+00,5.283195144506e+00,9.147722196400e-02
-4.972783042146e+00,8.593750275002e-01,9.364455993930e-02
-4.972713649778e+00,7.596451283375e+00,8.478996287461e-02
-4.972711390637e+00,1.258315889340e+00,9.364459190129e-02
-4.972609377610e+00,7.858316642502e+00,8.282113918468e-02
-4.972594042788e+00,8.906250285002e-01,9.364440008230e-02
-4.972577493626e+00,8.303322138659e+00,7.749189741460e-02
-4.972512836519e+00,5.974433321935e+00,9.041965462548e-02
-4.972414577313e+00,1.959073715894e+00,9.364452480042e-02
-4.972405043429e+00,9.218750295001e-01,9.364424021580e-02
-4.972321272408e+00,5.678118046910e+00,9.092226736275e-02
-4.972268220130e+00,9.241265588187e+00,1.008849645611e-02
-4.972216044070e+00,9.531250305001e-01,9.364408033979e-02
-4.972096353423e+00,2.353104173130e+00,9.355554499306e-02
-4.972027044711e+00,9.843750315000e-01,9.364392045429e-02
-4.972000047209e+00,4.622792416927e+00,9.219729463894e-02
-4.971923458138e+00,7.115120636990e+00,8.727825107141e-02
-4.971838185776e+00,5.036296067641e+00,9.177380753716e-02
-4.971808658955e+00,1.746791700789e+00,9.364395887760e-02
-4.971735655630e+00,6.895179293220e+00,8.810393032866e-02
-4.971719572364e+00,7.510789057795e+00,8.532564224038e-02
-4.971641103661e+00,6.192517157213e+00,8.999197634799e-02
-4.971620860199e+00,8.658815416073e+00,6.925341085976e-02
-4.971525800397e+00,7.947197033081e+00,8.200862482101e-02
-4.971406087413e+00,5.332728639431e+00,9.141535818775e-02
-4.971396783583e+00,2.534480575855e+00,9.348949111118e-02
-4.971314048321e+00,3.826156452831e+00,9.282636220135e-02
-4.971189893983e+00,9.039035670638e+00,4.691415438547e-02
-4.971130447354e+00,3.510745967106e+00,9.302296887284e-02
-4.971099122314e+00,6.368322537696e+00,8.960219409472e-02
-4.971032954241e+00,3.394637108264e+00,9.308916763180e-02
-4.970962964572e+00,8.214966313673e+00,7.885724458761e-02
-4.970802185644e+00,2.172861417525e+00,9.361716426358e-02
-4.970796762467e+00,4.490410305978e+00,9.231832992722e-02
-4.970691134220e+00,5.722977256213e+00,9.085399354872e-02
-4.970221227487e+00,7.425956994233e+00,8.581400157567e-02
-4.970094681723e+00,1.017143677031e+00,9.364228987466e-02
-4.970014480317e+00,4.755671012816e+00,9.207184959382e-02
-4.970007693759e+00,4.987105999521e+00,9.183060782599e-02
-4.969907978669e+00,8.036856152278e+00,8.109132136485e-02
-4.969776751032e+00,3.627296896066e+00,9.295456575132e-02
-4.969709615242e+00,2.865150181886e+00,9.335422464584e-02
-4.969532413731e+00,3.279008809115e+00,9.315323402015e-02
-4.969518114387e+00,8.748180492899e+00,6.603158577061e-02
-4.969346552500e+00,6.023587097006e+00,9.033308930260e-02
-4.969235753041e+00,4.192028331310e+00,9.256595473303e-02
-4.969208331233e+00,1.536122118592e+00,9.364168763619e-02
-4.969113530368e+00,3.014170154533e+00,9.328636268246e-02
-4.969053783388e+00,4.109046379835e+00,9.262921656609e-02
-4.968825424929e+00,5.768536524287e+00,9.078314751102e-02
-4.968791674495e+00,1.292740573762e+00,9.364128372584e-02
-4.968611034032e+00,8.126827729939e+00,8.004950325835e-02
-4.968556082001e+00,2.716901582688e+00,9.341896348789e-02
-4.968387727222e+00,4.275223397911e+00,9.250140434874e-02
-4.968224799125e+00,7.341965262864e+00,8.626091463422e-02
-4.968059856594e+00,7.034421860723e+00,8.760964865413e-02
-4.967861658822e+00,4.026296295372e+00,9.269108566197e-02
-4.967816719777e+00,6.682380947487e+00,8.878674771642e-02
-4.967664861885e+00,1.993835193238e+00,9.364051821640e-02
-4.967645641405e+00,4.937991029205e+00,9.188669065964e-02
-4.967572560071e+00,6.550802038371e+00,8.915348837651e-02
-4.967340259660e+00,1.781451064197e+00,9.364018156683e-02
-4.967330474005e+00,6.244463030309e+00,8.988903971936e-02
-4.966924623942e+00,3.744250213310e+00,9.288386841250e-02
-4.966752478986e+00,2.388037104637e+00,9.354743814750e-02
-4.966719110875e+00,5.814789727259e+00,9.070968634473e-02
-4.966677840762e+00,3.163898347309e+00,9.321519433342e-02
-4.966666087590e+00,8.837731927769e+00,6.199204415689e-02
-4.966550377340e+00,6.817006410751e+00,8.837721170764e-02
-4.966490160394e+00,4.358612499290e+00,9.243527889738e-02
-4.966404945884e+00,1.051429431860e+00,9.363917460916e-02
-4.965981035992e+00,4.574285710229e+00,9.224835418196e-02
-4.965972511600e+00,9.129176024784e+00,3.573509217296e-02
-4.965914196999e+00,6.073402723007e+00,9.024319309760e-02
-4.965863004799e+00,6.422334933295e+00,8.948353806028e-02
-4.965747312935e+00,2.207709842583e+00,9.360988572157e-02
-4.965744780231e+00,2.569484493202e+00,9.348056233698e-02
-4.965736533579e+00,7.258823994174e+00,8.667132921357e-02
-4.965679510164e+00,3.943796496514e+00,9.275161046468e-02
-4.965282932750e+00,4.706925464473e+00,9.212470740501e-02
-4.964996752477e+00,1.570665563787e+00,9.363813093099e-02
-4.964841881626e+00,1.327160563410e+00,9.363794149333e-02
-4.964756624061e+00,4.888956159201e+00,9.194209361791e-02
-4.964367196084e+00,5.861730709587e+00,9.063354063536e-02
-4.963729229965e+00,6.954612609767e+00,8.791735679821e-02
-4.963523807547e+00,4.442176230464e+00,9.236789531264e-02
-4.963510292432e+00,3.429938710601e+00,9.307604419743e-02
-4.963430276947e+00,2.900272110564e+00,9.334373584558e-02
-4.963418240795e+00,5.369946467883e+00,9.137706295476e-02
-4.963329311652e+00,5.409537259110e+00,9.132435482924e-02
-4.963292765854e+00,3.546079967522e+00,9.300919125705e-02
-4.963062914051e+00,8.927464523677e+00,5.677961385699e-02
-4.963042012105e+00,5.449871010979e+00,9.126983230901e-02
-4.962879355990e+00,2.028586507020e+00,9.363647640179e-02
-4.962837912551e+00,1.816102115112e+00,9.363637118104e-02
-4.962762739220e+00,7.176543278616e+00,8.704895424484e-02
-4.962733956717e+00,6.297044305100e+00,8.978189929921e-02
-4.962687201215e+00,1.085712030923e+00,9.363603271037e-02
-4.962577367728e+00,2.751962069017e+00,9.340916028520e-02
-4.962551045695e+00,5.490941831585e+00,9.121326184600e-02
-4.962527753063e+00,3.861565064634e+00,9.281091744288e-02
-4.962519094938e+00,3.049341769559e+00,9.327512255975e-02
-4.962314515353e+00,3.314268644757e+00,9.314066535964e-02
-4.962210969835e+00,6.123873885322e+00,9.014979426011e-02
-4.961851152285e+00,5.532743795841e+00,9.115475575239e-02
-4.961764722516e+00,5.909353284210e+00,9.055458206296e-02
-4.961614028917e+00,3.662653633448e+00,9.294021597178e-02
-4.961369329018e+00,2.422955978999e+00,9.353917023439e-02
-4.961364936048e+00,6.606816332051e+00,8.901564813374e-02
-4.961345276631e+00,4.840006353691e+00,9.199682235505e-02
-4.961075424392e+00,7.748922095862e+00,8.377623465931e-02
-4.961039953718e+00,7.661790915757e+00,8.440763307796e-02
-4.960937108263e+00,5.575270945677e+00,9.109423138800e-02
-4.960917098295e+00,6.739751674983e+00,8.863252057368e-02
-4.960862041189e+00,1.361575675139e+00,9.363457043968e-02
-4.960753153117e+00,1.605202398583e+00,9.363454326833e-02
-4.960654899938e+00,2.242546108060e+00,9.360244950463e-02
-4.960589198449e+00,7.836853780577e+00,8.307526325278e-02
-4.960488786978e+00,7.575470523918e+00,8.497912524433e-02
-4.960470705681e+00,8.459379823350e+00,7.471691327795e-02
-4.960326366008e+00,6.476962305628e+00,8.935977640060e-02
-4.960232838204e+00,8.370669556303e+00,7.646626261899e-02
-4.960051848829e+00,2.604472339565e+00,9.347147054510e-02
-4.960046264297e+00,4.658282990203e+00,9.217692497360e-02
-4.959998285376e+00,9.219481345120e+00,1.829485267944e-02
-4.959965401464e+00,8.548292466665e+00,7.265443901892e-02
-4.959803726723e+00,5.618517290269e+00,9.103160139133e-02
-4.959754221521e+00,3.199107345597e+00,9.320324430920e-02
-4.959575338340e+00,7.925575648147e+00,8.229288337369e-02
-4.959469728746e+00,4.525894866889e+00,9.229880064626e-02
-4.959427987780e+00,7.489971165343e+00,8.549868086061e-02
-4.959309786225e+00,7.095133166264e+00,8.739780741087e-02
-4.959301921359e+00,4.144491569641e+00,9.261205238819e-02
-4.959253797851e+00,8.282166804168e+00,7.796848769602e-02
-4.959167823214e+00,4.227484653477e+00,9.254836414834e-02
-4.959098008561e+00,5.170321167636e+00,9.163363453123e-02
-4.958992396139e+00,5.219695658987e+00,9.157411495038e-02
-4.958941467462e+00,1.119991303647e+00,9.363286410401e-02
-4.958938127491e+00,6.875702814646e+00,8.820376056573e-02
-4.958906770181e+00,5.957651232842e+00,9.047267395489e-02
-4.958714959309e+00,8.637402333050e+00,7.018706432171e-02
-4.958706760946e+00,9.017373069861e+00,4.979866705850e-02
-4.958655708681e+00,5.121002947048e+00,9.169243454018e-02
-4.958445857662e+00,5.662476806237e+00,9.096677331507e-02
-4.958427082964e+00,3.779619739396e+00,9.286882539137e-02
-4.958419567717e+00,4.061723653025e+00,9.267449623383e-02
-4.958334468663e+00,5.269121241434e+00,9.151359196689e-02
-4.958301668904e+00,1.850744646859e+00,9.363252762304e-02
-4.958232109607e+00,6.174994239021e+00,9.005270895458e-02
-4.958058122205e+00,2.063327439400e+00,9.363239924916e-02
-4.958027969856e+00,8.015077338999e+00,8.141118744301e-02
-4.957997547211e+00,4.310684032287e+00,9.248320548087e-02
-4.957863682560e+00,7.405303046003e+00,8.597292715188e-02
-4.957846912605e+00,6.350254543061e+00,8.967031989615e-02
-4.957669940180e+00,5.071746140042e+00,9.175052012959e-02
-4.957535615878e+00,8.193876690862e+00,7.927226974682e-02
-4.957416273326e+00,4.791146538195e+00,9.205066898226e-02
-4.957119864636e+00,5.318592698730e+00,9.145221000983e-02
-4.957106851757e+00,2.935373873509e+00,9.333307861721e-02
-4.956858388206e+00,5.707143437838e+00,9.089964922986e-02
-4.956852183456e+00,1.395985726001e+00,9.363117048403e-02
-4.956717445533e+00,8.726704255010e+00,6.718329369690e-02
-4.956556161072e+00,2.787004357565e+00,9.339919013617e-02
-4.956540780449e+00,3.979199444624e+00,9.273543482247e-02
-4.956477574024e+00,1.639732428000e+00,9.363092455941e-02
-4.956145187362e+00,5.022555852308e+00,9.180789674875e-02
-4.955946989890e+00,2.457860557188e+00,9.353074089059e-02
-4.955941282598e+00,8.105348455946e+00,8.041294104572e-02
-4.955937569109e+00,3.465212027921e+00,9.306274176032e-02
-4.955879049978e+00,3.084491162978e+00,9.326371002249e-02
-4.955802060308e+00,7.321476332512e+00,8.640741860739e-02
-4.955788457356e+00,6.006618306153e+00,9.038767058546e-02
-4.955771664543e+00,4.394070506835e+00,9.241664082707e-02
-4.955525021437e+00,2.277369985451e+00,9.359485528606e-02
-4.955403605538e+00,3.581383627817e+00,9.299523102720e-02
-4.955384106378e+00,7.014603666437e+00,8.772115722646e-02
-4.955167765412e+00,1.154267079546e+00,9.362966871556e-02
-4.955048030016e+00,3.349502188202e+00,9.312791905319e-02
-4.955036242767e+00,5.752511097204e+00,9.082997813023e-02
-4.954842544852e+00,6.663424893727e+00,8.887152341420e-02
-4.954484690688e+00,6.532198124710e+00,8.923060351501e-02
-4.954318088059e+00,2.639443865865e+00,9.346221540363e-02
-4.954309294401e+00,4.609748368592e+00,9.222837455867e-02
-4.954085974939e+00,4.973437152022e+00,9.186424661339e-02
-4.953972893959e+00,6.226757409016e+00,8.995174017762e-02
-4.953970959075e+00,8.816193050965e+00,6.344781425369e-02
-4.953731581248e+00,1.885378453093e+00,9.362865079507e-02
-4.953693159384e+00,6.797702364026e+00,8.847093853350e-02
-4.953685864714e+00,3.896937149791e+00,9.279521106990e-02
-4.953595828628e+00,9.107452341917e+00,3.996816714545e-02
-4.953398469732e+00,3.697977914728e+00,9.292561448160e-02
-4.953249372318e+00,7.238501151773e+00,8.680673574545e-02
-4.953201224442e+00,2.098057772900e+00,9.362827825969e-02
-4.952974383161e+00,5.798573664623e+00,9.075777666594e-02
-4.952974327233e+00,4.742381599416e+00,9.210377986234e-02
-4.952812339815e+00,1.430390533221e+00,9.362774154517e-02
-4.952783545335e+00,3.234291980796e+00,9.319112070696e-02
-4.952664741973e+00,6.404087276285e+00,8.955404837965e-02
-4.952471048673e+00,4.477624555384e+00,9.234863983957e-02
-4.952404940729e+00,6.056248224034e+00,9.029941640615e-02
-4.952170057251e+00,1.674255457338e+00,9.362727471495e-02
-4.951496867788e+00,4.924395069493e+00,9.191991044819e-02
-4.951366116888e+00,1.188539188298e+00,9.362644647022e-02
-4.950992192703e+00,6.934964747432e+00,8.802162878692e-02
-4.950739463352e+00,2.970455202499e+00,9.332225267879e-02
-4.950667808869e+00,5.845324988688e+00,9.068295074587e-02
-4.950492573696e+00,2.822028189774e+00,9.338905269531e-02
-4.950485549437e+00,2.492750600693e+00,9.352214975692e-02
-4.950473631652e+00,8.905863525414e+00,5.867743222060e-02
-4.950357753601e+00,2.312181246729e+00,9.358710274078e-02
-4.950211931940e+00,7.156387590633e+00,8.717442894711e-02
-4.949875407455e+00,3.814954634005e+00,9.285359501714e-02
-4.949490584025e+00,4.179893943642e+00,9.259469148574e-02
-4.949428639691e+00,6.279156990346e+00,8.984667655937e-02
-4.949269584269e+00,5.355680049059e+00,9.141434842854e-02
-4.949216932966e+00,5.395071597879e+00,9.136247394468e-02
-4.949193531727e+00,3.119618057312e+00,9.325212478706e-02
-4.949127703361e+00,1.920003327814e+00,9.362474059871e-02
-4.949039130347e+00,4.262896098756e+00,9.253055638077e-02
-4.948986269357e+00,7.727618848166e+00,8.399804879811e-02
-4.948966837504e+00,5.435207046629e+00,9.130881330036e-02
-4.948919329959e+00,4.097110217741e+00,9.265759923991e-02
-4.948882569116e+00,7.640648370048e+00,8.460900259874e-02
-4.948751415481e+00,6.106534675898e+00,9.020774519845e-02
-4.948742542773e+00,1.464789914189e+00,9.362428354152e-02
-4.948569019288e+00,7.815390918651e+00,8.332084723762e-02
-4.948543598102e+00,2.674398823667e+00,9.345279658944e-02
-4.948513997036e+00,5.476080507706e+00,9.125314950154e-02
-4.948382470483e+00,4.875434597051e+00,9.197490171156e-02
-4.948333503667e+00,6.588035831851e+00,8.909568890201e-02
-4.948314957513e+00,3.500456755775e+00,9.304916992174e-02
-4.948308727936e+00,2.132777290437e+00,9.362411607676e-02
-4.948263924179e+00,7.554489764462e+00,8.516278627311e-02
-4.948111557287e+00,5.892758886460e+00,9.060537591896e-02
-4.948076880233e+00,4.561326338311e+00,9.227906604046e-02
-4.948024190097e+00,4.693716384866e+00,9.215625163281e-02
-4.948000996457e+00,6.720621104453e+00,8.872071014597e-02
-4.947853147019e+00,5.517686060312e+00,9.119558881203e-02
-4.947830646031e+00,1.708771292182e+00,9.362359364517e-02
-4.947733118800e+00,3.384709143934e+00,9.311499492404e-02
-4.947728350623e+00,9.197697102053e+00,2.510065490777e-02
-4.947624876284e+00,7.903954263213e+00,8.256631749655e-02
-4.947545358105e+00,4.346097691134e+00,9.246480507091e-02
-4.947536544746e+00,1.222807459734e+00,9.362319729292e-02
-4.947463152182e+00,3.616656634966e+00,9.298108814555e-02
-4.947355275693e+00,8.438094591849e+00,7.533114553381e-02
-4.947345272920e+00,4.014563583745e+00,9.271906726743e-02
-4.947182884880e+00,6.458536007650e+00,8.943281194671e-02
-4.947136403196e+00,7.469153272891e+00,8.566690474180e-02
-4.947013116160e+00,8.349449018396e+00,7.699177768163e-02
-4.946979059415e+00,5.560017750640e+00,9.113605083717e-02
-4.946954579361e+00,8.526943052946e+00,7.338175135610e-02
-4.946696114313e+00,7.075145695537e+00,8.751461615524e-02
-4.946391448887e+00,1.562500050003e-02,9.364361954488e-02
-4.946333642949e+00,4.687500150008e-02,9.364098532737e-02
-4.946275837012e+00,7.812500250013e-02,9.363851407289e-02
-4.946223627909e+00,8.995710469084e+00,5.237465108996e-02
-4.946218031074e+00,1.093750035002e-01,9.363620652614e-02
-4.946160225137e+00,1.406250045003e-01,9.363406338471e-02
-4.946147961043e+00,7.993298525720e+00,8.171895695774e-02
-4.946140599352e+00,6.856226336072e+00,8.830150260101e-02
-4.946102419199e+00,1.718750055004e-01,9.363208529843e-02
-4.946044613262e+00,2.031250065004e-01,9.363027286873e-02
-4.945986807324e+00,2.343750075005e-01,9.362862664808e-02
-4.945930102077e+00,8.261011469678e+00,7.842312494540e-02
-4.945929001386e+00,2.656250085006e-01,9.362714713942e-02
-4.945886542870e+00,5.603069592109e+00,9.107445062386e-02
-4.945871195449e+00,2.968750095005e-01,9.362583479572e-02
-4.945813389511e+00,3.281250105004e-01,9.362469001951e-02
-4.945809058419e+00,8.615989250027e+00,7.106162312957e-02
-4.945765961514e+00,3.269451966656e+00,9.317876055615e-02
-4.945755583574e+00,3.593750115004e-01,9.362371316250e-02
-4.945697777636e+00,3.906250125003e-01,9.362290452524e-02
-4.945639971699e+00,4.218750135002e-01,9.362226435682e-02
-4.945582165761e+00,4.531250145001e-01,9.362179285460e-02
-4.945524359823e+00,4.843750155000e-01,9.362149016409e-02
-4.945506137633e+00,7.384649097772e+00,8.612761473366e-02
-4.945408517149e+00,5.156250165000e-01,9.362130686669e-02
-4.945300703844e+00,5.940869143748e+00,9.052491969409e-02
-4.945234637739e+00,5.468750175001e-01,9.362115852205e-02
-4.945153173984e+00,2.346979664347e+00,9.357918347224e-02
-4.945130272181e+00,3.733269418626e+00,9.291078531181e-02
-4.945060758329e+00,5.781250185002e-01,9.362101016923e-02
-4.944989955920e+00,4.429479403393e+00,9.239780285916e-02
-4.944985096933e+00,2.527625871570e+00,9.351339647902e-02
-4.944886878919e+00,6.093750195002e-01,9.362086180823e-02
-4.944823115554e+00,6.157471320828e+00,9.011247913970e-02
-4.944788606842e+00,3.932272370282e+00,9.277925720066e-02
-4.944747427096e+00,4.826560688648e+00,9.202922598751e-02
-4.944712999509e+00,6.406250205003e-01,9.362071343905e-02
-4.944642825945e+00,1.499183686509e+00,9.362079639111e-02
-4.944594702896e+00,6.332186548426e+00,8.973729103374e-02
-4.944570442916e+00,5.646835565564e+00,9.101069831040e-02
-4.944539120099e+00,6.718750215004e-01,9.362056506168e-02
-4.944490090294e+00,1.954619065297e+00,9.362079693495e-02
-4.944386718819e+00,2.857033307810e+00,9.337874762996e-02
-4.944365240689e+00,7.031250225005e-01,9.362041667614e-02
-4.944328237029e+00,3.005515830090e+00,9.331123587209e-02
-4.944230748693e+00,5.205685373350e+00,9.160959591449e-02
-4.944191361279e+00,7.343750235006e-01,9.362026828241e-02
-4.944132458059e+00,8.083413312403e+00,8.076077336845e-02
-4.944108267183e+00,8.172787068050e+00,7.966939110739e-02
-4.944101071799e+00,5.156376069409e+00,9.166866159371e-02
-4.944017481869e+00,7.656250245005e-01,9.362011988049e-02
-4.943916776678e+00,8.705228017120e+00,6.825454714928e-02
-4.943843602459e+00,7.968750255004e-01,9.361997147039e-02
-4.943809729078e+00,5.255047338362e+00,9.154954661860e-02
-4.943679072885e+00,1.257071723793e+00,9.361992110833e-02
-4.943669723049e+00,8.281250265003e-01,9.361982305211e-02
-4.943495843639e+00,8.593750275002e-01,9.361967462564e-02
-4.943459384787e+00,1.743279738355e+00,9.361987587042e-02
-4.943425110678e+00,5.107124596317e+00,9.172701547862e-02
-4.943380699245e+00,2.167485775324e+00,9.361991821863e-02
-4.943379321491e+00,7.300987402159e+00,8.655017257515e-02
-4.943321964229e+00,8.906250285002e-01,9.361952619097e-02
-4.943148084819e+00,9.218750295001e-01,9.361937774813e-02
-4.943025642193e+00,5.691309619464e+00,9.094469455304e-02
-4.942974205409e+00,9.531250305001e-01,9.361922929709e-02
-4.942833641860e+00,5.304456758029e+00,9.148863851975e-02
-4.942800325999e+00,9.843750315000e-01,9.361908083786e-02
-4.942728480637e+00,2.709336965188e+00,9.344320982633e-02
-4.942708356163e+00,6.994785472152e+00,8.783019329227e-02
-4.942570652120e+00,4.645155702452e+00,9.220808999598e-02
-4.942462678106e+00,3.154722175929e+00,9.324036659332e-02
-4.942230362212e+00,5.989649515300e+00,9.044144087036e-02
-4.942207318489e+00,5.057936086944e+00,9.178466265067e-02
-4.941868369926e+00,6.644468839967e+00,8.895467459142e-02
-4.941396821305e+00,6.513594211049e+00,8.930631618615e-02
-4.941353916439e+00,4.513021597773e+00,9.232915095291e-02
-4.941275830560e+00,8.794654174162e+00,6.479010172096e-02
-4.941269809393e+00,3.850254567995e+00,9.283817746652e-02
-4.941247060605e+00,5.736485670122e+00,9.087617704188e-02
-4.941219145656e+00,9.085728659050e+00,4.366232225176e-02
-4.941102593284e+00,9.288102099535e+00,6.608629096510e-06
-4.940884322930e+00,1.017060290082e+00,9.361744909374e-02
-4.940835941427e+00,6.778398317301e+00,8.856276893844e-02
-4.940762211058e+00,7.218178309372e+00,8.693860159351e-02
-4.940642632750e+00,3.535672590753e+00,9.303541575770e-02
-4.940615313913e+00,6.209051787725e+00,9.001342777143e-02
-4.940596420941e+00,4.777778259516e+00,9.208264434120e-02
-4.940513224058e+00,1.533571668006e+00,9.361728001161e-02
-4.940452188947e+00,5.008815636975e+00,9.184159337837e-02
-4.940369944592e+00,3.419889217408e+00,9.310189283194e-02
-4.939911361518e+00,2.381765011250e+00,9.357108851663e-02
-4.939818798349e+00,1.989225460154e+00,9.361681970415e-02
-4.939793726238e+00,1.291331810579e+00,9.361661784083e-02
-4.939620033358e+00,4.215253140261e+00,9.257713445686e-02
-4.939471593491e+00,3.651898677037e+00,9.296676262553e-02
-4.939466479148e+00,6.385839619275e+00,8.962333936071e-02
-4.939445723088e+00,2.562486132454e+00,9.350448070823e-02
-4.939361195132e+00,4.132455636055e+00,9.264046797832e-02
-4.939229655447e+00,5.782357601986e+00,9.080520696130e-02
-4.939056319126e+00,1.777780601951e+00,9.361611921318e-02
-4.938895684459e+00,6.039093725061e+00,9.035478880168e-02
-4.938849948947e+00,4.298262297827e+00,9.251239381787e-02
-4.938701621112e+00,3.304587017836e+00,9.316621243451e-02
-4.938417206235e+00,2.202183011312e+00,9.361568457533e-02
-4.938255155442e+00,6.915316885098e+00,8.812366779267e-02
-4.938238711236e+00,2.892019454518e+00,9.336827462170e-02
-4.938164256120e+00,4.959768304523e+00,9.189751578311e-02
-4.938093225089e+00,4.049888568657e+00,9.270250820169e-02
-4.937884349252e+00,8.884262527152e+00,6.040787565578e-02
-4.937873299708e+00,3.040555489618e+00,9.330001340938e-02
-4.937661124661e+00,7.136231902650e+00,8.729694593349e-02
-4.937213307720e+00,1.051179393831e+00,9.361432081841e-02
-4.937031447264e+00,4.381463997517e+00,9.244620396177e-02
-4.936968421654e+00,5.828919267788e+00,9.073167074564e-02
-4.936897114322e+00,7.706315600471e+00,8.421288157851e-02
-4.936872838867e+00,2.744258043224e+00,9.343342145660e-02
-4.936809636921e+00,3.768527825071e+00,9.289576887742e-02
-4.936725184515e+00,7.619505824339e+00,8.480432799027e-02
-4.936618541592e+00,4.596704320257e+00,9.225912742396e-02
-4.936548840127e+00,7.793928056726e+00,8.355830846115e-02
-4.936353772942e+00,1.567953676728e+00,9.361373432029e-02
-4.936123322664e+00,6.261269675591e+00,8.991038685797e-02
-4.936039061380e+00,7.533509005005e+00,8.534117977143e-02
-4.935934174149e+00,4.729092186015e+00,9.213536877558e-02
-4.935880530768e+00,1.325587550352e+00,9.361327671590e-02
-4.935836205053e+00,3.967570389481e+00,9.276311130026e-02
-4.935686628706e+00,3.189803243070e+00,9.322843520659e-02
-4.935674414227e+00,7.882332878279e+00,8.283022494623e-02
-4.935458415870e+00,9.175912858985e+00,3.083610319297e-02
-4.935348094171e+00,4.910799109780e+00,9.195276753838e-02
-4.935302071287e+00,6.569255331651e+00,8.917424291241e-02
-4.935291861128e+00,6.089195466475e+00,9.026480258780e-02
-4.935120927743e+00,5.341413630235e+00,9.145120255510e-02
-4.935113885054e+00,2.023822307424e+00,9.361280880603e-02
-4.935104554281e+00,5.380605936649e+00,9.140014508413e-02
-4.935084894620e+00,6.701490533922e+00,8.880717225504e-02
-4.934891662903e+00,5.420543082278e+00,9.134732902164e-02
-4.934844818612e+00,7.448335380440e+00,8.583050997610e-02
-4.934632396521e+00,2.416537060853e+00,9.356283268513e-02
-4.934621495832e+00,1.812273689344e+00,9.361233104241e-02
-4.934476948378e+00,5.461219183827e+00,9.129255336734e-02
-4.934458392059e+00,5.876164488710e+00,9.065544767294e-02
-4.934267952230e+00,7.971519712441e+00,8.201529634707e-02
-4.934239845705e+00,8.416809360348e+00,7.591347301605e-02
-4.934145334879e+00,4.464838804791e+00,9.237863503638e-02
-4.934082442401e+00,7.055158224810e+00,8.762877027727e-02
-4.934039403753e+00,6.440109709671e+00,8.950455848094e-02
-4.933943757258e+00,8.505593639228e+00,7.406814389529e-02
-4.933867520066e+00,2.597331146508e+00,9.349540210250e-02
-4.933855141753e+00,5.502628324783e+00,9.123591852437e-02
-4.933793394116e+00,8.328228480488e+00,7.749193907579e-02
-4.933740494872e+00,8.974047868307e+00,5.468903371952e-02
-4.933516524387e+00,1.085295594275e+00,9.361116747362e-02
-4.933418318096e+00,2.236868782552e+00,9.361141503613e-02
-4.933343071213e+00,6.836749857498e+00,8.839722117305e-02
-4.933148592706e+00,7.363995149542e+00,8.627823001182e-02
-4.933021010567e+00,5.544764555602e+00,9.117734626997e-02
-4.932958672067e+00,3.455042115081e+00,9.308861267579e-02
-4.932920771768e+00,3.570859230522e+00,9.302147917590e-02
-4.932903157529e+00,8.594576167005e+00,7.188250641836e-02
-4.932610502752e+00,3.885519213531e+00,9.282255866641e-02
-4.932606406302e+00,8.239856135187e+00,7.885728324450e-02
-4.932323633519e+00,8.061478168860e+00,8.109471861204e-02
-4.932164509540e+00,1.602329530939e+00,9.361015923406e-02
-4.932048667313e+00,2.926986373435e+00,9.335763336769e-02
-4.932008316905e+00,4.861913034901e+00,9.200735390765e-02
-4.931969359017e+00,5.587621893949e+00,9.111675397946e-02
-4.931939513477e+00,1.359838773532e+00,9.360990753213e-02
-4.931694637506e+00,5.924087054654e+00,9.057640928032e-02
-4.931590676892e+00,3.339696849970e+00,9.315348686349e-02
-4.931429119077e+00,3.687109443228e+00,9.295224776786e-02
-4.931414121500e+00,6.139948402636e+00,9.017131018316e-02
-4.931374779948e+00,3.075573915167e+00,9.328861872878e-02
-4.931342493187e+00,6.314118553791e+00,8.980313712153e-02
-4.931116107824e+00,8.683751779230e+00,6.925346784337e-02
-4.930976777512e+00,2.779161811176e+00,9.342346633510e-02
-4.930956582673e+00,7.280498471806e+00,8.668931588216e-02
-4.930765447445e+00,4.680507305258e+00,9.218746089192e-02
-4.930695028170e+00,5.631194324891e+00,9.105405428974e-02
-4.930680918489e+00,8.151697445239e+00,8.004953918348e-02
-4.930375409197e+00,2.058409402468e+00,9.360876413965e-02
-4.930172724473e+00,4.548366966393e+00,9.230945693240e-02
-4.930154962873e+00,1.846758807193e+00,9.360851126679e-02
-4.930032605947e+00,6.974967277867e+00,8.793683776450e-02
-4.929793991096e+00,1.119408734488e+00,9.360798898940e-02
-4.929745415009e+00,4.167759555973e+00,9.262314018821e-02
-4.929690533473e+00,4.250568799602e+00,9.255938200768e-02
-4.929469101248e+00,5.191675087714e+00,9.164467716616e-02
-4.929316360699e+00,2.451295587050e+00,9.355441561280e-02
-4.929284989493e+00,5.240973435290e+00,9.158509359694e-02
-4.929192896179e+00,5.675475801089e+00,9.098912450705e-02
-4.929104135036e+00,5.142430971183e+00,9.170329641321e-02
-4.928939702357e+00,9.266257819606e+00,1.008852495324e-02
-4.928894195001e+00,6.625512786207e+00,8.903624773619e-02
-4.928865524784e+00,3.224860983849e+00,9.321633041965e-02
-4.928842462684e+00,9.064004976184e+00,4.691422864455e-02
-4.928784876531e+00,4.085174055646e+00,9.268569947018e-02
-4.928672267068e+00,5.972680724447e+00,9.049441872339e-02
-4.928600555815e+00,4.333582882977e+00,9.249402991632e-02
-4.928580702045e+00,8.773115297358e+00,6.603164744956e-02
-4.928547419084e+00,5.290320817328e+00,9.152465156102e-02
-4.928436766589e+00,3.803752815178e+00,9.288056528051e-02
-4.928384105340e+00,2.271542873596e+00,9.360710948950e-02
-4.928308951921e+00,6.494990297388e+00,8.938066467995e-02
-4.928275049797e+00,7.197855466970e+00,8.706727746919e-02
-4.928250581491e+00,2.632160677424e+00,9.348616032742e-02
-4.928194512675e+00,5.093246245586e+00,9.176121151783e-02
-4.928149577561e+00,4.813115023604e+00,9.206128040578e-02
-4.927978723471e+00,6.759094270577e+00,8.865275994795e-02
-4.927970702392e+00,1.394085310725e+00,9.360651101544e-02
-4.927945471903e+00,1.636699049109e+00,9.360655466940e-02
-4.927457878444e+00,5.720460243039e+00,9.092175757998e-02
-4.927257733868e+00,6.191346166432e+00,9.007412741340e-02
-4.926828887018e+00,4.002830872117e+00,9.274677367600e-02
-4.926744696797e+00,5.044126033846e+00,9.181842749174e-02
-4.926456104294e+00,4.416782576323e+00,9.242740312564e-02
-4.926268216322e+00,6.367591962265e+00,8.969144283746e-02
-4.926045726972e+00,1.153518657621e+00,9.360478529561e-02
-4.925816704974e+00,2.961933808812e+00,9.334682358223e-02
-4.925656769390e+00,1.881235762466e+00,9.360465979450e-02
-4.925603430816e+00,2.092986540988e+00,9.360468560347e-02
-4.925518118181e+00,6.895669022763e+00,8.822354456740e-02
-4.925499467673e+00,3.490167544444e+00,9.307512561161e-02
-4.925484927732e+00,5.766141539349e+00,9.085199136585e-02
-4.925386428189e+00,6.021939226087e+00,9.040933007332e-02
-4.925295066853e+00,8.862661528889e+00,6.199211070079e-02
-4.925149553332e+00,3.606016373866e+00,9.300736013151e-02
-4.925110317381e+00,7.116076214667e+00,8.741660770307e-02
-4.925095039943e+00,4.632028414701e+00,9.223892632492e-02
-4.925040402789e+00,2.814048023098e+00,9.341334411351e-02
-4.924832807932e+00,3.110570841589e+00,9.327705154257e-02
-4.924807959287e+00,7.685012352775e+00,8.442105323639e-02
-4.924759190533e+00,4.995075421643e+00,9.187491208425e-02
-4.924567799913e+00,7.598363278630e+00,8.499387407822e-02
-4.924528660966e+00,7.772465194800e+00,8.378803780345e-02
-4.924433283360e+00,3.374781179604e+00,9.314058366077e-02
-4.923974126578e+00,1.428326992694e+00,9.360308708947e-02
-4.923963337137e+00,2.486040364221e+00,9.354583693856e-02
-4.923897703521e+00,3.920748244050e+00,9.280663406865e-02
-4.923814198580e+00,7.512528245548e+00,8.551452663060e-02
-4.923776568557e+00,4.764409980837e+00,9.211427811696e-02
-4.923723952171e+00,7.860711493345e+00,8.308508773238e-02
-4.923696699185e+00,1.671062049963e+00,9.360292054243e-02
-4.923335920419e+00,3.722288623941e+00,9.293744472299e-02
-4.923314639782e+00,2.306205069448e+00,9.360276782314e-02
-4.923269034439e+00,5.812513546889e+00,9.077971563281e-02
-4.923238104131e+00,4.500148328657e+00,9.235918627480e-02
-4.923188481117e+00,9.154128615918e+00,3.573516239870e-02
-4.922818005638e+00,6.243382360837e+00,8.997305688817e-02
-4.922595002406e+00,2.666974489509e+00,9.347675505718e-02
-4.922553234028e+00,7.427517487988e+00,8.598968226944e-02
-4.922387943417e+00,7.949740899161e+00,8.230027150320e-02
-4.922271752092e+00,1.187625206978e+00,9.360155632188e-02
-4.922270638906e+00,6.550474831452e+00,8.925135153577e-02
-4.922242537300e+00,4.946099457025e+00,9.193042205137e-02
-4.922168792782e+00,6.682359963391e+00,8.889195733384e-02
-4.921999509298e+00,3.259895124196e+00,9.320405205490e-02
-4.921832306774e+00,6.071856257052e+00,9.032098754427e-02
-4.921468770489e+00,7.035170754083e+00,8.774035867504e-02
-4.921257361836e+00,8.952385267530e+00,5.677968500459e-02
-4.921126965692e+00,1.915704362452e+00,9.360077653318e-02
-4.921124415717e+00,8.395524128847e+00,7.646630676247e-02
-4.920992175595e+00,5.366140275418e+00,9.143737669795e-02
-4.920972271217e+00,5.327147211411e+00,9.148763336697e-02
-4.920932935155e+00,8.484244225510e+00,7.471696096694e-02
-4.920895922626e+00,6.421683411692e+00,8.957505027178e-02
-4.920816488302e+00,5.405879117927e+00,9.138538836003e-02
-4.920805226830e+00,5.859570090959e+00,9.070481325415e-02
-4.920798011191e+00,2.127553519058e+00,9.360057309526e-02
-4.920791047779e+00,7.343341201312e+00,8.642493025199e-02
-4.920573672072e+00,8.307007942581e+00,7.796852862015e-02
-4.920545543074e+00,6.817273378924e+00,8.849097842442e-02
-4.920514808980e+00,8.039543025317e+00,8.141575075809e-02
-4.920439899719e+00,5.446357859949e+00,9.133148280680e-02
-4.920072243502e+00,4.203021627045e+00,9.260561645612e-02
-4.920011865724e+00,3.838944071356e+00,9.286517468887e-02
-4.919997256640e+00,8.573163083982e+00,7.265449060826e-02
-4.919949816134e+00,1.462563650356e+00,9.359963567756e-02
-4.919857136488e+00,5.487570589254e+00,9.127575476210e-02
-4.919702350682e+00,4.285840563366e+00,9.254128643010e-02
-4.919542943690e+00,2.996861505646e+00,9.333584499826e-02
-4.919420468905e+00,4.120419702469e+00,9.266860084917e-02
-4.919418231638e+00,1.705418352496e+00,9.359925676885e-02
-4.919282710527e+00,8.218700800697e+00,7.927230774546e-02
-4.919199320554e+00,4.897203150068e+00,9.198526850493e-02
-4.919063822396e+00,2.848916433733e+00,9.340305445617e-02
-4.919062961719e+00,5.529511360565e+00,9.121812810422e-02
-4.918927788784e+00,4.583660271922e+00,9.228955907790e-02
-4.918894021066e+00,4.715802772615e+00,9.216662247246e-02
-4.918573410283e+00,2.520771167284e+00,9.353709630606e-02
-4.918533843856e+00,7.260009541454e+00,8.682464953446e-02
-4.918472087484e+00,1.221728226006e+00,9.359830199767e-02
-4.918315438970e+00,8.662275541340e+00,7.018712018131e-02
-4.918291229985e+00,4.368857488200e+00,9.247546550643e-02
-4.918247515451e+00,3.145546004549e+00,9.326531158627e-02
-4.918209994544e+00,2.340855155564e+00,9.359838992393e-02
-4.918098786961e+00,8.130107447668e+00,8.041370133445e-02
-4.918090283478e+00,6.296050559157e+00,8.986788679722e-02
-4.918088571169e+00,5.907304965560e+00,9.062715964852e-02
-4.918052175164e+00,5.572174195789e+00,9.115852246002e-02
-4.918005127447e+00,6.122425484443e+00,9.022922464277e-02
-4.917992499646e+00,3.525265213985e+00,9.306139464873e-02
-4.917766882461e+00,4.038053484289e+00,9.273024471952e-02
-4.917356855732e+00,6.955149083582e+00,8.804116812797e-02
-4.917329158064e+00,3.641143720626e+00,9.299305863044e-02
-4.917229596753e+00,3.409839724215e+00,9.312750268019e-02
-4.916900879273e+00,2.701772347687e+00,9.346718597568e-02
-4.916852458619e+00,1.562500050003e-02,9.361863987817e-02
-4.916819613424e+00,5.615553084218e+00,9.109685288146e-02
-4.916799679284e+00,4.687500150008e-02,9.361596977881e-02
-4.916776811430e+00,9.244413539677e+00,1.829489953591e-02
-4.916746899950e+00,7.812500250013e-02,9.361346510444e-02
-4.916694120616e+00,1.093750035002e-01,9.361112662028e-02
-4.916641341281e+00,1.406250045003e-01,9.360895504312e-02
-4.916588561947e+00,1.718750055004e-01,9.360695104057e-02
-4.916565603276e+00,1.950164414699e+00,9.359686138997e-02
-4.916535782613e+00,2.031250065004e-01,9.360511523043e-02
-4.916483003278e+00,2.343750075005e-01,9.360344818013e-02
-4.916465779712e+00,9.042281293316e+00,4.979874142718e-02
-4.916430223944e+00,2.656250085006e-01,9.360195040609e-02
-4.916377444610e+00,2.968750095005e-01,9.360062237332e-02
-4.916324665275e+00,3.281250105004e-01,9.359946449487e-02
-4.916271885941e+00,3.593750115004e-01,9.359847713147e-02
-4.916219106607e+00,3.906250125003e-01,9.359766059118e-02
-4.916166327273e+00,4.218750135002e-01,9.359701512905e-02
-4.916113547938e+00,4.531250145001e-01,9.359654094690e-02
-4.916060768604e+00,4.843750155000e-01,9.359623819310e-02
-4.915959212846e+00,2.162110133123e+00,9.359641988250e-02
-4.915954999206e+00,5.156250165000e-01,9.359606132964e-02
-4.915920020075e+00,6.606556732448e+00,8.911628761958e-02
-4.915897802184e+00,1.496795114824e+00,9.359615670278e-02
-4.915885573529e+00,8.751576420554e+00,6.718335417584e-02
-4.915819621085e+00,4.452053054198e+00,9.240832112506e-02
-4.915796239745e+00,5.468750175001e-01,9.359592460812e-02
-4.915787888536e+00,7.177532624569e+00,8.719287665430e-02
-4.915637480283e+00,5.781250185002e-01,9.359578787965e-02
-4.915634163327e+00,4.848391472751e+00,9.203945664211e-02
-4.915478720822e+00,6.093750195002e-01,9.359565114423e-02
-4.915360150165e+00,5.659641982714e+00,9.103297427870e-02
-4.915319961361e+00,6.406250205003e-01,9.359551440187e-02
-4.915221082538e+00,6.476386383727e+00,8.945368593936e-02
-4.915192190879e+00,3.757435910745e+00,9.292245461563e-02
-4.915161201899e+00,6.718750215004e-01,9.359537765255e-02
-4.915131629658e+00,3.955941334339e+00,9.279051764283e-02
-4.915121505515e+00,6.739790223853e+00,8.874096637125e-02
-4.915114171924e+00,5.955711933594e+00,9.054662216703e-02
-4.915110110619e+00,1.739767775921e+00,9.359556326395e-02
-4.915088726871e+00,3.294905390915e+00,9.319152549292e-02
-4.915002442438e+00,7.031250225005e-01,9.359524089629e-02
-4.914843682977e+00,7.343750235006e-01,9.359510413307e-02
-4.914760249908e+00,5.226899532218e+00,9.162024039972e-02
-4.914707453803e+00,5.177664802077e+00,9.167936603399e-02
-4.914684923515e+00,7.656250245005e-01,9.359496736291e-02
-4.914646755134e+00,1.255827558247e+00,9.359502225221e-02
-4.914526164054e+00,7.968750255004e-01,9.359483058579e-02
-4.914367404593e+00,8.281250265003e-01,9.359469380172e-02
-4.914261196307e+00,5.276184876627e+00,9.156025679274e-02
-4.914208645131e+00,8.593750275002e-01,9.359455701070e-02
-4.914107198273e+00,5.128485872956e+00,9.173754616447e-02
-4.914049885670e+00,8.906250285002e-01,9.359442021273e-02
-4.913900153822e+00,6.173640545140e+00,9.013386322998e-02
-4.913891126208e+00,9.218750295001e-01,9.359428340780e-02
-4.913732366747e+00,9.531250305001e-01,9.359414659591e-02
-4.913668696282e+00,5.704434815956e+00,9.096673271987e-02
-4.913573607286e+00,9.843750315000e-01,9.359400977708e-02
-4.913506704792e+00,4.667298225651e+00,9.221834119171e-02
-4.913227504479e+00,3.031769209677e+00,9.332468148895e-02
-4.913146665944e+00,2.555487771706e+00,9.352819336450e-02
-4.913070244049e+00,2.375492917863e+00,9.359397567795e-02
-4.913069953496e+00,6.349344305255e+00,8.975838957480e-02
-4.913047145525e+00,2.883766798472e+00,9.339259704143e-02
-4.912963914672e+00,5.079367894855e+00,9.179502968160e-02
-4.912781080920e+00,6.876021160429e+00,8.832132696233e-02
-4.912718804253e+00,7.663709105080e+00,8.462286493217e-02
-4.912705784454e+00,8.841060530627e+00,6.344787959387e-02
-4.912559510102e+00,7.095920526684e+00,8.753351215370e-02
-4.912508481805e+00,7.751002332875e+00,8.401040174547e-02
-4.912410415312e+00,7.577220732921e+00,8.517789060862e-02
-4.912268568713e+00,4.535407594474e+00,9.233953257805e-02
-4.911972734812e+00,1.984615727071e+00,9.359291427149e-02
-4.911877171919e+00,6.004784727114e+00,9.046305942123e-02
-4.911818116883e+00,1.531021217420e+00,9.359265008788e-02
-4.911773490114e+00,7.839090108411e+00,8.333135627850e-02
-4.911740200018e+00,5.749925476712e+00,9.089814362863e-02
-4.911673964137e+00,1.016976903132e+00,9.359237684936e-02
-4.911619035891e+00,3.180499140542e+00,9.325339862058e-02
-4.911589335781e+00,7.491547486091e+00,8.568303569815e-02
-4.911551728026e+00,4.799669358561e+00,9.209298156604e-02
-4.911535140790e+00,3.874101277270e+00,9.284959734019e-02
-4.911282075106e+00,5.030315980748e+00,9.185182152849e-02
-4.911168310005e+00,2.736554017431e+00,9.345745277769e-02
-4.911087099535e+00,2.196656180040e+00,9.359222580538e-02
-4.910918546363e+00,9.132344372852e+00,3.996824034880e-02
-4.910795777980e+00,1.289923047396e+00,9.359171701453e-02
-4.910772378591e+00,1.774110139706e+00,9.359183994264e-02
-4.910507934604e+00,7.927962085882e+00,8.257456047925e-02
-4.910437937998e+00,3.560334833226e+00,9.304748146650e-02
-4.910341936599e+00,4.238241500447e+00,9.258789747609e-02
-4.910261649444e+00,7.406699595536e+00,8.614459761711e-02
-4.910000245993e+00,4.155625168305e+00,9.265130590098e-02
-4.909979775026e+00,3.444872202241e+00,9.311424381440e-02
-4.909655753525e+00,4.321068074821e+00,9.252295876170e-02
-4.909569647223e+00,5.796107825990e+00,9.082709998967e-02
-4.909512688612e+00,6.225495046082e+00,9.003471248564e-02
-4.909459768421e+00,3.676240971728e+00,9.297857473280e-02
-4.909252690944e+00,6.663229392860e+00,8.897511391395e-02
-4.909239206525e+00,6.531694331252e+00,8.932705465856e-02
-4.909066192118e+00,4.981335206310e+00,9.190786769647e-02
-4.908855098576e+00,7.015183283357e+00,8.784946639145e-02
-4.908774228799e+00,8.930722666753e+00,5.867750235089e-02
-4.908705984441e+00,8.017607881773e+00,8.172459682796e-02
-4.908650423102e+00,4.073237893551e+00,9.271352221550e-02
-4.908433502852e+00,7.322687253081e+00,8.656786482121e-02
-4.908372752420e+00,6.054517047629e+00,9.037632054487e-02
-4.908133323768e+00,3.329891511738e+00,9.317882042183e-02
-4.908021669557e+00,1.050929355801e+00,9.358923533231e-02
-4.908008985729e+00,8.374238897346e+00,7.699182102463e-02
-4.907922252667e+00,4.404085749252e+00,9.245670154725e-02
-4.907922113052e+00,8.462894811792e+00,7.533119232765e-02
-4.907895464025e+00,2.410118142707e+00,9.358629074735e-02
-4.907752441498e+00,6.403257113714e+00,8.964432041503e-02
-4.907748014935e+00,6.797796900350e+00,8.858283402991e-02
-4.907710793407e+00,1.565241789668e+00,9.358911575533e-02
-4.907683191304e+00,2.590189953450e+00,9.351912776957e-02
-4.907619427766e+00,4.618901126949e+00,9.226943984265e-02
-4.907353950027e+00,8.285787404673e+00,7.842316515460e-02
-4.907348414119e+00,2.019058107828e+00,9.358893508380e-02
-4.907152061602e+00,5.842975693209e+00,9.075348814324e-02
-4.907091355750e+00,8.551750000960e+00,7.338180194858e-02
-4.906998125724e+00,3.792550996352e+00,9.290727753970e-02
-4.906990482868e+00,2.918598873360e+00,9.338197156307e-02
-4.906956716172e+00,4.751041702158e+00,9.214557643788e-02
-4.906919179910e+00,1.324014537293e+00,9.358838423763e-02
-4.906879796909e+00,5.351674614187e+00,9.147417703411e-02
-4.906870509918e+00,3.066656667355e+00,9.331330444623e-02
-4.906823614691e+00,5.312880792587e+00,9.152364870684e-02
-4.906741313700e+00,5.391215153576e+00,9.142299998709e-02
-4.906405079113e+00,1.808445263577e+00,9.358807683157e-02
-4.906402851060e+00,5.431496536070e+00,9.136994695306e-02
-4.906361872601e+00,8.108017075336e+00,8.076289680791e-02
-4.906320818481e+00,4.932430609526e+00,9.196297198019e-02
-4.906312501116e+00,3.991098160489e+00,9.277420968656e-02
-4.906181736255e+00,2.231191457043e+00,9.358799743823e-02
-4.906111105038e+00,7.239520611101e+00,8.695666136027e-02
-4.905959014752e+00,8.197545466206e+00,7.966942846729e-02
-4.905859131222e+00,5.472512853725e+00,9.131510715172e-02
-4.905514770116e+00,8.640799303451e+00,7.106167788979e-02
-4.905397393952e+00,2.771319264787e+00,9.344753039407e-02
-4.905122291824e+00,4.487275059542e+00,9.238891221172e-02
-4.905104912870e+00,5.514258165527e+00,9.125840649430e-02
-4.904947504234e+00,3.215429986901e+00,9.324131243338e-02
-4.904838073769e+00,6.277982564522e+00,8.993156776193e-02
-4.904681105516e+00,6.935330889297e+00,8.814325861807e-02
-4.904613920503e+00,9.222569259749e+00,2.510071370815e-02
-4.904596133393e+00,6.104902566250e+00,9.028624438194e-02
-4.904482504831e+00,5.890522876467e+00,9.067718724908e-02
-4.904345847559e+00,1.084879157627e+00,9.358607034749e-02
-4.904134991311e+00,5.556726497629e+00,9.119976678529e-02
-4.904089096740e+00,9.020557610449e+00,5.237472511880e-02
-4.903575865962e+00,1.599456663295e+00,9.358555362726e-02
-4.903300727276e+00,7.157209782167e+00,8.731550721934e-02
-4.903190445014e+00,8.730037543750e+00,6.825460644101e-02
-4.903050546937e+00,4.883607190356e+00,9.201741977204e-02
-4.903016985764e+00,1.358101871926e+00,9.358501705520e-02
-4.903006800199e+00,3.909224117819e+00,9.283374577041e-02
-4.902945845150e+00,6.587600678688e+00,8.919483737392e-02
-4.902944198678e+00,5.599911843544e+00,9.113910541131e-02
-4.902835954482e+00,3.595376112766e+00,9.303338601324e-02
-4.902692696190e+00,2.053491365536e+00,9.358492373246e-02
-4.902685731509e+00,2.444730616912e+00,9.357788854654e-02
-4.902683977832e+00,3.479878333113e+00,9.310080699766e-02
-4.902264287559e+00,6.720486177128e+00,8.882744090744e-02
-4.902183074924e+00,2.624877488984e+00,9.350989918445e-02
-4.902133213155e+00,6.457782470066e+00,8.952541561873e-02
-4.902008256843e+00,1.842772967528e+00,9.358428147966e-02
-4.901853867982e+00,4.702513359214e+00,9.219754695267e-02
-4.901556076780e+00,5.938743142742e+00,9.059806869982e-02
-4.901541568657e+00,3.711307829257e+00,9.296385110116e-02
-4.901527404152e+00,5.643808164340e+00,9.107625580136e-02
-4.901243189242e+00,2.265715761741e+00,9.358373467672e-02
-4.901237035975e+00,4.570616223588e+00,9.231967523204e-02
-4.901133447919e+00,3.364853215274e+00,9.316593791130e-02
-4.900893946596e+00,2.953412415125e+00,9.337117773176e-02
-4.900646514730e+00,1.118826165328e+00,9.358288182938e-02
-4.900629649218e+00,7.642405857385e+00,8.481860014032e-02
-4.900554752418e+00,4.273418828906e+00,9.256988853303e-02
-4.900542573776e+00,6.155934923848e+00,9.019265859199e-02
-4.900524453646e+00,4.190790113829e+00,9.263381520087e-02
-4.900488302644e+00,7.729539470950e+00,8.422574422737e-02
-4.900472084136e+00,3.101523625866e+00,9.330175509064e-02
-4.900253030711e+00,7.556078187212e+00,8.535661329957e-02
-4.900235510323e+00,5.212825629146e+00,9.165499434991e-02
-4.900116502054e+00,8.819459532364e+00,6.479016583768e-02
-4.900044043658e+00,6.856373298094e+00,8.841708007432e-02
-4.900008702823e+00,7.075764838701e+00,8.764775283569e-02
-4.899974973531e+00,5.262048935926e+00,9.159546169490e-02
-4.899945806358e+00,5.163654516441e+00,9.171366967635e-02
-4.899879514121e+00,5.688409388874e+00,9.101111509014e-02
-4.899871690670e+00,6.331096648245e+00,8.982420931287e-02
-4.899823028058e+00,7.817468723477e+00,8.356945194108e-02
-4.899588231883e+00,2.806067856422e+00,9.343742319403e-02
-4.899551012706e+00,4.356250978882e+00,9.250443078231e-02
-4.899479742678e+00,4.108383768882e+00,9.269645595446e-02
-4.899413369782e+00,1.633665670218e+00,9.358196362553e-02
-4.899364472982e+00,7.470566726635e+00,8.584690458341e-02
-4.899260009749e+00,4.834869910601e+00,9.207121620384e-02
-4.899110261511e+00,5.114540774729e+00,9.177141785605e-02
-4.899089221329e+00,1.392184895450e+00,9.358162414658e-02
-4.898753922054e+00,3.827633574717e+00,9.289191365431e-02
-4.898648611610e+00,9.110560129784e+00,4.366239712774e-02
-4.898627925791e+00,7.906183272603e+00,8.283925953727e-02
-4.898367915650e+00,5.987630228141e+00,9.051599547815e-02
-4.898233057081e+00,3.250338281737e+00,9.322905284190e-02
-4.898005637189e+00,2.087915309076e+00,9.358088012246e-02
-4.897995472304e+00,5.733709414075e+00,9.094367712570e-02
-4.897970064861e+00,7.385881703085e+00,8.629542292743e-02
-4.897733316670e+00,5.065489544124e+00,9.182847683148e-02
-4.897581957532e+00,1.877093071839e+00,9.358045604030e-02
-4.897550193989e+00,9.312950694692e+00,6.608629107154e-06
-4.897493907291e+00,4.439267303604e+00,9.243770358705e-02
-4.897441124837e+00,2.479330127749e+00,9.356932216064e-02
-4.897440539833e+00,4.026218399921e+00,9.275771058131e-02
-4.896923688533e+00,1.152770235695e+00,9.357966971235e-02
-4.896897159902e+00,7.995672738230e+00,8.202193062180e-02
-4.896646406709e+00,2.659550155352e+00,9.350050728078e-02
-4.896336589107e+00,6.644098822329e+00,8.905668871394e-02
-4.896291095762e+00,8.909060065976e+00,6.040794466585e-02
-4.896271525962e+00,2.300228892168e+00,9.357943741585e-02
-4.896247962139e+00,4.654089146043e+00,9.224889840555e-02
-4.896241426664e+00,6.995195812630e+00,8.795617481978e-02
-4.896207774144e+00,6.512913831052e+00,8.940139074865e-02
-4.896207371585e+00,6.207607731327e+00,9.009537866266e-02
-4.896075957926e+00,7.302033304851e+00,8.670694763413e-02
-4.895870260008e+00,5.779702105091e+00,9.087383799680e-02
-4.895819453414e+00,5.016505927651e+00,9.188485147824e-02
-4.895342366543e+00,3.514857837217e+00,9.308713214518e-02
-4.895223341120e+00,1.667868642589e+00,9.357834567166e-02
-4.895186722637e+00,3.630388764215e+00,9.301910828762e-02
-4.895135913342e+00,1.426263452167e+00,9.357820544034e-02
-4.894953878492e+00,4.786223693518e+00,9.212432468200e-02
-4.894950486796e+00,6.778320421777e+00,8.867284531731e-02
-4.894913198066e+00,6.037177838206e+00,9.043082145141e-02
-4.894911290949e+00,8.441545398074e+00,7.591351894121e-02
-4.894893555741e+00,8.352953665846e+00,7.749198164238e-02
-4.894757650352e+00,2.988207181203e+00,9.336021527662e-02
-4.894624958241e+00,8.085926703004e+00,8.109809865571e-02
-4.894608960371e+00,6.384830815735e+00,8.971240088336e-02
-4.894427054262e+00,3.944312279196e+00,9.281765854789e-02
-4.894364412954e+00,4.522448222556e+00,9.236929856929e-02
-4.894185454860e+00,8.530336917937e+00,7.406819351874e-02
-4.894134227983e+00,8.264566866766e+00,7.885732276017e-02
-4.894089248914e+00,3.399790231021e+00,9.315287780948e-02
-4.894032352795e+00,3.136369833168e+00,9.329003315355e-02
-4.893740925973e+00,2.840799559657e+00,9.342714874632e-02
-4.893688366221e+00,7.219031680749e+00,8.708547096312e-02
-4.893574744837e+00,3.746343996420e+00,9.294888705805e-02
-4.893498896373e+00,5.826381295458e+00,9.080148738779e-02
-4.893373193704e+00,4.967594990977e+00,9.194046676394e-02
-4.893287294445e+00,2.122329747678e+00,9.357680415828e-02
-4.893177387296e+00,1.186711225659e+00,9.357643393060e-02
-4.893126228022e+00,1.911405397091e+00,9.357660042717e-02
-4.892767418224e+00,5.337208952956e+00,9.151055414409e-02
-4.892714101263e+00,8.619323065561e+00,7.188256010561e-02
-4.892674958164e+00,5.298614373763e+00,9.155925623303e-02
-4.892666139100e+00,5.376551189225e+00,9.146017236519e-02
-4.892635318977e+00,8.176390131716e+00,8.004957592481e-02
-4.892451029575e+00,9.200724979820e+00,3.083616974717e-02
-4.892365802401e+00,5.416635212191e+00,9.140795471591e-02
-4.892161723634e+00,2.513916462999e+00,9.356059400097e-02
-4.892005355301e+00,6.915512695011e+00,8.824318038847e-02
-4.891861125957e+00,5.457455118195e+00,9.135398508110e-02
-4.891712413768e+00,8.998833927582e+00,5.468910709047e-02
-4.891585864059e+00,6.259914569887e+00,8.999420681796e-02
-4.891475832630e+00,3.285223763994e+00,9.321660851876e-02
-4.891266815104e+00,2.334730646781e+00,9.357510554995e-02
-4.891187139340e+00,6.087379648058e+00,9.034239059606e-02
-4.891157089495e+00,1.460337386522e+00,9.357476086485e-02
-4.891146864022e+00,5.499004970490e+00,9.129819133937e-02
-4.891073277909e+00,2.694207730187e+00,9.349095173977e-02
-4.891005817244e+00,1.702065412810e+00,9.357469968685e-02
-4.890993339725e+00,4.225914201292e+00,9.261612943112e-02
-4.890876438494e+00,5.873740787373e+00,9.072650806497e-02
-4.890813566015e+00,7.136886939766e+00,8.743527231772e-02
-4.890710951236e+00,4.308553266664e+00,9.255159681645e-02
-4.890495316499e+00,8.708498666947e+00,6.925352596629e-02
-4.890459778828e+00,3.862683341010e+00,9.287636318809e-02
-4.890399099661e+00,4.918761762028e+00,9.199517198165e-02
-4.890255076978e+00,4.143490780636e+00,9.267919357260e-02
-4.890217807458e+00,5.541278799469e+00,9.124049740169e-02
-4.890143815588e+00,4.605773839198e+00,9.229961568506e-02
-4.890136863788e+00,4.737673423479e+00,9.217654529360e-02
-4.889971670224e+00,6.568644624928e+00,8.927193856675e-02
-4.889407630222e+00,1.220648992278e+00,9.357317441820e-02
-4.889407069602e+00,6.701182130403e+00,8.891223424564e-02
-4.889388401040e+00,4.391388922182e+00,9.248570343818e-02
-4.889068783932e+00,5.584270602871e+00,9.118082291219e-02
-4.889045343772e+00,6.439178556405e+00,8.959588813930e-02
-4.888641116257e+00,1.945709764101e+00,9.357271455356e-02
-4.888581709249e+00,3.022982929737e+00,9.334908394686e-02
-4.888540494184e+00,7.621102609690e+00,8.500852591999e-02
-4.888537726446e+00,2.156734490921e+00,9.357269574382e-02
-4.888515969674e+00,4.061301731457e+00,9.274102079763e-02
-4.888468123483e+00,7.708076609024e+00,8.443438834135e-02
-4.888095646109e+00,7.534935641503e+00,8.553026480693e-02
-4.887997981636e+00,5.921774351889e+00,9.064877531505e-02
-4.887955104228e+00,3.549810435931e+00,9.307324211177e-02
-4.887872566001e+00,7.795847338543e+00,8.379976929453e-02
-4.887855579815e+00,2.875514142426e+00,9.341670672623e-02
-4.887694658138e+00,5.627974345965e+00,9.111898069604e-02
-4.887551443077e+00,3.171195038015e+00,9.327813839122e-02
-4.887527219655e+00,8.797858534102e+00,6.603171033748e-02
-4.887490417766e+00,3.665372500228e+00,9.300464834211e-02
-4.887457895544e+00,7.055609150718e+00,8.775941918904e-02
-4.887313468350e+00,1.562500050003e-02,9.359342770940e-02
-4.887307006397e+00,6.836725435760e+00,8.851086638368e-02
-4.887265715619e+00,4.687500150008e-02,9.359072086812e-02
-4.887217962888e+00,7.812500250013e-02,9.358818197040e-02
-4.887184993730e+00,6.138229302556e+00,9.025053614387e-02
-4.887170210157e+00,1.093750035002e-01,9.358581180274e-02
-4.887152778423e+00,1.494406543139e+00,9.357129034825e-02
-4.887139610182e+00,7.449585967178e+00,8.600632039969e-02
-4.887122457426e+00,1.406250045003e-01,9.358361110177e-02
-4.887074704695e+00,1.718750055004e-01,9.358158055353e-02
-4.887026951964e+00,2.031250065004e-01,9.357972079279e-02
-4.887006479516e+00,4.474401790426e+00,9.241833423797e-02
-4.887000877985e+00,3.434702289401e+00,9.313964000301e-02
-4.886979199233e+00,2.343750075005e-01,9.357803240245e-02
-4.886931446502e+00,2.656250085006e-01,9.357651591291e-02
-4.886901773320e+00,4.870011230643e+00,9.204922761747e-02
-4.886883693771e+00,2.968750095005e-01,9.357517180162e-02
-4.886847608801e+00,2.548489410958e+00,9.355170371470e-02
-4.886835941040e+00,3.281250105004e-01,9.357400049252e-02
-4.886788188309e+00,3.593750115004e-01,9.357300235571e-02
-4.886760836451e+00,1.736255813487e+00,9.357102559199e-02
-4.886747916978e+00,7.884404459323e+00,8.309485552401e-02
-4.886740435578e+00,3.906250125003e-01,9.357217770698e-02
-4.886692682847e+00,4.218750135002e-01,9.357152680757e-02
-4.886673427845e+00,6.312848991235e+00,8.988893080918e-02
-4.886644930116e+00,4.531250145001e-01,9.357104986388e-02
-4.886597177385e+00,4.843750155000e-01,9.357074702725e-02
-4.886501481263e+00,5.156250165000e-01,9.357057671418e-02
-4.886378676857e+00,9.088775886717e+00,4.691430427825e-02
-4.886357841750e+00,5.468750175001e-01,9.357045183711e-02
-4.886229126580e+00,2.369220824475e+00,9.357073897265e-02
-4.886214202237e+00,5.781250185002e-01,9.357032695425e-02
-4.886090331959e+00,5.672383961791e+00,9.105491698394e-02
-4.886070562725e+00,6.093750195002e-01,9.357020206559e-02
-4.885926923212e+00,6.406250205003e-01,9.357007717114e-02
-4.885796115215e+00,3.979365448862e+00,9.280137999252e-02
-4.885783283699e+00,6.718750215004e-01,9.356995227089e-02
-4.885710770738e+00,5.198751726075e+00,9.168936260065e-02
-4.885688750754e+00,5.247912995226e+00,9.163027357351e-02
-4.885678480277e+00,7.365063810633e+00,8.644231659837e-02
-4.885639644187e+00,7.031250225005e-01,9.356982736484e-02
-4.885614437383e+00,1.254583392701e+00,9.356989110909e-02
-4.885559484858e+00,3.781349177526e+00,9.293373624341e-02
-4.885496004674e+00,7.343750235006e-01,9.356970245300e-02
-4.885494639935e+00,9.291046902679e+00,1.008855395914e-02
-4.885463781144e+00,2.728849991638e+00,9.348123225332e-02
-4.885352365161e+00,7.656250245005e-01,9.356957753536e-02
-4.885208725649e+00,7.968750255004e-01,9.356945261192e-02
-4.885184158913e+00,5.149644230804e+00,9.174759508618e-02
-4.885088335362e+00,7.973737594687e+00,8.230761952538e-02
-4.885065086136e+00,8.281250265003e-01,9.356932768269e-02
-4.884921446623e+00,8.593750275002e-01,9.356920274765e-02
-4.884858659380e+00,5.970475729168e+00,9.056815633014e-02
-4.884813714898e+00,4.689223945813e+00,9.222814808041e-02
-4.884777807111e+00,8.906250285002e-01,9.356907780682e-02
-4.884675970644e+00,3.320086173506e+00,9.320392371066e-02
-4.884634167598e+00,9.218750295001e-01,9.356895286019e-02
-4.884490528086e+00,9.531250305001e-01,9.356882790775e-02
-4.884346888573e+00,9.843750315000e-01,9.356870294952e-02
-4.884250744590e+00,5.717493351438e+00,9.098860487252e-02
-4.884126671275e+00,1.980005993988e+00,9.356879833231e-02
-4.884113324748e+00,5.100595676503e+00,9.180491833500e-02
-4.883807962725e+00,8.887397465199e+00,6.199217852394e-02
-4.883756992835e+00,2.191129348769e+00,9.356855478245e-02
-4.883718412999e+00,7.281379356620e+00,8.684243777113e-02
-4.883627754752e+00,6.975208341903e+00,8.806056189636e-02
-4.883546283166e+00,4.557572175253e+00,9.234948147002e-02
-4.883420487269e+00,6.624968251798e+00,8.913672672293e-02
-4.883176341763e+00,6.494133330853e+00,8.947439691754e-02
-4.883123009708e+00,1.528470766833e+00,9.356779381845e-02
-4.882902054559e+00,6.189720416573e+00,9.015507964039e-02
-4.882888043881e+00,8.063836330673e+00,8.142028989395e-02
-4.882885856171e+00,4.821348348451e+00,9.210263873880e-02
-4.882502718667e+00,5.051611193393e+00,9.186155967136e-02
-4.882488438057e+00,1.770439677460e+00,9.356732330766e-02
-4.882463605345e+00,1.016893516183e+00,9.356706881936e-02
-4.882366239888e+00,3.057739419544e+00,9.333777093449e-02
-4.882170872793e+00,5.763296384192e+00,9.091994344676e-02
-4.882152958657e+00,6.758843943203e+00,8.876106738110e-02
-4.882115896878e+00,3.897699991587e+00,9.286059690423e-02
-4.881932298423e+00,2.910211373285e+00,9.340609682430e-02
-4.881900468846e+00,8.420195984355e+00,7.646635184486e-02
-4.881797829723e+00,1.288514284213e+00,9.356658393704e-02
-4.881778125753e+00,8.331668434345e+00,7.796857043367e-02
-4.881498862542e+00,2.583048760393e+00,9.354265095538e-02
-4.881465479244e+00,6.366404517756e+00,8.977932257332e-02
-4.881453643712e+00,6.019838628782e+00,9.048450953328e-02
-4.881407154153e+00,4.260997094446e+00,9.259820522622e-02
-4.881279553971e+00,8.508923834915e+00,7.471700964912e-02
-4.881265627404e+00,7.198542750396e+00,8.721119236837e-02
-4.881158531529e+00,2.403699224562e+00,9.356633757690e-02
-4.881029483683e+00,3.205998989954e+00,9.326607058683e-02
-4.880976663790e+00,4.178558600614e+00,9.266173563425e-02
-4.880914505939e+00,8.243346328858e+00,7.927234658825e-02
-4.880810795427e+00,4.343644469565e+00,9.253310499244e-02
-4.880522355632e+00,3.584735851666e+00,9.305917000105e-02
-4.880356831723e+00,5.002695874553e+00,9.191752390436e-02
-4.880288138648e+00,9.178880699892e+00,3.573523390088e-02
-4.880141329382e+00,8.154690216334e+00,8.041445873175e-02
-4.879913432409e+00,8.597846827672e+00,7.265454325012e-02
-4.879868487991e+00,3.469589121782e+00,9.312622441980e-02
-4.879845731145e+00,5.809786897708e+00,9.084882561727e-02
-4.879818010392e+00,2.763476718397e+00,9.347134852521e-02
-4.879747216895e+00,3.700327034572e+00,9.299000628652e-02
-4.879582943184e+00,2.014293908233e+00,9.356485167585e-02
-4.879539016451e+00,4.096347835296e+00,9.272403813841e-02
-4.879335730795e+00,8.977110244715e+00,5.677975749407e-02
-4.879329605085e+00,6.895694500726e+00,8.834100166857e-02
-4.879168193497e+00,4.426481553010e+00,9.246677781122e-02
-4.879067813873e+00,1.562529902608e+00,9.356427120313e-02
-4.878989219487e+00,4.640880066435e+00,9.227913827452e-02
-4.878945154413e+00,2.225514131535e+00,9.356438012023e-02
-4.878830031393e+00,1.050679317772e+00,9.356391382383e-02
-4.878655039538e+00,5.322743291725e+00,9.154651588863e-02
-4.878590964498e+00,5.361887224874e+00,9.149691375367e-02
-4.878526301638e+00,5.284347954939e+00,9.159446342476e-02
-4.878356028957e+00,4.772778028474e+00,9.215533809343e-02
-4.878333654350e+00,6.241846575252e+00,9.005582990476e-02
-4.878328753743e+00,5.401773888313e+00,9.144551478853e-02
-4.878326404754e+00,7.116564097364e+00,8.755227046046e-02
-4.878188662393e+00,1.804616837810e+00,9.356359275410e-02
-4.877957829052e+00,1.322441524235e+00,9.356325283570e-02
-4.877863120691e+00,5.442397382666e+00,9.139239770674e-02
-4.877833612478e+00,3.354925250943e+00,9.319106165649e-02
-4.877800187983e+00,8.686959790143e+00,7.018717715774e-02
-4.877778145286e+00,6.069856729866e+00,9.039768383765e-02
-4.877680195289e+00,4.953854775644e+00,9.197271568632e-02
-4.877495978384e+00,3.816323078078e+00,9.291839880801e-02
-4.877270372157e+00,5.856958698279e+00,9.077513762808e-02
-4.877188815174e+00,5.483751775452e+00,9.133749229118e-02
-4.877114197205e+00,4.014383315553e+00,9.278491047592e-02
-4.876997495299e+00,6.549688571168e+00,8.934763127084e-02
-4.876549851646e+00,6.681878083679e+00,8.899539515948e-02
-4.876460257194e+00,4.509488850638e+00,9.239876037295e-02
-4.876451339149e+00,7.599799361994e+00,8.519289407871e-02
-4.876447944322e+00,7.686613747099e+00,8.463663787570e-02
-4.876300623605e+00,5.525831101309e+00,9.128072449093e-02
-4.876115568356e+00,2.617594300543e+00,9.353343538389e-02
-4.876111360340e+00,3.092476410143e+00,9.332623919019e-02
-4.876055102318e+00,2.438165646774e+00,9.356190125495e-02
-4.875971188218e+00,2.944891021438e+00,9.339531874774e-02
-4.875957474389e+00,6.420574642744e+00,8.966513674178e-02
-4.875938261508e+00,7.513793095793e+00,8.569905561184e-02
-4.875922103945e+00,7.774225953610e+00,8.402267820640e-02
-4.875193369186e+00,5.568629362198e+00,9.122201613339e-02
-4.875175170731e+00,1.084462720978e+00,9.356073700132e-02
-4.875009983182e+00,2.048573328604e+00,9.356087449615e-02
-4.874987222385e+00,1.596583795652e+00,9.356072242974e-02
-4.874937937256e+00,8.776257535839e+00,6.718341584022e-02
-4.874914747383e+00,7.428605207721e+00,8.616146044882e-02
-4.874907088264e+00,7.035453462735e+00,8.786859676546e-02
-4.874867908165e+00,7.862625646044e+00,8.334180327991e-02
-4.874569969136e+00,6.817077573425e+00,8.860274588360e-02
-4.874477380842e+00,4.905092914529e+00,9.202702832205e-02
-4.874466604865e+00,3.240781439277e+00,9.325382955263e-02
-4.874439886492e+00,5.904805561036e+00,9.069875851883e-02
-4.874136060977e+00,2.798087689746e+00,9.346129348026e-02
-4.874108742104e+00,9.066991643650e+00,4.979881717250e-02
-4.874102273145e+00,2.259888649886e+00,9.356016120168e-02
-4.874094458052e+00,1.356364970319e+00,9.355989480967e-02
-4.873861912124e+00,5.612140527590e+00,9.116116028148e-02
-4.873861550812e+00,1.838787127863e+00,9.355983385121e-02
-4.873827413685e+00,6.120523681264e+00,9.030751783145e-02
-4.873722478867e+00,3.932683224054e+00,9.284453860999e-02
-4.873475165019e+00,6.294601334225e+00,8.995258187861e-02
-4.873439085882e+00,9.269143110667e+00,1.829494722892e-02
-4.873386895693e+00,7.344245918181e+00,8.658533681512e-02
-4.873317011403e+00,4.724305144800e+00,9.220719053888e-02
-4.873279510823e+00,7.951802451143e+00,8.258275748956e-02
-4.873044287210e+00,3.619633807804e+00,9.304491580471e-02
-4.872692233439e+00,3.504450460448e+00,9.311263103188e-02
-4.872668203411e+00,4.592646551447e+00,9.232946234809e-02
-4.872301149797e+00,5.656358534709e+00,9.109815036998e-02
-4.871957298795e+00,3.735252082096e+00,9.297507055938e-02
-4.871766148946e+00,4.296038458507e+00,9.257994917440e-02
-4.871644742851e+00,4.213586902138e+00,9.264408281024e-02
-4.871499038365e+00,1.118243596168e+00,9.355753829091e-02
-4.871402527978e+00,5.233777054525e+00,9.166469956552e-02
-4.871360868072e+00,7.260725408390e+00,8.697459313809e-02
-4.871349403110e+00,5.953321230194e+00,9.061955953627e-02
-4.871324829689e+00,8.865734864422e+00,6.344794619016e-02
-4.871186031154e+00,5.184677823003e+00,9.172335214000e-02
-4.871151129521e+00,8.041745958342e+00,8.173020570914e-02
-4.871014082840e+00,6.955220871176e+00,8.816270228118e-02
-4.870948901074e+00,3.389740737828e+00,9.317802219893e-02
-4.870918912537e+00,2.472619891277e+00,9.355742989837e-02
-4.870881267662e+00,1.630632291326e+00,9.355714742550e-02
-4.870854549413e+00,4.378692095111e+00,9.251441399478e-02
-4.870752999703e+00,4.856415270931e+00,9.208069817663e-02
-4.870697811012e+00,2.652125821195e+00,9.352405666945e-02
-4.870509907962e+00,4.131356392968e+00,9.270680804253e-02
-4.870506016875e+00,5.701277288801e+00,9.103293953595e-02
-4.870504385431e+00,6.605837681267e+00,8.921527127949e-02
-4.870422511467e+00,5.135633945168e+00,9.178114909570e-02
-4.870407843563e+00,2.082844077163e+00,9.355686670475e-02
-4.870207740265e+00,1.390284480174e+00,9.355650568638e-02
-4.870144909382e+00,6.475352830653e+00,8.954610897935e-02
-4.869972357013e+00,2.979552856760e+00,9.338437222200e-02
-4.869817190139e+00,3.127193661788e+00,9.331453505320e-02
-4.869596737533e+00,6.171833101818e+00,9.021383887979e-02
-4.869507145674e+00,1.872950381212e+00,9.355603578564e-02
-4.869384416866e+00,3.851265404750e+00,9.290287497169e-02
-4.869355430518e+00,6.739367464629e+00,8.884755318973e-02
-4.869228412143e+00,2.294252714887e+00,9.355590943857e-02
-4.869116387986e+00,5.086650578277e+00,9.183805429141e-02
-4.868890667209e+00,4.461528521310e+00,9.244745770570e-02
-4.868889646742e+00,8.398846570637e+00,7.699186528952e-02
-4.868842888586e+00,7.178053820043e+00,8.733393434233e-02
-4.868662695765e+00,8.310383202844e+00,7.842320623764e-02
-4.868477045965e+00,8.132445720061e+00,8.076501003206e-02
-4.868471485578e+00,5.746890663293e+00,9.096542975710e-02
-4.868418029549e+00,2.832682685581e+00,9.345103404369e-02
-4.868381516245e+00,4.049365569362e+00,9.276825045826e-02
-4.868373653081e+00,8.487510751892e+00,7.533124009605e-02
-4.868321998116e+00,6.347978219778e+00,8.984511535005e-02
-4.868125247721e+00,9.157036419963e+00,3.996831488271e-02
-4.867994089358e+00,6.002499419359e+00,9.053740348918e-02
-4.867862938389e+00,3.275542137073e+00,9.324141513215e-02
-4.867801650093e+00,1.152021813770e+00,9.355431763160e-02
-4.867773561815e+00,4.675934532413e+00,9.225843158812e-02
-4.867694783895e+00,8.222125790950e+00,7.966946665714e-02
-4.867272120664e+00,5.037732842662e+00,9.189428475183e-02
-4.867112763555e+00,8.576370589783e+00,7.338185357323e-02
-4.866959047823e+00,8.955386561848e+00,5.867757380389e-02
-4.866749983054e+00,1.664675235214e+00,9.355354611740e-02
-4.866653854870e+00,6.875876306441e+00,8.843678791148e-02
-4.866511702593e+00,4.807826786301e+00,9.213373025391e-02
-4.866297700105e+00,1.424199911640e+00,9.355309241612e-02
-4.866192565916e+00,5.793192499958e+00,9.089551705730e-02
-4.865855530358e+00,4.544528126918e+00,9.237898325095e-02
-4.865839243493e+00,7.096241254963e+00,8.766659577279e-02
-4.865776577699e+00,2.117105976299e+00,9.355282821274e-02
-4.865750036984e+00,2.507061758713e+00,9.355292339799e-02
-4.865521067110e+00,3.654504028728e+00,9.303047956783e-02
-4.865472270458e+00,3.539286038635e+00,9.309876523282e-02
-4.865279729313e+00,3.967632737234e+00,9.282828918449e-02
-4.865245676546e+00,2.686643112687e+00,9.351451449068e-02
-4.865125490352e+00,1.907106431729e+00,9.355220855859e-02
-4.865105059468e+00,8.665420913339e+00,7.106173374484e-02
-4.865081444641e+00,6.223778580617e+00,9.011646213324e-02
-4.864894210031e+00,4.988885821455e+00,9.194984522055e-02
-4.864542660852e+00,5.308277630495e+00,9.158206994324e-02
-4.864515789898e+00,5.347223260523e+00,9.153323221482e-02
-4.864427765161e+00,7.665150885173e+00,8.483277872494e-02
-4.864377645112e+00,5.270081536115e+00,9.162927758734e-02
-4.864369151233e+00,6.052333811673e+00,9.045214404043e-02
-4.864362184114e+00,7.578496114299e+00,8.537194223919e-02
-4.864323635664e+00,2.328606137998e+00,9.355162473257e-02
-4.864291705084e+00,5.386912564434e+00,9.148263565389e-02
-4.864120843992e+00,3.770147358700e+00,9.295994574335e-02
-4.864083022501e+00,1.185797244340e+00,9.355107496230e-02
-4.864023320373e+00,6.530732517408e+00,8.942195413049e-02
-4.864021980943e+00,3.424532376561e+00,9.316480521884e-02
-4.863971641888e+00,7.752604568676e+00,8.423852572491e-02
-4.863935914020e+00,3.014196649796e+00,9.337325699238e-02
-4.863865115425e+00,5.427339647137e+00,9.143035396070e-02
-4.863780876907e+00,7.492650550084e+00,8.586318483732e-02
-4.863692633690e+00,6.662574036954e+00,8.907697059638e-02
-4.863664305819e+00,5.840176609186e+00,9.082309103485e-02
-4.863483850262e+00,3.161890935487e+00,9.330265827554e-02
-4.863230766326e+00,5.468498580415e+00,9.137631876170e-02
-4.862987899353e+00,7.840846832765e+00,8.358052819974e-02
-4.862869605006e+00,6.401970729083e+00,8.973319353633e-02
-4.862689884583e+00,7.407624448264e+00,8.631249285304e-02
-4.862664014104e+00,2.867261486380e+00,9.344060721918e-02
-4.862593402851e+00,1.698712473124e+00,9.354991843216e-02
-4.862383439752e+00,5.510383403150e+00,9.132045797822e-02
-4.862364362856e+00,1.458111122688e+00,9.354965493231e-02
-4.862356280985e+00,7.015297774752e+00,8.797536743612e-02
-4.862348654857e+00,8.754656537577e+00,6.825466689492e-02
-4.862259555889e+00,4.248575359985e+00,9.262623588430e-02
-4.862070578148e+00,4.331037960247e+00,9.256149322469e-02
-4.861987196874e+00,4.940114560311e+00,9.200462071812e-02
-4.861838807350e+00,9.045207400583e+00,5.237480051798e-02
-4.861832931875e+00,6.797429711091e+00,8.869277620219e-02
-4.861758179422e+00,4.759332363431e+00,9.218602764526e-02
-4.861730476834e+00,4.627670986828e+00,9.230906641098e-02
-4.861470686283e+00,7.929867307600e+00,8.284824244986e-02
-4.861428873934e+00,4.166327087398e+00,9.268938259069e-02
-4.861383531829e+00,9.247239318654e+00,2.510077355826e-02
-4.861317954440e+00,5.552988121525e+00,9.126269554955e-02
-4.861224993557e+00,3.886175865355e+00,9.288716502768e-02
-4.861218617520e+00,3.310280835274e+00,9.322880062597e-02
-4.861116240047e+00,2.151358848720e+00,9.354875893079e-02
-4.861095311109e+00,7.323428025730e+00,8.672445574584e-02
-4.860881791348e+00,5.887836770183e+00,9.074803434721e-02
-4.860842479703e+00,4.413695802417e+00,9.249552489243e-02
-4.860716629238e+00,1.941255113504e+00,9.354835272942e-02
-4.860548551658e+00,2.541491050210e+00,9.354838164396e-02
-4.860469833639e+00,6.102818059972e+00,9.036362492862e-02
-4.860343172959e+00,1.219569758550e+00,9.354781022182e-02
-4.860276902193e+00,6.276353677215e+00,9.001518943161e-02
-4.860029166111e+00,5.596306709216e+00,9.120280558378e-02
-4.859759252282e+00,2.721145965845e+00,9.350480853676e-02
-4.859598290225e+00,4.084311901710e+00,9.275135213863e-02
-4.859414215161e+00,8.019655586010e+00,8.202852727921e-02
-4.859388009111e+00,2.362948731088e+00,9.354730698481e-02
-4.859003323145e+00,7.240071460160e+00,8.710353413062e-02
-4.858841696652e+00,8.844072263645e+00,6.479023118700e-02
-4.858556101434e+00,4.496529478720e+00,9.242792333421e-02
-4.858555662022e+00,4.891424067031e+00,9.205854712593e-02
-4.858511967636e+00,5.640333107626e+00,9.114082690305e-02
-4.858411562283e+00,1.732743851053e+00,9.354626429629e-02
-4.858407754662e+00,1.492017971454e+00,9.354619316824e-02
-4.858400410927e+00,6.935233400450e+00,8.826266752736e-02
-4.858208756782e+00,3.574095590566e+00,9.308471621385e-02
-4.857952865133e+00,3.689346239888e+00,9.301586139245e-02
-4.857861969857e+00,3.048822171732e+00,9.336197282577e-02
-4.857840146840e+00,5.936166731221e+00,9.067022214761e-02
-4.857774478082e+00,1.562500050003e-02,9.356797871571e-02
-4.857731751954e+00,4.687500150008e-02,9.356523424602e-02
-4.857689025826e+00,7.812500250013e-02,9.356266029678e-02
-4.857646299698e+00,1.093750035002e-01,9.356025767651e-02
-4.857603573571e+00,1.406250045003e-01,9.355802714240e-02
-4.857588283593e+00,6.586707110736e+00,8.929236414640e-02
-4.857560847443e+00,1.718750055004e-01,9.355596939958e-02
-4.857518121315e+00,2.031250065004e-01,9.355408510040e-02
-4.857475395187e+00,2.343750075005e-01,9.355237484378e-02
-4.857432669060e+00,2.656250085006e-01,9.355083917459e-02
-4.857389942932e+00,2.968750095005e-01,9.354947858317e-02
-4.857347216804e+00,3.281250105004e-01,9.354829350476e-02
-4.857304490676e+00,3.593750115004e-01,9.354728431910e-02
-4.857261764549e+00,3.906250125003e-01,9.354645135003e-02
-4.857219038421e+00,4.218750135002e-01,9.354579486518e-02
-4.857176312293e+00,4.531250145001e-01,9.354531507567e-02
-4.857133586165e+00,4.843750155000e-01,9.354501213593e-02
-4.857116305201e+00,5.219641113824e+00,9.169874664364e-02
-4.857113477001e+00,6.456572330453e+00,8.961656150678e-02
-4.857111463133e+00,3.196567993007e+00,9.329060863590e-02
-4.857052998151e+00,3.459299910451e+00,9.315141063797e-02
-4.857047963319e+00,5.156250165000e-01,9.354484849300e-02
-4.856919443755e+00,5.468750175001e-01,9.354473568810e-02
-4.856874113979e+00,2.901823873210e+00,9.343001269415e-02
-4.856812762549e+00,8.110201223788e+00,8.110146129051e-02
-4.856790924191e+00,5.781250185002e-01,9.354462287848e-02
-4.856787854577e+00,4.002548231185e+00,9.281184898977e-02
-4.856761289161e+00,5.685061226164e+00,9.107669344572e-02
-4.856662404627e+00,6.093750195002e-01,9.354451006412e-02
-4.856661291569e+00,5.170603919931e+00,9.175696979562e-02
-4.856582119631e+00,1.253339227154e+00,9.354452334890e-02
-4.856557902379e+00,6.719890986055e+00,8.893235368670e-02
-4.856533885063e+00,6.406250205003e-01,9.354439724505e-02
-4.856497159019e+00,4.710936866121e+00,9.223751789720e-02
-4.856426886135e+00,2.185602517497e+00,9.354465876909e-02
-4.856420149769e+00,7.157564889690e+00,8.745380068997e-02
-4.856405365499e+00,6.718750215004e-01,9.354428442124e-02
-4.856291420506e+00,6.153945787064e+00,9.027167911104e-02
-4.856280607739e+00,1.975396260904e+00,9.354446821720e-02
-4.856276845935e+00,7.031250225005e-01,9.354417159270e-02
-4.856238034715e+00,3.805012581440e+00,9.294463449847e-02
-4.856148326371e+00,7.343750235006e-01,9.354405875944e-02
-4.856019806808e+00,7.656250245005e-01,9.354394592144e-02
-4.855962356794e+00,9.135192140035e+00,4.366247336468e-02
-4.855891287244e+00,7.968750255004e-01,9.354383307872e-02
-4.855878824639e+00,8.377497156919e+00,7.749202511433e-02
-4.855762767680e+00,8.281250265003e-01,9.354372023127e-02
-4.855660864022e+00,5.121623659531e+00,9.181433838087e-02
-4.855634248116e+00,8.593750275002e-01,9.354360737908e-02
-4.855547265777e+00,8.289097971343e+00,7.885736313460e-02
-4.855505728552e+00,8.906250285002e-01,9.354349452217e-02
-4.855467752191e+00,8.466097668870e+00,7.591356582283e-02
-4.855377208988e+00,9.218750295001e-01,9.354338166052e-02
-4.855314533780e+00,2.575907567335e+00,9.354380452567e-02
-4.855248689424e+00,9.531250305001e-01,9.354326879414e-02
-4.855192591234e+00,4.579519263696e+00,9.235900429232e-02
-4.855178516989e+00,6.329551921799e+00,8.990980808973e-02
-4.855120169860e+00,9.843750315000e-01,9.354315592303e-02
-4.854772098363e+00,5.730484942394e+00,9.101030998288e-02
-4.854604226086e+00,4.842819311219e+00,9.211183744644e-02
-4.854582364851e+00,8.933662878981e+00,6.040801497748e-02
-4.854534535004e+00,5.985160209936e+00,9.058952146801e-02
-4.854533777037e+00,3.344997286613e+00,9.321595879098e-02
-4.854475061850e+00,8.200905253042e+00,8.004961348236e-02
-4.854427902533e+00,1.525920316247e+00,9.354270705702e-02
-4.854421599033e+00,2.397280306416e+00,9.354295609580e-02
-4.854312094701e+00,8.554894351893e+00,7.406824415460e-02
-4.854238626833e+00,2.755634172008e+00,9.349493850857e-02
-4.854204497522e+00,1.766769215215e+00,9.354258363605e-02
-4.854119451223e+00,5.072705480050e+00,9.187083226280e-02
-4.853978104654e+00,6.856058112156e+00,8.853060193313e-02
-4.853881912093e+00,9.337595071799e+00,6.608629110217e-06
-4.853352082233e+00,7.075918412562e+00,8.777833823411e-02
-4.853253246552e+00,1.016810129234e+00,9.354152057190e-02
-4.853017903471e+00,3.921054168911e+00,9.287116232320e-02
-4.852821346657e+00,4.283523650351e+00,9.260802081689e-02
-4.852799881465e+00,1.287105521030e+00,9.354121428217e-02
-4.852539400687e+00,5.776598102207e+00,9.094157554336e-02
-4.852409930953e+00,8.643882036535e+00,7.188261486625e-02
-4.852407586001e+00,7.643688023248e+00,8.502308017917e-02
-4.852320697786e+00,4.365995268041e+00,9.254283829873e-02
-4.852296145977e+00,4.201259602983e+00,9.267176244259e-02
-4.852273029079e+00,7.557192866603e+00,8.554589481852e-02
-4.852041522662e+00,5.023854491931e+00,9.192665847447e-02
-4.852021179832e+00,7.730983183742e+00,8.444763779771e-02
-4.851829234932e+00,6.205710585982e+00,9.017612364779e-02
-4.851817472248e+00,2.009529708637e+00,9.354055494063e-02
-4.851750636544e+00,3.083429194420e+00,9.335050751871e-02
-4.851708572571e+00,2.219836806026e+00,9.354052763739e-02
-4.851623492305e+00,7.471508004375e+00,8.602284100043e-02
-4.851107890539e+00,7.819068019486e+00,8.381142855432e-02
-4.851049145448e+00,6.511776463649e+00,8.949494442437e-02
-4.851048429839e+00,2.936369627751e+00,9.341925017250e-02
-4.850960157179e+00,6.034810893481e+00,9.050579054226e-02
-4.850901851784e+00,3.608878851393e+00,9.307048529823e-02
-4.850835415733e+00,6.643269990230e+00,8.915700576187e-02
-4.850774854902e+00,4.448655252194e+00,9.247628784822e-02
-4.850764738946e+00,4.119222005300e+00,9.273415404396e-02
-4.850733408731e+00,4.662645119012e+00,9.228840308001e-02
-4.850700152648e+00,3.231224596818e+00,9.327838594172e-02
-4.850465021784e+00,7.386643688808e+00,8.645957713900e-02
-4.850440615296e+00,5.332559296172e+00,9.156913561965e-02
-4.850430282166e+00,5.293811969264e+00,9.161722380356e-02
-4.850424834338e+00,1.559818015548e+00,9.353919653161e-02
-4.850339852752e+00,3.724160167770e+00,9.300100937948e-02
-4.850254656425e+00,5.372051240555e+00,9.151932559100e-02
-4.850228988586e+00,5.255815117291e+00,9.166370585703e-02
-4.850137549016e+00,4.794305224151e+00,9.216449662084e-02
-4.850058239482e+00,5.823394520092e+00,9.087038296135e-02
-4.850048061788e+00,2.610311112102e+00,9.353919193185e-02
-4.850042100335e+00,3.494043083680e+00,9.313783842189e-02
-4.849972245674e+00,1.800788412043e+00,9.353887637743e-02
-4.849867110160e+00,5.412281911608e+00,9.146786255742e-02
-4.849805473705e+00,6.995142086769e+00,8.807980958647e-02
-4.849781735623e+00,6.383366815422e+00,8.980008954998e-02
-4.849759372457e+00,8.733055539314e+00,6.925358522846e-02
-4.849661861744e+00,7.907932164057e+00,8.310456609744e-02
-4.849638393230e+00,1.050429279742e+00,9.353835185615e-02
-4.849568872597e+00,9.023423157516e+00,5.468918181958e-02
-4.849431588340e+00,4.975075768357e+00,9.198182169497e-02
-4.849424473127e+00,2.431600676636e+00,9.353857196553e-02
-4.849327977776e+00,9.225335526642e+00,3.083623748953e-02
-4.849272717477e+00,5.453245385377e+00,9.141467993039e-02
-4.849095894614e+00,6.777781848756e+00,8.878101271737e-02
-4.848996478194e+00,1.320868511177e+00,9.353788296019e-02
-4.848803726525e+00,7.302610133278e+00,8.686009984918e-02
-4.848683890071e+00,2.790107523070e+00,9.348490411995e-02
-4.848466255899e+00,5.494935704990e+00,9.135970754018e-02
-4.848309054904e+00,3.839847468490e+00,9.292913703602e-02
-4.848247062817e+00,4.037429407268e+00,9.279521847594e-02
-4.848164777549e+00,4.531484078584e+00,9.240818591273e-02
-4.847808553235e+00,3.379691244635e+00,9.320293974168e-02
-4.847677300801e+00,7.997565213679e+00,8.231492700185e-02
-4.847442539694e+00,5.537346880852e+00,9.130287136927e-02
-4.847327270175e+00,2.043655291671e+00,9.353661281810e-02
-4.847323696204e+00,5.870867979331e+00,9.079661838267e-02
-4.847112253593e+00,6.085112438680e+00,9.041887806260e-02
-4.847078639367e+00,6.258106020205e+00,9.007673371855e-02
-4.846961357048e+00,2.254061538031e+00,9.353636544497e-02
-4.846645778218e+00,7.219417511929e+00,8.722937551473e-02
-4.846398578808e+00,1.593710928008e+00,9.353566152480e-02
-4.846358563615e+00,8.822409662868e+00,6.603177443435e-02
-4.846294198460e+00,4.926374344978e+00,9.203618797269e-02
-4.846196420097e+00,5.580472890841e+00,9.124392734566e-02
-4.846004493903e+00,1.084046284330e+00,9.353516299462e-02
-4.845786739015e+00,6.915245929723e+00,8.836052624031e-02
-4.845714844781e+00,1.834801288198e+00,9.353514244621e-02
-4.845602027483e+00,3.118017490408e+00,9.333882096205e-02
-4.845187063674e+00,2.970898532317e+00,9.340831937618e-02
-4.845171930339e+00,1.354628068712e+00,9.353452932141e-02
-4.845160329887e+00,4.745886698388e+00,9.221639905175e-02
-4.845148479133e+00,8.087956727515e+00,8.142480458362e-02
-4.844763343411e+00,3.955900025607e+00,9.285494175290e-02
-4.844749215315e+00,2.644701487038e+00,9.353453935744e-02
-4.844722785474e+00,5.624307680543e+00,9.118295793410e-02
-4.844672181755e+00,6.567576540205e+00,8.936804558124e-02
-4.844471734182e+00,4.614461907220e+00,9.233868830201e-02
-4.844396700237e+00,2.465909654805e+00,9.353415449336e-02
-4.844330890570e+00,5.919012232248e+00,9.072016072528e-02
-4.844250044148e+00,3.265860510152e+00,9.326599003147e-02
-4.844082044620e+00,6.437791830254e+00,8.968578788421e-02
-4.843997410952e+00,7.137075959338e+00,8.757089053278e-02
-4.843799465867e+00,9.113347860106e+00,4.691438128666e-02
-4.843760374240e+00,6.700414507481e+00,8.901551788602e-02
-4.843551716455e+00,3.643635557228e+00,9.305607252391e-02
-4.843330360869e+00,4.318431450930e+00,9.258960045485e-02
-4.843111957625e+00,4.236153625525e+00,9.265394837031e-02
-4.843095133126e+00,2.824565811504e+00,9.347470509900e-02
-4.843016561447e+00,5.668845163527e+00,9.111987860542e-02
-4.842989436688e+00,3.528761641340e+00,9.312405486135e-02
-4.842986103480e+00,6.136058472309e+00,9.032859833963e-02
-4.842868002536e+00,8.356147743201e+00,7.796861313653e-02
-4.842830082425e+00,5.205505173123e+00,9.173242162091e-02
-4.842810049937e+00,2.077772845251e+00,9.353264176764e-02
-4.842682203127e+00,3.758945539874e+00,9.298591029665e-02
-4.842633943203e+00,4.877755219532e+00,9.208973437993e-02
-4.842561851302e+00,8.444684585847e+00,7.646639786615e-02
-4.842516765909e+00,4.400910051823e+00,9.252398545278e-02
-4.842431835789e+00,8.267812739842e+00,7.927238627518e-02
-4.842351561999e+00,1.117661027008e+00,9.353195393112e-02
-4.842349165541e+00,1.627598912435e+00,9.353210196924e-02
-4.842205681879e+00,8.911939196114e+00,6.199224762626e-02
-4.842185298323e+00,2.288276537606e+00,9.353217210066e-02
-4.842136551984e+00,5.156530016859e+00,9.179022223927e-02
-4.842069732396e+00,8.179096228078e+00,8.041521319043e-02
-4.842035035862e+00,6.311125623820e+00,8.997335310502e-02
-4.841933985392e+00,9.315632293909e+00,1.008858347380e-02
-4.841881084078e+00,4.154095574182e+00,9.271676079873e-02
-4.841511425847e+00,8.533418114004e+00,7.471705932451e-02
-4.841432333817e+00,1.868807690586e+00,9.353138176789e-02
-4.841326259201e+00,1.388384064898e+00,9.353115133920e-02
-4.841302354439e+00,6.836239917871e+00,8.862250404313e-02
-4.841074980650e+00,5.967821000513e+00,9.064088108875e-02
-4.841072711147e+00,5.714079221495e+00,9.105459682877e-02
-4.841043083902e+00,3.414362463721e+00,9.318974335334e-02
-4.840899216577e+00,5.107613373894e+00,9.184716946577e-02
-4.840864920972e+00,7.055595570160e+00,8.788758390234e-02
-4.840651945674e+00,4.483570106801e+00,9.245679267981e-02
-4.840387406839e+00,7.622225161322e+00,8.520779610448e-02
-4.840334090235e+00,3.874651739123e+00,9.291345364029e-02
-4.840183874044e+00,7.535889618908e+00,8.571496392791e-02
-4.840070717776e+00,7.709361798808e+00,8.465032083923e-02
-4.839714802438e+00,8.622343159732e+00,7.265459694448e-02
-4.839677306635e+00,4.697568587443e+00,9.226753296433e-02
-4.839657563998e+00,4.072275968124e+00,9.277839818665e-02
-4.839466107704e+00,7.450365458666e+00,8.617820270580e-02
-4.839418075182e+00,2.679078495186e+00,9.352984264573e-02
-4.839416257447e+00,3.152586832960e+00,9.332696194959e-02
-4.839338350334e+00,2.500207054428e+00,9.352970357810e-02
-4.839290118790e+00,3.005410369855e+00,9.339722004675e-02
-4.839227881727e+00,7.797289206206e+00,8.403487759861e-02
-4.839122514460e+00,5.058760381824e+00,9.190325863829e-02
-4.838886235459e+00,5.760003704457e+00,9.098701453398e-02
-4.838679611653e+00,1.151273391844e+00,9.352872460942e-02
-4.838577025223e+00,6.187642591347e+00,9.023476992229e-02
-4.838455452469e+00,4.829223351507e+00,9.214265128916e-02
-4.838276624988e+00,1.661481827840e+00,9.352851779737e-02
-4.838265860954e+00,2.111882204919e+00,9.352864170692e-02
-4.838240158985e+00,7.365662929351e+00,8.660255564159e-02
-4.838074970522e+00,6.492820409889e+00,8.956663812506e-02
-4.837978197777e+00,6.623965943505e+00,8.923554419924e-02
-4.837853037205e+00,7.885997020513e+00,8.335218769489e-02
-4.837761264396e+00,3.300475497042e+00,9.325342077690e-02
-4.837716979057e+00,4.566391975945e+00,9.238824684810e-02
-4.837551163126e+00,6.017287975288e+00,9.055864210710e-02
-4.837472448394e+00,2.859008830334e+00,9.346430198682e-02
-4.837459486869e+00,1.422136371113e+00,9.352774373096e-02
-4.837380456224e+00,2.322481629216e+00,9.352794422959e-02
-4.837298937843e+00,9.001638914449e+00,5.677983132539e-02
-4.837272423723e+00,9.203431734630e+00,3.573530667953e-02
-4.837254666426e+00,6.974986398786e+00,8.818199829873e-02
-4.837170090058e+00,8.711454541052e+00,7.018723525095e-02
-4.837124752682e+00,1.902807466367e+00,9.352759426771e-02
-4.836810924659e+00,5.009976141200e+00,9.195868709596e-02
-4.836693866240e+00,6.364762901761e+00,8.986576241708e-02
-4.836512141941e+00,7.281792240827e+00,8.699239634153e-02
-4.836461511949e+00,3.990713146817e+00,9.283853060943e-02
-4.836452173145e+00,5.806612430999e+00,9.091702767766e-02
-4.836365440696e+00,5.317895331821e+00,9.160463165337e-02
-4.836358857352e+00,6.758133986422e+00,8.886750866506e-02
-4.836317903481e+00,5.279346308033e+00,9.165198479050e-02
-4.836217607766e+00,5.357189916676e+00,9.155559268091e-02
-4.836158513372e+00,3.678365445204e+00,9.304147798539e-02
-4.836080332059e+00,5.241548698467e+00,9.169775520589e-02
-4.835940386441e+00,7.975474841347e+00,8.259090805507e-02
-4.835895157932e+00,3.563455329466e+00,9.311002868141e-02
-4.835869104894e+00,5.397224176079e+00,9.150493200015e-02
-4.835314668629e+00,5.437992190340e+00,9.145258475127e-02
-4.834988657705e+00,1.184883263020e+00,9.352547497326e-02
-4.834980091045e+00,3.793702084801e+00,9.297062497987e-02
-4.834549072046e+00,5.479488006830e+00,9.139848261250e-02
-4.834288233291e+00,7.198763563699e+00,8.735222674972e-02
-4.834249494515e+00,2.534492689462e+00,9.352521911793e-02
-4.834237508310e+00,3.449010699120e+00,9.317636954181e-02
-4.834180988457e+00,1.695359533438e+00,9.352490894148e-02
-4.834054723421e+00,2.713441940052e+00,9.352511012654e-02
-4.833968966648e+00,4.961265715259e+00,9.201345945426e-02
-4.833880376541e+00,6.239858363195e+00,9.013725026574e-02
-4.833876544367e+00,4.271008842195e+00,9.263581661564e-02
-4.833875430579e+00,8.800747062091e+00,6.718347869004e-02
-4.833786846159e+00,4.353298440970e+00,9.257098131995e-02
-4.833765601060e+00,5.853899188478e+00,9.084452576996e-02
-4.833763395438e+00,4.780783662002e+00,9.219494357970e-02
-4.833754673547e+00,6.067406817388e+00,9.047327369409e-02
-4.833694753648e+00,2.145983206519e+00,9.352461255328e-02
-4.833693255647e+00,4.649355705612e+00,9.231806803550e-02
-4.833571636217e+00,1.455884858855e+00,9.352431360516e-02
-4.833567124948e+00,5.521705640179e+00,9.134253621186e-02
-4.833484195717e+00,8.065712231242e+00,8.173578328269e-02
-4.833357699827e+00,3.039904923920e+00,9.338595194715e-02
-4.833193442583e+00,3.187136996059e+00,9.331493025568e-02
-4.833173067103e+00,6.895258458996e+00,8.845634422722e-02
-4.832947549103e+00,4.188932303828e+00,9.269917305181e-02
-4.832792142220e+00,1.936800462906e+00,9.352377213471e-02
-4.832659042594e+00,4.435781983078e+00,9.250482978308e-02
-4.832546891642e+00,2.356676637701e+00,9.352367650912e-02
-4.832363674083e+00,5.564639072466e+00,9.128453603545e-02
-4.832313328076e+00,3.909425113769e+00,9.289753408364e-02
-4.831815929534e+00,2.893436373136e+00,9.345372263901e-02
-4.831756079918e+00,6.548445969674e+00,8.944235440335e-02
-4.831636574940e+00,9.091503580178e+00,4.979889429454e-02
-4.831574672134e+00,7.116587028985e+00,8.768529856824e-02
-4.831278715697e+00,1.218490524822e+00,9.352220496631e-02
-4.831233941597e+00,3.335069322283e+00,9.324063312531e-02
-4.831050612240e+00,6.419011330054e+00,8.975372582093e-02
-4.831019569930e+00,4.107087617631e+00,9.276123620656e-02
-4.830962846101e+00,6.680938028907e+00,8.909709296228e-02
-4.830933603312e+00,5.608282253461e+00,9.122455451997e-02
-4.830821634300e+00,5.901857733275e+00,9.076939135779e-02
-4.830601200045e+00,4.912634129646e+00,9.206742342607e-02
-4.830478795531e+00,8.156698716058e+00,8.076711290947e-02
-4.830474024740e+00,4.518440030249e+00,9.243709467525e-02
-4.830062288115e+00,1.729231888619e+00,9.352127533371e-02
-4.829986058691e+00,9.293669516019e+00,1.829499575843e-02
-4.829857180433e+00,8.334798329483e+00,7.842324819450e-02
-4.829828998907e+00,8.890215513247e+00,6.344801404248e-02
-4.829680786454e+00,6.118171157554e+00,9.038459719152e-02
-4.829662730901e+00,1.489629399770e+00,9.352086090029e-02
-4.829655950412e+00,8.423271502825e+00,7.699191047628e-02
-4.829316405801e+00,8.246527508341e+00,7.966950567695e-02
-4.829271833733e+00,5.652629100889e+00,9.116250670312e-02
-4.829130205018e+00,2.568766374278e+00,9.352070101045e-02
-4.829096779435e+00,2.180075686226e+00,9.352055422368e-02
-4.828891554734e+00,6.292699325842e+00,9.003584187346e-02
-4.828759416357e+00,3.598123894982e+00,9.309582079583e-02
-4.828722406710e+00,3.713068253445e+00,9.302670183749e-02
-4.828710756993e+00,8.511941876114e+00,7.533128883900e-02
-4.828659243272e+00,2.747791625619e+00,9.351832845577e-02
-4.828626604224e+00,6.816421723586e+00,8.871255216798e-02
-4.828562480352e+00,4.732441033345e+00,9.224645789990e-02
-4.828543859649e+00,5.191369232422e+00,9.176573115517e-02
-4.828434544202e+00,1.970786527821e+00,9.351992017119e-02
-4.828377759711e+00,7.035272727759e+00,8.799441512408e-02
-4.828367227679e+00,7.600762299397e+00,8.538716602491e-02
-4.828235487813e+00,1.562500050003e-02,9.354228846547e-02
-4.828197788289e+00,4.687500150008e-02,9.353950545353e-02
-4.828160088764e+00,7.812500250013e-02,9.353689559898e-02
-4.828122389240e+00,1.093750035002e-01,9.353445973316e-02
-4.828120255719e+00,7.687740413874e+00,8.484686316179e-02
-4.828112609388e+00,4.025493245173e+00,9.282192933315e-02
-4.828094719010e+00,7.514586371213e+00,8.587935020036e-02
-4.828084689715e+00,1.406250045003e-01,9.353219863456e-02
-4.828046990191e+00,1.718750055004e-01,9.353011302810e-02
-4.828009290666e+00,2.031250065004e-01,9.352820358430e-02
-4.827971591142e+00,2.343750075005e-01,9.352647091872e-02
-4.827933891617e+00,2.656250085006e-01,9.352491559121e-02
-4.827896192093e+00,2.968750095005e-01,9.352353810546e-02
-4.827858492568e+00,3.281250105004e-01,9.352233890839e-02
-4.827820793044e+00,3.593750115004e-01,9.352131838976e-02
-4.827783093519e+00,3.906250125003e-01,9.352047688172e-02
-4.827745393995e+00,4.218750135002e-01,9.351981465851e-02
-4.827707694470e+00,4.531250145001e-01,9.351933193614e-02
-4.827684666537e+00,2.390861388270e+00,9.351937735968e-02
-4.827669994946e+00,4.843750155000e-01,9.351902887220e-02
-4.827615426297e+00,5.950481791090e+00,9.069149945952e-02
-4.827611812399e+00,5.142456113787e+00,9.182311599112e-02
-4.827594445376e+00,5.156250165000e-01,9.351887202258e-02
-4.827549801880e+00,1.252095061608e+00,9.351891453224e-02
-4.827481045760e+00,5.468750175001e-01,9.351877152417e-02
-4.827391967231e+00,3.483635706912e+00,9.316281826639e-02
-4.827389912749e+00,3.074381978697e+00,9.337451486339e-02
-4.827373323932e+00,5.697673500596e+00,9.109830266053e-02
-4.827367646145e+00,5.781250185002e-01,9.351867102202e-02
-4.827347872914e+00,7.775510392927e+00,8.425122548847e-02
-4.827308723102e+00,7.429222912957e+00,8.632943928583e-02
-4.827254246530e+00,6.093750195002e-01,9.351857051611e-02
-4.827233692942e+00,3.828429532230e+00,9.295515363215e-02
-4.827212991529e+00,4.601252827612e+00,9.236800931279e-02
-4.827140846915e+00,6.406250205003e-01,9.351847000645e-02
-4.827027447299e+00,6.718750215004e-01,9.351836949304e-02
-4.827019673922e+00,8.600804282929e+00,7.338190623004e-02
-4.826933700431e+00,3.221667754359e+00,9.330272568320e-02
-4.826914047684e+00,7.031250225005e-01,9.351826897588e-02
-4.826800648069e+00,7.343750235006e-01,9.351816845497e-02
-4.826712224384e+00,4.864086372034e+00,9.212059593655e-02
-4.826687248454e+00,7.656250245005e-01,9.351806793031e-02
-4.826573848838e+00,7.968750255004e-01,9.351796740189e-02
-4.826460449223e+00,8.281250265003e-01,9.351786686972e-02
-4.826347049608e+00,8.593750275002e-01,9.351776633379e-02
-4.826233649993e+00,8.906250285002e-01,9.351766579412e-02
-4.826137569132e+00,5.093603088258e+00,9.187964872677e-02
-4.826125671461e+00,2.927848234064e+00,9.344297547220e-02
-4.826120250377e+00,9.218750295001e-01,9.351756525069e-02
-4.826044212666e+00,7.864061876970e+00,8.359153667848e-02
-4.826015296185e+00,7.344682169894e+00,8.674183962030e-02
-4.826006850762e+00,9.531250305001e-01,9.351746470350e-02
-4.825920556988e+00,1.763098752969e+00,9.351761690599e-02
-4.825893451147e+00,9.843750315000e-01,9.351736415256e-02
-4.825732795358e+00,1.523369865661e+00,9.351738555472e-02
-4.825324815514e+00,6.169574596712e+00,9.029249968591e-02
-4.825233070230e+00,5.743409306706e+00,9.103184712332e-02
-4.825216869670e+00,9.181527942617e+00,3.996839074715e-02
-4.825120979821e+00,6.604661896780e+00,8.931262786494e-02
-4.825100795597e+00,6.473864356129e+00,8.963698948368e-02
-4.825029003090e+00,8.979854671382e+00,5.867764657952e-02
-4.824703859147e+00,6.954830710803e+00,8.828200552321e-02
-4.824668205395e+00,3.369641751442e+00,9.322763424699e-02
-4.824590143590e+00,4.305824941612e+00,9.261743154945e-02
-4.824580807659e+00,8.689853542789e+00,7.106179069469e-02
-4.824471990730e+00,2.214159480518e+00,9.351646663475e-02
-4.824246957509e+00,3.944167313979e+00,9.288134209057e-02
-4.824220557357e+00,7.260974348375e+00,8.712146640764e-02
-4.824203472081e+00,7.953384469015e+00,8.285717318419e-02
-4.824191052115e+00,4.388124301230e+00,9.255216445612e-02
-4.824142169073e+00,5.999765057096e+00,9.061071116625e-02
-4.824125577698e+00,5.044815283597e+00,9.193533966277e-02
-4.824052001313e+00,2.004765509041e+00,9.351604115218e-02
-4.824042887759e+00,1.016726742284e+00,9.351572756227e-02
-4.823980555221e+00,2.603027923662e+00,9.351614915268e-02
-4.823964359360e+00,4.223731891065e+00,9.268139156392e-02
-4.823801933207e+00,1.285696757847e+00,9.351560361465e-02
-4.823621820091e+00,6.738486124087e+00,8.895231524140e-02
-4.823605996856e+00,6.346158988100e+00,8.993033282456e-02
-4.823231719165e+00,2.782127356394e+00,9.350830775105e-02
-4.822857454250e+00,4.684200308764e+00,9.229724121172e-02
-4.822846106807e+00,5.789830341905e+00,9.096303906166e-02
-4.822793843937e+00,2.425035706497e+00,9.351504668881e-02
-4.822747789914e+00,4.470610734883e+00,9.248537352116e-02
-4.822333294222e+00,4.141864060966e+00,9.274387488372e-02
-4.822306678852e+00,4.815627391794e+00,9.217314543598e-02
-4.822290266094e+00,5.303231367470e+00,9.163972782083e-02
-4.822205524795e+00,5.264880646802e+00,9.168636005519e-02
-4.822180559108e+00,5.342328592798e+00,9.159144481249e-02
-4.821931675533e+00,5.227282279643e+00,9.173143244634e-02
-4.821930688364e+00,7.178109615469e+00,8.747219228931e-02
-4.821871099629e+00,5.382166440550e+00,9.154157058723e-02
-4.821819912300e+00,8.043467734969e+00,8.203505896782e-02
-4.821781854803e+00,1.557106128489e+00,9.351388750674e-02
-4.821755828955e+00,1.796959986276e+00,9.351393359011e-02
-4.821582365800e+00,3.632767085728e+00,9.308143123568e-02
-4.821580326656e+00,4.996097790468e+00,9.199037673207e-02
-4.821392297542e+00,8.779084461314e+00,6.825472851099e-02
-4.821386864827e+00,3.108841319028e+00,9.336289447769e-02
-4.821356619781e+00,5.422738995303e+00,9.149004195967e-02
-4.821243562261e+00,3.747743721048e+00,9.301163406825e-02
-4.820682113715e+00,6.221610706184e+00,9.019680294601e-02
-4.820637149908e+00,3.256178883230e+00,9.329034806569e-02
-4.820631888193e+00,5.464040308670e+00,9.143679239726e-02
-4.820559395191e+00,6.875270988270e+00,8.855018463756e-02
-4.820506602918e+00,3.518237244045e+00,9.314908953285e-02
-4.820446755066e+00,1.050179241713e+00,9.351254487952e-02
-4.820401770335e+00,2.962244207873e+00,9.343206020497e-02
-4.820397093502e+00,6.049701196096e+00,9.052681602368e-02
-4.820241366879e+00,4.553264688194e+00,9.241719522819e-02
-4.820207505916e+00,5.836930397625e+00,9.089177123118e-02
-4.820035127336e+00,1.319295498118e+00,9.351227215709e-02
-4.819820440951e+00,2.248234426176e+00,9.351234970273e-02
-4.819716837771e+00,4.060240034538e+00,9.280513845744e-02
-4.819691710202e+00,5.506064399505e+00,9.138171500557e-02
-4.819644557167e+00,2.038737254739e+00,9.351213500240e-02
-4.819473684013e+00,9.069659300249e+00,5.237487728758e-02
-4.819443186914e+00,3.863127612892e+00,9.293949652910e-02
-4.819151933317e+00,7.096098098633e+00,8.779711531245e-02
-4.818887858666e+00,8.134301204037e+00,8.110480631319e-02
-4.818839978080e+00,6.529315399144e+00,8.951527984077e-02
-4.818800619619e+00,2.637277152881e+00,9.351156344102e-02
-4.818530928070e+00,5.548805254092e+00,9.132464185562e-02
-4.818506344957e+00,4.947455662161e+00,9.204476448743e-02
-4.818165317962e+00,6.661461550333e+00,8.917712433577e-02
-4.818064186861e+00,3.404192550881e+00,9.321445821434e-02
-4.818038131990e+00,9.271706738129e+00,2.510083445807e-02
-4.818019179859e+00,6.400230829855e+00,8.982049544324e-02
-4.817874487937e+00,2.459199418333e+00,9.351068440362e-02
-4.817809935231e+00,1.590838060364e+00,9.351036669451e-02
-4.817772236703e+00,2.816448937428e+00,9.349812257460e-02
-4.817568138750e+00,1.830815448533e+00,9.351022531765e-02
-4.817452315935e+00,8.868491830380e+00,6.479029776881e-02
-4.817389241860e+00,4.767262099852e+00,9.222507674258e-02
-4.817312378030e+00,5.884703234302e+00,9.081792967764e-02
-4.817144421151e+00,5.592256826378e+00,9.126562743276e-02
-4.816846358330e+00,8.313448915765e+00,7.885740436777e-02
-4.816833817075e+00,1.083629847682e+00,9.350934377391e-02
-4.816750049522e+00,8.401858419802e+00,7.749206949164e-02
-4.816653102564e+00,4.636066292211e+00,9.234743181256e-02
-4.816375469427e+00,6.100283842800e+00,9.043974433467e-02
-4.816347048517e+00,7.579299437471e+00,8.556141611523e-02
-4.816249402626e+00,1.352891167106e+00,9.350892010310e-02
-4.816200975813e+00,8.225242276840e+00,8.004965185613e-02
-4.816169793663e+00,7.666119028940e+00,8.503753628358e-02
-4.816135169321e+00,3.978878062449e+00,9.286495972420e-02
-4.816005563975e+00,7.493283123517e+00,8.603924355288e-02
-4.815950854008e+00,6.796603529301e+00,8.880080196704e-02
-4.815910088139e+00,8.490465638225e+00,7.591361366091e-02
-4.815890598451e+00,7.014949885357e+00,8.809891073145e-02
-4.815748073607e+00,6.274273027863e+00,9.009731604932e-02
-4.815527106018e+00,5.636413038252e+00,9.120458912154e-02
-4.815467864101e+00,7.753731579648e+00,8.446080102571e-02
-4.815348664632e+00,3.143282730433e+00,9.335105301036e-02
-4.815252994532e+00,4.340601613900e+00,9.259884791957e-02
-4.815212256310e+00,2.072701613339e+00,9.350820164631e-02
-4.815151338501e+00,7.408080367248e+00,8.647656849894e-02
-4.815142184504e+00,2.282300360326e+00,9.350820334352e-02
-4.814931742078e+00,4.258494034038e+00,9.266334133565e-02
-4.814908201631e+00,4.898893914313e+00,9.209833292070e-02
-4.814644323560e+00,2.996624089914e+00,9.342097657532e-02
-4.814543230287e+00,4.422908713963e+00,9.253308851512e-02
-4.814364161610e+00,3.667384650519e+00,9.306686008820e-02
-4.814324545407e+00,8.579265406125e+00,7.406829580283e-02
-4.814303911272e+00,3.290670158810e+00,9.327779726977e-02
-4.814257636872e+00,5.177233291721e+00,9.179868175338e-02
-4.814235388126e+00,7.842126733427e+00,8.382301501701e-02
-4.814155871943e+00,5.933142581667e+00,9.074139319581e-02
-4.813817063420e+00,1.624565533544e+00,9.350682305611e-02
-4.813790433386e+00,7.323701410437e+00,8.687763519235e-02
-4.813722147375e+00,3.782391588162e+00,9.299637441451e-02
-4.813673936717e+00,5.681267779696e+00,9.114143951619e-02
-4.813598952228e+00,4.176605004674e+00,9.272631925868e-02
-4.813590473818e+00,2.671513877686e+00,9.350694377123e-02
-4.813581559082e+00,3.552815068366e+00,9.313511134655e-02
-4.813357521959e+00,1.864664999959e+00,9.350649202004e-02
-4.813204085633e+00,1.117078457849e+00,9.350612419415e-02
-4.813161315617e+00,9.159624150605e+00,4.366255096253e-02
-4.813087072814e+00,5.128382210716e+00,9.185565742394e-02
-4.812926663685e+00,2.493352350143e+00,9.350629041070e-02
-4.812783271932e+00,4.505395981914e+00,9.246571464351e-02
-4.812759068337e+00,8.958070428315e+00,6.040808659062e-02
-4.812466557721e+00,7.931294096684e+00,8.311421893168e-02
-4.812444778137e+00,1.386483649622e+00,9.350554739614e-02
-4.812280882683e+00,2.850756174288e+00,9.348777266686e-02
-4.812263761864e+00,6.585357850056e+00,8.938829719993e-02
-4.812153051867e+00,6.934675022820e+00,8.837990023909e-02
-4.812126620671e+00,6.454908302369e+00,8.970608482086e-02
-4.812072605805e+00,6.151506602077e+00,9.034933486976e-02
-4.811991525259e+00,8.668252544527e+00,7.188267070024e-02
-4.811964630817e+00,4.718995368301e+00,9.227620965293e-02
-4.811928972773e+00,7.240156455923e+00,8.724742555122e-02
-4.811608752680e+00,3.897796058626e+00,9.292365402344e-02
-4.811579905001e+00,5.726814908956e+00,9.107608605332e-02
-4.811422018470e+00,3.438721487789e+00,9.320110493753e-02
-4.811375921687e+00,5.079592802621e+00,9.191178239661e-02
-4.811274400915e+00,4.094953229963e+00,9.278805905912e-02
-4.810884782830e+00,6.718838261753e+00,8.903548169899e-02
-4.810790505564e+00,4.850417524535e+00,9.215113751779e-02
-4.810755144208e+00,2.106658433540e+00,9.350424100812e-02
-4.810733175019e+00,5.982242138903e+00,9.066197015515e-02
-4.810518127473e+00,6.327555074439e+00,8.999383423963e-02
-4.810437276784e+00,2.316357120433e+00,9.350402747263e-02
-4.810155628884e+00,8.021223238696e+00,8.232219350018e-02
-4.810098705168e+00,9.362034690447e+00,6.608629125476e-06
-4.809954248876e+00,4.588043748005e+00,9.239703468982e-02
-4.809803266923e+00,1.658288420465e+00,9.350325652950e-02
-4.809573143437e+00,7.157455667238e+00,8.758937186264e-02
-4.809557573213e+00,1.150524969919e+00,9.350288608891e-02
-4.809275422032e+00,3.177705999112e+00,9.333903904246e-02
-4.809240040470e+00,5.773048252811e+00,9.100843061233e-02
-4.809128640935e+00,5.030870185370e+00,9.196708144079e-02
-4.809124015012e+00,1.898508501005e+00,9.350273362850e-02
-4.808909164505e+00,8.757421860536e+00,6.925364562987e-02
-4.808853429797e+00,3.030987676109e+00,9.340972434236e-02
-4.808621273632e+00,1.420072830586e+00,9.350215397963e-02
-4.808350194559e+00,2.705737914259e+00,9.350229003850e-02
-4.808215091493e+00,5.288567403119e+00,9.167443145163e-02
-4.808143510449e+00,5.327467268919e+00,9.162688968801e-02
-4.808093146109e+00,5.250414985571e+00,9.172035658384e-02
-4.807978155960e+00,4.013557083079e+00,9.284838741541e-02
-4.807950437372e+00,2.527494328714e+00,9.350186461618e-02
-4.807945723279e+00,6.855283517543e+00,8.864210809531e-02
-4.807934106156e+00,3.325141357953e+00,9.326507319749e-02
-4.807873094363e+00,5.367108705021e+00,9.157778641814e-02
-4.807783019007e+00,5.213015860819e+00,9.176474423563e-02
-4.807483850890e+00,6.203363049174e+00,9.025541520145e-02
-4.807398570933e+00,5.407485800265e+00,9.152706007877e-02
-4.807310793085e+00,9.047815020320e+00,5.468925790690e-02
-4.807296921801e+00,8.111903692017e+00,8.142929456309e-02
-4.807104960668e+00,3.701976339120e+00,9.305210750051e-02
-4.807039513456e+00,6.031995574804e+00,9.057956546915e-02
-4.806757745089e+00,2.885048873061e+00,9.347723005077e-02
-4.806729194499e+00,7.075609168280e+00,8.790642732702e-02
-4.806714704340e+00,5.448592610510e+00,9.147464587005e-02
-4.806649410772e+00,5.819961606773e+00,9.093836908027e-02
-4.806616980930e+00,3.587368938571e+00,9.312092623847e-02
-4.806349728653e+00,4.982219439737e+00,9.202173336147e-02
-4.806273267249e+00,2.140607564318e+00,9.350025301176e-02
-4.806158330980e+00,3.817011595970e+00,9.298092891954e-02
-4.806157905235e+00,4.802031432082e+00,9.220332549060e-02
-4.806090205290e+00,9.249743960239e+00,3.083630641998e-02
-4.806037601866e+00,4.670832030085e+00,9.232664798985e-02
-4.805923876242e+00,6.510184828613e+00,8.958683717092e-02
-4.805894292909e+00,1.183969281701e+00,9.349962940688e-02
-4.805865338321e+00,4.375338550636e+00,9.258006675789e-02
-4.805849926311e+00,4.293218432295e+00,9.264499126871e-02
-4.805816295456e+00,5.490423158832e+00,9.142042004111e-02
-4.805768574064e+00,1.692006593752e+00,9.349966705255e-02
-4.805705774173e+00,2.350404544314e+00,9.349982200522e-02
-4.805367789823e+00,6.641985071759e+00,8.925565575292e-02
-4.805075632962e+00,8.846768147513e+00,6.603183974010e-02
-4.804987747478e+00,6.381450329655e+00,8.988613766115e-02
-4.804867655201e+00,1.932345812309e+00,9.349895007410e-02
-4.804843634155e+00,4.457651362965e+00,9.251367085738e-02
-4.804816761096e+00,4.211310156604e+00,9.270857008112e-02
-4.804778909578e+00,1.453658595021e+00,9.349873250203e-02
-4.804741834128e+00,3.473228330143e+00,9.318757436983e-02
-4.804698182056e+00,5.532971435717e+00,9.136425475111e-02
-4.804326869357e+00,7.557836575546e+00,8.573076011298e-02
-4.804219331606e+00,7.644497644006e+00,8.522259612607e-02
-4.803916408940e+00,7.471979875822e+00,8.619482388907e-02
-4.803884820880e+00,8.203324952964e+00,8.041596466370e-02
-4.803844148633e+00,8.380445336780e+00,7.796865672873e-02
-4.803835536226e+00,8.292099502046e+00,7.927242680623e-02
-4.803803121760e+00,5.867548735329e+00,9.086579087724e-02
-4.803730571607e+00,3.932434602352e+00,9.290749449514e-02
-4.803587855288e+00,7.731952766369e+00,8.466391324895e-02
-4.803403437190e+00,6.994627042956e+00,8.820114622653e-02
-4.803355238989e+00,5.576231399296e+00,9.130618716879e-02
-4.803275103793e+00,6.776785335016e+00,8.888730694192e-02
-4.803167248215e+00,3.212110911899e+00,9.332685237245e-02
-4.803109419286e+00,8.468989400335e+00,7.646644482636e-02
-4.803079859712e+00,2.739949079230e+00,9.349760213740e-02
-4.803070152401e+00,6.082396528045e+00,9.049405969250e-02
-4.803043723265e+00,4.933645609064e+00,9.207574264954e-02
-4.803029188953e+00,3.065334762974e+00,9.339830328811e-02
-4.802993953899e+00,7.386937821539e+00,8.661965224595e-02
-4.802945876255e+00,2.561625181221e+00,9.349740692570e-02
-4.802785504366e+00,4.129632547750e+00,9.277072937048e-02
-4.802765754702e+00,4.540137400443e+00,9.244585453092e-02
-4.802604592480e+00,6.255846729884e+00,9.015780071947e-02
-4.802426563587e+00,7.820191589884e+00,8.404699935313e-02
-4.802214258434e+00,1.217411291095e+00,9.349635409676e-02
-4.801782378304e+00,5.620196975615e+00,9.124613694785e-02
-4.801766672734e+00,2.174548854954e+00,9.349623758089e-02
-4.801713013947e+00,1.725719926186e+00,9.349605456299e-02
-4.801629416892e+00,8.557726529321e+00,7.471710999307e-02
-4.801565570586e+00,7.302720650980e+00,8.701007041570e-02
-4.801527857556e+00,3.359592258249e+00,9.325210944224e-02
-4.801202913083e+00,2.919326840377e+00,9.346649803864e-02
-4.801105761564e+00,9.137720358593e+00,4.691445966976e-02
-4.801015088282e+00,4.753740537701e+00,9.225490159701e-02
-4.800947734040e+00,2.384442470125e+00,9.349558685606e-02
-4.800917707140e+00,1.487240828085e+00,9.349528917593e-02
-4.800729643361e+00,7.909203724352e+00,8.336250898679e-02
-4.800696317589e+00,5.915803372244e+00,9.079055303491e-02
-4.800588480665e+00,1.966176794738e+00,9.349514128772e-02
-4.800489133583e+00,8.936286185248e+00,6.199231800769e-02
-4.799974549501e+00,5.664862058797e+00,9.118401911664e-02
-4.799971414096e+00,5.163097351021e+00,9.183127977577e-02
-4.799804921395e+00,3.736541902222e+00,9.303712113315e-02
-4.799776111544e+00,4.048204100952e+00,9.283162568763e-02
-4.799637388189e+00,7.219338563472e+00,8.737038392164e-02
-4.799613015144e+00,3.621898614227e+00,9.310655964208e-02
-4.799612949480e+00,4.622776878810e+00,9.237649965092e-02
-4.799602244588e+00,6.914519334837e+00,8.847574860543e-02
-4.799406543908e+00,6.566053803331e+00,8.946246799445e-02
-4.799402242860e+00,8.646651546265e+00,7.265465169127e-02
-4.799215203216e+00,4.885153698980e+00,9.212892216906e-02
-4.799152445746e+00,6.435952248609e+00,8.977398995346e-02
-4.798820396096e+00,6.133438607442e+00,9.040529673441e-02
-4.798696497545e+00,1.562500050003e-02,9.351635241526e-02
-4.798663824624e+00,4.687500150008e-02,9.351352991887e-02
-4.798631151702e+00,7.812500250013e-02,9.351088327866e-02
-4.798598478781e+00,1.093750035002e-01,9.350841334963e-02
-4.798565805860e+00,1.406250045003e-01,9.350612093236e-02
-4.798562333229e+00,5.114308307644e+00,9.188785276718e-02
-4.798552283592e+00,3.851603486660e+00,9.296529785051e-02
-4.798533132939e+00,1.718750055004e-01,9.350400677224e-02
-4.798517484128e+00,1.250850896062e+00,9.349306010722e-02
-4.798500460017e+00,2.031250065004e-01,9.350207155868e-02
-4.798491345468e+00,7.998978742423e+00,8.259901171033e-02
-4.798467787096e+00,2.343750075005e-01,9.350031592441e-02
-4.798435114175e+00,2.656250085006e-01,9.349874044484e-02
-4.798402441254e+00,2.968750095005e-01,9.349734563748e-02
-4.798369768332e+00,3.281250105004e-01,9.349613196137e-02
-4.798337095411e+00,3.593750115004e-01,9.349509981661e-02
-4.798304422490e+00,3.906250125003e-01,9.349424954399e-02
-4.798271749569e+00,4.218750135002e-01,9.349358142456e-02
-4.798258693726e+00,9.340013454299e+00,1.008861349723e-02
-4.798239076647e+00,4.531250145001e-01,9.349309567941e-02
-4.798206403726e+00,4.843750155000e-01,9.349279246938e-02
-4.798147745569e+00,6.699190399418e+00,8.911705543792e-02
-4.798140927432e+00,5.156250165000e-01,9.349264253974e-02
-4.798042647766e+00,5.468750175001e-01,9.349255458898e-02
-4.798023769148e+00,3.507712846749e+00,9.317386651063e-02
-4.797944368099e+00,5.781250185002e-01,9.349246663536e-02
-4.797926739773e+00,5.710220511206e+00,9.111974372534e-02
-4.797913048653e+00,2.595744735221e+00,9.349291724444e-02
-4.797846088433e+00,6.093750195002e-01,9.349237867886e-02
-4.797779548259e+00,2.774147189718e+00,9.349287153563e-02
-4.797747808766e+00,6.406250205003e-01,9.349229071949e-02
-4.797649529100e+00,6.718750215004e-01,9.349220275724e-02
-4.797636616453e+00,1.759428290724e+00,9.349241899847e-02
-4.797551249433e+00,7.031250225005e-01,9.349211479213e-02
-4.797452969766e+00,7.343750235006e-01,9.349202682414e-02
-4.797430258090e+00,6.308951160778e+00,9.005629354237e-02
-4.797354690100e+00,7.656250245005e-01,9.349193885328e-02
-4.797324180966e+00,5.964719220711e+00,9.071248977887e-02
-4.797256410433e+00,7.968750255004e-01,9.349185087955e-02
-4.797235408888e+00,2.208482155009e+00,9.349219463891e-02
-4.797215598510e+00,7.136801719008e+00,8.770386073672e-02
-4.797171702171e+00,3.099665147647e+00,9.338671321932e-02
-4.797158130767e+00,8.281250265003e-01,9.349176290294e-02
-4.797059851100e+00,8.593750275002e-01,9.349167492346e-02
-4.797037688183e+00,1.520819415075e+00,9.349182495729e-02
-4.797024255667e+00,3.246497256309e+00,9.331449282922e-02
-4.796961571434e+00,8.906250285002e-01,9.349158694111e-02
-4.796863291767e+00,9.218750295001e-01,9.349149895589e-02
-4.796765012101e+00,9.531250305001e-01,9.349141096779e-02
-4.796719142905e+00,4.327904786829e+00,9.262644285274e-02
-4.796666732434e+00,9.843750315000e-01,9.349132297681e-02
-4.796614274241e+00,5.065582516985e+00,9.194357656835e-02
-4.796427417979e+00,4.410035444847e+00,9.256106893947e-02
-4.796426031468e+00,8.735759259759e+00,7.018729446093e-02
-4.796286530377e+00,2.000001309446e+00,9.349130649793e-02
-4.796163214746e+00,2.418470736359e+00,9.349132193955e-02
-4.795986939788e+00,4.245979225882e+00,9.269059963793e-02
-4.795808826693e+00,3.967042978081e+00,9.289114062848e-02
-4.795705984936e+00,8.089506179996e+00,8.174132923397e-02
-4.795633974132e+00,5.756266163718e+00,9.105321546239e-02
-4.795616476997e+00,2.953589883430e+00,9.345559809999e-02
-4.795366781282e+00,4.705549703258e+00,9.230565965354e-02
-4.795332051366e+00,6.835296046816e+00,8.873217282334e-02
-4.795147902158e+00,9.025970740392e+00,5.677990649858e-02
-4.795092519123e+00,4.492351933580e+00,9.249405081064e-02
-4.795085289819e+00,3.394022638042e+00,9.323895352802e-02
-4.794868786745e+00,4.836748677036e+00,9.218136471863e-02
-4.794832528966e+00,1.016643355335e+00,9.348968512957e-02
-4.794803984950e+00,1.284287994664e+00,9.348974738695e-02
-4.794306455682e+00,7.055120237927e+00,8.801331743142e-02
-4.794285588064e+00,6.185115392164e+00,9.031310974522e-02
-4.794250355354e+00,4.164277705519e+00,9.275320558381e-02
-4.794142278589e+00,9.227781182349e+00,3.573538073455e-02
-4.794139916892e+00,5.273903438768e+00,9.170874970514e-02
-4.794131704173e+00,5.016925087144e+00,9.199848994041e-02
-4.794106461790e+00,5.312605945040e+00,9.166193482855e-02
-4.793980767423e+00,5.235949324340e+00,9.175398120232e-02
-4.793875089097e+00,5.352050969492e+00,9.161358739931e-02
-4.793681933410e+00,6.014289953512e+00,9.063154017225e-02
-4.793634362481e+00,5.198749441995e+00,9.179769708017e-02
-4.793539412235e+00,1.793131560509e+00,9.348876029653e-02
-4.793440522085e+00,5.392232605228e+00,9.156364742593e-02
-4.793138875268e+00,1.554394241429e+00,9.348833978973e-02
-4.793091315628e+00,5.802992815920e+00,9.098433323699e-02
-4.793007774404e+00,6.491054258082e+00,8.965713668898e-02
-4.792852023922e+00,2.629852818724e+00,9.348839547707e-02
-4.792797520487e+00,5.433144912350e+00,9.151205178675e-02
-4.792698949990e+00,8.825044464645e+00,6.718354272519e-02
-4.792695506224e+00,4.574834668397e+00,9.242576956407e-02
-4.792679524853e+00,2.242407314321e+00,9.348812410895e-02
-4.792570261684e+00,6.622508593185e+00,8.933267003022e-02
-4.792569809848e+00,3.656403855835e+00,9.309201163757e-02
-4.792464203706e+00,3.771081091524e+00,9.302188687505e-02
-4.792449340280e+00,2.808332063352e+00,9.348810296984e-02
-4.792367941002e+00,8.180775536712e+00,8.076920530986e-02
-4.792306690195e+00,7.536373713620e+00,8.589540015728e-02
-4.792268869550e+00,7.622876259072e+00,8.540228411110e-02
-4.791961844160e+00,2.033819217807e+00,9.348743726769e-02
-4.791956315097e+00,6.362669829456e+00,8.995068131271e-02
-4.791940880710e+00,5.474781918159e+00,9.145866051486e-02
-4.791827253906e+00,7.450676628126e+00,8.634626174753e-02
-4.791707846475e+00,7.710173953089e+00,8.486085288560e-02
-4.791529231899e+00,4.082818842295e+00,9.281462703210e-02
-4.791352275638e+00,2.452489181861e+00,9.348701647500e-02
-4.791281071818e+00,3.133978627905e+00,9.337493497769e-02
-4.791267960232e+00,3.542174807266e+00,9.315996806731e-02
-4.791255116902e+00,1.049929203684e+00,9.348648822788e-02
-4.791119130651e+00,4.968341089006e+00,9.205276282950e-02
-4.791073776478e+00,1.317722485060e+00,9.348641588463e-02
-4.790938247743e+00,8.359032253757e+00,7.842329102515e-02
-4.790916275929e+00,6.974304200554e+00,8.830119395448e-02
-4.790904177285e+00,3.886167003483e+00,9.294948155127e-02
-4.790865436042e+00,5.517137617342e+00,9.140338441726e-02
-4.790846558148e+00,3.280864820578e+00,9.330196027438e-02
-4.790836569298e+00,7.365795275829e+00,8.675909868931e-02
-4.790824714123e+00,8.270750088328e+00,7.966954552668e-02
-4.790617739048e+00,7.798256446340e+00,8.426384294960e-02
-4.790599353577e+00,6.756967140730e+00,8.897211853954e-02
-4.790308750432e+00,8.447513162446e+00,7.699195658493e-02
-4.790293865491e+00,5.850394236356e+00,9.091298972414e-02
-4.790009131618e+00,4.788435472370e+00,9.223319693260e-02
-4.789998528331e+00,2.987837809973e+00,9.344452996940e-02
-4.789764835375e+00,6.064509213291e+00,9.054756259361e-02
-4.789566056827e+00,5.560205972213e+00,9.134624395727e-02
-4.789461111352e+00,6.237420431906e+00,9.021732017724e-02
-4.789421432720e+00,1.826829608868e+00,9.348507839458e-02
-4.789340707787e+00,7.281739891524e+00,8.713926726118e-02
-4.789221291654e+00,1.587965192721e+00,9.348483361685e-02
-4.789217749481e+00,4.657463751406e+00,9.235575853142e-02
-4.789050207511e+00,9.115816566580e+00,4.979897279328e-02
-4.788992729001e+00,7.887113352021e+00,8.360247682989e-02
-4.788934288377e+00,8.536187652518e+00,7.533133855648e-02
-4.788606528629e+00,3.428432276457e+00,9.322562054996e-02
-4.788219198830e+00,8.914501942181e+00,6.344808315076e-02
-4.788099070684e+00,2.276324183045e+00,9.348402591385e-02
-4.788037650590e+00,5.603980912978e+00,9.128716098306e-02
-4.787843702531e+00,4.001620920984e+00,9.287459701369e-02
-4.787762872454e+00,2.663949260186e+00,9.348384152775e-02
-4.787663140247e+00,1.083213411034e+00,9.348327466938e-02
-4.787614462684e+00,2.067630381427e+00,9.348354259173e-02
-4.787581101574e+00,4.919835555966e+00,9.210639966541e-02
-4.787539624527e+00,4.362552800042e+00,9.260769710790e-02
-4.787345803605e+00,7.198520671020e+00,8.749044661844e-02
-4.787326874914e+00,1.351154265499e+00,9.348306554894e-02
-4.787236763235e+00,5.898464162821e+00,9.083899556679e-02
-4.787109709032e+00,4.280611922977e+00,9.267228426917e-02
-4.787089316973e+00,2.842503518242e+00,9.348329992699e-02
-4.787051437309e+00,6.894363646854e+00,8.856961410314e-02
-4.786939478395e+00,4.444691991047e+00,9.254168957824e-02
-4.786827062051e+00,7.976734246150e+00,8.286605124858e-02
-4.786812960461e+00,8.625050548003e+00,7.338195991895e-02
-4.786549325952e+00,6.546749756607e+00,8.953530363216e-02
-4.786514977035e+00,2.486497645857e+00,9.348268078340e-02
-4.786418682284e+00,9.317992218151e+00,1.829504512444e-02
-4.786275162286e+00,5.648456337898e+00,9.122605287592e-02
-4.786178270820e+00,6.416996194850e+00,8.984073586077e-02
-4.785685191320e+00,5.148961410320e+00,9.186353143989e-02
-4.785669162831e+00,4.198888422144e+00,9.273548843808e-02
-4.785568186387e+00,6.115370612807e+00,9.046040589517e-02
-4.785487514625e+00,3.690884424795e+00,9.307728236464e-02
-4.785410708308e+00,6.679542537084e+00,8.919708209163e-02
-4.785357401482e+00,3.168275002164e+00,9.336293851554e-02
-4.785290142524e+00,4.527010112692e+00,9.247422974315e-02
-4.785284961300e+00,1.621532154653e+00,9.348130638218e-02
-4.785282710101e+00,1.860522309332e+00,9.348137322992e-02
-4.785082969018e+00,3.805593659710e+00,9.300646696828e-02
-4.784858053583e+00,7.116147770778e+00,8.781574996167e-02
-4.784640934704e+00,4.740218975552e+00,9.228442350924e-02
-4.784634270715e+00,3.315213393623e+00,9.328925460472e-02
-4.784474545503e+00,3.576613982160e+00,9.314580548258e-02
-4.784349159767e+00,3.022070428297e+00,9.343329340234e-02
-4.784342388707e+00,6.290347247117e+00,9.011773674761e-02
-4.784273574544e+00,5.693626113455e+00,9.116283221132e-02
-4.784115048071e+00,8.067108667975e+00,8.204138495963e-02
-4.784056609267e+00,1.116495888689e+00,9.348004440780e-02
-4.784037593644e+00,5.100234404572e+00,9.191970811087e-02
-4.783942898432e+00,8.714096658982e+00,7.106184873933e-02
-4.783915186912e+00,5.947196302518e+00,9.076228659355e-02
-4.783563297073e+00,1.384583234347e+00,9.347969632854e-02
-4.783522204802e+00,4.871413483647e+00,9.215919675715e-02
-4.783494097344e+00,2.310232611650e+00,9.347989997618e-02
-4.783244427462e+00,2.101434662160e+00,9.347962240069e-02
-4.783237714510e+00,4.117401034535e+00,9.279732868583e-02
-4.783214185705e+00,3.920701890724e+00,9.293340317148e-02
-4.782985011231e+00,9.004126460463e+00,5.867772067783e-02
-4.782718379454e+00,6.815308576090e+00,8.882043476058e-02
-4.782645665698e+00,2.698033888466e+00,9.347925530017e-02
-4.782572796396e+00,4.609487465410e+00,9.240527667520e-02
-4.782194351888e+00,9.205818404460e+00,3.996846794211e-02
-4.782091701024e+00,3.462820953375e+00,9.321211045552e-02
-4.782027907795e+00,5.739484074624e+00,9.109740639057e-02
-4.781883716865e+00,7.034631307575e+00,8.811786490194e-02
-4.781852626796e+00,5.051572231348e+00,9.197503719912e-02
-4.781699560644e+00,2.876661372986e+00,9.347846229992e-02
-4.781651380229e+00,2.520495967966e+00,9.347831506889e-02
-4.781329908857e+00,1.655095013090e+00,9.347775802921e-02
-4.781123277342e+00,1.894209535643e+00,9.347764473974e-02
-4.781087325238e+00,6.166867735154e+00,9.036990858943e-02
-4.780851061124e+00,8.158226120460e+00,8.110813352239e-02
-4.780435534774e+00,1.149776547994e+00,9.347679739690e-02
-4.780324353365e+00,5.996584332220e+00,9.068275774553e-02
-4.780322267018e+00,8.803320781778e+00,6.825479128914e-02
-4.780318407493e+00,7.601254874139e+00,8.557682816734e-02
-4.780286511035e+00,7.514910851695e+00,8.605552756110e-02
-4.780091672567e+00,6.471923687551e+00,8.972621171992e-02
-4.780069413131e+00,5.297744621161e+00,9.169658757917e-02
-4.780064742291e+00,5.259239474417e+00,9.174268957533e-02
-4.779877083832e+00,5.336993233962e+00,9.164898124976e-02
-4.779868388738e+00,5.221483663110e+00,9.178724058067e-02
-4.779835385317e+00,4.036168167366e+00,9.285786416454e-02
-4.779827837662e+00,7.688395139810e+00,8.505189367890e-02
-4.779783060395e+00,1.418009290059e+00,9.347630817210e-02
-4.779772733545e+00,6.603032114612e+00,8.940819479597e-02
-4.779738098871e+00,7.429373380431e+00,8.649336815770e-02
-4.779533220484e+00,5.786024025067e+00,9.102967724020e-02
-4.779485705954e+00,5.184483023171e+00,9.183029733964e-02
-4.779482473237e+00,5.376979410190e+00,9.159981211872e-02
-4.779400795998e+00,3.202554069440e+00,9.335076952815e-02
-4.779134767410e+00,5.002979988918e+00,9.202957099691e-02
-4.778947067925e+00,4.823079829538e+00,9.221128301045e-02
-4.778924882716e+00,6.343889329256e+00,9.001415429105e-02
-4.778880336634e+00,5.417697214191e+00,9.154901869015e-02
-4.778864656704e+00,2.344132450927e+00,9.347574621825e-02
-4.778851780850e+00,2.135231922117e+00,9.347567662502e-02
-4.778808914508e+00,7.776321302797e+00,8.447387746076e-02
-4.778768931747e+00,4.692104038214e+00,9.233481312708e-02
-4.778679184697e+00,7.344652730120e+00,8.689504325368e-02
-4.778668465157e+00,3.056287547251e+00,9.342188817696e-02
-4.778429114668e+00,6.953981358153e+00,8.839912326596e-02
-4.778387509717e+00,3.349542765055e+00,9.327636897498e-02
-4.778366280530e+00,3.725340083396e+00,9.306237202636e-02
-4.778311605672e+00,4.397162175731e+00,9.258875519521e-02
-4.778185291278e+00,4.315207959759e+00,9.265377077131e-02
-4.778065465964e+00,5.459140677486e+00,9.149644539682e-02
-4.778032346853e+00,8.337619170735e+00,7.885744645967e-02
-4.777923603362e+00,6.737148946445e+00,8.905528624939e-02
-4.777813892020e+00,8.249400674610e+00,8.004969104607e-02
-4.777661380271e+00,3.840079360428e+00,9.299086167185e-02
-4.777643664489e+00,3.611030142727e+00,9.313146159772e-02
-4.777508081578e+00,8.426036924556e+00,7.749211477433e-02
-4.777500476153e+00,2.732106532841e+00,9.347463669753e-02
-4.777401766315e+00,4.479307885245e+00,9.252210806081e-02
-4.777356159670e+00,1.688653654066e+00,9.347418850138e-02
-4.777255814641e+00,7.865022979689e+00,8.383452812894e-02
-4.777115844987e+00,7.260759132067e+00,8.726534196715e-02
-4.777042137499e+00,4.233464417725e+00,9.271757878972e-02
-4.777032690029e+00,5.501303798968e+00,9.144204030747e-02
-4.776994653458e+00,9.093912774568e+00,5.237495542756e-02
-4.776943168182e+00,1.927891161711e+00,9.347389286112e-02
-4.776799928113e+00,1.183055300382e+00,9.347353359044e-02
-4.776784609221e+00,5.833239737383e+00,9.095951811512e-02
-4.776761547493e+00,2.554483988163e+00,9.347391924499e-02
-4.776459518348e+00,6.046621898536e+00,9.060027179363e-02
-4.776317630225e+00,6.218994133927e+00,9.027589795326e-02
-4.776280154705e+00,2.910805446690e+00,9.347358998084e-02
-4.776239159862e+00,8.514648775714e+00,7.591366245543e-02
-4.775986182939e+00,1.451432331187e+00,9.347290102829e-02
-4.775949264076e+00,8.892717699114e+00,6.479036558306e-02
-4.775888532648e+00,4.954462738275e+00,9.208347085172e-02
-4.775776874666e+00,5.544180545130e+00,9.138580776863e-02
-4.775540935378e+00,3.497188449454e+00,9.319842323793e-02
-4.775482484065e+00,3.955207893713e+00,9.291707752423e-02
-4.775436763571e+00,4.561625588789e+00,9.245420919158e-02
-4.775162778635e+00,7.954489749877e+00,8.312381351486e-02
-4.775054219022e+00,7.177702778568e+00,8.760771397562e-02
-4.774901758480e+00,4.151950406365e+00,9.277983645017e-02
-4.774578670843e+00,9.295970982003e+00,2.510089640759e-02
-4.774500630029e+00,6.874207958871e+00,8.866155766847e-02
-4.774436566034e+00,2.169022023683e+00,9.347170519498e-02
-4.774292922875e+00,5.587764850341e+00,9.132767175108e-02
-4.774223678062e+00,8.603449549740e+00,7.406834846340e-02
-4.774210801544e+00,2.378023551979e+00,9.347156456204e-02
-4.773860358001e+00,4.774839512657e+00,9.226276512079e-02
-4.773777208881e+00,5.881124953398e+00,9.088676267116e-02
-4.773692107995e+00,6.527445709882e+00,8.960684447387e-02
-4.773411361426e+00,3.236815629388e+00,9.333842783991e-02
-4.773363739779e+00,1.722207963752e+00,9.347059774205e-02
-4.773204095895e+00,6.398040141090e+00,8.990635248858e-02
-4.773149801172e+00,1.216332057367e+00,9.347025294225e-02
-4.772956539515e+00,3.090488976267e+00,9.341031409590e-02
-4.772742417129e+00,1.961567061654e+00,9.347011753102e-02
-4.772673671046e+00,6.659894674749e+00,8.927549026800e-02
-4.772575775071e+00,5.632050616999e+00,9.126755191107e-02
-4.772524111206e+00,8.044711155955e+00,8.232941859387e-02
-4.772500508656e+00,7.095493822547e+00,8.792512660011e-02
-4.772397897097e+00,4.644095472727e+00,9.238457795443e-02
-4.772327377352e+00,2.766167023042e+00,9.346998562251e-02
-4.772315976678e+00,6.097302618172e+00,9.051468234611e-02
-4.772172683379e+00,1.484852256400e+00,9.346947351762e-02
-4.772118479882e+00,4.906025502868e+00,9.213674113305e-02
-4.772106392778e+00,3.383852725202e+00,9.326323294095e-02
-4.771845542086e+00,2.588461546781e+00,9.346949322487e-02
-4.771784062883e+00,4.070684454626e+00,9.284094269251e-02
-4.771459765395e+00,8.692434058205e+00,7.188272760756e-02
-4.771398968543e+00,5.134825469619e+00,9.189544282446e-02
-4.771254519324e+00,6.271743333455e+00,9.017818903915e-02
-4.771206260036e+00,3.759770594885e+00,9.304716634675e-02
-4.770831183658e+00,2.944935558987e+00,9.346868286133e-02
-4.770822120304e+00,8.982282180534e+00,6.040815950531e-02
-4.770775458086e+00,3.645423061150e+00,9.311693648615e-02
-4.770620409315e+00,5.677031715705e+00,9.120536326452e-02
-4.770506192859e+00,5.929673384326e+00,9.081137668320e-02
-4.770246425187e+00,9.183855626570e+00,4.366262992127e-02
-4.770199601889e+00,3.874537948341e+00,9.297507132102e-02
-4.770104707542e+00,6.795321105363e+00,8.890694767240e-02
-4.769998827046e+00,2.202804829501e+00,9.346770804065e-02
-4.769532585555e+00,2.411905766221e+00,9.346735492931e-02
-4.769512854060e+00,5.086160501500e+00,9.195122940941e-02
-4.769485166377e+00,1.249606730515e+00,9.346695540617e-02
-4.769460978047e+00,7.014142377222e+00,8.822014565809e-02
-4.769352675919e+00,1.755757828478e+00,9.346698569456e-02
-4.769334181247e+00,8.135676704208e+00,8.143375957125e-02
-4.769213910733e+00,4.349767049449e+00,9.263506015307e-02
-4.769157507276e+00,1.562500050003e-02,9.349016590658e-02
-4.769129860958e+00,4.687500150008e-02,9.348730295413e-02
-4.769102214641e+00,7.812500250013e-02,9.348461862040e-02
-4.769074568322e+00,1.093750035002e-01,9.348211378490e-02
-4.769046922004e+00,1.406250045003e-01,9.347978927110e-02
-4.769035322635e+00,4.431732619128e+00,9.256943446699e-02
-4.769019275687e+00,1.718750055004e-01,9.347764584561e-02
-4.768991629369e+00,2.031250065004e-01,9.347568421740e-02
-4.768963983051e+00,2.343750075005e-01,9.347390503705e-02
-4.768954361382e+00,3.531534546167e+00,9.318455893932e-02
-4.768936336733e+00,2.656250085006e-01,9.347230889606e-02
-4.768908690415e+00,2.968750095005e-01,9.347089632626e-02
-4.768881044097e+00,3.281250105004e-01,9.346966779925e-02
-4.768853397779e+00,3.593750115004e-01,9.346862372585e-02
-4.768825751461e+00,3.906250125003e-01,9.346776445578e-02
-4.768798105143e+00,4.218750135002e-01,9.346709027716e-02
-4.768770458825e+00,4.531250145001e-01,9.346660141631e-02
-4.768742812507e+00,4.843750155000e-01,9.346629803744e-02
-4.768687409489e+00,5.156250165000e-01,9.346615515811e-02
-4.768604249771e+00,5.468750175001e-01,9.346608000324e-02
-4.768521090053e+00,5.781250185002e-01,9.346600484626e-02
-4.768521059442e+00,1.995237109850e+00,9.346631868627e-02
-4.768437930335e+00,6.093750195003e-01,9.346592968719e-02
-4.768421841458e+00,5.722701985530e+00,9.114101583331e-02
-4.768369491753e+00,4.268005413660e+00,9.269931510645e-02
-4.768367945437e+00,7.579633489205e+00,8.574644365473e-02
-4.768354770618e+00,6.406250205003e-01,9.346585452603e-02
-4.768342581009e+00,1.518268964489e+00,9.346602080200e-02
-4.768271610900e+00,6.718750215004e-01,9.346577936277e-02
-4.768266781126e+00,4.726697413402e+00,9.231364772749e-02
-4.768266331874e+00,7.493447989769e+00,8.621132352298e-02
-4.768188451182e+00,7.031250225005e-01,9.346570419741e-02
-4.768105291464e+00,7.343750235006e-01,9.346562902996e-02
-4.768022131746e+00,7.656250245005e-01,9.346555386041e-02
-4.767947828849e+00,7.666616326531e+00,8.523729360222e-02
-4.767945584046e+00,8.781597098911e+00,6.925370717045e-02
-4.767938972028e+00,7.968750255004e-01,9.346547868876e-02
-4.767889062412e+00,6.148620078144e+00,9.042583307179e-02
-4.767855812310e+00,8.281250265003e-01,9.346540351502e-02
-4.767829206387e+00,4.857673268314e+00,9.218916214787e-02
-4.767814530347e+00,4.513882824941e+00,9.250232574315e-02
-4.767772652592e+00,8.593750275002e-01,9.346532833917e-02
-4.767709249103e+00,3.989684758889e+00,9.290056232680e-02
-4.767689492875e+00,8.906250285002e-01,9.346525316124e-02
-4.767648943836e+00,7.408070132735e+00,8.663662606691e-02
-4.767606333157e+00,9.218750295001e-01,9.346517798120e-02
-4.767523173439e+00,9.531250305001e-01,9.346510279907e-02
-4.767440013721e+00,9.843750315000e-01,9.346502761484e-02
-4.767389205024e+00,3.271059482346e+00,9.332591330766e-02
-4.767213479003e+00,3.124674525378e+00,9.339857098828e-02
-4.767175570729e+00,6.452793117020e+00,8.979409445627e-02
-4.767126443857e+00,2.800215189275e+00,9.346530197730e-02
-4.767090979351e+00,5.037561945712e+00,9.200617011385e-02
-4.767000089969e+00,7.754386159254e+00,8.467741454698e-02
-4.766975205406e+00,6.583555636038e+00,8.948234891343e-02
-4.766966773319e+00,5.978878710928e+00,9.073323529128e-02
-4.766903428225e+00,2.622428484567e+00,9.346503692128e-02
-4.766521800095e+00,7.323510184411e+00,8.702761483545e-02
-4.766521564567e+00,4.186466687683e+00,9.276215105363e-02
-4.766201533312e+00,9.386269014711e+00,6.608629128489e-06
-4.766032364472e+00,5.282883297283e+00,9.173085511397e-02
-4.765989567690e+00,5.244575510066e+00,9.177625789539e-02
-4.765975125340e+00,5.769055234215e+00,9.107441426069e-02
-4.765941953408e+00,6.933658515752e+00,8.849500066971e-02
-4.765893450335e+00,6.325108829056e+00,9.007658358248e-02
-4.765879078566e+00,5.321935498433e+00,9.168397550647e-02
-4.765806036692e+00,1.282879231482e+00,9.346364093606e-02
-4.765791038789e+00,3.418143065126e+00,9.324992002453e-02
-4.765756010052e+00,5.207018001879e+00,9.182014123746e-02
-4.765622170173e+00,1.016559968386e+00,9.346338849332e-02
-4.765587422148e+00,8.227375864916e+00,8.041671310506e-02
-4.765538608756e+00,2.236580202467e+00,9.346368509193e-02
-4.765532643313e+00,4.596198052009e+00,9.243376789794e-02
-4.765524424388e+00,5.361726215153e+00,9.163556208083e-02
-4.765518900281e+00,7.842932607358e+00,8.405904291414e-02
-4.765352733101e+00,2.979051530032e+00,9.346374083234e-02
-4.765337049428e+00,5.170216604347e+00,9.186255123109e-02
-4.765322995516e+00,1.789303134741e+00,9.346335230218e-02
-4.765247853146e+00,6.717330752160e+00,8.913684377352e-02
-4.765126445964e+00,8.316206087712e+00,7.927246818138e-02
-4.764963152781e+00,5.402249516031e+00,9.158555491625e-02
-4.764939099405e+00,9.072008982556e+00,5.468933535245e-02
-4.764890982188e+00,7.239778372610e+00,8.738840537005e-02
-4.764830063338e+00,2.445778945389e+00,9.346311724150e-02
-4.764707412724e+00,8.404560686667e+00,7.796870121028e-02
-4.764495895733e+00,1.551682354369e+00,9.346254893405e-02
-4.764279131152e+00,2.028901180875e+00,9.346249626358e-02
-4.764190051218e+00,5.443499436813e+00,9.153378343745e-02
-4.764137830648e+00,4.989034890691e+00,9.206033031636e-02
-4.764007607056e+00,3.794175723450e+00,9.303177176135e-02
-4.763870068583e+00,3.679792510470e+00,9.310223028038e-02
-4.763689924654e+00,4.105169521319e+00,9.282367716111e-02
-4.763679329323e+00,8.870933456047e+00,6.603190625466e-02
-4.763544031347e+00,8.493109898911e+00,7.646649272545e-02
-4.763498495219e+00,7.932245253604e+00,8.337276662898e-02
-4.763275352951e+00,5.816085238410e+00,9.100539068031e-02
-4.763199944015e+00,5.485469980593e+00,9.148023164062e-02
-4.763174149098e+00,6.200567835948e+00,9.033355684494e-02
-4.763154201322e+00,6.028734583782e+00,9.065220549605e-02
-4.763025349106e+00,4.809410982039e+00,9.224089774433e-02
-4.762762634438e+00,7.156884886116e+00,8.772228182685e-02
-4.762738659401e+00,9.273949745855e+00,3.083637653854e-02
-4.762697799803e+00,3.908969179097e+00,9.295907223403e-02
-4.762332110076e+00,3.565859025749e+00,9.317046230208e-02
-4.762171082212e+00,4.678658373171e+00,9.236367518469e-02
-4.762112425620e+00,1.316149472001e+00,9.346030948584e-02
-4.762063478738e+00,1.049679165654e+00,9.346017711549e-02
-4.761987692504e+00,5.528155118048e+00,9.142488832253e-02
-4.761949822750e+00,6.854052270888e+00,8.875163781869e-02
-4.761935271090e+00,2.656384642685e+00,9.346055024661e-02
-4.761897751262e+00,2.834250862195e+00,9.346058566357e-02
-4.761634395663e+00,8.581848551478e+00,7.471716165476e-02
-4.761439380931e+00,3.158844005217e+00,9.338663211914e-02
-4.761334435274e+00,3.305285429293e+00,9.331322582309e-02
-4.761274726689e+00,1.822843769202e+00,9.345969750813e-02
-4.761055956865e+00,2.270348005764e+00,9.345963627849e-02
-4.760933174341e+00,8.022313643934e+00,8.260706799686e-02
-4.760834890039e+00,6.508141663158e+00,8.967712517555e-02
-4.760657934645e+00,4.940584387544e+00,9.211386301746e-02
-4.760632648077e+00,1.585092325077e+00,9.345905786280e-02
-4.760548195161e+00,5.571548787704e+00,9.136767950746e-02
-4.760317654528e+00,5.863785743975e+00,9.093386906685e-02
-4.760229920969e+00,6.379084087330e+00,8.997086879155e-02
-4.760195793364e+00,4.384288906615e+00,9.261615356356e-02
-4.760142963729e+00,7.074839874317e+00,8.803207394181e-02
-4.760103290385e+00,2.479642941572e+00,9.345885141976e-02
-4.760016669058e+00,2.062559149514e+00,9.345865019956e-02
-4.759936633785e+00,6.640246812414e+00,8.935241697653e-02
-4.759894659091e+00,4.024132233779e+00,9.288385808360e-02
-4.759844889736e+00,3.013153180485e+00,9.345666244595e-02
-4.759711013506e+00,4.466263836910e+00,9.254989117203e-02
-4.759651439652e+00,4.302511132688e+00,9.268083622653e-02
-4.759441567920e+00,3.452413576607e+00,9.323643016758e-02
-4.759063766969e+00,6.079234623538e+00,9.056814548314e-02
-4.758976632359e+00,8.670771457429e+00,7.265470749049e-02
-4.758876387855e+00,5.615644896099e+00,9.130852705159e-02
-4.758659229377e+00,8.960437900606e+00,6.199238966828e-02
-4.758492463419e+00,1.082796974386e+00,9.345695089146e-02
-4.758404347201e+00,1.349417363893e+00,9.345696100942e-02
-4.758298498487e+00,9.161892848680e+00,4.691453942749e-02
-4.758178020919e+00,4.548416509182e+00,9.248234414920e-02
-4.758166649941e+00,6.253139419794e+00,9.023767480251e-02
-4.758097335209e+00,4.220949609568e+00,9.274427334174e-02
-4.757817301369e+00,8.113127287956e+00,8.174684325212e-02
-4.757711584384e+00,4.761243552945e+00,9.229203529638e-02
-4.757491035630e+00,6.775333634636e+00,8.899176325470e-02
-4.757207898244e+00,1.856379618705e+00,9.345602125555e-02
-4.757112745767e+00,5.120689528918e+00,9.192701987319e-02
-4.757097198805e+00,5.912150466134e+00,9.085977567621e-02
-4.757038239230e+00,6.993653446869e+00,8.832023243753e-02
-4.756967244087e+00,5.660437317954e+00,9.124734832984e-02
-4.756941136836e+00,2.690329862673e+00,9.345603311286e-02
-4.756927639664e+00,3.714138264570e+00,9.308734317589e-02
-4.756770476949e+00,3.828555234197e+00,9.301619197361e-02
-4.756752859179e+00,1.618498775762e+00,9.345554753727e-02
-4.756655858191e+00,4.892215449770e+00,9.216677252710e-02
-4.756641376200e+00,2.868273872911e+00,9.345583658248e-02
-4.756550917905e+00,2.304108102867e+00,9.345556152984e-02
-4.756417483380e+00,7.558012104271e+00,8.591133421446e-02
-4.756246152713e+00,7.471985127844e+00,8.636280773551e-02
-4.756067820036e+00,7.644837513252e+00,8.541729597139e-02
-4.755733710717e+00,2.096210890781e+00,9.345478043067e-02
-4.755674313833e+00,3.600161671227e+00,9.315614087500e-02
-4.755634343782e+00,3.192997226980e+00,9.337448059404e-02
-4.755578044712e+00,4.630727194048e+00,9.241311126521e-02
-4.755568901074e+00,8.759873416044e+00,7.018735478760e-02
-4.755559788801e+00,7.386766885040e+00,8.677623241261e-02
-4.755553161606e+00,4.139623107210e+00,9.280621618551e-02
-4.755352323085e+00,2.513497607218e+00,9.345455738497e-02
-4.755247161877e+00,3.339493271862e+00,9.330036531530e-02
-4.755191265430e+00,7.732451015711e+00,8.487474734788e-02
-4.755156141437e+00,3.943372809345e+00,9.294277452323e-02
-4.754988114475e+00,5.072086598428e+00,9.198242248525e-02
-4.754909132902e+00,1.115913319529e+00,9.345370978016e-02
-4.754815775120e+00,5.705919896437e+00,9.118405589599e-02
-4.754690799586e+00,6.130372421134e+00,9.048090388099e-02
-4.754681816009e+00,1.382682819071e+00,9.345359546076e-02
-4.754469722456e+00,9.364189849327e+00,1.008864402943e-02
-4.754364415494e+00,7.302367638702e+00,8.715693618836e-02
-4.754307741362e+00,3.047240331528e+00,9.344527284846e-02
-4.754259468892e+00,6.433662546489e+00,8.986081600556e-02
-4.754177677267e+00,6.564079157464e+00,8.955516974422e-02
-4.754145304506e+00,8.204675659248e+00,8.077128710404e-02
-4.753781985920e+00,7.820842235027e+00,8.427637755391e-02
-4.753609193273e+00,5.961173089636e+00,9.078298941974e-02
-4.753454792147e+00,6.913335673350e+00,8.858888997591e-02
-4.753122539672e+00,1.889910570281e+00,9.345232348756e-02
-4.753058101607e+00,3.486664052159e+00,9.322276335740e-02
-4.752883545351e+00,9.050105190543e+00,5.677998301367e-02
-4.752862017954e+00,6.306328328857e+00,9.013799530282e-02
-4.752856550791e+00,1.651901605716e+00,9.345201790650e-02
-4.752666119389e+00,7.218797613153e+00,8.750856321230e-02
-4.752572102931e+00,6.697512557875e+00,8.921671544131e-02
-4.752417030196e+00,5.752086443362e+00,9.111855592912e-02
-4.752329331906e+00,5.023551660075e+00,9.203698100880e-02
-4.752220545074e+00,8.294793004690e+00,7.966958620633e-02
-4.752136207972e+00,4.843933052981e+00,9.221882368426e-02
-4.752038893867e+00,4.058550066958e+00,9.286696539623e-02
-4.752023539235e+00,2.337860357540e+00,9.345146077526e-02
-4.751995315813e+00,5.268021973404e+00,9.176474444093e-02
-4.751921092593e+00,2.724263986452e+00,9.345148543164e-02
-4.751914393089e+00,5.229911545715e+00,9.180946134228e-02
-4.751906743870e+00,8.383084448778e+00,7.842333472962e-02
-4.751892627548e+00,4.713175851252e+00,9.234257034945e-02
-4.751881073301e+00,5.306877762904e+00,9.171857752971e-02
-4.751834211802e+00,7.910000757331e+00,8.361334811762e-02
-4.751643631366e+00,5.192552340648e+00,9.185268954393e-02
-4.751566375540e+00,5.346473020116e+00,9.167090504768e-02
-4.751430294450e+00,2.129856279916e+00,9.345087962806e-02
-4.751409394570e+00,8.849149212979e+00,6.718360794565e-02
-4.751357396327e+00,2.902284053004e+00,9.345105005788e-02
-4.751313496334e+00,1.149028126068e+00,9.345045374054e-02
-4.751188392902e+00,5.155950185523e+00,9.189446483276e-02
-4.751131166876e+00,4.418773247210e+00,9.259691020309e-02
-4.751045968928e+00,5.386801817871e+00,9.162166860044e-02
-4.750944847159e+00,1.415945749532e+00,9.345021279385e-02
-4.750898647960e+00,9.251928509707e+00,3.573545606600e-02
-4.750888196939e+00,4.336981298855e+00,9.266216044007e-02
-4.750848902831e+00,8.471571022107e+00,7.699200361543e-02
-4.750577218731e+00,2.547342795106e+00,9.345023488017e-02
-4.750471049854e+00,7.136066993665e+00,8.783424175357e-02
-4.750338918170e+00,4.500755537190e+00,9.253014730349e-02
-4.750314636472e+00,5.427858196140e+00,9.157068317419e-02
-4.750030667970e+00,6.182141537969e+00,9.039031894458e-02
-4.749948316367e+00,3.748460098246e+00,9.307221672961e-02
-4.749848884296e+00,6.010847269027e+00,9.070338137228e-02
-4.749798467185e+00,3.227134002467e+00,9.336215654091e-02
-4.749766096681e+00,5.798930739436e+00,9.105064463042e-02
-4.749629274474e+00,4.255398904342e+00,9.272608823774e-02
-4.749495026494e+00,3.862908893198e+00,9.300042731049e-02
-4.749399015471e+00,6.833896582905e+00,8.883991077031e-02
-4.749367198001e+00,5.469636162218e+00,9.151796740815e-02
-4.749342237476e+00,7.999916131913e+00,8.287487615926e-02
-4.749140893885e+00,4.975089792465e+00,9.209077347906e-02
-4.749127495736e+00,3.373682812362e+00,9.328730002196e-02
-4.749045113263e+00,8.560247553216e+00,7.533138924844e-02
-4.749018681163e+00,1.923436511113e+00,9.344860414718e-02
-4.748981106325e+00,3.634442266466e+00,9.314163840461e-02
-4.748943745276e+00,1.685300714380e+00,9.344846891948e-02
-4.748741376859e+00,3.081312804887e+00,9.343371455433e-02
-4.748492490229e+00,4.582908638609e+00,9.246197822252e-02
-4.748198510342e+00,5.512129690965e+00,9.146349509557e-02
-4.747977672083e+00,6.488837616433e+00,8.974617920327e-02
-4.747785418802e+00,7.054185926086e+00,8.813667170471e-02
-4.747705563318e+00,1.182141319063e+00,9.344718273163e-02
-4.747574795674e+00,3.977748596795e+00,9.292628746368e-02
-4.747473869048e+00,2.371604633833e+00,9.344733394387e-02
-4.747373966303e+00,4.174044953223e+00,9.278856225177e-02
-4.747255746044e+00,6.360128033570e+00,9.003431277357e-02
-4.747199596524e+00,6.620598950080e+00,8.942793142365e-02
-4.747193456299e+00,1.449206067354e+00,9.344681296270e-02
-4.747106459334e+00,2.163495192412e+00,9.344695333780e-02
-4.747103630286e+00,4.795742134541e+00,9.227021415420e-02
-4.746875206446e+00,2.758186856366e+00,9.344690711418e-02
-4.746858100174e+00,5.846446534552e+00,9.098032906478e-02
-4.746803467447e+00,5.555332725067e+00,9.140719424771e-02
-4.746640762532e+00,3.520894285067e+00,9.320891962983e-02
-4.746496338449e+00,8.938593620677e+00,6.344815351505e-02
-4.746493499322e+00,8.649108856652e+00,7.338201463995e-02
-4.746350571786e+00,9.139930070790e+00,4.979905266866e-02
-4.746300421491e+00,8.090577871705e+00,8.204767529964e-02
-4.746045890319e+00,2.936281234543e+00,9.344622400126e-02
-4.745811557259e+00,6.061166628903e+00,9.062081412597e-02
-4.745778035518e+00,2.581178358340e+00,9.344587405151e-02
-4.745573232677e+00,4.665212708128e+00,9.239225082624e-02
-4.745427336642e+00,4.926706036813e+00,9.214394479311e-02
-4.745177000640e+00,5.599239175200e+00,9.134898884859e-02
-4.745078780558e+00,6.234535506133e+00,9.029621765598e-02
-4.745014465611e+00,1.718696001318e+00,9.344490052521e-02
-4.744896353592e+00,1.956957328571e+00,9.344486317742e-02
-4.744877363717e+00,6.755346163910e+00,8.907488333723e-02
-4.744615500413e+00,6.973164516517e+00,8.841819496010e-02
-4.744467021324e+00,7.536390719337e+00,8.607169255132e-02
-4.744225973551e+00,7.450522265918e+00,8.651004715073e-02
-4.744187811223e+00,7.623058699972e+00,8.559213046504e-02
-4.744142134799e+00,4.092938008103e+00,9.284977903456e-02
-4.744085343910e+00,1.215252823639e+00,9.344389671249e-02
-4.743931851900e+00,3.261254144114e+00,9.334965981200e-02
-4.743688204752e+00,5.894627547942e+00,9.090749876119e-02
-4.743470633767e+00,7.365463637344e+00,8.691232351461e-02
-4.743427659618e+00,1.482463684715e+00,9.344339592136e-02
-4.743382440891e+00,7.710515872168e+00,8.506615182833e-02
-4.743314078858e+00,5.643842920204e+00,9.128879855376e-02
-4.743192218102e+00,8.738149733177e+00,7.106190787868e-02
-4.743145886188e+00,3.115370422850e+00,9.342198738849e-02
-4.742975548948e+00,3.407853853795e+00,9.327400692913e-02
-4.742932245094e+00,3.782757787190e+00,9.305684719670e-02
-4.742901956365e+00,2.405340796083e+00,9.344318096457e-02
-4.742826522990e+00,5.106553588217e+00,9.195826839838e-02
-4.742762245205e+00,2.197127503992e+00,9.344300314972e-02
-4.742737911599e+00,9.342110683942e+00,1.829509532697e-02
-4.742703186865e+00,8.181975453579e+00,8.111144271874e-02
-4.742252622541e+00,3.668700596145e+00,9.312695501648e-02
-4.742207030892e+00,7.281225092993e+00,8.728312428234e-02
-4.742181413901e+00,3.897236467469e+00,9.298447817949e-02
-4.742079981057e+00,4.371415637500e+00,9.264328888452e-02
-4.742045071560e+00,7.798751862695e+00,8.448686655310e-02
-4.742020260697e+00,4.453219788575e+00,9.257740481893e-02
-4.741803547434e+00,2.792098315199e+00,9.344229807130e-02
-4.741562810767e+00,4.747647593233e+00,9.232101258612e-02
-4.741492536760e+00,6.112124764124e+00,9.053514108103e-02
-4.741380149128e+00,6.544602678890e+00,8.962669334275e-02
-4.741343367054e+00,6.414531975958e+00,8.992640643523e-02
-4.741209708783e+00,5.689137807343e+00,9.122653836378e-02
-4.741193236499e+00,4.878405396672e+00,9.219649920207e-02
-4.741117588025e+00,4.289814305618e+00,9.270764367162e-02
-4.741068735385e+00,1.752087366233e+00,9.344131267269e-02
-4.740967630886e+00,6.893012830949e+00,8.868085243102e-02
-4.740954832529e+00,2.615004150409e+00,9.344148477771e-02
-4.740919278266e+00,4.535207429574e+00,9.251020437283e-02
-4.740827991298e+00,9.028201398531e+00,5.867779609883e-02
-4.740755588506e+00,1.990472910254e+00,9.344110052118e-02
-4.740706937872e+00,2.970265250091e+00,9.344136489407e-02
-4.740463374890e+00,5.058012695357e+00,9.201329303241e-02
-4.740452848625e+00,1.248362564969e+00,9.344059564225e-02
-4.740441256589e+00,7.197816853697e+00,8.762591642980e-02
-4.740251613228e+00,5.943467468344e+00,9.083203626645e-02
-4.740189674650e+00,3.555104069338e+00,9.319489907255e-02
-4.740169928386e+00,7.887756261058e+00,8.384596734849e-02
-4.739953932864e+00,4.012096300193e+00,9.290961155068e-02
-4.739896352715e+00,6.677694363590e+00,8.929508945401e-02
-4.739830585574e+00,6.287547828657e+00,9.019841473185e-02
-4.739647473834e+00,1.515718513902e+00,9.343996162387e-02
-4.739618517008e+00,1.562500050003e-02,9.346372416257e-02
-4.739595897293e+00,4.687500150008e-02,9.346081975196e-02
-4.739573277579e+00,7.812500250013e-02,9.345809678831e-02
-4.739550657864e+00,1.093750035002e-01,9.345555617650e-02
-4.739528038149e+00,1.406250045003e-01,9.345319876375e-02
-4.739505418434e+00,1.718750055004e-01,9.345102533868e-02
-4.739482798720e+00,2.031250065004e-01,9.344903663053e-02
-4.739460179005e+00,2.343750075005e-01,9.344723330836e-02
-4.739437559290e+00,2.656250085006e-01,9.344561598037e-02
-4.739414939576e+00,2.968750095005e-01,9.344418519324e-02
-4.739392319861e+00,3.281250105004e-01,9.344294143156e-02
-4.739369700146e+00,3.593750115004e-01,9.344188511730e-02
-4.739347080432e+00,3.906250125003e-01,9.344101660938e-02
-4.739324460717e+00,4.218750135002e-01,9.344033620328e-02
-4.739314644184e+00,8.273379921667e+00,8.004973105219e-02
-4.739301841002e+00,4.531250145001e-01,9.343984413071e-02
-4.739279221287e+00,4.843750155000e-01,9.343954055936e-02
-4.739233891546e+00,5.156250165000e-01,9.343940486445e-02
-4.739165851776e+00,5.468750175001e-01,9.343934276100e-02
-4.739152532920e+00,4.208434801412e+00,9.277071619474e-02
-4.739139459817e+00,8.827364969912e+00,6.825485522930e-02
-4.739106075016e+00,8.361608210888e+00,7.885748941031e-02
-4.739097812007e+00,5.781250185002e-01,9.343928065612e-02
-4.739058636518e+00,9.229907273559e+00,3.996854646755e-02
-4.739029772238e+00,6.093750195003e-01,9.343921854982e-02
-4.738961732469e+00,6.406250205003e-01,9.343915644208e-02
-4.738893692700e+00,6.718750215004e-01,9.343909433291e-02
-4.738858935051e+00,5.735117652509e+00,9.116207746320e-02
-4.738825652931e+00,7.031250225005e-01,9.343903222230e-02
-4.738758192328e+00,4.617358915369e+00,9.244136336136e-02
-4.738757613161e+00,7.343750235006e-01,9.343897011027e-02
-4.738689573392e+00,7.656250245005e-01,9.343890799681e-02
-4.738621533623e+00,7.968750255004e-01,9.343884588192e-02
-4.738553493854e+00,8.281250265003e-01,9.343878376559e-02
-4.738485454085e+00,8.593750275002e-01,9.343872164784e-02
-4.738417414316e+00,8.906250285002e-01,9.343865952865e-02
-4.738397692659e+00,2.230753090612e+00,9.343902900036e-02
-4.738349374546e+00,9.218750295001e-01,9.343859740803e-02
-4.738307851038e+00,2.439068708917e+00,9.343900176607e-02
-4.738281334777e+00,9.531250305001e-01,9.343853528598e-02
-4.738213295008e+00,9.843750315000e-01,9.343847316250e-02
-4.738179465270e+00,7.115249101213e+00,8.794368131670e-02
-4.738153774316e+00,8.450032145304e+00,7.749216096235e-02
-4.738034599834e+00,3.295357464963e+00,9.333699029413e-02
-4.737958267155e+00,5.253160649525e+00,9.179826240658e-02
-4.737883068035e+00,5.291820027375e+00,9.175279450801e-02
-4.737839218488e+00,5.215247581365e+00,9.184230644105e-02
-4.737751300611e+00,7.977518619893e+00,8.313334934400e-02
-4.737608326692e+00,5.331219825078e+00,9.170584857192e-02
-4.737567684461e+00,5.009541374439e+00,9.206747545500e-02
-4.737531252680e+00,5.178086679417e+00,9.188489172807e-02
-4.737521360381e+00,3.149413008269e+00,9.341009120411e-02
-4.737128785075e+00,5.371354119711e+00,9.165736768330e-02
-4.737106578797e+00,1.785474708974e+00,9.343770531091e-02
-4.737039736376e+00,5.141683766699e+00,9.192604408790e-02
-4.736887186843e+00,6.163715239991e+00,9.044620566618e-02
-4.736848208191e+00,6.813740894922e+00,8.892643055057e-02
-4.736808088434e+00,1.281470468299e+00,9.343727948008e-02
-4.736791434817e+00,3.442006199838e+00,9.326053707283e-02
-4.736706185552e+00,2.825998206149e+00,9.343765821343e-02
-4.736596418145e+00,2.023983143943e+00,9.343731612133e-02
-4.736543567269e+00,5.992959954273e+00,9.075381658068e-02
-4.736455830864e+00,8.538646554954e+00,7.591371220634e-02
-4.736443209558e+00,4.830192837648e+00,9.224818659270e-02
-4.736439221726e+00,5.412216955467e+00,9.160715293781e-02
-4.736411811380e+00,1.016476581436e+00,9.343683274988e-02
-4.736256840411e+00,5.781776240463e+00,9.109529309575e-02
-4.736204564732e+00,4.127295808055e+00,9.283234902484e-02
-4.736107669726e+00,2.648820025185e+00,9.343706697915e-02
-4.735879573628e+00,3.817031107965e+00,9.304129265154e-02
-4.735852916199e+00,1.548970467309e+00,9.343651002435e-02
-4.735534451988e+00,5.453802343844e+00,9.155525638096e-02
-4.735518473970e+00,4.699654289102e+00,9.237118855149e-02
-4.735488998798e+00,3.702936445744e+00,9.311209089877e-02
-4.735427873875e+00,7.033531977856e+00,8.823899622330e-02
-4.735340619706e+00,3.004235932674e+00,9.343647263626e-02
-4.735120454126e+00,6.469533569709e+00,8.981403888346e-02
-4.734829798809e+00,3.931537724977e+00,9.296823564936e-02
-4.734783541614e+00,8.068028455453e+00,8.233660186226e-02
-4.734462559262e+00,6.600951087745e+00,8.950207250935e-02
-4.734409328181e+00,5.496104263883e+00,9.150163732873e-02
-4.734402645085e+00,9.117967292901e+00,5.237503493789e-02
-4.734333447522e+00,8.916749340748e+00,6.479043462980e-02
-4.734281571119e+00,6.341171979811e+00,9.009671152620e-02
-4.734143957122e+00,4.961144694238e+00,9.212090594293e-02
-4.734012843045e+00,2.264371828484e+00,9.343503082611e-02
-4.734010366285e+00,8.627446255875e+00,7.406840213629e-02
-4.733704963178e+00,3.589293199727e+00,9.318060116604e-02
-4.733691603736e+00,2.472788237286e+00,9.343479627686e-02
-4.733398545820e+00,5.829107325129e+00,9.102615658185e-02
-4.733227011116e+00,4.405813875292e+00,9.262412136495e-02
-4.733151074762e+00,1.314576458943e+00,9.343394818520e-02
-4.733128020658e+00,1.818857929537e+00,9.343407838885e-02
-4.733058739732e+00,5.539116662430e+00,9.144622571543e-02
-4.732871840575e+00,1.049429127625e+00,9.343360663335e-02
-4.732863305993e+00,4.487628249438e+00,9.255769909366e-02
-4.732562483145e+00,4.324195548262e+00,9.268900241784e-02
-4.732559347550e+00,6.043098634268e+00,9.067270653916e-02
-4.732516559268e+00,7.514769334403e+00,8.622770115458e-02
-4.732418875431e+00,2.057487917602e+00,9.343350992067e-02
-4.732307802410e+00,7.601279886693e+00,8.576201406137e-02
-4.732293724852e+00,4.046415679289e+00,9.289274737626e-02
-4.732263691805e+00,6.735358693183e+00,8.915629660489e-02
-4.732205794390e+00,7.429059403993e+00,8.665347656981e-02
-4.732192761595e+00,6.952675586164e+00,8.851410008197e-02
-4.732106814038e+00,3.329443778669e+00,9.332414791119e-02
-4.732044004500e+00,1.582219457433e+00,9.343303489328e-02
-4.731990911174e+00,6.215931592472e+00,9.035384048036e-02
-4.731867891565e+00,3.183440384521e+00,9.339798894073e-02
-4.731583191755e+00,2.859886372836e+00,9.343298745062e-02
-4.731573616351e+00,7.688580728624e+00,8.525188800984e-02
-4.731477613425e+00,5.582833454301e+00,9.138894758348e-02
-4.731452337145e+00,4.569619225208e+00,9.248991244599e-02
-4.731381478732e+00,7.344160389649e+00,8.704502910444e-02
-4.731261069223e+00,8.159275247911e+00,8.143819934976e-02
-4.731236607975e+00,2.682625836880e+00,9.343262057590e-02
-4.731181911467e+00,4.782073287042e+00,9.229923735996e-02
-4.731006100742e+00,9.320031518558e+00,2.510095940682e-02
-4.730889057196e+00,4.242792395024e+00,9.275260802437e-02
-4.730815535129e+00,8.716426050310e+00,7.188278558814e-02
-4.730575267837e+00,3.476139654863e+00,9.324689043463e-02
-4.730308157200e+00,7.776661490364e+00,8.469082419111e-02
-4.730279210699e+00,5.877104629749e+00,9.095456070221e-02
-4.730196738640e+00,4.912827686082e+00,9.217372152547e-02
-4.730049646291e+00,7.260082547284e+00,8.740629063778e-02
-4.729947017566e+00,3.038193115805e+00,9.343154712724e-02
-4.729660913629e+00,5.627248522453e+00,9.132972479384e-02
-4.729607738465e+00,2.297983594084e+00,9.343100856325e-02
-4.729481819488e+00,1.347680462286e+00,9.343060171689e-02
-4.729321786590e+00,1.082380537738e+00,9.343036752730e-02
-4.729133086386e+00,1.852236928078e+00,9.343043185546e-02
-4.729053265942e+00,2.506499246470e+00,9.343056442526e-02
-4.728975383142e+00,4.651767043084e+00,9.242054494325e-02
-4.728790451098e+00,3.851279838056e+00,9.302555341300e-02
-4.728772437245e+00,9.006297606518e+00,6.040823372155e-02
-4.728690372697e+00,3.737149601607e+00,9.309704184047e-02
-4.728582620989e+00,6.525126200316e+00,8.969695451253e-02
-4.728540300214e+00,5.092417647516e+00,9.198919408447e-02
-4.728505644970e+00,7.865511764785e+00,8.407100773867e-02
-4.728480469625e+00,6.872689988547e+00,8.877094684461e-02
-4.728427265216e+00,6.395401405428e+00,8.999089481548e-02
-4.728294273935e+00,6.093877107114e+00,9.058856413433e-02
-4.728226368038e+00,4.161623218763e+00,9.281472626399e-02
-4.728222993971e+00,2.090987119401e+00,9.342968186194e-02
-4.728220757058e+00,1.615465396870e+00,9.342954200199e-02
-4.728216393790e+00,7.176836094240e+00,8.774056142008e-02
-4.727603642445e+00,5.672355718249e+00,9.126847471198e-02
-4.727440342246e+00,3.965812434700e+00,9.295177644563e-02
-4.727220602500e+00,6.657876169304e+00,8.937200784572e-02
-4.727218625076e+00,9.207886037411e+00,4.366271024089e-02
-4.727186754563e+00,3.623461471781e+00,9.316612108358e-02
-4.727178366060e+00,8.251248441658e+00,8.041745846839e-02
-4.726894033182e+00,5.925761847052e+00,9.088039150893e-02
-4.726869525063e+00,8.805580726845e+00,6.925376985014e-02
-4.726799153193e+00,6.268767328457e+00,9.025786634633e-02
-4.726434637948e+00,2.893762659317e+00,9.342828569250e-02
-4.726341709033e+00,2.716421440063e+00,9.342814548781e-02
-4.726305406162e+00,8.340131972999e+00,7.927251040066e-02
-4.726185572944e+00,3.217452375545e+00,9.338568230242e-02
-4.726160363746e+00,7.955121107872e+00,8.338296010482e-02
-4.726148598695e+00,3.363512899522e+00,9.331113262683e-02
-4.725938635305e+00,5.043938792285e+00,9.204384661996e-02
-4.725887880686e+00,7.094431208761e+00,8.805068427367e-02
-4.725800334946e+00,1.380782403795e+00,9.342724003447e-02
-4.725761656536e+00,1.115330750369e+00,9.342711539600e-02
-4.725730614807e+00,4.864595343574e+00,9.222592639556e-02
-4.725458645801e+00,8.428493268500e+00,7.796874658116e-02
-4.725414037150e+00,4.734051633520e+00,9.234970200525e-02
-4.725300839907e+00,5.718148861656e+00,9.120503103043e-02
-4.725182421766e+00,2.331588264153e+00,9.342696214792e-02
-4.725121802002e+00,1.885611604919e+00,9.342676565972e-02
-4.724594344943e+00,4.080706494887e+00,9.287563845366e-02
-4.724526214203e+00,3.072136633507e+00,9.342658826594e-02
-4.724392889969e+00,2.540201602048e+00,9.342630613935e-02
-4.724383192726e+00,1.648708198341e+00,9.342603166300e-02
-4.724329507889e+00,4.440175740241e+00,9.260465357538e-02
-4.724327163682e+00,3.510254023967e+00,9.323306704430e-02
-4.724297400912e+00,6.793585206940e+00,8.901117642319e-02
-4.724008808051e+00,2.124480637715e+00,9.342583188782e-02
-4.723964168750e+00,4.358542368384e+00,9.267016560255e-02
-4.723921218496e+00,5.238299325646e+00,9.183141570056e-02
-4.723885062769e+00,5.276762291846e+00,9.178663346307e-02
-4.723866548465e+00,8.517045556691e+00,7.646654156337e-02
-4.723764043887e+00,5.200583617013e+00,9.187479956903e-02
-4.723743705716e+00,6.145288942012e+00,9.050123777104e-02
-4.723660535613e+00,4.521998349966e+00,9.253779452661e-02
-4.723650277844e+00,5.315966630041e+00,9.174040002867e-02
-4.723418873995e+00,5.163621018187e+00,9.191675387853e-02
-4.723266661736e+00,8.045479039201e+00,8.261507646303e-02
-4.723238250243e+00,5.975072639518e+00,9.080352778490e-02
-4.723211601223e+00,5.355906421552e+00,9.169265991640e-02
-4.723070328948e+00,7.012878029626e+00,8.833912062531e-02
-4.722891079849e+00,5.127417347875e+00,9.195729480838e-02
-4.722806037016e+00,4.995531088802e+00,9.209765890158e-02
-4.722747584141e+00,5.764621741490e+00,9.113934885272e-02
-4.722583736398e+00,4.277117478547e+00,9.273419746418e-02
-4.722563806980e+00,5.396575714794e+00,9.164320085853e-02
-4.722454718384e+00,9.096004515011e+00,5.468941415612e-02
-4.722263236170e+00,6.450229522984e+00,8.988073545069e-02
-4.722191457894e+00,1.148279704143e+00,9.342385020379e-02
-4.722191359167e+00,9.410297513147e+00,6.608629115658e-06
-4.722170556595e+00,8.894905060820e+00,6.603197397809e-02
-4.722106633922e+00,1.413882209005e+00,9.342386309733e-02
-4.721938339943e+00,4.603990636690e+00,9.246933903450e-02
-4.721856883132e+00,3.771339850930e+00,9.308169708942e-02
-4.721725522001e+00,6.581303225411e+00,8.957487775809e-02
-4.721701705974e+00,5.437968525469e+00,9.159210711596e-02
-4.721665027999e+00,3.885503755842e+00,9.300962988007e-02
-4.721527233249e+00,8.605783655098e+00,7.471721430957e-02
-4.721423035540e+00,2.750206689690e+00,9.342364163437e-02
-4.721307396193e+00,6.322215926051e+00,9.015809126523e-02
-4.721260596981e+00,2.927626910100e+00,9.342355284830e-02
-4.721094194145e+00,1.918981860516e+00,9.342307975056e-02
-4.720750211143e+00,4.816452622316e+00,9.227725598598e-02
-4.720736936551e+00,2.365185715688e+00,9.342289151616e-02
-4.720635176498e+00,3.657608681820e+00,9.315146026192e-02
-4.720620146019e+00,5.480078836800e+00,9.153932403455e-02
-4.720566097211e+00,7.493147949469e+00,8.637918166476e-02
-4.720531330883e+00,1.681947774694e+00,9.342250383089e-02
-4.720474498776e+00,3.251448805882e+00,9.337320315708e-02
-4.720427793597e+00,7.579501073414e+00,8.592715189936e-02
-4.720207730630e+00,4.195919993255e+00,9.279691157654e-02
-4.720185615230e+00,7.407596542067e+00,8.679324027710e-02
-4.720160059108e+00,3.397564642464e+00,9.329788475604e-02
-4.720013206637e+00,4.000060366607e+00,9.293512858430e-02
-4.719938991466e+00,5.811768115706e+00,9.107136515421e-02
-4.719818951582e+00,8.136575042242e+00,8.175232503006e-02
-4.719776352634e+00,2.157968361140e+00,9.342195994091e-02
-4.719770022778e+00,6.932186655812e+00,8.860801194039e-02
-4.719764791812e+00,7.666645585081e+00,8.543220109829e-02
-4.719710528951e+00,2.573895169900e+00,9.342202134704e-02
-4.719650019893e+00,6.715371222456e+00,8.923616523333e-02
-4.719314012018e+00,5.522900599793e+00,9.148478341002e-02
-4.719307137841e+00,6.025030639633e+00,9.072384045225e-02
-4.719292323697e+00,7.322857141954e+00,8.717447271552e-02
-4.719274289886e+00,9.297952353173e+00,3.083644784518e-02
-4.719147020360e+00,4.947199596012e+00,9.215073304674e-02
-4.719144320392e+00,4.686132726952e+00,9.239952492596e-02
-4.719078293373e+00,3.106066320323e+00,9.342159595074e-02
-4.718903041791e+00,6.197327678811e+00,9.041056544727e-02
-4.718611198522e+00,1.181227337744e+00,9.342057191506e-02
-4.718571242840e+00,7.754571118032e+00,8.488854601650e-02
-4.718438852157e+00,8.694702367443e+00,7.265476434207e-02
-4.718400729660e+00,1.446979803520e+00,9.342047086489e-02
-4.718047239223e+00,3.544349112927e+00,9.321906698310e-02
-4.717892261690e+00,7.238940001575e+00,8.752654163699e-02
-4.717778226209e+00,5.566427733402e+00,9.142841327651e-02
-4.717050290055e+00,1.952347595488e+00,9.341937407693e-02
-4.716870216646e+00,5.859581711557e+00,9.100097585330e-02
-4.716855967858e+00,4.114968508901e+00,9.285823911267e-02
-4.716841361554e+00,7.843267268512e+00,8.428882876072e-02
-4.716716883192e+00,8.984393814506e+00,6.199246260802e-02
-4.716665191443e+00,1.715184038884e+00,9.341895846028e-02
-4.716480651011e+00,2.783981441123e+00,9.341910893482e-02
-4.716271327174e+00,2.398775825945e+00,9.341879660386e-02
-4.716061142642e+00,2.961478970150e+00,9.341878882685e-02
-4.716007748401e+00,5.610654124703e+00,9.137013762792e-02
-4.715993308365e+00,6.852367146146e+00,8.885922970884e-02
-4.715991530991e+00,7.155855334783e+00,8.785259029303e-02
-4.715811710701e+00,8.228398564662e+00,8.077335816395e-02
-4.715785092850e+00,6.505649721742e+00,8.976598685954e-02
-4.715525663363e+00,2.191450178484e+00,9.341806596377e-02
-4.715511163379e+00,6.376270834897e+00,9.005430925993e-02
-4.715387693815e+00,4.474500961687e+00,9.258498568279e-02
-4.715378613635e+00,9.185864801264e+00,4.691462055985e-02
-4.715322855356e+00,4.392854503374e+00,9.265107243241e-02
-4.715260192647e+00,4.768404439543e+00,9.232797237042e-02
-4.715096011109e+00,6.075629450104e+00,9.064119192397e-02
-4.715020886647e+00,1.214173589911e+00,9.341728049428e-02
-4.715006236832e+00,2.607579816252e+00,9.341770997601e-02
-4.714988670307e+00,3.805506981733e+00,9.306616751874e-02
-4.714966140637e+00,4.898949335351e+00,9.220319844483e-02
-4.714734764393e+00,3.285429500633e+00,9.336055138682e-02
-4.714682635857e+00,1.480075113030e+00,9.341706329663e-02
-4.714599590310e+00,8.783796483778e+00,7.018741623091e-02
-4.714569426881e+00,7.932723595851e+00,8.362415001621e-02
-4.714544852284e+00,6.638057975019e+00,8.944751113511e-02
-4.714503456182e+00,3.919702640609e+00,9.299346484073e-02
-4.714412184062e+00,4.556329811807e+00,9.251757526182e-02
-4.714254077438e+00,5.078281706815e+00,9.201980249146e-02
-4.714236769351e+00,4.311409797668e+00,9.271559044009e-02
-4.714141301713e+00,3.431598823070e+00,9.328443466267e-02
-4.714050357933e+00,3.691734626918e+00,9.313661888212e-02
-4.713997576108e+00,5.655573629155e+00,9.130987534466e-02
-4.713767720812e+00,6.249986828258e+00,9.031637385133e-02
-4.713603339830e+00,3.139982011322e+00,9.341657007952e-02
-4.713596296102e+00,7.073613316310e+00,8.815533078150e-02
-4.713536453136e+00,5.908056225760e+00,9.092807038264e-02
-4.713504737308e+00,8.318655735109e+00,7.966962771591e-02
-4.712990117571e+00,1.985708710659e+00,9.341564858775e-02
-4.712784794850e+00,1.748416903987e+00,9.341539550580e-02
-4.712763517286e+00,8.406954391697e+00,7.842337930788e-02
-4.712548555836e+00,4.034281291621e+00,9.291829264812e-02
-4.712377533607e+00,4.638321378041e+00,9.244856232168e-02
-4.712148839917e+00,4.230185885707e+00,9.277887873420e-02
-4.711785638738e+00,2.432358472445e+00,9.341467734683e-02
-4.711749781858e+00,8.022929622949e+00,8.288364744038e-02
-4.711746593633e+00,6.773429518957e+00,8.909418269018e-02
-4.711742744763e+00,5.701180070803e+00,9.124742838194e-02
-4.711735612522e+00,3.578424728227e+00,9.320484608471e-02
-4.711514619841e+00,2.817745550103e+00,9.341454730810e-02
-4.711420530874e+00,1.247118399423e+00,9.341397590597e-02
-4.711413895720e+00,5.029864889213e+00,9.207408869530e-02
-4.711277266066e+00,8.495444558429e+00,7.699205156774e-02
-4.711256776561e+00,2.224925978757e+00,9.341414989889e-02
-4.710952366659e+00,1.513168063316e+00,9.341364035209e-02
-4.710836349676e+00,2.995318684862e+00,9.341399353660e-02
-4.710712784021e+00,6.992224081395e+00,8.843711499742e-02
-4.710600224588e+00,6.126862644033e+00,9.055543539228e-02
-4.710568031630e+00,9.388160948939e+00,1.008867507036e-02
-4.710506791683e+00,9.074041737121e+00,5.678006087057e-02
-4.710280068362e+00,2.641255407685e+00,9.341337195375e-02
-4.710267993116e+00,4.850785290476e+00,9.225505923131e-02
-4.710079526740e+00,1.562500050003e-02,9.343702228454e-02
-4.710061933628e+00,4.687500150008e-02,9.343407538208e-02
-4.710044340517e+00,7.812500250013e-02,9.343131282249e-02
-4.710026747405e+00,1.093750035002e-01,9.342873553699e-02
-4.710009154294e+00,1.406250045003e-01,9.342634439740e-02
-4.710007665668e+00,8.873060780891e+00,6.718367435144e-02
-4.709991561182e+00,1.718750055004e-01,9.342414021518e-02
-4.709973968071e+00,2.031250065004e-01,9.342212374058e-02
-4.709956374959e+00,2.343750075005e-01,9.342029566184e-02
-4.709938781848e+00,2.656250085006e-01,9.341865660445e-02
-4.709932933217e+00,5.957185324764e+00,9.085253117142e-02
-4.709921188737e+00,2.968750095005e-01,9.341720713050e-02
-4.709903595625e+00,3.281250105004e-01,9.341594773804e-02
-4.709887057504e+00,5.261704556317e+00,9.182010125448e-02
-4.709886002514e+00,3.593750115004e-01,9.341487886060e-02
-4.709884169837e+00,5.223438001768e+00,9.186421085994e-02
-4.709868409402e+00,3.906250125003e-01,9.341400086664e-02
-4.709850816291e+00,4.218750135002e-01,9.341331405924e-02
-4.709833223179e+00,4.531250145001e-01,9.341281867570e-02
-4.709815630068e+00,4.843750155000e-01,9.341251488731e-02
-4.709780373602e+00,5.156250165000e-01,9.341238651482e-02
-4.709727453782e+00,5.468750175001e-01,9.341233772593e-02
-4.709692228996e+00,5.300713435003e+00,9.177456662062e-02
-4.709688869286e+00,5.185919652663e+00,9.190694695996e-02
-4.709674533961e+00,5.781250185002e-01,9.341228893616e-02
-4.709621614141e+00,6.093750195003e-01,9.341224014550e-02
-4.709568694320e+00,6.406250205003e-01,9.341219135397e-02
-4.709515774500e+00,6.718750215004e-01,9.341214256155e-02
-4.709462854679e+00,7.031250225005e-01,9.341209376824e-02
-4.709409934859e+00,7.343750235006e-01,9.341204497406e-02
-4.709406018214e+00,6.430925476260e+00,8.994629909296e-02
-4.709357015038e+00,7.656250245005e-01,9.341199617899e-02
-4.709306495309e+00,5.149155356956e+00,9.194828194840e-02
-4.709304095218e+00,7.968750255004e-01,9.341194738304e-02
-4.709294417369e+00,5.340458723392e+00,9.172754774619e-02
-4.709265263533e+00,4.720455673808e+00,9.237810846044e-02
-4.709251175398e+00,8.281250265003e-01,9.341189858621e-02
-4.709238327871e+00,5.747467242517e+00,9.118282433545e-02
-4.709198255577e+00,8.593750275003e-01,9.341184978849e-02
-4.709145335757e+00,8.906250285002e-01,9.341180098990e-02
-4.709092415936e+00,9.218750295001e-01,9.341175219041e-02
-4.709078769774e+00,4.149201484303e+00,9.284064723165e-02
-4.709044100212e+00,8.584121054321e+00,7.533144091488e-02
-4.709039496116e+00,9.531250305001e-01,9.341170339005e-02
-4.708988484740e+00,6.561655363076e+00,8.964638337861e-02
-4.708986576295e+00,9.843750315000e-01,9.341165458880e-02
-4.708966466199e+00,3.319394285476e+00,9.334772691055e-02
-4.708913705137e+00,2.019065107011e+00,9.341190323193e-02
-4.708890162077e+00,1.781646283207e+00,9.341181492212e-02
-4.708742423323e+00,5.113150929051e+00,9.198822267824e-02
-4.708688392234e+00,5.380934474120e+00,9.167883487190e-02
-4.708615635154e+00,7.471526564535e+00,8.652660494806e-02
-4.708547784784e+00,7.557722260134e+00,8.608773807134e-02
-4.708376833940e+00,8.113874836574e+00,8.205392961041e-02
-4.708333221268e+00,6.303259872291e+00,9.021847736549e-02
-4.708165436068e+00,7.386133680142e+00,8.692947548414e-02
-4.708101439349e+00,3.173883542062e+00,9.341151054962e-02
-4.708092434067e+00,3.465615257568e+00,9.327080796000e-02
-4.708085875703e+00,3.839650782913e+00,9.305045343950e-02
-4.708044389570e+00,4.981520803166e+00,9.212753667903e-02
-4.707955967273e+00,7.644710441537e+00,8.560732251799e-02
-4.707868959961e+00,5.422134707095e+00,9.162852796251e-02
-4.707810140177e+00,1.280061705116e+00,9.341065811472e-02
-4.707542479029e+00,9.275873187789e+00,3.573553267385e-02
-4.707432429027e+00,3.725839104968e+00,9.312159719144e-02
-4.707347283961e+00,6.911697725459e+00,8.869999208990e-02
-4.707305888817e+00,3.953876272606e+00,9.297703320846e-02
-4.707279917086e+00,2.465933533001e+00,9.341053368070e-02
-4.707209936664e+00,1.546258580249e+00,9.341020199085e-02
-4.707203168662e+00,7.301553894258e+00,8.730077204616e-02
-4.707201452588e+00,1.016393194487e+00,9.341001286880e-02
-4.707036347981e+00,6.695383751729e+00,8.931453304237e-02
-4.706969729226e+00,2.258395651203e+00,9.341020586532e-02
-4.706834328480e+00,7.732480745701e+00,8.508031021212e-02
-4.706830963857e+00,5.464053409718e+00,9.157656400400e-02
-4.706638755080e+00,4.427131691906e+00,9.263164191708e-02
-4.706525007310e+00,2.851498872762e+00,9.340995667283e-02
-4.706479437113e+00,5.794428906282e+00,9.111596795010e-02
-4.706401792961e+00,4.508789270359e+00,9.256511917467e-02
-4.706062169185e+00,8.672978684576e+00,7.338207039297e-02
-4.706054928132e+00,6.006962644998e+00,9.077423307902e-02
-4.705848356442e+00,4.345669099268e+00,9.269678806719e-02
-4.705815172408e+00,6.178723765150e+00,9.046641404619e-02
-4.705734877088e+00,7.217797455866e+00,8.764397881476e-02
-4.705586293770e+00,3.029145900082e+00,9.340916688557e-02
-4.705569284304e+00,5.506684537156e+00,9.152287659423e-02
-4.705532079113e+00,2.674921811087e+00,9.340900720754e-02
-4.705392402801e+00,3.612480677097e+00,9.319038813565e-02
-4.705177078137e+00,7.821022772239e+00,8.449976776749e-02
-4.705118487559e+00,4.590622358011e+00,9.249704297308e-02
-4.705057212729e+00,4.802712406983e+00,9.230603686622e-02
-4.705046555086e+00,4.068474981671e+00,9.290125947741e-02
-4.704981314627e+00,1.814872089872e+00,9.340821666394e-02
-4.704821081805e+00,2.052416685690e+00,9.340813795838e-02
-4.704661329139e+00,8.962490022493e+00,6.344822513536e-02
-4.704445055342e+00,8.205548687665e+00,8.111473370485e-02
-4.704189723904e+00,1.313003445884e+00,9.340732708518e-02
-4.704150083597e+00,4.933254497785e+00,9.218026001323e-02
-4.704078838994e+00,5.550022012502e+00,9.146739569480e-02
-4.704049884771e+00,4.264420651477e+00,9.276050186870e-02
-4.703766668191e+00,7.134874575326e+00,8.796209110517e-02
-4.703680202411e+00,1.049179089596e+00,9.340677174555e-02
-4.703538602193e+00,9.163843565116e+00,4.979913392069e-02
-4.703506147104e+00,6.832044303745e+00,8.894566744350e-02
-4.703461222592e+00,5.842058793365e+00,9.104675817247e-02
-4.703455360922e+00,1.579346589790e+00,9.340674817254e-02
-4.703169701653e+00,3.353342986682e+00,9.333472968661e-02
-4.702987564711e+00,6.486173243168e+00,8.983382284290e-02
-4.702978490017e+00,7.910326083831e+00,8.385733214579e-02
-4.702770166814e+00,4.672611164802e+00,9.242758425288e-02
-4.702754208799e+00,2.499500885723e+00,9.340636554101e-02
-4.702664559025e+00,2.291859085301e+00,9.340623742754e-02
-4.702595061541e+00,6.357140264366e+00,9.011667696436e-02
-4.702572678703e+00,3.207770748624e+00,9.340641725790e-02
-4.702354583172e+00,5.594059726952e+00,9.141004736295e-02
-4.702329655556e+00,8.762012240711e+00,7.106196811269e-02
-4.702013564832e+00,3.499613762867e+00,9.325700467193e-02
-4.701897748283e+00,6.057381793094e+00,9.069304277487e-02
-4.701869102069e+00,6.618239780734e+00,8.952163839271e-02
-4.701511879570e+00,2.885241265630e+00,9.340533694738e-02
-4.701304711518e+00,7.052795423858e+00,8.825769758716e-02
-4.701262928341e+00,4.183405185099e+00,9.282286362509e-02
-4.701148642097e+00,3.873771044214e+00,9.303455524244e-02
-4.701058274528e+00,1.848094237452e+00,9.340460068598e-02
-4.700781521170e+00,3.759921914670e+00,9.310632517368e-02
-4.700762325473e+00,2.708578893673e+00,9.340461395921e-02
-4.700736288431e+00,6.231206328058e+00,9.037396021018e-02
-4.700712277225e+00,2.085763348022e+00,9.340435271599e-02
-4.700704068454e+00,8.297179497219e+00,8.004977187450e-02
-4.700559291776e+00,1.345943560679e+00,9.340398278207e-02
-4.700391509770e+00,5.638791540062e+00,9.135071825870e-02
-4.700311051547e+00,3.062960462126e+00,9.340430610435e-02
-4.700232901980e+00,8.000380206697e+00,8.314282592504e-02
-4.700178873091e+00,5.890350604468e+00,9.097508769628e-02
-4.700151109762e+00,1.081964101090e+00,9.340351953707e-02
-4.700072480410e+00,3.988024433021e+00,9.296041311777e-02
-4.700068388771e+00,8.385415514893e+00,7.885753321966e-02
-4.699967854661e+00,5.064145766115e+00,9.205009905816e-02
-4.699735542634e+00,4.885070984620e+00,9.223238066809e-02
-4.699688654937e+00,1.612432017979e+00,9.340327885685e-02
-4.699338473828e+00,4.754735592045e+00,9.235642408624e-02
-4.699195786353e+00,6.753273830974e+00,8.917559530061e-02
-4.699017730456e+00,3.646516767495e+00,9.317574962785e-02
-4.698944704093e+00,9.366024384731e+00,1.829514636596e-02
-4.698687983667e+00,8.473843560167e+00,7.749220805568e-02
-4.698558864983e+00,9.052078959231e+00,5.867787284246e-02
-4.698355239094e+00,6.971570133165e+00,8.853304654095e-02
-4.698341304297e+00,2.325316170766e+00,9.340224673088e-02
-4.698208561206e+00,2.533060408991e+00,9.340217286316e-02
-4.698184649619e+00,5.684211279951e+00,9.128928096049e-02
-4.697912081638e+00,4.461373673936e+00,9.261201154218e-02
-4.697844774741e+00,8.851216500963e+00,6.825492033153e-02
-4.697507370984e+00,4.102641209746e+00,9.288389050533e-02
-4.697456743461e+00,6.108436346055e+00,9.060881805811e-02
-4.697418699596e+00,4.379895131456e+00,9.267776778937e-02
-4.697372030978e+00,4.543040398407e+00,9.254497126258e-02
-4.697344569267e+00,3.387275431133e+00,9.332155692370e-02
-4.697121064333e+00,1.881312639558e+00,9.340096694298e-02
-4.697017145651e+00,3.241643467649e+00,9.339654664153e-02
-4.696934716299e+00,8.091174630905e+00,8.234374289053e-02
-4.696918853882e+00,1.378881988519e+00,9.340062517018e-02
-4.696889156135e+00,5.015790986141e+00,9.210402458738e-02
-4.696667775971e+00,7.535943446855e+00,8.624383847741e-02
-4.696665173098e+00,7.449905179601e+00,8.667020324596e-02
-4.696627616190e+00,5.939298010009e+00,9.090084246626e-02
-4.696614180170e+00,1.114748181209e+00,9.340025621317e-02
-4.696587321652e+00,2.119104995513e+00,9.340054745364e-02
-4.696560967176e+00,8.562458453544e+00,7.591376291363e-02
-4.696548800257e+00,6.411621429535e+00,9.001075899492e-02
-4.696475303642e+00,2.918972585657e+00,9.340068804979e-02
-4.696251447478e+00,6.542007500741e+00,8.971662432069e-02
-4.696147142733e+00,7.622775297994e+00,8.577747086110e-02
-4.696145256908e+00,7.364670818216e+00,8.706231275429e-02
-4.695970864634e+00,2.742226523014e+00,9.340018632737e-02
-4.695911055557e+00,4.298624047075e+00,9.274192876767e-02
-4.695909834660e+00,1.645514790966e+00,9.339979400351e-02
-4.695904803796e+00,3.533594156516e+00,9.324302487353e-02
-4.695889052238e+00,5.246646820788e+00,9.185320458428e-02
-4.695847121178e+00,5.208576677889e+00,9.189665427352e-02
-4.695810668173e+00,9.253794022405e+00,3.996862632351e-02
-4.695779684072e+00,4.624875712998e+00,9.247630764468e-02
-4.695734180147e+00,5.285460239966e+00,9.180835538291e-02
-4.695729071601e+00,5.730312743544e+00,9.122573164709e-02
-4.695613694685e+00,5.171255688312e+00,9.193875470782e-02
-4.695377233517e+00,5.325011025232e+00,9.176203416160e-02
-4.695359046342e+00,6.284303818531e+00,9.027789439405e-02
-4.695194116623e+00,5.134689695725e+00,9.197948175889e-02
-4.695114013628e+00,7.280250646563e+00,8.742403929757e-02
-4.695097414120e+00,7.710390373369e+00,8.526637884362e-02
-4.695010700559e+00,3.096762217795e+00,9.339940624457e-02
-4.694924545143e+00,6.891208795107e+00,8.879009963036e-02
-4.694812977488e+00,5.365293233447e+00,9.171406272449e-02
-4.694805371424e+00,4.836975237379e+00,9.228389799735e-02
-4.694593766797e+00,5.098884510227e+00,9.201883325706e-02
-4.694422676068e+00,6.675396281003e+00,8.939144225484e-02
-4.694177113554e+00,3.907867556241e+00,9.301846595184e-02
-4.694097766985e+00,3.793982855502e+00,9.309082030768e-02
-4.694036213947e+00,5.406300888720e+00,9.166452706850e-02
-4.694000004055e+00,2.358766797542e+00,9.339823371809e-02
-4.693685486213e+00,8.651255001709e+00,7.406845682142e-02
-4.693643022383e+00,2.566611981459e+00,9.339795558243e-02
-4.693577492487e+00,7.196654910157e+00,8.775869912957e-02
-4.693512794721e+00,7.798778275966e+00,8.470414165440e-02
-4.693408622638e+00,4.217579376389e+00,9.280488922978e-02
-4.693282742125e+00,4.967510517529e+00,9.215711400226e-02
-4.693268420685e+00,1.411818668478e+00,9.339725421434e-02
-4.693169707126e+00,1.914527209918e+00,9.339731538973e-02
-4.693116489916e+00,4.706859714095e+00,9.240623675261e-02
-4.693078399983e+00,8.182698810670e+00,8.144261364325e-02
-4.693069419454e+00,1.147531282217e+00,9.339698174370e-02
-4.693041781696e+00,5.448027982635e+00,9.161336581315e-02
-4.693019882759e+00,5.777089696859e+00,9.115997778201e-02
-4.692803386820e+00,4.022146903953e+00,9.294360514242e-02
-4.692802718423e+00,5.988894650363e+00,9.082390113591e-02
-4.692727303025e+00,6.160119851489e+00,9.052140711025e-02
-4.692611717067e+00,3.680532808091e+00,9.316093073550e-02
-4.692605775086e+00,8.940586230481e+00,6.479050490903e-02
-4.692446245934e+00,2.152441529869e+00,9.339672212020e-02
-4.692118916489e+00,1.678594835008e+00,9.339628864921e-02
-4.691824556590e+00,5.490468474519e+00,9.156051430129e-02
-4.691698590752e+00,9.141822328968e+00,5.237511581856e-02
-4.691541805392e+00,7.113893815870e+00,8.806914807890e-02
-4.691491168609e+00,3.421191446302e+00,9.330812635487e-02
-4.691434928952e+00,3.275501536302e+00,9.338391239931e-02
-4.691415347412e+00,2.952692690209e+00,9.339600989781e-02
-4.691387553152e+00,7.887928571810e+00,8.408289329645e-02
-4.691157754587e+00,2.775864567046e+00,9.339573176393e-02
-4.691018985843e+00,6.811721461343e+00,8.903032038616e-02
-4.690379451779e+00,5.533616291603e+00,9.150590436020e-02
-4.690190036572e+00,6.466696764595e+00,8.990049382304e-02
-4.690059720803e+00,8.740227997644e+00,7.188284464192e-02
-4.690052228539e+00,5.824535875172e+00,9.109192123507e-02
-4.689931171510e+00,4.136779749842e+00,9.286632920819e-02
-4.689766261867e+00,3.567556256727e+00,9.322886869436e-02
-4.689685319280e+00,3.130551014374e+00,9.339447476783e-02
-4.689678959703e+00,6.338009693835e+00,9.017802424354e-02
-4.689640697983e+00,2.392210855806e+00,9.339419833191e-02
-4.689608003021e+00,1.444753539687e+00,9.339386987947e-02
-4.689516833726e+00,1.180313356424e+00,9.339369609859e-02
-4.689364214314e+00,4.788972191650e+00,9.233453412780e-02
-4.689204226518e+00,1.947737862404e+00,9.339364598105e-02
-4.689193351853e+00,6.598421586449e+00,8.959442730446e-02
-4.689153146835e+00,4.919309399558e+00,9.220949195219e-02
-4.689143050308e+00,4.495580190751e+00,9.259218278364e-02
-4.689057641135e+00,2.600155482095e+00,9.339371363396e-02
-4.689013126934e+00,7.031977531406e+00,8.835785820601e-02
-4.688948002271e+00,4.414087643571e+00,9.265837422405e-02
-4.688716022103e+00,7.977830790445e+00,8.339308890744e-02
-4.688701417943e+00,5.577465329202e+00,9.144946404344e-02
-4.688699485457e+00,6.039134136084e+00,9.074413447405e-02
-4.688658484903e+00,8.274942164782e+00,8.041820070794e-02
-4.688315917275e+00,1.711672076450e+00,9.339276698562e-02
-4.688298635174e+00,4.577254079332e+00,9.252447976496e-02
-4.688289081521e+00,2.185772852975e+00,9.339287666452e-02
-4.687732544135e+00,4.332795830152e+00,9.272316053547e-02
-4.687704856050e+00,6.212425827858e+00,9.043064767296e-02
-4.687381300307e+00,3.828021727771e+00,9.307513112055e-02
-4.687373260256e+00,8.363876638090e+00,7.927255346401e-02
-4.687321376556e+00,9.343887820523e+00,2.510102345570e-02
-4.687171435389e+00,3.941940110511e+00,9.300206160462e-02
-4.686821293045e+00,5.872644983176e+00,9.102145784645e-02
-4.686785443433e+00,5.622009450968e+00,9.139104904835e-02
-4.686644979074e+00,6.733118142991e+00,8.925545995627e-02
-4.686610938282e+00,9.030116181341e+00,6.040830923927e-02
-4.686396013237e+00,4.659089602652e+00,9.245537120986e-02
-4.686332079646e+00,2.986401437050e+00,9.339130240890e-02
-4.686323054130e+00,2.809492894057e+00,9.339125019605e-02
-4.686174485358e+00,3.714528608330e+00,9.314593169861e-02
-4.686098701268e+00,8.452242561905e+00,7.796879284131e-02
-4.685997694167e+00,6.950916184935e+00,8.862697971805e-02
-4.685956429385e+00,1.213094356183e+00,9.339039924784e-02
-4.685937612096e+00,1.477686541345e+00,9.339047213054e-02
-4.685826118359e+00,3.309344792282e+00,9.337110561089e-02
-4.685681883814e+00,8.829372221034e+00,6.925383366898e-02
-4.685681631885e+00,5.050009825414e+00,9.208008910547e-02
-4.685609600297e+00,3.455090860272e+00,9.329451935045e-02
-4.685516033144e+00,4.251723824406e+00,9.278656105884e-02
-4.685498765231e+00,4.056243468456e+00,9.292660995775e-02
-4.685492598657e+00,8.068474425237e+00,8.262303666404e-02
-4.685263426438e+00,2.425648235973e+00,9.339014051499e-02
-4.685224646635e+00,1.980944511063e+00,9.338995867175e-02
-4.684787767158e+00,7.514164633576e+00,8.639543661890e-02
-4.684714711041e+00,7.428283794667e+00,8.681012179602e-02
-4.684626554475e+00,5.667242489098e+00,9.133059991037e-02
-4.684504944631e+00,4.871192633888e+00,9.226127320169e-02
-4.684500854316e+00,1.744746441742e+00,9.338922965842e-02
-4.684452466998e+00,2.633690790184e+00,9.338944695278e-02
-4.684338318194e+00,7.600840154451e+00,8.594285275999e-02
-4.684334987132e+00,3.164326699602e+00,9.338951158142e-02
-4.684313262334e+00,6.090010048076e+00,9.066140471427e-02
-4.684125077746e+00,7.343207956291e+00,8.719187639733e-02
-4.684115860464e+00,2.219098866902e+00,9.338901103545e-02
-4.684078857316e+00,9.231714857020e+00,4.366279192140e-02
-4.684077834139e+00,8.540795852768e+00,7.646659134013e-02
-4.683691582301e+00,6.392317382811e+00,9.007414337887e-02
-4.683598051039e+00,3.601499882412e+00,9.321444309723e-02
-4.683514410217e+00,6.522359638407e+00,8.978563432897e-02
-4.683416755008e+00,4.741066744546e+00,9.238459730271e-02
-4.683360499760e+00,7.688300001038e+00,8.544699900261e-02
-4.683322299164e+00,5.921410695255e+00,9.094847695114e-02
-4.683024858593e+00,7.258947398867e+00,8.754438148879e-02
-4.682501806326e+00,6.870719864754e+00,8.887829831518e-02
-4.682388213122e+00,1.245874233876e+00,9.338709116150e-02
-4.682384871417e+00,6.265347764772e+00,9.033636614186e-02
-4.682364416550e+00,5.001717083069e+00,9.213365950984e-02
-4.682318126051e+00,4.170890376942e+00,9.284857639070e-02
-4.682257259484e+00,1.510617612730e+00,9.338706093260e-02
-4.682219815332e+00,5.713158244570e+00,9.126808257055e-02
-4.681891046973e+00,5.231589085259e+00,9.188595000135e-02
-4.681848511305e+00,7.776533779693e+00,8.490224837537e-02
-4.681810072520e+00,5.193715354010e+00,9.192875218588e-02
-4.681809004156e+00,6.655408810276e+00,8.946693356805e-02
-4.681776131299e+00,5.270207044928e+00,9.184177318794e-02
-4.681711744624e+00,8.159848933674e+00,8.175777426456e-02
-4.681538520084e+00,5.156591723961e+00,9.197022877072e-02
-4.681466822865e+00,2.843111372687e+00,9.338674155070e-02
-4.681460049664e+00,5.309563327072e+00,9.179613640650e-02
-4.681420107885e+00,7.175512364447e+00,8.787079521691e-02
-4.681308803241e+00,8.629531318842e+00,7.471726795742e-02
-4.681230992130e+00,2.014147070078e+00,9.338625341669e-02
-4.681225569974e+00,3.020098684359e+00,9.338656550022e-02
-4.681081737937e+00,5.120224034494e+00,9.201035900286e-02
-4.680937562742e+00,5.349651992774e+00,9.174889197935e-02
-4.680868230436e+00,2.459078828715e+00,9.338606020992e-02
-4.680673745358e+00,1.777817857440e+00,9.338567662791e-02
-4.680632256195e+00,3.862038332587e+00,9.305925799506e-02
-4.680550221033e+00,8.918682438469e+00,6.603204291038e-02
-4.680540536471e+00,1.562500050003e-02,9.341005524845e-02
-4.680527969963e+00,4.687500150008e-02,9.340706478766e-02
-4.680515403455e+00,7.812500250013e-02,9.340426163540e-02
-4.680502836947e+00,1.093750035002e-01,9.340164675024e-02
-4.680490270438e+00,1.406250045003e-01,9.339922102950e-02
-4.680477703930e+00,1.718750055004e-01,9.339698530833e-02
-4.680465137422e+00,2.031250065004e-01,9.339494035878e-02
-4.680452570914e+00,2.343750075005e-01,9.339308688896e-02
-4.680445110271e+00,5.084618091403e+00,9.204913198331e-02
-4.680440004406e+00,2.656250085006e-01,9.339142554232e-02
-4.680436469461e+00,4.448246386185e+00,9.263878104777e-02
-4.680427437898e+00,2.968750095005e-01,9.338995689691e-02
-4.680414871389e+00,3.281250105004e-01,9.338868146476e-02
-4.680402304881e+00,3.593750115004e-01,9.338759969134e-02
-4.680389738373e+00,3.906250125003e-01,9.338671195504e-02
-4.680377171865e+00,4.218750135002e-01,9.338601856678e-02
-4.680364605357e+00,4.531250145001e-01,9.338551976966e-02
-4.680352038849e+00,4.843750155000e-01,9.338521573869e-02
-4.680331877895e+00,4.529750985006e+00,9.257210494252e-02
-4.680326855659e+00,5.156250165000e-01,9.338509483067e-02
-4.680289055787e+00,5.468750175001e-01,9.338505962731e-02
-4.680251255915e+00,5.781250185002e-01,9.338502442350e-02
-4.680213456043e+00,6.093750195003e-01,9.338498921922e-02
-4.680203467933e+00,5.390467070345e+00,9.170011238632e-02
-4.680190804612e+00,3.343173073842e+00,9.335812622953e-02
-4.680175656172e+00,6.406250205003e-01,9.338495401449e-02
-4.680137856300e+00,6.718750215004e-01,9.338491880929e-02
-4.680131754184e+00,3.975988499435e+00,9.298546900131e-02
-4.680100056428e+00,7.031250225005e-01,9.338488360364e-02
-4.680062256556e+00,7.343750235006e-01,9.338484839752e-02
-4.680024456685e+00,7.656250245005e-01,9.338481319095e-02
-4.679986656813e+00,7.968750255004e-01,9.338477798392e-02
-4.679948856941e+00,8.281250265003e-01,9.338474277643e-02
-4.679926615406e+00,2.252419473923e+00,9.338512518183e-02
-4.679911057069e+00,8.593750275003e-01,9.338470756848e-02
-4.679873257198e+00,8.906250285002e-01,9.338467236007e-02
-4.679858579310e+00,9.119801092820e+00,5.468949431795e-02
-4.679835457326e+00,9.218750295001e-01,9.338463715120e-02
-4.679827550252e+00,2.667217785293e+00,9.338515547378e-02
-4.679797657454e+00,9.531250305001e-01,9.338460194188e-02
-4.679796616287e+00,7.865531059790e+00,8.430119604280e-02
-4.679759857582e+00,9.843750315000e-01,9.338456673209e-02
-4.679706159208e+00,3.748503978410e+00,9.313073510478e-02
-4.679699965982e+00,3.488973501767e+00,9.328073592870e-02
-4.679639433642e+00,6.141515937828e+00,9.057556484090e-02
-4.679560328405e+00,5.759750487436e+00,9.120340711855e-02
-4.679550508714e+00,5.970826655729e+00,9.087286085967e-02
-4.679514543837e+00,4.366935759537e+00,9.270419842285e-02
-4.679342749733e+00,4.823165184281e+00,9.231244107759e-02
-4.679316942592e+00,7.092913056413e+00,8.817384180773e-02
-4.679252599534e+00,5.432002555552e+00,9.164973782957e-02
-4.679181834537e+00,4.611430047954e+00,9.250378549519e-02
-4.678959784462e+00,3.198089121703e+00,9.338451659223e-02
-4.678812191919e+00,1.278652941933e+00,9.338377180970e-02
-4.678566957129e+00,1.543546693190e+00,9.338363625074e-02
-4.678531824583e+00,6.791398618942e+00,8.911332851095e-02
-4.678521094680e+00,4.953500231893e+00,9.218639597369e-02
-4.678158774110e+00,4.090313910592e+00,9.290930717313e-02
-4.678079828876e+00,5.474252411882e+00,9.159770534193e-02
-4.678069147853e+00,9.434119658823e+00,6.608629086638e-06
-4.677991093795e+00,1.016309807538e+00,9.338292368905e-02
-4.677789786050e+00,8.718443754577e+00,7.265482224595e-02
-4.677585341763e+00,4.285838296481e+00,9.276802157095e-02
-4.677400284414e+00,3.635424853170e+00,9.319982664946e-02
-4.677392508433e+00,6.447220286021e+00,8.996603010742e-02
-4.677367986654e+00,8.251943737798e+00,8.077541836270e-02
-4.677223288178e+00,2.047345453777e+00,9.338253017078e-02
-4.677199142225e+00,7.955281374193e+00,8.363488201094e-02
-4.676967716299e+00,4.693263754383e+00,9.243409157965e-02
-4.676834608596e+00,1.810886250207e+00,9.338210785444e-02
-4.676762857865e+00,6.318879123304e+00,9.023837656638e-02
-4.676721542350e+00,7.011159638955e+00,8.845588308923e-02
-4.676680064563e+00,5.517210570704e+00,9.154394855682e-02
-4.676643234485e+00,5.807012956980e+00,9.113647824670e-02
-4.676589121192e+00,2.876719871943e+00,9.338220575462e-02
-4.676517601638e+00,6.578603392164e+00,8.966591423209e-02
-4.676455151656e+00,2.492502524974e+00,9.338195735923e-02
-4.676095888892e+00,3.053784290746e+00,9.338179908864e-02
-4.675721379585e+00,2.285734576518e+00,9.338121905248e-02
-4.675698049019e+00,9.321751256315e+00,3.083652033985e-02
-4.675501222631e+00,6.020886479074e+00,9.079448429000e-02
-4.675228373046e+00,1.311430432826e+00,9.338044116261e-02
-4.675182941913e+00,2.700736347284e+00,9.338083913172e-02
-4.675048252715e+00,5.560870931451e+00,9.148839745968e-02
-4.674866717345e+00,1.576473722146e+00,9.338019805013e-02
-4.674678131740e+00,8.342337761286e+00,7.966967005538e-02
-4.674673423669e+00,6.193645327659e+00,9.048645780381e-02
-4.674668405359e+00,4.204972867072e+00,9.283063297940e-02
-4.674663011581e+00,9.008153403451e+00,6.199253682686e-02
-4.674529079426e+00,3.376986219802e+00,9.334497425032e-02
-4.674488564247e+00,1.048929051566e+00,9.337966728548e-02
-4.674156210072e+00,4.905364301332e+00,9.223843386337e-02
-4.674094171795e+00,6.712962455008e+00,8.933382067493e-02
-4.674050481016e+00,8.045774219568e+00,8.289236462383e-02
-4.673850770926e+00,3.896032471873e+00,9.304320139820e-02
-4.673762368369e+00,3.522839200105e+00,9.326677615868e-02
-4.673671215900e+00,4.775231976317e+00,9.236275256013e-02
-4.673640149241e+00,6.930262236704e+00,8.871897638917e-02
-4.673559792527e+00,3.231838129418e+00,9.337948970674e-02
-4.673518992886e+00,8.807527941105e+00,7.018747879090e-02
-4.673509418869e+00,8.430641563642e+00,7.842342475987e-02
-4.673463713000e+00,5.854939361884e+00,9.106719483170e-02
-4.673206863664e+00,3.782458729270e+00,9.311525467214e-02
-4.673201560479e+00,2.080539576643e+00,9.337878888893e-02
-4.673179377095e+00,5.605227361874e+00,9.143087799274e-02
-4.673058217805e+00,4.010012516284e+00,9.296868870691e-02
-4.672983462670e+00,1.843951546825e+00,9.337852329844e-02
-4.672907758345e+00,7.492385820296e+00,8.654304104449e-02
-4.672764248985e+00,7.406662409733e+00,8.694649869805e-02
-4.672529493655e+00,7.578905010908e+00,8.610366369001e-02
-4.672347046459e+00,9.209635691636e+00,4.691470306684e-02
-4.672104898586e+00,7.321745094365e+00,8.731828483667e-02
-4.672024232444e+00,2.525919215934e+00,9.337783190538e-02
-4.671884307656e+00,4.482371111143e+00,9.261898972515e-02
-4.671690010303e+00,2.910318261213e+00,9.337764273436e-02
-4.671636764063e+00,1.344206659073e+00,9.337709919050e-02
-4.671623585400e+00,7.666209628706e+00,8.562240385478e-02
-4.671594701103e+00,8.519133251991e+00,7.699210044187e-02
-4.671500186828e+00,2.319044077378e+00,9.337729259620e-02
-4.671478782790e+00,4.563885800653e+00,9.255165390005e-02
-4.671395409109e+00,5.035873884713e+00,9.210977783939e-02
-4.671257249463e+00,4.401043595237e+00,9.268485478307e-02
-4.671173076201e+00,3.669330989265e+00,9.318502999271e-02
-4.671169781206e+00,6.071583750097e+00,9.071321374530e-02
-4.671156552817e+00,1.609398639088e+00,9.337674629602e-02
-4.671068459331e+00,5.650273698245e+00,9.137139608690e-02
-4.670980432934e+00,1.081547664442e+00,9.337640175022e-02
-4.670943107744e+00,3.087458115268e+00,9.337700309072e-02
-4.670935703558e+00,7.237644151172e+00,8.766190075052e-02
-4.670834364345e+00,6.373013336086e+00,9.013647954375e-02
-4.670783573245e+00,4.124358015382e+00,9.289177616130e-02
-4.670777372956e+00,6.502711776073e+00,8.985344599405e-02
-4.670518693727e+00,2.734246356338e+00,9.337649786126e-02
-4.670345089265e+00,8.136999056678e+00,8.206014751927e-02
-4.670184227888e+00,7.754289283420e+00,8.509436832724e-02
-4.670079067509e+00,6.850230934401e+00,8.896465401271e-02
-4.670021859659e+00,4.645568040502e+00,9.248289037466e-02
-4.670016982138e+00,5.903523380501e+00,9.099544947881e-02
-4.669616731827e+00,4.319922561037e+00,9.274928717421e-02
-4.669410696491e+00,6.246391711012e+00,9.039391565387e-02
-4.669274346628e+00,4.857314283157e+00,9.228988094449e-02
-4.669262723284e+00,7.154369818738e+00,8.798035562610e-02
-4.669195332244e+00,6.635421339549e+00,8.954104622161e-02
-4.669165835253e+00,2.113729353312e+00,9.337502952607e-02
-4.669120326663e+00,1.877013674196e+00,9.337492292036e-02
-4.668932120269e+00,8.607807635976e+00,7.533149355572e-02
-4.668841035505e+00,3.410784069533e+00,9.333161549532e-02
-4.668710559062e+00,5.696003745597e+00,9.130988857888e-02
-4.668494666980e+00,8.896778646456e+00,6.718374194257e-02
-4.668205679422e+00,7.843133547769e+00,8.451258058297e-02
-4.668135093511e+00,3.265573571972e+00,9.337443083104e-02
-4.668037372818e+00,1.376981573243e+00,9.337374586368e-02
-4.668018567868e+00,9.097779856672e+00,5.678014006930e-02
-4.667893041707e+00,5.216531349730e+00,9.191834390565e-02
-4.667839676965e+00,4.987643179997e+00,9.216299856401e-02
-4.667818082451e+00,5.254953849891e+00,9.187482674985e-02
-4.667796911211e+00,3.556687785227e+00,9.325264016363e-02
-4.667773023861e+00,5.178854030132e+00,9.196051070131e-02
-4.667575515815e+00,2.559328793019e+00,9.337368379081e-02
-4.667542865811e+00,5.294115628912e+00,9.182986151108e-02
-4.667495036189e+00,4.727397897048e+00,9.241249671245e-02
-4.667466703804e+00,1.114165612050e+00,9.337312705877e-02
-4.667463345483e+00,5.141927759610e+00,9.200137497454e-02
-4.667436476594e+00,1.642321383592e+00,9.337328095369e-02
-4.667263071559e+00,2.352347879396e+00,9.337334576178e-02
-4.667092079793e+00,7.071932296956e+00,8.827624944855e-02
-4.667062147996e+00,5.334010752101e+00,9.178333002134e-02
-4.667036981960e+00,3.930003948417e+00,9.302686540524e-02
-4.666982181517e+00,4.239026997336e+00,9.281237911972e-02
-4.666969359252e+00,5.105758373263e+00,9.204091924826e-02
-4.666769552183e+00,2.943906410268e+00,9.337305241626e-02
-4.666676724912e+00,3.816392672628e+00,9.309959010827e-02
-4.666554583774e+00,9.411926227582e+00,1.008870662001e-02
-4.666551564259e+00,6.122912024167e+00,9.062890683140e-02
-4.666370721920e+00,5.374633251971e+00,9.173529167858e-02
-4.666298299005e+00,5.952758661094e+00,9.092112802424e-02
-4.666296453744e+00,5.070351672579e+00,9.207912417753e-02
-4.666100774051e+00,5.742411278013e+00,9.124626809571e-02
-4.666077488406e+00,8.228945310814e+00,8.111800628535e-02
-4.666044663322e+00,6.771075776541e+00,8.919473950400e-02
-4.665950975375e+00,4.044011955240e+00,9.295172138755e-02
-4.665834858164e+00,2.767747692970e+00,9.337213159690e-02
-4.665767298730e+00,3.121120017427e+00,9.337217742271e-02
-4.665682262347e+00,7.932731957941e+00,8.386862200258e-02
-4.665519851297e+00,8.696659511510e+00,7.338212717796e-02
-4.665463417373e+00,5.415977128470e+00,9.168568821852e-02
-4.665245220107e+00,1.910072559321e+00,9.337130668073e-02
-4.665116139234e+00,2.146914698597e+00,9.337125203720e-02
-4.664916541688e+00,3.703218111691e+00,9.317005335996e-02
-4.664594980294e+00,6.427743807447e+00,9.003046099406e-02
-4.664430207448e+00,1.409755127951e+00,9.337038115254e-02
-4.664429957767e+00,6.990341746503e+00,8.855183978096e-02
-4.664335101161e+00,5.458036349245e+00,9.163445831100e-02
-4.664074721482e+00,9.299614692107e+00,3.573561055803e-02
-4.663947381015e+00,1.146782860292e+00,9.336984318668e-02
-4.663880128041e+00,4.809355131183e+00,9.234070500537e-02
-4.663846756028e+00,6.299748552773e+00,9.029775858937e-02
-4.663841851422e+00,6.558785197878e+00,8.973613427038e-02
-4.663759447235e+00,4.939489946256e+00,9.221538758613e-02
-4.663706502096e+00,1.675241895322e+00,9.336980198852e-02
-4.663373323762e+00,4.158375568786e+00,9.287405383826e-02
-4.663291724811e+00,4.516461571606e+00,9.259898070004e-02
-4.663234240432e+00,5.789490038788e+00,9.118044205549e-02
-4.663126766527e+00,3.444566462977e+00,9.331802795124e-02
-4.663109045438e+00,2.592731147938e+00,9.336951295785e-02
-4.663010068793e+00,2.385645885668e+00,9.336937849801e-02
-4.662980677348e+00,5.500804849805e+00,9.158153733826e-02
-4.662960857284e+00,4.435119098434e+00,9.266529848256e-02
-4.662715084880e+00,8.986190625561e+00,6.344829801161e-02
-4.662685770520e+00,3.299295299089e+00,9.336933987080e-02
-4.662608363374e+00,8.023074013900e+00,8.315224277262e-02
-4.662583985002e+00,4.597984382911e+00,9.253100035851e-02
-4.662302959806e+00,6.002638822064e+00,9.084410899130e-02
-4.661983003225e+00,8.320798884482e+00,8.004981351296e-02
-4.661827809615e+00,2.977484189239e+00,9.336843472648e-02
-4.661803699278e+00,3.590519087728e+00,9.323828943033e-02
-4.661641991288e+00,6.174864827459e+00,9.054141150687e-02
-4.661610388077e+00,4.353976387619e+00,9.273035910840e-02
-4.661543364515e+00,6.692806767025e+00,8.941071986663e-02
-4.661395087486e+00,5.544276533701e+00,9.152684622470e-02
-4.661358162982e+00,1.943128129321e+00,9.336767454013e-02
-4.661356101959e+00,8.785683661177e+00,7.106202944139e-02
-4.661282604314e+00,6.909608288474e+00,8.880900831694e-02
-4.661131488420e+00,2.801240238011e+00,9.336774027301e-02
-4.661052499680e+00,2.180095527467e+00,9.336745637730e-02
-4.661027749532e+00,7.470607007017e+00,8.668680561191e-02
-4.660920136469e+00,8.409040565380e+00,7.885757788768e-02
-4.660818942682e+00,4.679667794671e+00,9.246167753904e-02
-4.660815276382e+00,1.442527275853e+00,9.336700502752e-02
-4.660813786929e+00,7.385041024799e+00,8.707946534376e-02
-4.660720669115e+00,7.556969867364e+00,8.625977974403e-02
-4.660615235603e+00,9.187556526252e+00,4.979921654937e-02
-4.660568534916e+00,3.154769857143e+00,9.336732200058e-02
-4.660422468930e+00,1.179399375105e+00,9.336655010958e-02
-4.660191027957e+00,3.963952565849e+00,9.301030000405e-02
-4.660115870293e+00,3.850305620959e+00,9.308374178819e-02
-4.660106132954e+00,5.837233740592e+00,9.111231226607e-02
-4.660084719424e+00,7.300282232439e+00,8.744165095107e-02
-4.659966643107e+00,1.708160114016e+00,9.336630936594e-02
-4.659886671040e+00,7.644119256375e+00,8.579281360161e-02
-4.659573310758e+00,5.588445272781e+00,9.147021510973e-02
-4.659259627969e+00,4.273052545888e+00,9.279387293203e-02
-4.659159273309e+00,4.891419203105e+00,9.226709063936e-02
-4.659111568066e+00,8.497470651214e+00,7.749225605429e-02
-4.658978433906e+00,8.114149179681e+00,8.235084126956e-02
-4.658846548523e+00,7.216340903476e+00,8.777669459918e-02
-4.658810177236e+00,4.077986611437e+00,9.293449300247e-02
-4.658741214138e+00,2.418937999501e+00,9.336538772795e-02
-4.658630797246e+00,3.737086042150e+00,9.315489705379e-02
-4.658624865635e+00,2.626126172684e+00,9.336531934879e-02
-4.658519944472e+00,7.732044787147e+00,8.528076561553e-02
-4.658040335695e+00,6.483063913738e+00,8.992009080109e-02
-4.658026300079e+00,6.053157452119e+00,9.076426299498e-02
-4.657978217485e+00,4.761491760984e+00,9.239069685033e-02
-4.657977146389e+00,6.353709289362e+00,9.019779390238e-02
-4.657656328691e+00,6.829742004049e+00,8.904931146889e-02
-4.657510364187e+00,5.633304907392e+00,9.141168006564e-02
-4.657459175700e+00,1.976180311467e+00,9.336402645918e-02
-4.657386367132e+00,3.478333240667e+00,9.330426415909e-02
-4.657211907571e+00,3.333003161002e+00,9.336421673131e-02
-4.657192588335e+00,1.475297969660e+00,9.336361745915e-02
-4.657109186332e+00,5.021737944012e+00,9.213917035410e-02
-4.657105338683e+00,7.133227273029e+00,8.808746504180e-02
-4.656974944367e+00,2.213271755047e+00,9.336364250142e-02
-4.656891972122e+00,1.212015122455e+00,9.336324780310e-02
-4.656864846179e+00,3.011051468636e+00,9.336378959096e-02
-4.656711665112e+00,5.885636065746e+00,9.104177448785e-02
-4.656614742557e+00,7.820736035749e+00,8.471736642492e-02
-4.656581660331e+00,6.615433868822e+00,8.961381806159e-02
-4.656555437297e+00,8.586083953109e+00,7.591381457724e-02
-4.656439112927e+00,8.874874854444e+00,6.825498659583e-02
-4.656436521566e+00,6.227435657252e+00,9.045056525781e-02
-4.656408638421e+00,2.834723872612e+00,9.336332382386e-02
-4.656216913781e+00,1.741075979496e+00,9.336280305143e-02
-4.656178556427e+00,9.075758620524e+00,5.867795090871e-02
-4.655928188080e+00,4.192366357754e+00,9.285614112056e-02
-4.655782838371e+00,3.624332938845e+00,9.322369478778e-02
-4.655346890221e+00,3.188407494782e+00,9.336243673999e-02
-4.655201302792e+00,5.678849246624e+00,9.135116084527e-02
-4.655040019695e+00,9.389732796341e+00,1.829519824138e-02
-4.654867216993e+00,7.050951537499e+00,8.837644490188e-02
-4.654786990157e+00,8.205946883830e+00,8.144700219920e-02
-4.654658930405e+00,4.550517521975e+00,9.257856977274e-02
-4.654625565003e+00,4.469162031536e+00,9.264554427823e-02
-4.654456543786e+00,2.452224124430e+00,9.336137237105e-02
-4.654165382470e+00,7.910182541690e+00,8.409469906961e-02
-4.654123021390e+00,2.659513759500e+00,9.336110290586e-02
-4.654043748626e+00,4.843435932426e+00,9.231820869056e-02
-4.653895036441e+00,5.201473614200e+00,9.195039255237e-02
-4.653860033603e+00,5.239700654854e+00,9.190752262907e-02
-4.653735975202e+00,5.163992706253e+00,9.199193578769e-02
-4.653647706081e+00,4.632046478352e+00,9.251014622775e-02
-4.653625681958e+00,5.278667930752e+00,9.186321634280e-02
-4.653566496654e+00,4.387999546902e+00,9.271108778999e-02
-4.653562152309e+00,1.508067162144e+00,9.336021841802e-02
-4.653557502061e+00,6.750752934139e+00,8.927459927479e-02
-4.653548279122e+00,2.009229033146e+00,9.336036239857e-02
-4.653524428298e+00,3.884197387505e+00,9.306771017071e-02
-4.653463694876e+00,6.104308110506e+00,9.068145208939e-02
-4.653388170882e+00,5.127263795259e+00,9.203219901648e-02
-4.653355895371e+00,1.244630068330e+00,9.335993624299e-02
-4.653314937381e+00,4.973569276926e+00,9.219204674183e-02
-4.653313048789e+00,3.997878128616e+00,9.299354710855e-02
-4.653249916543e+00,8.674875268443e+00,7.406851251876e-02
-4.653186733250e+00,5.318369511428e+00,9.181738406222e-02
-4.653046089296e+00,5.934690666459e+00,9.096871795696e-02
-4.652883501587e+00,2.246443296642e+00,9.335981036460e-02
-4.652856980566e+00,5.091292712032e+00,9.207116794144e-02
-4.652641219697e+00,5.725072068590e+00,9.128857252770e-02
-4.652537975906e+00,5.358799433596e+00,9.177007252359e-02
-4.652457328638e+00,1.773989431673e+00,9.335928301058e-02
-4.652451393945e+00,9.277478127899e+00,3.996870750988e-02
-4.652315960342e+00,3.770934603038e+00,9.313947418915e-02
-4.652147797218e+00,5.056085253755e+00,9.210881504539e-02
-4.652138373183e+00,6.969523854052e+00,8.864579306601e-02
-4.651880726236e+00,3.044608119366e+00,9.335911693544e-02
-4.651797452155e+00,6.408267328873e+00,9.009381481284e-02
-4.651713589586e+00,3.366697008471e+00,9.335906131745e-02
-4.651674235211e+00,5.399951701387e+00,9.172122494891e-02
-4.651666362814e+00,2.868198478256e+00,9.335888218356e-02
-4.651635974981e+00,4.111936280922e+00,9.291699197505e-02
-4.651619932943e+00,3.512084243694e+00,9.329032418214e-02
-4.651573317369e+00,4.713729049549e+00,9.244012690806e-02
-4.651500919520e+00,4.307049291921e+00,9.277517206227e-02
-4.651166245733e+00,8.000373808231e+00,8.340315253966e-02
-4.651166101207e+00,6.538967003593e+00,8.980512130136e-02
-4.651001546203e+00,1.562500050003e-02,9.338281790123e-02
-4.650994006298e+00,4.687500150008e-02,9.337978278160e-02
-4.650986466393e+00,7.812500250013e-02,9.337693800810e-02
-4.650978926488e+00,1.093750035002e-01,9.337428456764e-02
-4.650971386583e+00,1.406250045003e-01,9.337182338402e-02
-4.650963846678e+00,1.718750055004e-01,9.336955531696e-02
-4.650956306773e+00,2.031250065004e-01,9.336748116111e-02
-4.650948766868e+00,2.343750075005e-01,9.336560164523e-02
-4.650941226963e+00,2.656250085006e-01,9.336391743136e-02
-4.650933687059e+00,2.968750095005e-01,9.336242911413e-02
-4.650930654190e+00,6.280617982242e+00,9.035619418838e-02
-4.650926147154e+00,3.281250105004e-01,9.336113722005e-02
-4.650918607249e+00,3.593750115004e-01,9.336004220699e-02
-4.650911067344e+00,3.906250125003e-01,9.335914446361e-02
-4.650903527439e+00,4.218750135002e-01,9.335844430898e-02
-4.650895987534e+00,4.531250145001e-01,9.335794199219e-02
-4.650888447629e+00,4.843750155000e-01,9.335763769209e-02
-4.650873337715e+00,5.156250165000e-01,9.335752439476e-02
-4.650850657792e+00,5.468750175001e-01,9.335750305603e-02
-4.650827977869e+00,5.781250185002e-01,9.335748171713e-02
-4.650805297946e+00,6.093750195003e-01,9.335746037807e-02
-4.650782618023e+00,6.406250205003e-01,9.335743903883e-02
-4.650767158179e+00,8.964227847672e+00,6.479057642068e-02
-4.650759938100e+00,6.718750215004e-01,9.335741769943e-02
-4.650737258177e+00,7.031250225005e-01,9.335739635986e-02
-4.650714578254e+00,7.343750235006e-01,9.335737502012e-02
-4.650691898331e+00,7.656250245005e-01,9.335735368021e-02
-4.650669218408e+00,7.968750255004e-01,9.335733234013e-02
-4.650646538485e+00,8.281250265003e-01,9.335731099988e-02
-4.650623858562e+00,8.593750275003e-01,9.335728965947e-02
-4.650601178639e+00,8.906250285002e-01,9.335726831888e-02
-4.650590373447e+00,5.441820286608e+00,9.167078159397e-02
-4.650578498716e+00,9.218750295001e-01,9.335724697813e-02
-4.650555818792e+00,9.531250305001e-01,9.335722563721e-02
-4.650533138869e+00,9.843750315000e-01,9.335720429612e-02
-4.650156094513e+00,2.485504164227e+00,9.335733643652e-02
-4.650102439403e+00,3.222032791185e+00,9.335752155630e-02
-4.650028613196e+00,8.298456519876e+00,8.041893977826e-02
-4.649923977594e+00,1.540834806130e+00,9.335680787476e-02
-4.649825246379e+00,5.771967120595e+00,9.122382516400e-02
-4.649814243662e+00,1.277244178750e+00,9.335661540501e-02
-4.649734435336e+00,3.658129170439e+00,9.320892011362e-02
-4.649625494552e+00,2.042274221865e+00,9.335668231906e-02
-4.649603558353e+00,2.692893800895e+00,9.335686357123e-02
-4.649281290133e+00,5.484399128906e+00,9.161867953462e-02
-4.649193211032e+00,8.763839381248e+00,7.188290476894e-02
-4.649147740719e+00,7.448828193738e+00,8.682687650826e-02
-4.649104696980e+00,5.984391165054e+00,9.089302486434e-02
-4.648997799789e+00,4.925479660620e+00,9.224409372565e-02
-4.648992557236e+00,6.672651079042e+00,8.948619840584e-02
-4.648925059387e+00,6.888954340244e+00,8.889712538568e-02
-4.648911844576e+00,7.535034723821e+00,8.641157209531e-02
-4.648883424746e+00,9.165477360867e+00,5.237519806957e-02
-4.648863324872e+00,7.363419639865e+00,8.720914681592e-02
-4.648780735002e+00,1.016226420588e+00,9.335555991508e-02
-4.648778200145e+00,2.279610067735e+00,9.335595992195e-02
-4.648687902566e+00,1.806900410542e+00,9.335574737229e-02
-4.648610558908e+00,6.156084327260e+00,9.059552905116e-02
-4.648448329890e+00,4.226330170266e+00,9.283796005012e-02
-4.648417506350e+00,4.795545078085e+00,9.236869446206e-02
-4.648330854070e+00,8.387439567118e+00,7.927259737142e-02
-4.648149756680e+00,7.622028884043e+00,8.595843636429e-02
-4.648064540264e+00,7.278819370514e+00,8.756208239322e-02
-4.647741922257e+00,5.527682135950e+00,9.156481232782e-02
-4.647611778546e+00,8.091299302685e+00,8.263094816177e-02
-4.646904716964e+00,2.901663936770e+00,9.335441426600e-02
-4.646902528532e+00,3.918067786322e+00,9.305144830211e-02
-4.646875514929e+00,3.078154012740e+00,9.335441668547e-02
-4.646855661056e+00,7.709800290874e+00,8.546168921316e-02
-4.646757393489e+00,7.195037655781e+00,8.788885619296e-02
-4.646748552908e+00,5.819528119301e+00,9.115682339198e-02
-4.646628435030e+00,8.475808050437e+00,7.796883999074e-02
-4.646403185519e+00,4.031780442024e+00,9.297660737594e-02
-4.646278073768e+00,1.573600854502e+00,9.335338580010e-02
-4.646267022188e+00,1.309857419767e+00,9.335328526498e-02
-4.646251571727e+00,4.503172158205e+00,9.262559379813e-02
-4.646190902401e+00,3.400376692765e+00,9.335387353368e-02
-4.645986135468e+00,4.584538717868e+00,9.255795662479e-02
-4.645972149516e+00,3.804763617485e+00,9.312383397825e-02
-4.645967244420e+00,5.571663183687e+00,9.150907016394e-02
-4.645839903682e+00,2.518778022876e+00,9.335327987363e-02
-4.645827560556e+00,3.545819313727e+00,9.327620813748e-02
-4.645690843733e+00,2.075315805263e+00,9.335298618142e-02
-4.645485245106e+00,4.421991810683e+00,9.269156803895e-02
-4.645303298434e+00,6.463416051404e+00,8.998559917585e-02
-4.645296926084e+00,1.048679013537e+00,9.335228795191e-02
-4.645233589874e+00,6.809253073696e+00,8.913232046341e-02
-4.645119928432e+00,6.334405242637e+00,9.025811201675e-02
-4.645066522821e+00,2.726266189662e+00,9.335260128703e-02
-4.645023805692e+00,7.798338523728e+00,8.491585392407e-02
-4.644947954081e+00,7.112084727320e+00,8.819220449135e-02
-4.644908650812e+00,1.839808856198e+00,9.335219513633e-02
-4.644882818952e+00,6.034731154140e+00,9.081456978590e-02
-4.644835258071e+00,3.255645607642e+00,9.335257636456e-02
-4.644670169065e+00,4.666071834959e+00,9.248899913048e-02
-4.644659069359e+00,2.312771983991e+00,9.335209112858e-02
-4.644428521472e+00,4.145860760629e+00,9.289929984927e-02
-4.644383558873e+00,8.852971062431e+00,6.925389862697e-02
-4.644338544985e+00,9.053737384376e+00,6.040838605848e-02
-4.644178754325e+00,8.564360270242e+00,7.646664205565e-02
-4.644162336547e+00,4.877474104879e+00,9.229546706834e-02
-4.643967988419e+00,6.595446398096e+00,8.968528560139e-02
-4.643952269043e+00,5.616336116539e+00,9.145146215115e-02
-4.643706232317e+00,4.341017015701e+00,9.275627773957e-02
-4.643658598018e+00,3.691907615052e+00,9.319396563405e-02
-4.643525455616e+00,9.367539365100e+00,2.510108855419e-02
-4.643496491909e+00,8.182948456845e+00,8.176319065610e-02
-4.643462346640e+00,6.208479603492e+00,9.050633659164e-02
-4.643406348085e+00,5.867748750992e+00,9.108746601684e-02
-4.642822963556e+00,5.007602003311e+00,9.216827163479e-02
-4.642714236350e+00,1.342469757466e+00,9.334994579880e-02
-4.642648502592e+00,7.887633125438e+00,8.431347888620e-02
-4.642642354194e+00,7.029970778043e+00,8.847449898098e-02
-4.642624450696e+00,1.606365260197e+00,9.334995216484e-02
-4.642285219070e+00,4.747751545651e+00,9.241837158586e-02
-4.642123756953e+00,2.935120130327e+00,9.334991380279e-02
-4.641849278179e+00,3.111689020479e+00,9.334968876637e-02
-4.641809756106e+00,1.081131227794e+00,9.334900886150e-02
-4.641744348853e+00,2.108353711111e+00,9.334927394653e-02
-4.641692046522e+00,5.661694747651e+00,9.139191025258e-02
-4.641508009247e+00,2.552045604578e+00,9.334920263168e-02
-4.641119588993e+00,1.872714708834e+00,9.334862906828e-02
-4.641070340800e+00,6.730430091738e+00,8.935295203744e-02
-4.640979981790e+00,8.653091025377e+00,7.471732259826e-02
-4.640933914175e+00,4.260266795294e+00,9.281948684696e-02
-4.640828066408e+00,9.255341563691e+00,4.366287496270e-02
-4.640643932757e+00,3.434042065682e+00,9.334133703766e-02
-4.640526139062e+00,2.345928961250e+00,9.334820393963e-02
-4.640511961741e+00,2.759630818894e+00,9.334831599529e-02
-4.640375825493e+00,6.085704196845e+00,9.073321905832e-02
-4.640250301730e+00,3.951916632262e+00,9.303490981602e-02
-4.640009347516e+00,3.579538293044e+00,9.326191619958e-02
-4.639901984755e+00,5.224447459816e+00,9.193986723647e-02
-4.639897031176e+00,5.186415878671e+00,9.198210205588e-02
-4.639846788599e+00,6.948705961600e+00,8.873773393638e-02
-4.639793879588e+00,5.916622671824e+00,9.101564555407e-02
-4.639724128092e+00,7.977673602563e+00,8.364554359757e-02
-4.639708498105e+00,5.263220232593e+00,9.189620761096e-02
-4.639698926543e+00,5.149131382374e+00,9.202303328015e-02
-4.639599484391e+00,3.838572909331e+00,9.310801019580e-02
-4.639545422681e+00,3.289245805896e+00,9.334759247642e-02
-4.639461580362e+00,4.065659312282e+00,9.295945179795e-02
-4.639312996281e+00,5.112599830908e+00,9.206270646853e-02
-4.639311318504e+00,5.302728270755e+00,9.185106114555e-02
-4.639181665343e+00,5.707732859167e+00,9.133033191744e-02
-4.639155891754e+00,1.375081157968e+00,9.334659698239e-02
-4.638999924016e+00,6.388790850299e+00,9.015611896488e-02
-4.638963118529e+00,1.639127976217e+00,9.334650693981e-02
-4.638819231478e+00,8.942265069782e+00,6.603211305146e-02
-4.638814961654e+00,8.275310667468e+00,8.077746757448e-02
-4.638813150623e+00,4.829557581695e+00,9.234626113185e-02
-4.638790197796e+00,4.959495373854e+00,9.222080892871e-02
-4.638744601880e+00,5.076827050802e+00,9.210111041037e-02
-4.638705229892e+00,5.342965615221e+00,9.180446232070e-02
-4.638490350991e+00,6.519148809308e+00,8.987290804595e-02
-4.638319227438e+00,1.113583042890e+00,9.334572262525e-02
-4.638014552352e+00,6.261487411711e+00,9.041370648913e-02
-4.637999140692e+00,5.041818834931e+00,9.213820968077e-02
-4.637885053049e+00,5.383926274305e+00,9.175635579906e-02
-4.637839078021e+00,4.537149243296e+00,9.260523168433e-02
-4.637786032534e+00,2.141387867326e+00,9.334554557528e-02
-4.637555435284e+00,3.725668105890e+00,9.317883164446e-02
-4.637366822350e+00,4.455952951928e+00,9.267185063157e-02
-4.637323539585e+00,2.968566941427e+00,9.334538796704e-02
-4.637320733088e+00,1.905617908723e+00,9.334504913431e-02
-4.637273552503e+00,4.618524916202e+00,9.253714315480e-02
-4.637267731906e+00,7.427049380458e+00,8.696339271810e-02
-4.637187970801e+00,4.179759848437e+00,9.288141753202e-02
-4.637160449741e+00,2.585306813781e+00,9.334510465992e-02
-4.637151613890e+00,9.143398195483e+00,5.468957583793e-02
-4.637103020037e+00,7.513099580278e+00,8.655935495888e-02
-4.637030320105e+00,8.741995101320e+00,7.265488120218e-02
-4.636912862816e+00,7.341798254931e+00,8.733566225964e-02
-4.636845645733e+00,5.425604223971e+00,9.170668337313e-02
-4.636802082699e+00,3.145213014683e+00,9.334493310328e-02
-4.636567514460e+00,6.868300392013e+00,8.898348840145e-02
-4.636441749957e+00,6.652495391059e+00,8.956029569983e-02
-4.636416252325e+00,5.754444202403e+00,9.126663974057e-02
-4.636412842320e+00,7.599938511711e+00,8.611943074868e-02
-4.636379439602e+00,2.379080915530e+00,9.334429831028e-02
-4.636245123187e+00,8.068449425689e+00,8.290102724919e-02
-4.636044361103e+00,7.257356508588e+00,8.767968188655e-02
-4.635939922709e+00,2.792987581965e+00,9.334400763801e-02
-4.635906434154e+00,5.966143508044e+00,9.094124773036e-02
-4.635875743846e+00,4.374955498567e+00,9.273707735201e-02
-4.635741571671e+00,8.365838568855e+00,7.966971322472e-02
-4.635651598550e+00,4.700060202050e+00,9.246749238468e-02
-4.635591994212e+00,1.407691587424e+00,9.334323879175e-02
-4.635581902918e+00,5.467993408007e+00,9.165538375921e-02
-4.635579126527e+00,6.137303827060e+00,9.064883009424e-02
-4.635294087702e+00,1.671888955636e+00,9.334305009595e-02
-4.635191377640e+00,7.687555794601e+00,8.563737402245e-02
-4.635072768281e+00,3.467692979567e+00,9.332759263781e-02
-4.634825342575e+00,1.146034438367e+00,9.334242922457e-02
-4.634668238454e+00,7.173734408086e+00,8.799847457114e-02
-4.634236152344e+00,4.911469374983e+00,9.227251917430e-02
-4.634233010529e+00,3.322833248162e+00,9.334257784416e-02
-4.634165392329e+00,3.613241024520e+00,9.324735743147e-02
-4.634145301993e+00,8.454145449660e+00,7.842347108561e-02
-4.634088757029e+00,5.511087738200e+00,9.160232416916e-02
-4.633835866910e+00,9.457734929354e+00,6.608629068335e-06
-4.633815917838e+00,2.174418201958e+00,9.334180102866e-02
-4.633567879773e+00,3.985743740948e+00,9.301818403543e-02
-4.633512099445e+00,1.938518396238e+00,9.334145530065e-02
-4.633432868827e+00,7.775941011708e+00,8.510832568699e-02
-4.633390972863e+00,5.801822498009e+00,9.120074109269e-02
-4.633385107212e+00,4.294176022805e+00,9.280081919276e-02
-4.633198085670e+00,3.872362303137e+00,9.309200329270e-02
-4.632954884658e+00,4.781735024987e+00,9.239641402976e-02
-4.632810851057e+00,6.788764143344e+00,8.921372890049e-02
-4.632797264271e+00,2.618561555184e+00,9.334098590762e-02
-4.632790569480e+00,7.090942181611e+00,8.829465153898e-02
-4.632566261173e+00,6.443768189069e+00,9.005000052861e-02
-4.632504122383e+00,3.002004252913e+00,9.334083669309e-02
-4.632498533544e+00,9.031716148228e+00,6.199261232479e-02
-4.632488376717e+00,4.099514546461e+00,9.294198045193e-02
-4.632361178083e+00,5.554881094593e+00,9.154745267464e-02
-4.632328004820e+00,8.831067270419e+00,7.018754246756e-02
-4.632262710476e+00,6.315101195913e+00,9.031745863180e-02
-4.632219001838e+00,2.412227763029e+00,9.334037419574e-02
-4.632205993660e+00,8.159950029861e+00,8.206632865828e-02
-4.632022549743e+00,1.440301012019e+00,9.333987120293e-02
-4.632010891537e+00,9.345345933859e+00,3.083659402254e-02
-4.631802071353e+00,8.542636587375e+00,7.699215023772e-02
-4.631739337824e+00,6.016304856162e+00,9.086415093809e-02
-4.631733995980e+00,3.178725867861e+00,9.334014962113e-02
-4.631617368938e+00,1.704648151582e+00,9.333958160424e-02
-4.631425057021e+00,3.759410476807e+00,9.316348236079e-02
-4.631354316507e+00,6.575458927369e+00,8.975548407948e-02
-4.631350453976e+00,2.826336372537e+00,9.333967615713e-02
-4.631328104134e+00,1.178485393786e+00,9.333912864092e-02
-4.631131622715e+00,7.865083709186e+00,8.452530449256e-02
-4.630488171715e+00,6.189523549732e+00,9.056125062972e-02
-4.630417491395e+00,7.008990018586e+00,8.857047957052e-02
-4.630394173899e+00,5.599367325687e+00,9.149075238550e-02
-4.630101031059e+00,5.849861436237e+00,9.113253771794e-02
-4.629914478264e+00,4.213633343195e+00,9.286330776462e-02
-4.629834028269e+00,2.207444643192e+00,9.333804026769e-02
-4.629693704764e+00,1.971416111871e+00,9.333784753359e-02
-4.629477497516e+00,3.501329287283e+00,9.331367221786e-02
-4.629388285933e+00,4.571093052824e+00,9.258465859141e-02
-4.629211418644e+00,4.489882744804e+00,9.265193718470e-02
-4.629204738871e+00,9.233204999483e+00,4.691478694838e-02
-4.629165399784e+00,4.863529006652e+00,9.232356783677e-02
-4.628898099745e+00,3.356407797140e+00,9.333753297697e-02
-4.628710047037e+00,8.631306782310e+00,7.533154717091e-02
-4.628583179540e+00,6.710107249336e+00,8.942984038771e-02
-4.628536740779e+00,4.993466062610e+00,9.219708656053e-02
-4.628521395448e+00,4.652475875246e+00,9.251606075830e-02
-4.628447564574e+00,1.472909397976e+00,9.333649419203e-02
-4.628418492529e+00,2.651809733707e+00,9.333684632403e-02
-4.628295794470e+00,3.646927351613e+00,9.323260448593e-02
-4.628282010450e+00,7.954973396894e+00,8.387983641201e-02
-4.628182790252e+00,5.644540248678e+00,9.143214740263e-02
-4.628044857137e+00,2.445369420144e+00,9.333643155126e-02
-4.628009632929e+00,4.408864522932e+00,9.271759382101e-02
-4.627932973246e+00,1.737405517251e+00,9.333610143574e-02
-4.627827514860e+00,1.210935888727e+00,9.333582085577e-02
-4.627665563580e+00,3.035431947986e+00,9.333625991517e-02
-4.627601310112e+00,8.252164815060e+00,8.112126026677e-02
-4.627555204015e+00,6.927888069148e+00,8.882767367325e-02
-4.627287956110e+00,6.067100283184e+00,9.078422563809e-02
-4.626871304777e+00,8.920302291892e+00,6.718381071897e-02
-4.626855395663e+00,4.019548928808e+00,9.300127160886e-02
-4.626768075103e+00,3.906131624228e+00,9.307581380835e-02
-4.626743604436e+00,2.859677084569e+00,9.333532149451e-02
-4.626645086279e+00,3.212227452953e+00,9.333533824465e-02
-4.626592220656e+00,4.734011330318e+00,9.244578125707e-02
-4.626541669879e+00,5.898554677190e+00,9.106192529558e-02
-4.626202395877e+00,6.369314371725e+00,9.021739996001e-02
-4.625943935906e+00,5.209194264779e+00,9.197186683761e-02
-4.625899025910e+00,5.171358143142e+00,9.201347839356e-02
-4.625865566115e+00,2.004310996214e+00,9.333422579953e-02
-4.625840387767e+00,2.240467119362e+00,9.333426325345e-02
-4.625814600776e+00,6.499330615023e+00,8.993952611281e-02
-4.625802076558e+00,4.328057643783e+00,9.278195830627e-02
-4.625791314252e+00,5.247772534433e+00,9.192884187114e-02
-4.625722110989e+00,5.690393649744e+00,9.137155746654e-02
-4.625661877885e+00,5.134270058495e+00,9.205380888464e-02
-4.625483719183e+00,4.133345952473e+00,9.292431822396e-02
-4.625435903758e+00,5.287087030081e+00,9.188436815155e-02
-4.625419803033e+00,9.121319030098e+00,5.678022060984e-02
-4.625387723093e+00,7.405270567179e+00,8.709648645795e-02
-4.625294195497e+00,7.491164436734e+00,8.670328320863e-02
-4.625267574121e+00,3.793134562343e+00,9.314786623134e-02
-4.625237821680e+00,5.097935866557e+00,9.209290278075e-02
-4.625098450514e+00,6.242356841181e+00,9.047031789615e-02
-4.624962400759e+00,7.320176869997e+00,8.745912522800e-02
-4.624878467828e+00,8.045599548693e+00,8.316159941001e-02
-4.624872483879e+00,5.327131796847e+00,9.183846829546e-02
-4.624867429178e+00,8.720150821392e+00,7.338218499495e-02
-4.624867045134e+00,1.505516711558e+00,9.333310773523e-02
-4.624675927960e+00,7.577848139380e+00,8.627560385748e-02
-4.624632223194e+00,5.062361389571e+00,9.213075186777e-02
-4.624323577619e+00,1.243385902784e+00,9.333250585063e-02
-4.624265458211e+00,4.945421470782e+00,9.224928990620e-02
-4.624240911919e+00,1.770161005905e+00,9.333260956159e-02
-4.624209969533e+00,6.847646443783e+00,8.906814935394e-02
-4.624095870888e+00,5.367900847222e+00,9.179108836223e-02
-4.624024181942e+00,7.235893646663e+00,8.779454750240e-02
-4.624024174793e+00,2.685051254506e+00,9.333268585843e-02
-4.623890942677e+00,6.632339703076e+00,8.963304975344e-02
-4.623858209900e+00,3.534950842226e+00,9.329957588900e-02
-4.623857037370e+00,2.478505803479e+00,9.333247033209e-02
-4.623850484165e+00,5.027552416107e+00,9.216731306856e-02
-4.623582552620e+00,4.815679230964e+00,9.237404286082e-02
-4.623540769298e+00,3.389969315996e+00,9.333245778964e-02
-4.623527094223e+00,7.665311298328e+00,8.580804184956e-02
-4.623152289271e+00,8.344237570593e+00,8.004985596753e-02
-4.623100918019e+00,5.409388161334e+00,9.174217163360e-02
-4.623007258272e+00,5.736921284210e+00,9.130889763028e-02
-4.622807922114e+00,3.068849910213e+00,9.333165756741e-02
-4.622708171329e+00,5.947895851034e+00,9.098879296175e-02
-4.622608200381e+00,4.247481044701e+00,9.284486722785e-02
-4.622579083419e+00,7.152431160390e+00,8.810563487788e-02
-4.622547694146e+00,6.118523326861e+00,9.070133370490e-02
-4.622430343825e+00,9.435485164234e+00,1.008873867837e-02
-4.622400654349e+00,3.680597118413e+00,9.321767190745e-02
-4.622119423626e+00,2.893009612327e+00,9.333094359197e-02
-4.622027700925e+00,2.037202989953e+00,9.333059006489e-02
-4.621882515702e+00,5.451587687108e+00,9.169165841505e-02
-4.621841931962e+00,7.753543499687e+00,8.529504785452e-02
-4.621835020705e+00,2.273485558952e+00,9.333046994708e-02
-4.621662168956e+00,8.432482848883e+00,7.885762341437e-02
-4.621535422630e+00,3.245717643312e+00,9.333049889838e-02
-4.621462555934e+00,1.562500050003e-02,9.335530495698e-02
-4.621460042633e+00,4.687500150008e-02,9.335222404270e-02
-4.621457529331e+00,7.812500250013e-02,9.334933658631e-02
-4.621455016029e+00,1.093750035002e-01,9.334664360414e-02
-4.621452502728e+00,1.406250045003e-01,9.334414604745e-02
-4.621449989426e+00,1.718750055004e-01,9.334184480145e-02
-4.621447476124e+00,2.031250065004e-01,9.333974068427e-02
-4.621444962823e+00,2.343750075005e-01,9.333783444605e-02
-4.621442449521e+00,2.656250085006e-01,9.333612676816e-02
-4.621439936219e+00,2.968750095005e-01,9.333461826241e-02
-4.621437422918e+00,3.281250105004e-01,9.333330947034e-02
-4.621434909616e+00,3.593750115004e-01,9.333220086268e-02
-4.621432396315e+00,3.906250125003e-01,9.333129283875e-02
-4.621429883013e+00,4.218750135002e-01,9.333058572604e-02
-4.621427369711e+00,4.531250145001e-01,9.333007977986e-02
-4.621424856410e+00,4.843750155000e-01,9.332977518301e-02
-4.621419819772e+00,5.156250165000e-01,9.332966964691e-02
-4.621412259797e+00,5.468750175001e-01,9.332966246032e-02
-4.621404699823e+00,5.781250185002e-01,9.332965527371e-02
-4.621397139849e+00,6.093750195003e-01,9.332964808708e-02
-4.621389579874e+00,6.406250205003e-01,9.332964090043e-02
-4.621382019900e+00,6.718750215004e-01,9.332963371376e-02
-4.621374459926e+00,7.031250225005e-01,9.332962652707e-02
-4.621366899951e+00,7.343750235006e-01,9.332961934036e-02
-4.621359339977e+00,7.656250245005e-01,9.332961215363e-02
-4.621351780003e+00,7.968750255004e-01,9.332960496689e-02
-4.621344220028e+00,8.281250265003e-01,9.332959778012e-02
-4.621336660054e+00,8.593750275003e-01,9.332959059334e-02
-4.621329100079e+00,8.906250285002e-01,9.332958340654e-02
-4.621321540105e+00,9.218750295001e-01,9.332957621971e-02
-4.621313980131e+00,9.531250305001e-01,9.332956903287e-02
-4.621306420157e+00,9.843750315000e-01,9.332956184601e-02
-4.621280998059e+00,1.538122919070e+00,9.332971180873e-02
-4.621019225637e+00,4.523780964617e+00,9.263164384541e-02
-4.620915495411e+00,8.136951602877e+00,8.235789659597e-02
-4.620899398925e+00,4.605003354052e+00,9.256388544901e-02
-4.620816295404e+00,1.275835415567e+00,9.332918360705e-02
-4.620658522102e+00,9.009694912080e+00,6.344837214381e-02
-4.620633184878e+00,7.069799635902e+00,8.839488046790e-02
-4.620541196535e+00,1.802914570877e+00,9.332910595298e-02
-4.620496327458e+00,9.323152502618e+00,3.573568971848e-02
-4.620435591800e+00,5.494493340449e+00,9.163939055653e-02
-4.620388112239e+00,6.768275212991e+00,8.929358289565e-02
-4.620309575503e+00,3.939880698676e+00,9.305930205008e-02
-4.620272450767e+00,8.809163478407e+00,7.106209186479e-02
-4.620112983487e+00,4.053332013128e+00,9.298417329113e-02
-4.620108079698e+00,4.442743872320e+00,9.269791288586e-02
-4.620033392817e+00,5.784116876717e+00,9.124407790421e-02
-4.619829223911e+00,6.424120326735e+00,9.011332329579e-02
-4.619729879731e+00,4.686391354552e+00,9.249459754243e-02
-4.619655574919e+00,2.511636829819e+00,9.332849049353e-02
-4.619614742837e+00,7.842534292934e+00,8.473049800545e-02
-4.619614351915e+00,2.718286022986e+00,9.332850446005e-02
-4.619570376209e+00,1.016143033639e+00,9.332791611274e-02
-4.619474504899e+00,4.897459089347e+00,9.230066861281e-02
-4.619425388381e+00,8.520912904508e+00,7.749230495812e-02
-4.619405492520e+00,6.295797149188e+00,9.037585770747e-02
-4.619083098489e+00,3.826840197704e+00,9.313206671736e-02
-4.618755111746e+00,5.538099005500e+00,9.158537192324e-02
-4.618740644595e+00,6.555471456642e+00,8.982444751406e-02
-4.618595856697e+00,5.997878558183e+00,9.091302278698e-02
-4.618447753522e+00,4.167153339119e+00,9.290646601149e-02
-4.618214995754e+00,3.568557498359e+00,9.328530381941e-02
-4.618192628595e+00,6.988009259129e+00,8.866440870699e-02
-4.618184991037e+00,4.361911450233e+00,9.276282748993e-02
-4.618180126988e+00,2.070092033884e+00,9.332694029619e-02
-4.618161098986e+00,3.423517668386e+00,9.332735219671e-02
-4.617931257629e+00,3.102258023532e+00,9.332702958379e-02
-4.617817951890e+00,2.306499890604e+00,9.332666030979e-02
-4.617689430191e+00,1.570727986858e+00,9.332630638881e-02
-4.617581411334e+00,9.211068435275e+00,4.979930055459e-02
-4.617513996789e+00,6.170567495973e+00,9.061532770783e-02
-4.617492262967e+00,4.767924971890e+00,9.242386819378e-02
-4.617477961724e+00,2.926333850386e+00,9.332654239127e-02
-4.617305671330e+00,1.308284406709e+00,9.332585410660e-02
-4.616839892809e+00,7.932273191226e+00,8.410642455248e-02
-4.616836078755e+00,5.582398534834e+00,9.152956055643e-02
-4.616833838955e+00,1.835666165571e+00,9.332559058118e-02
-4.616795714033e+00,5.831974121483e+00,9.117700286988e-02
-4.616480073322e+00,3.714250169629e+00,9.320255998448e-02
-4.616440112284e+00,8.609522539243e+00,7.591386719711e-02
-4.616405074841e+00,3.279196312703e+00,9.332563150663e-02
-4.616387658569e+00,8.229018962652e+00,8.145136476787e-02
-4.616105287920e+00,1.048428975508e+00,9.332462830488e-02
-4.616096018279e+00,6.689784406935e+00,8.950530537574e-02
-4.615440502680e+00,2.544762416137e+00,9.332449199093e-02
-4.615269294905e+00,4.281302753690e+00,9.282623247511e-02
-4.615263619431e+00,6.907070176697e+00,8.891580102284e-02
-4.615189065318e+00,2.751513944817e+00,9.332430207816e-02
-4.614923378077e+00,8.898339514002e+00,6.825505402212e-02
-4.614673533982e+00,5.627385749704e+00,9.147188262498e-02
-4.614322862454e+00,2.102978068910e+00,9.332327646004e-02
-4.614250518003e+00,4.979330121909e+00,9.222561990696e-02
-4.614200086727e+00,6.048496369523e+00,9.083448920465e-02
-4.614168463022e+00,4.849583908426e+00,9.235139753198e-02
-4.614092348575e+00,1.603331881306e+00,9.332289145181e-02
-4.613822710757e+00,3.973609353279e+00,9.304260309871e-02
-4.613791708638e+00,1.340732855859e+00,9.332251733087e-02
-4.613789206566e+00,2.339510043105e+00,9.332283430283e-02
-4.613687992176e+00,9.099239864714e+00,5.867803029759e-02
-4.613511812469e+00,8.022749671697e+00,8.341315051377e-02
-4.613507714280e+00,7.383491753900e+00,8.722628358004e-02
-4.613485370958e+00,7.469229293191e+00,8.684350397756e-02
-4.613404867738e+00,6.349837893152e+00,9.027768345235e-02
-4.613340778452e+00,4.087092812001e+00,9.296674531486e-02
-4.613289460170e+00,5.880486682555e+00,9.110757125953e-02
-4.613138850561e+00,6.479512420738e+00,9.000500604492e-02
-4.613118851323e+00,1.868415743472e+00,9.332206341753e-02
-4.613035630483e+00,3.135656172224e+00,9.332237589818e-02
-4.613011938703e+00,7.298555485063e+00,8.757964400402e-02
-4.612939013600e+00,7.555757767048e+00,8.642758761443e-02
-4.612871743042e+00,3.860527218769e+00,9.311608426206e-02
-4.612819269555e+00,2.959649693615e+00,9.332211783411e-02
-4.612790436398e+00,4.557647387781e+00,9.261111046533e-02
-4.612759169431e+00,3.457052718467e+00,9.332221611241e-02
-4.612704538251e+00,8.698306541463e+00,7.406856922833e-02
-4.612639079278e+00,1.080714791145e+00,9.332133542692e-02
-4.612547946287e+00,3.602149110195e+00,9.327081789852e-02
-4.612372621831e+00,4.638879915534e+00,9.254286673394e-02
-4.612262556636e+00,5.673054440321e+00,9.141226008501e-02
-4.612182348677e+00,6.223226270650e+00,9.052605012036e-02
-4.612171265560e+00,4.476593331404e+00,9.267803615254e-02
-4.612004002781e+00,7.214430784737e+00,8.790677291874e-02
-4.611985887058e+00,5.193941069741e+00,9.200352755666e-02
-4.611901020645e+00,5.156300407613e+00,9.204452740955e-02
-4.611874130399e+00,5.232324836273e+00,9.196112552944e-02
-4.611862810807e+00,7.643066802055e+00,8.597390229966e-02
-4.611852424606e+00,6.826992495553e+00,8.915115825195e-02
-4.611624829226e+00,5.119408734617e+00,9.208426818141e-02
-4.611560489012e+00,5.271445789408e+00,9.191731180158e-02
-4.611380626637e+00,4.200936516125e+00,9.288842483947e-02
-4.611340135398e+00,6.612184015093e+00,8.970449723040e-02
-4.611289587828e+00,8.321790996428e+00,8.041967563427e-02
-4.611254113488e+00,3.312663335322e+00,9.332073599355e-02
-4.611211854045e+00,2.577882479624e+00,9.332047477964e-02
-4.611162647079e+00,5.083271902206e+00,9.212279328458e-02
-4.611039737865e+00,5.311297978472e+00,9.187209750458e-02
-4.611024820740e+00,9.413235399116e+00,1.829525095322e-02
-4.610899222241e+00,4.720271114986e+00,9.247293025965e-02
-4.610748356999e+00,2.784734925919e+00,9.332007866199e-02
-4.610534153699e+00,3.747886350575e+00,9.318726907864e-02
-4.610534020752e+00,4.395737235181e+00,9.274337984664e-02
-4.610519844508e+00,5.047895728340e+00,9.216009741409e-02
-4.610489928384e+00,7.131127912695e+00,8.821041857166e-02
-4.610489760463e+00,1.635934568843e+00,9.331946697411e-02
-4.610455925834e+00,2.135861036055e+00,9.331959852308e-02
-4.610306688726e+00,5.351875420140e+00,9.182543005200e-02
-4.610274410690e+00,1.373180742692e+00,9.331917326152e-02
-4.610250995097e+00,7.731145987667e+00,8.547627127617e-02
-4.609748810411e+00,2.372515945392e+00,9.331899188752e-02
-4.609740718626e+00,4.931347567710e+00,9.227749435473e-02
-4.609701827639e+00,5.013285997283e+00,9.219613008755e-02
-4.609624997163e+00,8.113953175892e+00,8.263881052482e-02
-4.609598264218e+00,5.719398366018e+00,9.135061036542e-02
-4.609516261765e+00,6.099742826661e+00,9.075305838482e-02
-4.609509908503e+00,5.929648194024e+00,9.103567549763e-02
-4.609396246069e+00,1.901163258126e+00,9.331852443343e-02
-4.609356190304e+00,5.393172098697e+00,9.177725416909e-02
-4.609179035920e+00,8.410820248106e+00,7.927264212287e-02
-4.609171751072e+00,1.113000473730e+00,9.331803746633e-02
-4.608981763379e+00,9.300959071377e+00,3.996879002661e-02
-4.608818510660e+00,8.987673675932e+00,6.479064916476e-02
-4.608475800277e+00,7.048657090193e+00,8.849296245098e-02
-4.608351954617e+00,4.801800880233e+00,9.240155837297e-02
-4.608216896714e+00,8.787259686394e+00,7.188296596921e-02
-4.608183128487e+00,5.435181966208e+00,9.172751170114e-02
-4.608143398587e+00,2.992957037190e+00,9.331766986213e-02
-4.608121101740e+00,3.169044240940e+00,9.331769644437e-02
-4.608097862959e+00,7.819984876682e+00,8.492936217756e-02
-4.607965373422e+00,6.747786282638e+00,8.937192685781e-02
-4.607897920798e+00,4.315098271864e+00,9.280740471506e-02
-4.607335062089e+00,3.490574330872e+00,9.331704945068e-02
-4.607307605807e+00,4.007317415593e+00,9.302571769558e-02
-4.607092186650e+00,6.404472464400e+00,9.017559497967e-02
-4.607048705409e+00,8.499189221641e+00,7.796888802938e-02
-4.606969662907e+00,2.610996937683e+00,9.331643881506e-02
-4.606881673309e+00,1.668536015950e+00,9.331603293217e-02
-4.606857153604e+00,3.635725532787e+00,9.325608642689e-02
-4.606782426571e+00,5.477898942699e+00,9.167602008175e-02
-4.606753780975e+00,1.405628046897e+00,9.331582188021e-02
-4.606675812771e+00,5.766411255425e+00,9.128684602678e-02
-4.606633621675e+00,3.894195462133e+00,9.309991939674e-02
-4.606579335996e+00,2.168740876450e+00,9.331590645206e-02
-4.606548274563e+00,6.276493102463e+00,9.043333244935e-02
-4.606538916893e+00,4.120831144316e+00,9.294911268318e-02
-4.606292269531e+00,2.817948872463e+00,9.331583416079e-02
-4.606126972682e+00,6.535483985916e+00,8.989220875510e-02
-4.606082609905e+00,3.346118585808e+00,9.331581228305e-02
-4.605967765796e+00,6.967028499672e+00,8.875623524260e-02
-4.605958083797e+00,9.188931871067e+00,5.237528169082e-02
-4.605703304135e+00,1.145286016441e+00,9.331473441057e-02
-4.605696789538e+00,2.405517526557e+00,9.331513302525e-02
-4.605666035908e+00,1.933908663154e+00,9.331497360037e-02
-4.605452375570e+00,5.979452260205e+00,9.096120120046e-02
-4.605397775167e+00,7.909572985557e+00,8.432567678991e-02
-4.605174007027e+00,8.205873110244e+00,8.176857390891e-02
-4.605149045408e+00,5.521316916406e+00,9.162283696052e-02
-4.604712857454e+00,4.883448803710e+00,9.232854662313e-02
-4.604562998725e+00,3.781505507200e+00,9.317169029552e-02
-4.604539821864e+00,6.151611442213e+00,9.066858754708e-02
-4.604525245347e+00,4.591481791902e+00,9.259037731349e-02
-4.604282486587e+00,4.234695294107e+00,9.287001790494e-02
-4.604199373252e+00,4.510412685938e+00,9.265781037807e-02
-4.604170177531e+00,8.587738296176e+00,7.646669370987e-02
-4.603808160911e+00,4.672722507053e+00,9.252144668884e-02
-4.603608857018e+00,6.669461564533e+00,8.957938657506e-02
-4.603490397007e+00,5.814086806728e+00,9.122087439055e-02
-4.603450400924e+00,3.026255776606e+00,9.331319841693e-02
-4.603277983611e+00,5.565429743981e+00,9.156789620521e-02
-4.603268094770e+00,1.701136189148e+00,9.331258930249e-02
-4.603229823104e+00,1.438074748186e+00,9.331246316864e-02
-4.603187733155e+00,3.202422114721e+00,9.331299115598e-02
-4.602975451376e+00,8.876376736112e+00,6.925396472405e-02
-4.602972034847e+00,6.886252284245e+00,8.900217030918e-02
-4.602849337045e+00,4.429534792713e+00,9.272373505593e-02
-4.602713963667e+00,2.644105707914e+00,9.331238248587e-02
-4.602693112172e+00,2.201617531337e+00,9.331220021378e-02
-4.602233739339e+00,1.177571412467e+00,9.331142624707e-02
-4.602145157110e+00,7.999899794701e+00,8.365613428232e-02
-4.602029641275e+00,4.754114918792e+00,9.245106134513e-02
-4.601956181320e+00,9.077160699330e+00,6.040846417918e-02
-4.601928233829e+00,1.966651912276e+00,9.331141088990e-02
-4.601888859245e+00,3.524082370726e+00,9.331185212521e-02
-4.601820846057e+00,2.851155690882e+00,9.331156852381e-02
-4.601676546419e+00,7.447294149648e+00,8.698015713125e-02
-4.601633170487e+00,2.438514715859e+00,9.331125767745e-02
-4.601627705467e+00,7.361712940620e+00,8.735290394777e-02
-4.601202099240e+00,7.533667394717e+00,8.657554623349e-02
-4.601164277712e+00,5.610231250731e+00,9.151112598556e-02
-4.601142710679e+00,3.669286621774e+00,9.324117549651e-02
-4.601112217344e+00,6.029892455862e+00,9.088402662888e-02
-4.601061476646e+00,7.276934100129e+00,8.769732190076e-02
-4.600890636194e+00,3.379561939228e+00,9.331086029886e-02
-4.600764386613e+00,4.041004713973e+00,9.300864658662e-02
-4.600607339599e+00,6.330361414578e+00,9.033699427436e-02
-4.600541647324e+00,8.676462261535e+00,7.471737823214e-02
-4.600494238228e+00,4.348867401898e+00,9.278834214025e-02
-4.600463100345e+00,6.459694226453e+00,9.006937736369e-02
-4.600368849276e+00,3.927844765090e+00,9.308348024376e-02
-4.600198527391e+00,7.620822305782e+00,8.613493199480e-02
-4.600153467341e+00,8.298498846361e+00,8.077950567458e-02
-4.600037250461e+00,5.862418687920e+00,9.115259713565e-02
-4.599983823620e+00,7.192967922812e+00,8.801644766192e-02
-4.599964295227e+00,4.965194181209e+00,9.225387634898e-02
-4.599707536243e+00,4.154546829802e+00,9.293129027759e-02
-4.599702540813e+00,1.470520826291e+00,9.330909710854e-02
-4.599649032712e+00,1.733735055005e+00,9.330913606163e-02
-4.599619297655e+00,9.390985633997e+00,2.510115470226e-02
-4.599494879679e+00,6.806338547322e+00,8.923256321605e-02
-4.599266246839e+00,6.204095700119e+00,9.058092420555e-02
-4.599171526259e+00,4.835638810199e+00,9.237896064470e-02
-4.598803002282e+00,5.655715230898e+00,9.145245040045e-02
-4.598797273948e+00,2.234490942081e+00,9.330847977514e-02
-4.598789328118e+00,6.592028327110e+00,8.977467351153e-02
-4.598763057598e+00,1.209856655000e+00,9.330811296329e-02
-4.598740329300e+00,3.059545807686e+00,9.330870344004e-02
-4.598660058232e+00,7.708748475646e+00,8.565223258607e-02
-4.598566712587e+00,3.815107486076e+00,9.315591477966e-02
-4.598444791233e+00,2.677208708117e+00,9.330830280796e-02
-4.598400773350e+00,7.109824664999e+00,8.831290362145e-02
-4.598334498914e+00,8.090954748908e+00,8.290963486366e-02
-4.598235587189e+00,3.235789678982e+00,9.330825996655e-02
-4.598182853107e+00,1.999392959282e+00,9.330783627364e-02
-4.598027838210e+00,5.178687874704e+00,9.203485538028e-02
-4.597956946546e+00,5.216877138113e+00,9.199306484664e-02
-4.597903015379e+00,5.141242672084e+00,9.207525481834e-02
-4.597685074266e+00,5.255804548735e+00,9.194989866271e-02
-4.597587780567e+00,5.104547410738e+00,9.211441662837e-02
-4.597557980226e+00,2.471507442731e+00,9.330736580562e-02
-4.597467199300e+00,9.278765640136e+00,4.366295936474e-02
-4.597334130287e+00,2.884355287884e+00,9.330728170029e-02
-4.597206991852e+00,5.295464160097e+00,9.190535684067e-02
-4.597153482598e+00,4.268429484574e+00,9.285141573715e-02
-4.597087472478e+00,5.068607937855e+00,9.215238319588e-02
-4.596978499219e+00,8.965652439785e+00,6.603218440135e-02
-4.596695902883e+00,8.389157647329e+00,7.966975722390e-02
-4.596580983081e+00,7.797435460431e+00,8.512218182063e-02
-4.596517506565e+00,5.335849993057e+00,9.185938810740e-02
-4.596484829384e+00,6.080962326461e+00,9.080402208928e-02
-4.596420643992e+00,3.557576703675e+00,9.330662404937e-02
-4.596407465823e+00,5.033430067109e+00,9.218915204044e-02
-4.596318415676e+00,7.027514544483e+00,8.858896303396e-02
-4.596311645677e+00,5.911400537014e+00,9.108190985888e-02
-4.596223848214e+00,4.625283955822e+00,9.256942127820e-02
-4.596192586863e+00,4.544201722738e+00,9.263731636531e-02
-4.596189270165e+00,5.701875447825e+00,9.139178917562e-02
-4.596171937959e+00,1.502966260971e+00,9.330572368168e-02
-4.596161342661e+00,8.765355894382e+00,7.265494121074e-02
-4.596024495200e+00,1.766332580138e+00,9.330567318623e-02
-4.595678265216e+00,3.412993271091e+00,9.330587996452e-02
-4.595611462590e+00,5.376956036060e+00,9.181193858750e-02
-4.595553171113e+00,4.999019578459e+00,9.222466551313e-02
-4.595542634604e+00,6.727297352285e+00,8.944880356686e-02
-4.595404711360e+00,3.702832233369e+00,9.322608538911e-02
-4.595291259868e+00,1.242141737237e+00,9.330479454666e-02
-4.595215979041e+00,4.917273664638e+00,9.230542685615e-02
-4.595206223827e+00,4.706530899653e+00,9.249982289698e-02
-4.595131112477e+00,4.463303918003e+00,9.270389471314e-02
-4.594891841265e+00,2.267361050170e+00,9.330474510307e-02
-4.594672022437e+00,8.477465538774e+00,7.842351828501e-02
-4.594483741272e+00,5.418776245309e+00,9.176292840277e-02
-4.594429907299e+00,2.032131758041e+00,9.330424896787e-02
-4.594355149389e+00,6.384824602065e+00,9.023684218604e-02
-4.594334756260e+00,9.166795306859e+00,5.468965871597e-02
-4.594193180188e+00,4.074671077540e+00,9.299129020913e-02
-4.594162181009e+00,2.710305856310e+00,9.330420425285e-02
-4.594077541742e+00,3.961474965611e+00,9.306680783445e-02
-4.594013237078e+00,3.092827026584e+00,9.330418487293e-02
-4.593960355485e+00,8.182727257836e+00,8.207247266426e-02
-4.593955657526e+00,7.886872779889e+00,8.453793900296e-02
-4.593742902997e+00,6.946047740216e+00,8.884618839031e-02
-4.593691056607e+00,6.257189055739e+00,9.048990533787e-02
-4.593513300770e+00,6.515496515189e+00,8.995879953365e-02
-4.593471246157e+00,2.504495636761e+00,9.330345737133e-02
-4.593318232726e+00,5.748705634133e+00,9.132905733584e-02
-4.593264727002e+00,3.269146819510e+00,9.330350280950e-02
-4.593129261343e+00,5.461304544948e+00,9.171222112714e-02
-4.593121356615e+00,4.787922529502e+00,9.242881206931e-02
-4.593058408574e+00,4.382609947430e+00,9.276893004974e-02
-4.592846775010e+00,4.188239689054e+00,9.291327911340e-02
-4.592832166494e+00,2.917547570445e+00,9.330297363947e-02
-4.592638018524e+00,1.535411032010e+00,9.330234286987e-02
-4.592545400414e+00,3.848692134401e+00,9.313995650424e-02
-4.592394490504e+00,1.798928731212e+00,9.330220065296e-02
-4.592308894443e+00,5.961025962226e+00,9.100870159537e-02
-4.592297144985e+00,4.687500150008e-02,9.332473467970e-02
-4.592297144985e+00,4.218750135002e-01,9.330276437136e-02
-4.592297144985e+00,6.093750195003e-01,9.330184265398e-02
-4.592297144985e+00,6.406250205003e-01,9.330184265398e-02
-4.592297144985e+00,1.406250045003e-01,9.331652958249e-02
-4.592297144985e+00,3.906250125003e-01,9.330348091210e-02
-4.592297144985e+00,1.562500050003e-02,9.332786428046e-02
-4.592297144985e+00,7.812500250013e-02,9.332180167611e-02
-4.592297144985e+00,1.093750035002e-01,9.331906631696e-02
-4.592297144985e+00,1.718750055004e-01,9.331419238482e-02
-4.592297144985e+00,2.031250065004e-01,9.331205556696e-02
-4.592297144985e+00,2.343750075005e-01,9.331011990185e-02
-4.592297144985e+00,2.656250085006e-01,9.330838609147e-02
-4.592297144985e+00,2.968750095005e-01,9.330685476608e-02
-4.592297144985e+00,3.281250105004e-01,9.330552648351e-02
-4.592297144985e+00,3.593750115004e-01,9.330440172848e-02
-4.592297144985e+00,4.531250145001e-01,9.330225236878e-02
-4.592297144985e+00,4.843750155000e-01,9.330194509208e-02
-4.592297144985e+00,5.156250165000e-01,9.330184265398e-02
-4.592297144985e+00,5.468750175001e-01,9.330184265398e-02
-4.592297144985e+00,5.781250185002e-01,9.330184265398e-02
-4.592297144985e+00,6.718750215004e-01,9.330184265398e-02
-4.592297144985e+00,7.031250225005e-01,9.330184265398e-02
-4.592297144985e+00,7.343750235006e-01,9.330184265398e-02
-4.592297144985e+00,7.656250245005e-01,9.330184265398e-02
-4.592297144985e+00,7.968750255004e-01,9.330184265398e-02
-4.592297144985e+00,8.281250265003e-01,9.330184265398e-02
-4.592297144985e+00,8.593750275003e-01,9.330184265398e-02
-4.592297144985e+00,8.906250285002e-01,9.330184265398e-02
-4.592297144985e+00,9.218750295001e-01,9.330184265398e-02
-4.592297144985e+00,9.531250305001e-01,9.330184265398e-02
-4.592297144985e+00,9.843750315000e-01,9.330184265398e-02
-4.591900242777e+00,8.565954053109e+00,7.699220095526e-02
-4.591818347146e+00,1.274426652384e+00,9.330147098461e-02
-4.591565646939e+00,6.132655388453e+00,9.072104927669e-02
-4.591542979071e+00,5.504534827312e+00,9.165985661364e-02
-4.591121695757e+00,6.649138722132e+00,8.965212214784e-02
-4.591027524675e+00,8.854413958222e+00,7.018760726083e-02
-4.590976834421e+00,2.300227797217e+00,9.330099616463e-02
-4.590930500244e+00,3.591057195870e+00,9.329406638922e-02
-4.590778501751e+00,7.977049917705e+00,8.389097487842e-02
-4.590680450263e+00,6.865434391793e+00,8.908683376281e-02
-4.590669410242e+00,2.064868262504e+00,9.330064683548e-02
-4.590574680573e+00,1.016101340164e+00,9.330019301004e-02
-4.590445570581e+00,3.446412457367e+00,9.330087120335e-02
-4.590224370463e+00,9.055081533945e+00,6.199268910181e-02
-4.590185079981e+00,5.796199491974e+00,9.126416484892e-02
-4.589993765038e+00,4.302138899946e+00,9.283262079115e-02
-4.589951210009e+00,4.869438518073e+00,9.235615769099e-02
-4.589867721879e+00,7.425359006104e+00,8.711337570742e-02
-4.589866168894e+00,2.743397070741e+00,9.330008677661e-02
-4.589747696654e+00,7.339934127341e+00,8.747646178517e-02
-4.589719888467e+00,5.548460953128e+00,9.160576863419e-02
-4.589643250378e+00,3.736362224343e+00,9.321081645919e-02
-4.589492486237e+00,9.481142806928e+00,6.608629078561e-06
-4.589465184879e+00,7.511577022385e+00,8.671963560091e-02
-4.589372996112e+00,2.537479227697e+00,9.329953233619e-02
-4.589269178266e+00,3.126099329765e+00,9.329964265703e-02
-4.589111014590e+00,7.255312715195e+00,8.781225754140e-02
-4.589100786614e+00,1.567855119215e+00,9.329895465493e-02
-4.589017346854e+00,8.275206696295e+00,8.112449545756e-02
-4.588759027097e+00,1.831523474944e+00,9.329871843856e-02
-4.588534243974e+00,7.598577809509e+00,8.629131033906e-02
-4.588378756397e+00,8.654617981606e+00,7.533160176050e-02
-4.588344320472e+00,1.306711393650e+00,9.329814226456e-02
-4.588314999524e+00,2.950732445804e+00,9.329864429058e-02
-4.588275216447e+00,3.302493422482e+00,9.329871961813e-02
-4.588213774570e+00,9.368735868878e+00,3.083666889315e-02
-4.588151091769e+00,4.577960229752e+00,9.261662286348e-02
-4.588024347961e+00,6.011288542201e+00,9.093285429456e-02
-4.587963644459e+00,7.171505060887e+00,8.812365733277e-02
-4.587886442092e+00,4.659053659555e+00,9.254804404116e-02
-4.587809811460e+00,6.310884936004e+00,9.039535646911e-02
-4.587787350130e+00,6.439876032168e+00,9.013266861102e-02
-4.587759815951e+00,3.995085902377e+00,9.304994917051e-02
-4.587655021442e+00,5.593076751758e+00,9.154988729481e-02
-4.587594114603e+00,4.108316336160e+00,9.297368687044e-02
-4.587379520868e+00,4.497044407259e+00,9.268373531814e-02
-4.587137334752e+00,6.785684599092e+00,8.931241056618e-02
-4.587129751748e+00,1.048303956493e+00,9.329689070154e-02
-4.587069121367e+00,7.686350963625e+00,8.582315519009e-02
-4.587052274070e+00,2.333091124959e+00,9.329723292690e-02
-4.587044000665e+00,8.067956321924e+00,8.317089536897e-02
-4.586901376055e+00,2.097602426709e+00,9.329703271282e-02
-4.586785040752e+00,5.844350693285e+00,9.119701623850e-02
-4.586567019584e+00,4.740304865694e+00,9.247799778285e-02
-4.586499168247e+00,3.882259300038e+00,9.312381599268e-02
-4.586350145002e+00,6.184965129588e+00,9.063496055351e-02
-4.586311618315e+00,7.088521417304e+00,8.841316469059e-02
-4.586238520839e+00,6.571872639127e+00,8.984361274999e-02
-4.585956772793e+00,4.221909543514e+00,9.289494262864e-02
-4.585952635221e+00,9.256572208895e+00,4.691487220441e-02
-4.585678072450e+00,4.951058240508e+00,9.228186046323e-02
-4.585590594393e+00,4.416325713105e+00,9.274932107285e-02
-4.585560246454e+00,1.600298502414e+00,9.329555901873e-02
-4.585556791288e+00,2.776482269873e+00,9.329595033537e-02
-4.585418512739e+00,3.624523713961e+00,9.327936918495e-02
-4.585343447928e+00,5.638376021474e+00,9.149213876707e-02
-4.585263258348e+00,2.570458145467e+00,9.329559066190e-02
-4.585192626662e+00,3.479819374462e+00,9.329583393849e-02
-4.585138487777e+00,8.943631203637e+00,6.718388068065e-02
-4.585118113653e+00,1.864116778110e+00,9.329522651984e-02
-4.585064103204e+00,7.774886044179e+00,8.530922510609e-02
-4.584869180925e+00,1.338995954253e+00,9.329480837395e-02
-4.584508207498e+00,3.159362614018e+00,9.329507500761e-02
-4.584212769846e+00,8.367495046552e+00,8.004989923821e-02
-4.584174589496e+00,4.821693711973e+00,9.240626157147e-02
-4.584161031074e+00,7.006371998774e+00,8.868274349641e-02
-4.584105788608e+00,8.743452102370e+00,7.338224384394e-02
-4.584069789362e+00,5.163434679667e+00,9.206585616141e-02
-4.584039762693e+00,5.201429439953e+00,9.202466594219e-02
-4.583905010113e+00,5.126184936555e+00,9.210566620823e-02
-4.583858423330e+00,3.769876452058e+00,9.319530952756e-02
-4.583809659520e+00,5.240163308062e+00,9.198213515192e-02
-4.583782674791e+00,2.983909821467e+00,9.329429360289e-02
-4.583684822924e+00,1.080506572821e+00,9.329358435770e-02
-4.583550731908e+00,5.089686086859e+00,9.214425956432e-02
-4.583453397003e+00,6.062181826262e+00,9.085424224694e-02
-4.583374245838e+00,5.279630341723e+00,9.193825303695e-02
-4.583267120064e+00,3.335829374477e+00,9.329391032564e-02
-4.583125819133e+00,2.130334204783e+00,9.329340657207e-02
-4.583119895787e+00,6.706808421933e+00,8.952425424718e-02
-4.583118181220e+00,2.365950975254e+00,9.329345535709e-02
-4.583113382852e+00,5.893152880004e+00,9.112751016243e-02
-4.583012297877e+00,5.053943973504e+00,9.218167761799e-02
-4.582803485420e+00,4.335823353563e+00,9.281362515727e-02
-4.582780276112e+00,5.684352529633e+00,9.143244499754e-02
-4.582746703942e+00,8.159581405428e+00,8.236490847207e-02
-4.582728324403e+00,5.319824565974e+00,9.189296959796e-02
-4.582711428723e+00,9.144658742651e+00,5.678030249211e-02
-4.582513539885e+00,7.864172574221e+00,8.474353591312e-02
-4.582295339465e+00,8.455741855907e+00,7.885766979965e-02
-4.582295087137e+00,5.018964405878e+00,9.221792063146e-02
-4.582016402397e+00,1.632741161468e+00,9.329215594318e-02
-4.581866734876e+00,5.360739973422e+00,9.184623231633e-02
-4.581618112128e+00,6.365176739731e+00,9.029709066022e-02
-4.581518040197e+00,6.925066980759e+00,8.893432494124e-02
-4.581471759051e+00,1.896708607528e+00,9.329172487366e-02
-4.581415789739e+00,4.028677414818e+00,9.303290498924e-02
-4.581404514587e+00,4.984753159635e+00,9.225292401995e-02
-4.581392929626e+00,1.371280327416e+00,9.329146930017e-02
-4.581234085086e+00,2.809561372388e+00,9.329179488528e-02
-4.581142061543e+00,2.603432320183e+00,9.329163231021e-02
-4.580967318964e+00,4.141940320484e+00,9.295589397184e-02
-4.580899628858e+00,6.495509044463e+00,9.002425050869e-02
-4.580833838651e+00,6.237885009014e+00,9.054559815615e-02
-4.580784354057e+00,5.402370524410e+00,9.179793852587e-02
-4.580691239456e+00,4.903199761567e+00,9.233309189622e-02
-4.580428123049e+00,3.915808831504e+00,9.310744786108e-02
-4.580239894099e+00,1.112709189150e+00,9.329027396905e-02
-4.580075074597e+00,4.611687996109e+00,9.259572852362e-02
-4.579960652680e+00,5.731000012841e+00,9.137072339263e-02
-4.579919508589e+00,3.513213899226e+00,9.329076809288e-02
-4.579884767010e+00,3.657976125136e+00,9.326447964895e-02
-4.579730380031e+00,3.192616776489e+00,9.329047814991e-02
-4.579630308024e+00,8.544169810042e+00,7.749235476713e-02
-4.579594737328e+00,4.530756057694e+00,9.266328032416e-02
-4.579513225412e+00,4.692790684320e+00,9.252646338251e-02
-4.579476096114e+00,5.444710147198e+00,9.174800187168e-02
-4.579411846392e+00,7.954200040709e+00,8.411806925144e-02
-4.579342754154e+00,2.163063550941e+00,9.328976838553e-02
-4.579235238268e+00,3.017079605225e+00,9.328992152564e-02
-4.579174577238e+00,2.398807290085e+00,9.328966342244e-02
-4.579165413316e+00,5.942599664248e+00,9.105553895314e-02
-4.579079597974e+00,8.832451180332e+00,7.106215538282e-02
-4.579037670290e+00,4.255556215458e+00,9.287637272714e-02
-4.578634534497e+00,6.628815879730e+00,8.972354890680e-02
-4.578591472013e+00,6.113699334694e+00,9.077273145584e-02
-4.578492559606e+00,9.033002368561e+00,6.344844753196e-02
-4.578469258915e+00,1.665183076264e+00,9.328874541019e-02
-4.578388865679e+00,6.844616499342e+00,8.916984161986e-02
-4.578240503090e+00,3.369154562460e+00,9.328907486511e-02
-4.578196279076e+00,9.458837242437e+00,1.008877124544e-02
-4.578090959393e+00,4.450014504603e+00,9.272951679457e-02
-4.578058897340e+00,7.403423862561e+00,8.724328632419e-02
-4.578050326685e+00,3.803374774449e+00,9.317955773851e-02
-4.577936912733e+00,5.487752738219e+00,9.169643949285e-02
-4.577915567738e+00,1.403564506370e+00,9.328812503065e-02
-4.577890758612e+00,4.774044178771e+00,9.245580825868e-02
-4.577881226367e+00,8.251914546228e+00,8.145570110234e-02
-4.577867687841e+00,7.318155314062e+00,8.759706600229e-02
-4.577819972371e+00,1.929298930071e+00,9.328821347695e-02
-4.577728270519e+00,7.489486650054e+00,8.686000379176e-02
-4.577160552533e+00,7.233691330261e+00,8.792454512064e-02
-4.577009434805e+00,2.636401682121e+00,9.328765724291e-02
-4.576898087679e+00,2.842634297195e+00,9.328762038254e-02
-4.576879762954e+00,5.778312177219e+00,9.130688647663e-02
-4.576869960558e+00,7.576333313236e+00,8.644348271901e-02
-4.576808251486e+00,9.346486103759e+00,3.573577015519e-02
-4.576794965275e+00,1.144911805479e+00,9.328695952610e-02
-4.576215865470e+00,8.632773701678e+00,7.591392077328e-02
-4.576161793323e+00,5.531492162275e+00,9.164318691413e-02
-4.575943465298e+00,7.150042198961e+00,8.822848381819e-02
-4.575753502417e+00,8.044957894940e+00,8.342308235150e-02
-4.575582796397e+00,4.369482659679e+00,9.279424828227e-02
-4.575552196075e+00,2.195790419482e+00,9.328611812555e-02
-4.575478184502e+00,7.663953451604e+00,8.598925017244e-02
-4.575221483837e+00,2.431660011573e+00,9.328585709031e-02
-4.575189562563e+00,4.855428232437e+00,9.238350620826e-02
-4.575111599914e+00,6.420057837883e+00,9.019490738927e-02
-4.575045581923e+00,4.062249343080e+00,9.301561870424e-02
-4.575012283321e+00,6.291408457430e+00,9.045279332119e-02
-4.574936478578e+00,5.992684628541e+00,9.098098811567e-02
-4.574935751748e+00,3.225861714652e+00,9.328585749071e-02
-4.574918820602e+00,1.697624226714e+00,9.328532740175e-02
-4.574779789825e+00,6.765030650861e+00,8.939074490444e-02
-4.574672736485e+00,3.050241705158e+00,9.328552800807e-02
-4.574626292231e+00,3.546595908990e+00,9.328566636089e-02
-4.574438071142e+00,9.234378777654e+00,4.979938593633e-02
-4.574437096465e+00,1.435848484352e+00,9.328477555278e-02
-4.574332372726e+00,3.949340577942e+00,9.309080170543e-02
-4.574329349398e+00,3.691414297109e+00,9.324941110520e-02
-4.574312923383e+00,4.175542861984e+00,9.293791251926e-02
-4.574222463280e+00,7.067218169609e+00,8.851127330915e-02
-4.574162762893e+00,1.961887712680e+00,9.328469230668e-02
-4.574145765172e+00,5.575922252785e+00,9.158817611560e-02
-4.573687713560e+00,6.551716951144e+00,8.991134792356e-02
-4.573547223326e+00,7.752336627927e+00,8.549074475501e-02
-4.573532831043e+00,5.826282698651e+00,9.124084152004e-02
-4.573434043164e+00,6.165834559057e+00,9.068817894810e-02
-4.573350036450e+00,1.177114421807e+00,9.328364101932e-02
-4.573298476336e+00,8.921609967489e+00,6.825512261042e-02
-4.573195431446e+00,3.402468873795e+00,9.328421316952e-02
-4.572865407673e+00,2.669366161728e+00,9.328366542190e-02
-4.572548836948e+00,2.875700963440e+00,9.328342678340e-02
-4.572442248155e+00,8.344945087772e+00,8.042040823124e-02
-4.572219057786e+00,3.836857050033e+00,9.316362337390e-02
-4.572089609279e+00,4.289179528028e+00,9.285761028041e-02
-4.572050234555e+00,8.721548310358e+00,7.406862695013e-02
-4.572003646473e+00,6.985229453065e+00,8.877458675043e-02
-4.571964723272e+00,4.645384812056e+00,9.257439372859e-02
-4.571883893574e+00,5.621036812051e+00,9.153133527421e-02
-4.571776938191e+00,4.564438667602e+00,9.264262612852e-02
-4.571754160128e+00,2.228514764800e+00,9.328245576456e-02
-4.571533052400e+00,8.136435553020e+00,8.264662332835e-02
-4.571391849674e+00,4.936922299807e+00,9.230957673067e-02
-4.571365092177e+00,1.730064592760e+00,9.328190189985e-02
-4.571258923083e+00,2.464509081983e+00,9.328203632809e-02
-4.571104397892e+00,4.726494812596e+00,9.250468171635e-02
-4.571088101186e+00,9.122522178443e+00,5.867811100899e-02
-4.571071422243e+00,7.841472368552e+00,8.494277266578e-02
-4.570957517052e+00,1.468132254606e+00,9.328142085397e-02
-4.570697156969e+00,6.686319491580e+00,8.959831863707e-02
-4.570559668483e+00,4.483676128580e+00,9.270942261734e-02
-4.570500140099e+00,1.994474922350e+00,9.328116133990e-02
-4.570421964623e+00,6.043401326062e+00,9.090373577886e-02
-4.570124379162e+00,3.259097326317e+00,9.328121297202e-02
-4.570122578840e+00,5.185981741794e+00,9.205593479808e-02
-4.570111740514e+00,5.148181484629e+00,9.209653562280e-02
-4.570095216528e+00,3.083396029637e+00,9.328111299945e-02
-4.569934244774e+00,5.224522067389e+00,9.201402754031e-02
-4.569918656493e+00,8.434018173041e+00,7.927268771830e-02
-4.569915120026e+00,5.874905222994e+00,9.117249013508e-02
-4.569907004848e+00,5.111127201026e+00,9.213576704473e-02
-4.569905107626e+00,1.209317038136e+00,9.328031843916e-02
-4.569541499824e+00,5.263796523348e+00,9.197079267167e-02
-4.569513683249e+00,5.074824762980e+00,9.217380221207e-02
-4.569371282058e+00,5.666829611440e+00,9.147258848422e-02
-4.569313054202e+00,3.579965281545e+00,9.328053510399e-02
-4.569293177398e+00,6.904086221302e+00,8.902069947276e-02
-4.569177652734e+00,4.807748613746e+00,9.243330461705e-02
-4.568939142241e+00,5.303799138892e+00,9.192618142847e-02
-4.568937123276e+00,5.039280009153e+00,9.221068154468e-02
-4.568881074866e+00,6.345528877397e+00,9.035636532122e-02
-4.568752347056e+00,3.724838098111e+00,9.323416390132e-02
-4.568710010102e+00,2.702325689634e+00,9.327965680913e-02
-4.568649312314e+00,4.095801528003e+00,9.299804435368e-02
-4.568331851740e+00,4.403116633497e+00,9.277467478603e-02
-4.568285956946e+00,6.475521573736e+00,9.008859131171e-02
-4.568212026095e+00,3.982854389161e+00,9.307396949499e-02
-4.568186371264e+00,2.908761290504e+00,9.327921404414e-02
-4.568182708451e+00,5.004498744647e+00,9.224640796798e-02
-4.568131971731e+00,3.435772196267e+00,9.327932517171e-02
-4.568122007161e+00,5.344523910786e+00,9.188014260782e-02
-4.568045191033e+00,7.931350163713e+00,8.433778926567e-02
-4.567976620694e+00,6.218580962290e+00,9.060043201656e-02
-4.567948661825e+00,2.261236541387e+00,9.327878127508e-02
-4.567808078480e+00,1.762504154371e+00,9.327846888652e-02
-4.567631058999e+00,4.209123792920e+00,9.291964507141e-02
-4.567476830784e+00,1.500415810385e+00,9.327806092160e-02
-4.567360373271e+00,8.522385566975e+00,7.796893695717e-02
-4.567286917395e+00,2.497354443704e+00,9.327820110329e-02
-4.567255858061e+00,4.970486740811e+00,9.228091018444e-02
-4.567131671273e+00,8.810488402443e+00,7.188302824266e-02
-4.567084966841e+00,5.385964803511e+00,9.183255156613e-02
-4.566900071915e+00,9.436531677946e+00,1.829530450147e-02
-4.566832113672e+00,2.027060526128e+00,9.327762055371e-02
-4.566760748750e+00,9.010923203176e+00,6.479072314126e-02
-4.566745105880e+00,8.228622396162e+00,8.177387568518e-02
-4.566603072634e+00,5.713294391548e+00,9.141185545432e-02
-4.566460178801e+00,1.241519654464e+00,9.327699177605e-02
-4.566364714818e+00,3.870323137944e+00,9.314750694954e-02
-4.566250072801e+00,7.381488719018e+00,8.737000955975e-02
-4.566166499871e+00,4.889125858495e+00,9.236049386703e-02
-4.566147373236e+00,6.608493037329e+00,8.979370237386e-02
-4.566097281096e+00,6.823798606890e+00,8.925124221555e-02
-4.566021932188e+00,5.924173366269e+00,9.110172783494e-02
-4.565991356159e+00,7.467396277722e+00,8.699679154888e-02
-4.565987679028e+00,7.296376500783e+00,8.771482049861e-02
-4.565822930885e+00,5.428115749448e+00,9.178337029707e-02
-4.565617297088e+00,6.094743280934e+00,9.082365004559e-02
-4.565502726049e+00,3.116542487305e+00,9.327667644904e-02
-4.565402728401e+00,9.324236338640e+00,3.996887387368e-02
-4.565296319405e+00,3.292323509642e+00,9.327654453577e-02
-4.565210090477e+00,7.212069945327e+00,8.803427464899e-02
-4.565205677142e+00,7.554088816963e+00,8.659161443332e-02
-4.565112732611e+00,4.322779305228e+00,9.283865662952e-02
-4.564543272471e+00,2.735280196665e+00,9.327563136660e-02
-4.564463004168e+00,8.021959467955e+00,8.366665358157e-02
-4.564330846396e+00,5.470970649125e+00,9.173259399799e-02
-4.564247784473e+00,1.794942891546e+00,9.327502834385e-02
-4.564135716952e+00,2.293955703830e+00,9.327509462969e-02
-4.564052974543e+00,8.610929421749e+00,7.646674630285e-02
-4.563995038990e+00,1.532699144951e+00,9.327469574307e-02
-4.563979871873e+00,3.613321895135e+00,9.327537507212e-02
-4.563926300980e+00,4.598092036397e+00,9.262177479380e-02
-4.563923286137e+00,7.128579337035e+00,8.833100548927e-02
-4.563887247637e+00,7.641555939584e+00,8.615031803964e-02
-4.563820226998e+00,4.679050468987e+00,9.255285584196e-02
-4.563810729494e+00,2.941815197992e+00,9.327498212109e-02
-4.563574445928e+00,5.760424862465e+00,9.134905117902e-02
-4.563505313355e+00,1.562500050003e-02,9.330050114722e-02
-4.563505313355e+00,4.687500150008e-02,9.329731990571e-02
-4.563505313355e+00,3.281250105004e-01,9.327779286486e-02
-4.563505313355e+00,3.906250125003e-01,9.327571314560e-02
-4.563505313355e+00,4.218750135002e-01,9.327498463446e-02
-4.563505313355e+00,5.468750175001e-01,9.327404751234e-02
-4.563505313355e+00,5.781250185002e-01,9.327404751234e-02
-4.563505313355e+00,6.093750195003e-01,9.327404751234e-02
-4.563505313355e+00,6.406250205003e-01,9.327404751234e-02
-4.563505313355e+00,9.843750315000e-01,9.327404751234e-02
-4.563505313355e+00,7.812500250013e-02,9.329433842699e-02
-4.563505313355e+00,1.093750035002e-01,9.329155779084e-02
-4.563505313355e+00,1.406250045003e-01,9.328897900803e-02
-4.563505313355e+00,1.718750055004e-01,9.328660301914e-02
-4.563505313355e+00,2.031250065004e-01,9.328443069353e-02
-4.563505313355e+00,2.343750075005e-01,9.328246282834e-02
-4.563505313355e+00,2.656250085006e-01,9.328070014757e-02
-4.563505313355e+00,2.968750095005e-01,9.327914330129e-02
-4.563505313355e+00,3.593750115004e-01,9.327664933827e-02
-4.563505313355e+00,4.531250145001e-01,9.327446407567e-02
-4.563505313355e+00,4.843750155000e-01,9.327415166287e-02
-4.563505313355e+00,5.156250165000e-01,9.327404751234e-02
-4.563505313355e+00,6.718750215004e-01,9.327404751234e-02
-4.563505313355e+00,7.031250225005e-01,9.327404751234e-02
-4.563505313355e+00,7.343750235006e-01,9.327404751234e-02
-4.563505313355e+00,7.656250245005e-01,9.327404751234e-02
-4.563505313355e+00,7.968750255004e-01,9.327404751234e-02
-4.563505313355e+00,8.281250265003e-01,9.327404751234e-02
-4.563505313355e+00,8.593750275003e-01,9.327404751234e-02
-4.563505313355e+00,8.906250285002e-01,9.327404751234e-02
-4.563505313355e+00,9.218750295001e-01,9.327404751234e-02
-4.563505313355e+00,9.531250305001e-01,9.327404751234e-02
-4.563305489544e+00,2.530196039256e+00,9.327435138347e-02
-4.563158693496e+00,2.059644491125e+00,9.327406992529e-02
-4.563153847934e+00,3.758247396915e+00,9.321872721475e-02
-4.563050191235e+00,3.469064418051e+00,9.327441080444e-02
-4.563015249977e+00,1.273722270793e+00,9.327366102036e-02
-4.562996887793e+00,4.517310392651e+00,9.268900629083e-02
-4.562923507063e+00,9.212185346413e+00,5.237536668227e-02
-4.562660160609e+00,4.760165828040e+00,9.248255116015e-02
-4.562603698178e+00,5.514523371423e+00,9.168015989118e-02
-4.562435849699e+00,6.400239643597e+00,9.025612039925e-02
-4.562422244898e+00,6.744376702631e+00,8.946760919338e-02
-4.562227101685e+00,4.129333811167e+00,9.298028066040e-02
-4.562214755182e+00,6.271931978856e+00,9.050932738609e-02
-4.562133308245e+00,7.045914921913e+00,8.860712869815e-02
-4.562067192865e+00,4.016350115664e+00,9.305695195872e-02
-4.562030343448e+00,7.729787211675e+00,8.566697912829e-02
-4.561848609195e+00,5.974080714880e+00,9.102842346962e-02
-4.561793648093e+00,1.016101340164e+00,9.327239132021e-02
-4.561458464894e+00,8.899588731341e+00,6.925403196023e-02
-4.561384337810e+00,8.321507770988e+00,8.078153253948e-02
-4.561136906280e+00,6.531561263161e+00,8.997791088448e-02
-4.561050806309e+00,4.436725091202e+00,9.275490624347e-02
-4.560921857983e+00,4.242682946342e+00,9.290110711561e-02
-4.560895313258e+00,3.149680987097e+00,9.327221830611e-02
-4.560684215239e+00,1.827380784317e+00,9.327158025393e-02
-4.560636508902e+00,5.558767753811e+00,9.162600177089e-02
-4.560517941326e+00,6.146703988526e+00,9.074058746202e-02
-4.560512143036e+00,1.564982251571e+00,9.327132530575e-02
-4.560487396823e+00,3.903772897918e+00,9.313120829434e-02
-4.560451630223e+00,3.325540163146e+00,9.327185212389e-02
-4.560427915118e+00,4.841417946800e+00,9.241059647536e-02
-4.560365225577e+00,2.768229613827e+00,9.327158905638e-02
-4.560319400858e+00,8.113289700612e+00,8.291818702193e-02
-4.560315341574e+00,2.326672206813e+00,9.327139580106e-02
-4.560280621334e+00,5.808214704016e+00,9.128408558174e-02
-4.559994680502e+00,8.699644518346e+00,7.471743485905e-02
-4.559846261872e+00,6.964086907356e+00,8.886455219617e-02
-4.559629304602e+00,7.818772162884e+00,8.513593627305e-02
-4.559570321152e+00,1.305924887121e+00,9.327032616245e-02
-4.559479889655e+00,2.092226784507e+00,9.327050943185e-02
-4.559464773649e+00,9.100385614235e+00,6.040854360128e-02
-4.559421950995e+00,2.974862605744e+00,9.327073097065e-02
-4.559314662651e+00,2.563033811310e+00,9.327048713629e-02
-4.558626823340e+00,3.646665628497e+00,9.327018618848e-02
-4.558424339220e+00,5.603697602628e+00,9.157004975461e-02
-4.558370317568e+00,1.048303956493e+00,9.326907589395e-02
-4.558274418152e+00,6.665830561227e+00,8.967103505467e-02
-4.558107184220e+00,4.356355371928e+00,9.281933831626e-02
-4.557950157934e+00,3.502345427726e+00,9.326947000038e-02
-4.557541973521e+00,8.412294490173e+00,7.966980205288e-02
-4.557533940783e+00,3.791642062821e+00,9.320299888044e-02
-4.557390532242e+00,6.024620825863e+00,9.095246817425e-02
-4.557117375983e+00,1.859817812748e+00,9.326812459889e-02
-4.557105626897e+00,4.922786359106e+00,9.233702953891e-02
-4.557068314599e+00,6.883105461846e+00,8.910536445441e-02
-4.557028144334e+00,1.597265123523e+00,9.326794959702e-02
-4.556716857200e+00,5.856657565984e+00,9.121686312667e-02
-4.556678535674e+00,7.908500286717e+00,8.455048363433e-02
-4.556487552030e+00,2.359386005116e+00,9.326768476193e-02
-4.556273026907e+00,3.182811438257e+00,9.326773851992e-02
-4.556205394987e+00,5.170534043634e+00,9.208687726253e-02
-4.556175900641e+00,2.801173872313e+00,9.326752984063e-02
-4.556153691665e+00,5.132928289592e+00,9.212689936061e-02
-4.556144037605e+00,6.325881015062e+00,9.041469029436e-02
-4.556125392328e+00,1.338127503450e+00,9.326698719266e-02
-4.556058830028e+00,5.208880826716e+00,9.204558195710e-02
-4.556043004453e+00,4.631715964558e+00,9.260049979453e-02
-4.555962288005e+00,5.649306693248e+00,9.151223001404e-02
-4.555908999582e+00,5.096069465497e+00,9.216556267379e-02
-4.555897983659e+00,4.049827608620e+00,9.303973429579e-02
-4.555795712433e+00,2.124807373512e+00,9.326693905070e-02
-4.555779071756e+00,4.162846034913e+00,9.296232862128e-02
-4.555708753811e+00,5.247962704973e+00,9.200298217245e-02
-4.555672285034e+00,6.455534103009e+00,9.015185058900e-02
-4.555641776201e+00,4.712684759498e+00,9.253111726763e-02
-4.555608985393e+00,8.205330246095e+00,8.207857917868e-02
-4.555603864755e+00,9.414226113455e+00,2.510122189992e-02
-4.555590369986e+00,3.358747185691e+00,9.326713567824e-02
-4.555476634590e+00,5.059963439102e+00,9.220304968152e-02
-4.555402784613e+00,4.550917105452e+00,9.266839105460e-02
-4.555314460179e+00,2.595867702682e+00,9.326660832948e-02
-4.555183744573e+00,8.788525624553e+00,7.265500227159e-02
-4.555149960080e+00,5.287773711809e+00,9.195903034370e-02
-4.555119402738e+00,6.199276915565e+00,9.065441763144e-02
-4.555090438518e+00,8.500601323909e+00,7.842356635804e-02
-4.555028937893e+00,8.988844037792e+00,6.603225696003e-02
-4.555020075612e+00,3.007903433845e+00,9.326646054924e-02
-4.554946987044e+00,1.080506572821e+00,9.326575640378e-02
-4.554861948675e+00,5.024616044802e+00,9.223939986293e-02
-4.554587203710e+00,3.937206190274e+00,9.311458810290e-02
-4.554441248261e+00,7.359553575474e+00,8.749366030561e-02
-4.554377279447e+00,5.328307848148e+00,9.191367654403e-02
-4.554254441799e+00,7.445305905390e+00,8.713013272746e-02
-4.554185453519e+00,4.276220156110e+00,9.288237685130e-02
-4.554180715971e+00,4.793803515520e+00,9.246009399667e-02
-4.554107670215e+00,7.274597687503e+00,8.782982444600e-02
-4.554070329765e+00,4.990033083417e+00,9.227461872975e-02
-4.553997205316e+00,9.301986573521e+00,4.366304512747e-02
-4.553805696512e+00,6.802980714439e+00,8.933108207260e-02
-4.553739816099e+00,4.470307849901e+00,9.273487614532e-02
-4.553660211975e+00,6.588170194927e+00,8.986261683578e-02
-4.553547272032e+00,1.892253956930e+00,9.326466136093e-02
-4.553543044332e+00,1.629547754093e+00,9.326456860426e-02
-4.553541393725e+00,7.531844320690e+00,8.673586237662e-02
-4.553385579626e+00,5.369559082612e+00,9.186677493330e-02
-4.553259628420e+00,7.190448560394e+00,8.814153218113e-02
-4.553253987436e+00,3.679996360849e+00,9.326496837610e-02
-4.553245492588e+00,5.695588770257e+00,9.145246448384e-02
-4.553172505919e+00,7.998961040971e+00,8.390203691718e-02
-4.553107201534e+00,4.956220321987e+00,9.230862848732e-02
-4.552878451061e+00,5.905747068291e+00,9.114724249081e-02
-4.552831940469e+00,3.535615114306e+00,9.326450269206e-02
-4.552680463503e+00,1.370330119778e+00,9.326364410129e-02
-4.552652364938e+00,2.392097053612e+00,9.326396148512e-02
-4.552643122162e+00,6.075787227174e+00,9.087375523509e-02
-4.552296310772e+00,7.619158427563e+00,8.630689873137e-02
-4.552169765657e+00,5.411521351697e+00,9.181833419346e-02
-4.552106172313e+00,2.157386225433e+00,9.326335875919e-02
-4.551975329301e+00,2.834112903508e+00,9.326345368155e-02
-4.551903106976e+00,7.107116475110e+00,8.843129738689e-02
-4.551892715158e+00,3.825021965665e+00,9.318708815665e-02
-4.551890083616e+00,8.589085141821e+00,7.699225259453e-02
-4.551641760286e+00,4.875051955423e+00,9.238763706938e-02
-4.551635916308e+00,3.215933750322e+00,9.326323703977e-02
-4.551523656519e+00,1.112709189150e+00,9.326243284018e-02
-4.551408942984e+00,9.189991915172e+00,5.468974295201e-02
-4.551304905944e+00,2.628697656328e+00,9.326271493085e-02
-4.551073109088e+00,4.389907553890e+00,9.279979996521e-02
-4.550724780059e+00,5.454188560031e+00,9.176832832474e-02
-4.550712597676e+00,3.391944476500e+00,9.326239514068e-02
-4.550605143670e+00,3.040937602631e+00,9.326217081333e-02
-4.550513463571e+00,7.707237795423e+00,8.583815322637e-02
-4.550326427465e+00,8.298070454205e+00,8.112771166821e-02
-4.550269128902e+00,5.742537547710e+00,9.139067054581e-02
-4.550064699971e+00,6.723722754401e+00,8.954304483003e-02
-4.550056844521e+00,1.661830136578e+00,9.326118231483e-02
-4.550044153211e+00,7.024611674218e+00,8.870092937503e-02
-4.549973908834e+00,1.924689196987e+00,9.326119052225e-02
-4.549760099483e+00,6.380421449312e+00,9.031633347646e-02
-4.549704510024e+00,4.083286719847e+00,9.302218862714e-02
-4.549618453452e+00,8.877567495193e+00,7.018767317073e-02
-4.549417227043e+00,6.252455500282e+00,9.056498051826e-02
-4.549305345205e+00,4.196338042326e+00,9.294412882970e-02
-4.549235534679e+00,1.402532736107e+00,9.326029687860e-02
-4.549105749315e+00,8.090143848204e+00,8.318013018968e-02
-4.549045603034e+00,5.497554580570e+00,9.171669619366e-02
-4.548809797187e+00,2.424805307288e+00,9.326022594355e-02
-4.548760739812e+00,5.955476801219e+00,9.107515423733e-02
-4.548664236239e+00,3.970622875945e+00,9.309778205906e-02
-4.548586099001e+00,6.511405575178e+00,9.004333240662e-02
-4.548411279977e+00,2.189963307627e+00,9.325976853473e-02
-4.548187186960e+00,7.796071957215e+00,8.532329693186e-02
-4.548127228583e+00,4.665310253654e+00,9.257900431549e-02
-4.548100325994e+00,1.144911805479e+00,9.325910519357e-02
-4.547939126449e+00,8.677740726334e+00,7.533165732447e-02
-4.547861443735e+00,3.713313971880e+00,9.325731458425e-02
-4.547841446112e+00,9.078249050027e+00,6.199276715784e-02
-4.547777527363e+00,4.584496076685e+00,9.264757896084e-02
-4.547763543609e+00,2.867046638997e+00,9.325936054143e-02
-4.547695608160e+00,3.568873367220e+00,9.325950881193e-02
-4.547688877270e+00,6.942944361647e+00,8.895269689143e-02
-4.547601839488e+00,6.127573417996e+00,9.079215121734e-02
-4.547429562607e+00,4.746287477309e+00,9.250904490517e-02
-4.547421979803e+00,4.309735256894e+00,9.286345560976e-02
-4.547286024113e+00,2.661523615339e+00,9.325880690829e-02
-4.547127252632e+00,5.541613254838e+00,9.166337335101e-02
-4.547028411625e+00,5.790146709381e+00,9.132676068613e-02
-4.546984031323e+00,3.249047833123e+00,9.325871381496e-02
-4.546569546434e+00,1.694112264280e+00,9.325779071609e-02
-4.546399038258e+00,4.503864727608e+00,9.271449813247e-02
-4.546397291958e+00,1.957123513084e+00,9.325771206509e-02
-4.546230261390e+00,3.858386975849e+00,9.317099555181e-02
-4.546177195977e+00,3.073965032689e+00,9.325786171945e-02
-4.545851679335e+00,6.645341630875e+00,8.974244046031e-02
-4.545818372881e+00,3.425131935167e+00,9.325763045300e-02
-4.545790605854e+00,1.434735352435e+00,9.325694551484e-02
-4.545666267673e+00,4.827407661164e+00,9.243743270352e-02
-4.545311880315e+00,7.885650409721e+00,8.475647967913e-02
-4.545165290549e+00,8.390570807306e+00,8.004994332496e-02
-4.545039978109e+00,9.504342778306e+00,6.608629123875e-06
-4.544964784866e+00,5.586358393205e+00,9.160829179240e-02
-4.544959865940e+00,2.457510721235e+00,9.325647811018e-02
-4.544843451799e+00,6.862124702389e+00,8.918837034786e-02
-4.544711046308e+00,2.222538587520e+00,9.325616835481e-02
-4.544676995470e+00,1.177114421807e+00,9.325577345437e-02
-4.544472864906e+00,8.182038096028e+00,8.237187650574e-02
-4.544359099861e+00,6.005840325664e+00,9.100049271050e-02
-4.544307657594e+00,9.391920548964e+00,3.083674495175e-02
-4.544010653226e+00,4.423435677802e+00,9.278006682708e-02
-4.543540576035e+00,2.899975010563e+00,9.325525038261e-02
-4.543518594374e+00,5.838409908974e+00,9.126059701437e-02
-4.543486884406e+00,4.116727301849e+00,9.300445383602e-02
-4.543407000344e+00,6.306233152727e+00,9.047208894231e-02
-4.543297127036e+00,8.966764872408e+00,6.718395182759e-02
-4.543257839196e+00,2.694345522958e+00,9.325488422978e-02
-4.543235817872e+00,8.766562846664e+00,7.338230372488e-02
-4.543081151643e+00,1.726394130514e+00,9.325439379539e-02
-4.543058613121e+00,6.435546632283e+00,9.021405604197e-02
-4.542820503764e+00,8.478817080842e+00,7.885771704350e-02
-4.542819404121e+00,4.908650418405e+00,9.236422318459e-02
-4.542817427092e+00,1.989556885418e+00,9.325422597173e-02
-4.542806045675e+00,4.229809677227e+00,9.292562249736e-02
-4.542718595991e+00,4.004022816509e+00,9.308079088369e-02
-4.542632423722e+00,7.337618431931e+00,8.761434809553e-02
-4.542591682231e+00,9.279736808402e+00,4.691495883489e-02
-4.542553293951e+00,5.631783775056e+00,9.155137969937e-02
-4.542541231007e+00,3.602120076309e+00,9.325448829234e-02
-4.542517527439e+00,7.423215533059e+00,8.726015470786e-02
-4.542449272538e+00,3.746618341773e+00,9.324191077723e-02
-4.542345677030e+00,1.466937968764e+00,9.325359000020e-02
-4.542317422364e+00,3.282153596802e+00,9.325416879478e-02
-4.542288211134e+00,5.155086345474e+00,9.211749905367e-02
-4.542262184782e+00,6.179972868841e+00,9.070751377935e-02
-4.542227661402e+00,7.252818874224e+00,8.794217255286e-02
-4.542195642817e+00,5.117675094554e+00,9.215695284770e-02
-4.542183415282e+00,5.193239586043e+00,9.207680439351e-02
-4.541910994316e+00,5.081011729967e+00,9.219505832497e-02
-4.541882007671e+00,7.975962613987e+00,8.412963268457e-02
-4.541877110309e+00,7.509599824417e+00,8.687637556213e-02
-4.541876007797e+00,5.232128886599e+00,9.203482782044e-02
-4.541736273833e+00,3.106985644846e+00,9.325353322418e-02
-4.541514111928e+00,6.782162821987e+00,8.940940598467e-02
-4.541439585932e+00,5.045102115223e+00,9.223200697258e-02
-4.541360777918e+00,5.271748284727e+00,9.199152293282e-02
-4.541309166364e+00,7.168827175459e+00,8.824640002962e-02
-4.541253664945e+00,1.209317038136e+00,9.325243761297e-02
-4.541173050715e+00,6.567847352526e+00,8.993032539700e-02
-4.541102588632e+00,2.490213250646e+00,9.325271795810e-02
-4.541005482385e+00,2.255112032604e+00,9.325255819696e-02
-4.540907755809e+00,3.458309461640e+00,9.325284155697e-02
-4.540786774074e+00,5.009952080451e+00,9.226783735576e-02
-4.540705373907e+00,7.596760915543e+00,8.645925697358e-02
-4.540632551733e+00,5.312091785511e+00,9.194684104165e-02
-4.540631572042e+00,4.343228084177e+00,9.284420384574e-02
-4.540546670596e+00,3.891736964331e+00,9.315472166650e-02
-4.540179154509e+00,4.698874706400e+00,9.255730847343e-02
-4.540121285633e+00,4.618047117059e+00,9.262636619865e-02
-4.539957951080e+00,4.975567422186e+00,9.230255749800e-02
-4.539894378905e+00,9.167798483930e+00,5.678038571605e-02
-4.539887912543e+00,5.677883148964e+00,9.149256115918e-02
-4.539882927815e+00,7.085653613184e+00,8.852931778537e-02
-4.539734969934e+00,5.887320770312e+00,9.119212053495e-02
-4.539727192688e+00,8.567240861893e+00,7.749240548136e-02
-4.539686192411e+00,5.353153361713e+00,9.190061586246e-02
-4.539668947237e+00,6.056831173415e+00,9.092313651153e-02
-4.539591661761e+00,1.758675728604e+00,9.325099154008e-02
-4.539306459464e+00,2.932897950180e+00,9.325112316752e-02
-4.539268517120e+00,8.274633137421e+00,8.146001095854e-02
-4.539234320046e+00,2.021989294216e+00,9.325073222449e-02
-4.539220376048e+00,2.727163322588e+00,9.325094686338e-02
-4.539183779209e+00,4.779858417293e+00,9.248663383832e-02
-4.539028631036e+00,4.537395543302e+00,9.269392150616e-02
-4.538996583693e+00,7.684688379171e+00,8.600439285634e-02
-4.538958545008e+00,4.941953903163e+00,9.233608331602e-02
-4.538900748205e+00,1.499140585092e+00,9.325023032488e-02
-4.538516600428e+00,5.394926953947e+00,9.185290116505e-02
-4.537954998176e+00,7.003308426522e+00,8.879278819979e-02
-4.537892097773e+00,8.066997995796e+00,8.343294758379e-02
-4.537830334420e+00,1.241519654464e+00,9.324909765972e-02
-4.537778442010e+00,8.855546259045e+00,7.106221999548e-02
-4.537707155044e+00,6.703068806170e+00,8.961709171607e-02
-4.537636140383e+00,3.315250951815e+00,9.324960192857e-02
-4.537368879670e+00,3.635355131858e+00,9.324944106552e-02
-4.537294599483e+00,2.287683610443e+00,9.324893803880e-02
-4.537282419017e+00,3.139999360176e+00,9.324918528414e-02
-4.537245220129e+00,4.150149207843e+00,9.298653091046e-02
-4.537237982977e+00,2.522912850816e+00,9.324894546043e-02
-4.537118713721e+00,5.437406470937e+00,9.180365047065e-02
-4.537117020702e+00,4.860978052351e+00,9.241452571503e-02
-4.537084349268e+00,6.360603255027e+00,9.037557162553e-02
-4.537017554882e+00,3.779909351194e+00,9.322624142432e-02
-4.536963811875e+00,5.724650232956e+00,9.143175586130e-02
-4.536919963715e+00,4.456939571222e+00,9.276009969169e-02
-4.536750385395e+00,4.037405874159e+00,9.306361540840e-02
-4.536745069319e+00,7.773371751547e+00,8.550510922967e-02
-4.536619698904e+00,6.232979021708e+00,9.061969092524e-02
-4.536281297759e+00,4.263260784192e+00,9.290692409673e-02
-4.536218118575e+00,9.056112485819e+00,6.344852417596e-02
-4.536101078442e+00,1.790957051881e+00,9.324758393752e-02
-4.536035291722e+00,6.491249887195e+00,9.010764223040e-02
-4.535980807278e+00,3.491476956226e+00,9.324802839436e-02
-4.535883572396e+00,8.655836934321e+00,7.591397530574e-02
-4.535672870429e+00,5.936872887558e+00,9.112123886278e-02
-4.535647976750e+00,2.054420719745e+00,9.324723080573e-02
-4.535531492669e+00,6.921801815938e+00,8.903907566501e-02
-4.535487507890e+00,5.480585789717e+00,9.175280423860e-02
-4.535455819381e+00,1.531343201421e+00,9.324686647901e-02
-4.535173659867e+00,2.759976957781e+00,9.324699477723e-02
-4.535061227199e+00,2.965815390021e+00,9.324697885865e-02
-4.534842034694e+00,3.925071802605e+00,9.313817034825e-02
-4.534713481725e+00,1.562500050003e-02,9.327286053071e-02
-4.534713481725e+00,4.687500150008e-02,9.326962636613e-02
-4.534713481725e+00,7.812500250013e-02,9.326659520634e-02
-4.534713481725e+00,1.093750035002e-01,9.326376816489e-02
-4.534713481725e+00,1.406250045003e-01,9.326114628422e-02
-4.534713481725e+00,1.718750055004e-01,9.325873053445e-02
-4.534713481725e+00,2.031250065004e-01,9.325652181230e-02
-4.534713481725e+00,2.343750075005e-01,9.325452094003e-02
-4.534713481725e+00,2.656250085006e-01,9.325272866453e-02
-4.534713481725e+00,2.968750095005e-01,9.325114565642e-02
-4.534713481725e+00,3.281250105004e-01,9.324977250928e-02
-4.534713481725e+00,3.593750115004e-01,9.324860973895e-02
-4.534713481725e+00,3.906250125003e-01,9.324765778297e-02
-4.534713481725e+00,4.218750135002e-01,9.324691699999e-02
-4.534713481725e+00,4.531250145001e-01,9.324638766944e-02
-4.534713481725e+00,4.843750155000e-01,9.324606999112e-02
-4.534713481725e+00,5.156250165000e-01,9.324596408500e-02
-4.534713481725e+00,5.468750175001e-01,9.324596408500e-02
-4.534713481725e+00,5.781250185002e-01,9.324596408500e-02
-4.534713481725e+00,6.093750195002e-01,9.324596408500e-02
-4.534713481725e+00,6.406250205003e-01,9.324596408500e-02
-4.534713481725e+00,6.718750215004e-01,9.324596408500e-02
-4.534713481725e+00,7.031250225005e-01,9.324596408500e-02
-4.534713481725e+00,7.343750235006e-01,9.324596408500e-02
-4.534713481725e+00,7.656250245005e-01,9.324596408500e-02
-4.534713481725e+00,7.968750255004e-01,9.324596408500e-02
-4.534713481725e+00,8.281250265003e-01,9.324596408500e-02
-4.534713481725e+00,8.593750275002e-01,9.324596408500e-02
-4.534713481725e+00,8.906250285002e-01,9.324596408500e-02
-4.534713481725e+00,9.218750295001e-01,9.324596408500e-02
-4.534713481725e+00,9.531250305001e-01,9.324596408500e-02
-4.534713481725e+00,9.843750315000e-01,9.324596408500e-02
-4.534685737651e+00,6.108442847465e+00,9.084295632128e-02
-4.534407003896e+00,1.273722270793e+00,9.324575358493e-02
-4.533945224956e+00,7.862800532725e+00,8.495608493336e-02
-4.533853359191e+00,9.481981950286e+00,1.008880432124e-02
-4.533814366435e+00,4.376698474282e+00,9.282470030238e-02
-4.533776201916e+00,5.772078714746e+00,9.136884120081e-02
-4.533617996362e+00,5.524458755865e+00,9.170029972074e-02
-4.533578409077e+00,2.320253288668e+00,9.324530785801e-02
-4.533487435866e+00,8.367918291170e+00,8.042113752482e-02
-4.533428940517e+00,6.624852700522e+00,8.981257051569e-02
-4.533366066954e+00,2.555609477152e+00,9.324516059042e-02
-4.533336744419e+00,8.158745945961e+00,8.265438615408e-02
-4.533012615613e+00,1.016101340164e+00,9.324430122376e-02
-4.533011450433e+00,9.369614984473e+00,3.573585186811e-02
-4.532940236882e+00,3.348339808923e+00,9.324501316565e-02
-4.532815673783e+00,3.173006100025e+00,9.324481785601e-02
-4.532618589000e+00,6.841143942932e+00,8.926976570130e-02
-4.532609403381e+00,1.823238093691e+00,9.324417097504e-02
-4.532434230169e+00,4.651570038322e+00,9.260491275984e-02
-4.532198964604e+00,4.732409126578e+00,9.253529353980e-02
-4.532178625474e+00,3.668578424589e+00,9.324436706362e-02
-4.532058403256e+00,2.086851142306e+00,9.324372169783e-02
-4.532010890556e+00,1.563545817749e+00,9.324349845272e-02
-4.531628753746e+00,4.570900116972e+00,9.267314830845e-02
-4.531566372530e+00,3.813186881297e+00,9.321035407062e-02
-4.531565316180e+00,8.944685707023e+00,6.825519236071e-02
-4.531505230513e+00,5.569019183782e+00,9.164607073075e-02
-4.531327667480e+00,5.987059825464e+00,9.104784133007e-02
-4.531287891171e+00,8.744600068774e+00,7.406868568411e-02
-4.531186159147e+00,9.257487043283e+00,4.979947269451e-02
-4.531117716196e+00,2.792786372238e+00,9.324302793956e-02
-4.531037588707e+00,3.524634319622e+00,9.324319090686e-02
-4.530983673371e+00,1.305924887121e+00,9.324240537891e-02
-4.530979631411e+00,4.183552291733e+00,9.296839742578e-02
-4.530904620228e+00,4.813397375527e+00,9.246401901700e-02
-4.530823599183e+00,7.315683288388e+00,8.773217741212e-02
-4.530804912956e+00,2.998727262465e+00,9.324281286842e-02
-4.530780613079e+00,7.401125160728e+00,8.738697877946e-02
-4.530759707735e+00,4.070771911690e+00,9.304612311311e-02
-4.530669963083e+00,6.286585290393e+00,9.052852018281e-02
-4.530591509422e+00,7.952964187003e+00,8.434981583770e-02
-4.530550569011e+00,8.457032837775e+00,7.927273415766e-02
-4.530444941209e+00,6.415559161556e+00,9.027523446542e-02
-4.530347652589e+00,7.231040060945e+00,8.805195531085e-02
-4.530320331549e+00,5.820162251964e+00,9.130374330774e-02
-4.530212826893e+00,7.487355328144e+00,8.701329560609e-02
-4.529856922839e+00,2.352821034977e+00,9.324166763231e-02
-4.529801188723e+00,4.490419062564e+00,9.273975963647e-02
-4.529731226994e+00,4.296691208559e+00,9.288803494958e-02
-4.529610883388e+00,1.048303956493e+00,9.324097243763e-02
-4.529486858815e+00,2.588303085182e+00,9.324136332137e-02
-4.529404966826e+00,6.160668822116e+00,9.075981424958e-02
-4.529358704307e+00,7.147205790526e+00,8.834895696494e-02
-4.529222527344e+00,6.761344929535e+00,8.948625709538e-02
-4.529144299898e+00,5.614260856863e+00,9.159004739488e-02
-4.529116638313e+00,1.855518847387e+00,9.324075263996e-02
-4.529116446383e+00,3.958391362729e+00,9.312139018312e-02
-4.529114437042e+00,7.574363403522e+00,8.660755914550e-02
-4.528685889454e+00,6.547524510125e+00,8.999686002973e-02
-4.528565961732e+00,1.595748434078e+00,9.324012623609e-02
-4.528533181345e+00,4.894514477704e+00,9.239116187564e-02
-4.528465605733e+00,2.119280542240e+00,9.324020488323e-02
-4.528379814826e+00,9.145605052689e+00,5.867819304287e-02
-4.528371027281e+00,5.139638647314e+00,9.214780576300e-02
-4.528336080867e+00,3.206005785992e+00,9.324043089653e-02
-4.528308000536e+00,5.177598345370e+00,9.210770070655e-02
-4.528237593969e+00,5.102421899517e+00,9.218669412557e-02
-4.528229763906e+00,3.381420079205e+00,9.324040245537e-02
-4.528210606775e+00,8.251195820638e+00,8.177901678530e-02
-4.528043261783e+00,5.216295068224e+00,9.206633575439e-02
-4.527912989051e+00,5.065953994438e+00,9.222425911451e-02
-4.527862748654e+00,7.064190751259e+00,8.862514638593e-02
-4.527571595757e+00,5.255722857644e+00,9.202366563381e-02
-4.527564301762e+00,8.545396581964e+00,7.796898677416e-02
-4.527560342846e+00,1.338127503450e+00,9.323905303191e-02
-4.527479703815e+00,7.662138962919e+00,8.616558842516e-02
-4.527402537273e+00,5.030240791344e+00,9.226067897802e-02
-4.527052570922e+00,2.825591509821e+00,9.323904631868e-02
-4.526970540414e+00,3.701789845648e+00,9.323926621869e-02
-4.526970500142e+00,4.410146264401e+00,9.280500223516e-02
-4.526887824019e+00,5.295875722874e+00,9.197963169168e-02
-4.526711599473e+00,4.995288116100e+00,9.229599870481e-02
-4.526694772312e+00,6.037875119655e+00,9.097181020994e-02
-4.526678446231e+00,8.043852143388e+00,8.367710102181e-02
-4.526591488807e+00,5.868894472334e+00,9.123639374216e-02
-4.526537550855e+00,3.031633500103e+00,9.323862930230e-02
-4.526530332497e+00,5.660177527673e+00,9.153215588252e-02
-4.526209151163e+00,1.080506572821e+00,9.323763955866e-02
-4.526130152638e+00,2.385386817141e+00,9.323801733951e-02
-4.526095807961e+00,3.846450813755e+00,9.319428501674e-02
-4.526078162117e+00,3.557781452895e+00,9.323832903616e-02
-4.525986805195e+00,5.336747640813e+00,9.193408141902e-02
-4.525938430569e+00,8.833525022897e+00,7.188309158929e-02
-4.525865843141e+00,6.982005178827e+00,8.888276485348e-02
-4.525845572394e+00,4.961101760955e+00,9.233022875788e-02
-4.525622785013e+00,1.887799306333e+00,9.323732891963e-02
-4.525600377082e+00,2.620993630535e+00,9.323755362666e-02
-4.525349610117e+00,6.682414857940e+00,8.968978832416e-02
-4.525302951678e+00,7.750671545878e+00,8.568161324884e-02
-4.525121032907e+00,1.627951050406e+00,9.323674981918e-02
-4.524869590471e+00,2.151708899924e+00,9.323668034438e-02
-4.524863435199e+00,5.378332556196e+00,9.188707863549e-02
-4.524809888482e+00,4.927687484339e+00,9.236327896700e-02
-4.524746667128e+00,4.104120792532e+00,9.302841691966e-02
-4.524716532818e+00,4.685064653303e+00,9.258325928733e-02
-4.524690233368e+00,4.216936408111e+00,9.294992239320e-02
-4.524594791038e+00,9.033975921611e+00,6.479079835008e-02
-4.524408599053e+00,6.340785060742e+00,9.043382769791e-02
-4.524199566814e+00,4.604378269560e+00,9.265199681897e-02
-4.524186842446e+00,4.765913319067e+00,9.251292818482e-02
-4.524137012322e+00,1.370330119778e+00,9.323569653417e-02
-4.523843683483e+00,3.238998339930e+00,9.323602436249e-02
-4.523828018343e+00,8.633933142309e+00,7.646679983458e-02
-4.523822170765e+00,6.213502543135e+00,9.067356312106e-02
-4.523658494849e+00,5.706762918201e+00,9.147229924090e-02
-4.523512647384e+00,5.420624381844e+00,9.183856824094e-02
-4.523504774031e+00,3.414491674067e+00,9.323576974710e-02
-4.523484484443e+00,6.471094199212e+00,9.017086910544e-02
-4.523374108068e+00,6.900659270229e+00,8.912374122360e-02
-4.523369999117e+00,3.991695517355e+00,9.310442508337e-02
-4.523155959865e+00,4.330100796425e+00,9.286884848868e-02
-4.522978250270e+00,2.858392314554e+00,9.323504988298e-02
-4.522807418938e+00,1.112709189150e+00,9.323430257724e-02
-4.522666740273e+00,9.459621122265e+00,1.829535888615e-02
-4.522654477458e+00,4.523873981152e+00,9.271922126815e-02
-4.522592281117e+00,4.846904149279e+00,9.244116392890e-02
-4.522585001046e+00,5.918268973897e+00,9.116669142513e-02
-4.522578569597e+00,7.839950655729e+00,8.514958860436e-02
-4.522508409472e+00,8.344336941763e+00,8.078354804672e-02
-4.522398110538e+00,2.417950603002e+00,9.323435695748e-02
-4.522259175427e+00,3.064534035742e+00,9.323442854563e-02
-4.522200623932e+00,8.135453795895e+00,8.292668328614e-02
-4.522127845298e+00,1.920079463904e+00,9.323389980136e-02
-4.521929412746e+00,5.463616998865e+00,9.178849223804e-02
-4.521769635813e+00,6.089312276934e+00,9.089302014808e-02
-4.521744697143e+00,3.734989286630e+00,9.323413846269e-02
-4.521715243272e+00,9.347309419982e+00,3.996895905107e-02
-4.521706640552e+00,2.653681068950e+00,9.323373147978e-02
-4.521676104083e+00,1.660153666735e+00,9.323336919201e-02
-4.521270363880e+00,2.184136195772e+00,9.323314806378e-02
-4.521102590142e+00,3.590918257483e+00,9.323344272394e-02
-4.521006201700e+00,6.604363770170e+00,8.988145963993e-02
-4.520713681797e+00,1.402532736107e+00,9.323233587588e-02
-4.520605944369e+00,3.879701030745e+00,9.317803485567e-02
-4.520523992206e+00,5.754010720111e+00,9.141036653034e-02
-4.520393726200e+00,6.820163183475e+00,8.934959723851e-02
-4.520108740093e+00,5.507304256892e+00,9.173678952616e-02
-4.520100111330e+00,4.443571292544e+00,9.278509696799e-02
-4.519833505323e+00,8.922606541639e+00,6.925410033548e-02
-4.519780636062e+00,9.235237278164e+00,5.237545304387e-02
-4.519405686714e+00,1.144911805479e+00,9.323096148376e-02
-4.519339964471e+00,8.722637290884e+00,7.471749247894e-02
-4.519338525322e+00,3.271983683963e+00,9.323159821074e-02
-4.519301011174e+00,7.929965760018e+00,8.456293791998e-02
-4.519043698719e+00,7.379034788396e+00,8.751072049775e-02
-4.519014774643e+00,7.293748144844e+00,8.784724797274e-02
-4.518894780805e+00,2.891188730622e+00,9.323103860094e-02
-4.518765320382e+00,3.447554505229e+00,9.323111499021e-02
-4.518711368502e+00,4.137452380772e+00,9.301052280629e-02
-4.518660808797e+00,2.450512360487e+00,9.323068646416e-02
-4.518631821023e+00,1.952359313489e+00,9.323046527248e-02
-4.518548543476e+00,7.465110831871e+00,8.714675717732e-02
-4.518467643776e+00,7.209261247665e+00,8.815925922564e-02
-4.518377141999e+00,4.250301412273e+00,9.293125553586e-02
-4.518296235100e+00,5.968279325265e+00,9.109452897269e-02
-4.518280634258e+00,8.435248594708e+00,7.966984771160e-02
-4.518231175258e+00,1.692356283063e+00,9.322998434459e-02
-4.518045676159e+00,5.551679974359e+00,9.168339567920e-02
-4.517969821616e+00,3.097428802386e+00,9.323021056172e-02
-4.517932925821e+00,6.266937428058e+00,9.058404569010e-02
-4.517831269297e+00,6.395571690829e+00,9.033541178406e-02
-4.517805668290e+00,2.686365356282e+00,9.322989685429e-02
-4.517667932489e+00,2.216562410239e+00,9.322960802397e-02
-4.517602787130e+00,4.024984139699e+00,9.308727587230e-02
-4.517523500177e+00,7.551965891501e+00,8.675196314609e-02
-4.517408242251e+00,7.125584405592e+00,8.844923416992e-02
-4.517290351272e+00,1.434735352435e+00,9.322897104723e-02
-4.517152696430e+00,8.227758503854e+00,8.208464784764e-02
-4.517122068723e+00,5.801914594954e+00,9.134632262480e-02
-4.516968366601e+00,4.718530775847e+00,9.256130102679e-02
-4.516930942760e+00,6.740527037083e+00,8.956167697297e-02
-4.516865250747e+00,9.123411621448e+00,6.040862432471e-02
-4.516741231754e+00,4.637829822989e+00,9.263058505035e-02
-4.516555623782e+00,4.363489394674e+00,9.284937941370e-02
-4.516547748869e+00,6.141364775392e+00,9.081133754031e-02
-4.516501168979e+00,3.768176639566e+00,9.322898372747e-02
-4.516198728193e+00,6.527201667723e+00,9.006225162158e-02
-4.516142972783e+00,4.799387089891e+00,9.249035945522e-02
-4.516110936001e+00,3.624044635219e+00,9.322853191182e-02
-4.516003954489e+00,1.177114421807e+00,9.322761626856e-02
-4.515962823937e+00,7.639589546667e+00,8.632236859783e-02
-4.515842569493e+00,7.042727889333e+00,8.871896609310e-02
-4.515735305844e+00,5.596737938671e+00,9.162824270557e-02
-4.515479980129e+00,4.557304157260e+00,9.269848661894e-02
-4.515464794688e+00,8.020706290980e+00,8.391302205451e-02
-4.515401410835e+00,8.523552302036e+00,7.842361530473e-02
-4.515134714084e+00,1.984638848485e+00,9.322702532029e-02
-4.515096865679e+00,3.912937414937e+00,9.316155169473e-02
-4.514918259870e+00,2.483072057589e+00,9.322700412625e-02
-4.514820650542e+00,3.304961740484e+00,9.322715239817e-02
-4.514802189433e+00,2.923980702369e+00,9.322701244114e-02
-4.514786246434e+00,1.724558899392e+00,9.322659526685e-02
-4.514453843428e+00,5.124190949154e+00,9.217780285877e-02
-4.514432585790e+00,5.161957104697e+00,9.213827662258e-02
-4.514279545121e+00,5.087168704479e+00,9.221613285384e-02
-4.514246958568e+00,4.880378537003e+00,9.241784973345e-02
-4.514210515770e+00,5.200461249850e+00,9.209751197454e-02
-4.514098419127e+00,8.811503786749e+00,7.265506438472e-02
-4.514062302945e+00,2.248987523821e+00,9.322606020753e-02
-4.514011456623e+00,3.480608484726e+00,9.322643813412e-02
-4.513914983785e+00,5.050896258909e+00,9.225317004826e-02
-4.513897479625e+00,2.719046448512e+00,9.322604972383e-02
-4.513867020748e+00,1.466937968764e+00,9.322560203836e-02
-4.513860834036e+00,7.727971340210e+00,8.585303557909e-02
-4.513782413595e+00,5.239697430562e+00,9.205546473765e-02
-4.513776688107e+00,6.960701931132e+00,8.897091665857e-02
-4.513720597386e+00,6.018919065895e+00,9.101979219801e-02
-4.513669524776e+00,3.130317733255e+00,9.322597531400e-02
-4.513448007679e+00,5.850468174355e+00,9.128007503156e-02
-4.513365488614e+00,5.015379467465e+00,9.228907048626e-02
-4.513203339188e+00,4.476973397521e+00,9.276479451237e-02
-4.513172752451e+00,5.642471906381e+00,9.157125878886e-02
-4.513143096304e+00,5.279659660237e+00,9.201205690315e-02
-4.512992065190e+00,6.661760909709e+00,8.976117176091e-02
-4.512971463501e+00,9.011839357403e+00,6.603233072741e-02
-4.512653917617e+00,4.170766541139e+00,9.299244188498e-02
-4.512636424872e+00,4.980624151749e+00,9.232388849298e-02
-4.512602222264e+00,1.209317038136e+00,9.322426692196e-02
-4.512287417980e+00,5.320341919914e+00,9.196717850354e-02
-4.512040474185e+00,4.283647160224e+00,9.291239816632e-02
-4.511814905445e+00,4.058257103534e+00,9.306985116368e-02
-4.511772464290e+00,8.612029350297e+00,7.699230515552e-02
-4.511733193708e+00,4.946636099724e+00,9.235763690096e-02
-4.511732848837e+00,6.320966866457e+00,9.049109377664e-02
-4.511636526419e+00,2.016918062304e+00,9.322357993210e-02
-4.511529383078e+00,8.320755592356e+00,8.113090871107e-02
-4.511480121355e+00,9.437260294245e+00,2.510129014718e-02
-4.511341317610e+00,1.756761515720e+00,9.322320194876e-02
-4.511240029902e+00,3.801351796929e+00,9.322380194483e-02
-4.511216723466e+00,6.879516724520e+00,8.920674425264e-02
-4.511211914238e+00,7.817100778733e+00,8.533726290921e-02
-4.511210269971e+00,5.361738158446e+00,9.192087385306e-02
-4.511170476409e+00,2.515629662375e+00,9.322331081866e-02
-4.511103263512e+00,3.657160488329e+00,9.322359654142e-02
-4.511064503445e+00,8.112161645828e+00,8.318930342061e-02
-4.511024642626e+00,6.194026064561e+00,9.072661984991e-02
-4.510933677163e+00,6.450938511230e+00,9.023304083114e-02
-4.510700503404e+00,2.956768174298e+00,9.322297137224e-02
-4.510661231955e+00,4.913421065516e+00,9.239021964799e-02
-4.510453482014e+00,2.281411517056e+00,9.322250459707e-02
-4.510443690223e+00,1.499140585092e+00,9.322222883936e-02
-4.510419036111e+00,9.325003855492e+00,4.366313225091e-02
-4.510353177822e+00,5.688875603447e+00,9.151230524122e-02
-4.510290103779e+00,3.337932432155e+00,9.322268688176e-02
-4.509982094156e+00,2.751724301734e+00,9.322219006214e-02
-4.509930347058e+00,4.396856851000e+00,9.282971608184e-02
-4.509906581046e+00,5.403842292750e+00,9.187308925415e-02
-4.509568656527e+00,3.946159849514e+00,9.314479711959e-02
-4.509497131663e+00,5.899665060236e+00,9.121152561513e-02
-4.509358320659e+00,3.163200761793e+00,9.322172276597e-02
-4.509253911126e+00,4.671254600205e+00,9.260897358181e-02
-4.509243236945e+00,3.513653524937e+00,9.322173670631e-02
-4.509200490039e+00,1.241519654464e+00,9.322091343424e-02
-4.509189905684e+00,4.751968220840e+00,9.253898099600e-02
-4.508853533975e+00,6.070181706403e+00,9.094235956723e-02
-4.508583462883e+00,6.583874839817e+00,8.994914106287e-02
-4.508375112977e+00,9.212987513045e+00,5.468982854600e-02
-4.508371317602e+00,5.446648208012e+00,9.182376820505e-02
-4.508277847995e+00,4.590709422062e+00,9.267739545384e-02
-4.508168863401e+00,6.799182424019e+00,8.942790994314e-02
-4.508137260005e+00,2.049196948366e+00,9.322012909522e-02
-4.508101694466e+00,8.900527376254e+00,7.018774019724e-02
-4.508067541532e+00,4.832830246208e+00,9.246755575124e-02
-4.508010512925e+00,7.906967333034e+00,8.476932884850e-02
-4.507896388785e+00,1.788964132049e+00,9.321980438019e-02
-4.507417471258e+00,2.548185142995e+00,9.321960733793e-02
-4.507392037770e+00,8.700674512995e+00,7.533171386278e-02
-4.507306784359e+00,7.356944416064e+00,8.763149001679e-02
-4.507271782497e+00,5.735942725476e+00,9.145135964853e-02
-4.507205950104e+00,7.271813001301e+00,8.795965499637e-02
-4.507020359698e+00,1.531343201421e+00,9.321885144033e-02
-4.506884260060e+00,7.442866335598e+00,8.727688841469e-02
-4.506841476581e+00,2.313834370522e+00,9.321894117524e-02
-4.506599483823e+00,5.490149757919e+00,9.177285120115e-02
-4.506589750300e+00,2.989551091085e+00,9.321891536298e-02
-4.506587634963e+00,7.187482434386e+00,8.826416703265e-02
-4.506574421060e+00,4.204063138995e+00,9.297401025177e-02
-4.506280323880e+00,4.510352419002e+00,9.274429404791e-02
-4.506094786084e+00,8.204321187071e+00,8.237880031042e-02
-4.506079637092e+00,3.690265719416e+00,9.321863655433e-02
-4.506059531752e+00,2.784398872163e+00,9.321831784302e-02
-4.506010699504e+00,8.413464351640e+00,8.004998822770e-02
-4.506006449849e+00,4.091514283214e+00,9.305217326230e-02
-4.505961354533e+00,3.834514651660e+00,9.321737849588e-02
-4.505932563312e+00,7.529568379481e+00,8.689261892268e-02
-4.505921650095e+00,1.562500050003e-02,9.324493701355e-02
-4.505921650095e+00,4.687500150008e-02,9.324164860285e-02
-4.505921650095e+00,1.406250045003e-01,9.323302584502e-02
-4.505921650095e+00,1.718750055004e-01,9.323056933367e-02
-4.505921650095e+00,7.812500250013e-02,9.323856651767e-02
-4.505921650095e+00,1.093750035002e-01,9.323569190662e-02
-4.505921650095e+00,2.031250065004e-01,9.322832329770e-02
-4.505921650095e+00,2.343750075005e-01,9.322628858548e-02
-4.505921650095e+00,2.656250085006e-01,9.322446596763e-02
-4.505921650095e+00,2.968750095005e-01,9.322285613613e-02
-4.505921650095e+00,3.281250105004e-01,9.322145970348e-02
-4.505921650095e+00,3.593750115004e-01,9.322027720200e-02
-4.505921650095e+00,3.906250125003e-01,9.321930908319e-02
-4.505921650095e+00,4.218750135002e-01,9.321855571721e-02
-4.505921650095e+00,4.531250145001e-01,9.321801739239e-02
-4.505921650095e+00,4.843750155000e-01,9.321769431494e-02
-4.505921650095e+00,5.156250165000e-01,9.321758660870e-02
-4.505921650095e+00,5.468750175001e-01,9.321758660870e-02
-4.505921650095e+00,6.093750195002e-01,9.321758660870e-02
-4.505921650095e+00,6.718750215004e-01,9.321758660870e-02
-4.505921650095e+00,7.031250225005e-01,9.321758660870e-02
-4.505921650095e+00,7.343750235006e-01,9.321758660870e-02
-4.505921650095e+00,7.656250245005e-01,9.321758660870e-02
-4.505921650095e+00,7.968750255004e-01,9.321758660870e-02
-4.505921650095e+00,8.281250265003e-01,9.321758660870e-02
-4.505921650095e+00,8.593750275002e-01,9.321758660870e-02
-4.505921650095e+00,8.906250285002e-01,9.321758660870e-02
-4.505921650095e+00,9.218750295001e-01,9.321758660870e-02
-4.505921650095e+00,9.531250305001e-01,9.321758660870e-02
-4.505921650095e+00,9.843750315000e-01,9.321758660870e-02
-4.505921650095e+00,5.781250185002e-01,9.321758660870e-02
-4.505921650095e+00,6.406250205003e-01,9.321758660870e-02
-4.505798757814e+00,1.273722270793e+00,9.321755579566e-02
-4.505746930136e+00,3.370895681909e+00,9.321820161853e-02
-4.505680347688e+00,4.316973508674e+00,9.289327578876e-02
-4.505457780194e+00,7.103963020658e+00,8.854716456764e-02
-4.505350686668e+00,9.101218190207e+00,6.199284649281e-02
-4.505264802719e+00,5.949498825065e+00,9.114057015980e-02
-4.505217597385e+00,6.375584220102e+00,9.039452731323e-02
-4.505195888560e+00,6.247289565724e+00,9.063871485771e-02
-4.505036245426e+00,3.196077821661e+00,9.321745288119e-02
-4.504639358176e+00,6.719709144632e+00,8.963570568096e-02
-4.504636916857e+00,2.081475500105e+00,9.321667279694e-02
-4.504586121805e+00,5.534340764936e+00,9.172027552083e-02
-4.504460716075e+00,3.546689538570e+00,9.321700955985e-02
-4.504451459961e+00,1.821166748377e+00,9.321640255102e-02
-4.504445944060e+00,7.617040130415e+00,8.647490996379e-02
-4.504251143146e+00,7.997560438572e+00,8.414111438157e-02
-4.504231583133e+00,1.016101340164e+00,9.321591695509e-02
-4.504021402243e+00,3.979368218200e+00,9.312785780920e-02
-4.503923805897e+00,5.783666937944e+00,9.138834684203e-02
-4.503822390332e+00,7.021265027408e+00,8.881083936390e-02
-4.503711566933e+00,6.506878825322e+00,9.012653002079e-02
-4.503690530913e+00,6.122060728667e+00,9.086210160385e-02
-4.503659257451e+00,2.580738467682e+00,9.321589366250e-02
-4.503597029174e+00,1.563545817749e+00,9.321546983132e-02
-4.503280258945e+00,4.430203013865e+00,9.280986021968e-02
-4.503238519907e+00,8.501708022108e+00,7.885776514593e-02
-4.503226293648e+00,2.346256064839e+00,9.321536992472e-02
-4.502469958040e+00,3.022329397576e+00,9.321484438221e-02
-4.502418716395e+00,7.705271134541e+00,8.601933312477e-02
-4.502397025589e+00,1.305924887121e+00,9.321419399644e-02
-4.502326311791e+00,5.579215020478e+00,9.166597499440e-02
-4.502258407686e+00,8.789482550602e+00,7.338236463777e-02
-4.502129812544e+00,2.817070116134e+00,9.321443304039e-02
-4.501737768598e+00,4.704652425116e+00,9.258707124763e-02
-4.501687533072e+00,6.939398683436e+00,8.905729869336e-02
-4.501381325338e+00,4.785376804254e+00,9.251645797488e-02
-4.501348135964e+00,8.989702793195e+00,6.718402415972e-02
-4.501191175181e+00,3.403851412967e+00,9.321369656556e-02
-4.501135499033e+00,2.113753710969e+00,9.321321102455e-02
-4.501048233339e+00,4.624089607656e+00,9.265602498299e-02
-4.501040121747e+00,3.723360231488e+00,9.321365189214e-02
-4.501006531136e+00,1.853369364706e+00,9.321299645110e-02
-4.500851449208e+00,1.048303956493e+00,9.321257456229e-02
-4.500746422461e+00,5.999963012136e+00,9.106709789245e-02
-4.500703335644e+00,3.228948846737e+00,9.321316562334e-02
-4.500665218142e+00,3.867665097159e+00,9.320115179201e-02
-4.500634520263e+00,6.641106961479e+00,8.983127782646e-02
-4.500557171044e+00,5.146315864024e+00,9.216853774092e-02
-4.500550356684e+00,8.297174242949e+00,8.146429409517e-02
-4.500536659575e+00,5.108743250994e+00,9.220749568930e-02
-4.500479317356e+00,9.527334334718e+00,6.608629102549e-06
-4.500472986240e+00,4.237342040355e+00,9.295537461591e-02
-4.500377769756e+00,5.184627431475e+00,9.212836234637e-02
-4.500321496272e+00,5.071915509442e+00,9.224527736100e-02
-4.500304526552e+00,5.832041876376e+00,9.132317697314e-02
-4.500293502438e+00,9.414899466224e+00,3.083682219829e-02
-4.500177516875e+00,4.124755553702e+00,9.303430765847e-02
-4.500173698649e+00,1.595748434078e+00,9.321208400234e-02
-4.499993231433e+00,5.223672003479e+00,9.208692639235e-02
-4.499960735792e+00,4.866242596303e+00,9.244429079504e-02
-4.499928382958e+00,8.088869495761e+00,8.344274575070e-02
-4.499916978520e+00,5.035838523380e+00,9.228179602458e-02
-4.499895848221e+00,2.613289604742e+00,9.321216977090e-02
-4.499845258879e+00,7.794250901737e+00,8.551936429637e-02
-4.499815172406e+00,5.624766285088e+00,9.160984847344e-02
-4.499716910237e+00,8.590125558285e+00,7.749245710079e-02
-4.499663949276e+00,3.579716438657e+00,9.321226019395e-02
-4.499607940338e+00,2.378676580668e+00,9.321179082825e-02
-4.499398368590e+00,5.263443597600e+00,9.204413316721e-02
-4.499331206512e+00,4.543708197548e+00,9.272359759726e-02
-4.499328439955e+00,5.000518143587e+00,9.231718618401e-02
-4.499296881130e+00,4.350280315067e+00,9.287384084129e-02
-4.499122828951e+00,9.302698291001e+00,4.691504683981e-02
-4.499059338865e+00,6.858374178811e+00,8.928813351151e-02
-4.499057098621e+00,6.301148672172e+00,9.054745983720e-02
-4.498995293365e+00,1.338127503450e+00,9.321082802678e-02
-4.498588030765e+00,5.303936199015e+00,9.199991385639e-02
-4.498561250271e+00,4.965960187398e+00,9.235151120693e-02
-4.498455188866e+00,4.012562405239e+00,9.311073457880e-02
-4.498382869884e+00,6.430782823247e+00,9.029415329267e-02
-4.498341154876e+00,3.055103038794e+00,9.321075839884e-02
-4.498227114487e+00,6.174549585987e+00,9.077888023595e-02
-4.498192956932e+00,2.849737990110e+00,9.321053562823e-02
-4.497633008629e+00,2.146031574416e+00,9.320974376535e-02
-4.497620815022e+00,4.932170438493e+00,9.238478622751e-02
-4.497561602312e+00,1.885571981034e+00,9.320958607021e-02
-4.497557104742e+00,5.345143760695e+00,9.195429389572e-02
-4.497471315283e+00,1.080506572821e+00,9.320922804734e-02
-4.497047860796e+00,5.670988288692e+00,9.155181100704e-02
-4.496969589892e+00,9.190737747926e+00,5.678047028162e-02
-4.496750368124e+00,1.627951050406e+00,9.320869394339e-02
-4.496720014676e+00,7.883968906050e+00,8.496929853931e-02
-4.496622884955e+00,3.436799548818e+00,9.320917168001e-02
-4.496605489653e+00,4.463527732478e+00,9.278960639374e-02
-4.496512575429e+00,4.899154646692e+00,9.241690948026e-02
-4.496409262280e+00,5.881061146575e+00,9.125575474820e-02
-4.496369883610e+00,8.878448210870e+00,7.106228570278e-02
-4.496359628281e+00,3.261813771123e+00,9.320886095616e-02
-4.496300514709e+00,5.387060203656e+00,9.190722094753e-02
-4.496160724065e+00,6.563385909465e+00,9.001564687550e-02
-4.496127256992e+00,2.645838522561e+00,9.320843564171e-02
-4.495986423888e+00,2.411095898717e+00,9.320820386858e-02
-4.495984783077e+00,3.756443927939e+00,9.320864249640e-02
-4.495944000601e+00,6.778201664562e+00,8.950474713829e-02
-4.495937432138e+00,6.051051135873e+00,9.099099096142e-02
-4.495593561140e+00,1.370330119778e+00,9.320745787685e-02
-4.495569869999e+00,7.334854043733e+00,8.774939239897e-02
-4.495444111069e+00,8.678711735105e+00,7.591403079445e-02
-4.495397125565e+00,7.249877857758e+00,8.806948945288e-02
-4.495351696663e+00,3.900803027269e+00,9.318473532900e-02
-4.495219976644e+00,7.420621839325e+00,8.740381131513e-02
-4.495036875739e+00,8.180883870287e+00,8.266209859013e-02
-4.494852992331e+00,3.612734138581e+00,9.320748855890e-02
-4.494813222458e+00,5.429679417159e+00,9.185863995963e-02
-4.494707626150e+00,7.165703621107e+00,8.836675789908e-02
-4.494425995165e+00,8.390710107703e+00,8.042186347096e-02
-4.494349721376e+00,4.270603111890e+00,9.293654870557e-02
-4.494341626447e+00,7.507170867460e+00,8.702966896093e-02
-4.494328203823e+00,4.157980790546e+00,9.301625545536e-02
-4.494248985575e+00,2.882402450681e+00,9.320662558062e-02
-4.494203369400e+00,3.087871959927e+00,9.320665738190e-02
-4.494192968921e+00,4.738023122614e+00,9.256479615071e-02
-4.494129447783e+00,2.178309083917e+00,9.320627100661e-02
-4.494116673487e+00,1.917774597362e+00,9.320617139815e-02
-4.494091181358e+00,1.112709189150e+00,9.320587740057e-02
-4.494019572788e+00,5.717874730841e+00,9.149183149263e-02
-4.493836122589e+00,9.079024758966e+00,6.344860207577e-02
-4.493791289435e+00,4.657444547107e+00,9.263445515023e-02
-4.493542801947e+00,4.818756343136e+00,9.249370513971e-02
-4.493507318138e+00,7.082341635724e+00,8.864301585645e-02
-4.493327037600e+00,1.660153666735e+00,9.320529964442e-02
-4.493090227553e+00,5.472995258946e+00,9.180849297375e-02
-4.493037491604e+00,7.974414586164e+00,8.436175604247e-02
-4.492929064182e+00,7.594490714163e+00,8.662337997860e-02
-4.492890193975e+00,4.383567437600e+00,9.285421190750e-02
-4.492870103156e+00,4.045742295377e+00,9.309337606235e-02
-4.492603925473e+00,6.355596749376e+00,9.045268064556e-02
-4.492458851299e+00,6.227641703389e+00,9.069254807966e-02
-4.492361751654e+00,2.443513999739e+00,9.320460902853e-02
-4.492356129175e+00,4.577040574563e+00,9.270256582391e-02
-4.492353497384e+00,2.678385189606e+00,9.320469125361e-02
-4.492347773592e+00,6.698891252180e+00,8.970838184520e-02
-4.492233370338e+00,5.930718324866e+00,9.118597900886e-02
-4.492191828915e+00,1.402532736107e+00,9.320408353678e-02
-4.492042105967e+00,3.469740013226e+00,9.320462691908e-02
-4.492005160702e+00,3.294672529153e+00,9.320453884351e-02
-4.491802211171e+00,6.999802165482e+00,8.890082615817e-02
-4.491224405672e+00,6.486555982921e+00,9.018972407922e-02
-4.491126567451e+00,5.517001555513e+00,9.175671891910e-02
-4.491075628980e+00,8.479863742179e+00,7.927278144099e-02
-4.490976598753e+00,7.682570928872e+00,8.618074271309e-02
-4.490913687274e+00,3.789516712561e+00,9.320360830868e-02
-4.490833312957e+00,6.102756681943e+00,9.091212386638e-02
-4.490725543071e+00,5.765419280934e+00,9.142982752141e-02
-4.490711047433e+00,1.144911805479e+00,9.320252261230e-02
-4.490671744663e+00,1.949977213691e+00,9.320275242464e-02
-4.490624818669e+00,2.210586232959e+00,9.320279273560e-02
-4.490418396244e+00,8.767461314454e+00,7.406874543027e-02
-4.490297919403e+00,2.915063454557e+00,9.320270287172e-02
-4.490056630535e+00,3.120636106334e+00,9.320254130051e-02
-4.490027901550e+00,3.645742552069e+00,9.320269460507e-02
-4.490020866671e+00,3.933928336298e+00,9.316800605452e-02
-4.489906170302e+00,4.496830856852e+00,9.276914347709e-02
-4.489903707075e+00,1.692356283063e+00,9.320190109535e-02
-4.489724808427e+00,8.967566228987e+00,6.825526327291e-02
-4.489598378037e+00,6.918095435741e+00,8.914196389983e-02
-4.489571330290e+00,8.273592893543e+00,8.178412633148e-02
-4.489402556378e+00,9.504918780337e+00,1.008883790576e-02
-4.489106883520e+00,9.392538638204e+00,3.573593485731e-02
-4.488917317738e+00,5.561692102286e+00,9.170325338983e-02
-4.488792262471e+00,8.065577345694e+00,8.368747613942e-02
-4.488790096690e+00,1.434735352435e+00,9.320070499667e-02
-4.488733931108e+00,2.475930864532e+00,9.320100629092e-02
-4.488574583202e+00,2.710929574436e+00,9.320093658532e-02
-4.488478603520e+00,7.771401024741e+00,8.569613456413e-02
-4.488458608753e+00,4.191189869879e+00,9.299788945123e-02
-4.488276975336e+00,6.620453013249e+00,8.990014107103e-02
-4.488204735511e+00,4.303846220923e+00,9.291748921722e-02
-4.487826621790e+00,9.280392726510e+00,4.979956082914e-02
-4.487772247536e+00,5.981006958376e+00,9.111374227465e-02
-4.487661356184e+00,8.568221766273e+00,7.796903748034e-02
-4.487639970675e+00,3.327525055386e+00,9.320019924930e-02
-4.487448885183e+00,3.502672730253e+00,9.320006224007e-02
-4.487330913508e+00,1.177114421807e+00,9.319916367281e-02
-4.487266232570e+00,4.078907773896e+00,9.307572614657e-02
-4.487226815838e+00,1.982179830019e+00,9.319932913941e-02
-4.487161045425e+00,5.813615578398e+00,9.136571179933e-02
-4.487119123505e+00,2.242863015038e+00,9.319930893961e-02
-4.486901954263e+00,6.837231633101e+00,8.936795592341e-02
-4.486681756298e+00,5.130674623350e+00,9.219848953717e-02
-4.486619677892e+00,4.771366518618e+00,9.254231845195e-02
-4.486619475722e+00,5.093295552835e+00,9.223688948608e-02
-4.486545023743e+00,5.168793613100e+00,9.215889260431e-02
-4.486507170595e+00,4.690774074384e+00,9.261260800454e-02
-4.486480376551e+00,1.724558899392e+00,9.319849828608e-02
-4.486460406561e+00,4.416834735186e+00,9.283439070447e-02
-4.486457592360e+00,5.607060663797e+00,9.164795776366e-02
-4.486381348406e+00,6.281330477886e+00,9.060294765146e-02
-4.486363447424e+00,5.056662314404e+00,9.227413264815e-02
-4.486339779608e+00,2.947720958575e+00,9.319876747580e-02
-4.486204049272e+00,5.207646576397e+00,9.211805660692e-02
-4.485918973254e+00,5.020780787851e+00,9.231014183711e-02
-4.485900967535e+00,3.153395423561e+00,9.319841012387e-02
-4.485832062605e+00,6.410627135264e+00,9.035419072063e-02
-4.485826901104e+00,3.822578489566e+00,9.319854927052e-02
-4.485674513016e+00,4.852106655602e+00,9.247048901510e-02
-4.485653640876e+00,5.247227534963e+00,9.207586676026e-02
-4.485564066808e+00,9.168487982807e+00,5.867827639918e-02
-4.485429586348e+00,6.155073107413e+00,9.083036283399e-02
-4.485429516428e+00,7.860970479066e+00,8.516313838955e-02
-4.485388364465e+00,1.466937968764e+00,9.319732224661e-02
-4.485355234925e+00,4.610349392323e+00,9.268123627625e-02
-4.485291391297e+00,4.985656819708e+00,9.234503065891e-02
-4.485188733771e+00,3.678741593185e+00,9.319787828284e-02
-4.485102969841e+00,2.508346473935e+00,9.319739563865e-02
-4.484888643549e+00,5.287530478116e+00,9.203229406224e-02
-4.484790528446e+00,2.743471645688e+00,9.319717161565e-02
-4.484672805368e+00,3.967040919045e+00,9.315109224646e-02
-4.484638072753e+00,8.856369045486e+00,7.188315600910e-02
-4.484486075670e+00,4.951296223047e+00,9.237887123948e-02
-4.483978965394e+00,8.157446553503e+00,8.293512322570e-02
-4.483950779583e+00,1.209317038136e+00,9.319580057234e-02
-4.483903939513e+00,5.328549362945e+00,9.198734567591e-02
-4.483832955639e+00,7.312763671401e+00,8.786452790392e-02
-4.483781887014e+00,2.014382446348e+00,9.319590153212e-02
-4.483742543770e+00,5.653100973938e+00,9.159082662769e-02
-4.483737985248e+00,6.542896979112e+00,9.008100807802e-02
-4.483719137802e+00,6.757220905105e+00,8.958015056186e-02
-4.483612364545e+00,2.275139423669e+00,9.319581960589e-02
-4.483588301025e+00,7.227942714214e+00,8.817683829595e-02
-4.483555693228e+00,7.398377343052e+00,8.752764209454e-02
-4.483526521239e+00,8.366985862895e+00,8.078555207496e-02
-4.483508436337e+00,4.917704777263e+00,9.241168094884e-02
-4.483496184368e+00,8.656748957215e+00,7.646685430500e-02
-4.483321392897e+00,5.862457232914e+00,9.129939177700e-02
-4.483264096365e+00,3.360371284614e+00,9.319584213755e-02
-4.483182432895e+00,4.530112237835e+00,9.274848487289e-02
-4.483057046026e+00,1.756761515720e+00,9.319509120648e-02
-4.483021330300e+00,6.031920565342e+00,9.103893024367e-02
-4.482843270033e+00,3.535597624245e+00,9.319547760032e-02
-4.482827617337e+00,7.143924807827e+00,8.846690716679e-02
-4.482750689582e+00,7.484773355439e+00,8.716324873943e-02
-4.482694448372e+00,5.370278114563e+00,9.194097058228e-02
-4.482568830480e+00,4.224382668437e+00,9.297928471386e-02
-4.482374587644e+00,2.980374919704e+00,9.319481936719e-02
-4.482363918903e+00,4.884888227868e+00,9.244335250065e-02
-4.482321558510e+00,9.056831327725e+00,6.479087479120e-02
-4.482038138477e+00,4.337071235459e+00,9.289808805503e-02
-4.481986632241e+00,1.499140585092e+00,9.319393527663e-02
-4.481823840061e+00,7.951268733755e+00,8.457530140607e-02
-4.481736409985e+00,3.186149857331e+00,9.319426382128e-02
-4.481643665249e+00,4.112058726631e+00,9.305788874854e-02
-4.481556856082e+00,7.060720250790e+00,8.873685343291e-02
-4.481468875561e+00,2.540760808838e+00,9.319377705464e-02
-4.481412184304e+00,7.571941297911e+00,8.676793754137e-02
-4.481255127314e+00,5.412710626306e+00,9.189311513434e-02
-4.481001347307e+00,2.776011372089e+00,9.319339632347e-02
-4.480767363079e+00,5.699806736206e+00,9.153179271594e-02
-4.480724491915e+00,3.855629163573e+00,9.319346532343e-02
-4.480570645658e+00,1.241519654464e+00,9.319243330112e-02
-4.480336958189e+00,2.046585062676e+00,9.319246959242e-02
-4.480335546352e+00,3.711731176345e+00,9.319303954265e-02
-4.480104544085e+00,2.307415452376e+00,9.319232472170e-02
-4.480056189008e+00,6.678073359728e+00,8.977974271714e-02
-4.480007640118e+00,4.450082067434e+00,9.281419884006e-02
-4.479990253560e+00,6.335609278649e+00,9.050991050094e-02
-4.479782032010e+00,6.978339303557e+00,8.898898406107e-02
-4.479721814038e+00,6.207993841055e+00,9.074556513300e-02
-4.479633715501e+00,1.788964132049e+00,9.319167984638e-02
-4.479580971283e+00,5.455840759973e+00,9.184372287225e-02
-4.479534481112e+00,7.659870723204e+00,8.633771952200e-02
-4.479307590601e+00,4.000140670778e+00,9.313399471222e-02
-4.479201937957e+00,5.911937824666e+00,9.123076924710e-02
-4.479196032158e+00,4.724078024387e+00,9.259037744877e-02
-4.479018062362e+00,4.804682440064e+00,9.251961597138e-02
-4.478912738053e+00,8.458019462250e+00,7.966989420010e-02
-4.478877576331e+00,3.393211151867e+00,9.319146747237e-02
-4.478737244411e+00,6.466233140519e+00,9.025178997213e-02
-4.478592303897e+00,8.250011544136e+00,8.209067832182e-02
-4.478584900016e+00,1.531343201421e+00,9.319054407676e-02
-4.478578384803e+00,8.745440078306e+00,7.471755109180e-02
-4.478402365225e+00,3.013025295048e+00,9.319085852034e-02
-4.478328667743e+00,4.643634494009e+00,9.265970770872e-02
-4.478325795400e+00,9.482503225956e+00,1.829541410727e-02
-4.478225308410e+00,3.568514619831e+00,9.319087295726e-02
-4.478101480890e+00,8.945429664779e+00,6.925416984974e-02
-4.477976095001e+00,6.083452635219e+00,9.096142124678e-02
-4.477920264602e+00,9.370177810183e+00,3.996904555881e-02
-4.477831656087e+00,2.573173850181e+00,9.319015052185e-02
-4.477667013097e+00,5.499662346090e+00,9.179273432440e-02
-4.477656141984e+00,8.042285195628e+00,8.392392982725e-02
-4.477562987805e+00,3.218899353544e+00,9.319010236213e-02
-4.477527280245e+00,5.747171623924e+00,9.147077592057e-02
-4.477509223003e+00,6.896792188045e+00,8.922496318540e-02
-4.477207054166e+00,2.808548722448e+00,9.318961068773e-02
-4.477190511733e+00,1.273722270793e+00,9.318906184932e-02
-4.477129818465e+00,1.718750055004e-01,9.320211367437e-02
-4.477129818465e+00,2.031250065004e-01,9.319982937774e-02
-4.477129818465e+00,2.968750095005e-01,9.319426889591e-02
-4.477129818465e+00,4.218750135002e-01,9.318989488414e-02
-4.477129818465e+00,4.531250145001e-01,9.318934733532e-02
-4.477129818465e+00,7.968750255004e-01,9.318890916843e-02
-4.477129818465e+00,1.562500050003e-02,9.321672503979e-02
-4.477129818465e+00,4.687500150008e-02,9.321338101763e-02
-4.477129818465e+00,1.406250045003e-01,9.320461198021e-02
-4.477129818465e+00,2.343750075005e-01,9.319775996577e-02
-4.477129818465e+00,2.656250085006e-01,9.319590623378e-02
-4.477129818465e+00,3.281250105004e-01,9.319284858435e-02
-4.477129818465e+00,3.593750115004e-01,9.319164584850e-02
-4.477129818465e+00,3.906250125003e-01,9.319066115441e-02
-4.477129818465e+00,4.843750155000e-01,9.318901872081e-02
-4.477129818465e+00,5.156250165000e-01,9.318890916843e-02
-4.477129818465e+00,5.468750175001e-01,9.318890916843e-02
-4.477129818465e+00,5.781250185002e-01,9.318890916843e-02
-4.477129818465e+00,6.406250205003e-01,9.318890916843e-02
-4.477129818465e+00,6.718750215004e-01,9.318890916843e-02
-4.477129818465e+00,7.031250225005e-01,9.318890916843e-02
-4.477129818465e+00,7.343750235005e-01,9.318890916843e-02
-4.477129818465e+00,7.656250245005e-01,9.318890916843e-02
-4.477129818465e+00,8.281250265003e-01,9.318890916843e-02
-4.477129818465e+00,8.593750275002e-01,9.318890916843e-02
-4.477129818465e+00,8.906250285002e-01,9.318890916843e-02
-4.477129818465e+00,9.218750295001e-01,9.318890916843e-02
-4.477129818465e+00,9.531250305001e-01,9.318890916843e-02
-4.477129818465e+00,9.843750315000e-01,9.318890916843e-02
-4.477129818465e+00,7.812500250013e-02,9.321024672291e-02
-4.477129818465e+00,1.093750035002e-01,9.320732334061e-02
-4.477129818465e+00,6.093750195002e-01,9.318890916843e-02
-4.477111948161e+00,7.748551147745e+00,8.586780188600e-02
-4.476892029365e+00,2.078787679005e+00,9.318903330993e-02
-4.476658968568e+00,4.257559063555e+00,9.296048994293e-02
-4.476595664457e+00,2.339691094701e+00,9.318882427431e-02
-4.476530414629e+00,9.258087162019e+00,5.237554077560e-02
-4.476434410356e+00,4.563371727065e+00,9.272751157401e-02
-4.476210384976e+00,1.821166748377e+00,9.318826419558e-02
-4.476002490029e+00,4.145195039952e+00,9.303986496290e-02
-4.475919430409e+00,6.599799065018e+00,8.996779484860e-02
-4.475850040891e+00,4.370278024199e+00,9.287849318045e-02
-4.475606527647e+00,3.888668639600e+00,9.318835640896e-02
-4.475605802131e+00,8.546317974261e+00,7.842366512507e-02
-4.475508323684e+00,5.544169184093e+00,9.174005833656e-02
-4.475468397175e+00,3.744711216311e+00,9.318817833497e-02
-4.475450550653e+00,1.016101340164e+00,9.318723259682e-02
-4.475183167791e+00,1.563545817749e+00,9.318714863696e-02
-4.474798072610e+00,5.962050904617e+00,9.115973990572e-02
-4.474744569662e+00,6.816089087392e+00,8.944625666030e-02
-4.474480449528e+00,3.426044592407e+00,9.318707521797e-02
-4.474423134326e+00,3.045672041847e+00,9.318688490977e-02
-4.474191319359e+00,2.605585578949e+00,9.318651602326e-02
-4.474158543723e+00,9.146238217688e+00,6.040870634943e-02
-4.474139018179e+00,7.837972052081e+00,8.535112263091e-02
-4.474017564298e+00,5.795189280419e+00,9.140769141602e-02
-4.473925300866e+00,4.033227487221e+00,9.311670102570e-02
-4.473810377808e+00,1.305924887121e+00,9.318568620712e-02
-4.473705598191e+00,6.261512283601e+00,9.065757832187e-02
-4.473595048661e+00,3.601423641942e+00,9.318624826838e-02
-4.473532016724e+00,4.483309294702e+00,9.279377311343e-02
-4.473447100540e+00,2.110990295333e+00,9.318559267423e-02
-4.473407663593e+00,2.841083665667e+00,9.318581468747e-02
-4.473380731239e+00,3.251643858283e+00,9.318592571593e-02
-4.473281255325e+00,6.390471447281e+00,9.041325625442e-02
-4.473100012314e+00,5.589355042504e+00,9.168560560199e-02
-4.473085728038e+00,2.371966344196e+00,9.318531825095e-02
-4.472921055049e+00,8.134009236720e+00,8.319841461834e-02
-4.472906261897e+00,8.834289880101e+00,7.265512755013e-02
-4.472806341552e+00,5.115033382677e+00,9.222813736656e-02
-4.472787054452e+00,1.853369364706e+00,9.318484424384e-02
-4.472712277729e+00,5.152959794726e+00,9.218910835523e-02
-4.472702291869e+00,5.077847854675e+00,9.226598936691e-02
-4.472632058209e+00,6.135596628839e+00,9.088108565021e-02
-4.472627047313e+00,8.343261618086e+00,8.113408640047e-02
-4.472414867110e+00,5.191621149314e+00,9.214886125510e-02
-4.472405398576e+00,5.041409119367e+00,9.230270360890e-02
-4.472096041279e+00,7.290673299070e+00,8.797699225807e-02
-4.472092015028e+00,1.048303956493e+00,9.318387634578e-02
-4.471920967988e+00,5.005723052322e+00,9.233821217743e-02
-4.471908913162e+00,5.231011472326e+00,9.210726381610e-02
-4.471891409811e+00,7.376132846779e+00,8.764849152377e-02
-4.471858030447e+00,4.757356232981e+00,9.256794468368e-02
-4.471781435566e+00,1.595748434078e+00,9.318374894720e-02
-4.471779476486e+00,7.206007570671e+00,8.828178468104e-02
-4.471548257668e+00,8.634786179326e+00,7.699235863818e-02
-4.471494275002e+00,6.736240145648e+00,8.965416043782e-02
-4.471388290239e+00,4.837970714901e+00,9.249644826802e-02
-4.471315246431e+00,6.522408048759e+00,9.014525462537e-02
-4.471276572593e+00,4.676895723653e+00,9.263791502241e-02
-4.471254342638e+00,4.970795495829e+00,9.237260840200e-02
-4.471189256334e+00,5.271124757217e+00,9.206432555444e-02
-4.471159752717e+00,7.462375843419e+00,8.729348715173e-02
-4.470947608524e+00,7.122145994548e+00,8.856486412157e-02
-4.470806994431e+00,9.034637896484e+00,6.603240570346e-02
-4.470729123333e+00,4.290718933172e+00,9.294149217458e-02
-4.470610188519e+00,7.928122881347e+00,8.478208297970e-02
-4.470587344646e+00,3.777681628193e+00,9.318329461033e-02
-4.470547873432e+00,2.637995976171e+00,9.318287354194e-02
-4.470473076815e+00,3.921696823082e+00,9.318322246864e-02
-4.470437226743e+00,5.635213659183e+00,9.162936193559e-02
-4.470436917183e+00,3.078315117468e+00,9.318289851010e-02
-4.470430243883e+00,1.338127503450e+00,9.318230636464e-02
-4.470410901069e+00,4.936632258696e+00,9.240597289197e-02
-4.470342796446e+00,4.178316600764e+00,9.302156330100e-02
-4.470250774285e+00,5.311954965194e+00,9.202003594528e-02
-4.470233523514e+00,5.843853319253e+00,9.134244930350e-02
-4.470105228463e+00,6.012789994811e+00,9.108619287386e-02
-4.470072755312e+00,3.458871541726e+00,9.318266533865e-02
-4.470002171716e+00,2.143192911661e+00,9.318214767486e-02
-4.469895304427e+00,7.549391881660e+00,8.690873352941e-02
-4.469662236510e+00,4.596609176990e+00,9.270622257303e-02
-4.469640554177e+00,4.403466456507e+00,9.285870630137e-02
-4.469606394025e+00,7.039098865856e+00,8.882874004796e-02
-4.469603190346e+00,2.873616170740e+00,9.318200830176e-02
-4.469574737238e+00,2.404241194432e+00,9.318180663889e-02
-4.469396057651e+00,4.903239116032e+00,9.243832518943e-02
-4.469363723927e+00,1.885571981034e+00,9.318141998090e-02
-4.469189670861e+00,3.284383317822e+00,9.318173385225e-02
-4.469088382034e+00,5.353496025469e+00,9.197434524859e-02
-4.468952539587e+00,3.634324615809e+00,9.318160349124e-02
-4.468733479402e+00,1.080506572821e+00,9.318051594290e-02
-4.468526015291e+00,4.066301264579e+00,9.309907878834e-02
-4.468379703341e+00,1.627951050406e+00,9.318034499739e-02
-4.468215262377e+00,4.870621809044e+00,9.246955266373e-02
-4.468092363470e+00,7.637170517536e+00,8.649044129580e-02
-4.467764604424e+00,6.657255467277e+00,8.984982423406e-02
-4.467761852849e+00,6.956876441631e+00,8.907536839847e-02
-4.467697032170e+00,5.395741835454e+00,9.192720117972e-02
-4.467613277503e+00,8.226430194729e+00,8.238567950502e-02
-4.467515153370e+00,5.681738741572e+00,9.157125369678e-02
-4.467376581648e+00,6.315621807922e+00,9.056623942097e-02
-4.467249034423e+00,9.460087671575e+00,2.510135944404e-02
-4.467050109958e+00,1.370330119778e+00,9.317892231199e-02
-4.467033659277e+00,4.516516278123e+00,9.277315200169e-02
-4.466984776777e+00,6.188345978720e+00,9.079778520071e-02
-4.466901326477e+00,2.670405022930e+00,9.317922306095e-02
-4.466749847126e+00,8.436175182322e+00,8.005003394649e-02
-4.466738373362e+00,8.723418842159e+00,7.533177137542e-02
-4.466733645684e+00,9.347816982163e+00,4.366322073506e-02
-4.466557242891e+00,2.175395527990e+00,9.317869830134e-02
-4.466520021497e+00,8.018993045561e+00,8.415251388346e-02
-4.466478153352e+00,8.923293100571e+00,7.018780834027e-02
-4.466443736294e+00,3.110954479412e+00,9.317889929604e-02
-4.466250083151e+00,6.445910298118e+00,9.031279155866e-02
-4.466170505577e+00,5.893157324467e+00,9.127495422467e-02
-4.466071715013e+00,5.438686260999e+00,9.187854873112e-02
-4.466062694510e+00,2.436515638991e+00,9.317828942535e-02
-4.465940393403e+00,1.917774597362e+00,9.317799139647e-02
-4.465793649373e+00,2.906146206745e+00,9.317819150979e-02
-4.465745292802e+00,7.725701270749e+00,8.603415983316e-02
-4.465692447676e+00,3.810642327471e+00,9.317838831930e-02
-4.465654533422e+00,3.491691935568e+00,9.317823779880e-02
-4.465420067968e+00,6.875488940350e+00,8.930634551887e-02
-4.465374943777e+00,1.112709189150e+00,9.317715137847e-02
-4.465324208494e+00,3.954713619891e+00,9.317413151576e-02
-4.465234207468e+00,9.235781597528e+00,5.468991549794e-02
-4.465118877044e+00,6.064148588494e+00,9.101001017474e-02
-4.464989837571e+00,3.317117678618e+00,9.317752674080e-02
-4.464977971117e+00,1.660153666735e+00,9.317693677742e-02
-4.464779395825e+00,4.323862155851e+00,9.292212445428e-02
-4.464664674720e+00,4.211423296519e+00,9.300298913810e-02
-4.464493322777e+00,4.790608536992e+00,9.254529204470e-02
-4.464329017420e+00,5.728923966914e+00,9.151120300259e-02
-4.464297830449e+00,3.667217466953e+00,9.317693858349e-02
-4.464207458744e+00,5.482323136667e+00,9.182832998045e-02
-4.464199095396e+00,4.710132926161e+00,9.261572861290e-02
-4.463669976033e+00,1.402532736107e+00,9.317553403922e-02
-4.463561885483e+00,6.579145116788e+00,9.003427136776e-02
-4.463550248078e+00,8.524414182248e+00,7.885781410694e-02
-4.463409790583e+00,4.436636402391e+00,9.283857533847e-02
-4.463251686778e+00,2.702812700359e+00,9.317556456342e-02
-4.463112314067e+00,2.207598144318e+00,9.317524454315e-02
-4.463109813622e+00,4.099361899561e+00,9.308126929151e-02
-4.462866046052e+00,4.629824440911e+00,9.268473489808e-02
-4.462848519930e+00,7.814973625097e+00,8.553350956716e-02
-4.462753020638e+00,9.123988452569e+00,6.199292710669e-02
-4.462587185060e+00,6.794946541683e+00,8.952307922323e-02
-4.462549602345e+00,2.468789671474e+00,9.317476659757e-02
-4.462517062878e+00,1.949977213691e+00,9.317455848023e-02
-4.462443614410e+00,3.143590085329e+00,9.317488724241e-02
-4.462099329631e+00,5.526646265901e+00,9.177641986921e-02
-4.462016408152e+00,1.144911805479e+00,9.317378264271e-02
-4.461979055812e+00,2.938673742852e+00,9.317436429079e-02
-4.461863144704e+00,8.110571919936e+00,8.345247640126e-02
-4.461823897685e+00,5.943094850857e+00,9.120510494088e-02
-4.461727573387e+00,8.319537373278e+00,8.146855027369e-02
-4.461576238892e+00,1.692356283063e+00,9.317352427715e-02
-4.461225823990e+00,3.524505709920e+00,9.317379256290e-02
-4.461174451040e+00,8.812210714717e+00,7.338242658259e-02
-4.461029847975e+00,6.241694089316e+00,9.071137230666e-02
-4.460874083170e+00,5.776762982440e+00,9.144912741321e-02
-4.460783765689e+00,3.843593229987e+00,9.317345941251e-02
-4.460781262595e+00,3.349846887318e+00,9.317330435136e-02
-4.460730448046e+00,6.370315759298e+00,9.047137400050e-02
-4.460512691536e+00,4.549702879566e+00,9.275223627496e-02
-4.460359126919e+00,7.268582926738e+00,8.808687690639e-02
-4.460289842108e+00,1.434735352435e+00,9.317214153637e-02
-4.460227126395e+00,7.353888350506e+00,8.776646524162e-02
-4.460159992337e+00,3.987718936318e+00,9.315705939243e-02
-4.459970651947e+00,7.184072427128e+00,8.838429367750e-02
-4.459834530070e+00,6.116120150266e+00,9.093106616202e-02
-4.459742432269e+00,5.571649421213e+00,9.172280107771e-02
-4.459667385242e+00,2.239800760647e+00,9.317178638975e-02
-4.459630970956e+00,3.700102121202e+00,9.317225350285e-02
-4.459600330967e+00,8.612823401436e+00,7.749250962538e-02
-4.459598962735e+00,2.735218989642e+00,9.317189803252e-02
-4.459568815852e+00,7.439978331398e+00,8.742050689856e-02
-4.459396536977e+00,7.904977028940e+00,8.498241305664e-02
-4.459292430352e+00,9.012444465243e+00,6.718409767698e-02
-4.459269412203e+00,6.715259386191e+00,8.972681554368e-02
-4.459093732353e+00,1.982179830019e+00,9.317112122180e-02
-4.459067599711e+00,7.100367181269e+00,8.866073689962e-02
-4.459035463274e+00,2.501063285494e+00,9.317123814278e-02
-4.458968215759e+00,4.244515015220e+00,9.298422518561e-02
-4.458930926806e+00,5.099392142004e+00,9.225748646711e-02
-4.458892507613e+00,6.501919118407e+00,9.020830891210e-02
-4.458879531715e+00,5.137125976351e+00,9.221901508187e-02
-4.458809887807e+00,4.356988610799e+00,9.290256329876e-02
-4.458785108016e+00,5.062400156515e+00,9.229480033883e-02
-4.458657872527e+00,1.177114421807e+00,9.317040972585e-02
-4.458625684948e+00,5.175595722232e+00,9.217934607913e-02
-4.458447349728e+00,5.026155924330e+00,9.233099503214e-02
-4.458436574544e+00,3.176221893001e+00,9.317086232409e-02
-4.458378424549e+00,7.526842465408e+00,8.704591129374e-02
-4.458174506667e+00,1.724558899392e+00,9.317010748641e-02
-4.458164185448e+00,5.214795409689e+00,9.213833032994e-02
-4.458159424988e+00,2.971198748324e+00,9.317052662409e-02
-4.457922962723e+00,4.990665316793e+00,9.236601163771e-02
-4.457676776235e+00,4.132409289359e+00,9.306327362158e-02
-4.457655931969e+00,7.017477480922e+00,8.891873593816e-02
-4.457489869119e+00,5.254719036318e+00,9.209601461918e-02
-4.457217293979e+00,4.955934171951e+00,9.239992381021e-02
-4.457189126625e+00,5.993659424280e+00,9.113279387446e-02
-4.457157863146e+00,4.469787732552e+00,9.281818644258e-02
-4.457145654130e+00,5.825249405592e+00,9.138493959054e-02
-4.457131909717e+00,5.617326344429e+00,9.166742651416e-02
-4.457102067463e+00,4.823834774200e+00,9.252217234982e-02
-4.457096383002e+00,4.743345947345e+00,9.259334039044e-02
-4.456909708183e+00,1.466937968764e+00,9.316874479346e-02
-4.456786667544e+00,3.557312801005e+00,9.316932959557e-02
-4.456650245829e+00,7.614470311867e+00,8.663907656204e-02
-4.456634251109e+00,8.202848845322e+00,8.266976023101e-02
-4.456597609056e+00,5.295360567444e+00,9.205237129918e-02
-4.456563977481e+00,3.382570890767e+00,9.316906665382e-02
-4.456335726467e+00,4.921968294345e+00,9.243282037657e-02
-4.456222456418e+00,2.272003376975e+00,9.316832383054e-02
-4.456172273445e+00,9.437672117194e+00,3.083690063282e-02
-4.456045974590e+00,4.663017372922e+00,9.266299595064e-02
-4.455943162862e+00,2.767623872014e+00,9.316822345143e-02
-4.455861358631e+00,3.876534251932e+00,9.316850784064e-02
-4.455811481229e+00,9.550116971939e+00,6.608629082168e-06
-4.455741673688e+00,6.935413579706e+00,8.916003234577e-02
-4.455670401829e+00,2.014382446348e+00,9.316767961080e-02
-4.455547026767e+00,9.325456154143e+00,4.691513621918e-02
-4.455520279864e+00,2.533336474681e+00,9.316770404820e-02
-4.455482315697e+00,5.336713936375e+00,9.200735187051e-02
-4.455473019840e+00,6.636437574825e+00,8.991866107600e-02
-4.455383901010e+00,7.995700895495e+00,8.437360942847e-02
-4.455299336902e+00,1.209317038136e+00,9.316703261807e-02
-4.455283678965e+00,4.888773454801e+00,9.246472298915e-02
-4.455258772538e+00,8.413320042415e+00,8.042258602606e-02
-4.454980498577e+00,4.020712679064e+00,9.313980465446e-02
-4.454952011274e+00,3.732978504684e+00,9.316754820711e-02
-4.454898361920e+00,8.701397606011e+00,7.591408723941e-02
-4.454854825816e+00,8.901156536363e+00,7.106235250463e-02
-4.454772774442e+00,1.756761515720e+00,9.316668639499e-02
-4.454762909736e+00,6.295634337196e+00,9.062168924776e-02
-4.454422639965e+00,3.208849860351e+00,9.316682451609e-02
-4.454378637443e+00,7.702851393753e+00,8.619578048443e-02
-4.454334772411e+00,3.003721192521e+00,9.316667848907e-02
-4.454262943661e+00,5.663670746937e+00,9.161022454714e-02
-4.454247739515e+00,6.168698116386e+00,9.084922689348e-02
-4.454138937026e+00,5.378773044601e+00,9.196090536958e-02
-4.454066605851e+00,4.856355390220e+00,9.249551384377e-02
-4.453969238096e+00,4.582868961657e+00,9.273098744247e-02
-4.453938000307e+00,9.213476033036e+00,5.678055618880e-02
-4.453762921890e+00,6.425587455716e+00,9.037279517372e-02
-4.453529574258e+00,1.499140585092e+00,9.316534380046e-02
-4.453330912933e+00,6.854185692655e+00,8.938615802117e-02
-4.453253511156e+00,4.277591645421e+00,9.296527288751e-02
-4.453139073196e+00,5.874376824267e+00,9.131854692729e-02
-4.452820701792e+00,4.390098177828e+00,9.288281040692e-02
-4.452777527593e+00,2.304205993303e+00,9.316485685491e-02
-4.452562458743e+00,5.421531762026e+00,9.191297819659e-02
-4.452338014101e+00,3.415289635996e+00,9.316481361817e-02
-4.452337104992e+00,3.590113145303e+00,9.316484886147e-02
-4.452284295788e+00,2.800027328761e+00,9.316454080341e-02
-4.452261659088e+00,6.044844541770e+00,9.105790660802e-02
-4.452247071304e+00,2.046585062676e+00,9.316423363682e-02
-4.452226984138e+00,4.165443331648e+00,9.304503504330e-02
-4.452004054723e+00,2.565609232681e+00,9.316416430105e-02
-4.451940801277e+00,1.241519654464e+00,9.316365130951e-02
-4.451558021682e+00,7.791975198113e+00,8.571054270681e-02
-4.451494694025e+00,8.502510390236e+00,7.927282956828e-02
-4.451371042217e+00,1.788964132049e+00,9.316326099266e-02
-4.451347497553e+00,9.101738687450e+00,6.344868123134e-02
-4.451204340556e+00,6.558491168558e+00,9.009958536963e-02
-4.451130754594e+00,5.710676309904e+00,9.155111944534e-02
-4.450925286959e+00,3.909465309866e+00,9.316353355444e-02
-4.450884885660e+00,4.502920318411e+00,9.279760246761e-02
-4.450828099462e+00,8.295813128470e+00,8.178920401807e-02
-4.450805234358e+00,8.087134603152e+00,8.369777848048e-02
-4.450747904390e+00,5.464983927243e+00,9.186350109853e-02
-4.450505113775e+00,3.036241044900e+00,9.316281986522e-02
-4.450429800459e+00,6.773803995974e+00,8.959846551823e-02
-4.450401834198e+00,3.241473945443e+00,9.316277379351e-02
-4.450261002018e+00,3.765846543825e+00,9.316282265417e-02
-4.450149440333e+00,1.531343201421e+00,9.316193854732e-02
-4.449968583192e+00,4.776534633920e+00,9.257073708140e-02
-4.449785798012e+00,4.053694755261e+00,9.312223433831e-02
-4.449442640184e+00,8.790131549333e+00,7.406880618860e-02
-4.449332598769e+00,2.336408609632e+00,9.316138545222e-02
-4.449202158633e+00,4.696187827934e+00,9.264085329060e-02
-4.448849722760e+00,5.924138797097e+00,9.124985114329e-02
-4.448823740779e+00,2.078787679005e+00,9.316078328938e-02
-4.448690335577e+00,5.509123347709e+00,9.181235485428e-02
-4.448622370254e+00,2.832429341224e+00,9.316085007175e-02
-4.448622212559e+00,7.246492554407e+00,8.819426924767e-02
-4.448582265652e+00,1.273722270793e+00,9.316026579031e-02
-4.448562842979e+00,7.331643854233e+00,8.788166404672e-02
-4.448486790498e+00,2.597881553156e+00,9.316061888856e-02
-4.448354097760e+00,6.221875895031e+00,9.076434944397e-02
-4.448337986835e+00,1.562500050003e-02,9.318821891072e-02
-4.448337986835e+00,7.812500250013e-02,9.318163003815e-02
-4.448337986835e+00,1.093750035002e-01,9.317865664420e-02
-4.448337986835e+00,1.406250045003e-01,9.317589883101e-02
-4.448337986835e+00,1.718750055004e-01,9.317335766434e-02
-4.448337986835e+00,2.031250065004e-01,9.317103412948e-02
-4.448337986835e+00,2.343750075005e-01,9.316892913008e-02
-4.448337986835e+00,2.656250085006e-01,9.316704348706e-02
-4.448337986835e+00,2.968750095005e-01,9.316537793763e-02
-4.448337986835e+00,3.281250105004e-01,9.316393313439e-02
-4.448337986835e+00,3.593750115004e-01,9.316270964456e-02
-4.448337986835e+00,3.906250125003e-01,9.316170794925e-02
-4.448337986835e+00,4.218750135002e-01,9.316092844293e-02
-4.448337986835e+00,4.531250145001e-01,9.316037143287e-02
-4.448337986835e+00,4.843750155000e-01,9.316003713885e-02
-4.448337986835e+00,5.156250165000e-01,9.315992569285e-02
-4.448337986835e+00,5.468750175001e-01,9.315992569285e-02
-4.448337986835e+00,6.093750195002e-01,9.315992569285e-02
-4.448337986835e+00,6.406250205003e-01,9.315992569285e-02
-4.448337986835e+00,6.718750215004e-01,9.315992569285e-02
-4.448337986835e+00,7.031250225005e-01,9.315992569285e-02
-4.448337986835e+00,7.343750235005e-01,9.315992569285e-02
-4.448337986835e+00,7.656250245005e-01,9.315992569285e-02
-4.448337986835e+00,7.968750255004e-01,9.315992569285e-02
-4.448337986835e+00,8.281250265003e-01,9.315992569285e-02
-4.448337986835e+00,8.593750275002e-01,9.315992569285e-02
-4.448337986835e+00,8.906250285002e-01,9.315992569285e-02
-4.448337986835e+00,9.218750295001e-01,9.315992569285e-02
-4.448337986835e+00,9.531250305001e-01,9.315992569285e-02
-4.448337986835e+00,9.843750315000e-01,9.315992569285e-02
-4.448337986835e+00,4.687500150008e-02,9.318481786793e-02
-4.448337986835e+00,5.781250185002e-01,9.315992569285e-02
-4.448182885435e+00,7.881831176531e+00,8.517658521817e-02
-4.448179640766e+00,6.350160071315e+00,9.052856730471e-02
-4.448161827407e+00,7.162137283584e+00,8.848443397038e-02
-4.448103404656e+00,3.448003070226e+00,9.316054521450e-02
-4.447977878987e+00,7.417580819377e+00,8.754442485260e-02
-4.447969309992e+00,1.821166748377e+00,9.315983126914e-02
-4.447877177625e+00,3.622906679549e+00,9.316035032541e-02
-4.447777866273e+00,8.990251034002e+00,6.825533534698e-02
-4.447730602043e+00,5.758336684462e+00,9.149003107522e-02
-4.447652404266e+00,8.590860623547e+00,7.796908907566e-02
-4.447520653172e+00,4.310653076244e+00,9.294595336959e-02
-4.447403424360e+00,4.616014387813e+00,9.270954028558e-02
-4.447187590898e+00,7.078588367989e+00,8.875459120754e-02
-4.447044549404e+00,6.694278626735e+00,8.979815327445e-02
-4.447037001931e+00,6.096643671692e+00,9.098032133705e-02
-4.446861544671e+00,7.504293049156e+00,8.717960711870e-02
-4.446811941048e+00,4.423190737348e+00,9.286273930551e-02
-4.446769306408e+00,1.563545817749e+00,9.315852902394e-02
-4.446760518961e+00,4.198463924600e+00,9.302649113007e-02
-4.446670464966e+00,3.068758275008e+00,9.315895073208e-02
-4.446669518173e+00,1.016101340164e+00,9.315824207515e-02
-4.446469768796e+00,6.481430188054e+00,9.027030248404e-02
-4.446384852223e+00,5.553943799921e+00,9.175955305423e-02
-4.446374181020e+00,3.274094106491e+00,9.315871013152e-02
-4.445975611620e+00,3.942386320736e+00,9.315853650468e-02
-4.445887669944e+00,2.368611225960e+00,9.315790961177e-02
-4.445705469912e+00,6.995856095988e+00,8.900689894933e-02
-4.445655224715e+00,8.179267495915e+00,8.294350641727e-02
-4.445557994247e+00,3.798706165376e+00,9.315807680197e-02
-4.445400410255e+00,2.110990295333e+00,9.315732855800e-02
-4.445223730027e+00,1.305924887121e+00,9.315687605054e-02
-4.445208128187e+00,7.591770106198e+00,8.678378521566e-02
-4.445095512467e+00,9.415256562813e+00,3.573601912278e-02
-4.445055512060e+00,5.083750901331e+00,9.228654196272e-02
-4.445046785702e+00,5.121292157976e+00,9.224861814616e-02
-4.444968489872e+00,2.630153429782e+00,9.315706779791e-02
-4.444957395116e+00,2.864829890799e+00,9.315715123976e-02
-4.444867924163e+00,5.046952458355e+00,9.232332730101e-02
-4.444844845258e+00,9.527647229681e+00,1.008887199897e-02
-4.444836502787e+00,5.159570295149e+00,9.220951669320e-02
-4.444590972717e+00,4.536034032067e+00,9.277674342535e-02
-4.444575961995e+00,4.086665072490e+00,9.310445243739e-02
-4.444567577768e+00,1.853369364706e+00,9.315639721414e-02
-4.444489300879e+00,5.010902729292e+00,9.235901160476e-02
-4.444439514290e+00,8.389454042530e+00,8.078754450412e-02
-4.444419457733e+00,5.198579347052e+00,9.216907216210e-02
-4.444360407849e+00,9.303095326122e+00,4.979965034025e-02
-4.444273024788e+00,5.974528853750e+00,9.117874784568e-02
-4.444247780523e+00,7.972408745428e+00,8.458757365142e-02
-4.444057784747e+00,5.806645491931e+00,9.142687457299e-02
-4.443924957457e+00,4.975607581264e+00,9.239354471323e-02
-4.443860181660e+00,3.480711140884e+00,9.315626141302e-02
-4.443826592691e+00,5.599439029674e+00,9.170502970554e-02
-4.443790481904e+00,5.238313315418e+00,9.212736739956e-02
-4.443721494527e+00,6.913950717780e+00,8.924302703049e-02
-4.443406927128e+00,3.655693340721e+00,9.315583395229e-02
-4.443389172483e+00,1.595748434078e+00,9.315511522022e-02
-4.443332580847e+00,1.048303956493e+00,9.315487170944e-02
-4.443231498279e+00,8.879019972155e+00,7.188322150202e-02
-4.443181435257e+00,6.615619682373e+00,8.998628671983e-02
-4.443180245320e+00,4.941072848072e+00,9.242698118867e-02
-4.443058350479e+00,8.679376369863e+00,7.646690971411e-02
-4.443011982084e+00,7.680001516757e+00,8.635295110709e-02
-4.442944443827e+00,5.278766169694e+00,9.208435818105e-02
-4.442830842053e+00,3.101272852491e+00,9.315507106926e-02
-4.442815844686e+00,4.809698833499e+00,9.254766498007e-02
-4.442641793146e+00,9.191170468546e+00,5.867836107790e-02
-4.442442741120e+00,2.400813842289e+00,9.315442932285e-02
-4.442339704467e+00,3.306710301850e+00,9.315463350542e-02
-4.442334735557e+00,4.729335661708e+00,9.261850921765e-02
-4.442260551867e+00,4.907304329995e+00,9.245941781848e-02
-4.442149237824e+00,6.275646866469e+00,9.067628115051e-02
-4.441977079730e+00,2.143192911661e+00,9.315386943215e-02
-4.441876249359e+00,5.319931847282e+00,9.203999721070e-02
-4.441865194401e+00,1.338127503450e+00,9.315348208028e-02
-4.441769734724e+00,4.343699197398e+00,9.292642559182e-02
-4.441510702254e+00,6.149050254051e+00,9.089990827068e-02
-4.441449155571e+00,2.662424856254e+00,9.315351101633e-02
-4.441289379342e+00,2.897228958934e+00,9.315344429082e-02
-4.441277462951e+00,4.231470966886e+00,9.300775767408e-02
-4.441275760629e+00,6.405264613315e+00,9.043182579950e-02
-4.441241757898e+00,6.832882444959e+00,8.946444605096e-02
-4.441171300280e+00,4.874307793570e+00,9.249087830529e-02
-4.441165845543e+00,1.885571981034e+00,9.315295881732e-02
-4.441012394073e+00,3.975297201858e+00,9.315351664222e-02
-4.441010733952e+00,5.645602752302e+00,9.164871512099e-02
-4.440843039462e+00,3.831557296401e+00,9.315331060858e-02
-4.440815376587e+00,4.649139022191e+00,9.268785436497e-02
-4.440783709568e+00,4.456266170402e+00,9.284238687980e-02
-4.440580841882e+00,5.361804253748e+00,9.199423480609e-02
-4.440267523433e+00,7.768976771129e+00,8.588238656844e-02
-4.440107640815e+00,5.855596324068e+00,9.136155998838e-02
-4.440009038558e+00,1.627951050406e+00,9.315169712600e-02
-4.439995643522e+00,1.080506572821e+00,9.315149716184e-02
-4.439941974468e+00,9.079488922331e+00,6.479095246455e-02
-4.439928625536e+00,8.272088883662e+00,8.209667025648e-02
-4.439917949324e+00,4.842088971396e+00,9.252123983667e-02
-4.439747324013e+00,8.063697286369e+00,8.393475978270e-02
-4.439608377948e+00,3.513413795595e+00,9.315196125789e-02
-4.439439139972e+00,8.480606598224e+00,7.966994151838e-02
-4.439404441132e+00,6.025540495046e+00,9.110512604907e-02
-4.439351062441e+00,4.119623538765e+00,9.308648458054e-02
-4.439053202473e+00,5.404377263053e+00,9.194701873222e-02
-4.438997812295e+00,2.433016458617e+00,9.315094457470e-02
-4.438986261286e+00,3.133784747097e+00,9.315118085648e-02
-4.438926395561e+00,3.688473066060e+00,9.315129970709e-02
-4.438846795629e+00,6.537837220328e+00,9.016368067252e-02
-4.438553749205e+00,2.175395527990e+00,9.315040590130e-02
-4.438506658776e+00,1.370330119778e+00,9.315008386956e-02
-4.438298428825e+00,3.339322490023e+00,9.315054389058e-02
-4.438276239681e+00,4.569128746324e+00,9.275553438170e-02
-4.438272415858e+00,6.752661450265e+00,8.967245592821e-02
-4.437932491768e+00,5.692428652894e+00,9.159053565053e-02
-4.437928790355e+00,2.694695826283e+00,9.314994853100e-02
-4.437764113318e+00,1.917774597362e+00,9.314951606833e-02
-4.437710829327e+00,8.768052383949e+00,7.471761069763e-02
-4.437618332016e+00,2.929626527129e+00,9.314972920834e-02
-4.437288350036e+00,5.447644717820e+00,9.189824882816e-02
-4.436969233892e+00,7.858685324123e+00,8.536487570476e-02
-4.436898559562e+00,7.309399357960e+00,8.799418416974e-02
-4.436885298198e+00,7.224402182075e+00,8.829923961122e-02
-4.436658706197e+00,1.112709189150e+00,9.314811842254e-02
-4.436628904633e+00,1.660153666735e+00,9.314827473110e-02
-4.436386942122e+00,7.395183307357e+00,8.766535239797e-02
-4.436353002868e+00,7.140202140041e+00,8.858241624335e-02
-4.436263302194e+00,8.968057602760e+00,6.925424050295e-02
-4.436116189616e+00,3.864399864264e+00,9.314852403214e-02
-4.436035696287e+00,4.008197870908e+00,9.314847391799e-02
-4.436000849408e+00,4.376729899149e+00,9.290670634922e-02
-4.435875547834e+00,5.905182743338e+00,9.129399189730e-02
-4.435777898979e+00,4.264464357670e+00,9.298883611061e-02
-4.435704477566e+00,8.568897845657e+00,7.842371581902e-02
-4.435678347544e+00,6.202057700746e+00,9.081652897481e-02
-4.435628833487e+00,6.330004383332e+00,9.058485878171e-02
-4.435552883471e+00,2.465219074946e+00,9.314745535656e-02
-4.435443843607e+00,4.762460730848e+00,9.259595472833e-02
-4.435348026679e+00,3.546110982178e+00,9.314764289725e-02
-4.435344664793e+00,7.481743632904e+00,8.730995064865e-02
-4.435307582085e+00,7.056809554710e+00,8.884649008799e-02
-4.435281341524e+00,5.491600429516e+00,9.184787150168e-02
-4.435148123151e+00,1.402532736107e+00,9.314668140838e-02
-4.435136739104e+00,3.166293928671e+00,9.314728007351e-02
-4.435130418681e+00,2.207598144318e+00,9.314693795483e-02
-4.434819686604e+00,6.673297867278e+00,8.986820970319e-02
-4.434736112043e+00,4.489324358698e+00,9.282183968446e-02
-4.434676198321e+00,8.155686146509e+00,8.320746334752e-02
-4.434587120916e+00,5.739910386483e+00,9.153041339050e-02
-4.434435625372e+00,3.721245793056e+00,9.314674755494e-02
-4.434407397024e+00,2.726966333596e+00,9.314638032912e-02
-4.434362381093e+00,1.949977213691e+00,9.314606895675e-02
-4.434250378630e+00,3.371930629667e+00,9.314644126250e-02
-4.434239473792e+00,6.077167193118e+00,9.102886765137e-02
-4.434205221871e+00,4.682242729708e+00,9.266575505594e-02
-4.434111171831e+00,4.152570062532e+00,9.306830785481e-02
-4.434047029979e+00,6.460941257702e+00,9.033127103514e-02
-4.434018751490e+00,9.392841008432e+00,3.996913339689e-02
-4.433944262332e+00,2.962022576944e+00,9.314600597577e-02
-4.433878209287e+00,9.505177487424e+00,1.829547016476e-02
-4.433766010546e+00,7.569069900530e+00,8.692471905970e-02
-4.433755007856e+00,6.974234711054e+00,8.909328465296e-02
-4.433620256042e+00,8.365588042646e+00,8.113724455278e-02
-4.433321768871e+00,1.144911805478e+00,9.314473548174e-02
-4.433248770708e+00,1.692356283063e+00,9.314484802533e-02
-4.433173788931e+00,9.280734498102e+00,5.237562987749e-02
-4.433111660036e+00,7.949116595361e+00,8.479474164439e-02
-4.433027272177e+00,5.536238178629e+00,9.179587017588e-02
-4.432107954646e+00,2.497421691274e+00,9.314396165758e-02
-4.431940802668e+00,4.602204334715e+00,9.273412736669e-02
-4.431789587526e+00,1.434735352435e+00,9.314327468670e-02
-4.431707088156e+00,2.239800760647e+00,9.314346558214e-02
-4.431701315366e+00,6.892487855855e+00,8.932440162916e-02
-4.431645326725e+00,7.657151639761e+00,8.650585059574e-02
-4.431608170742e+00,8.856883407947e+00,7.265519176774e-02
-4.431377497103e+00,3.897233796650e+00,9.314371703087e-02
-4.431356922950e+00,5.955398283219e+00,9.122406897993e-02
-4.431345585986e+00,9.168864904054e+00,6.040878967545e-02
-4.431282292126e+00,3.198800367157e+00,9.314336870022e-02
-4.431218339037e+00,8.657355133716e+00,7.699241304251e-02
-4.431214039688e+00,5.105458339602e+00,9.227792279241e-02
-4.431180097314e+00,5.068109660658e+00,9.231530886616e-02
-4.431079161322e+00,3.578802648664e+00,9.314330907217e-02
-4.431047320625e+00,5.143544868066e+00,9.223936227889e-02
-4.431045580733e+00,4.041088245944e+00,9.314340828298e-02
-4.430969915364e+00,5.788041578270e+00,9.146826586840e-02
-4.430960648869e+00,1.982179830019e+00,9.314261747217e-02
-4.430950740310e+00,5.031504760195e+00,9.235157504756e-02
-4.430889850673e+00,6.594801789922e+00,9.005269831073e-02
-4.430884978417e+00,2.759236371939e+00,9.314280639787e-02
-4.430674730019e+00,5.182363284415e+00,9.219949504169e-02
-4.430531252031e+00,4.995649534255e+00,9.238675791420e-02
-4.430521275665e+00,5.581551714920e+00,9.174218061791e-02
-4.430267179596e+00,2.994417089993e+00,9.314227457661e-02
-4.430261910519e+00,4.297443996636e+00,9.296957806427e-02
-4.430214091513e+00,4.409745072304e+00,9.288669408879e-02
-4.430195578674e+00,3.404534679585e+00,9.314232559676e-02
-4.430091094688e+00,5.221907594519e+00,9.215838989955e-02
-4.429984831546e+00,1.177114421807e+00,9.314134832957e-02
-4.429934659390e+00,3.754011459457e+00,9.314217746106e-02
-4.429926952191e+00,4.960549845734e+00,9.242081580482e-02
-4.429868636783e+00,1.724558899392e+00,9.314141699842e-02
-4.429535565911e+00,6.255659395742e+00,9.073003565091e-02
-4.429291278599e+00,5.262171771943e+00,9.211600288665e-02
-4.429152602863e+00,6.811579197264e+00,8.954125328561e-02
-4.429143196661e+00,4.926211524193e+00,9.245378475306e-02
-4.429029151610e+00,8.248364638854e+00,8.239251371392e-02
-4.428977025184e+00,7.745978344144e+00,8.604887255959e-02
-4.428856363201e+00,4.185504552682e+00,9.304979386584e-02
-4.428788599368e+00,6.384941770914e+00,9.048990762248e-02
-4.428773664993e+00,6.129402391717e+00,9.094984686027e-02
-4.428689413668e+00,8.040259969586e+00,8.416383074241e-02
-4.428669253897e+00,4.522365184569e+00,9.280103645330e-02
-4.428663025822e+00,2.529624307602e+00,9.314046346693e-02
-4.428536451383e+00,9.057239157212e+00,6.603248188811e-02
-4.428529621910e+00,4.795562892798e+00,9.257292980369e-02
-4.428431051901e+00,1.466937968764e+00,9.313986369447e-02
-4.428283757632e+00,2.272003376975e+00,9.313998877258e-02
-4.428270183022e+00,5.303149758188e+00,9.207228787491e-02
-4.428185377265e+00,4.892640365644e+00,9.248576925807e-02
-4.427758524243e+00,5.627534757667e+00,9.168673502227e-02
-4.427573088111e+00,4.715325376072e+00,9.264345473750e-02
-4.427558916644e+00,2.014382446348e+00,9.313916160413e-02
-4.427422937156e+00,3.231304032603e+00,9.313944671653e-02
-4.427383585919e+00,8.458702806211e+00,8.005008048130e-02
-4.427361537409e+00,2.791505935074e+00,9.313922672445e-02
-4.427076208434e+00,5.836815823868e+00,9.140400570075e-02
-4.427058921594e+00,4.859842132339e+00,9.251679501460e-02
-4.427022746738e+00,5.344835462895e+00,9.202719642462e-02
-4.426801815663e+00,3.611488743289e+00,9.313895975384e-02
-4.426647894221e+00,1.209317038136e+00,9.313795695615e-02
-4.426627014746e+00,3.930059021582e+00,9.313888956309e-02
-4.426587093225e+00,3.026810047952e+00,9.313853499439e-02
-4.426547223176e+00,6.006236448321e+00,9.115168356085e-02
-4.426489250702e+00,6.517183272097e+00,9.022669512256e-02
-4.426488502858e+00,1.756761515720e+00,9.313798164011e-02
-4.426134054001e+00,3.437134598725e+00,9.313819686904e-02
-4.426115031256e+00,6.731518904556e+00,8.974508938097e-02
-4.426042110368e+00,4.073968245420e+00,9.312744127276e-02
-4.425979018471e+00,8.745973218565e+00,7.533182986239e-02
-4.425769292798e+00,4.827822552572e+00,9.254673436190e-02
-4.425755582350e+00,7.835539471715e+00,8.554754466951e-02
-4.425584778584e+00,4.635260671460e+00,9.271249376925e-02
-4.425543946203e+00,5.387222764080e+00,9.198067762416e-02
-4.425423540819e+00,3.786770003282e+00,9.313758939077e-02
-4.425234276146e+00,7.287154861687e+00,8.810411752768e-02
-4.425218096997e+00,2.561826923931e+00,9.313696077372e-02
-4.425148383838e+00,7.202311809743e+00,8.840164471951e-02
-4.425072516276e+00,1.499140585092e+00,9.313644842158e-02
-4.424860427107e+00,2.304205993303e+00,9.313650751544e-02
-4.424796005257e+00,7.372785795336e+00,8.778339574645e-02
-4.424748738115e+00,8.945864171519e+00,7.018787759979e-02
-4.424734228942e+00,5.674180995884e+00,9.162946175240e-02
-4.424729581640e+00,4.330409783998e+00,9.295008332205e-02
-4.424544178329e+00,7.118266996498e+00,8.867830933501e-02
-4.424409555990e+00,4.442744608252e+00,9.286637777164e-02
-4.424157184419e+00,2.046585062676e+00,9.313570134212e-02
-4.423837076915e+00,2.823775016781e+00,9.313564129602e-02
-4.423828795682e+00,5.430305508397e+00,9.193260150379e-02
-4.423827784916e+00,7.459194216652e+00,8.743706528432e-02
-4.423756550865e+00,8.546935067767e+00,7.885786392649e-02
-4.423697171927e+00,8.132104797102e+00,8.346213909333e-02
-4.423586710142e+00,4.218426918551e+00,9.303109058360e-02
-4.423558691180e+00,3.263804895159e+00,9.313551410247e-02
-4.423427573272e+00,7.035030741431e+00,8.893649405216e-02
-4.423310956895e+00,1.241519654464e+00,9.313456135156e-02
-4.423108368933e+00,1.788964132049e+00,9.313454194010e-02
-4.423078026208e+00,6.309848695349e+00,9.064027034303e-02
-4.423002597329e+00,6.182239506461e+00,9.086792956507e-02
-4.422941990512e+00,9.370425454051e+00,4.366331057991e-02
-4.422911573317e+00,9.482707745166e+00,2.510142979042e-02
-4.422904012750e+00,3.059201432549e+00,9.313478721271e-02
-4.422901372909e+00,5.886226689578e+00,9.133754022119e-02
-4.422800997794e+00,8.341722042761e+00,8.147277925847e-02
-4.422594823805e+00,6.652317107821e+00,8.993701963846e-02
-4.422583241266e+00,4.555388530991e+00,9.277986681759e-02
-4.422516023806e+00,3.644169214490e+00,9.313459491352e-02
-4.422323892905e+00,7.546369694861e+00,8.706202230638e-02
-4.422065829898e+00,3.469730346199e+00,9.313405505514e-02
-4.421987170013e+00,9.258373670081e+00,5.469000380785e-02
-4.421975539549e+00,7.925824445295e+00,8.499542807210e-02
-4.421872347471e+00,5.474077511324e+00,9.188297782200e-02
-4.421864795808e+00,3.962875467397e+00,9.313404158721e-02
-4.421804545799e+00,6.952613326120e+00,8.917794645593e-02
-4.421773168173e+00,2.594029540259e+00,9.313345356702e-02
-4.421713980650e+00,1.531343201421e+00,9.313302885794e-02
-4.421624291161e+00,6.440452327349e+00,9.039124046364e-02
-4.421443639788e+00,5.721484088505e+00,9.157028506108e-02
-4.421441945653e+00,6.057690714545e+00,9.107672110685e-02
-4.421437096582e+00,2.336408609632e+00,9.313302180002e-02
-4.421025348647e+00,4.106837788172e+00,9.310950092569e-02
-4.420919104022e+00,4.748386827777e+00,9.262094855929e-02
-4.420902313235e+00,3.819521362814e+00,9.313298330952e-02
-4.420755452194e+00,2.078787679005e+00,9.313223667563e-02
-4.420311599886e+00,2.856043610858e+00,9.313205009976e-02
-4.420278671365e+00,7.634301762765e+00,8.665464854546e-02
-4.420049378825e+00,9.146559339564e+00,6.199300899946e-02
-4.419984843205e+00,8.834746843739e+00,7.338248955928e-02
-4.419974019570e+00,1.273722270793e+00,9.313116150585e-02
-4.419728235008e+00,1.821166748377e+00,9.313109788804e-02
-4.419689571363e+00,3.296302925081e+00,9.313157083813e-02
-4.419681136205e+00,6.871024993929e+00,8.940420345870e-02
-4.419669692132e+00,5.518532557337e+00,9.183176087446e-02
-4.419546155205e+00,4.687500150008e-02,9.315595326260e-02
-4.419546155205e+00,7.812500250013e-02,9.315271052936e-02
-4.419546155205e+00,6.093750195002e-01,9.313062994935e-02
-4.419546155205e+00,1.562500050003e-02,9.315941278075e-02
-4.419546155205e+00,1.093750035002e-01,9.314968584310e-02
-4.419546155205e+00,1.406250045003e-01,9.314688038561e-02
-4.419546155205e+00,1.718750055004e-01,9.314429525704e-02
-4.419546155205e+00,2.031250065004e-01,9.314193147453e-02
-4.419546155205e+00,2.343750075005e-01,9.313978997100e-02
-4.419546155205e+00,2.656250085006e-01,9.313787159401e-02
-4.419546155205e+00,2.968750095005e-01,9.313617710472e-02
-4.419546155205e+00,3.281250105004e-01,9.313470717700e-02
-4.419546155205e+00,3.906250125003e-01,9.313244326008e-02
-4.419546155205e+00,4.218750135002e-01,9.313165017503e-02
-4.419546155205e+00,4.531250145001e-01,9.313108345871e-02
-4.419546155205e+00,4.843750155000e-01,9.313074333805e-02
-4.419546155205e+00,5.156250165000e-01,9.313062994935e-02
-4.419546155205e+00,5.468750175001e-01,9.313062994935e-02
-4.419546155205e+00,5.781250185002e-01,9.313062994935e-02
-4.419546155205e+00,6.406250205003e-01,9.313062994935e-02
-4.419546155205e+00,6.718750215004e-01,9.313062994935e-02
-4.419546155205e+00,7.031250225005e-01,9.313062994935e-02
-4.419546155205e+00,7.656250245005e-01,9.313062994935e-02
-4.419546155205e+00,7.968750255004e-01,9.313062994935e-02
-4.419546155205e+00,8.281250265003e-01,9.313062994935e-02
-4.419546155205e+00,8.593750275002e-01,9.313062994935e-02
-4.419546155205e+00,8.906250285002e-01,9.313062994935e-02
-4.419546155205e+00,9.218750295001e-01,9.313062994935e-02
-4.419546155205e+00,9.843750315000e-01,9.313062994935e-02
-4.419546155205e+00,3.593750115004e-01,9.313346239651e-02
-4.419546155205e+00,7.343750235005e-01,9.313062994935e-02
-4.419546155205e+00,9.531250305001e-01,9.313062994935e-02
-4.419378327596e+00,8.635333897568e+00,7.749256305513e-02
-4.419217947812e+00,3.091591225570e+00,9.313103121517e-02
-4.419208285108e+00,4.668297631481e+00,9.269043741132e-02
-4.419180997023e+00,4.363361620470e+00,9.293039738957e-02
-4.418598266089e+00,6.573983897470e+00,9.011787468025e-02
-4.418587338426e+00,4.475728398986e+00,9.284586699752e-02
-4.418440821113e+00,5.936267712688e+00,9.126877107580e-02
-4.418355445025e+00,1.563545817749e+00,9.312960499337e-02
-4.418328239348e+00,2.626232156588e+00,9.312994183587e-02
-4.418302286801e+00,4.251337069919e+00,9.301219943497e-02
-4.418221820165e+00,3.676844010917e+00,9.313021452260e-02
-4.418129677684e+00,8.224640394045e+00,8.267737067753e-02
-4.418013766058e+00,2.368611225960e+00,9.312953161555e-02
-4.417990931905e+00,3.502321881270e+00,9.312990013094e-02
-4.417888485693e+00,1.016101340164e+00,9.312893915503e-02
-4.417882045981e+00,5.769437664609e+00,9.150912478733e-02
-4.417686526936e+00,7.722979917160e+00,8.621070133897e-02
-4.417631503323e+00,8.016822652802e+00,8.438537555593e-02
-4.417381293674e+00,5.089624521227e+00,9.230693415044e-02
-4.417353719969e+00,2.110990295333e+00,9.312876759409e-02
-4.417304682568e+00,5.052468419984e+00,9.234379208199e-02
-4.417258138463e+00,5.127519440984e+00,9.226890421518e-02
-4.417215958638e+00,5.563664400165e+00,9.177888813265e-02
-4.417130928299e+00,9.034989392093e+00,6.718417237934e-02
-4.417090893997e+00,3.995683062751e+00,9.312917306174e-02
-4.417063447829e+00,6.790275949568e+00,8.961662179777e-02
-4.417033556457e+00,5.016057062035e+00,9.237954827023e-02
-4.416930002305e+00,5.166147221778e+00,9.222960457018e-02
-4.416921893999e+00,6.235671925016e+00,9.078297264738e-02
-4.416785109312e+00,2.888311711122e+00,9.312845312283e-02
-4.416637082245e+00,1.305924887121e+00,9.312775740906e-02
-4.416573203183e+00,4.980396339217e+00,9.241423845103e-02
-4.416478180977e+00,4.588394281618e+00,9.275849956687e-02
-4.416391707473e+00,5.205501873620e+00,9.218908798776e-02
-4.416371020600e+00,3.852265476595e+00,9.312835918286e-02
-4.416348101083e+00,1.853369364706e+00,9.312764947357e-02
-4.416301438108e+00,6.364618928512e+00,9.054706406456e-02
-4.416036627732e+00,6.109754529383e+00,9.099905967799e-02
-4.415995359523e+00,4.139696793417e+00,9.309137605074e-02
-4.415986616552e+00,8.435747604426e+00,8.042330514687e-02
-4.415928946926e+00,4.945492110205e+00,9.244782922124e-02
-4.415815595055e+00,3.328798092727e+00,9.312761690369e-02
-4.415638113370e+00,5.245577374193e+00,9.214731156812e-02
-4.415528908162e+00,3.123979408865e+00,9.312726698546e-02
-4.415106148003e+00,4.911350200314e+00,9.248033863180e-02
-4.414996909400e+00,1.595748434078e+00,9.312617681769e-02
-4.414883310524e+00,2.658434772916e+00,9.312642556930e-02
-4.414664116685e+00,5.286367669094e+00,9.210423031642e-02
-4.414590435533e+00,2.400813842289e+00,9.312603695125e-02
-4.414573146667e+00,1.048303956493e+00,9.312555441327e-02
-4.414541930808e+00,7.812393619307e+00,8.572483732534e-02
-4.414506314534e+00,5.609466763032e+00,9.172429361259e-02
-4.414247207614e+00,8.723894053180e+00,7.591414464060e-02
-4.414243399134e+00,4.781426952097e+00,9.259797039276e-02
-4.414131705775e+00,6.496529323867e+00,9.028865648483e-02
-4.414110202665e+00,4.877976401293e+00,9.251187865296e-02
-4.414044776054e+00,5.818035323669e+00,9.144589602774e-02
-4.413957646655e+00,6.710376358846e+00,8.981640341364e-02
-4.413951987744e+00,2.143192911661e+00,9.312529408691e-02
-4.413919239470e+00,3.709513081428e+00,9.312581855262e-02
-4.413909385813e+00,3.534909163352e+00,9.312573207243e-02
-4.413690005220e+00,5.986932401597e+00,9.119759378209e-02
-4.413616241978e+00,4.396299407261e+00,9.291044296863e-02
-4.413569992730e+00,7.264910365414e+00,8.821155196142e-02
-4.413464651594e+00,5.327866672043e+00,9.205979699854e-02
-4.413411469478e+00,7.180221437412e+00,8.850181438181e-02
-4.413300144920e+00,1.338127503450e+00,9.312434905118e-02
-4.413257608221e+00,2.920579311406e+00,9.312485035240e-02
-4.413234174036e+00,8.923670740278e+00,7.106242040099e-02
-4.413205068392e+00,7.350388283315e+00,8.789865623229e-02
-4.413003167867e+00,4.284234917028e+00,9.299300173602e-02
-4.412967967159e+00,1.885571981034e+00,9.312419668629e-02
-4.412946542908e+00,4.845376471109e+00,9.254247691522e-02
-4.412811440666e+00,4.701315090435e+00,9.266818045078e-02
-4.412747535078e+00,4.508696337070e+00,9.282511871807e-02
-4.412735353790e+00,7.096331852955e+00,8.877217925969e-02
-4.412718145534e+00,8.108523447695e+00,8.370800760066e-02
-4.412310905038e+00,7.436644800400e+00,8.756106855148e-02
-4.412305363454e+00,4.028481736626e+00,9.312428394531e-02
-4.412034689933e+00,5.370068265107e+00,9.201394591357e-02
-4.411981739546e+00,8.317856042876e+00,8.179424954308e-02
-4.411944937346e+00,9.460238002909e+00,3.083698025524e-02
-4.411936779780e+00,3.361290368567e+00,9.312365227940e-02
-4.411865229535e+00,9.348009899670e+00,4.691522697302e-02
-4.411836903663e+00,3.156365964341e+00,9.312349450729e-02
-4.411829707247e+00,3.885002283435e+00,9.312371697647e-02
-4.411808624164e+00,8.524972289877e+00,7.927287853948e-02
-4.411638373775e+00,1.627951050406e+00,9.312274432068e-02
-4.411620636272e+00,4.813556133748e+00,9.257200106428e-02
-4.411547564459e+00,7.013251928152e+00,8.902466120449e-02
-4.411535966117e+00,5.655933338874e+00,9.166790762607e-02
-4.411438381699e+00,2.690637389245e+00,9.312290475626e-02
-4.411257807642e+00,1.080506572821e+00,9.312216545918e-02
-4.411167105008e+00,2.433016458617e+00,9.312253779630e-02
-4.411037449200e+00,9.572690190397e+00,6.608629074604e-06
-4.410952207441e+00,4.172545180764e+00,9.307290045763e-02
-4.410881775263e+00,7.523669489193e+00,8.719583204177e-02
-4.410839419062e+00,7.902532295228e+00,8.518992869395e-02
-4.410800551095e+00,9.236012842061e+00,5.678064343763e-02
-4.410550255520e+00,2.175395527990e+00,9.312181614347e-02
-4.410527218929e+00,6.289693007366e+00,9.069482322381e-02
-4.410369961006e+00,6.631336348365e+00,9.000456939048e-02
-4.410369241328e+00,5.412966298974e+00,9.196656655947e-02
-4.410354180582e+00,4.621382320729e+00,9.273691759716e-02
-4.410326847113e+00,6.162421312176e+00,9.091856932659e-02
-4.409963207594e+00,1.370330119778e+00,9.312093642217e-02
-4.409927197984e+00,5.867270635818e+00,9.138050877935e-02
-4.409854083743e+00,6.930991941186e+00,8.926093570410e-02
-4.409821217652e+00,3.567492152025e+00,9.312155085572e-02
-4.409729099676e+00,2.952846405564e+00,9.312124177561e-02
-4.409608316762e+00,3.742176375089e+00,9.312140697521e-02
-4.409587833234e+00,1.917774597362e+00,9.312073951575e-02
-4.409201552344e+00,6.419963396996e+00,9.045023583509e-02
-4.408912016006e+00,7.611451885769e+00,8.679950584259e-02
-4.408753171664e+00,9.124253775072e+00,6.344876164265e-02
-4.408644417514e+00,6.038214235971e+00,9.112389724790e-02
-4.408463353417e+00,5.456554593132e+00,9.191768163244e-02
-4.408361515668e+00,8.812610279531e+00,7.406886795903e-02
-4.408300158661e+00,5.703057790526e+00,9.160965651163e-02
-4.408279838150e+00,1.660153666735e+00,9.311930749211e-02
-4.408141944286e+00,3.188750873964e+00,9.311971376440e-02
-4.408053143248e+00,3.393779723174e+00,9.311967694562e-02
-4.408035402412e+00,4.429223046102e+00,9.289016239754e-02
-4.407993452875e+00,2.722840005573e+00,9.311937938571e-02
-4.407942468616e+00,1.112709189150e+00,9.311877228290e-02
-4.407743774484e+00,2.465219074946e+00,9.311903413984e-02
-4.407689428556e+00,4.317120370597e+00,9.297353968642e-02
-4.407660957044e+00,6.849562132004e+00,8.948247806282e-02
-4.407538316154e+00,8.613312661420e+00,7.796914156013e-02
-4.407508258741e+00,4.061271418349e+00,9.311937006174e-02
-4.407278417872e+00,3.917731722427e+00,9.311905665614e-02
-4.407230203759e+00,8.200916149237e+00,8.295183244465e-02
-4.407148523295e+00,2.207598144318e+00,9.311833375311e-02
-4.406890242852e+00,4.541648315659e+00,9.280398810838e-02
-4.406626270269e+00,1.402532736107e+00,9.311751951196e-02
-4.406573592978e+00,7.993385336018e+00,8.459975422719e-02
-4.406396028687e+00,7.699981490176e+00,8.636806297538e-02
-4.406394364438e+00,4.734312924705e+00,9.264572207672e-02
-4.406312112086e+00,5.500826936045e+00,9.186723337560e-02
-4.406306681505e+00,6.553166005019e+00,9.018194001739e-02
-4.406207699309e+00,1.949977213691e+00,9.311727795150e-02
-4.406199586781e+00,2.985112987466e+00,9.311762737963e-02
-4.405895957333e+00,4.205382870216e+00,9.305422702581e-02
-4.405726453701e+00,3.600070807029e+00,9.311735645701e-02
-4.405725405214e+00,9.012739626974e+00,6.825540858288e-02
-4.405524719275e+00,5.917137142158e+00,9.131286755130e-02
-4.405289087390e+00,3.774833841187e+00,9.311697976211e-02
-4.405248231870e+00,8.411740992867e+00,8.078952521519e-02
-4.404974292794e+00,6.768972701873e+00,8.969059212779e-02
-4.404921302525e+00,1.692356283063e+00,9.311586632168e-02
-4.404794176598e+00,5.750833750948e+00,9.154946234316e-02
-4.404627129591e+00,1.144911805478e+00,9.311537487452e-02
-4.404548524050e+00,2.755042621902e+00,9.311584944654e-02
-4.404444040115e+00,3.221134119763e+00,9.311592474061e-02
-4.404320443959e+00,2.497421691274e+00,9.311552597097e-02
-4.404308222087e+00,6.215684454289e+00,9.083511143825e-02
-4.404211348345e+00,4.654352533255e+00,9.271490378917e-02
-4.404164703345e+00,3.426266127225e+00,9.311569088276e-02
-4.403910641612e+00,5.545777085411e+00,9.181516091116e-02
-4.403814276847e+00,6.344296086111e+00,9.060331781261e-02
-4.403746791070e+00,2.239800760647e+00,9.311484690513e-02
-4.403548547661e+00,5.073790702852e+00,9.233565723853e-02
-4.403468956302e+00,5.111494013901e+00,9.229814857374e-02
-4.403429267822e+00,5.036827179311e+00,9.237199640930e-02
-4.403328279265e+00,7.789247766899e+00,8.589676148400e-02
-4.403299590471e+00,6.090106667048e+00,9.104756324565e-02
-4.403289332944e+00,1.434735352435e+00,9.311409831046e-02
-4.403185274591e+00,5.149931159141e+00,9.225940622477e-02
-4.403116372604e+00,5.000609363876e+00,9.240725156099e-02
-4.402827565384e+00,1.982179830019e+00,9.311381198303e-02
-4.402717197544e+00,3.950453732937e+00,9.311437818777e-02
-4.402699634853e+00,4.094052037578e+00,9.311443525152e-02
-4.402692320258e+00,5.189096152721e+00,9.221946740112e-02
-4.402669072674e+00,3.017379051005e+00,9.311400715160e-02
-4.402615154335e+00,4.965143144180e+00,9.244145761138e-02
-4.402515396758e+00,8.701814887796e+00,7.646696606191e-02
-4.402438564809e+00,4.462132439274e+00,9.286968768520e-02
-4.402361144639e+00,4.349993341791e+00,9.295388672406e-02
-4.401984948142e+00,5.228982976442e+00,9.217829023795e-02
-4.401930941660e+00,4.930434374676e+00,9.247458918149e-02
-4.401905709313e+00,7.242665869141e+00,8.831641168945e-02
-4.401800262053e+00,6.689233813137e+00,8.988643423375e-02
-4.401774160848e+00,6.475875375636e+00,9.034959161627e-02
-4.401739119140e+00,8.084942098288e+00,8.394551147845e-02
-4.401719609957e+00,8.901477309037e+00,7.188328806799e-02
-4.401674555118e+00,7.158131065080e+00,8.859982075770e-02
-4.401625120485e+00,3.632645088258e+00,9.311314885261e-02
-4.401614131527e+00,7.327990771295e+00,8.801123058720e-02
-4.401562766900e+00,1.724558899392e+00,9.311242079909e-02
-4.401311790565e+00,1.177114421807e+00,9.311197322414e-02
-4.401254104825e+00,5.591398768398e+00,9.176140001869e-02
-4.401162481297e+00,8.293990042991e+00,8.210262331142e-02
-4.401103595226e+00,2.787245238230e+00,9.311231492763e-02
-4.401069099344e+00,4.896488876436e+00,9.250664686822e-02
-4.401058050347e+00,5.269585580001e+00,9.213583084030e-02
-4.401015559285e+00,4.574584228520e+00,9.278266024312e-02
-4.401013343673e+00,5.799254823469e+00,9.148724261403e-02
-4.400978301375e+00,9.437768260651e+00,3.573610466439e-02
-4.400961587008e+00,3.807485429228e+00,9.311253688522e-02
-4.400926529250e+00,7.074396709411e+00,8.886408934959e-02
-4.400897113434e+00,2.529624307602e+00,9.311201327878e-02
-4.400832787264e+00,5.967628354872e+00,9.124287094189e-02
-4.400826674624e+00,4.238209782168e+00,9.303536597145e-02
-4.400794025160e+00,7.414095384148e+00,8.768207244391e-02
-4.400788468557e+00,9.325594345289e+00,4.979974122780e-02
-4.400743201339e+00,3.253515683828e+00,9.311212741976e-02
-4.400345058845e+00,2.272003376975e+00,9.311135558881e-02
-4.400271478136e+00,3.458749551515e+00,9.311169407133e-02
-4.400181202668e+00,9.550166800047e+00,1.008890660086e-02
-4.400035028063e+00,4.863312436942e+00,9.253774988009e-02
-4.399957176357e+00,4.767291011396e+00,9.262279024828e-02
-4.399952395618e+00,1.466937968764e+00,9.311067280753e-02
-4.399906556450e+00,5.310897881190e+00,9.209204314375e-02
-4.399860697463e+00,8.503009511988e+00,7.966998966638e-02
-4.399703298575e+00,7.879240145161e+00,8.537852175311e-02
-4.399667555647e+00,6.991473114872e+00,8.911104736008e-02
-4.399613932177e+00,9.213652014040e+00,5.867844707908e-02
-4.399447431459e+00,2.014382446348e+00,9.311034159982e-02
-4.399439657622e+00,7.500969283524e+00,8.732627865702e-02
-4.399137560533e+00,3.049644590089e+00,9.311038107866e-02
-4.398834164222e+00,4.830910809878e+00,9.256792772863e-02
-4.398525433664e+00,5.352913766133e+00,9.204683403449e-02
-4.398337703291e+00,5.637685681864e+00,9.170588289560e-02
-4.398204231275e+00,1.756761515720e+00,9.310897091399e-02
-4.398146091708e+00,3.983168254595e+00,9.310968153740e-02
-4.398145098206e+00,6.610355588908e+00,9.007085917172e-02
-4.398049793221e+00,4.687304804798e+00,9.269268978849e-02
-4.397996451540e+00,1.209317038136e+00,9.310856732179e-02
-4.397976411649e+00,6.269537319383e+00,9.074853800840e-02
-4.397903621686e+00,6.909370556253e+00,8.934230177989e-02
-4.397879547216e+00,4.126823524301e+00,9.310947977029e-02
-4.397658666401e+00,2.819447854559e+00,9.310877581782e-02
-4.397651096898e+00,6.142603117891e+00,9.096846583724e-02
-4.397545360647e+00,7.588602008773e+00,8.694057521160e-02
-4.397517244770e+00,3.665214955775e+00,9.310892801894e-02
-4.397473782910e+00,2.561826923931e+00,9.310849605231e-02
-4.397471979745e+00,4.799289714924e+00,9.259704351583e-02
-4.397456964503e+00,9.101948210581e+00,6.479103137012e-02
-4.397039438260e+00,3.285895548313e+00,9.310832178573e-02
-4.397018392444e+00,4.382853742218e+00,9.293398915966e-02
-4.396953023058e+00,5.848314582059e+00,9.142290989405e-02
-4.396943326620e+00,2.304205993303e+00,9.310785979339e-02
-4.396909686974e+00,5.395627089551e+00,9.200015125283e-02
-4.396825816258e+00,4.495027489572e+00,9.284899351179e-02
-4.396778813527e+00,6.399474466644e+00,9.050828141515e-02
-4.396738188131e+00,8.790473715324e+00,7.471767129636e-02
-4.396625851584e+00,3.840131088927e+00,9.310807831654e-02
-4.396615458293e+00,1.499140585092e+00,9.310724299302e-02
-4.396373485863e+00,3.491229966945e+00,9.310768649191e-02
-4.396330729833e+00,8.177191904429e+00,8.321644918077e-02
-4.396067297534e+00,2.046585062676e+00,9.310686679130e-02
-4.395846889375e+00,6.018737757397e+00,9.117041117741e-02
-4.395744425214e+00,4.271025837421e+00,9.301622751847e-02
-4.395698304713e+00,8.591291425273e+00,7.842376738658e-02
-4.395640777883e+00,6.828099270078e+00,8.955926929362e-02
-4.395605053571e+00,3.081909598649e+00,9.310674914793e-02
-4.395515682633e+00,7.969948019235e+00,8.480730442714e-02
-4.395156677534e+00,5.684631492547e+00,9.164853789824e-02
-4.395123582579e+00,4.607503969998e+00,9.276112921386e-02
-4.395105530438e+00,7.676983063191e+00,8.652113750911e-02
-4.395054359364e+00,5.439031674939e+00,9.195199056240e-02
-4.394845695649e+00,1.788964132049e+00,9.310551665601e-02
-4.394681112514e+00,1.241519654464e+00,9.310515715750e-02
-4.394509847189e+00,8.387734381308e+00,8.114038298624e-02
-4.394319882129e+00,8.990489861855e+00,6.925431229508e-02
-4.394213737577e+00,2.851650470888e+00,9.310523210589e-02
-4.394050452385e+00,2.594029540259e+00,9.310497428056e-02
-4.394015096921e+00,6.532348112567e+00,9.024492313434e-02
-4.393565146175e+00,4.015875227309e+00,9.310496667120e-02
-4.393541594396e+00,2.336408609632e+00,9.310435950808e-02
-4.393402853568e+00,3.697780369801e+00,9.310469393252e-02
-4.393332761285e+00,3.318273695432e+00,9.310450782247e-02
-4.393278520968e+00,1.531343201421e+00,9.310380885673e-02
-4.393048051681e+00,4.159585808846e+00,9.309581395531e-02
-4.392954532040e+00,5.483121314753e+00,9.190229570483e-02
-4.392885137759e+00,6.747669454177e+00,8.976320335234e-02
-4.392687163609e+00,2.078787679004e+00,9.310338754687e-02
-4.392608617437e+00,5.898006571627e+00,9.135637145676e-02
-4.392470744947e+00,3.523707344526e+00,9.310366812520e-02
-4.392281917391e+00,3.872770770219e+00,9.310360402819e-02
-4.392114627723e+00,7.766101914491e+00,8.606347090007e-02
-4.392071555038e+00,3.114174070633e+00,9.310311134656e-02
-4.391869624853e+00,4.720239021633e+00,9.267027858723e-02
-4.391706307215e+00,5.732229837287e+00,9.158928926166e-02
-4.391694550175e+00,6.195696983562e+00,9.088647074391e-02
-4.391661248834e+00,4.415701483953e+00,9.291374397145e-02
-4.391487160024e+00,1.821166748377e+00,9.310205801474e-02
-4.391365773489e+00,1.273722270793e+00,9.310174272125e-02
-4.391327115586e+00,6.323973243709e+00,9.065869084671e-02
-4.391197244437e+00,4.527908100326e+00,9.282790154532e-02
-4.390783585901e+00,8.679735722412e+00,7.699246836850e-02
-4.390768808752e+00,2.883853087216e+00,9.310168378062e-02
-4.390760092746e+00,8.061360748882e+00,8.417506452152e-02
-4.390754323575e+00,4.687500150008e-02,9.312678115747e-02
-4.390754323575e+00,7.812500250013e-02,9.312348210780e-02
-4.390754323575e+00,1.406250045003e-01,9.311755047454e-02
-4.390754323575e+00,2.656250085006e-01,9.310838425880e-02
-4.390754323575e+00,5.156250165000e-01,9.310101553915e-02
-4.390754323575e+00,5.468750175001e-01,9.310101553915e-02
-4.390754323575e+00,5.781250185002e-01,9.310101553915e-02
-4.390754323575e+00,6.093750195002e-01,9.310101553915e-02
-4.390754323575e+00,7.656250245005e-01,9.310101553915e-02
-4.390754323575e+00,1.562500050003e-02,9.313030065294e-02
-4.390754323575e+00,1.093750035002e-01,9.312040480678e-02
-4.390754323575e+00,1.718750055004e-01,9.311492024694e-02
-4.390754323575e+00,2.031250065004e-01,9.311251517424e-02
-4.390754323575e+00,2.343750075005e-01,9.311033621977e-02
-4.390754323575e+00,2.968750095005e-01,9.310666007740e-02
-4.390754323575e+00,3.281250105004e-01,9.310516437148e-02
-4.390754323575e+00,3.593750115004e-01,9.310389774596e-02
-4.390754323575e+00,3.906250125003e-01,9.310286071397e-02
-4.390754323575e+00,4.218750135002e-01,9.310205369623e-02
-4.390754323575e+00,4.531250145001e-01,9.310147702051e-02
-4.390754323575e+00,4.843750155000e-01,9.310113092122e-02
-4.390754323575e+00,6.406250205003e-01,9.310101553915e-02
-4.390754323575e+00,6.718750215004e-01,9.310101553915e-02
-4.390754323575e+00,7.031250225005e-01,9.310101553915e-02
-4.390754323575e+00,7.343750235005e-01,9.310101553915e-02
-4.390754323575e+00,7.968750255004e-01,9.310101553915e-02
-4.390754323575e+00,8.281250265003e-01,9.310101553915e-02
-4.390754323575e+00,8.593750275002e-01,9.310101553915e-02
-4.390754323575e+00,8.906250285002e-01,9.310101553915e-02
-4.390754323575e+00,9.218750295001e-01,9.310101553915e-02
-4.390754323575e+00,9.531250305001e-01,9.310101553915e-02
-4.390754323575e+00,9.843750315000e-01,9.310101553915e-02
-4.390649275473e+00,4.303830957196e+00,9.299679781801e-02
-4.390627121860e+00,2.626232156588e+00,9.310144795250e-02
-4.390605324586e+00,5.527889770656e+00,9.185100740144e-02
-4.390562553210e+00,6.070458804714e+00,9.109537360862e-02
-4.390343223049e+00,8.270124043107e+00,8.239930256689e-02
-4.390241425897e+00,7.220421372868e+00,8.841885045488e-02
-4.390205045878e+00,8.879283877796e+00,7.265525703751e-02
-4.390139862171e+00,2.368611225960e+00,9.310085472206e-02
-4.390023194662e+00,7.305593259274e+00,8.812121119708e-02
-4.390011665404e+00,9.415298518394e+00,3.996922256520e-02
-4.389941583643e+00,1.563545817749e+00,9.310037038844e-02
-4.389937640758e+00,7.136040692749e+00,8.869573301067e-02
-4.389715801647e+00,5.057956884478e+00,9.236409696640e-02
-4.389711707580e+00,9.303178790908e+00,5.237572034953e-02
-4.389679774140e+00,5.095468586819e+00,9.232710047259e-02
-4.389642877452e+00,6.668091267428e+00,8.995516431178e-02
-4.389623180930e+00,3.350650107468e+00,9.310068551395e-02
-4.389553853076e+00,5.021185938638e+00,9.239992654452e-02
-4.389440546876e+00,5.133715096504e+00,9.228890536174e-02
-4.389416615921e+00,6.455221427406e+00,9.040952650198e-02
-4.389324956137e+00,9.527643409697e+00,1.829552705861e-02
-4.389307029684e+00,2.110990295333e+00,9.309990385591e-02
-4.389281974134e+00,3.730341290721e+00,9.310044657000e-02
-4.389277145283e+00,7.391545967896e+00,8.780018374288e-02
-4.389214411583e+00,4.640407435028e+00,9.273915755363e-02
-4.389199188751e+00,4.985161665716e+00,9.243468941463e-02
-4.389117704711e+00,7.052461565868e+00,8.895410038841e-02
-4.389107453212e+00,1.016101340164e+00,9.309931743513e-02
-4.388992933043e+00,5.172690431822e+00,9.224953374845e-02
-4.388974407114e+00,4.048574591279e+00,9.310023355544e-02
-4.388657105487e+00,4.949889949142e+00,9.246841969933e-02
-4.388567178088e+00,7.855947995095e+00,8.556146924594e-02
-4.388563273983e+00,3.556181655387e+00,9.309963895193e-02
-4.388537068222e+00,3.146438000011e+00,9.309946766166e-02
-4.388427313259e+00,9.191291186020e+00,6.040887430276e-02
-4.388331782913e+00,5.212388578692e+00,9.220894477279e-02
-4.388205204525e+00,4.192338821881e+00,9.307717005015e-02
-4.388128624399e+00,1.853369364706e+00,9.309859497975e-02
-4.388050434463e+00,1.305924887121e+00,9.309832400300e-02
-4.388001895116e+00,5.573330773763e+00,9.179806313953e-02
-4.387997539980e+00,7.478269077856e+00,8.745348624902e-02
-4.387981911292e+00,5.780474323270e+00,9.152805679593e-02
-4.387975569307e+00,5.948324308148e+00,9.128752887366e-02
-4.387932936395e+00,4.915376639147e+00,9.250109981705e-02
-4.387929820998e+00,3.905404423272e+00,9.309911399243e-02
-4.387912770763e+00,8.481046734098e+00,8.005012783212e-02
-4.387787546833e+00,6.969694301593e+00,8.919570615545e-02
-4.387451984010e+00,5.252803490907e+00,9.216709560747e-02
-4.387323879928e+00,2.916055703545e+00,9.309813083074e-02
-4.387203791336e+00,2.658434772916e+00,9.309791705708e-02
-4.387032050685e+00,4.881627552557e+00,9.253271342265e-02
-4.386738129946e+00,2.400813842289e+00,9.309734542446e-02
-4.386604646317e+00,1.595748434078e+00,9.309692757790e-02
-4.386348461306e+00,5.293929090337e+00,9.212394132312e-02
-4.386289791192e+00,4.448536479561e+00,9.289330496058e-02
-4.386178705288e+00,7.565752131777e+00,8.707800172163e-02
-4.386160757342e+00,9.079642646090e+00,6.603255928137e-02
-4.385959853462e+00,4.848648472591e+00,9.256338673761e-02
-4.385953159630e+00,6.887749171319e+00,8.942209219453e-02
-4.385926895759e+00,2.143192911661e+00,9.309641570774e-02
-4.385920235407e+00,6.589374829451e+00,9.013600657473e-02
-4.385910707821e+00,3.383024766763e+00,9.309685484420e-02
-4.385813712487e+00,1.048303956493e+00,9.309591805092e-02
-4.385670953581e+00,4.753155070696e+00,9.264739280179e-02
-4.385552937594e+00,4.560774175422e+00,9.280661268569e-02
-4.385541292254e+00,4.336625063112e+00,9.297717748505e-02
-4.385431255907e+00,8.153467659620e+00,8.347173339346e-02
-4.385425604370e+00,6.249381631400e+00,9.080143465479e-02
-4.385154633962e+00,3.762897679093e+00,9.309618590812e-02
-4.385139440465e+00,5.619438024854e+00,9.174339694173e-02
-4.385114860594e+00,8.768337151116e+00,7.533188932361e-02
-4.385016177394e+00,5.335759267160e+00,9.207936233324e-02
-4.385001596447e+00,3.178701380771e+00,9.309581808035e-02
-4.384975346683e+00,6.122784923606e+00,9.101763616021e-02
-4.384770088774e+00,1.885571981034e+00,9.309512754055e-02
-4.384735095438e+00,1.338127503450e+00,9.309490099267e-02
-4.384721785536e+00,4.816445148647e+00,9.259314865683e-02
-4.384651091739e+00,3.588652870769e+00,9.309559895296e-02
-4.384457772288e+00,7.946510702451e+00,8.500834318582e-02
-4.384373921059e+00,4.081266286984e+00,9.309548215653e-02
-4.384356074709e+00,6.378985536291e+00,9.056540070084e-02
-4.383978848133e+00,5.829358528299e+00,9.146475555666e-02
-4.383878951103e+00,2.948258319874e+00,9.309457324492e-02
-4.383858293271e+00,8.569270189125e+00,7.885791460459e-02
-4.383815032190e+00,7.653984636207e+00,8.667009559814e-02
-4.383780460811e+00,2.690637389245e+00,9.309438158319e-02
-4.383771462508e+00,8.363727769749e+00,8.147698081659e-02
-4.383620598722e+00,6.806636408153e+00,8.963461938882e-02
-4.383569599280e+00,3.938031998477e+00,9.309460818164e-02
-4.383450132621e+00,5.378287880128e+00,9.203336267020e-02
-4.383351062447e+00,4.225082494417e+00,9.305833876890e-02
-4.383336397721e+00,2.433016458617e+00,9.309383160438e-02
-4.383323323219e+00,4.785023296100e+00,9.262186521745e-02
-4.383288145776e+00,4.673294519162e+00,9.271698611356e-02
-4.383267708992e+00,1.627951050406e+00,9.309348041483e-02
-4.383049361236e+00,5.999261278824e+00,9.121627757206e-02
-4.382914359044e+00,8.968240096736e+00,7.018794797576e-02
-4.382546761834e+00,2.175395527990e+00,9.309292309168e-02
-4.382519971761e+00,1.080506572821e+00,9.309251442354e-02
-4.382195352689e+00,3.415397655725e+00,9.309301579729e-02
-4.382013196406e+00,5.666205194569e+00,9.168693911681e-02
-4.381723512337e+00,6.511530220115e+00,9.030685189165e-02
-4.381645365310e+00,5.421508756747e+00,9.198591205895e-02
-4.381465143073e+00,3.210964206923e+00,9.309216258975e-02
-4.381419756412e+00,1.370330119778e+00,9.309147368017e-02
-4.381411553149e+00,1.917774597362e+00,9.309165568666e-02
-4.381020860781e+00,3.795449495642e+00,9.309191192375e-02
-4.380904097439e+00,4.481358642073e+00,9.287266406092e-02
-4.380900976181e+00,7.742956062083e+00,8.622550489472e-02
-4.380795982724e+00,6.726366206482e+00,8.983449314929e-02
-4.380734217163e+00,3.621120962026e+00,9.309154810921e-02
-4.380434022279e+00,2.980460936202e+00,9.309101101185e-02
-4.380420542909e+00,4.369408077174e+00,9.295733581235e-02
-4.380357130286e+00,2.722840005573e+00,9.309084151969e-02
-4.379934665496e+00,2.465219074946e+00,9.309031325092e-02
-4.379930771667e+00,1.660153666735e+00,9.309002888889e-02
-4.379892984576e+00,4.593625619267e+00,9.278512948285e-02
-4.379781066352e+00,8.037779399475e+00,8.439705399665e-02
-4.379763734908e+00,4.113950255185e+00,9.309071244102e-02
-4.379692515600e+00,5.878876001096e+00,9.139929548706e-02
-4.379596951995e+00,5.465415693461e+00,9.193695569352e-02
-4.379523964801e+00,8.246258043222e+00,8.268492953676e-02
-4.379226231036e+00,1.112709189150e+00,9.308910654308e-02
-4.379201289418e+00,3.970653446438e+00,9.309008656834e-02
-4.379166627909e+00,2.207598144318e+00,9.308942599699e-02
-4.379080878263e+00,6.175709512836e+00,9.093706872797e-02
-4.379051775045e+00,8.657656557028e+00,7.749261739002e-02
-4.379045029433e+00,9.392828776136e+00,4.366340178538e-02
-4.378839954325e+00,6.303650401308e+00,9.071320446717e-02
-4.378690481799e+00,8.857090446556e+00,7.338255356780e-02
-4.378634946602e+00,9.280763236527e+00,5.469009347570e-02
-4.378618437832e+00,5.713625923626e+00,9.162861599007e-02
-4.378577142481e+00,7.198176876595e+00,8.851904822972e-02
-4.378485682562e+00,4.257816757813e+00,9.303925848266e-02
-4.378477126374e+00,3.447768756830e+00,9.308916835734e-02
-4.378468709606e+00,9.505120019347e+00,2.510150118633e-02
-4.378432257797e+00,7.283195747254e+00,8.822864595674e-02
-4.378200726398e+00,7.113950320417e+00,8.878961746053e-02
-4.378104417387e+00,1.402532736107e+00,9.308804205535e-02
-4.378053017524e+00,1.949977213691e+00,9.308817940752e-02
-4.377927711499e+00,3.243226472497e+00,9.308850117696e-02
-4.377825515949e+00,6.050810942380e+00,9.114250635267e-02
-4.377760265405e+00,7.368996551644e+00,8.791550431490e-02
-4.377485492851e+00,6.646948721719e+00,9.002260113256e-02
-4.377431057601e+00,7.832655845028e+00,8.573901808353e-02
-4.377344885268e+00,4.706165118561e+00,9.269461787852e-02
-4.377308880172e+00,7.030526422325e+00,8.904227073713e-02
-4.377300007559e+00,5.510002455902e+00,9.188643584454e-02
-4.377240694342e+00,9.168930357999e+00,6.199309217114e-02
-4.377059070994e+00,6.434567479176e+00,9.046848628995e-02
-4.376989093454e+00,3.012663552531e+00,9.308744412012e-02
-4.376933799762e+00,2.755042621902e+00,9.308729685543e-02
-4.376880682568e+00,3.827996701258e+00,9.308762459384e-02
-4.376812669374e+00,3.653585900632e+00,9.308748640171e-02
-4.376610378132e+00,8.457992306764e+00,8.042402079046e-02
-4.376593834341e+00,1.692356283063e+00,9.308657298976e-02
-4.376555422339e+00,7.455568872187e+00,8.757757299284e-02
-4.376532933272e+00,2.497421691274e+00,9.308679035308e-02
-4.375932490310e+00,1.144911805478e+00,9.308569439957e-02
-4.375907538020e+00,6.947915488314e+00,8.927868915289e-02
-4.375890591979e+00,5.079443159736e+00,9.235576491848e-02
-4.375883055633e+00,5.042123066103e+00,9.239225813798e-02
-4.375786493984e+00,2.239800760647e+00,9.308592441292e-02
-4.375695819162e+00,5.117499033867e+00,9.231810721963e-02
-4.375678438330e+00,5.005544697965e+00,9.242758708398e-02
-4.375504246023e+00,4.514167884993e+00,9.285161035426e-02
-4.375293545827e+00,5.156284710923e+00,9.227929251387e-02
-4.375287095256e+00,4.402179921803e+00,9.293712564334e-02
-4.375282004898e+00,4.969713967556e+00,9.246186623119e-02
-4.375143895922e+00,4.146626436927e+00,9.308592437559e-02
-4.375118351351e+00,5.929020261424e+00,9.133158102862e-02
-4.374950478911e+00,5.761693823070e+00,9.156834961137e-02
-4.374864550181e+00,9.057337081599e+00,6.718424826678e-02
-4.374824928896e+00,4.003268717991e+00,9.308554912517e-02
-4.374812049929e+00,7.542902254781e+00,8.721192325632e-02
-4.374789078362e+00,1.434735352435e+00,9.308460610805e-02
-4.374756039821e+00,3.480138052620e+00,9.308531250852e-02
-4.374749685407e+00,5.555262779128e+00,9.183429165324e-02
-4.374699056638e+00,4.934636754105e+00,9.249512892919e-02
-4.374694481899e+00,1.982179830019e+00,9.308469869257e-02
-4.374678617684e+00,5.195794180941e+00,9.223928091715e-02
-4.374531781981e+00,8.129743414812e+00,8.371816306506e-02
-4.374389305156e+00,3.275488171545e+00,9.308483382909e-02
-4.374217474820e+00,4.626462336802e+00,9.276320200212e-02
-4.374002697574e+00,6.866127786385e+00,8.950035267510e-02
-4.373934931129e+00,4.900318903618e+00,9.252736517405e-02
-4.373845917672e+00,5.236021401813e+00,9.219803063870e-02
-4.373695372607e+00,6.568394069994e+00,9.020004150882e-02
-4.373609122389e+00,4.290541543796e+00,9.301986078751e-02
-4.373544164630e+00,3.044866168860e+00,9.308387255833e-02
-4.373510469237e+00,2.787245238230e+00,9.308374757920e-02
-4.373491533057e+00,8.746200586908e+00,7.591420299796e-02
-4.373399861942e+00,7.923073385668e+00,8.520316843450e-02
-4.373256897016e+00,1.724558899392e+00,9.308311270704e-02
-4.373131201047e+00,2.529624307602e+00,9.308326289989e-02
-4.373033077827e+00,8.339721158190e+00,8.179926260813e-02
-4.372995002026e+00,4.866766228678e+00,9.255854217446e-02
-4.372886467666e+00,3.686047658173e+00,9.308341381155e-02
-4.372874797090e+00,6.229225943417e+00,9.085353251786e-02
-4.372790366162e+00,5.276960299484e+00,9.215549315198e-02
-4.372734127535e+00,3.860539257003e+00,9.308332389550e-02
-4.372638749584e+00,1.177114421807e+00,9.308227798301e-02
-4.372524533941e+00,7.630986209223e+00,8.681509911571e-02
-4.372406360059e+00,2.272003376975e+00,9.308241832866e-02
-4.372299596467e+00,6.102966729321e+00,9.106609686240e-02
-4.372018281829e+00,8.547248952977e+00,7.927292835461e-02
-4.371941177639e+00,5.601190367844e+00,9.178045890935e-02
-4.371933335892e+00,6.358496605938e+00,9.062161645037e-02
-4.371884678861e+00,4.833984508240e+00,9.258879294686e-02
-4.371600419561e+00,6.785173546227e+00,8.970856904476e-02
-4.371508835960e+00,8.945990331617e+00,7.106248939181e-02
-4.371506921124e+00,5.318604768187e+00,9.211153740059e-02
-4.371473739336e+00,1.466937968764e+00,9.308116582807e-02
-4.371384730804e+00,4.739019129995e+00,9.267178141707e-02
-4.371335946274e+00,2.014382446348e+00,9.308121353122e-02
-4.371032104081e+00,3.512505525700e+00,9.308144823503e-02
-4.371004673207e+00,5.810402474539e+00,9.150605743850e-02
-4.370849927514e+00,3.307749298137e+00,9.308116053323e-02
-4.370609406851e+00,4.801979487416e+00,9.261814576952e-02
-4.370514451716e+00,4.179294773547e+00,9.308111792704e-02
-4.370440555487e+00,4.035877764208e+00,9.308099582492e-02
-4.370251833097e+00,5.979784800250e+00,9.126151069706e-02
-4.370141017575e+00,4.434940519849e+00,9.291672197299e-02
-4.370099235805e+00,3.077068785188e+00,9.308029631503e-02
-4.370090315902e+00,4.546964122324e+00,9.283036011961e-02
-4.370087138712e+00,2.819447854559e+00,9.308019367977e-02
-4.369990578267e+00,5.360948670705e+00,9.206620773145e-02
-4.369919959691e+00,1.756761515720e+00,9.307964803032e-02
-4.369729468822e+00,2.561826923931e+00,9.307973088031e-02
-4.369687324638e+00,7.719810209675e+00,8.638305476773e-02
-4.369431927753e+00,6.490712327664e+00,9.036775323679e-02
-4.369345008859e+00,1.209317038136e+00,9.307885728340e-02
-4.369174666693e+00,4.770756877276e+00,9.264646960063e-02
-4.369026226134e+00,2.304205993303e+00,9.307890773339e-02
-4.368955631506e+00,3.718506206353e+00,9.307933031994e-02
-4.368869715279e+00,5.647778896590e+00,9.172486981112e-02
-4.368802039959e+00,8.014198050068e+00,8.461184271668e-02
-4.368721439870e+00,4.323256784433e+00,9.300027274270e-02
-4.368706827690e+00,6.705062958786e+00,8.990444739989e-02
-4.368704706553e+00,8.222392043337e+00,8.296010089869e-02
-4.368581224124e+00,3.893077124118e+00,9.307900980592e-02
-4.368526498331e+00,4.659284233525e+00,9.274107272243e-02
-4.368236371257e+00,5.403985838554e+00,9.201945339212e-02
-4.368158400311e+00,1.499140585092e+00,9.307772120518e-02
-4.368078393463e+00,9.370359033879e+00,4.691531910120e-02
-4.367977410648e+00,2.046585062676e+00,9.307772391282e-02
-4.367612463075e+00,9.482596628997e+00,3.083706106552e-02
-4.367558185624e+00,9.258347682146e+00,5.678073202807e-02
-4.367319964188e+00,8.635577391644e+00,7.796919493373e-02
-4.367309582080e+00,3.340009846368e+00,9.307748127648e-02
-4.367305330313e+00,3.544871158748e+00,9.307757552114e-02
-4.367175917720e+00,8.834897015315e+00,7.406893074152e-02
-4.366912859064e+00,7.175932380322e+00,8.861707751680e-02
-4.366841320932e+00,7.260798235233e+00,8.833343959292e-02
-4.366776413762e+00,5.859745430565e+00,9.144165199343e-02
-4.366663808188e+00,2.851650470888e+00,9.307663514584e-02
-4.366654306981e+00,3.109271401517e+00,9.307671537872e-02
-4.366583022365e+00,1.788964132049e+00,9.307617894916e-02
-4.366467206350e+00,6.155722042109e+00,9.098692301755e-02
-4.366463812038e+00,7.091859948086e+00,8.888153772680e-02
-4.366352793065e+00,6.283327558906e+00,9.076687932023e-02
-4.366327736597e+00,2.594029540259e+00,9.307619428328e-02
-4.366294937114e+00,7.809363694961e+00,8.591102465891e-02
-4.366243385527e+00,7.346447135393e+00,8.802813138942e-02
-4.366239371949e+00,5.447710072169e+00,9.197122098452e-02
-4.366158203031e+00,9.595053495128e+00,6.608629089490e-06
-4.366054075424e+00,9.146569529979e+00,6.344884330974e-02
-4.366051268133e+00,1.241519654464e+00,9.307543229069e-02
-4.366048207265e+00,4.068480536391e+00,9.307642664049e-02
-4.365953519573e+00,8.433846229987e+00,8.079149409024e-02
-4.365875450269e+00,4.211955206666e+00,9.307629306233e-02
-4.365646092209e+00,2.336408609632e+00,9.307539261623e-02
-4.365530568449e+00,5.695022009965e+00,9.166745270591e-02
-4.365500055632e+00,7.008591278781e+00,8.912865645252e-02
-4.365328108249e+00,6.625806176010e+00,9.008886300640e-02
-4.365113304697e+00,7.432868666519e+00,8.769865148829e-02
-4.365088478688e+00,6.031163080045e+00,9.118897662003e-02
-4.365020180533e+00,3.750961516998e+00,9.307523590814e-02
-4.364982378619e+00,4.467689794575e+00,9.289612696839e-02
-4.364843061285e+00,1.531343201421e+00,9.307427222912e-02
-4.364701526067e+00,6.413913530945e+00,9.052649532407e-02
-4.364662386573e+00,4.579747268535e+00,9.280891589922e-02
-4.364618875023e+00,2.078787679004e+00,9.307422982670e-02
-4.364422001015e+00,3.925610264016e+00,9.307468230242e-02
-4.364027529208e+00,6.926136675034e+00,8.936004593897e-02
-4.363994690533e+00,5.492115141147e+00,9.192145428059e-02
-4.363822693374e+00,4.355962412131e+00,9.298048601449e-02
-4.363768272394e+00,3.372269810352e+00,9.307379604591e-02
-4.363632308056e+00,8.106019170004e+00,8.395618448216e-02
-4.363575729777e+00,3.577234934509e+00,9.307369435114e-02
-4.363568343021e+00,9.035031517108e+00,6.825548298058e-02
-4.363445394570e+00,7.520052377785e+00,8.734247094958e-02
-4.363246085040e+00,1.821166748377e+00,9.307270545308e-02
-4.363240477663e+00,2.883853087216e+00,9.307307196613e-02
-4.363209378156e+00,3.141474017846e+00,9.307312973789e-02
-4.362926004372e+00,2.626232156588e+00,9.307265309769e-02
-4.362820145683e+00,4.692091215489e+00,9.271874705635e-02
-4.362757527408e+00,1.273722270793e+00,9.307200299478e-02
-4.362341951597e+00,7.899636068884e+00,8.539206041267e-02
-4.362294693146e+00,8.315714546632e+00,8.210853715090e-02
-4.362265958284e+00,2.368611225960e+00,9.307187296631e-02
-4.362261133395e+00,5.909716214699e+00,9.137504048860e-02
-4.362101409817e+00,5.063417732653e+00,9.238414680985e-02
-4.362052235517e+00,6.844506401451e+00,8.957712724686e-02
-4.362050309620e+00,5.026289247728e+00,9.242014545415e-02
-4.361962491945e+00,5.156250165000e-01,9.307107589199e-02
-4.361962491945e+00,5.468750175001e-01,9.307107589199e-02
-4.361962491945e+00,5.781250185002e-01,9.307107589199e-02
-4.361962491945e+00,6.718750215004e-01,9.307107589199e-02
-4.361962491945e+00,9.218750295001e-01,9.307107589199e-02
-4.361962491945e+00,1.562500050003e-02,9.310087637455e-02
-4.361962491945e+00,7.812500250013e-02,9.309393852533e-02
-4.361962491945e+00,1.093750035002e-01,9.309080724374e-02
-4.361962491945e+00,1.406250045003e-01,9.308790276583e-02
-4.361962491945e+00,1.718750055004e-01,9.308522626462e-02
-4.361962491945e+00,2.031250065004e-01,9.308277882479e-02
-4.361962491945e+00,2.343750075005e-01,9.308056144131e-02
-4.361962491945e+00,2.656250085006e-01,9.307857501822e-02
-4.361962491945e+00,2.968750095005e-01,9.307682036750e-02
-4.361962491945e+00,3.281250105004e-01,9.307529820804e-02
-4.361962491945e+00,3.593750115004e-01,9.307400916472e-02
-4.361962491945e+00,3.906250125003e-01,9.307295376764e-02
-4.361962491945e+00,4.218750135002e-01,9.307213245145e-02
-4.361962491945e+00,4.531250145001e-01,9.307154555478e-02
-4.361962491945e+00,4.843750155000e-01,9.307119331981e-02
-4.361962491945e+00,6.406250205003e-01,9.307107589199e-02
-4.361962491945e+00,7.031250225005e-01,9.307107589199e-02
-4.361962491945e+00,7.343750235005e-01,9.307107589199e-02
-4.361962491945e+00,7.656250245005e-01,9.307107589199e-02
-4.361962491945e+00,7.968750255004e-01,9.307107589199e-02
-4.361962491945e+00,8.281250265003e-01,9.307107589199e-02
-4.361962491945e+00,8.593750275002e-01,9.307107589199e-02
-4.361962491945e+00,8.906250285002e-01,9.307107589199e-02
-4.361962491945e+00,9.531250305001e-01,9.307107589199e-02
-4.361962491945e+00,9.843750315000e-01,9.307107589199e-02
-4.361962491945e+00,4.687500150008e-02,9.309729535069e-02
-4.361962491945e+00,6.093750195002e-01,9.307107589199e-02
-4.361951091448e+00,5.101282971230e+00,9.234701692239e-02
-4.361919046530e+00,5.742913322870e+00,9.160813180940e-02
-4.361868205520e+00,8.724064022700e+00,7.646702334833e-02
-4.361803023583e+00,4.989903457292e+00,9.245498252648e-02
-4.361647922601e+00,4.101076986069e+00,9.307184154493e-02
-4.361594158612e+00,5.139878990023e+00,9.230874906016e-02
-4.361527722260e+00,1.563545817749e+00,9.307081888960e-02
-4.361497475698e+00,5.537194784493e+00,9.187009402372e-02
-4.361470509808e+00,6.547413310538e+00,9.026299288577e-02
-4.361364821046e+00,4.954266269396e+00,9.248878631835e-02
-4.361260339398e+00,2.110990295333e+00,9.307073126217e-02
-4.361234035692e+00,7.607987782238e+00,8.695630170322e-02
-4.361226939909e+00,4.244607678205e+00,9.306209763850e-02
-4.361080134555e+00,3.783413562056e+00,9.307113055753e-02
-4.361025452456e+00,5.179199783191e+00,9.226930428697e-02
-4.360741007790e+00,4.919383559067e+00,9.252158942774e-02
-4.360326420733e+00,1.016101340164e+00,9.306937034266e-02
-4.360323989811e+00,6.209070255434e+00,9.090485037180e-02
-4.360256487129e+00,3.958138638282e+00,9.307034136243e-02
-4.360239851335e+00,5.219239312720e+00,9.222864181844e-02
-4.360226002034e+00,3.404529184225e+00,9.307010482861e-02
-4.360178270388e+00,8.525227716829e+00,7.967003864412e-02
-4.360103312875e+00,8.923740566499e+00,7.188335570697e-02
-4.359936925864e+00,4.885261168089e+00,9.255338921535e-02
-4.359909147715e+00,1.853369364706e+00,9.306922753158e-02
-4.359843313842e+00,3.609596835795e+00,9.306980470939e-02
-4.359817147138e+00,2.916055703545e+00,9.306950412928e-02
-4.359811247608e+00,4.500427669660e+00,9.287511769715e-02
-4.359764449332e+00,3.173676634174e+00,9.306953938096e-02
-4.359623846252e+00,6.083148535036e+00,9.111386403207e-02
-4.359580240400e+00,6.763710684302e+00,8.978115748550e-02
-4.359524272147e+00,2.658434772916e+00,9.306910731241e-02
-4.359510597075e+00,6.338007675586e+00,9.067695071161e-02
-4.359463786682e+00,1.305924887121e+00,9.306856938557e-02
-4.359232271018e+00,5.259991508631e+00,9.218668857210e-02
-4.359220538058e+00,4.612517238575e+00,9.278704036695e-02
-4.358957953367e+00,4.851904904799e+00,9.258413692405e-02
-4.358912941678e+00,4.388658359653e+00,9.296031050071e-02
-4.358885824359e+00,2.400813842289e+00,9.306834877267e-02
-4.358742914814e+00,5.582942710834e+00,9.181707771469e-02
-4.358473673096e+00,7.696664357267e+00,8.653630170024e-02
-4.358212383234e+00,1.595748434078e+00,9.306736117630e-02
-4.358030498282e+00,5.791446420779e+00,9.154682690124e-02
-4.357997664854e+00,5.301450269214e+00,9.214336567511e-02
-4.357901803773e+00,2.143192911661e+00,9.306722820850e-02
-4.357885448305e+00,8.198526043452e+00,8.322537169850e-02
-4.357823013565e+00,7.990616700661e+00,8.481977092515e-02
-4.357809504260e+00,4.819320543889e+00,9.261397215419e-02
-4.357454304958e+00,5.960308321676e+00,9.130612442017e-02
-4.357239740162e+00,4.133667065009e+00,9.306724051145e-02
-4.357140343170e+00,6.469894435212e+00,9.042765324076e-02
-4.357135513552e+00,3.815862313590e+00,9.306701424958e-02
-4.357111757492e+00,9.347889291621e+00,4.979983349171e-02
-4.357098508028e+00,4.724883189294e+00,9.269595939168e-02
-4.357054278307e+00,1.048303956493e+00,9.306595604444e-02
-4.356756216544e+00,9.460073238646e+00,3.573619148216e-02
-4.356682774613e+00,3.436787962146e+00,9.306640761166e-02
-4.356617672655e+00,6.683759711091e+00,8.997306623382e-02
-4.356572210390e+00,1.885571981034e+00,9.306574517410e-02
-4.356568969306e+00,4.277252130395e+00,9.304273160464e-02
-4.356531023913e+00,5.343609461282e+00,9.209869319473e-02
-4.356497028165e+00,4.787513826185e+00,9.264292258394e-02
-4.356481424647e+00,9.235932127765e+00,5.867853440267e-02
-4.356393816614e+00,2.948258319874e+00,9.306593162391e-02
-4.356319520507e+00,3.205879250503e+00,9.306594429635e-02
-4.356170045956e+00,1.338127503450e+00,9.306513145292e-02
-4.356122539923e+00,2.690637389245e+00,9.306555691626e-02
-4.356108093979e+00,3.641956845490e+00,9.306590658030e-02
-4.356084711617e+00,3.990662208674e+00,9.306598696350e-02
-4.355726234152e+00,5.629352598611e+00,9.176233938066e-02
-4.355661353641e+00,8.812703584074e+00,7.471773288794e-02
-4.355588153332e+00,8.613498226260e+00,7.842381982774e-02
-4.355505690434e+00,2.433016458617e+00,9.306482002436e-02
-4.355412607734e+00,9.572476997756e+00,1.008894171144e-02
-4.355296661013e+00,8.409700153210e+00,8.114350152101e-02
-4.355250384067e+00,7.238400723212e+00,8.843591071494e-02
-4.355248575648e+00,7.153687884049e+00,8.871300780211e-02
-4.355158816627e+00,7.786071544894e+00,8.607795446803e-02
-4.355026010167e+00,4.756490458452e+00,9.267086002909e-02
-4.354897044209e+00,1.627951050406e+00,9.306389907886e-02
-4.354867456506e+00,9.124208701958e+00,6.479111150795e-02
-4.354827377204e+00,5.386462920362e+00,9.205262165994e-02
-4.354726897678e+00,7.069769575754e+00,8.897155486352e-02
-4.354726505650e+00,7.323897719141e+00,8.813815781808e-02
-4.354627694211e+00,4.533154069226e+00,9.285390570619e-02
-4.354543268148e+00,2.175395527990e+00,9.306372065491e-02
-4.353992243958e+00,4.421344560137e+00,9.293994180942e-02
-4.353865631804e+00,6.263004716505e+00,9.081973542264e-02
-4.353860311924e+00,5.840614860035e+00,9.148345299482e-02
-4.353853534438e+00,6.135734571383e+00,9.103605072260e-02
-4.353782135881e+00,1.080506572821e+00,9.306253747185e-02
-4.353764850885e+00,4.645273947889e+00,9.276495284658e-02
-4.353691231093e+00,6.986656135238e+00,8.921331139876e-02
-4.353671187056e+00,7.410168460850e+00,8.781682908259e-02
-4.353235273064e+00,1.917774597362e+00,9.306225837008e-02
-4.353186337679e+00,3.848307743787e+00,9.306288696582e-02
-4.353170723648e+00,6.604663630301e+00,9.015398099267e-02
-4.353138593778e+00,3.469046138295e+00,9.306270438213e-02
-4.352970486089e+00,2.980460936202e+00,9.306235443860e-02
-4.352881791903e+00,5.430004450877e+00,9.200509903765e-02
-4.352876305231e+00,1.370330119778e+00,9.306168918665e-02
-4.352874591683e+00,3.238081866832e+00,9.306234447242e-02
-4.352823698907e+00,4.166250725212e+00,9.306262351336e-02
-4.352732834130e+00,8.082294925196e+00,8.418621479461e-02
-4.352720807698e+00,2.722840005573e+00,9.306200189805e-02
-4.352442699066e+00,5.676418096304e+00,9.170580932546e-02
-4.352370081764e+00,3.674314946546e+00,9.306199961569e-02
-4.352351441426e+00,6.011515217711e+00,9.123479912478e-02
-4.352343981140e+00,6.393259582715e+00,9.058357717561e-02
-4.352272135860e+00,9.012725952617e+00,6.925438522611e-02
-4.352147520395e+00,6.904357861755e+00,8.943982421747e-02
-4.352125556509e+00,2.465219074946e+00,9.306128671037e-02
-4.352078739211e+00,7.497202500788e+00,8.746976959051e-02
-4.351906703861e+00,4.023180937138e+00,9.306161908332e-02
-4.351901587486e+00,4.309888505755e+00,9.302317550639e-02
-4.351581705183e+00,1.660153666735e+00,9.306043258690e-02
-4.351556308465e+00,8.291707935073e+00,8.240604569901e-02
-4.351284041252e+00,7.876198752101e+00,8.557528295360e-02
-4.351184732523e+00,2.207598144318e+00,9.306020859061e-02
-4.350689373507e+00,5.474227826393e+00,9.195607055482e-02
-4.350509993455e+00,1.112709189150e+00,9.305911461488e-02
-4.350244877983e+00,8.701927458492e+00,7.699252461609e-02
-4.350101773460e+00,6.822885016517e+00,8.965245831104e-02
-4.349943537444e+00,7.584989355254e+00,8.709384928248e-02
-4.349898335739e+00,1.949977213691e+00,9.305876710891e-02
-4.349593463216e+00,3.501303706874e+00,9.305899512706e-02
-4.349582564505e+00,1.402532736107e+00,9.305824257656e-02
-4.349547155564e+00,3.012663552531e+00,9.305877256190e-02
-4.349431788571e+00,4.565868917804e+00,9.283250008981e-02
-4.349429662858e+00,3.270284483160e+00,9.305873989749e-02
-4.349403915439e+00,5.890412167975e+00,9.141791997847e-02
-4.349319075473e+00,2.755042621902e+00,9.305844224653e-02
-4.349245647009e+00,6.526432551081e+00,9.032488866056e-02
-4.349232627250e+00,3.880749824963e+00,9.305874868790e-02
-4.349060659800e+00,4.454020947076e+00,9.291938209991e-02
-4.348887614149e+00,5.724132822671e+00,9.164741385942e-02
-4.348745422584e+00,2.497421691274e+00,9.305774881967e-02
-4.348697789790e+00,8.901490801380e+00,7.265532335939e-02
-4.348629288878e+00,3.706671121985e+00,9.305808325640e-02
-4.348399838092e+00,4.198827918914e+00,9.305799052415e-02
-4.348338258946e+00,8.503206480682e+00,8.005017599892e-02
-4.348312227655e+00,5.047392305571e+00,9.241225093960e-02
-4.348295406098e+00,4.678017312418e+00,9.274266935124e-02
-4.348266366158e+00,1.692356283063e+00,9.305696168999e-02
-4.348245265989e+00,5.519126789858e+00,9.190547850705e-02
-4.348217563606e+00,5.010455429354e+00,9.244776351540e-02
-4.348206363733e+00,5.085066908593e+00,9.237563948232e-02
-4.347927608837e+00,4.974262216619e+00,9.248211727579e-02
-4.347894771396e+00,5.123473269124e+00,9.233790863197e-02
-4.347826196898e+00,2.239800760647e+00,9.305669200475e-02
-4.347773182532e+00,6.188914567451e+00,9.095540643131e-02
-4.347722493471e+00,4.055694785797e+00,9.305723769965e-02
-4.347560061239e+00,6.742247822376e+00,8.985238153139e-02
-4.347447637193e+00,4.938818571236e+00,9.251545389376e-02
-4.347372287227e+00,5.162605385441e+00,9.229902037307e-02
-4.347260021554e+00,7.673518504859e+00,8.668541740843e-02
-4.347237851029e+00,1.144911805478e+00,9.305568746353e-02
-4.347224843839e+00,4.342516747088e+00,9.300343118024e-02
-4.347087858257e+00,6.317518745233e+00,9.073142484918e-02
-4.347066190057e+00,8.174660043567e+00,8.348125887677e-02
-4.346948096037e+00,6.063330340751e+00,9.116095329577e-02
-4.346843987171e+00,7.967035351255e+00,8.502115801105e-02
-4.346782958942e+00,4.904130364030e+00,9.254780523645e-02
-4.346633784997e+00,5.202457223626e+00,9.225893489855e-02
-4.346561398414e+00,1.982179830019e+00,9.305527137994e-02
-4.346288823780e+00,1.434735352435e+00,9.305479161241e-02
-4.346145121521e+00,9.325419549363e+00,5.237581219161e-02
-4.346123825040e+00,3.044866168860e+00,9.305518598232e-02
-4.346047386643e+00,3.533560662109e+00,9.305527983354e-02
-4.345984734034e+00,3.302487099489e+00,9.305513055985e-02
-4.345938920598e+00,4.870203432560e+00,9.257917582264e-02
-4.345917343248e+00,2.787245238230e+00,9.305487795042e-02
-4.345899970013e+00,9.437549848296e+00,3.996931306374e-02
-4.345674175874e+00,5.243022717779e+00,9.221755538056e-02
-4.345544651988e+00,5.564695053824e+00,9.185326205225e-02
-4.345404663669e+00,9.213516573384e+00,6.040896023136e-02
-4.345365288659e+00,2.529624307602e+00,9.305420634120e-02
-4.345274402751e+00,3.913188529556e+00,9.305459939756e-02
-4.345056323356e+00,5.772490367020e+00,9.158707500687e-02
-4.344951027132e+00,1.724558899392e+00,9.305348637768e-02
-4.344920904709e+00,4.837043580921e+00,9.260950139473e-02
-4.344885727105e+00,3.739025354904e+00,9.305415837288e-02
-4.344848758586e+00,6.449076542761e+00,9.048657713304e-02
-4.344667012436e+00,9.549900500384e+00,1.829558478883e-02
-4.344656776820e+00,5.940831843102e+00,9.135013222523e-02
-4.344639802453e+00,8.385554076433e+00,8.148115471785e-02
-4.344528517620e+00,6.662456463396e+00,9.004047626937e-02
-4.344488408584e+00,5.284295770241e+00,9.217485344737e-02
-4.344467661273e+00,2.272003376975e+00,9.305317088648e-02
-4.344223601295e+00,4.598572140349e+00,9.281067581681e-02
-4.344146789562e+00,8.790510152833e+00,7.533194975906e-02
-4.344118249194e+00,4.486687454327e+00,9.289842667357e-02
-4.344022696140e+00,7.762779394828e+00,8.624019078748e-02
-4.343968197257e+00,4.231398598598e+00,9.305334151743e-02
-4.343965708604e+00,1.177114421807e+00,9.305225600771e-02
-4.343856342475e+00,8.591419060875e+00,7.885796614120e-02
-4.343734329659e+00,4.804656579538e+00,9.263892793274e-02
-4.343680837588e+00,9.101847873938e+00,6.603263788325e-02
-4.343659447202e+00,7.216003211192e+00,8.853613536918e-02
-4.343584292232e+00,7.131443387776e+00,8.880690570863e-02
-4.343532110294e+00,4.088203716954e+00,9.305284279043e-02
-4.343224461089e+00,2.014382446348e+00,9.305177117252e-02
-4.343209625772e+00,7.301348302889e+00,8.824549266807e-02
-4.343071469559e+00,5.326270251859e+00,9.213082566099e-02
-4.342995083054e+00,1.466937968764e+00,9.305133628394e-02
-4.342989983318e+00,7.047679203423e+00,8.905972748617e-02
-4.342812285252e+00,4.710747248593e+00,9.271992995855e-02
-4.342700494515e+00,3.077068785188e+00,9.305159468833e-02
-4.342582753025e+00,5.610926300633e+00,9.179935698814e-02
-4.342539805209e+00,3.334689715818e+00,9.305151644776e-02
-4.342538788101e+00,4.375136797503e+00,9.298330157002e-02
-4.342515611023e+00,2.819447854559e+00,9.305130899841e-02
-4.342500367815e+00,3.565816998248e+00,9.305155848860e-02
-4.342384649479e+00,4.773048164954e+00,9.266748253077e-02
-4.342229069414e+00,7.387468255182e+00,8.793220817107e-02
-4.341985154734e+00,2.561826923931e+00,9.305065926384e-02
-4.341882406554e+00,6.964720991695e+00,8.929628735275e-02
-4.341833360204e+00,8.058570680388e+00,8.440864433373e-02
-4.341635688107e+00,1.756761515720e+00,9.305000663950e-02
-4.341418383150e+00,5.368940002170e+00,9.208542379338e-02
-4.341378470543e+00,6.242681874104e+00,9.087179218516e-02
-4.341311684839e+00,3.945623830125e+00,9.305043907662e-02
-4.341239862526e+00,6.115747100656e+00,9.108446845452e-02
-4.341139408328e+00,3.771377628470e+00,9.305022494991e-02
-4.341109125647e+00,2.304205993303e+00,9.304964522489e-02
-4.341013339047e+00,6.583521084592e+00,9.021798510463e-02
-4.340975928699e+00,8.990420388126e+00,7.018801946815e-02
-4.340944210087e+00,5.821484289504e+00,9.152471018873e-02
-4.340877353640e+00,4.742224039628e+00,9.269503980035e-02
-4.340817923784e+00,8.267701323514e+00,8.269243642189e-02
-4.340712083852e+00,7.474352623792e+00,8.759393799969e-02
-4.340693566178e+00,1.209317038136e+00,9.304882023735e-02
-4.340267511581e+00,6.882579048476e+00,8.951806989720e-02
-4.340226130907e+00,7.852761435317e+00,8.575308466023e-02
-4.339986436213e+00,6.372605634485e+00,9.063975467330e-02
-4.339887523763e+00,2.046585062676e+00,9.304826647593e-02
-4.339701342328e+00,1.499140585092e+00,9.304787658085e-02
-4.339614404165e+00,5.991867355377e+00,9.127998816769e-02
-4.339528816222e+00,4.263962716994e+00,9.304867646696e-02
-4.339524211858e+00,5.412298829585e+00,9.203859713500e-02
-4.339354829683e+00,5.657814182643e+00,9.174369551185e-02
-4.339335584402e+00,4.120707693091e+00,9.304843433369e-02
-4.339277163990e+00,3.109271401517e+00,9.304799866838e-02
-4.339165072519e+00,4.519344016128e+00,9.287725254456e-02
-4.339113878799e+00,2.851650470888e+00,9.304773537916e-02
-4.339094876385e+00,3.366892332146e+00,9.304789754944e-02
-4.339003203440e+00,4.631263662252e+00,9.278862965409e-02
-4.338952410520e+00,3.598072709563e+00,9.304783107929e-02
-4.338653039195e+00,7.561990928270e+00,8.722788053039e-02
-4.338621550446e+00,8.679790894285e+00,7.749267263000e-02
-4.338605020809e+00,2.594029540259e+00,9.304710757646e-02
-4.338320349082e+00,1.788964132049e+00,9.304652246493e-02
-4.338151311404e+00,6.801263631583e+00,8.972638671845e-02
-4.337843470341e+00,4.407748600424e+00,9.296296749604e-02
-4.337750590022e+00,2.336408609632e+00,9.304611500904e-02
-4.337421423752e+00,1.241519654464e+00,9.304538014234e-02
-4.337390344537e+00,3.803727925922e+00,9.304628297235e-02
-4.337384056481e+00,5.456340511638e+00,9.199029232322e-02
-4.337344494338e+00,3.978055699356e+00,9.304626770699e-02
-4.337292266705e+00,8.879241036261e+00,7.338261860810e-02
-4.337130910608e+00,8.480053666352e+00,8.042473291428e-02
-4.337020784209e+00,6.505451791624e+00,9.038575587018e-02
-4.336550586438e+00,2.078787679004e+00,9.304475727942e-02
-4.336546697483e+00,5.871108121250e+00,9.146023187799e-02
-4.336407601603e+00,1.531343201421e+00,9.304441249281e-02
-4.336246931808e+00,8.150794043682e+00,8.372824444806e-02
-4.336046370011e+00,7.650372652451e+00,8.683056474778e-02
-4.335864960777e+00,7.943454001848e+00,8.521630407093e-02
-4.335856181769e+00,5.705352322471e+00,9.168620596001e-02
-4.335853833466e+00,3.141474017846e+00,9.304439791085e-02
-4.335712146574e+00,2.883853087216e+00,9.304415708128e-02
-4.335649947560e+00,3.399094948475e+00,9.304427385305e-02
-4.335539882078e+00,6.720784960451e+00,8.992221876462e-02
-4.335403518583e+00,3.630327790347e+00,9.304409759266e-02
-4.335224886884e+00,2.626232156588e+00,9.304355126789e-02
-4.335222375253e+00,6.168758879469e+00,9.100521837204e-02
-4.335178485550e+00,9.302949807106e+00,5.469018450140e-02
-4.335132946099e+00,4.153206676877e+00,9.304401230759e-02
-4.335081735101e+00,4.296520227076e+00,9.304399534663e-02
-4.335043723482e+00,9.415026457946e+00,4.366349435142e-02
-4.335005010056e+00,1.821166748377e+00,9.304303384342e-02
-4.334993056280e+00,5.501058795224e+00,9.194045315768e-02
-4.334665119440e+00,6.297029814881e+00,9.078505957044e-02
-4.334523045494e+00,5.031366878488e+00,9.244008199784e-02
-4.334461636019e+00,5.068850845956e+00,9.240397980303e-02
-4.334392054397e+00,2.368611225960e+00,9.304258022797e-02
-4.334384817592e+00,4.994621610979e+00,9.247511682438e-02
-4.334327902692e+00,9.191101019003e+00,6.199317662171e-02
-4.334272345821e+00,6.043512146466e+00,9.120737983446e-02
-4.334201190568e+00,4.551990567073e+00,9.285588515312e-02
-4.334195384181e+00,5.107067548225e+00,9.236677635894e-02
-4.334149281326e+00,1.273722270793e+00,9.304193571251e-02
-4.334052194091e+00,4.958620975946e+00,9.250899564303e-02
-4.333982943894e+00,8.361407999655e+00,8.180424291843e-02
-4.333921417138e+00,9.527324003013e+00,2.510157363174e-02
-4.333770666513e+00,4.663943409346e+00,9.276638793048e-02
-4.333719121998e+00,5.146010987690e+00,9.232843454450e-02
-4.333638547823e+00,3.836076230571e+00,9.304233242510e-02
-4.333530453340e+00,4.923370873077e+00,9.254187308727e-02
-4.333372852234e+00,4.010484110067e+00,9.304208527070e-02
-4.333213649113e+00,2.110990295333e+00,9.304124357224e-02
-4.333170660316e+00,1.562500050003e-02,9.307113363227e-02
-4.333170660316e+00,4.687500150008e-02,9.306748947801e-02
-4.333170660316e+00,7.812500250013e-02,9.306407336966e-02
-4.333170660316e+00,1.093750035002e-01,9.306088669657e-02
-4.333170660316e+00,1.406250045003e-01,9.305793076005e-02
-4.333170660316e+00,1.718750055004e-01,9.305520677173e-02
-4.333170660316e+00,2.031250065004e-01,9.305271585209e-02
-4.333170660316e+00,2.343750075005e-01,9.305045902900e-02
-4.333170660316e+00,2.656250085006e-01,9.304843723643e-02
-4.333170660316e+00,2.968750095005e-01,9.304665131332e-02
-4.333170660316e+00,3.281250105004e-01,9.304510200241e-02
-4.333170660316e+00,3.593750115004e-01,9.304378994939e-02
-4.333170660316e+00,3.906250125003e-01,9.304271570201e-02
-4.333170660316e+00,4.218750135002e-01,9.304187970940e-02
-4.333170660316e+00,4.531250145001e-01,9.304128232148e-02
-4.333170660316e+00,4.843750155000e-01,9.304092378854e-02
-4.333170660316e+00,5.156250165000e-01,9.304080426085e-02
-4.333170660316e+00,5.468750175001e-01,9.304080426085e-02
-4.333170660316e+00,6.406250205003e-01,9.304080426085e-02
-4.333170660316e+00,6.718750215004e-01,9.304080426085e-02
-4.333170660316e+00,7.031250225005e-01,9.304080426085e-02
-4.333170660316e+00,7.343750235005e-01,9.304080426085e-02
-4.333170660316e+00,7.656250245005e-01,9.304080426085e-02
-4.333170660316e+00,7.968750255004e-01,9.304080426085e-02
-4.333170660316e+00,8.281250265002e-01,9.304080426085e-02
-4.333170660316e+00,8.593750275002e-01,9.304080426085e-02
-4.333170660316e+00,8.906250285002e-01,9.304080426085e-02
-4.333170660316e+00,9.218750295001e-01,9.304080426085e-02
-4.333170660316e+00,9.531250305001e-01,9.304080426085e-02
-4.333170660316e+00,9.843750315000e-01,9.304080426085e-02
-4.333170660316e+00,5.781250185002e-01,9.304080426085e-02
-4.333170660316e+00,6.093750195002e-01,9.304080426085e-02
-4.333138940980e+00,4.440352099577e+00,9.294244272247e-02
-4.333113860877e+00,1.563545817749e+00,9.304094400946e-02
-4.333027718660e+00,5.185675134532e+00,9.228891550184e-02
-4.332886575653e+00,7.739487244761e+00,8.639792614302e-02
-4.332824910094e+00,4.888877168993e+00,9.257378031352e-02
-4.332632225483e+00,8.768316721592e+00,7.591426231145e-02
-4.332557174002e+00,6.428258650309e+00,9.054454933484e-02
-4.332494218670e+00,9.079487045917e+00,6.718432533931e-02
-4.332439362586e+00,6.641153215701e+00,9.010670977204e-02
-4.332430502941e+00,3.173676634174e+00,9.304079240412e-02
-4.332346389162e+00,5.546447396814e+00,9.188902040147e-02
-4.332310414349e+00,2.916055703545e+00,9.304057409335e-02
-4.332205018736e+00,3.431297564804e+00,9.304064534675e-02
-4.332124531618e+00,8.569339895491e+00,7.927297901364e-02
-4.332116080729e+00,5.226053926926e+00,9.224809944014e-02
-4.332082148431e+00,5.753534313260e+00,9.162681252735e-02
-4.332068510337e+00,7.193605699171e+00,8.863418639923e-02
-4.331940915332e+00,4.855145697031e+00,9.260472879835e-02
-4.331920008816e+00,7.109198891503e+00,8.889883514096e-02
-4.331859248681e+00,5.921355364529e+00,9.139354722511e-02
-4.331853695862e+00,3.662582234918e+00,9.304035801574e-02
-4.331844752959e+00,2.658434772916e+00,9.303999032691e-02
-4.331692745894e+00,7.278798886637e+00,8.835032315451e-02
-4.331689671031e+00,1.853369364706e+00,9.303954076440e-02
-4.331545388253e+00,1.016101340164e+00,9.303909112795e-02
-4.331253068958e+00,7.025588831091e+00,8.914611189115e-02
-4.331033518772e+00,2.400813842289e+00,9.303904087066e-02
-4.330979152314e+00,5.267141271268e+00,9.220600686406e-02
-4.330933886278e+00,8.034846435580e+00,8.462383871498e-02
-4.330924225915e+00,4.185700631163e+00,9.303957669041e-02
-4.330883856050e+00,4.822182257042e+00,9.263463923461e-02
-4.330877138901e+00,1.305924887121e+00,9.303848693769e-02
-4.330786951773e+00,7.364768049513e+00,8.804488647763e-02
-4.330626994304e+00,4.329071082044e+00,9.302617628454e-02
-4.330079539103e+00,8.243694711955e+00,8.296831137719e-02
-4.330073582015e+00,6.942785848151e+00,8.937763410341e-02
-4.329884030375e+00,3.868422525808e+00,9.303837329310e-02
-4.329876711787e+00,2.143192911661e+00,9.303772534358e-02
-4.329820120152e+00,1.595748434078e+00,9.303747112040e-02
-4.329679721538e+00,8.968114823635e+00,7.106255947708e-02
-4.329659155058e+00,4.789992615187e+00,9.266366378423e-02
-4.329611915205e+00,5.308931042435e+00,9.216261157844e-02
-4.329439271897e+00,5.592500002654e+00,9.183593156668e-02
-4.329396779677e+00,4.042909035204e+00,9.303789174985e-02
-4.329345428493e+00,7.451502746796e+00,8.771508937922e-02
-4.329226664532e+00,4.584627042122e+00,9.283411145825e-02
-4.329168220562e+00,7.829324118534e+00,8.592517570178e-02
-4.329007172416e+00,3.205879250503e+00,9.303718213651e-02
-4.328908682124e+00,2.948258319874e+00,9.303698640391e-02
-4.328891309283e+00,6.222359031702e+00,9.092306843502e-02
-4.328855954445e+00,6.562378538883e+00,9.028090435256e-02
-4.328760089911e+00,3.463500181132e+00,9.303701201863e-02
-4.328626190614e+00,6.095759629930e+00,9.113219234383e-02
-4.328526062475e+00,4.696611307892e+00,9.274369628746e-02
-4.328464619034e+00,2.690637389245e+00,9.303642474228e-02
-4.328425250779e+00,4.472947238994e+00,9.292154032213e-02
-4.328387502768e+00,6.860800235196e+00,8.959482717497e-02
-4.328374332005e+00,1.885571981034e+00,9.303604321724e-02
-4.328302946250e+00,3.694836037617e+00,9.303661233556e-02
-4.328294844127e+00,1.048303956493e+00,9.303566163896e-02
-4.328272270793e+00,4.758582503724e+00,9.269182897276e-02
-4.328028108249e+00,5.802353718973e+00,9.156543337790e-02
-4.328009389097e+00,5.351417083977e+00,9.211786656108e-02
-4.327674983147e+00,2.433016458617e+00,9.303549692609e-02
-4.327628891286e+00,6.351951686254e+00,9.069504993191e-02
-4.327604996475e+00,1.338127503450e+00,9.303503380766e-02
-4.327362540946e+00,7.538992501285e+00,8.735852731954e-02
-4.326998222910e+00,8.657654330077e+00,7.796924919640e-02
-4.326877366904e+00,5.972219493042e+00,9.132455765030e-02
-4.326728697114e+00,4.727957620804e+00,9.271901214729e-02
-4.326709454604e+00,4.218189518990e+00,9.303512746058e-02
-4.326556225374e+00,8.455769273841e+00,8.079345101254e-02
-4.326539774462e+00,2.175395527990e+00,9.303420258259e-02
-4.326526379426e+00,1.627951050406e+00,9.303399381521e-02
-4.326266960300e+00,5.639210268982e+00,9.178112068297e-02
-4.326200849347e+00,6.779642246649e+00,8.979892805907e-02
-4.326166631812e+00,5.394593208293e+00,9.207172238605e-02
-4.326164634523e+00,4.361615235353e+00,9.300610181813e-02
-4.326126804486e+00,3.900766795096e+00,9.303440556135e-02
-4.325886743621e+00,8.856991271142e+00,7.406899453602e-02
-4.325583841892e+00,3.238081866832e+00,9.303356709630e-02
-4.325506949899e+00,2.980460936202e+00,9.303339400148e-02
-4.325427673560e+00,8.126928043798e+00,8.396677837143e-02
-4.325416297986e+00,4.075330447838e+00,9.303368712663e-02
-4.325315161087e+00,3.495702797461e+00,9.303337385675e-02
-4.325084485109e+00,2.722840005573e+00,9.303285450273e-02
-4.325058992980e+00,1.917774597362e+00,9.303254119130e-02
-4.325044300001e+00,1.080506572821e+00,9.303222784399e-02
-4.324885934383e+00,7.919872652441e+00,8.540549133404e-02
-4.324832718469e+00,7.627226800043e+00,8.697189827214e-02
-4.324795921410e+00,6.484471032168e+00,9.044562067056e-02
-4.324751273676e+00,3.727089192809e+00,9.303286053914e-02
-4.324332854049e+00,1.370330119778e+00,9.303157631220e-02
-4.324316447522e+00,2.465219074946e+00,9.303194838318e-02
-4.324241555995e+00,4.617253376616e+00,9.281210625108e-02
-4.324211849579e+00,9.280480064848e+00,5.678082196003e-02
-4.324187476951e+00,9.392503067596e+00,4.691541260371e-02
-4.324078739454e+00,5.438453196884e+00,9.202412705805e-02
-4.323702450828e+00,4.505533963030e+00,9.290040367305e-02
-4.323689479526e+00,5.851804074526e+00,9.150196897594e-02
-4.323519702917e+00,6.699322098525e+00,8.999081200195e-02
-4.323326085334e+00,8.337261922878e+00,8.211441144363e-02
-4.323251141714e+00,9.168685464622e+00,6.344892623257e-02
-4.323232638700e+00,1.660153666735e+00,9.303051208344e-02
-4.323202837137e+00,2.207598144318e+00,9.303067527840e-02
-4.323175821841e+00,9.504747505641e+00,3.083714306367e-02
-4.322824749388e+00,5.686571822272e+00,9.172451804741e-02
-4.322671567973e+00,6.148603191486e+00,9.105430335012e-02
-4.322488663138e+00,4.250673303594e+00,9.303066459663e-02
-4.322366882550e+00,3.933109021968e+00,9.303042921490e-02
-4.322242380622e+00,6.276540884528e+00,9.083787495016e-02
-4.322160511367e+00,3.270284483160e+00,9.302994727176e-02
-4.322105217674e+00,3.012663552531e+00,9.302979687452e-02
-4.321870232262e+00,3.527905413790e+00,9.302973084915e-02
-4.321793755875e+00,1.112709189150e+00,9.302878973297e-02
-4.321750455166e+00,7.716195094694e+00,8.655134285173e-02
-4.321743653954e+00,1.949977213691e+00,9.302903467592e-02
-4.321740846571e+00,5.482990800589e+00,9.197502583437e-02
-4.321704351184e+00,2.755042621902e+00,9.302927959693e-02
-4.321694696724e+00,4.394152640712e+00,9.298580199954e-02
-4.321596595606e+00,6.023693952181e+00,9.125315839909e-02
-4.321431428642e+00,4.107748321173e+00,9.302947138336e-02
-4.321307599752e+00,9.057126217897e+00,6.825555854011e-02
-4.321198682101e+00,3.759341694884e+00,9.302910261350e-02
-4.321174726779e+00,9.617206395776e+00,6.608629126879e-06
-4.321117661405e+00,8.746123290351e+00,7.646708157333e-02
-4.321060711623e+00,1.402532736107e+00,9.302811444101e-02
-4.320957911897e+00,2.497421691274e+00,9.302839523082e-02
-4.320733863332e+00,5.015341451406e+00,9.246764457446e-02
-4.320716908305e+00,5.052634783319e+00,9.243204268227e-02
-4.320552071579e+00,4.978787792604e+00,9.250219761005e-02
-4.320495996966e+00,5.090661827326e+00,9.239535725871e-02
-4.320477573473e+00,7.171208187150e+00,8.873013361119e-02
-4.320392720762e+00,8.547260730107e+00,7.967008845157e-02
-4.320350207551e+00,6.619849968005e+00,9.017179790973e-02
-4.320265589418e+00,6.407440757857e+00,9.060159349083e-02
-4.320255725399e+00,7.086954395230e+00,8.898885742135e-02
-4.320176779346e+00,4.942979735273e+00,9.253562184899e-02
-4.320175866016e+00,7.256249470385e+00,8.845282535650e-02
-4.320065956770e+00,5.129416589939e+00,9.235755205181e-02
-4.320034412353e+00,8.011122190772e+00,8.483214074796e-02
-4.319938897975e+00,1.692356283063e+00,9.302702591460e-02
-4.319865899812e+00,2.239800760647e+00,9.302714342011e-02
-4.319613269487e+00,4.907923174917e+00,9.256804794311e-02
-4.319516154598e+00,7.003498458760e+00,8.923076216842e-02
-4.319421652323e+00,5.168893045439e+00,9.231858456855e-02
-4.319344834132e+00,7.342067843845e+00,8.815491602728e-02
-4.319341154421e+00,8.219688100396e+00,8.323423048885e-02
-4.319245926928e+00,4.649869506274e+00,9.278990589960e-02
-4.319148126336e+00,5.528199739804e+00,9.192436103316e-02
-4.319107973506e+00,5.734578259500e+00,9.166602040556e-02
-4.319061720542e+00,5.901878885955e+00,9.143635223307e-02
-4.318970592565e+00,4.538112216342e+00,9.287907412706e-02
-4.318866861246e+00,4.873623973955e+00,9.259951853593e-02
-4.318737180842e+00,3.302487099489e+00,9.302632265110e-02
-4.318703485450e+00,3.044866168860e+00,9.302619501148e-02
-4.318604277059e+00,3.965449190039e+00,9.302644423886e-02
-4.318557985585e+00,5.209085136073e+00,9.227832648168e-02
-4.318543211749e+00,1.144911805478e+00,9.302534729582e-02
-4.318428314929e+00,1.982179830019e+00,9.302552366036e-02
-4.318425303438e+00,3.560108030118e+00,9.302608298381e-02
-4.318383514377e+00,8.945809259145e+00,7.188342441895e-02
-4.318324217259e+00,2.787245238230e+00,9.302570001354e-02
-4.318264757475e+00,6.920850704608e+00,8.945739954534e-02
-4.318261882716e+00,4.283151948397e+00,9.302618807722e-02
-4.318110310217e+00,7.805886801750e+00,8.609232289385e-02
-4.317978773134e+00,7.428652869800e+00,8.783333163870e-02
-4.317942910067e+00,4.840087961502e+00,9.263005186764e-02
-4.317788569197e+00,1.434735352435e+00,9.302464818381e-02
-4.317645175521e+00,3.791593538253e+00,9.302533854565e-02
-4.317599376272e+00,2.529624307602e+00,9.302483745787e-02
-4.317469896044e+00,5.249986772295e+00,9.223683193191e-02
-4.317442193290e+00,4.140162628543e+00,9.302524450242e-02
-4.317217222161e+00,4.426683252079e+00,9.296531180248e-02
-4.316846807391e+00,4.807320933163e+00,9.265955401840e-02
-4.316698569844e+00,6.541235993174e+00,9.034276678482e-02
-4.316645157249e+00,1.724558899392e+00,9.302353529815e-02
-4.316528962486e+00,2.272003376975e+00,9.302360699678e-02
-4.316507493956e+00,6.839021421917e+00,8.967013861397e-02
-4.316404148022e+00,6.202036189301e+00,9.097358243733e-02
-4.316295790770e+00,5.574073704676e+00,9.187207182680e-02
-4.316152360851e+00,5.291591833012e+00,9.219405724674e-02
-4.316072042698e+00,7.515994074301e+00,8.748591512722e-02
-4.316012518702e+00,6.075772159203e+00,9.117923805725e-02
-4.315981540141e+00,8.431484881329e+00,8.114659997922e-02
-4.315583980457e+00,4.775328650836e+00,9.268818314062e-02
-4.315374895373e+00,8.635517765869e+00,7.842387314243e-02
-4.315313850318e+00,3.334689715818e+00,9.302269322249e-02
-4.315301753225e+00,3.077068785188e+00,9.302258840074e-02
-4.315292667623e+00,1.177114421807e+00,9.302190052241e-02
-4.315271346359e+00,6.331297738024e+00,9.074948437961e-02
-4.315112975904e+00,2.014382446348e+00,9.302200813391e-02
-4.315112006411e+00,5.783223148442e+00,9.160558225853e-02
-4.314980374613e+00,3.592310646447e+00,9.302243024867e-02
-4.314944083334e+00,2.819447854559e+00,9.302211574117e-02
-4.314839000607e+00,3.997787282997e+00,9.302245061837e-02
-4.314608415312e+00,8.103062043913e+00,8.419728114602e-02
-4.314600395043e+00,5.333894165785e+00,9.214995657393e-02
-4.314516426772e+00,1.466937968764e+00,9.302117753024e-02
-4.314481220536e+00,8.834741506024e+00,7.471779547235e-02
-4.314250387291e+00,6.758020861715e+00,8.987002156104e-02
-4.314240840646e+00,2.561826923931e+00,9.302127505315e-02
-4.314239839699e+00,4.682475367191e+00,9.276726148649e-02
-4.314229727770e+00,4.570681943896e+00,9.285735033715e-02
-4.314159892108e+00,4.744116842493e+00,9.271596520639e-02
-4.314140329643e+00,5.952571630708e+00,9.136848797781e-02
-4.314090757967e+00,3.823844717356e+00,9.302156832260e-02
-4.314029144769e+00,4.315625417001e+00,9.302169788117e-02
-4.313906907990e+00,7.896291303035e+00,8.558898546392e-02
-4.313619066926e+00,7.604080947634e+00,8.710956475146e-02
-4.313448613738e+00,4.172573343412e+00,9.302100646631e-02
-4.313351416523e+00,1.756761515720e+00,9.302004022356e-02
-4.313331230420e+00,9.369979677246e+00,4.979992713195e-02
-4.313245213608e+00,9.258010322591e+00,5.867862304858e-02
-4.313192025161e+00,2.304205993303e+00,9.302006599743e-02
-4.313179090917e+00,5.620606355321e+00,9.181808863733e-02
-4.312809051766e+00,5.376887587001e+00,9.210448173256e-02
-4.312732252364e+00,4.459207023661e+00,9.294446162192e-02
-4.312669226774e+00,8.313115846101e+00,8.241274275066e-02
-4.312580040588e+00,4.713691201980e+00,9.274278023967e-02
-4.312571058611e+00,6.463490272711e+00,9.050450837172e-02
-4.312430226543e+00,9.482171008269e+00,3.573627957607e-02
-4.312174380736e+00,9.146269910241e+00,6.479119287799e-02
-4.312042123497e+00,1.209317038136e+00,9.301844940258e-02
-4.311900021000e+00,3.109271401517e+00,9.301897703068e-02
-4.311890519793e+00,3.366892332146e+00,9.301905897407e-02
-4.311797636878e+00,2.046585062676e+00,9.301848808576e-02
-4.311563949409e+00,2.851650470888e+00,9.301852676840e-02
-4.311535445789e+00,3.624513262776e+00,9.301877263166e-02
-4.311499523756e+00,6.677859236600e+00,9.005819477430e-02
-4.311244284346e+00,1.499140585092e+00,9.301770246995e-02
-4.311071065883e+00,4.030123284610e+00,9.301844833865e-02
-4.310882305021e+00,2.594029540259e+00,9.301770800545e-02
-4.310832261570e+00,5.832500027801e+00,9.154312429542e-02
-4.310773422428e+00,5.420565882129e+00,9.205758205317e-02
-4.310614334679e+00,7.692902944628e+00,8.670061368314e-02
-4.310540041863e+00,9.594577333728e+00,1.008897733071e-02
-4.310535433501e+00,3.856095226654e+00,9.301779193135e-02
-4.310120980834e+00,9.034765389876e+00,6.925445929606e-02
-4.310120760694e+00,6.128447503503e+00,9.110267802075e-02
-4.310057675798e+00,1.788964132049e+00,9.301654068024e-02
-4.309855087836e+00,2.336408609632e+00,9.301652041106e-02
-4.309819641805e+00,6.256051954176e+00,9.088989045423e-02
-4.309793317007e+00,5.667791322072e+00,9.176231460601e-02
-4.309790480945e+00,4.348093673203e+00,9.301719398740e-02
-4.309603097326e+00,8.723929859111e+00,7.699258178523e-02
-4.309479908550e+00,4.603243090979e+00,9.283538568315e-02
-4.309450711951e+00,4.204980439382e+00,9.301675725763e-02
-4.309134938427e+00,7.987397945963e+00,8.503387217382e-02
-4.308920845391e+00,6.003875757896e+00,9.129827514710e-02
-4.308886636608e+00,7.148810675130e+00,8.882404392886e-02
-4.308791579371e+00,1.241519654464e+00,9.301499392614e-02
-4.308660909905e+00,8.525181564722e+00,8.005022498170e-02
-4.308658986139e+00,7.233700054133e+00,8.855307568071e-02
-4.308602769740e+00,8.195681488837e+00,8.349071512682e-02
-4.308591441983e+00,7.064709898957e+00,8.907703141766e-02
-4.308498288775e+00,3.141474017846e+00,9.301536088961e-02
-4.308488636862e+00,5.464922805954e+00,9.200920420593e-02
-4.308482297853e+00,2.078787679004e+00,9.301496350513e-02
-4.308467189268e+00,3.399094948475e+00,9.301541989394e-02
-4.308261052516e+00,6.598546720310e+00,9.023577079850e-02
-4.308239829136e+00,4.491723909933e+00,9.292336207066e-02
-4.308183815484e+00,2.883853087216e+00,9.301493308378e-02
-4.308090516964e+00,3.656715879104e+00,9.301511012063e-02
-4.307974004834e+00,6.386622865405e+00,9.065773249934e-02
-4.307972141920e+00,1.531343201421e+00,9.301422299253e-02
-4.307902716490e+00,7.319367638176e+00,8.826219621725e-02
-4.307779240238e+00,6.981408086428e+00,8.931373030760e-02
-4.307523769396e+00,2.626232156588e+00,9.301413630352e-02
-4.307300485679e+00,4.062457178722e+00,9.301443738495e-02
-4.307087307216e+00,8.923503694654e+00,7.265539073338e-02
-4.307052399871e+00,7.782449484966e+00,8.625475867025e-02
-4.306979206222e+00,3.888345060635e+00,9.301400935890e-02
-4.306972180590e+00,5.036418720682e+00,9.245983281463e-02
-4.306944681170e+00,4.999316024323e+00,9.249494316179e-02
-4.306796609751e+00,5.074256106427e+00,9.242365623990e-02
-4.306763935072e+00,1.821166748377e+00,9.301303665757e-02
-4.306719325565e+00,4.962953974230e+00,9.252902115939e-02
-4.306612117775e+00,7.405802992804e+00,8.794876769882e-02
-4.306518150510e+00,2.368611225960e+00,9.301297022662e-02
-4.306455932936e+00,6.898915561065e+00,8.953562976741e-02
-4.306412791541e+00,5.112822192189e+00,9.238637803012e-02
-4.306301364599e+00,4.927338494599e+00,9.256200002642e-02
-4.306264192403e+00,5.882402407381e+00,9.147855938067e-02
-4.306133798580e+00,5.715622205741e+00,9.170471780545e-02
-4.305949863511e+00,5.509952082794e+00,9.195929201575e-02
-4.305815585985e+00,5.152110956345e+00,9.234793418388e-02
-4.305696085634e+00,4.892475476757e+00,9.259398242203e-02
-4.305545923107e+00,4.380556681000e+00,9.300844822857e-02
-4.305541035245e+00,1.273722270793e+00,9.301153408287e-02
-4.305448510055e+00,4.237383890193e+00,9.301249685905e-02
-4.305406854907e+00,8.407200488818e+00,8.148530073481e-02
-4.305166958827e+00,2.110990295333e+00,9.301143438115e-02
-4.305096556550e+00,3.173676634174e+00,9.301173996582e-02
-4.305043858744e+00,3.431297564804e+00,9.301177597018e-02
-4.304999890441e+00,5.192116345220e+00,9.230824210764e-02
-4.304908812397e+00,4.858370778918e+00,9.262502370149e-02
-4.304803681559e+00,2.916055703545e+00,9.301133467579e-02
-4.304781544449e+00,7.492995647317e+00,8.761016341564e-02
-4.304721187343e+00,4.635795603202e+00,9.281322630376e-02
-4.304699999494e+00,1.563545817749e+00,9.301073908756e-02
-4.304645588139e+00,3.688918495433e+00,9.301144270342e-02
-4.304627485143e+00,6.817242608638e+00,8.974404521798e-02
-4.304541185242e+00,6.520093447465e+00,9.040359952693e-02
-4.304378828686e+00,7.812500250013e-02,9.303388005920e-02
-4.304378828686e+00,1.562500050003e-02,9.304106594743e-02
-4.304378828686e+00,4.687500150008e-02,9.303735700778e-02
-4.304378828686e+00,1.093750035002e-01,9.303063653686e-02
-4.304378828686e+00,1.406250045003e-01,9.302762778510e-02
-4.304378828686e+00,1.718750055004e-01,9.302485505575e-02
-4.304378828686e+00,2.031250065004e-01,9.302231950648e-02
-4.304378828686e+00,2.343750075005e-01,9.302002219939e-02
-4.304378828686e+00,2.656250085006e-01,9.301796409961e-02
-4.304378828686e+00,2.968750095005e-01,9.301614607408e-02
-4.304378828686e+00,3.281250105004e-01,9.301456889042e-02
-4.304378828686e+00,3.593750115004e-01,9.301323321592e-02
-4.304378828686e+00,3.906250125003e-01,9.301213961671e-02
-4.304378828686e+00,4.218750135002e-01,9.301128855700e-02
-4.304378828686e+00,4.531250145001e-01,9.301068039845e-02
-4.304378828686e+00,4.843750155000e-01,9.301031539975e-02
-4.304378828686e+00,5.156250165000e-01,9.301019371626e-02
-4.304378828686e+00,5.468750175001e-01,9.301019371626e-02
-4.304378828686e+00,5.781250185002e-01,9.301019371626e-02
-4.304378828686e+00,6.093750195002e-01,9.301019371626e-02
-4.304378828686e+00,6.406250205003e-01,9.301019371626e-02
-4.304378828686e+00,6.718750215004e-01,9.301019371626e-02
-4.304378828686e+00,7.031250225005e-01,9.301019371626e-02
-4.304378828686e+00,7.343750235005e-01,9.301019371626e-02
-4.304378828686e+00,7.656250245005e-01,9.301019371626e-02
-4.304378828686e+00,7.968750255004e-01,9.301019371626e-02
-4.304378828686e+00,8.281250265002e-01,9.301019371626e-02
-4.304378828686e+00,8.593750275002e-01,9.301019371626e-02
-4.304378828686e+00,8.906250285002e-01,9.301019371626e-02
-4.304378828686e+00,9.218750295001e-01,9.301019371626e-02
-4.304378828686e+00,9.531250305001e-01,9.301019371626e-02
-4.304378828686e+00,9.843750315000e-01,9.301019371626e-02
-4.304165233771e+00,2.658434772916e+00,9.301055993608e-02
-4.303960639775e+00,5.232832273321e+00,9.226733452157e-02
-4.303944904801e+00,4.825030225972e+00,9.265514868023e-02
-4.303916986761e+00,6.181713346900e+00,9.102335191563e-02
-4.303789157064e+00,8.079196044028e+00,8.442014616135e-02
-4.303751567836e+00,8.613381201661e+00,7.885801853629e-02
-4.303739994562e+00,4.524233865611e+00,9.290206999033e-02
-4.303527272883e+00,4.094788949255e+00,9.301041774259e-02
-4.303470194347e+00,1.853369364706e+00,9.300952814489e-02
-4.303422080260e+00,3.920594213812e+00,9.301022059222e-02
-4.303398846790e+00,6.055784688477e+00,9.122560632912e-02
-4.303181213185e+00,2.400813842289e+00,9.300941543304e-02
-4.303152309643e+00,5.555647406697e+00,9.190778270952e-02
-4.303075697451e+00,8.812491740905e+00,7.533201116868e-02
-4.302927881596e+00,7.872709953628e+00,8.576691736880e-02
-4.302913801432e+00,6.310643789794e+00,9.080307878406e-02
-4.302809758732e+00,4.792459609284e+00,9.268424924914e-02
-4.302764355773e+00,1.016101340164e+00,9.300847285890e-02
-4.302692806498e+00,5.274252623589e+00,9.222516882115e-02
-4.302474983889e+00,9.347456286896e+00,5.237590540372e-02
-4.302405415384e+00,7.580935095226e+00,8.724370365169e-02
-4.302299925235e+00,6.736399476781e+00,8.993983445631e-02
-4.302290491119e+00,1.305924887121e+00,9.300806986254e-02
-4.302278577638e+00,9.235540580333e+00,6.040904746115e-02
-4.302195904574e+00,5.764092577911e+00,9.164522273853e-02
-4.302012368215e+00,8.288969769323e+00,8.269989095224e-02
-4.301851619802e+00,2.143192911661e+00,9.300790070296e-02
-4.301694824325e+00,3.205879250503e+00,9.300811424757e-02
-4.301684631245e+00,9.459594510898e+00,3.996940489248e-02
-4.301620528219e+00,3.463500181132e+00,9.300812719079e-02
-4.301508805856e+00,4.760664686485e+00,9.271248936578e-02
-4.301442030332e+00,4.269783669718e+00,9.300822525337e-02
-4.301427857069e+00,1.595748434078e+00,9.300725074457e-02
-4.301423547634e+00,2.948258319874e+00,9.300773153293e-02
-4.301403292382e+00,5.932923768373e+00,9.141179509680e-02
-4.301295503341e+00,4.413014404580e+00,9.298799224842e-02
-4.301200659315e+00,3.721121111762e+00,9.300777036783e-02
-4.301191400990e+00,5.316371247592e+00,9.218170028947e-02
-4.301097619759e+00,9.123854355860e+00,6.603271769373e-02
-4.300806698146e+00,2.690637389245e+00,9.300697889182e-02
-4.300346195811e+00,6.442509513254e+00,9.056244347128e-02
-4.300176453621e+00,1.885571981034e+00,9.300601513154e-02
-4.300091221534e+00,5.602002441661e+00,9.185457452289e-02
-4.300047513422e+00,4.729651181262e+00,9.273989446335e-02
-4.299953616922e+00,4.668339426491e+00,9.279062860349e-02
-4.299905356949e+00,9.571948271679e+00,1.829564335542e-02
-4.299864059780e+00,3.952842680721e+00,9.300642561831e-02
-4.299844275860e+00,2.433016458617e+00,9.300585601920e-02
-4.299751440482e+00,4.127118580208e+00,9.300638939693e-02
-4.299535409947e+00,1.048303956493e+00,9.300502789703e-02
-4.299479344595e+00,6.656396374674e+00,9.012439946054e-02
-4.299478214192e+00,7.669610794561e+00,8.684590247025e-02
-4.299451471721e+00,5.359181965709e+00,9.213688195340e-02
-4.299232791007e+00,4.556736845669e+00,9.288039544006e-02
-4.299039946993e+00,1.338127503450e+00,9.300460125485e-02
-4.298934361916e+00,9.012404561856e+00,7.018809207699e-02
-4.298536280776e+00,2.175395527990e+00,9.300436245964e-02
-4.298431384062e+00,4.699424783156e+00,9.276634718555e-02
-4.298293092101e+00,3.238081866832e+00,9.300448372307e-02
-4.298235464501e+00,7.963673701155e+00,8.522933524759e-02
-4.298197197694e+00,3.495702797461e+00,9.300447354378e-02
-4.298155714643e+00,1.627951050406e+00,9.300375795307e-02
-4.298088533247e+00,8.701736427870e+00,7.749272877503e-02
-4.298043413709e+00,2.980460936202e+00,9.300412364362e-02
-4.297975043614e+00,5.813195981077e+00,9.158374949112e-02
-4.297864385059e+00,8.171674877278e+00,8.373825133308e-02
-4.297755730490e+00,3.753323728090e+00,9.300409310161e-02
-4.297569953415e+00,6.108291815521e+00,9.115035855615e-02
-4.297549069443e+00,8.501931204151e+00,8.042544147615e-02
-4.297468105402e+00,5.402678567375e+00,9.209066442921e-02
-4.297448162521e+00,2.722840005573e+00,9.300339315937e-02
-4.297431295234e+00,4.302179751957e+00,9.300394242348e-02
-4.297396902988e+00,6.235563023823e+00,9.094112496221e-02
-4.297295699743e+00,7.126413163109e+00,8.891598153967e-02
-4.297142106261e+00,7.211150637881e+00,8.865114730899e-02
-4.297039253950e+00,4.445466808329e+00,9.296719349387e-02
-4.296927158567e+00,7.042465402684e+00,8.916341366394e-02
-4.296882712895e+00,1.917774597362e+00,9.300249760678e-02
-4.296761884626e+00,5.649010821873e+00,9.179964916906e-02
-4.296507338535e+00,2.465219074946e+00,9.300229197396e-02
-4.296460598849e+00,7.296667432507e+00,8.836706223163e-02
-4.296306464120e+00,1.080506572821e+00,9.300157859719e-02
-4.296305148980e+00,3.985090455926e+00,9.300262442414e-02
-4.296245095175e+00,5.984057563611e+00,9.134273334192e-02
-4.296171897481e+00,6.577243472614e+00,9.029865754609e-02
-4.296042325878e+00,6.959317714097e+00,8.939506629812e-02
-4.295994489526e+00,7.759012168183e+00,8.641267677761e-02
-4.295973001560e+00,4.159446055661e+00,9.300235233338e-02
-4.295791100056e+00,8.901198130163e+00,7.338268468016e-02
-4.295789402867e+00,1.370330119778e+00,9.300112824949e-02
-4.295682420250e+00,6.365804972954e+00,9.071298854125e-02
-4.295245462416e+00,7.382953115808e+00,8.806149577455e-02
-4.295236427153e+00,5.446854811319e+00,9.204299575677e-02
-4.295220941751e+00,2.207598144318e+00,9.300081964025e-02
-4.294891359876e+00,3.270284483160e+00,9.300084838050e-02
-4.294883572217e+00,1.660153666735e+00,9.300026070252e-02
-4.294832169673e+00,8.382916096307e+00,8.180919018278e-02
-4.294773867170e+00,3.527905413790e+00,9.300081501709e-02
-4.294718261105e+00,4.589232805343e+00,9.285847093678e-02
-4.294663279785e+00,3.012663552531e+00,9.300051099625e-02
-4.294647108397e+00,6.876980417521e+00,8.961236913634e-02
-4.294310801666e+00,3.785526344419e+00,9.300041089247e-02
-4.294089626896e+00,2.755042621902e+00,9.299980272736e-02
-4.293588972170e+00,1.949977213691e+00,9.299897555987e-02
-4.293491046200e+00,7.469997220333e+00,8.773138598546e-02
-4.293466664264e+00,5.862925928807e+00,9.152021340498e-02
-4.293416327367e+00,4.334572111053e+00,9.299964835238e-02
-4.293227452876e+00,5.020202658045e+00,9.248735479419e-02
-4.293170401209e+00,2.497421691274e+00,9.299872328613e-02
-4.293159623655e+00,5.696666151981e+00,9.174293721356e-02
-4.293155499009e+00,4.983290597240e+00,9.252198215698e-02
-4.293097222535e+00,5.057850385527e+00,9.245167810486e-02
-4.293077518294e+00,1.112709189150e+00,9.299812494924e-02
-4.292969898816e+00,8.055330044143e+00,8.463574182882e-02
-4.292886579552e+00,4.947120155855e+00,9.255559329668e-02
-4.292777207445e+00,4.477913856835e+00,9.294613065833e-02
-4.292759626312e+00,5.096227794438e+00,9.241491750221e-02
-4.292751600685e+00,5.491704425784e+00,9.199382122122e-02
-4.292747476329e+00,6.795463795358e+00,8.981643593075e-02
-4.292745352089e+00,4.017337534017e+00,9.299881699668e-02
-4.292538858741e+00,1.402532736107e+00,9.299765083612e-02
-4.292425949853e+00,4.911697253926e+00,9.258813422216e-02
-4.292383800641e+00,6.498950901756e+00,9.046342881877e-02
-4.292209519648e+00,5.135328867251e+00,9.237698815698e-02
-4.292191969299e+00,4.191771359775e+00,9.299830653744e-02
-4.292128240299e+00,8.591244637453e+00,7.927303051652e-02
-4.291948855202e+00,7.849128604221e+00,8.593921423741e-02
-4.291905602725e+00,2.239800760647e+00,9.299727223381e-02
-4.291778901781e+00,4.877027778597e+00,9.261968040333e-02
-4.291670174367e+00,8.790241975786e+00,7.591432258102e-02
-4.291618737358e+00,9.324932896545e+00,5.469027688493e-02
-4.291611429791e+00,1.692356283063e+00,9.299675898238e-02
-4.291489627651e+00,3.302487099489e+00,9.299720820798e-02
-4.291441795297e+00,5.175147554368e+00,9.233785179551e-02
-4.291429825501e+00,6.161390504499e+00,9.107239407154e-02
-4.291355509655e+00,8.264823692546e+00,8.297646348483e-02
-4.291350536645e+00,3.560108030118e+00,9.299715159862e-02
-4.291311941667e+00,9.213070838075e+00,6.199326235108e-02
-4.291283145860e+00,3.044866168860e+00,9.299689357919e-02
-4.291191763842e+00,7.557789242818e+00,8.737444757985e-02
-4.290950763549e+00,4.843117583880e+00,9.265029953067e-02
-4.290939035948e+00,9.437018013526e+00,4.366358827803e-02
-4.290865872841e+00,3.817728960748e+00,9.299672372809e-02
-4.290785174878e+00,6.035797217750e+00,9.127126989138e-02
-4.290731091270e+00,2.787245238230e+00,9.299620758435e-02
-4.290556256505e+00,6.289989841564e+00,9.085585327734e-02
-4.290451383505e+00,5.215677774348e+00,9.229752037126e-02
-4.290349463178e+00,6.714778091847e+00,9.000840160413e-02
-4.290295231444e+00,1.982179830019e+00,9.299544898003e-02
-4.290196447759e+00,4.621721700130e+00,9.283635212920e-02
-4.290020858781e+00,9.101438801479e+00,6.718440359692e-02
-4.290008828516e+00,5.537221108719e+00,9.194303815009e-02
-4.289946899535e+00,4.809972490443e+00,9.268001960033e-02
-4.289848572468e+00,1.144911805478e+00,9.299466694302e-02
-4.289833463884e+00,2.529624307603e+00,9.299514994451e-02
-4.289397149490e+00,4.366960721287e+00,9.299534302316e-02
-4.289288314615e+00,1.434735352435e+00,9.299416900437e-02
-4.289279802736e+00,5.744962007380e+00,9.168436524353e-02
-4.289270672034e+00,9.549319209631e+00,2.510164712667e-02
-4.289233252144e+00,5.256913414166e+00,9.225595231650e-02
-4.289184673371e+00,4.049583909606e+00,9.299500332290e-02
-4.288772710073e+00,4.777598285406e+00,9.270872835997e-02
-4.288666255121e+00,5.913275906039e+00,9.145452472254e-02
-4.288590263700e+00,2.272003376975e+00,9.299372022931e-02
-4.288509396560e+00,4.510355514880e+00,9.292487566379e-02
-4.288408356971e+00,4.224094476793e+00,9.299425199461e-02
-4.288342093705e+00,7.646318644494e+00,8.698736467468e-02
-4.288339287365e+00,1.724558899392e+00,9.299325278204e-02
-4.288121333012e+00,6.421528753797e+00,9.061944968641e-02
-4.288087895426e+00,3.334689715818e+00,9.299356319364e-02
-4.287927206120e+00,3.592310646447e+00,9.299348327626e-02
-4.287903011934e+00,3.077068785188e+00,9.299327138076e-02
-4.287782406937e+00,5.298848329400e+00,9.221310401622e-02
-4.287747742999e+00,8.990043733835e+00,7.106263065681e-02
-4.287459165434e+00,6.634933512749e+00,9.018945733598e-02
-4.287433631255e+00,4.746000722134e+00,9.273658575709e-02
-4.287420944017e+00,3.849931577076e+00,9.299303159611e-02
-4.287372555645e+00,2.819447854559e+00,9.299260771889e-02
-4.287335990575e+00,7.939949456347e+00,8.541881418138e-02
-4.287126000378e+00,8.147668265719e+00,8.397729273359e-02
-4.287057199377e+00,8.477509648394e+00,8.079539586644e-02
-4.287003352151e+00,5.583398528000e+00,9.189062789079e-02
-4.287001490718e+00,2.014382446348e+00,9.299191785644e-02
-4.286619626642e+00,1.177114421807e+00,9.299120456834e-02
-4.286573969168e+00,8.679542996629e+00,7.796930434810e-02
-4.286496526559e+00,2.561826923931e+00,9.299157193785e-02
-4.286093891675e+00,5.341476344417e+00,9.216892966910e-02
-4.286037770490e+00,1.466937968764e+00,9.299068274384e-02
-4.285935134736e+00,4.715185520031e+00,9.276361991211e-02
-4.285704762878e+00,7.104015651088e+00,8.900600803190e-02
-4.285667394146e+00,4.654203485790e+00,9.281380062739e-02
-4.285625226383e+00,7.188601221629e+00,8.874711036510e-02
-4.285623117123e+00,4.081829577336e+00,9.299118338974e-02
-4.285373784522e+00,4.399345557082e+00,9.299102641901e-02
-4.285274924674e+00,2.304205993303e+00,9.299016361571e-02
-4.285262875150e+00,7.020220906411e+00,8.924805847394e-02
-4.285117825657e+00,5.793891934352e+00,9.162385557772e-02
-4.285067144940e+00,1.756761515720e+00,9.298974209090e-02
-4.285019146136e+00,6.088136127538e+00,9.119729391961e-02
-4.285018481207e+00,7.273967226839e+00,8.846959426086e-02
-4.284974164171e+00,6.215074093470e+00,9.099159678893e-02
-4.284936579181e+00,7.735574851399e+00,8.656626066389e-02
-4.284686163201e+00,3.366892332146e+00,9.298991332552e-02
-4.284622177948e+00,4.256415391039e+00,9.299018869048e-02
-4.284522878009e+00,3.109271401517e+00,9.298964438925e-02
-4.284503875596e+00,3.624513262776e+00,9.298981003783e-02
-4.284494892895e+00,8.878892565672e+00,7.406905934252e-02
-4.284305411518e+00,6.937227341765e+00,8.947481822371e-02
-4.284282727535e+00,4.685158364332e+00,9.278971603274e-02
-4.284257484439e+00,8.358631703795e+00,8.212024586272e-02
-4.284235854245e+00,4.542791747443e+00,9.290324969563e-02
-4.284162788375e+00,5.384791252620e+00,9.212338113847e-02
-4.284082742447e+00,6.555940224919e+00,9.036048629320e-02
-4.284014020020e+00,2.851650470888e+00,9.298900311948e-02
-4.283976015192e+00,3.882134193405e+00,9.298933448411e-02
-4.283878807057e+00,7.360103238812e+00,8.817143603167e-02
-4.283730452245e+00,5.630230321673e+00,9.183653377536e-02
-4.283707749993e+00,2.046585062676e+00,9.298838217826e-02
-4.283569344960e+00,5.964239369326e+00,9.138658820069e-02
-4.283390835666e+00,6.344987080502e+00,9.076738310746e-02
-4.283390680816e+00,1.209317038136e+00,9.298773781496e-02
-4.283159589233e+00,2.594029540259e+00,9.298798925484e-02
-4.282838283857e+00,6.855045273978e+00,8.968766037574e-02
-4.282787226364e+00,1.499140585092e+00,9.298719204407e-02
-4.282200547952e+00,7.446998793348e+00,8.784969130498e-02
-4.282150640568e+00,8.031464044259e+00,8.484441351717e-02
-4.282060687673e+00,4.114074531873e+00,9.298735718418e-02
-4.281984217444e+00,5.428786816684e+00,9.207640779225e-02
-4.281959585649e+00,2.336408609632e+00,9.298660238191e-02
-4.281795002514e+00,1.788964132049e+00,9.298622689828e-02
-4.281346255535e+00,4.431726592996e+00,9.298669852325e-02
-4.281284430976e+00,3.399094948475e+00,9.298625859165e-02
-4.281142744084e+00,3.141474017846e+00,9.298601259291e-02
-4.281080545071e+00,3.656715879104e+00,9.298613187112e-02
-4.280969828808e+00,7.825547254814e+00,8.610657582439e-02
-4.280867467516e+00,6.773684982079e+00,8.988750642722e-02
-4.280833445699e+00,4.288734086914e+00,9.298611661069e-02
-4.280762490827e+00,9.302409506195e+00,5.678091323348e-02
-4.280698651095e+00,8.240677615769e+00,8.324302514758e-02
-4.280669136125e+00,5.843449450233e+00,9.156132595215e-02
-4.280655484395e+00,2.883853087216e+00,9.298539377458e-02
-4.280531086368e+00,3.914336809734e+00,9.298563237966e-02
-4.280504912762e+00,8.569108073245e+00,7.967013908868e-02
-4.280414009267e+00,2.078787679004e+00,9.298484193460e-02
-4.280345305696e+00,9.190601095818e+00,6.344901041105e-02
-4.280264651282e+00,8.767992210667e+00,7.646714073686e-02
-4.280226416040e+00,6.477808356046e+00,9.052228004997e-02
-4.280193440650e+00,9.414441516155e+00,4.691550748052e-02
-4.280185448729e+00,5.677710098221e+00,9.178068825390e-02
-4.280161734990e+00,1.241519654464e+00,9.298426667264e-02
-4.279978112300e+00,7.534643390410e+00,8.750192269739e-02
-4.279956613659e+00,4.575222519706e+00,9.288136494065e-02
-4.279822651908e+00,2.626232156588e+00,9.298440188419e-02
-4.279553337859e+00,5.473456768774e+00,9.202792489302e-02
-4.279536682238e+00,1.531343201421e+00,9.298369689462e-02
-4.279482725162e+00,5.003986595408e+00,9.251461311714e-02
-4.279397835320e+00,5.041444664628e+00,9.247942755248e-02
-4.279366316847e+00,4.967265170158e+00,9.254876586446e-02
-4.279106461084e+00,5.079633396688e+00,9.244317538147e-02
-4.279053833538e+00,4.931286337480e+00,9.258191814488e-02
-4.278944097804e+00,9.079023247098e+00,6.825563526145e-02
-4.278942664240e+00,6.141067662097e+00,9.112068747790e-02
-4.278644246624e+00,2.368611225960e+00,9.298303651681e-02
-4.278635987119e+00,9.526690147582e+00,3.083722624968e-02
-4.278603453310e+00,5.118546778157e+00,9.240575160461e-02
-4.278550535107e+00,4.896056013253e+00,9.261402839935e-02
-4.278522860088e+00,1.821166748377e+00,9.298270719350e-02
-4.278497389383e+00,4.146318767910e+00,9.298352469314e-02
-4.278399001122e+00,6.693156706913e+00,9.007575665398e-02
-4.278198711579e+00,6.269335893333e+00,9.090782737971e-02
-4.278171502966e+00,6.015809747024e+00,9.131630269025e-02
-4.277883700153e+00,5.158178763515e+00,9.236716090122e-02
-4.277882698752e+00,3.431297564804e+00,9.298259898002e-02
-4.277861717928e+00,4.861580080437e+00,9.264514568684e-02
-4.277762610159e+00,3.173676634174e+00,9.298237597995e-02
-4.277657214546e+00,3.688918495433e+00,9.298244876390e-02
-4.277314585753e+00,4.464103803737e+00,9.296871230037e-02
-4.277296948770e+00,2.916055703545e+00,9.298177967263e-02
-4.277205973217e+00,7.623026494427e+00,8.712514791008e-02
-4.277120268542e+00,2.110990295333e+00,9.298129711455e-02
-4.277086157543e+00,3.946539426062e+00,9.298192527026e-02
-4.277042173789e+00,4.321050548903e+00,9.298203574092e-02
-4.276992714701e+00,4.827864388843e+00,9.267534966854e-02
-4.276942127235e+00,5.198523275375e+00,9.232739509037e-02
-4.276932789164e+00,1.273722270793e+00,9.298079113108e-02
-4.276865347388e+00,5.518794810740e+00,9.197788562622e-02
-4.276565329310e+00,8.453088092636e+00,8.114967818490e-02
-4.276561124081e+00,8.967682905815e+00,7.188349420395e-02
-4.276485714583e+00,2.658434772916e+00,9.298080981452e-02
-4.276436516650e+00,7.916225211539e+00,8.560257646221e-02
-4.276387615697e+00,8.123661654161e+00,8.420826317040e-02
-4.276363700898e+00,5.725831436850e+00,9.172301992997e-02
-4.276286138112e+00,1.563545817749e+00,9.298019728496e-02
-4.276088007032e+00,9.639148406480e+00,6.608629038452e-06
-4.275948894270e+00,4.794914754914e+00,9.270466773860e-02
-4.275929217860e+00,5.893628043705e+00,9.149668917889e-02
-4.275896470212e+00,6.400547994341e+00,9.067554998423e-02
-4.275773697790e+00,5.239574204743e+00,9.228641361104e-02
-4.275671708174e+00,4.607647797058e+00,9.285928630453e-02
-4.275586997056e+00,9.531250305001e-01,9.297923714055e-02
-4.275586997056e+00,1.718750055004e-01,9.299416422455e-02
-4.275586997056e+00,2.343750075005e-01,9.298924398663e-02
-4.275586997056e+00,3.281250105004e-01,9.298369182230e-02
-4.275586997056e+00,3.593750115004e-01,9.298233189388e-02
-4.275586997056e+00,4.218750135002e-01,9.298035189362e-02
-4.275586997056e+00,4.843750155000e-01,9.297936103770e-02
-4.275586997056e+00,6.093750195002e-01,9.297923714055e-02
-4.275586997056e+00,7.656250245005e-01,9.297923714055e-02
-4.275586997056e+00,7.968750255004e-01,9.297923714055e-02
-4.275586997056e+00,9.843750315000e-01,9.297923714055e-02
-4.275586997056e+00,1.562500050003e-02,9.301066667094e-02
-4.275586997056e+00,4.687500150008e-02,9.300689123591e-02
-4.275586997056e+00,7.812500250013e-02,9.300335183795e-02
-4.275586997056e+00,1.093750035002e-01,9.300004995992e-02
-4.275586997056e+00,1.406250045003e-01,9.299698699092e-02
-4.275586997056e+00,2.031250065004e-01,9.299158285722e-02
-4.275586997056e+00,2.656250085006e-01,9.298714861032e-02
-4.275586997056e+00,2.968750095005e-01,9.298529762438e-02
-4.275586997056e+00,3.906250125003e-01,9.298121842435e-02
-4.275586997056e+00,4.531250145001e-01,9.297973267559e-02
-4.275586997056e+00,5.156250165000e-01,9.297923714055e-02
-4.275586997056e+00,5.468750175001e-01,9.297923714055e-02
-4.275586997056e+00,5.781250185002e-01,9.297923714055e-02
-4.275586997056e+00,6.406250205003e-01,9.297923714055e-02
-4.275586997056e+00,6.718750215004e-01,9.297923714055e-02
-4.275586997056e+00,7.031250225004e-01,9.297923714055e-02
-4.275586997056e+00,7.343750235005e-01,9.297923714055e-02
-4.275586997056e+00,8.281250265002e-01,9.297923714055e-02
-4.275586997056e+00,8.593750275002e-01,9.297923714055e-02
-4.275586997056e+00,8.906250285002e-01,9.297923714055e-02
-4.275586997056e+00,9.218750295001e-01,9.297923714055e-02
-4.275438986273e+00,6.613470650824e+00,9.025339861840e-02
-4.275328907598e+00,2.400813842289e+00,9.297946600925e-02
-4.275250717662e+00,1.853369364706e+00,9.297918296585e-02
-4.275059405089e+00,8.657349565388e+00,7.842392733062e-02
-4.274933226646e+00,4.178562280167e+00,9.297968590357e-02
-4.274735661415e+00,4.762736961527e+00,9.273299471570e-02
-4.274480966527e+00,3.463500181132e+00,9.297893447858e-02
-4.274382476234e+00,3.205879250503e+00,9.297873453853e-02
-4.274373412883e+00,5.281325411208e+00,9.224417391776e-02
-4.274233884022e+00,3.721121111762e+00,9.297876070388e-02
-4.274113826013e+00,7.081618139068e+00,8.909418252370e-02
-4.274108346506e+00,7.166051805377e+00,8.884103207133e-02
-4.273983323292e+00,1.016101340164e+00,9.297750841513e-02
-4.273938413145e+00,2.948258319874e+00,9.297816080203e-02
-4.273915482768e+00,5.564794614339e+00,9.192625718749e-02
-4.273878668836e+00,7.712137534615e+00,8.671568414701e-02
-4.273826527816e+00,2.143192911661e+00,9.297774770715e-02
-4.273703843338e+00,1.305924887121e+00,9.297731117997e-02
-4.273682799206e+00,8.334347311284e+00,8.241939336747e-02
-4.273641228719e+00,3.978742042391e+00,9.297821314341e-02
-4.273598591734e+00,6.997976410138e+00,8.933101804813e-02
-4.273576363566e+00,7.251267021170e+00,8.856986906929e-02
-4.273358456654e+00,4.731336757783e+00,9.276047554699e-02
-4.273278798557e+00,4.496477164149e+00,9.294749401178e-02
-4.273248375873e+00,4.353364761575e+00,9.297794606693e-02
-4.273198685734e+00,8.856587001181e+00,7.471785904955e-02
-4.273148777258e+00,2.690637389245e+00,9.297721303445e-02
-4.273035593986e+00,1.595748434078e+00,9.297669320458e-02
-4.272736311629e+00,5.323770723125e+00,9.220063134632e-02
-4.272568497157e+00,6.915136969434e+00,8.955303235159e-02
-4.272551425353e+00,6.194585163118e+00,9.104132370518e-02
-4.272512151698e+00,7.337253361816e+00,8.827875646120e-02
-4.272468338857e+00,6.067980439555e+00,9.124356067763e-02
-4.272260607701e+00,5.774587887628e+00,9.166345328169e-02
-4.272013568573e+00,2.433016458617e+00,9.297589084806e-02
-4.271993587412e+00,6.534636977224e+00,9.042128425287e-02
-4.271978575237e+00,1.885571981034e+00,9.297565420456e-02
-4.271822756050e+00,4.700719858800e+00,9.278714465933e-02
-4.271381171370e+00,4.640067545089e+00,9.283678048961e-02
-4.271368203887e+00,4.210805063392e+00,9.297584080241e-02
-4.271331382320e+00,8.007598044374e+00,8.504648531266e-02
-4.271099251082e+00,6.324169188051e+00,9.082093702519e-02
-4.271079234302e+00,3.495702797461e+00,9.297526507523e-02
-4.271029459318e+00,6.833110130435e+00,8.976142157335e-02
-4.271002342310e+00,3.238081866832e+00,9.297508825682e-02
-4.270910049703e+00,7.424000366364e+00,8.796518281677e-02
-4.270893594745e+00,5.944421175041e+00,9.142985277527e-02
-4.270857471349e+00,5.366903937866e+00,9.215573896975e-02
-4.270810553497e+00,3.753323728090e+00,9.297506767872e-02
-4.270775975766e+00,1.048303956493e+00,9.297404769286e-02
-4.270699019865e+00,5.611449821474e+00,9.187297732283e-02
-4.270579877520e+00,2.980460936202e+00,9.297453715112e-02
-4.270532787090e+00,2.175395527990e+00,9.297419370143e-02
-4.270474897512e+00,1.338127503450e+00,9.297382680896e-02
-4.270196299894e+00,4.010944658720e+00,9.297449598652e-02
-4.270134071009e+00,4.670891945508e+00,9.281288977017e-02
-4.270041792535e+00,8.216531538992e+00,8.350010173549e-02
-4.269990802414e+00,7.801965905407e+00,8.626920821283e-02
-4.269906244295e+00,9.279886115845e+00,5.867871301679e-02
-4.269811839932e+00,2.722840005573e+00,9.297361153255e-02
-4.269785049860e+00,1.627951050406e+00,9.297318464290e-02
-4.269452065702e+00,4.385676709583e+00,9.297384757452e-02
-4.269447845353e+00,9.391865018783e+00,4.980002214851e-02
-4.269378669725e+00,9.168131353560e+00,6.479127548017e-02
-4.269238917482e+00,4.528846649216e+00,9.292591597587e-02
-4.268987458704e+00,6.751906168800e+00,8.995729447600e-02
-4.268881585225e+00,8.546971509037e+00,8.005027478040e-02
-4.268859128197e+00,8.745742445549e+00,7.699263987589e-02
-4.268764460757e+00,7.511497538002e+00,8.762624910418e-02
-4.268732007735e+00,5.410718822049e+00,9.210943731361e-02
-4.268706432811e+00,1.917774597362e+00,9.297212089884e-02
-4.268698229547e+00,2.465219074946e+00,9.297231102200e-02
-4.268069031438e+00,6.456665810337e+00,9.058017779364e-02
-4.268001302204e+00,9.504061085534e+00,3.573636894609e-02
-4.267871607986e+00,5.823972971660e+00,9.160190835949e-02
-4.267867336826e+00,9.056607692717e+00,6.925453450490e-02
-4.267802325563e+00,4.243047112360e+00,9.297198937657e-02
-4.267677502077e+00,3.527905413790e+00,9.297159075786e-02
-4.267622208385e+00,3.270284483160e+00,9.297143712289e-02
-4.267568628240e+00,1.080506572821e+00,9.297058260023e-02
-4.267387222972e+00,3.785526344419e+00,9.297136967608e-02
-4.267245951686e+00,1.370330119778e+00,9.297033800766e-02
-4.267239046365e+00,2.207598144318e+00,9.297063508637e-02
-4.267221341895e+00,3.012663552531e+00,9.297090870824e-02
-4.267211273804e+00,5.658754044462e+00,9.181798030662e-02
-4.266751371070e+00,4.043147275048e+00,9.297077378699e-02
-4.266534505734e+00,1.660153666735e+00,9.296967158933e-02
-4.266474902607e+00,2.755042621902e+00,9.297000529736e-02
-4.266455502980e+00,6.120744819696e+00,9.116824778448e-02
-4.266448539065e+00,6.671535321979e+00,9.014193209691e-02
-4.266355075033e+00,5.455209111764e+00,9.206163603282e-02
-4.266073459243e+00,8.428666536878e+00,8.148941864276e-02
-4.266069852730e+00,7.599734344361e+00,8.725939242697e-02
-4.265841166652e+00,6.248681945103e+00,9.095902002237e-02
-4.265737997448e+00,4.987770532771e+00,9.254161218419e-02
-4.265698448105e+00,5.025038943729e+00,9.250690918085e-02
-4.265653257121e+00,4.417986377663e+00,9.296974024955e-02
-4.265649231016e+00,8.099655042602e+00,8.443155908455e-02
-4.265577134685e+00,4.951239743075e+00,9.257529849825e-02
-4.265564488993e+00,9.616467323362e+00,1.008901345864e-02
-4.265557831053e+00,5.995822276297e+00,9.136071856045e-02
-4.265537042724e+00,7.892500966730e+00,8.578061266129e-02
-4.265453295855e+00,5.063038998938e+00,9.247115647469e-02
-4.265434290385e+00,1.949977213691e+00,9.296858303789e-02
-4.265382890522e+00,2.497421691274e+00,9.296872651984e-02
-4.265374505163e+00,8.945322077795e+00,7.265545915949e-02
-4.265221087524e+00,4.915452519106e+00,9.260799974129e-02
-4.265194966214e+00,4.561212234070e+00,9.290407056701e-02
-4.264997386973e+00,5.101764689064e+00,9.243422953166e-02
-4.264675120361e+00,4.880414772580e+00,9.263968643940e-02
-4.264361280714e+00,1.112709189150e+00,9.296711312703e-02
-4.264325605009e+00,5.141209972662e+00,9.239617466231e-02
-4.264275769852e+00,3.560108030118e+00,9.296791151428e-02
-4.264242074460e+00,3.302487099489e+00,9.296778112481e-02
-4.264235596164e+00,4.275288421871e+00,9.296813161299e-02
-4.264017005859e+00,1.402532736107e+00,9.296684476566e-02
-4.263963892448e+00,3.817728960748e+00,9.296766668354e-02
-4.263945305639e+00,2.239800760647e+00,9.296707185091e-02
-4.263944534075e+00,4.846132382277e+00,9.267038199488e-02
-4.263862806269e+00,3.044866168860e+00,9.296727546166e-02
-4.263721866261e+00,5.500368512761e+00,9.201233296662e-02
-4.263671607413e+00,6.379567234884e+00,9.073076661087e-02
-4.263544841010e+00,8.635156134147e+00,7.885807178981e-02
-4.263447599061e+00,5.706700866319e+00,9.176119669359e-02
-4.263432870965e+00,5.181368776402e+00,9.235696416294e-02
-4.263418807112e+00,6.592007788898e+00,9.031625251186e-02
-4.263306442245e+00,4.075349891377e+00,9.296704653218e-02
-4.263283961608e+00,1.692356283063e+00,9.296615403324e-02
-4.263192180598e+00,5.873980181370e+00,9.153830045835e-02
-4.263137965282e+00,2.787245238230e+00,9.296639431737e-02
-4.263108113972e+00,8.310062918773e+00,8.270729275312e-02
-4.263034665853e+00,4.812611193805e+00,9.270017768655e-02
-4.262820758491e+00,7.688700217832e+00,8.686111203263e-02
-4.262591466628e+00,7.143502389125e+00,8.893297689567e-02
-4.262522889148e+00,7.059220627047e+00,8.918056178473e-02
-4.262314143436e+00,5.222234995320e+00,9.231655845014e-02
-4.262162147959e+00,1.982179830019e+00,9.296504061083e-02
-4.262134245924e+00,7.228566815502e+00,8.866796017447e-02
-4.262067551496e+00,2.529624307603e+00,9.296513733027e-02
-4.261950889004e+00,4.779857019385e+00,9.272910032266e-02
-4.261934308318e+00,6.975731913865e+00,8.941234257468e-02
-4.261902478574e+00,8.834281436691e+00,7.533207355246e-02
-4.261851964062e+00,4.450293750639e+00,9.296562407792e-02
-4.261153933187e+00,1.144911805478e+00,9.296363926302e-02
-4.261146968589e+00,4.593573893987e+00,9.288203170204e-02
-4.261145496339e+00,7.314403484820e+00,8.838365670529e-02
-4.260964418830e+00,5.263802493015e+00,9.227491601677e-02
-4.260874037627e+00,3.592310646447e+00,9.296422733230e-02
-4.260861940535e+00,3.334689715818e+00,9.296412025062e-02
-4.260831582797e+00,6.893046597102e+00,8.962975321679e-02
-4.260827613384e+00,5.546190700678e+00,9.196147065189e-02
-4.260788060033e+00,1.434735352435e+00,9.296334707253e-02
-4.260698612756e+00,4.747875637648e+00,9.275705161449e-02
-4.260668020211e+00,4.307528986753e+00,9.296426749857e-02
-4.260651564914e+00,2.272003376975e+00,9.296350398398e-02
-4.260540561923e+00,3.849931577076e+00,9.296395868867e-02
-4.260512124072e+00,7.983732044489e+00,8.524226162167e-02
-4.260504270644e+00,3.077068785188e+00,9.296363739964e-02
-4.260128686536e+00,6.174096232765e+00,9.109024222090e-02
-4.260033417482e+00,1.724558899392e+00,9.296263196397e-02
-4.259917531577e+00,6.047824751572e+00,9.128918221589e-02
-4.259904432377e+00,6.513333729528e+00,9.048107774794e-02
-4.259861513421e+00,4.107552507706e+00,9.296331420940e-02
-4.259801027956e+00,2.819447854559e+00,9.296277858106e-02
-4.259619551454e+00,7.401001939380e+00,8.807794389793e-02
-4.259403389745e+00,5.755283840904e+00,9.170255305047e-02
-4.259384933976e+00,8.192385462214e+00,8.374818331260e-02
-4.259378731584e+00,5.306065101833e+00,9.223199330214e-02
-4.259283282053e+00,4.716672793432e+00,9.278416190449e-02
-4.259220634778e+00,6.811174986891e+00,8.983378917661e-02
-4.259049997764e+00,9.257362725495e+00,6.040913599210e-02
-4.259011776021e+00,7.778384556001e+00,8.642730636488e-02
-4.258890005534e+00,2.014382446348e+00,9.296149360680e-02
-4.258807666498e+00,6.303351295599e+00,9.087367048303e-02
-4.258752212471e+00,2.561826923931e+00,9.296154344197e-02
-4.258702250055e+00,9.369288521411e+00,5.237599998582e-02
-4.258412033754e+00,9.145661611303e+00,6.603279871272e-02
-4.258217844529e+00,5.924602980756e+00,9.147253976166e-02
-4.258048200554e+00,4.482598813418e+00,9.296149904562e-02
-4.257946585661e+00,1.177114421807e+00,9.296016099795e-02
-4.257865712238e+00,8.523624445164e+00,8.042614643423e-02
-4.257710377365e+00,4.686254197570e+00,9.281047175132e-02
-4.257667587484e+00,5.592669321274e+00,9.190898848796e-02
-4.257559114207e+00,1.466937968764e+00,9.295984491778e-02
-4.257552154323e+00,5.349016623111e+00,9.218774455297e-02
-4.257550809215e+00,7.488351685594e+00,8.774754119563e-02
-4.257481806610e+00,3.366892332146e+00,9.296045448828e-02
-4.257472305403e+00,3.624513262776e+00,9.296053819968e-02
-4.257453605113e+00,8.723492680430e+00,7.749278582507e-02
-4.257366617289e+00,9.481432023485e+00,3.996949805143e-02
-4.257357824188e+00,2.304205993303e+00,9.295993147445e-02
-4.257145735019e+00,3.109271401517e+00,9.295999451038e-02
-4.257117231398e+00,3.882134193405e+00,9.296024567897e-02
-4.257107449891e+00,6.730127355520e+00,9.002583506030e-02
-4.257099602256e+00,4.339768801863e+00,9.296039702022e-02
-4.257094948593e+00,4.625931604388e+00,9.285957106531e-02
-4.256790575848e+00,9.034192138336e+00,7.018816580225e-02
-4.256782873356e+00,1.756761515720e+00,9.295910537082e-02
-4.256464090631e+00,2.851650470888e+00,9.295915807684e-02
-4.256416584596e+00,4.139755124034e+00,9.295957680592e-02
-4.255985414483e+00,4.656625526684e+00,9.283587132927e-02
-4.255911646837e+00,6.435523264628e+00,9.063714583855e-02
-4.255617863108e+00,2.046585062676e+00,9.295794201486e-02
-4.255581589176e+00,8.404244981121e+00,8.181410411354e-02
-4.255479798026e+00,5.392650827415e+00,9.214207645092e-02
-4.255436873446e+00,2.594029540259e+00,9.295794484359e-02
-4.255074079847e+00,5.804496493086e+00,9.164197166541e-02
-4.255040970955e+00,9.593786240244e+00,1.829570275834e-02
-4.254933732243e+00,7.576442194294e+00,8.739023156260e-02
-4.254910846335e+00,8.075648431043e+00,8.464755167627e-02
-4.254739238135e+00,1.209317038136e+00,9.295667832152e-02
-4.254637568798e+00,7.868776721922e+00,8.595313990634e-02
-4.254498077009e+00,6.649913937045e+00,9.020695931446e-02
-4.254330168381e+00,1.499140585092e+00,9.295633829090e-02
-4.254241980719e+00,4.514901550990e+00,9.294839709749e-02
-4.254237098879e+00,5.639797990702e+00,9.185482251545e-02
-4.254187886245e+00,8.922961249775e+00,7.338275178402e-02
-4.254101672684e+00,3.399094948475e+00,9.295678382576e-02
-4.254070573178e+00,3.656715879104e+00,9.295684410411e-02
-4.254064083462e+00,2.336408609632e+00,9.295635431116e-02
-4.253968341719e+00,6.100421977295e+00,9.121513280587e-02
-4.253787199394e+00,3.141474017846e+00,9.295634678206e-02
-4.253693900874e+00,3.914336809734e+00,9.295652764193e-02
-4.253532329230e+00,1.788964132049e+00,9.295557424306e-02
-4.253530346883e+00,4.372007862084e+00,9.295652016484e-02
-4.253483621725e+00,6.228027996873e+00,9.100941418699e-02
-4.253156812208e+00,5.436961454754e+00,9.209496920006e-02
-4.253127153306e+00,2.883853087216e+00,9.295553279313e-02
-4.252971655772e+00,4.171957740363e+00,9.295583430896e-02
-4.252944159141e+00,5.975834805571e+00,9.140453095413e-02
-4.252533428738e+00,8.285778526261e+00,8.298455683305e-02
-4.252345720682e+00,2.078787679004e+00,9.295438582406e-02
-4.252121534420e+00,2.626232156588e+00,9.295434152373e-02
-4.252030276931e+00,8.612962702906e+00,7.927308286321e-02
-4.251999060889e+00,5.008633222830e+00,9.253412748981e-02
-4.251993269734e+00,4.971554470134e+00,9.256835630304e-02
-4.251800130626e+00,5.046444601187e+00,9.249885573636e-02
-4.251787952524e+00,4.935214315993e+00,9.260158418423e-02
-4.251762848145e+00,7.665262901048e+00,8.700270068544e-02
-4.251531890609e+00,1.241519654464e+00,9.295319122341e-02
-4.251446744614e+00,6.358586475427e+00,9.078512111916e-02
-4.251398627951e+00,6.570544926972e+00,9.037804724838e-02
-4.251391320636e+00,5.084982599970e+00,9.246242683413e-02
-4.251388341511e+00,4.899618700731e+00,9.263384203959e-02
-4.251101222555e+00,1.531343201421e+00,9.295282718136e-02
-4.251074586750e+00,7.120952972874e+00,8.902300669021e-02
-4.250931952283e+00,7.036823115027e+00,8.926520035059e-02
-4.250799705615e+00,4.864773531907e+00,9.266511214406e-02
-4.250770342737e+00,2.368611225960e+00,9.295277248293e-02
-4.250767509865e+00,5.124241181809e+00,9.242489820108e-02
-4.250721538759e+00,3.431297564804e+00,9.295310825096e-02
-4.250692128283e+00,7.205866609833e+00,8.876393801537e-02
-4.250668840953e+00,3.688918495433e+00,9.295314503330e-02
-4.250606271413e+00,8.811975872200e+00,7.591438380668e-02
-4.250578385134e+00,5.481942214783e+00,9.204638781097e-02
-4.250531497223e+00,5.687570295788e+00,9.179890517745e-02
-4.250455143337e+00,5.854332319036e+00,9.157937023290e-02
-4.250433318769e+00,4.547201948433e+00,9.292659063292e-02
-4.250428663769e+00,3.173676634174e+00,9.295269420282e-02
-4.250281785104e+00,1.821166748377e+00,9.295203856994e-02
-4.250270570349e+00,3.946539426062e+00,9.295280456498e-02
-4.250270024902e+00,6.953487417592e+00,8.949208032467e-02
-4.250027350222e+00,4.830684684118e+00,9.269539297415e-02
-4.249960258706e+00,4.404246162330e+00,9.295263691933e-02
-4.249923614695e+00,5.164214277429e+00,9.238623295099e-02
-4.249790215980e+00,2.916055703545e+00,9.295190271826e-02
-4.249778840980e+00,7.291553607824e+00,8.848621733290e-02
-4.249692865823e+00,7.959866044605e+00,8.543202863208e-02
-4.249526726947e+00,4.204160356692e+00,9.295208670573e-02
-4.249094668437e+00,6.870956224770e+00,8.970493649597e-02
-4.249076617004e+00,4.797357998768e+00,9.272478708432e-02
-4.249073578256e+00,2.110990295333e+00,9.295082502341e-02
-4.248854589082e+00,5.204895785897e+00,9.234639244991e-02
-4.248806195395e+00,2.658434772916e+00,9.295073347096e-02
-4.248728075416e+00,8.168239385437e+00,8.398772716555e-02
-4.248329053206e+00,7.378003512395e+00,8.818781395662e-02
-4.248324543082e+00,1.273722270793e+00,9.294969969325e-02
-4.248193751233e+00,9.234839335145e+00,6.199334935922e-02
-4.248032749627e+00,7.754803206594e+00,8.658105485424e-02
-4.247956654757e+00,9.346712024039e+00,5.469037062627e-02
-4.247952883738e+00,4.764799283856e+00,9.275332071256e-02
-4.247872276729e+00,1.563545817749e+00,9.294931157858e-02
-4.247815277343e+00,6.492030481833e+00,9.053989224671e-02
-4.247739744001e+00,5.527586787017e+00,9.199627632148e-02
-4.247705947719e+00,6.153607302413e+00,9.113845225386e-02
-4.247555424777e+00,5.246279574823e+00,9.230533619883e-02
-4.247476602011e+00,2.400813842289e+00,9.294918597854e-02
-4.247457293802e+00,8.499066881626e+00,8.079732853743e-02
-4.247445397783e+00,9.123191869045e+00,6.718448303952e-02
-4.247411810239e+00,6.789239843348e+00,8.990483614267e-02
-4.247366724298e+00,6.027669063589e+00,9.133417280012e-02
-4.247341404835e+00,3.463500181132e+00,9.294942775175e-02
-4.247267108728e+00,3.721121111762e+00,9.294944097486e-02
-4.247070128144e+00,3.205879250503e+00,9.294903676075e-02
-4.247031240978e+00,1.853369364706e+00,9.294849834066e-02
-4.246847239824e+00,3.978742042391e+00,9.294907643552e-02
-4.246795165425e+00,4.218750135002e-01,9.294906242508e-02
-4.246795165425e+00,6.718750215004e-01,9.294792722183e-02
-4.246795165425e+00,7.656250245004e-01,9.294792722183e-02
-4.246795165425e+00,1.562500050003e-02,9.297992897807e-02
-4.246795165425e+00,1.093750035002e-01,9.296911997931e-02
-4.246795165425e+00,1.406250045003e-01,9.296600134386e-02
-4.246795165425e+00,1.718750055004e-01,9.296312720079e-02
-4.246795165425e+00,2.031250065004e-01,9.296049878682e-02
-4.246795165425e+00,2.343750075005e-01,9.295811723670e-02
-4.246795165425e+00,3.281250105004e-01,9.295246355674e-02
-4.246795165425e+00,3.593750115004e-01,9.295107872045e-02
-4.246795165425e+00,3.906250125003e-01,9.294994484448e-02
-4.246795165425e+00,4.531250145001e-01,9.294843184888e-02
-4.246795165425e+00,4.843750155000e-01,9.294805339244e-02
-4.246795165425e+00,5.156250165000e-01,9.294792722183e-02
-4.246795165425e+00,5.468750175001e-01,9.294792722183e-02
-4.246795165425e+00,5.781250185002e-01,9.294792722183e-02
-4.246795165425e+00,6.093750195002e-01,9.294792722183e-02
-4.246795165425e+00,6.406250205003e-01,9.294792722183e-02
-4.246795165425e+00,7.031250225004e-01,9.294792722183e-02
-4.246795165425e+00,7.343750235005e-01,9.294792722183e-02
-4.246795165425e+00,7.968750255003e-01,9.294792722183e-02
-4.246795165425e+00,8.593750275002e-01,9.294792722183e-02
-4.246795165425e+00,8.906250285002e-01,9.294792722183e-02
-4.246795165425e+00,9.218750295001e-01,9.294792722183e-02
-4.246795165425e+00,9.531250305001e-01,9.294792722183e-02
-4.246795165425e+00,9.843750315000e-01,9.294792722183e-02
-4.246795165425e+00,4.687500150008e-02,9.297608528047e-02
-4.246795165425e+00,7.812500250013e-02,9.297248177008e-02
-4.246795165425e+00,2.656250085006e-01,9.295598358168e-02
-4.246795165425e+00,2.968750095005e-01,9.295409874824e-02
-4.246795165425e+00,8.281250265002e-01,9.294792722183e-02
-4.246731932374e+00,9.458802961437e+00,4.366368356523e-02
-4.246661564097e+00,4.733014313769e+00,9.278090228939e-02
-4.246622229004e+00,4.579499990915e+00,9.290459113903e-02
-4.246546171789e+00,5.735979794179e+00,9.174116506125e-02
-4.246516081915e+00,6.282533403147e+00,9.092560305490e-02
-4.246453278655e+00,2.948258319874e+00,9.294826784055e-02
-4.246389342370e+00,4.436483697541e+00,9.294874727057e-02
-4.246337157673e+00,7.465205833186e+00,8.786590799510e-02
-4.246081798123e+00,4.236362973021e+00,9.294833398336e-02
-4.246048082028e+00,8.701242915311e+00,7.796936038879e-02
-4.246021151538e+00,5.288359480541e+00,9.226302170823e-02
-4.245801435831e+00,2.143192911661e+00,9.294725960189e-02
-4.245713814871e+00,9.011776583956e+00,7.106270293099e-02
-4.245542094314e+00,5.904784786471e+00,9.151466151183e-02
-4.245490856369e+00,2.690637389245e+00,9.294712067381e-02
-4.245227441078e+00,6.708348542241e+00,9.009316194686e-02
-4.245208107452e+00,4.702008829081e+00,9.280764793666e-02
-4.245202290812e+00,1.016101340164e+00,9.294619048196e-02
-4.245117195556e+00,1.305924887121e+00,9.294620372065e-02
-4.245089719109e+00,8.379823425363e+00,8.212604008572e-02
-4.244643330903e+00,1.595748434078e+00,9.294579147197e-02
-4.244636155103e+00,5.573888821075e+00,9.194457573249e-02
-4.244517452917e+00,9.571105157127e+00,2.510172167107e-02
-4.244246837297e+00,5.331129308357e+00,9.221938940364e-02
-4.244182861286e+00,2.433016458617e+00,9.294559478673e-02
-4.244172461654e+00,8.051641819484e+00,8.485658886621e-02
-4.243961270910e+00,3.495702797461e+00,9.294574231597e-02
-4.243865376503e+00,3.753323728090e+00,9.294573191640e-02
-4.243797611756e+00,7.553150044227e+00,8.751779215841e-02
-4.243780696852e+00,1.885571981034e+00,9.294495354439e-02
-4.243754262235e+00,6.414380718919e+00,9.069320721975e-02
-4.243738094872e+00,7.845052477114e+00,8.612071292258e-02
-4.243711592518e+00,3.238081866832e+00,9.294537444392e-02
-4.243597998679e+00,4.671788536339e+00,9.283360417542e-02
-4.243423909299e+00,4.010944658720e+00,9.294534324090e-02
-4.243116341330e+00,2.980460936202e+00,9.294462814830e-02
-4.243001267328e+00,8.900600421754e+00,7.406912516105e-02
-4.242817602551e+00,4.468720462687e+00,9.294485120545e-02
-4.242808725817e+00,4.611795663687e+00,9.288217517473e-02
-4.242636869298e+00,4.268565589349e+00,9.294457612896e-02
-4.242547614952e+00,6.628292552111e+00,9.027086862499e-02
-4.242529293405e+00,2.175395527990e+00,9.294368954845e-02
-4.242276551708e+00,5.785020014512e+00,9.168152661892e-02
-4.242227588317e+00,5.374582832780e+00,9.217435816526e-02
-4.242175517344e+00,2.722840005573e+00,9.294350312078e-02
-4.242016541586e+00,1.048303956493e+00,9.294271370625e-02
-4.241958743504e+00,8.261494133750e+00,8.325175527792e-02
-4.241909848030e+00,1.338127503450e+00,9.294270329521e-02
-4.241836757957e+00,4.642359107860e+00,9.285866358520e-02
-4.241481180458e+00,6.080099134894e+00,9.126135768416e-02
-4.241414385077e+00,1.627951050406e+00,9.294226685088e-02
-4.241262923953e+00,5.620841936942e+00,9.189122379495e-02
-4.241126076798e+00,6.207374048642e+00,9.105901476971e-02
-4.240889120560e+00,2.465219074946e+00,9.294199889620e-02
-4.240704937800e+00,7.641825584264e+00,8.714059855812e-02
-4.240581136985e+00,3.527905413790e+00,9.294205193140e-02
-4.240530152726e+00,1.917774597362e+00,9.294140417028e-02
-4.240515712852e+00,8.590769271665e+00,7.967019055542e-02
-4.240463644278e+00,3.785526344419e+00,9.294201784547e-02
-4.240353056893e+00,3.270284483160e+00,9.294170724034e-02
-4.240330487229e+00,5.955847334844e+00,9.144775295372e-02
-4.240000578775e+00,4.043147275048e+00,9.294160496844e-02
-4.239958549382e+00,5.418713797744e+00,9.212793148857e-02
-4.239779404004e+00,3.012663552531e+00,9.294098362975e-02
-4.239557706872e+00,7.098403556622e+00,8.911118082132e-02
-4.239378448790e+00,6.549082065047e+00,9.043881012751e-02
-4.239341015418e+00,7.014425603006e+00,8.934815063072e-02
-4.239310064252e+00,8.789670307709e+00,7.646720083893e-02
-4.239257150979e+00,2.207598144318e+00,9.294011485200e-02
-4.239250010642e+00,7.183166404165e+00,8.885787011039e-02
-4.239245043957e+00,4.500956452763e+00,9.294094871083e-02
-4.239221881814e+00,6.337605715970e+00,9.083863439510e-02
-4.239191940474e+00,4.300768205678e+00,9.294081312959e-02
-4.238873607575e+00,7.936000044720e+00,8.561605564731e-02
-4.238860178318e+00,2.755042621902e+00,9.293988080034e-02
-4.238830792359e+00,1.080506572821e+00,9.293923252737e-02
-4.238702500504e+00,1.370330119778e+00,9.293919840646e-02
-4.238605741485e+00,6.931242921318e+00,8.957027774199e-02
-4.238412185620e+00,7.268703730828e+00,8.858651546340e-02
-4.238299673674e+00,4.992227501931e+00,9.256108688346e-02
-4.238248542019e+00,4.955338407496e+00,9.259484969073e-02
-4.238185439251e+00,1.660153666735e+00,9.293873770465e-02
-4.238146965398e+00,5.029850203437e+00,9.252627803749e-02
-4.238071216856e+00,8.144093308660e+00,8.421916047259e-02
-4.237998770362e+00,4.919188888910e+00,9.262762696232e-02
-4.237785254298e+00,5.068200510877e+00,9.249034830188e-02
-4.237718106076e+00,5.834684456701e+00,9.161990986441e-02
-4.237615395385e+00,5.668439725257e+00,9.183615477980e-02
-4.237595379834e+00,2.497421691274e+00,9.293839829563e-02
-4.237555595497e+00,4.883784882357e+00,9.265944891195e-02
-4.237434904006e+00,5.463515916804e+00,9.208005761542e-02
-4.237357754077e+00,6.848865852439e+00,8.977864235374e-02
-4.237337504702e+00,9.212315944795e+00,6.344909584516e-02
-4.237279608601e+00,1.949977213691e+00,9.293785020743e-02
-4.237211059459e+00,9.324135526668e+00,5.678100584841e-02
-4.237209414721e+00,5.107272390957e+00,9.245333652760e-02
-4.237201003060e+00,3.560108030118e+00,9.293835658581e-02
-4.237061912054e+00,3.817728960748e+00,9.293829874959e-02
-4.237053723233e+00,7.731221857187e+00,8.673062854215e-02
-4.237048875366e+00,8.474509318087e+00,8.115273596397e-02
-4.237038554957e+00,7.355005085411e+00,8.829517327963e-02
-4.236994521268e+00,3.302487099489e+00,9.293803513800e-02
-4.236924290869e+00,4.849132291234e+00,9.269030923733e-02
-4.236577248250e+00,4.075349891377e+00,9.293786160540e-02
-4.236478761813e+00,9.100722126787e+00,6.825571314450e-02
-4.236442466679e+00,3.044866168860e+00,9.293733427310e-02
-4.236414358425e+00,5.147059778455e+00,9.241520669777e-02
-4.236110166369e+00,4.815236985958e+00,9.272018219750e-02
-4.236097247460e+00,9.436173899388e+00,4.691560373164e-02
-4.235985008553e+00,2.239800760647e+00,9.293653550141e-02
-4.235747011649e+00,4.332970822006e+00,9.293704497228e-02
-4.235726122308e+00,6.470727234137e+00,9.059775239687e-02
-4.235671671324e+00,4.533191662797e+00,9.293703977360e-02
-4.235645043133e+00,1.112709189150e+00,9.293574693507e-02
-4.235602985700e+00,6.767304699805e+00,8.997459885546e-02
-4.235544839293e+00,2.787245238230e+00,9.293625370090e-02
-4.235495152977e+00,1.402532736107e+00,9.293568904393e-02
-4.235395034729e+00,5.187556576474e+00,9.237592110067e-02
-4.235283208901e+00,6.133118372061e+00,9.118597110920e-02
-4.235123506130e+00,7.442059980778e+00,8.798145346344e-02
-4.235118568156e+00,4.782104803731e+00,9.274918129132e-02
-4.234956493425e+00,1.692356283063e+00,9.293520402257e-02
-4.234815917019e+00,6.007513375607e+00,9.137854629838e-02
-4.234651874618e+00,5.508982873356e+00,9.203068203830e-02
-4.234642558943e+00,8.678993150193e+00,7.842398239228e-02
-4.234637053893e+00,8.989361029575e+00,7.188356506195e-02
-4.234597849042e+00,8.355401869605e+00,8.242599720023e-02
-4.234301639109e+00,2.529624307603e+00,9.293479297365e-02
-4.234224497331e+00,6.261715510696e+00,9.097668622229e-02
-4.234146430723e+00,5.228756656630e+00,9.233544021626e-02
-4.234029064475e+00,1.982179830019e+00,9.293429164492e-02
-4.233993934879e+00,9.548424074009e+00,3.083731062351e-02
-4.233954878473e+00,4.749741548327e+00,9.277733220165e-02
-4.233820869135e+00,3.592310646447e+00,9.293465626691e-02
-4.233688953832e+00,5.716675747454e+00,9.177929922945e-02
-4.233660179829e+00,3.849931577076e+00,9.293457461625e-02
-4.233635985643e+00,3.334689715818e+00,9.293435812486e-02
-4.233434076972e+00,8.027635207926e+00,8.505899707831e-02
-4.233347432265e+00,6.686569728962e+00,9.015930773775e-02
-4.233153917725e+00,4.107552507706e+00,9.293411313903e-02
-4.233105529354e+00,3.077068785188e+00,9.293368006653e-02
-4.232866344098e+00,5.884966592186e+00,9.155623004498e-02
-4.232838620946e+00,7.821328232306e+00,8.628353910126e-02
-4.232712866127e+00,2.272003376975e+00,9.293295148552e-02
-4.232663571492e+00,5.270653859249e+00,9.229372259484e-02
-4.232661491269e+00,7.529857894160e+00,8.764219494797e-02
-4.232624515438e+00,4.718152989891e+00,9.280454990984e-02
-4.232459293907e+00,1.144911805478e+00,9.293225691902e-02
-4.232302082825e+00,4.365173438335e+00,9.293327164400e-02
-4.232287805451e+00,1.434735352435e+00,9.293217519710e-02
-4.232229500267e+00,2.819447854559e+00,9.293262181086e-02
-4.232097489419e+00,4.565426087843e+00,9.292696737899e-02
-4.231814648410e+00,8.878239593734e+00,7.471792361957e-02
-4.231727547599e+00,1.724558899392e+00,9.293166579391e-02
-4.231604722722e+00,5.555108320876e+00,9.197974730983e-02
-4.231596877634e+00,6.393238173210e+00,9.074838424782e-02
-4.231384058270e+00,8.237209741238e+00,8.350941830281e-02
-4.231132932851e+00,4.687344864730e+00,9.283093669006e-02
-4.231007898383e+00,2.561826923931e+00,9.293118291887e-02
-4.230941520270e+00,5.313241993602e+00,9.225067777591e-02
-4.230899032606e+00,9.660879046021e+00,6.608628997496e-06
-4.230778520349e+00,2.014382446348e+00,9.293072847179e-02
-4.230597152896e+00,6.606671167177e+00,9.033368932787e-02
-4.230440735210e+00,3.624513262776e+00,9.293095096238e-02
-4.230277450018e+00,3.366892332146e+00,9.293067618881e-02
-4.230258447604e+00,3.882134193405e+00,9.293084543287e-02
-4.229768592029e+00,3.109271401517e+00,9.293002099817e-02
-4.229730587201e+00,4.139755124034e+00,9.293035955651e-02
-4.229647027455e+00,7.618388267481e+00,8.727494668137e-02
-4.229485619993e+00,4.657322875108e+00,9.285654486134e-02
-4.229479023569e+00,5.765543535938e+00,9.172058368890e-02
-4.229440723702e+00,2.304205993303e+00,9.292936279314e-02
-4.229273544680e+00,1.177114421807e+00,9.292876246892e-02
-4.229080457925e+00,1.466937968764e+00,9.292865685542e-02
-4.229001148773e+00,8.568575840424e+00,8.005032539499e-02
-4.228994019198e+00,6.059776292493e+00,9.130693713316e-02
-4.228975378608e+00,5.356514838145e+00,9.220628905240e-02
-4.228914161242e+00,2.851650470888e+00,9.292898511857e-02
-4.228857154000e+00,4.397376054664e+00,9.292949313170e-02
-4.228768531871e+00,6.186720100412e+00,9.110789114827e-02
-4.228522503040e+00,4.597659722986e+00,9.290459558435e-02
-4.228498601772e+00,1.756761515720e+00,9.292812300791e-02
-4.228288749028e+00,5.601885883183e+00,9.192719283739e-02
-4.228054349327e+00,7.912134044835e+00,8.579419783634e-02
-4.228040826995e+00,7.075854140370e+00,8.919755629220e-02
-4.228013857091e+00,8.767364743218e+00,7.699269888806e-02
-4.227807893000e+00,7.160466198496e+00,8.894982120582e-02
-4.227750078553e+00,6.992028090986e+00,8.942946301018e-02
-4.227716815317e+00,5.935859864117e+00,9.149039728434e-02
-4.227714157658e+00,2.594029540259e+00,9.292756811984e-02
-4.227688101430e+00,4.628092689036e+00,9.288126935819e-02
-4.227527976223e+00,2.046585062676e+00,9.292716067704e-02
-4.227414358297e+00,8.119947231883e+00,8.444288271904e-02
-4.227358269629e+00,6.527619203121e+00,9.049856755410e-02
-4.227060601285e+00,3.656715879104e+00,9.292724065985e-02
-4.227045530261e+00,7.245853853832e+00,8.868462494747e-02
-4.226997019015e+00,6.316624956514e+00,9.089132345147e-02
-4.226941458069e+00,6.908998425045e+00,8.964693692376e-02
-4.226918914393e+00,3.399094948475e+00,9.292698931773e-02
-4.226856715379e+00,3.914336809734e+00,9.292711118686e-02
-4.226760286556e+00,5.400466140735e+00,9.216052982465e-02
-4.226640456931e+00,8.449951754549e+00,8.149340077159e-02
-4.226481258171e+00,9.189792554444e+00,6.479135931445e-02
-4.226465464162e+00,9.301559029296e+00,5.867880430729e-02
-4.226431654703e+00,3.141474017846e+00,9.292635705612e-02
-4.226307256676e+00,4.171957740363e+00,9.292660084499e-02
-4.226168581276e+00,2.336408609632e+00,9.292576941304e-02
-4.226087795454e+00,1.209317038136e+00,9.292526357437e-02
-4.226074696839e+00,7.707640507780e+00,8.687619320194e-02
-4.225873110399e+00,1.499140585092e+00,9.292513400831e-02
-4.225748056708e+00,7.332006658427e+00,8.840010647924e-02
-4.225620839717e+00,6.826775480107e+00,8.985098781974e-02
-4.225598822216e+00,2.883853087216e+00,9.292534361235e-02
-4.225512125842e+00,9.078252384530e+00,6.925461085255e-02
-4.225462562545e+00,9.413544837340e+00,4.980011854138e-02
-4.225412225176e+00,4.429578670992e+00,9.292570942225e-02
-4.225269655946e+00,1.788964132049e+00,9.292457565377e-02
-4.224981068815e+00,5.815036594367e+00,9.165993041456e-02
-4.224699293548e+00,5.649309154727e+00,9.187295466155e-02
-4.224600286459e+00,4.975821781032e+00,9.258779167261e-02
-4.224503814305e+00,4.939122344860e+00,9.262109647585e-02
-4.224493800169e+00,5.013255805686e+00,9.255343793932e-02
-4.224420416932e+00,2.626232156588e+00,9.292394856511e-02
-4.224291422879e+00,5.445089618826e+00,9.211334965786e-02
-4.224277432097e+00,2.078787679004e+00,9.292358824965e-02
-4.224209588201e+00,4.903163461828e+00,9.265343078862e-02
-4.224179187961e+00,5.051418421783e+00,9.251799862145e-02
-4.224105978975e+00,8.330980313847e+00,8.271464145586e-02
-4.223909854588e+00,7.418914128370e+00,8.809413578501e-02
-4.223794161160e+00,6.745369556261e+00,9.004311242088e-02
-4.223722849483e+00,4.867951063982e+00,9.268482415104e-02
-4.223680467360e+00,3.688918495433e+00,9.292352534692e-02
-4.223651319577e+00,5.090303600104e+00,9.248149454268e-02
-4.223636967273e+00,6.449423986442e+00,9.065468205793e-02
-4.223560378768e+00,3.431297564804e+00,9.292329749945e-02
-4.223560292916e+00,8.966945475194e+00,7.265552863769e-02
-4.223470416840e+00,9.525742990892e+00,3.573645959222e-02
-4.223454983154e+00,3.946539426062e+00,9.292337186556e-02
-4.223237035859e+00,8.656743385074e+00,7.885812590172e-02
-4.223094717378e+00,3.173676634174e+00,9.292268822844e-02
-4.223048876123e+00,4.833491050561e+00,9.271528136736e-02
-4.222905102155e+00,5.129905279482e+00,9.244389053090e-02
-4.222902046227e+00,1.241519654464e+00,9.292176022500e-02
-4.222896438850e+00,2.368611225960e+00,9.292217133397e-02
-4.222883926151e+00,4.204160356692e+00,9.292283699158e-02
-4.222860470084e+00,6.112629441708e+00,9.123281441226e-02
-4.222695692291e+00,8.003628596367e+00,8.525508286296e-02
-4.222665762872e+00,1.531343201421e+00,9.292160664517e-02
-4.222283483191e+00,2.916055703545e+00,9.292169728047e-02
-4.222265109740e+00,5.987357687624e+00,9.142231619449e-02
-4.222192982516e+00,4.799789287798e+00,9.274475316574e-02
-4.222040710120e+00,1.821166748377e+00,9.292102372065e-02
-4.221967296351e+00,4.461781287321e+00,9.292192050253e-02
-4.221939147021e+00,7.797603987497e+00,8.644181461470e-02
-4.221935480375e+00,5.170217367051e+00,9.240514977032e-02
-4.221932912747e+00,6.240897618244e+00,9.102698784431e-02
-4.221564005235e+00,5.490378959695e+00,9.206469545463e-02
-4.221525370782e+00,7.506565744094e+00,8.776355491757e-02
-4.221467423452e+00,6.664790915683e+00,9.022430391957e-02
-4.221160519308e+00,4.766851608693e+00,9.277336366855e-02
-4.221126676206e+00,2.658434772916e+00,9.292032424316e-02
-4.221026887971e+00,2.110990295333e+00,9.292001117856e-02
-4.220831735876e+00,5.697371700730e+00,9.181696521682e-02
-4.220809373036e+00,8.212925348727e+00,8.375803998784e-02
-4.220737436670e+00,5.211233738438e+00,9.236523369164e-02
-4.220628029492e+00,8.855878765714e+00,7.533213691042e-02
-4.220486935276e+00,9.638146486692e+00,1.008905009522e-02
-4.220300333435e+00,3.721121111762e+00,9.291980501115e-02
-4.220201843142e+00,3.463500181132e+00,9.291960072177e-02
-4.220190593883e+00,5.865148397900e+00,9.159725705848e-02
-4.220053250929e+00,3.978742042391e+00,9.291962745631e-02
-4.219956873207e+00,4.734683812798e+00,9.280113801820e-02
-4.219757780053e+00,3.205879250503e+00,9.291901450315e-02
-4.219716297001e+00,1.273722270793e+00,9.291825241038e-02
-4.219624296424e+00,2.400813842289e+00,9.291856854461e-02
-4.219460595627e+00,4.236362973021e+00,9.291906798335e-02
-4.219458415346e+00,1.563545817749e+00,9.291807475536e-02
-4.219439493033e+00,6.372095627501e+00,9.080269853671e-02
-4.219305991447e+00,5.252948237957e+00,9.232409287600e-02
-4.218968144166e+00,2.948258319874e+00,9.291804611119e-02
-4.218811764294e+00,1.853369364706e+00,9.291746719770e-02
-4.218646690839e+00,6.585049782244e+00,9.039544974535e-02
-4.218589117110e+00,7.594950950697e+00,8.740587911828e-02
-4.218587466779e+00,4.703291666012e+00,9.282799758317e-02
-4.218573290342e+00,5.536327820676e+00,9.201451127120e-02
-4.218522367527e+00,4.493983903650e+00,9.291812635933e-02
-4.218081698868e+00,8.545132918353e+00,8.042684774704e-02
-4.218003333796e+00,1.562500050003e-02,9.294884586308e-02
-4.218003333796e+00,4.687500150008e-02,9.294493207630e-02
-4.218003333796e+00,7.812500250013e-02,9.294126273431e-02
-4.218003333796e+00,1.093750035002e-01,9.293783942115e-02
-4.218003333796e+00,1.406250045003e-01,9.293466362097e-02
-4.218003333796e+00,2.031250065004e-01,9.292905998513e-02
-4.218003333796e+00,2.343750075005e-01,9.292663460144e-02
-4.218003333796e+00,2.656250085006e-01,9.292446163140e-02
-4.218003333796e+00,3.593750115004e-01,9.291946623433e-02
-4.218003333796e+00,3.906250125003e-01,9.291831139745e-02
-4.218003333796e+00,4.218750135002e-01,9.291741265741e-02
-4.218003333796e+00,4.531250145001e-01,9.291677041412e-02
-4.218003333796e+00,4.843750155000e-01,9.291638495363e-02
-4.218003333796e+00,5.156250165000e-01,9.291625644770e-02
-4.218003333796e+00,5.781250185002e-01,9.291625644770e-02
-4.218003333796e+00,6.093750195002e-01,9.291625644770e-02
-4.218003333796e+00,6.406250205003e-01,9.291625644770e-02
-4.218003333796e+00,6.718750215003e-01,9.291625644770e-02
-4.218003333796e+00,7.343750235005e-01,9.291625644770e-02
-4.218003333796e+00,7.656250245004e-01,9.291625644770e-02
-4.218003333796e+00,8.281250265002e-01,9.291625644770e-02
-4.218003333796e+00,8.593750275002e-01,9.291625644770e-02
-4.218003333796e+00,8.906250285002e-01,9.291625644770e-02
-4.218003333796e+00,9.218750295001e-01,9.291625644770e-02
-4.218003333796e+00,9.531250305001e-01,9.291625644770e-02
-4.218003333796e+00,9.843750315000e-01,9.291625644770e-02
-4.218003333796e+00,1.718750055004e-01,9.293173671607e-02
-4.218003333796e+00,2.968750095005e-01,9.292254203305e-02
-4.218003333796e+00,3.281250105004e-01,9.292087665482e-02
-4.218003333796e+00,5.468750175001e-01,9.291625644770e-02
-4.218003333796e+00,7.031250225004e-01,9.291625644770e-02
-4.218003333796e+00,7.968750255003e-01,9.291625644770e-02
-4.217832935481e+00,2.690637389245e+00,9.291669514246e-02
-4.217776343845e+00,2.143192911661e+00,9.291642945267e-02
-4.217636203244e+00,5.295354678848e+00,9.228163394389e-02
-4.217235091079e+00,7.888268044950e+00,8.596695236449e-02
-4.217057758250e+00,4.672680900379e+00,9.285403115210e-02
-4.216920199510e+00,3.753323728090e+00,9.291607964006e-02
-4.216843307517e+00,3.495702797461e+00,9.291589897244e-02
-4.216757499737e+00,8.095801155105e+00,8.465926788656e-02
-4.216717649931e+00,8.745059178727e+00,7.749284378010e-02
-4.216681495430e+00,5.746067057364e+00,9.175915307288e-02
-4.216651518705e+00,4.010944658720e+00,9.291587794636e-02
-4.216530547775e+00,1.305924887121e+00,9.291474012004e-02
-4.216523947117e+00,7.053304724118e+00,8.928218785834e-02
-4.216506857937e+00,6.039453450091e+00,9.135188545312e-02
-4.216421258332e+00,1.016101340164e+00,9.291451154418e-02
-4.216420842727e+00,3.238081866832e+00,9.291533586823e-02
-4.216410986944e+00,6.166066152182e+00,9.115605993161e-02
-4.216365775359e+00,7.137765992828e+00,8.903985341535e-02
-4.216352153999e+00,2.433016458617e+00,9.291496103365e-02
-4.216251067820e+00,1.595748434078e+00,9.291453832819e-02
-4.216232038495e+00,8.425394191011e+00,8.181898442667e-02
-4.216159141688e+00,6.969630578965e+00,8.950918594566e-02
-4.216037265102e+00,4.268565589349e+00,9.291529380732e-02
-4.215723168899e+00,5.338446843510e+00,9.223787555490e-02
-4.215719868864e+00,9.278982531925e+00,6.040922582419e-02
-4.215678874902e+00,7.223003976836e+00,8.878061653685e-02
-4.215652805140e+00,2.980460936202e+00,9.291439009271e-02
-4.215625011640e+00,9.167269164094e+00,6.603288094019e-02
-4.215582818468e+00,1.885571981034e+00,9.291390607400e-02
-4.215373241307e+00,4.642857213877e+00,9.287929668246e-02
-4.215338090468e+00,6.506156341196e+00,9.055734507415e-02
-4.215314574102e+00,5.582929829423e+00,9.196273811946e-02
-4.215277174653e+00,6.886753928772e+00,8.972202391064e-02
-4.215103143405e+00,5.915872393391e+00,9.153247632555e-02
-4.215095670445e+00,7.684059158373e+00,8.701790609656e-02
-4.215077438702e+00,4.526186519978e+00,9.291432697942e-02
-4.214827877630e+00,9.390915775291e+00,5.237609593792e-02
-4.214772156216e+00,6.295644197057e+00,9.094312255228e-02
-4.214545489871e+00,9.055782642272e+00,7.018824064385e-02
-4.214539194755e+00,2.722840005573e+00,9.291306125143e-02
-4.214525799719e+00,2.175395527990e+00,9.291284306085e-02
-4.214457558460e+00,7.309008231442e+00,8.850269450015e-02
-4.213883925357e+00,6.804685107776e+00,8.992201074966e-02
-4.213614108908e+00,8.306558758089e+00,8.299259104003e-02
-4.213562023730e+00,5.382218483725e+00,9.219277097176e-02
-4.213540065585e+00,3.785526344419e+00,9.291234922112e-02
-4.213539444904e+00,4.613826270212e+00,9.290369141476e-02
-4.213484771892e+00,3.527905413790e+00,9.291219223917e-02
-4.213344798548e+00,1.338127503450e+00,9.291122334349e-02
-4.213257107406e+00,1.048303956493e+00,9.291101841634e-02
-4.213249786480e+00,4.043147275048e+00,9.291212332297e-02
-4.213083905402e+00,3.270284483160e+00,9.291165231163e-02
-4.213080011573e+00,2.465219074946e+00,9.291134878971e-02
-4.213043720294e+00,1.627951050406e+00,9.291099735296e-02
-4.212946898802e+00,9.503061907774e+00,3.996959254054e-02
-4.212696203046e+00,7.395768275962e+00,8.820404967957e-02
-4.212613934577e+00,4.300768205678e+00,9.291151445047e-02
-4.212483531938e+00,8.944529920813e+00,7.338281991963e-02
-4.212353872642e+00,1.917774597362e+00,9.291034033864e-02
-4.212337466114e+00,3.012663552531e+00,9.291072921319e-02
-4.212244031554e+00,5.795388732032e+00,9.169944265454e-02
-4.211985336621e+00,6.723434412718e+00,9.011041072170e-02
-4.211957307610e+00,7.979621984808e+00,8.544513437642e-02
-4.211831512774e+00,8.634493619955e+00,7.927313605367e-02
-4.211783191710e+00,5.630178584196e+00,9.190931375353e-02
-4.211632509878e+00,4.558389136307e+00,9.291052234953e-02
-4.211547812238e+00,6.428120738746e+00,9.071070433199e-02
-4.211275255593e+00,2.207598144318e+00,9.290925199194e-02
-4.211245454030e+00,2.755042621902e+00,9.290942255845e-02
-4.211147941752e+00,5.426663320847e+00,9.214627104308e-02
-4.211039673095e+00,7.773879742689e+00,8.659572515698e-02
-4.210900899243e+00,4.959416060132e+00,9.261424607709e-02
-4.210840634940e+00,4.996661407936e+00,9.258033983050e-02
-4.210759086591e+00,4.922906282222e+00,9.264710070081e-02
-4.210573121623e+00,5.034636332689e+00,9.254538237866e-02
-4.210437731267e+00,6.092140511356e+00,9.127899734279e-02
-4.210420406039e+00,4.887138034745e+00,9.267899953744e-02
-4.210389250295e+00,7.483273594027e+00,8.788198164188e-02
-4.210234687803e+00,8.188640956216e+00,8.399808127360e-02
-4.210159931660e+00,3.817728960748e+00,9.290861374178e-02
-4.210159049322e+00,1.370330119778e+00,9.290770207023e-02
-4.210126236267e+00,3.560108030118e+00,9.290848050964e-02
-4.210093224433e+00,5.073334809251e+00,9.250937704068e-02
-4.210092956479e+00,1.080506572821e+00,9.290752085213e-02
-4.210074837947e+00,9.615413927363e+00,1.829576299754e-02
-4.209890103470e+00,4.852117245607e+00,9.270997147192e-02
-4.209848054255e+00,4.075349891377e+00,9.290836357331e-02
-4.209836372767e+00,1.660153666735e+00,9.290745181893e-02
-4.209807869147e+00,2.497421691274e+00,9.290773180140e-02
-4.209746968077e+00,3.302487099489e+00,9.290796382126e-02
-4.209714302461e+00,5.967201999641e+00,9.146549560100e-02
-4.209641328163e+00,6.220079725793e+00,9.107654775446e-02
-4.209587414639e+00,6.643012102403e+00,9.028818091019e-02
-4.209441410574e+00,8.833517937693e+00,7.591444598842e-02
-4.209395845885e+00,5.112750780509e+00,9.247228946545e-02
-4.209190604053e+00,4.332970822006e+00,9.290772989974e-02
-4.209173461377e+00,4.817849809887e+00,9.274003210825e-02
-4.209124926816e+00,1.949977213691e+00,9.290676998063e-02
-4.209022127089e+00,3.044866168860e+00,9.290706346078e-02
-4.208476135852e+00,5.471775046034e+00,9.209832403855e-02
-4.208475926021e+00,5.152878157628e+00,9.243408370761e-02
-4.208275798663e+00,4.784341589638e+00,9.276910930936e-02
-4.208187581053e+00,4.590591752636e+00,9.290671245633e-02
-4.208024711467e+00,2.239800760647e+00,9.290565623475e-02
-4.207974517920e+00,5.678067654006e+00,9.185417243933e-02
-4.207951713304e+00,2.787245238230e+00,9.290577905187e-02
-4.207757363136e+00,8.520440505453e+00,8.079924891209e-02
-4.207531206765e+00,7.571513633914e+00,8.753352338614e-02
-4.207514843668e+00,5.845330203615e+00,9.163775393827e-02
-4.207328442616e+00,5.193710820246e+00,9.239472212134e-02
-4.207282108431e+00,6.350953081792e+00,9.085614721710e-02
-4.207202470460e+00,4.751598413656e+00,9.279733751018e-02
-4.206973300095e+00,1.402532736107e+00,9.290417628968e-02
-4.206928805552e+00,1.112709189150e+00,9.290401884122e-02
-4.206779797735e+00,3.849931577076e+00,9.290487318943e-02
-4.206767700642e+00,3.592310646447e+00,9.290476377150e-02
-4.206696228783e+00,6.563428397310e+00,9.045617726251e-02
-4.206629025241e+00,1.692356283063e+00,9.290390171533e-02
-4.206535726721e+00,2.529624307603e+00,9.290411005727e-02
-4.206446322030e+00,4.107552507706e+00,9.290459868454e-02
-4.206415832831e+00,7.864402045065e+00,8.613473386695e-02
-4.206410030751e+00,3.334689715818e+00,9.290427038499e-02
-4.206100641177e+00,8.071655078328e+00,8.486866644004e-02
-4.205958867942e+00,4.719626077268e+00,9.282474132689e-02
-4.205948411401e+00,5.235242616665e+00,9.235412692683e-02
-4.205895980990e+00,1.982179830019e+00,9.290319498900e-02
-4.205823620059e+00,8.400836627472e+00,8.213179379452e-02
-4.205767273528e+00,4.365173438335e+00,9.290394014203e-02
-4.205706788064e+00,3.077068785188e+00,9.290339282356e-02
-4.205541857961e+00,5.517547320476e+00,9.204887547163e-02
-4.205421442770e+00,8.722753614237e+00,7.796941731847e-02
-4.205007067240e+00,7.030755307866e+00,8.936512813625e-02
-4.204974273566e+00,9.256406034553e+00,6.199343764610e-02
-4.204923657717e+00,7.115065787159e+00,8.912802635142e-02
-4.204774167341e+00,2.272003376975e+00,9.290205577803e-02
-4.204768765109e+00,9.144745773744e+00,6.718456366708e-02
-4.204657972578e+00,2.819447854559e+00,9.290213072001e-02
-4.204568204823e+00,6.947233066944e+00,8.958736605605e-02
-4.204550418121e+00,4.688430342133e+00,9.285124835606e-02
-4.204330886218e+00,5.277467364093e+00,9.231226390777e-02
-4.204312219543e+00,7.200154099840e+00,8.887455804365e-02
-4.204193192715e+00,9.368286713243e+00,5.469046572541e-02
-4.204116644051e+00,7.660477808967e+00,8.715591651308e-02
-4.204053442017e+00,6.145412203952e+00,9.120353724794e-02
-4.204019696677e+00,6.019130607690e+00,9.139621654490e-02
-4.203883967291e+00,5.726590578791e+00,9.179724470554e-02
-4.203787550869e+00,1.434735352435e+00,9.290064599127e-02
-4.203764654626e+00,1.144911805478e+00,9.290051237325e-02
-4.203612891236e+00,6.864509432499e+00,8.979570910561e-02
-4.203578853900e+00,9.033312900014e+00,7.106277629954e-02
-4.203421677715e+00,1.724558899392e+00,9.290034703136e-02
-4.203409165017e+00,3.624513262776e+00,9.290104201233e-02
-4.203399663810e+00,3.882134193405e+00,9.290112755144e-02
-4.203317911307e+00,6.484693479270e+00,9.061516740903e-02
-4.203263584296e+00,2.561826923931e+00,9.290048354584e-02
-4.203167060211e+00,7.286009804458e+00,8.860301481410e-02
-4.203122238841e+00,8.282137202331e+00,8.326042049055e-02
-4.203073093426e+00,3.366892332146e+00,9.290057199064e-02
-4.203044589805e+00,4.139755124034e+00,9.290082864377e-02
-4.202982583649e+00,4.658016936028e+00,9.287693425243e-02
-4.202667035164e+00,2.014382446348e+00,9.289961535270e-02
-4.202547293416e+00,6.274663437600e+00,9.099414358218e-02
-4.202489471493e+00,5.895884922664e+00,9.157400212283e-02
-4.202470959190e+00,5.320378848875e+00,9.226912396635e-02
-4.202423380764e+00,9.480380824657e+00,4.366378021292e-02
-4.202391449038e+00,3.109271401517e+00,9.289971728959e-02
-4.202343943003e+00,4.397376054664e+00,9.290014516420e-02
-4.202340399177e+00,5.563973775663e+00,9.199786790872e-02
-4.202147010997e+00,6.782594735444e+00,8.999174765583e-02
-4.201523623215e+00,2.304205993303e+00,9.289845061053e-02
-4.201482551503e+00,7.372622423553e+00,8.831144657416e-02
-4.201406770961e+00,8.922114366432e+00,7.406919199156e-02
-4.201364231853e+00,2.851650470888e+00,9.289847755115e-02
-4.201260862622e+00,4.628391552646e+00,9.289898929785e-02
-4.201218922929e+00,7.955615373249e+00,8.562942273125e-02
-4.200601801642e+00,1.466937968764e+00,9.289711116438e-02
-4.200600503699e+00,1.177114421807e+00,9.289700143779e-02
-4.200425989689e+00,8.612243854836e+00,7.967024285175e-02
-4.200363760905e+00,5.363970826715e+00,9.222466153517e-02
-4.200214330189e+00,1.756761515720e+00,9.289678775617e-02
-4.200176512082e+00,6.701499269175e+00,9.017652646980e-02
-4.200140199169e+00,7.750155497881e+00,8.674544662748e-02
-4.200050629391e+00,3.656715879104e+00,9.289731521970e-02
-4.200019529885e+00,3.914336809734e+00,9.289737681511e-02
-4.199991441870e+00,2.594029540259e+00,9.289685225562e-02
-4.199736156101e+00,3.399094948475e+00,9.289686862602e-02
-4.199662740617e+00,9.592681368035e+00,2.510179726488e-02
-4.199660002569e+00,8.164356563704e+00,8.422997266730e-02
-4.199642857580e+00,4.171957740363e+00,9.289705343807e-02
-4.199506994292e+00,5.775740869698e+00,9.173845707421e-02
-4.199458657204e+00,6.406817491051e+00,9.076584159324e-02
-4.199438089338e+00,2.046585062676e+00,9.289603106067e-02
-4.199253129808e+00,7.459981443960e+00,8.799757959647e-02
-4.199076110013e+00,3.141474017846e+00,9.289603684690e-02
-4.198920612479e+00,4.429578670992e+00,9.289634495305e-02
-4.198867089873e+00,5.611048013665e+00,9.194524076344e-02
-4.198273079089e+00,2.336408609632e+00,9.289484072094e-02
-4.198254791657e+00,8.811157109673e+00,7.646726187954e-02
-4.198070491127e+00,2.883853087216e+00,9.289481953353e-02
-4.198014992450e+00,6.071651581003e+00,9.132453465037e-02
-4.198004460625e+00,5.408237022869e+00,9.217882870771e-02
-4.197707405826e+00,6.621233289124e+00,9.035096810315e-02
-4.197436352773e+00,1.209317038136e+00,9.289348602443e-02
-4.197433027405e+00,8.495748092553e+00,8.115577314427e-02
-4.197416052416e+00,1.499140585092e+00,9.289357179835e-02
-4.197349743579e+00,6.199261833341e+00,9.112538310498e-02
-4.197201512028e+00,4.943010339233e+00,9.264045422809e-02
-4.197187469712e+00,4.980067010185e+00,9.260698800674e-02
-4.197163495181e+00,5.947046311658e+00,9.150809727159e-02
-4.197014358877e+00,4.906690219586e+00,9.267286632393e-02
-4.197006982662e+00,1.788964132049e+00,9.289322387889e-02
-4.196967055286e+00,5.017854243595e+00,9.257250406120e-02
-4.196719299444e+00,2.626232156588e+00,9.289321617506e-02
-4.196692093766e+00,3.688918495433e+00,9.289358338112e-02
-4.196639395960e+00,3.946539426062e+00,9.289362096772e-02
-4.196631223877e+00,4.871112607663e+00,9.270433700338e-02
-4.196535129289e+00,5.056366018398e+00,9.253698871228e-02
-4.196473296419e+00,7.548076317130e+00,8.765800084813e-02
-4.196399218776e+00,3.431297564804e+00,9.289316027887e-02
-4.196241125356e+00,4.204160356692e+00,9.289327305447e-02
-4.196209143512e+00,2.078787679004e+00,9.289244210181e-02
-4.196057357456e+00,4.836283427232e+00,9.273489451392e-02
-4.195886589615e+00,5.095596281536e+00,9.250040840682e-02
-4.195760770987e+00,3.173676634174e+00,9.289235148346e-02
-4.195596574582e+00,7.840536045180e+00,8.629775103747e-02
-4.195497281954e+00,4.461781287321e+00,9.289253949537e-02
-4.195443782618e+00,8.047509001551e+00,8.507140713347e-02
-4.195415201623e+00,8.376279063934e+00,8.243255390491e-02
-4.195388266469e+00,5.453171132373e+00,9.213157507924e-02
-4.195298046631e+00,4.802208569214e+00,9.276456496190e-02
-4.195124723830e+00,6.329810536083e+00,9.090870406417e-02
-4.195117299964e+00,5.658763607281e+00,9.189093007471e-02
-4.195022534963e+00,2.368611225960e+00,9.289122609793e-02
-4.195016371667e+00,5.135538948205e+00,9.246272804529e-02
-4.194839093452e+00,5.825512009330e+00,9.167773176894e-02
-4.194776750402e+00,2.916055703545e+00,9.289115665535e-02
-4.194745766727e+00,6.541807012376e+00,9.051589836519e-02
-4.194358614810e+00,4.768893891478e+00,9.279325399019e-02
-4.194272201846e+00,1.241519654464e+00,9.288996612269e-02
-4.194230303190e+00,1.531343201421e+00,9.289002788252e-02
-4.194228678268e+00,9.233829537181e+00,6.344918253487e-02
-4.194125235609e+00,8.700448049746e+00,7.842403832738e-02
-4.193919448563e+00,5.176187902053e+00,9.242391087894e-02
-4.193912518578e+00,9.122222383394e+00,6.825579218925e-02
-4.193799635136e+00,1.821166748377e+00,9.288965538862e-02
-4.193558507800e+00,9.345657651194e+00,5.678109980482e-02
-4.193490187362e+00,7.008205891614e+00,8.944642770608e-02
-4.193481540076e+00,7.092365581491e+00,8.921439724876e-02
-4.193447157018e+00,2.658434772916e+00,9.288957529258e-02
-4.193333558141e+00,3.721121111762e+00,9.288984648407e-02
-4.193259262035e+00,3.978742042391e+00,9.288985999652e-02
-4.193244421612e+00,4.736345218618e+00,9.282110604505e-02
-4.193137617657e+00,7.636896459560e+00,8.729036625776e-02
-4.193062281450e+00,3.463500181132e+00,9.288944693692e-02
-4.192980197685e+00,2.110990295333e+00,9.288884846498e-02
-4.192977267958e+00,6.924835554923e+00,8.966389001241e-02
-4.192945564184e+00,7.177304222844e+00,8.896651449012e-02
-4.192839393131e+00,4.236362973021e+00,9.288948747995e-02
-4.192630368774e+00,8.257715646574e+00,8.351866443689e-02
-4.192612217929e+00,9.010843157757e+00,7.188363699287e-02
-4.192590831355e+00,5.217536995373e+00,9.238385168573e-02
-4.192510425580e+00,5.498766820277e+00,9.208284757572e-02
-4.192445431962e+00,3.205879250503e+00,9.288866118722e-02
-4.192073951429e+00,4.493983903650e+00,9.288872877786e-02
-4.191960862676e+00,4.704568341739e+00,9.284814523028e-02
-4.191948607820e+00,6.842264936226e+00,8.986803191159e-02
-4.191899862726e+00,9.457699741539e+00,4.691570135702e-02
-4.191876561962e+00,7.263011377474e+00,8.870114160232e-02
-4.191771990838e+00,2.400813842289e+00,9.288760673012e-02
-4.191695897091e+00,6.124758255722e+00,9.125033876163e-02
-4.191532535416e+00,5.998807765289e+00,9.143994392348e-02
-4.191483009676e+00,2.948258319874e+00,9.288748890477e-02
-4.191297732146e+00,6.463230617345e+00,9.067205848809e-02
-4.191108050920e+00,1.273722270793e+00,9.288644172208e-02
-4.191086439152e+00,5.707114100217e+00,9.183486826698e-02
-4.191044553963e+00,1.563545817749e+00,9.288647940616e-02
-4.191025569191e+00,5.259580049339e+00,9.234257353121e-02
-4.190592287610e+00,1.853369364706e+00,9.288608227443e-02
-4.190513369462e+00,4.673569018254e+00,9.287430521588e-02
-4.190480538248e+00,7.931608761690e+00,8.580767254283e-02
-4.190410096637e+00,6.760504363113e+00,9.006023376549e-02
-4.190330009983e+00,8.899698812052e+00,7.471798918239e-02
-4.190322430617e+00,6.253682678144e+00,9.104440480039e-02
-4.190268899961e+00,7.349476571145e+00,8.841641147908e-02
-4.190175014593e+00,2.690637389245e+00,9.288592959655e-02
-4.189975022516e+00,3.753323728090e+00,9.288610451600e-02
-4.189879128110e+00,4.010944658720e+00,9.288609388869e-02
-4.189875799580e+00,5.875897451938e+00,9.161498639845e-02
-4.189751251859e+00,2.143192911661e+00,9.288525013902e-02
-4.189725344125e+00,3.495702797461e+00,9.288572858783e-02
-4.189437660906e+00,4.268565589349e+00,9.288569670145e-02
-4.189366224252e+00,5.545017721904e+00,9.203259026982e-02
-4.189250643287e+00,9.569948808706e+00,3.083739618507e-02
-4.189240725243e+00,7.726431253073e+00,8.689114576216e-02
-4.189218749481e+00,5.302310854241e+00,9.230004043546e-02
-4.189211502165e+00,1.562500050003e-02,9.291741013359e-02
-4.189211502165e+00,4.687500150008e-02,9.291342436919e-02
-4.189211502165e+00,7.812500250013e-02,9.290968741816e-02
-4.189211502165e+00,1.093750035002e-01,9.290620091824e-02
-4.189211502165e+00,1.406250045003e-01,9.290296640400e-02
-4.189211502165e+00,1.718750055004e-01,9.289998530487e-02
-4.189211502165e+00,2.031250065004e-01,9.289725894317e-02
-4.189211502165e+00,2.343750075005e-01,9.289478853237e-02
-4.189211502165e+00,2.656250085006e-01,9.289257517543e-02
-4.189211502165e+00,2.968750095005e-01,9.289061986329e-02
-4.189211502165e+00,3.281250105004e-01,9.288892347357e-02
-4.189211502165e+00,3.593750115004e-01,9.288748676930e-02
-4.189211502165e+00,3.906250125003e-01,9.288631039793e-02
-4.189211502165e+00,4.218750135002e-01,9.288539489040e-02
-4.189211502165e+00,4.531250145001e-01,9.288474066045e-02
-4.189211502165e+00,4.843750155000e-01,9.288434800399e-02
-4.189211502165e+00,5.156250165000e-01,9.288421709875e-02
-4.189211502165e+00,5.468750175001e-01,9.288421709875e-02
-4.189211502165e+00,5.781250185002e-01,9.288421709875e-02
-4.189211502165e+00,6.093750195002e-01,9.288421709875e-02
-4.189211502165e+00,6.406250205003e-01,9.288421709875e-02
-4.189211502165e+00,6.718750215003e-01,9.288421709875e-02
-4.189211502165e+00,7.031250225004e-01,9.288421709875e-02
-4.189211502165e+00,7.343750235005e-01,9.288421709875e-02
-4.189211502165e+00,7.656250245004e-01,9.288421709875e-02
-4.189211502165e+00,7.968750255003e-01,9.288421709875e-02
-4.189211502165e+00,8.281250265002e-01,9.288421709875e-02
-4.189211502165e+00,8.593750275002e-01,9.288421709875e-02
-4.189211502165e+00,8.906250285002e-01,9.288421709875e-02
-4.189211502165e+00,9.218750295001e-01,9.288421709875e-02
-4.189211502165e+00,9.531250305001e-01,9.288421709875e-02
-4.189211502165e+00,9.843750315000e-01,9.288421709875e-02
-4.189130092936e+00,3.238081866832e+00,9.288496594609e-02
-4.189085317335e+00,8.140072171193e+00,8.445411669095e-02
-4.189020466604e+00,8.589994089717e+00,8.005037682543e-02
-4.188907409048e+00,4.643352971677e+00,9.288514809900e-02
-4.188650620905e+00,4.526186519978e+00,9.288491278723e-02
-4.188521446712e+00,2.433016458617e+00,9.288398260611e-02
-4.188367687543e+00,6.679564125632e+00,9.024149125571e-02
-4.188189268950e+00,2.980460936202e+00,9.288381626994e-02
-4.188117009321e+00,7.436689293894e+00,8.811018674071e-02
-4.187943899993e+00,1.305924887121e+00,9.288291281206e-02
-4.187858804737e+00,1.595748434078e+00,9.288292635853e-02
-4.187640225852e+00,1.016101340164e+00,9.288246387953e-02
-4.187384940084e+00,1.885571981034e+00,9.288250452534e-02
-4.187369502169e+00,6.385514243356e+00,9.082007603973e-02
-4.187165498079e+00,5.345723169705e+00,9.225620796635e-02
-4.187148483936e+00,4.613925891415e+00,9.288323877421e-02
-4.187108691673e+00,8.471055679653e+00,8.149730402926e-02
-4.187068172739e+00,8.788796281653e+00,7.699275882175e-02
-4.186902872167e+00,2.722840005573e+00,9.288227907533e-02
-4.186769957031e+00,5.756093007363e+00,9.177698389104e-02
-4.186616486891e+00,3.785526344419e+00,9.288235746430e-02
-4.186522306033e+00,2.175395527990e+00,9.288164711273e-02
-4.186498994185e+00,4.043147275048e+00,9.288232263139e-02
-4.186388406799e+00,3.527905413790e+00,9.288200521924e-02
-4.186035928681e+00,4.300768205678e+00,9.288190070587e-02
-4.185950988035e+00,5.591917443134e+00,9.198074418260e-02
-4.185827397013e+00,6.599454475845e+00,9.041269390992e-02
-4.185814753911e+00,3.270284483160e+00,9.288126574794e-02
-4.185608794260e+00,9.682397837963e+00,6.608629005730e-06
-4.185592253633e+00,6.051162650651e+00,9.136944066924e-02
-4.185415386074e+00,7.524639000346e+00,8.777942707754e-02
-4.185270902586e+00,2.465219074946e+00,9.288035371446e-02
-4.185227290380e+00,4.558389136307e+00,9.288109151009e-02
-4.185058158996e+00,6.178443940890e+00,9.117351054742e-02
-4.185006783187e+00,8.351721500395e+00,8.272193669764e-02
-4.184895528225e+00,3.012663552531e+00,9.288013873893e-02
-4.184860979497e+00,5.389810724890e+00,9.221102942498e-02
-4.184786924058e+00,8.023362924774e+00,8.526779865353e-02
-4.184779749067e+00,1.338127503450e+00,9.287937938209e-02
-4.184777316334e+00,7.816670045296e+00,8.645620125298e-02
-4.184673055511e+00,1.627951050406e+00,9.287936872884e-02
-4.184612687902e+00,5.926890623675e+00,9.155013361300e-02
-4.184497673225e+00,1.048303956493e+00,9.287895409512e-02
-4.184177592557e+00,1.917774597362e+00,9.287892213034e-02
-4.183630729741e+00,2.755042621902e+00,9.287862371723e-02
-4.183534304483e+00,4.963472612435e+00,9.263338667317e-02
-4.183502124813e+00,4.926604618334e+00,9.266642017029e-02
-4.183483082971e+00,9.211253039809e+00,6.479144438081e-02
-4.183360988948e+00,5.001072154502e+00,9.259936806115e-02
-4.183293360207e+00,2.207598144318e+00,9.287803937486e-02
-4.183269631162e+00,4.890474156948e+00,9.269839722152e-02
-4.183257951266e+00,3.817728960748e+00,9.287860531633e-02
-4.183118860260e+00,4.075349891377e+00,9.287854621174e-02
-4.183056272046e+00,9.099698993043e+00,6.925468833899e-02
-4.183051469474e+00,3.560108030118e+00,9.287827681876e-02
-4.182977034145e+00,5.039397227545e+00,9.256433414714e-02
-4.182967339229e+00,6.308667990374e+00,9.096046351091e-02
-4.182923822885e+00,9.323028589146e+00,5.867889692005e-02
-4.182842041716e+00,4.855087180580e+00,9.272944690319e-02
-4.182829028448e+00,8.678142485255e+00,7.885818087201e-02
-4.182795304670e+00,6.520185627442e+00,9.057463867619e-02
-4.182634196456e+00,4.332970822006e+00,9.287809948008e-02
-4.182499414885e+00,3.302487099489e+00,9.287756058059e-02
-4.182377333345e+00,5.078441782563e+00,9.252825215366e-02
-4.182300397086e+00,5.434567218712e+00,9.216445569214e-02
-4.182260082007e+00,5.639459560557e+00,9.192724706970e-02
-4.182224611442e+00,4.820449608858e+00,9.275959684252e-02
-4.182163343237e+00,5.805693815045e+00,9.171720134338e-02
-4.182158591264e+00,7.613315110153e+00,8.742139011520e-02
-4.182138498707e+00,8.233294090816e+00,8.376782096869e-02
-4.182039422434e+00,7.069665375822e+00,8.929902108073e-02
-4.182020358460e+00,2.497421691274e+00,9.287672004368e-02
-4.181973307484e+00,6.985656475362e+00,8.952613520834e-02
-4.181803959855e+00,4.590591752636e+00,9.287726493307e-02
-4.181645581958e+00,8.988373415499e+00,7.265559916792e-02
-4.181615598140e+00,1.370330119778e+00,9.287584142155e-02
-4.181601787499e+00,3.044866168860e+00,9.287645629982e-02
-4.181578908825e+00,7.154454345848e+00,8.905654824938e-02
-4.181556817313e+00,5.118199738781e+00,9.249108780317e-02
-4.181487306284e+00,1.660153666735e+00,9.287580650630e-02
-4.181422631885e+00,4.786567328541e+00,9.278887357683e-02
-4.181386331093e+00,6.902438042903e+00,8.973895789681e-02
-4.181376344688e+00,9.435018658422e+00,4.980021631049e-02
-4.181355120599e+00,1.080506572821e+00,9.287543984074e-02
-4.180970245031e+00,1.949977213691e+00,9.287533507841e-02
-4.180586063714e+00,7.240012950489e+00,8.879714592679e-02
-4.180510454510e+00,5.158664983861e+00,9.245278447401e-02
-4.180441430957e+00,4.753446193318e+00,9.281719050302e-02
-4.180358587315e+00,2.787245238230e+00,9.287496351053e-02
-4.180284324404e+00,6.820020439953e+00,8.993903031867e-02
-4.180064414381e+00,2.239800760647e+00,9.287442691414e-02
-4.179899415640e+00,3.849931577076e+00,9.287484805940e-02
-4.179742153567e+00,7.907602150131e+00,8.598065128273e-02
-4.179738726335e+00,4.107552507706e+00,9.287476461679e-02
-4.179714532149e+00,3.592310646447e+00,9.287454337394e-02
-4.179478993199e+00,5.479986320077e+00,9.211643506317e-02
-4.179338352164e+00,6.104104307492e+00,9.129647968952e-02
-4.179286372763e+00,4.721092023581e+00,9.284467243830e-02
-4.179277552985e+00,6.441767755419e+00,9.072804147965e-02
-4.179253249006e+00,8.877283257671e+00,7.533220124254e-02
-4.179233251310e+00,5.199831374081e+00,9.241327262243e-02
-4.179232464231e+00,4.365173438335e+00,9.287429301089e-02
-4.179184075860e+00,3.334689715818e+00,9.287385043184e-02
-4.179055248418e+00,7.326330718737e+00,8.851902571196e-02
-4.179045374155e+00,5.978484922887e+00,9.148308073101e-02
-4.178838545957e+00,9.547216249378e+00,3.573655151434e-02
-4.178769814334e+00,2.529624307603e+00,9.287308158228e-02
-4.178673182277e+00,6.738413990781e+00,9.012750307625e-02
-4.178510632101e+00,8.115787778682e+00,8.467089009975e-02
-4.178451447213e+00,1.402532736107e+00,9.287229891984e-02
-4.178341251317e+00,7.702707008264e+00,8.703298071730e-02
-4.178308046773e+00,3.077068785188e+00,9.287276894061e-02
-4.178301557058e+00,1.692356283063e+00,9.287223968005e-02
-4.178288911013e+00,5.687637621643e+00,9.187203319050e-02
-4.178212567972e+00,1.112709189150e+00,9.287192110599e-02
-4.178197891383e+00,8.566456156700e+00,8.042754537348e-02
-4.178097567817e+00,6.232701918687e+00,9.109392392497e-02
-4.177962857410e+00,4.689510606210e+00,9.287135277028e-02
-4.177762897505e+00,1.982179830019e+00,9.287174335846e-02
-4.177720252165e+00,5.241692734585e+00,9.237256854506e-02
-4.177262127668e+00,5.855909981211e+00,9.165544056201e-02
-4.177086444890e+00,2.819447854559e+00,9.287129844345e-02
-4.176980888834e+00,7.413397143827e+00,8.822014309906e-02
-4.176835468555e+00,2.272003376975e+00,9.287080971928e-02
-4.176784355941e+00,8.446363266753e+00,8.182383084159e-02
-4.176558863003e+00,6.657628982088e+00,9.030533559563e-02
-4.176540880015e+00,3.882134193405e+00,9.287108568081e-02
-4.176476320803e+00,4.658707694376e+00,9.287118912813e-02
-4.176392049326e+00,5.526061668144e+00,9.206691307048e-02
-4.176377594824e+00,3.624513262776e+00,9.287080487230e-02
-4.176358592410e+00,4.139755124034e+00,9.287097783358e-02
-4.175966539772e+00,5.284242859606e+00,9.233063097012e-02
-4.175881553821e+00,8.766435453633e+00,7.749290264014e-02
-4.175868736834e+00,3.366892332146e+00,9.287013528944e-02
-4.175830732007e+00,4.397376054664e+00,9.287048128507e-02
-4.175519270208e+00,2.561826923931e+00,9.286943831869e-02
-4.175308368808e+00,9.659614348516e+00,1.008908724044e-02
-4.175287296287e+00,1.434735352435e+00,9.286875186629e-02
-4.175280347134e+00,6.364210995660e+00,9.087341097926e-02
-4.175115807831e+00,1.724558899392e+00,9.286866823921e-02
-4.175070015345e+00,1.144911805478e+00,9.286839788042e-02
-4.175014306048e+00,3.109271401517e+00,9.286907664928e-02
-4.174832234447e+00,4.628689007326e+00,9.286940860423e-02
-4.174598364751e+00,8.327163936857e+00,8.300056573055e-02
-4.174555549979e+00,2.014382446348e+00,9.286814695940e-02
-4.174357475729e+00,7.501201683563e+00,8.789791219656e-02
-4.174130065498e+00,7.999216847997e+00,8.545813111727e-02
-4.174032919770e+00,5.736445145029e+00,9.181503305864e-02
-4.173967235253e+00,5.327475512695e+00,9.228741656728e-02
-4.173958058086e+00,7.792804045411e+00,8.661027132250e-02
-4.173947388200e+00,6.577675662566e+00,9.047338580008e-02
-4.173814302464e+00,2.851650470888e+00,9.286762850421e-02
-4.173606522729e+00,2.304205993303e+00,9.286718777893e-02
-4.173182344390e+00,3.914336809734e+00,9.286731816778e-02
-4.173169514815e+00,6.030673720299e+00,9.141372933252e-02
-4.173040657498e+00,3.656715879104e+00,9.286706130132e-02
-4.173034886197e+00,5.572786872604e+00,9.201583229240e-02
-4.172978458485e+00,4.171957740363e+00,9.286718584911e-02
-4.172766574412e+00,6.157626048438e+00,9.122094625048e-02
-4.172737487673e+00,9.188676542438e+00,6.603296437611e-02
-4.172553397809e+00,3.399094948475e+00,9.286641514110e-02
-4.172428999782e+00,4.429578670992e+00,9.286666428935e-02
-4.172289137970e+00,9.300399527097e+00,6.040931695742e-02
-4.172268726082e+00,2.594029540259e+00,9.286579024133e-02
-4.172200025515e+00,9.077175602693e+00,7.018831660177e-02
-4.172123145360e+00,1.466937968764e+00,9.286520025022e-02
-4.172061880623e+00,5.906734935692e+00,9.159161669648e-02
-4.171930058605e+00,1.756761515720e+00,9.286509217288e-02
-4.171927462719e+00,1.177114421807e+00,9.286487015356e-02
-4.171720565322e+00,3.141474017846e+00,9.286537941379e-02
-4.171717498370e+00,5.371384426911e+00,9.224287980934e-02
-4.171646628640e+00,8.208872535058e+00,8.400835467329e-02
-4.171532821288e+00,8.655836920764e+00,7.927319008790e-02
-4.171348202452e+00,2.046585062676e+00,9.286454587008e-02
-4.171179564870e+00,7.589733760746e+00,8.754911627424e-02
-4.170852826649e+00,9.412337575304e+00,5.237619325996e-02
-4.170844842614e+00,6.498564242508e+00,9.063242298963e-02
-4.170809954627e+00,6.287525444665e+00,9.101144442901e-02
-4.170678945988e+00,8.965903673242e+00,7.338288908693e-02
-4.170597304793e+00,7.046965170154e+00,8.938195066905e-02
-4.170542160038e+00,2.883853087216e+00,9.286395368097e-02
-4.170456427606e+00,6.963107059110e+00,8.960419494218e-02
-4.170377576903e+00,2.336408609632e+00,9.286356108170e-02
-4.170212253466e+00,7.131604468852e+00,8.914471917779e-02
-4.169881139254e+00,4.946878214685e+00,9.265953994659e-02
-4.169823808765e+00,3.946539426062e+00,9.286354550751e-02
-4.169802737598e+00,4.910198897435e+00,9.269213230271e-02
-4.169795394228e+00,6.880040530882e+00,8.981262188835e-02
-4.169754922611e+00,4.984290065408e+00,9.262597867736e-02
-4.169703720173e+00,3.688918495433e+00,9.286331264844e-02
-4.169598324560e+00,4.204160356692e+00,9.286338865030e-02
-4.169524903448e+00,4.874258094311e+00,9.272369718994e-02
-4.169487593021e+00,5.785875620760e+00,9.175617317205e-02
-4.169418939001e+00,5.022428436693e+00,9.259141783648e-02
-4.169402864051e+00,5.620155513832e+00,9.196313214710e-02
-4.169295565465e+00,7.217014523505e+00,8.889109589095e-02
-4.169238058783e+00,3.431297564804e+00,9.286268997451e-02
-4.169212527703e+00,5.415963305051e+00,9.219697282393e-02
-4.169052859554e+00,4.839061753497e+00,9.275433287771e-02
-4.169027267557e+00,4.461781287321e+00,9.286284201042e-02
-4.169018181956e+00,2.626232156588e+00,9.286213733859e-02
-4.169003768886e+00,7.883595538573e+00,8.614863835122e-02
-4.168958994434e+00,1.499140585092e+00,9.286164406090e-02
-4.168868077075e+00,5.061287283589e+00,9.255582540060e-02
-4.168784910092e+00,1.209317038136e+00,9.286133791490e-02
-4.168744309378e+00,1.788964132049e+00,9.286151147011e-02
-4.168620040987e+00,6.797775943680e+00,9.000874096620e-02
-4.168426824596e+00,3.173676634174e+00,9.286167722203e-02
-4.168426448628e+00,9.524483690050e+00,3.996968835970e-02
-4.168391865429e+00,4.804615790483e+00,9.278408195108e-02
-4.168176488028e+00,8.854867703290e+00,7.591450912624e-02
-4.168140854926e+00,2.078787679004e+00,9.286094007933e-02
-4.168097262959e+00,5.100860529358e+00,9.251916789108e-02
-4.167958264023e+00,8.541630055785e+00,8.080115687819e-02
-4.167935946867e+00,8.091503386170e+00,8.488064589488e-02
-4.167841596876e+00,7.303184866329e+00,8.861936709418e-02
-4.167547217139e+00,4.770926087868e+00,9.281297037619e-02
-4.167441777392e+00,7.678982763456e+00,8.717110160955e-02
-4.167270017612e+00,2.916055703545e+00,9.286027396185e-02
-4.167257373824e+00,6.420304893494e+00,9.078308871792e-02
-4.167148631077e+00,2.368611225960e+00,9.285992961621e-02
-4.167101460456e+00,5.141142065668e+00,9.248136330751e-02
-4.166980807237e+00,6.083450359261e+00,9.134197481639e-02
-4.166936267917e+00,6.716323618450e+00,9.019358840859e-02
-4.166558212895e+00,5.958162080486e+00,9.152563974927e-02
-4.166524247104e+00,4.737998495159e+00,9.284092207720e-02
-4.166465273140e+00,3.978742042391e+00,9.285976768715e-02
-4.166460020210e+00,8.421670853853e+00,8.213750667533e-02
-4.166447560818e+00,5.461205819878e+00,9.214964523414e-02
-4.166366782848e+00,3.721121111762e+00,9.285955890105e-02
-4.166218190635e+00,4.236362973021e+00,9.285958622407e-02
-4.165922719758e+00,3.463500181132e+00,9.285895977730e-02
-4.165875671264e+00,5.182125752789e+00,9.244239508466e-02
-4.165872705018e+00,6.211721159231e+00,9.114271815240e-02
-4.165844768347e+00,7.390104993760e+00,8.832757626751e-02
-4.165794843507e+00,1.531343201421e+00,9.285808328759e-02
-4.165767637830e+00,2.658434772916e+00,9.285847959881e-02
-4.165642357465e+00,1.241519654464e+00,9.285780115391e-02
-4.165625535332e+00,4.493983903650e+00,9.285901443492e-02
-4.165558560152e+00,1.821166748377e+00,9.285792611992e-02
-4.165491382874e+00,5.668161143069e+00,9.190874867028e-02
-4.165328323915e+00,4.705838828543e+00,9.285850943466e-02
-4.165133083871e+00,3.205879250503e+00,9.285797006187e-02
-4.165007943356e+00,9.636830859069e+00,1.829582407303e-02
-4.164933507400e+00,2.110990295333e+00,9.285732957594e-02
-4.164750038464e+00,6.635693838545e+00,9.036808897625e-02
-4.164694934904e+00,8.744074625612e+00,7.796947513715e-02
-4.164648455756e+00,5.835922510484e+00,9.169537572056e-02
-4.164414935139e+00,5.223805419830e+00,9.240225455092e-02
-4.164189946315e+00,8.302606373319e+00,8.326902040340e-02
-4.163997875186e+00,2.948258319874e+00,9.285658933495e-02
-4.163964852145e+00,4.674452870681e+00,9.285703358155e-02
-4.163919685251e+00,2.400813842289e+00,9.285629337098e-02
-4.163473206939e+00,7.975070771219e+00,8.564260275179e-02
-4.163417874401e+00,5.507105614384e+00,9.210084398730e-02
-4.163299565384e+00,7.477764366779e+00,8.801348012627e-02
-4.163191192099e+00,6.342907747965e+00,9.092592851959e-02
-4.163138799838e+00,7.768938045526e+00,8.676013817825e-02
-4.163106737515e+00,4.010944658720e+00,9.285598469382e-02
-4.163029845522e+00,3.753323728090e+00,9.285580004653e-02
-4.162838056710e+00,4.268565589349e+00,9.285577855728e-02
-4.162714330063e+00,5.266174864971e+00,9.236090144118e-02
-4.162630692580e+00,1.563545817749e+00,9.285451791949e-02
-4.162607380733e+00,3.495702797461e+00,9.285522453706e-02
-4.162517093704e+00,2.690637389245e+00,9.285481701030e-02
-4.162499804838e+00,1.273722270793e+00,9.285425986002e-02
-4.162439272144e+00,4.643846370497e+00,9.285537131088e-02
-4.162372810926e+00,1.853369364706e+00,9.285433611131e-02
-4.162223803107e+00,4.526186519978e+00,9.285518154945e-02
-4.162067379387e+00,6.555896849286e+00,9.053307033953e-02
-4.161991892376e+00,9.166100045066e+00,6.718464547958e-02
-4.161839343145e+00,3.238081866832e+00,9.285425792115e-02
-4.161726159874e+00,2.143192911661e+00,9.285371434868e-02
-4.161654453055e+00,9.277770465049e+00,6.199352721173e-02
-4.161343778984e+00,9.054652212343e+00,7.106285076243e-02
-4.161295882509e+00,5.716797282694e+00,9.185261427500e-02
-4.161154758573e+00,8.184450979301e+00,8.424069937904e-02
-4.160768972428e+00,5.309227855685e+00,9.231829349459e-02
-4.160757059846e+00,4.614025042976e+00,9.285352929736e-02
-4.160746775998e+00,6.010184789946e+00,9.145741418586e-02
-4.160725732760e+00,2.980460936202e+00,9.285289978832e-02
-4.160690739425e+00,2.433016458617e+00,9.285265233456e-02
-4.160474989828e+00,6.136808155987e+00,9.126770591699e-02
-4.160419670536e+00,1.562500050003e-02,9.288561440481e-02
-4.160419670536e+00,7.812500250013e-02,9.287774831191e-02
-4.160419670536e+00,1.093750035002e-01,9.287419690391e-02
-4.160419670536e+00,1.406250045003e-01,9.287090207320e-02
-4.160419670536e+00,1.718750055004e-01,9.286786529823e-02
-4.160419670536e+00,2.031250065004e-01,9.286508794681e-02
-4.160419670536e+00,2.343750075005e-01,9.286257127423e-02
-4.160419670536e+00,2.656250085006e-01,9.286031642152e-02
-4.160419670536e+00,2.968750095005e-01,9.285832441392e-02
-4.160419670536e+00,3.906250125003e-01,9.285393394824e-02
-4.160419670536e+00,4.843750155000e-01,9.285193461261e-02
-4.160419670536e+00,5.156250165000e-01,9.285180124184e-02
-4.160419670536e+00,6.093750195002e-01,9.285180124184e-02
-4.160419670536e+00,7.031250225004e-01,9.285180124184e-02
-4.160419670536e+00,7.656250245004e-01,9.285180124184e-02
-4.160419670536e+00,8.906250285002e-01,9.285180124184e-02
-4.160419670536e+00,9.218750295001e-01,9.285180124184e-02
-4.160419670536e+00,9.531250305001e-01,9.285180124184e-02
-4.160419670536e+00,4.687500150008e-02,9.288155471009e-02
-4.160419670536e+00,3.593750115004e-01,9.285513244756e-02
-4.160419670536e+00,4.531250145001e-01,9.285233466359e-02
-4.160419670536e+00,5.781250185002e-01,9.285180124184e-02
-4.160419670536e+00,6.718750215003e-01,9.285180124184e-02
-4.160419670536e+00,7.343750235005e-01,9.285180124184e-02
-4.160419670536e+00,7.968750255003e-01,9.285180124184e-02
-4.160419670536e+00,8.281250265002e-01,9.285180124184e-02
-4.160419670536e+00,8.593750275002e-01,9.285180124184e-02
-4.160419670536e+00,9.843750315000e-01,9.285180124184e-02
-4.160419670536e+00,3.281250105004e-01,9.285659615943e-02
-4.160419670536e+00,4.218750135002e-01,9.285300121088e-02
-4.160419670536e+00,5.468750175001e-01,9.285180124184e-02
-4.160419670536e+00,6.406250205003e-01,9.285180124184e-02
-4.160329308611e+00,9.389656492187e+00,5.469056218228e-02
-4.160236614127e+00,8.633531356273e+00,7.967029597766e-02
-4.160200538476e+00,7.566152411339e+00,8.767366672359e-02
-4.160118784360e+00,5.553656302073e+00,9.205051317059e-02
-4.159748201890e+00,4.043147275048e+00,9.285219651459e-02
-4.159712310017e+00,8.943433930985e+00,7.406925983400e-02
-4.159692908197e+00,3.785526344419e+00,9.285203607218e-02
-4.159511073343e+00,5.886579247710e+00,9.163255826877e-02
-4.159466541654e+00,1.595748434078e+00,9.285094794579e-02
-4.159457922785e+00,4.300768205678e+00,9.285196563675e-02
-4.159357252212e+00,1.305924887121e+00,9.285071402263e-02
-4.159292041707e+00,3.527905413790e+00,9.285148424135e-02
-4.159266549578e+00,2.722840005573e+00,9.285114956132e-02
-4.159187061699e+00,1.885571981034e+00,9.285074143324e-02
-4.159155187152e+00,7.024264964485e+00,8.946323678710e-02
-4.158939547729e+00,6.940557642858e+00,8.968069029809e-02
-4.158894380557e+00,6.476942857574e+00,9.068927530383e-02
-4.158859193372e+00,1.016101340164e+00,9.285003955193e-02
-4.158845598107e+00,7.108754591855e+00,8.923108473952e-02
-4.158822070882e+00,4.558389136307e+00,9.285134334057e-02
-4.158652570026e+00,6.266382898956e+00,9.106166512604e-02
-4.158574017243e+00,5.352958128933e+00,9.227438632092e-02
-4.158545602420e+00,3.270284483160e+00,9.285054078764e-02
-4.158518812347e+00,2.175395527990e+00,9.285009438625e-02
-4.158265384204e+00,7.859588927014e+00,8.631184373876e-02
-4.158204457363e+00,6.857643018861e+00,8.988492153074e-02
-4.158014351298e+00,9.501751130721e+00,4.366387822103e-02
-4.158005067217e+00,7.194016096521e+00,8.898305679071e-02
-4.157718636664e+00,8.516803954871e+00,8.115878955557e-02
-4.157461793599e+00,2.465219074946e+00,9.284900649541e-02
-4.157453590335e+00,3.012663552531e+00,9.284920530997e-02
-4.157361261634e+00,8.067218993659e+00,8.508371515243e-02
-4.157099727051e+00,8.832452148909e+00,7.646732385867e-02
-4.156955757571e+00,6.775531447407e+00,9.007719920154e-02
-4.156811842806e+00,5.766057426475e+00,9.179465749196e-02
-4.156627945334e+00,7.280039013921e+00,8.871751013493e-02
-4.156545646095e+00,5.600851467108e+00,9.199859381251e-02
-4.156542303466e+00,7.655258518648e+00,8.730565101620e-02
-4.156389666265e+00,4.075349891377e+00,9.284840313650e-02
-4.156355970872e+00,3.817728960748e+00,9.284826696528e-02
-4.156302390727e+00,1.627951050406e+00,9.284737335563e-02
-4.156227974026e+00,4.930283816934e+00,9.268545185770e-02
-4.156214699585e+00,1.338127503450e+00,9.284716363110e-02
-4.156148856274e+00,4.967507976314e+00,9.265234011783e-02
-4.156135684478e+00,8.396978440953e+00,8.243906314254e-02
-4.156124658320e+00,5.397359391390e+00,9.222913325732e-02
-4.156103350382e+00,4.893793176536e+00,9.271760936107e-02
-4.156077788860e+00,4.332970822006e+00,9.284814744925e-02
-4.156016005452e+00,2.755042621902e+00,9.284747724011e-02
-4.156001312473e+00,1.917774597362e+00,9.284714207462e-02
-4.155976702682e+00,3.560108030118e+00,9.284773887769e-02
-4.155860843857e+00,5.005459645840e+00,9.261824417562e-02
-4.155780175734e+00,4.858042031674e+00,9.274876994747e-02
-4.155738239045e+00,1.048303956493e+00,9.284651280066e-02
-4.155420338658e+00,4.590591752636e+00,9.284749979480e-02
-4.155358820805e+00,5.044132784616e+00,9.258313274095e-02
-4.155311464821e+00,2.207598144318e+00,9.284646967737e-02
-4.155263677392e+00,4.823036326415e+00,9.277899849367e-02
-4.155251861694e+00,3.302487099489e+00,9.284681864911e-02
-4.155237194663e+00,6.398842031568e+00,9.083722282166e-02
-4.155199353557e+00,6.694233246118e+00,9.025852145578e-02
-4.154708647860e+00,7.366812843693e+00,8.843257165142e-02
-4.154707517904e+00,9.614047369623e+00,2.510187390809e-02
-4.154637708605e+00,5.083521319935e+00,9.254697311174e-02
-4.154623262310e+00,6.062796411031e+00,9.138683850993e-02
-4.154559119415e+00,4.788781972108e+00,9.280835326256e-02
-4.154232847772e+00,2.497421691274e+00,9.284535584199e-02
-4.154181447909e+00,3.044866168860e+00,9.284550588789e-02
-4.154071051634e+00,5.937839238085e+00,9.156763341170e-02
-4.153781527879e+00,8.278048809780e+00,8.352783975377e-02
-4.153692466403e+00,5.123619147476e+00,9.250965870403e-02
-4.153671802393e+00,4.755284847195e+00,9.283685966428e-02
-4.153647842219e+00,6.190740399774e+00,9.119080417624e-02
-4.153508315986e+00,8.721713797592e+00,7.842409513595e-02
-4.153416128438e+00,5.442425319678e+00,9.218248521446e-02
-4.153138239801e+00,1.660153666735e+00,9.284379413814e-02
-4.153072146958e+00,1.370330119778e+00,9.284360867478e-02
-4.153031130639e+00,4.107552507706e+00,9.284460454652e-02
-4.153019033546e+00,3.849931577076e+00,9.284449271308e-02
-4.152941213925e+00,6.613758695002e+00,9.042977989721e-02
-4.152816348379e+00,7.950924694442e+00,8.582103644388e-02
-4.152815563246e+00,1.949977213691e+00,9.284353802434e-02
-4.152765461327e+00,2.787245238230e+00,9.284380003488e-02
-4.152697654935e+00,4.365173438335e+00,9.284432398151e-02
-4.152693854735e+00,5.648684664496e+00,9.194502366865e-02
-4.152661363656e+00,3.592310646447e+00,9.284398843357e-02
-4.152617284718e+00,1.080506572821e+00,9.284298154541e-02
-4.152607063251e+00,4.722550796999e+00,9.284408095442e-02
-4.152518091218e+00,5.164420131497e+00,9.247122430139e-02
-4.152319541590e+00,7.745072045641e+00,8.690596951366e-02
-4.152241655039e+00,7.454327049996e+00,8.812609665958e-02
-4.152104117295e+00,2.239800760647e+00,9.284284021067e-02
-4.152034783844e+00,5.815935039758e+00,9.173480268828e-02
-4.151958120968e+00,3.334689715818e+00,9.284309149326e-02
-4.151370275067e+00,4.690585633506e+00,9.284274299428e-02
-4.151246297078e+00,9.143523547694e+00,6.825587239567e-02
-4.151109618113e+00,5.205918105076e+00,9.243163702465e-02
-4.151102037065e+00,6.321604500270e+00,9.097764817095e-02
-4.151019768140e+00,9.255141403000e+00,6.344927048019e-02
-4.151003901946e+00,2.529624307603e+00,9.284170036270e-02
-4.150909305483e+00,3.077068785188e+00,9.284180151001e-02
-4.150662888506e+00,8.160029423543e+00,8.446526063661e-02
-4.150487532453e+00,9.032128821993e+00,7.188370999667e-02
-4.150443699475e+00,5.488149560625e+00,9.213439051129e-02
-4.150187370574e+00,6.534118036007e+00,9.059177322688e-02
-4.149974088874e+00,1.692356283063e+00,9.284021028240e-02
-4.149966846879e+00,4.659395135152e+00,9.284121589848e-02
-4.149929594331e+00,1.402532736107e+00,9.284004914297e-02
-4.149805790573e+00,9.366975409069e+00,5.678119510263e-02
-4.149682096221e+00,3.882134193405e+00,9.284071330277e-02
-4.149672595014e+00,4.139755124034e+00,9.284080073162e-02
-4.149629814020e+00,1.982179830019e+00,9.283992927126e-02
-4.149514917201e+00,2.819447854559e+00,9.284011793378e-02
-4.149496330392e+00,1.112709189150e+00,9.283944577570e-02
-4.149462120354e+00,5.248106870336e+00,9.239085758625e-02
-4.149346024631e+00,3.624513262776e+00,9.284023289642e-02
-4.149317521010e+00,4.397376054664e+00,9.284049522023e-02
-4.149221512082e+00,7.542571061932e+00,8.779515761956e-02
-4.148940406966e+00,8.611225791782e+00,8.005042907171e-02
-4.148896769769e+00,2.272003376975e+00,9.283920597478e-02
-4.148745674046e+00,8.920964188727e+00,7.471805573793e-02
-4.148664380243e+00,3.366892332146e+00,9.283935930778e-02
-4.148558845248e+00,5.697149420360e+00,9.188973699045e-02
-4.148402223486e+00,4.628985046618e+00,9.283950601646e-02
-4.148324037181e+00,5.989695859594e+00,9.150050840049e-02
-4.148183405244e+00,6.115990263536e+00,9.131380480026e-02
-4.147774956120e+00,2.561826923931e+00,9.283804004593e-02
-4.147713069510e+00,7.001564758817e+00,8.954289100010e-02
-4.147637163057e+00,3.109271401517e+00,9.283809216424e-02
-4.147602253968e+00,9.479018571393e+00,4.691580035655e-02
-4.147570709602e+00,5.290980198675e+00,9.234884476358e-02
-4.147526999523e+00,7.835582315455e+00,8.647046602118e-02
-4.147479009306e+00,8.491977853956e+00,8.150118037400e-02
-4.147478942748e+00,7.085904714859e+00,8.931570012389e-02
-4.147422667851e+00,6.918008226607e+00,8.975573852060e-02
-4.147202682522e+00,5.534525731542e+00,9.208479469726e-02
-4.146960266064e+00,5.866423559727e+00,9.167296976269e-02
-4.146943918501e+00,6.455321472640e+00,9.074516328843e-02
-4.146809937948e+00,1.724558899392e+00,9.283662177745e-02
-4.146787041705e+00,1.434735352435e+00,9.283648502494e-02
-4.146786576400e+00,8.042934601148e+00,8.528040868737e-02
-4.146714568968e+00,7.171017669537e+00,8.907309125638e-02
-4.146613520498e+00,6.835245506841e+00,8.995589494710e-02
-4.146495185424e+00,6.245240353247e+00,9.111114336600e-02
-4.146444064794e+00,2.014382446348e+00,9.283631580419e-02
-4.146375376065e+00,1.144911805478e+00,9.283590548102e-02
-4.146345158896e+00,3.914336809734e+00,9.283692872151e-02
-4.146314059389e+00,4.171957740363e+00,9.283699167869e-02
-4.146264373075e+00,2.851650470888e+00,9.283643092494e-02
-4.146030685605e+00,3.656715879104e+00,9.283647225364e-02
-4.146022966073e+00,8.810036594529e+00,7.699281967694e-02
-4.145937387085e+00,4.429578670992e+00,9.283666115205e-02
-4.145811348746e+00,8.372286028053e+00,8.272917812150e-02
-4.145689422242e+00,2.304205993303e+00,9.283556695828e-02
-4.145642829540e+00,7.631534273839e+00,8.743676443882e-02
-4.145430536115e+00,5.334531830954e+00,9.230555526985e-02
-4.145414293792e+00,7.256893161513e+00,8.881352620393e-02
-4.145370639517e+00,3.399094948475e+00,9.283562208029e-02
-4.145291474155e+00,6.753286951134e+00,9.014443913585e-02
-4.144546010294e+00,2.594029540259e+00,9.283437488002e-02
-4.144407092452e+00,9.591263880176e+00,3.083748293439e-02
-4.144365020632e+00,3.141474017846e+00,9.283437783844e-02
-4.144136092590e+00,5.746239232190e+00,9.183266427527e-02
-4.143688428139e+00,5.581547420384e+00,9.203364036084e-02
-4.143645787021e+00,1.756761515720e+00,9.283302861231e-02
-4.143644489078e+00,1.466937968764e+00,9.283291630993e-02
-4.143572527373e+00,7.343520693627e+00,8.853521093856e-02
-4.143462439197e+00,6.672142873787e+00,9.032233283131e-02
-4.143373109444e+00,8.253491246242e+00,8.377752587360e-02
-4.143258315567e+00,2.046585062676e+00,9.283269761194e-02
-4.143254421738e+00,1.177114421807e+00,9.283236065081e-02
-4.143217015502e+00,6.377379169643e+00,9.089051882895e-02
-4.143036788937e+00,5.378755477729e+00,9.226094361568e-02
-4.143013828949e+00,2.883853087216e+00,9.283273899644e-02
-4.143008221570e+00,3.946539426062e+00,9.283313895641e-02
-4.142955523764e+00,4.204160356692e+00,9.283317737460e-02
-4.142715346580e+00,3.688918495433e+00,9.283270649259e-02
-4.142574808797e+00,4.913689419184e+00,9.271112635317e-02
-4.142557253160e+00,4.461781287321e+00,9.283282176358e-02
-4.142542789936e+00,4.950725887221e+00,9.267845650196e-02
-4.142482074716e+00,2.336408609632e+00,9.283192314972e-02
-4.142403963167e+00,4.877387455637e+00,9.274285631212e-02
-4.142321697068e+00,8.699352969572e+00,7.885823670070e-02
-4.142302748712e+00,4.988490854987e+00,9.264481746637e-02
-4.142265717383e+00,6.042142462801e+00,9.143108473500e-02
-4.142159489819e+00,7.926778617665e+00,8.599423634641e-02
-4.142076898791e+00,3.431297564804e+00,9.283187979839e-02
-4.142035448019e+00,4.841825969037e+00,9.277361913630e-02
-4.141849564536e+00,5.026978285643e+00,9.261017866927e-02
-4.141583890373e+00,5.917516395684e+00,9.160907381483e-02
-4.141500283342e+00,7.721206045756e+00,8.704792437333e-02
-4.141474495231e+00,4.807010899332e+00,9.280344724553e-02
-4.141422979420e+00,6.169759640318e+00,9.123819820504e-02
-4.141317064468e+00,2.626232156588e+00,9.283070485326e-02
-4.141183744693e+00,7.430889733212e+00,8.823609413395e-02
-4.141178154252e+00,5.066182110512e+00,9.257448839101e-02
-4.141132389385e+00,6.591823551458e+00,9.049043591157e-02
-4.141092878206e+00,3.173676634174e+00,9.283065852045e-02
-4.140726373401e+00,4.772948153734e+00,9.283043009386e-02
-4.140501936451e+00,1.499140585092e+00,9.282934298715e-02
-4.140500701780e+00,9.120947050323e+00,6.925476696418e-02
-4.140481636095e+00,1.788964132049e+00,9.282943077598e-02
-4.140385083225e+00,9.232512340952e+00,6.479153067926e-02
-4.140384696057e+00,5.423644819479e+00,9.221496196056e-02
-4.140283472349e+00,5.106096229284e+00,9.253767555030e-02
-4.140218284954e+00,9.703704310519e+00,6.608629069046e-06
-4.140171018439e+00,8.135607867785e+00,8.468241796655e-02
-4.140133467411e+00,1.209317038136e+00,9.282881127452e-02
-4.140072566341e+00,2.078787679004e+00,9.282907468325e-02
-4.139896326596e+00,5.629208185922e+00,9.198086692315e-02
-4.139796387647e+00,4.739643606522e+00,9.282943972229e-02
-4.139763284823e+00,2.916055703545e+00,9.282904213634e-02
-4.139671284245e+00,3.978742042391e+00,9.282934399454e-02
-4.139631285922e+00,9.009605431643e+00,7.265567075013e-02
-4.139596988139e+00,4.236362973021e+00,9.282935780617e-02
-4.139421111932e+00,5.795947569031e+00,9.177373199584e-02
-4.139400007554e+00,3.721121111762e+00,9.282893560059e-02
-4.139282272535e+00,9.344294325952e+00,5.867899085502e-02
-4.139274727190e+00,2.368611225960e+00,9.282827453762e-02
-4.139177119235e+00,4.493983903650e+00,9.282897704138e-02
-4.139160511173e+00,5.146714510205e+00,9.249976538601e-02
-4.139012882030e+00,6.300301252574e+00,9.102858885526e-02
-4.138783158066e+00,3.463500181132e+00,9.282813244965e-02
-4.138689879398e+00,4.707103098839e+00,9.282824546250e-02
-4.138307361761e+00,6.512339222728e+00,9.064951932813e-02
-4.138242485688e+00,7.518989712526e+00,8.791369962810e-02
-4.138215154017e+00,8.587593697197e+00,8.042823927284e-02
-4.138088118642e+00,2.658434772916e+00,9.282702995393e-02
-4.137820735780e+00,3.205879250503e+00,9.282693419804e-02
-4.137804301086e+00,5.188030790321e+00,9.246072131972e-02
-4.137779038076e+00,8.898494446470e+00,7.533226654875e-02
-4.137469524550e+00,5.469193506865e+00,9.216755995333e-02
-4.137412226219e+00,4.675332438468e+00,9.282685277409e-02
-4.137359383825e+00,1.531343201421e+00,9.282576504576e-02
-4.137317485168e+00,1.821166748377e+00,9.282582825739e-02
-4.137239381947e+00,8.467151753041e+00,8.182864308126e-02
-4.137190156639e+00,9.456286012064e+00,4.980031545576e-02
-4.137012513084e+00,1.241519654464e+00,9.282525734151e-02
-4.136886817114e+00,2.110990295333e+00,9.282544700683e-02
-4.136788614842e+00,7.811575703896e+00,8.662469311690e-02
-4.136512740697e+00,2.948258319874e+00,9.282534033265e-02
-4.136334346920e+00,4.010944658720e+00,9.282554382294e-02
-4.136270951869e+00,6.978864553148e+00,8.962086052720e-02
-4.136238452514e+00,4.268565589349e+00,9.282553296017e-02
-4.136211891166e+00,8.018650208637e+00,8.547101856970e-02
-4.136209910645e+00,5.230038875702e+00,9.242050501325e-02
-4.136112287389e+00,7.063054837863e+00,8.939861835584e-02
-4.136084668529e+00,3.753323728090e+00,9.282515956492e-02
-4.136067379664e+00,2.400813842289e+00,9.282462111045e-02
-4.135968841614e+00,4.644337399623e+00,9.282526761608e-02
-4.135905787973e+00,6.895458810355e+00,8.982938078746e-02
-4.135901298364e+00,5.969206929241e+00,9.154302478582e-02
-4.135891820661e+00,6.095172371084e+00,9.135925771975e-02
-4.135821807987e+00,5.677501558026e+00,9.192641041524e-02
-4.135796985310e+00,4.526186519978e+00,9.282512697196e-02
-4.135489417340e+00,3.495702797461e+00,9.282438002158e-02
-4.135487013015e+00,8.347593615153e+00,8.300848053593e-02
-4.135424070719e+00,7.148019242552e+00,8.916125938606e-02
-4.135022583633e+00,6.812847994820e+00,9.002557890246e-02
-4.134993456444e+00,6.433700087706e+00,9.080011838552e-02
-4.134946205096e+00,8.787621040148e+00,7.749296240517e-02
-4.134859172816e+00,2.690637389245e+00,9.282335017026e-02
-4.134743355614e+00,7.607810029031e+00,8.756457073353e-02
-4.134548593354e+00,3.238081866832e+00,9.282320485897e-02
-4.134409458785e+00,5.846267871744e+00,9.171286230733e-02
-4.134372446776e+00,5.272732541665e+00,9.237907625207e-02
-4.134365174827e+00,4.614123722739e+00,9.282349646547e-02
-4.134337800823e+00,6.224097807538e+00,9.115989638893e-02
-4.134286580684e+00,5.515395161011e+00,9.211868456069e-02
-4.134216831198e+00,1.563545817749e+00,9.282218247493e-02
-4.134200642249e+00,7.233747309105e+00,8.890748369353e-02
-4.134153334241e+00,1.853369364706e+00,9.282222104546e-02
-4.134106667000e+00,9.568480390729e+00,3.573664471246e-02
-4.133891558757e+00,1.273722270793e+00,9.282169884117e-02
-4.133701067888e+00,2.143192911661e+00,9.282181457137e-02
-4.133627190739e+00,6.731042454861e+00,9.021049369702e-02
-4.133262196571e+00,2.980460936202e+00,9.282163357334e-02
-4.132997409595e+00,4.043147275048e+00,9.282173842861e-02
-4.132964691008e+00,8.228933682703e+00,8.401854698916e-02
-4.132879916888e+00,4.300768205678e+00,9.282170282335e-02
-4.132860032137e+00,2.433016458617e+00,9.282096285666e-02
-4.132769329503e+00,3.785526344419e+00,9.282137837282e-02
-4.132436406886e+00,7.320228543560e+00,8.863557229721e-02
-4.132416851385e+00,4.558389136307e+00,9.282127154180e-02
-4.132287054988e+00,5.316105532976e+00,9.233639282042e-02
-4.132195676614e+00,3.527905413790e+00,9.282062250165e-02
-4.131725524837e+00,6.650052501455e+00,9.038505211388e-02
-4.131630226990e+00,2.722840005573e+00,9.281966549044e-02
-4.131627838906e+00,2.343750075005e-01,9.282997485830e-02
-4.131627838906e+00,1.562500050003e-02,9.285345109350e-02
-4.131627838906e+00,4.687500150008e-02,9.284931544888e-02
-4.131627838906e+00,7.812500250013e-02,9.284543770236e-02
-4.131627838906e+00,1.093750035002e-01,9.284181960575e-02
-4.131627838906e+00,1.406250045003e-01,9.283846280089e-02
-4.131627838906e+00,1.718750055004e-01,9.283536881729e-02
-4.131627838906e+00,2.031250065004e-01,9.283253907015e-02
-4.131627838906e+00,2.656250085006e-01,9.282767736246e-02
-4.131627838906e+00,2.968750095005e-01,9.282564764357e-02
-4.131627838906e+00,3.281250105004e-01,9.282388664133e-02
-4.131627838906e+00,3.593750115004e-01,9.282239517282e-02
-4.131627838906e+00,3.906250125003e-01,9.282117393140e-02
-4.131627838906e+00,4.218750135002e-01,9.282022348572e-02
-4.131627838906e+00,4.531250145001e-01,9.281954427890e-02
-4.131627838906e+00,4.843750155000e-01,9.281913662789e-02
-4.131627838906e+00,5.156250165000e-01,9.281900072306e-02
-4.131627838906e+00,5.468750175001e-01,9.281900072306e-02
-4.131627838906e+00,5.781250185002e-01,9.281900072306e-02
-4.131627838906e+00,6.093750195002e-01,9.281900072306e-02
-4.131627838906e+00,6.406250205003e-01,9.281900072306e-02
-4.131627838906e+00,6.718750215003e-01,9.281900072306e-02
-4.131627838906e+00,7.031250225004e-01,9.281900072306e-02
-4.131627838906e+00,7.343750235005e-01,9.281900072306e-02
-4.131627838906e+00,7.656250245004e-01,9.281900072306e-02
-4.131627838906e+00,7.968750255003e-01,9.281900072306e-02
-4.131627838906e+00,8.281250265002e-01,9.281900072306e-02
-4.131627838906e+00,8.593750275002e-01,9.281900072306e-02
-4.131627838906e+00,8.906250285002e-01,9.281900072306e-02
-4.131627838906e+00,9.218750295001e-01,9.281900072306e-02
-4.131627838906e+00,9.531250305001e-01,9.281900072306e-02
-4.131627838906e+00,9.843750315000e-01,9.281900072306e-02
-4.131502631260e+00,7.902632540887e+00,8.616242608383e-02
-4.131460342375e+00,5.726421037905e+00,9.187020323751e-02
-4.131276450928e+00,3.270284483160e+00,9.281947049096e-02
-4.131196836341e+00,6.355916307718e+00,9.094299691592e-02
-4.131135078150e+00,8.676992141552e+00,7.927324496591e-02
-4.131074278571e+00,1.595748434078e+00,9.281859526374e-02
-4.130989183315e+00,1.885571981034e+00,9.281860912908e-02
-4.130831210183e+00,5.562243373659e+00,9.206827988260e-02
-4.130770604430e+00,1.305924887121e+00,9.281813576281e-02
-4.130681025093e+00,7.697340045871e+00,8.718615369868e-02
-4.130515318662e+00,2.175395527990e+00,9.281817736553e-02
-4.130125834348e+00,7.407452416428e+00,8.834356230263e-02
-4.130078160892e+00,1.016101340164e+00,9.281723040448e-02
-4.130029779882e+00,9.680870438268e+00,1.008912489431e-02
-4.130011652445e+00,3.012663552531e+00,9.281792184637e-02
-4.129948919554e+00,5.360151564068e+00,9.229241036756e-02
-4.129908172457e+00,6.021488514571e+00,9.147472706738e-02
-4.129755106482e+00,9.098370552951e+00,7.018839367599e-02
-4.129750398310e+00,9.209883278903e+00,6.603304902050e-02
-4.129679148373e+00,8.111186312028e+00,8.489252689802e-02
-4.129660472269e+00,4.075349891377e+00,9.281792779848e-02
-4.129652684611e+00,2.465219074946e+00,9.281729976466e-02
-4.129521381263e+00,4.332970822006e+00,9.281786738240e-02
-4.129453990478e+00,3.817728960748e+00,9.281759201149e-02
-4.129323564846e+00,6.569888407915e+00,9.055008366431e-02
-4.129198116620e+00,6.148778880861e+00,9.128491597949e-02
-4.129096729113e+00,5.897193553282e+00,9.164997272947e-02
-4.129036717460e+00,4.590591752636e+00,9.281741073732e-02
-4.128936723599e+00,4.933943798127e+00,9.270433186278e-02
-4.128921643568e+00,4.897095021433e+00,9.273656729779e-02
-4.128901935889e+00,3.560108030118e+00,9.281685987732e-02
-4.128775039391e+00,8.987082041293e+00,7.338295928589e-02
-4.128758754496e+00,9.321613242834e+00,6.040940939173e-02
-4.128744653568e+00,4.971522064134e+00,9.267114191941e-02
-4.128704575952e+00,4.860981734737e+00,9.276787686115e-02
-4.128401281164e+00,2.755042621902e+00,9.281597590264e-02
-4.128340308266e+00,5.009823786670e+00,9.263696758393e-02
-4.128290720305e+00,4.825609906400e+00,9.279824832428e-02
-4.128060855281e+00,8.562635072517e+00,8.080305232463e-02
-4.128004308503e+00,3.302487099489e+00,9.281573108167e-02
-4.127931725944e+00,1.627951050406e+00,9.281500340129e-02
-4.127825032388e+00,1.917774597362e+00,9.281499249710e-02
-4.127718599898e+00,5.048842901089e+00,9.260173424133e-02
-4.127685313069e+00,4.790985472250e+00,9.281550122612e-02
-4.127649650103e+00,1.338127503450e+00,9.281456809574e-02
-4.127353263676e+00,5.404864319279e+00,9.224708226436e-02
-4.127329569435e+00,2.207598144318e+00,9.281453537791e-02
-4.127263459295e+00,7.495408363119e+00,8.802920267229e-02
-4.127098798457e+00,5.609731707348e+00,9.201628695333e-02
-4.126999754588e+00,8.442325652126e+00,8.214317841861e-02
-4.126978804865e+00,1.048303956493e+00,9.281368637010e-02
-4.126923726995e+00,6.278998004879e+00,9.107876892778e-02
-4.126893627388e+00,4.757114335359e+00,9.281466021287e-02
-4.126874478296e+00,5.088573311091e+00,9.256541862658e-02
-4.126812402105e+00,8.876024704212e+00,7.591457322005e-02
-4.126807440019e+00,5.775960098305e+00,9.181217389941e-02
-4.126778059309e+00,9.433553452736e+00,5.237629195183e-02
-4.126761108319e+00,3.044866168860e+00,9.281420513961e-02
-4.126445337085e+00,2.497421691274e+00,9.281363182281e-02
-4.126427352948e+00,6.490560409448e+00,9.070627699028e-02
-4.126323534944e+00,4.107552507706e+00,9.281411191947e-02
-4.126162845638e+00,4.365173438335e+00,9.281402662397e-02
-4.126138651452e+00,3.849931577076e+00,9.281380046807e-02
-4.126050230161e+00,7.787569092337e+00,8.677470298552e-02
-4.125920972901e+00,4.724002365849e+00,9.281360922708e-02
-4.125802931127e+00,5.129008888913e+00,9.252802333933e-02
-4.125637205932e+00,7.994365816125e+00,8.565561765616e-02
-4.125608195163e+00,3.592310646447e+00,9.281309213597e-02
-4.125172335338e+00,2.787245238230e+00,9.281228139497e-02
-4.125162677283e+00,8.322901202253e+00,8.327755464163e-02
-4.124828834227e+00,6.956164347480e+00,8.969733785249e-02
-4.124789173317e+00,1.660153666735e+00,9.281140687661e-02
-4.124772695545e+00,4.691655400679e+00,9.281235753593e-02
-4.124745632030e+00,7.040204960868e+00,8.947989040019e-02
-4.124732166077e+00,3.334689715818e+00,9.281198661874e-02
-4.124660881462e+00,1.949977213691e+00,9.281137113834e-02
-4.124528695776e+00,1.370330119778e+00,9.281099582921e-02
-4.124498984060e+00,5.170143475567e+00,9.248951267046e-02
-4.124495349625e+00,5.450237453105e+00,9.220035944930e-02
-4.124388908095e+00,6.872909394103e+00,8.990165678169e-02
-4.124143820209e+00,2.239800760647e+00,9.281088859710e-02
-4.124133572471e+00,7.125020815568e+00,8.924761887134e-02
-4.123879448838e+00,1.080506572821e+00,9.281013779730e-02
-4.123869444118e+00,8.765205485767e+00,7.796953384480e-02
-4.123843881689e+00,7.584085784223e+00,8.768919251041e-02
-4.123806241548e+00,9.545696901283e+00,3.996978550891e-02
-4.123600236077e+00,6.074354478633e+00,9.140407907604e-02
-4.123510564193e+00,3.077068785188e+00,9.281048344095e-02
-4.123478559546e+00,5.948717998889e+00,9.158497580148e-02
-4.123454177370e+00,4.660079243431e+00,9.281091078071e-02
-4.123431646768e+00,6.790450482800e+00,9.009400886299e-02
-4.123237989559e+00,2.529624307603e+00,9.280995901946e-02
-4.123084770725e+00,5.657853695691e+00,9.196264352694e-02
-4.123042994388e+00,6.412078702772e+00,9.085421396006e-02
-4.122986990707e+00,7.210601456697e+00,8.899944817096e-02
-4.122986597619e+00,4.139755124034e+00,9.281029077844e-02
-4.122957700936e+00,5.211970881067e+00,9.244984920396e-02
-4.122823312427e+00,3.882134193405e+00,9.281000372970e-02
-4.122804310013e+00,4.397376054664e+00,9.281018053466e-02
-4.122556272572e+00,8.204376119165e+00,8.425134024181e-02
-4.122314454438e+00,3.624513262776e+00,9.280931926497e-02
-4.122180416222e+00,6.202955261829e+00,9.120794092976e-02
-4.121970836348e+00,4.629279664094e+00,9.280927511259e-02
-4.121962907322e+00,6.708797958588e+00,9.027539467993e-02
-4.121943389512e+00,2.819447854559e+00,9.280858195552e-02
-4.121858651505e+00,5.826112183761e+00,9.175224673774e-02
-4.121646620691e+00,1.692356283063e+00,9.280780567872e-02
-4.121496730535e+00,1.982179830019e+00,9.280774504156e-02
-4.121460023651e+00,3.366892332146e+00,9.280823708977e-02
-4.121407741449e+00,1.402532736107e+00,9.280741895247e-02
-4.121370478847e+00,5.496264590481e+00,9.215219026296e-02
-4.121300286399e+00,7.296936393493e+00,8.873373056191e-02
-4.121174183950e+00,5.254484884655e+00,9.240899370419e-02
-4.120958070982e+00,2.272003376975e+00,9.280723701163e-02
-4.120845772700e+00,7.878486464110e+00,8.632581693734e-02
-4.120780092811e+00,1.112709189150e+00,9.280658467554e-02
-4.120260020067e+00,3.109271401517e+00,9.280675673820e-02
-4.120030642032e+00,2.561826923931e+00,9.280628134291e-02
-4.119988610476e+00,6.627962129124e+00,9.044670789026e-02
-4.119948459232e+00,8.654631313531e+00,7.967034993316e-02
-4.119861766845e+00,7.673474045986e+00,8.732080083327e-02
-4.119841274809e+00,9.658036566017e+00,1.829588598482e-02
-4.119649660293e+00,4.171957740363e+00,9.280646436222e-02
-4.119507973401e+00,3.914336809734e+00,9.280620178344e-02
-4.119445774388e+00,4.429578670992e+00,9.280632910104e-02
-4.119187278306e+00,8.086764756270e+00,8.509592082086e-02
-4.119176657180e+00,6.334453445792e+00,9.099467664498e-02
-4.119143573861e+00,5.297679234997e+00,9.236690499508e-02
-4.119115713395e+00,9.187254216855e+00,6.718472847701e-02
-4.119067924003e+00,7.384015099645e+00,8.844858696306e-02
-4.119020713712e+00,3.656715879104e+00,9.280554125164e-02
-4.119009511185e+00,9.075794055579e+00,7.106292631963e-02
-4.118784592160e+00,5.706602843620e+00,9.190727934847e-02
-4.118714443685e+00,2.851650470888e+00,9.280487757234e-02
-4.118504068064e+00,1.724558899392e+00,9.280419979659e-02
-4.118332579609e+00,2.014382446348e+00,9.280411419553e-02
-4.118286787123e+00,1.434735352435e+00,9.280383745471e-02
-4.118235236458e+00,9.298932159716e+00,6.199361805606e-02
-4.118187881225e+00,3.399094948475e+00,9.280448248231e-02
-4.117973992226e+00,5.542939326935e+00,9.210250706777e-02
-4.117918792860e+00,8.964558650943e+00,7.406932868834e-02
-4.117906556545e+00,8.537676447838e+00,8.116178502956e-02
-4.117772321756e+00,2.304205993303e+00,9.280358061003e-02
-4.117680736784e+00,1.144911805478e+00,9.280302699424e-02
-4.117550627530e+00,6.000834566341e+00,9.151777870692e-02
-4.117514740307e+00,6.547953264372e+00,9.060874892895e-02
-4.117009475941e+00,3.141474017846e+00,9.280302501915e-02
-4.116973253821e+00,6.127798121405e+00,9.133097278885e-02
-4.116861050171e+00,5.341547650407e+00,9.232353983095e-02
-4.116823294506e+00,2.594029540259e+00,9.280259878141e-02
-4.116760127228e+00,8.417499551211e+00,8.244552457923e-02
-4.116609567852e+00,5.876870710881e+00,9.169034161121e-02
-4.116365961979e+00,9.410820893407e+00,5.469065999679e-02
-4.116312722968e+00,4.204160356692e+00,9.280263265759e-02
-4.116284432901e+00,7.471827013712e+00,8.814186545580e-02
-4.116192634376e+00,3.946539426062e+00,9.280239461633e-02
-4.116087238763e+00,4.461781287321e+00,9.280247230963e-02
-4.115845766134e+00,8.853554961955e+00,7.646738677626e-02
-4.115726972986e+00,3.688918495433e+00,9.280175808325e-02
-4.115485497859e+00,2.883853087216e+00,9.280116823343e-02
-4.115361515437e+00,1.756761515720e+00,9.280058921916e-02
-4.115330657261e+00,4.917161709033e+00,9.272997014910e-02
-4.115311845480e+00,7.763562480778e+00,8.692066427272e-02
-4.115268478340e+00,4.880500623683e+00,9.276177847641e-02
-4.115186558424e+00,4.954553273282e+00,9.269722165658e-02
-4.115168428682e+00,2.046585062676e+00,9.280047858894e-02
-4.115165832796e+00,1.466937968764e+00,9.280025132509e-02
-4.115062520698e+00,7.970081423614e+00,8.583428921648e-02
-4.115005188736e+00,4.844576013838e+00,9.279267463763e-02
-4.114915738799e+00,3.431297564804e+00,9.280072278388e-02
-4.114838341551e+00,8.298208789352e+00,8.353694387727e-02
-4.114834571961e+00,6.257694757184e+00,9.112820619774e-02
-4.114831051996e+00,4.992669287697e+00,9.266350378952e-02
-4.114586572530e+00,2.336408609632e+00,9.279991938076e-02
-4.114581380757e+00,1.177114421807e+00,9.279946474276e-02
-4.114547344135e+00,6.468781596169e+00,9.076207570069e-02
-4.114545992591e+00,4.809393843763e+00,9.280031157316e-02
-4.114321831295e+00,5.386083819080e+00,9.227885275791e-02
-4.114301270318e+00,5.590255228774e+00,9.205125891858e-02
-4.114259045544e+00,5.031503691666e+00,9.262871973043e-02
-4.114193768107e+00,5.755972627578e+00,9.185013327065e-02
-4.113896130908e+00,4.774960045167e+00,9.279963402034e-02
-4.113758931815e+00,3.173676634174e+00,9.279928827155e-02
-4.113615946980e+00,2.626232156588e+00,9.279891132321e-02
-4.113505816096e+00,9.522913411836e+00,4.366397758956e-02
-4.113465484242e+00,5.071050392899e+00,9.259289260947e-02
-4.113386716586e+00,6.933464141811e+00,8.977236587325e-02
-4.113378976671e+00,7.017355083871e+00,8.955942081362e-02
-4.113060881374e+00,4.741280516985e+00,9.279874210690e-02
-4.112975785643e+00,4.236362973021e+00,9.279879565128e-02
-4.112944407763e+00,7.560361539415e+00,8.781074650478e-02
-4.112877295350e+00,3.978742042391e+00,9.279858221536e-02
-4.112872028218e+00,6.850359977851e+00,8.997260475805e-02
-4.112843074222e+00,7.102022388584e+00,8.933222511546e-02
-4.112792683141e+00,8.742789931387e+00,7.842415281796e-02
-4.112728703137e+00,4.493983903650e+00,9.279861014690e-02
-4.112445351081e+00,5.111303267621e+00,9.255600305255e-02
-4.112433232261e+00,3.721121111762e+00,9.279796974705e-02
-4.112256552033e+00,2.916055703545e+00,9.279745392677e-02
-4.112218962811e+00,1.788964132049e+00,9.279697393535e-02
-4.112147854136e+00,8.179818555627e+00,8.447631420236e-02
-4.112045558155e+00,4.708361125176e+00,9.279764061658e-02
-4.112044878469e+00,1.499140585092e+00,9.279666055276e-02
-4.112004277755e+00,2.078787679004e+00,9.279683821050e-02
-4.111840709903e+00,6.768052970779e+00,9.016121905218e-02
-4.111773339165e+00,7.187455604289e+00,8.908948252146e-02
-4.111643596374e+00,3.463500181132e+00,9.279695798196e-02
-4.111521174699e+00,5.431281399346e+00,9.223279596516e-02
-4.111482024730e+00,1.209317038136e+00,9.279589791048e-02
-4.111400823303e+00,2.368611225960e+00,9.279625331226e-02
-4.111308651493e+00,6.053536586181e+00,9.144828286522e-02
-4.111193667034e+00,5.152256160812e+00,9.251801619522e-02
-4.111092532331e+00,6.390457317838e+00,9.090747088286e-02
-4.111055820729e+00,5.928229068536e+00,9.162637356890e-02
-4.110855511692e+00,4.676207702519e+00,9.279633481288e-02
-4.110508387689e+00,3.205879250503e+00,9.279554648311e-02
-4.110408599454e+00,2.658434772916e+00,9.279521895648e-02
-4.110347733464e+00,5.638205833357e+00,9.199839724489e-02
-4.110298623906e+00,6.686553462315e+00,9.033917279419e-02
-4.110188914140e+00,7.854340387333e+00,8.648460867582e-02
-4.110164165912e+00,7.273644243427e+00,8.882975740758e-02
-4.110023031621e+00,6.181812716120e+00,9.125529323633e-02
-4.109705491227e+00,5.193902886432e+00,9.247889551736e-02
-4.109652769736e+00,9.635202693766e+00,2.510195160073e-02
-4.109638848317e+00,4.268565589349e+00,9.279495332999e-02
-4.109561956325e+00,4.010944658720e+00,9.279476456748e-02
-4.109496128522e+00,4.644826048394e+00,9.279483045678e-02
-4.109370167512e+00,4.526186519978e+00,9.279474259930e-02
-4.109307844226e+00,5.805956495778e+00,9.179113360442e-02
-4.109139491535e+00,3.753323728090e+00,9.279417623023e-02
-4.109076410184e+00,1.821166748377e+00,9.279335393404e-02
-4.109042508597e+00,7.649608046102e+00,8.745200199117e-02
-4.109027606207e+00,2.948258319874e+00,9.279373464031e-02
-4.108923924142e+00,1.531343201421e+00,9.279306512681e-02
-4.108840126829e+00,2.110990295333e+00,9.279319304882e-02
-4.108761840315e+00,8.632270485511e+00,8.005048213386e-02
-4.108695408239e+00,8.062343200512e+00,8.529291267016e-02
-4.108481028481e+00,9.164625154806e+00,6.825595376376e-02
-4.108454377009e+00,5.477134019950e+00,9.218528804198e-02
-4.108382668703e+00,1.241519654464e+00,9.279232648671e-02
-4.108371453948e+00,3.495702797461e+00,9.279318806399e-02
-4.108263915887e+00,9.053217558208e+00,7.188378407334e-02
-4.108251696116e+00,6.605871756792e+00,9.050732779602e-02
-4.108215074077e+00,2.400813842289e+00,9.279258239294e-02
-4.108010013658e+00,7.360577782861e+00,8.855125017028e-02
-4.107975921124e+00,5.236237227645e+00,9.243860273395e-02
-4.107972831082e+00,4.614221928565e+00,9.279313382515e-02
-4.107752257809e+00,8.512717823158e+00,8.150502957299e-02
-4.107711718420e+00,9.276251076599e+00,6.344935968105e-02
-4.107257843563e+00,3.238081866832e+00,9.279179964150e-02
-4.107201251928e+00,2.690637389245e+00,9.279152166938e-02
-4.107156478019e+00,6.312990583867e+00,9.104557698759e-02
-4.107062546329e+00,8.942035260593e+00,7.471812328617e-02
-4.106520499870e+00,8.392673450297e+00,8.273636537621e-02
-4.106301910992e+00,4.300768205678e+00,9.279110568038e-02
-4.106246617300e+00,4.043147275048e+00,9.279094165961e-02
-4.106108841944e+00,5.686784649335e+00,9.194385838909e-02
-4.106011631887e+00,4.558389136307e+00,9.279086965320e-02
-4.106000092734e+00,5.279252937019e+00,9.239709767840e-02
-4.105953864649e+00,9.388088334079e+00,5.678129174174e-02
-4.105933857557e+00,1.853369364706e+00,9.278972920406e-02
-4.105845750810e+00,3.785526344419e+00,9.279037751996e-02
-4.105802969815e+00,1.563545817749e+00,9.278946503632e-02
-4.105798660381e+00,2.980460936202e+00,9.279001036193e-02
-4.105705915768e+00,6.526018120828e+00,9.066640622691e-02
-4.105675975902e+00,2.143192911661e+00,9.278954309253e-02
-4.105305406507e+00,7.448245664305e+00,8.825190272270e-02
-4.105283312676e+00,1.273722270793e+00,9.278875046074e-02
-4.105193082603e+00,5.980180618111e+00,9.156025249015e-02
-4.105116774270e+00,5.523635280210e+00,9.213631156206e-02
-4.105099311522e+00,3.527905413790e+00,9.278941301737e-02
-4.105029324850e+00,2.433016458617e+00,9.278890661117e-02
-4.104879130163e+00,8.831085219698e+00,7.699288145357e-02
-4.104748391022e+00,6.106817361948e+00,9.137638348666e-02
-4.104573460799e+00,7.739555869219e+00,8.706273690632e-02
-4.104514005820e+00,8.273516376452e+00,8.378715432935e-02
-4.104487835465e+00,7.945797031102e+00,8.600770725500e-02
-4.104122406591e+00,5.856547868479e+00,9.173019161074e-02
-4.104007299437e+00,3.270284483160e+00,9.278804773437e-02
-4.103993904401e+00,2.722840005573e+00,9.278781945004e-02
-4.103773180788e+00,5.322943736747e+00,9.235433817756e-02
-4.103205390644e+00,9.500129922389e+00,4.691590073021e-02
-4.102964973667e+00,4.332970822006e+00,9.278725268905e-02
-4.102931278274e+00,4.075349891377e+00,9.278711347860e-02
-4.102836007276e+00,5.781250185001e-01,9.278580716044e-02
-4.102836007276e+00,1.562500050003e-02,9.282091241176e-02
-4.102836007276e+00,4.687500150008e-02,9.281669872809e-02
-4.102836007276e+00,7.812500250013e-02,9.281274766635e-02
-4.102836007276e+00,1.093750035002e-01,9.280906103898e-02
-4.102836007276e+00,1.406250045003e-01,9.280564054477e-02
-4.102836007276e+00,1.718750055004e-01,9.280248776647e-02
-4.102836007276e+00,2.031250065004e-01,9.279960416861e-02
-4.102836007276e+00,2.343750075005e-01,9.279699109544e-02
-4.102836007276e+00,2.656250085006e-01,9.279464976901e-02
-4.102836007276e+00,2.968750095005e-01,9.279258128749e-02
-4.102836007276e+00,3.281250105004e-01,9.279078662357e-02
-4.102836007276e+00,3.593750115004e-01,9.278926662312e-02
-4.102836007276e+00,3.906250125003e-01,9.278802200390e-02
-4.102836007276e+00,4.218750135002e-01,9.278705335461e-02
-4.102836007276e+00,4.531250145001e-01,9.278636113402e-02
-4.102836007276e+00,4.843750155000e-01,9.278594567026e-02
-4.102836007276e+00,5.156250165000e-01,9.278580716044e-02
-4.102836007276e+00,5.468750175001e-01,9.278580716044e-02
-4.102836007276e+00,6.093750195002e-01,9.278580716044e-02
-4.102836007276e+00,6.406250205003e-01,9.278580716044e-02
-4.102836007276e+00,6.718750215003e-01,9.278580716044e-02
-4.102836007276e+00,7.031250225004e-01,9.278580716044e-02
-4.102836007276e+00,7.343750235005e-01,9.278580716044e-02
-4.102836007276e+00,7.656250245004e-01,9.278580716044e-02
-4.102836007276e+00,7.968750255003e-01,9.278580716044e-02
-4.102836007276e+00,8.281250265002e-01,9.278580716044e-02
-4.102836007276e+00,8.593750275002e-01,9.278580716044e-02
-4.102836007276e+00,8.906250285002e-01,9.278580716044e-02
-4.102836007276e+00,9.218750295001e-01,9.278580716044e-02
-4.102836007276e+00,9.531250305001e-01,9.278580716044e-02
-4.102836007276e+00,9.843750315000e-01,9.278580716044e-02
-4.102791304930e+00,1.885571981034e+00,9.278609973422e-02
-4.102745416926e+00,6.236391509488e+00,9.117691794814e-02
-4.102682015488e+00,1.595748434078e+00,9.278586027033e-02
-4.102667335322e+00,6.447002782890e+00,9.081699270153e-02
-4.102653096262e+00,4.590591752636e+00,9.278699129496e-02
-4.102569714555e+00,3.012663552531e+00,9.278628107949e-02
-4.102552010084e+00,3.817728960748e+00,9.278657360334e-02
-4.102511824976e+00,2.175395527990e+00,9.278588833021e-02
-4.102183956649e+00,1.305924887121e+00,9.278516982183e-02
-4.102044933837e+00,7.536637294606e+00,8.792934392250e-02
-4.102012321312e+00,6.994505206875e+00,8.963737403615e-02
-4.101944598944e+00,6.910763936142e+00,8.984598591330e-02
-4.101843575624e+00,2.465219074946e+00,9.278522595526e-02
-4.101827169096e+00,3.560108030118e+00,9.278563282945e-02
-4.101739435700e+00,8.155260992088e+00,8.469385114807e-02
-4.101724590924e+00,4.900379619940e+00,9.275537522754e-02
-4.101715922163e+00,8.720374377006e+00,7.885829338776e-02
-4.101628463280e+00,4.937584482429e+00,9.272306071308e-02
-4.101615313111e+00,4.863906225932e+00,9.278524018819e-02
-4.101580096195e+00,5.735985156851e+00,9.188757509115e-02
-4.101552575973e+00,7.079023961599e+00,8.941513134471e-02
-4.101503742179e+00,5.570778750201e+00,9.208581094124e-02
-4.101355148340e+00,6.827810561599e+00,9.004226160595e-02
-4.101321795726e+00,4.975514788724e+00,9.268978333182e-02
-4.101305801521e+00,4.828170292939e+00,9.278496686574e-02
-4.101297128412e+00,1.016101340164e+00,9.278402805217e-02
-4.101290398915e+00,5.367303318880e+00,9.231027687132e-02
-4.100801264876e+00,4.793177781126e+00,9.278446690282e-02
-4.100799491190e+00,5.014164482243e+00,9.265544923640e-02
-4.100786556875e+00,2.755042621902e+00,9.278411228653e-02
-4.100756755311e+00,3.302487099489e+00,9.278429074929e-02
-4.100559687622e+00,7.164309751881e+00,8.917764708277e-02
-4.100249773038e+00,6.745655458758e+00,9.022724250413e-02
-4.100106948746e+00,4.758934618085e+00,9.278374427361e-02
-4.100056490189e+00,5.053527474706e+00,9.262010207455e-02
-4.099648752304e+00,1.917774597362e+00,9.278246551331e-02
-4.099628036341e+00,4.365173438335e+00,9.278339434258e-02
-4.099615939249e+00,4.107552507706e+00,9.278328001129e-02
-4.099561061161e+00,1.627951050406e+00,9.278225081782e-02
-4.099532055580e+00,7.830194310556e+00,8.663899032141e-02
-4.099464264664e+00,9.612368821515e+00,3.083757087147e-02
-4.099347674049e+00,2.207598144318e+00,9.278222875038e-02
-4.099340768729e+00,3.044866168860e+00,9.278254678082e-02
-4.099258269358e+00,3.849931577076e+00,9.278276446746e-02
-4.099228135360e+00,4.725446698610e+00,9.278279147446e-02
-4.099142070275e+00,6.368835932904e+00,9.095990938431e-02
-4.099087771036e+00,5.093597646329e+00,9.258370931008e-02
-4.099084600622e+00,1.338127503450e+00,9.278158455919e-02
-4.099028045425e+00,7.250352093360e+00,8.892372151303e-02
-4.099017066909e+00,6.032718693730e+00,9.149188269269e-02
-4.098657826398e+00,2.497421691274e+00,9.278154041354e-02
-4.098634340490e+00,6.664308966043e+00,9.040185770948e-02
-4.098633081912e+00,5.907740138183e+00,9.166722988243e-02
-4.098555026670e+00,3.592310646447e+00,9.278184748756e-02
-4.098546999774e+00,5.412325345586e+00,9.226483646717e-02
-4.098223250349e+00,7.625742046217e+00,8.757988669137e-02
-4.098219370685e+00,1.048303956493e+00,9.278046641232e-02
-4.098203538172e+00,8.037921644754e+00,8.548379646074e-02
-4.098170143409e+00,4.692719884502e+00,9.278162978900e-02
-4.098134353208e+00,8.608545080842e+00,8.042892940482e-02
-4.097888350007e+00,5.134368846057e+00,9.254623689945e-02
-4.097865647019e+00,6.160670170411e+00,9.130196908658e-02
-4.097846343566e+00,9.141996092758e+00,6.925484672814e-02
-4.097610696203e+00,5.618557971022e+00,9.203372748722e-02
-4.097597959072e+00,8.487759198478e+00,8.183342087205e-02
-4.097579209349e+00,2.787245238230e+00,9.278040016690e-02
-4.097518320589e+00,9.030641060836e+00,7.265574338432e-02
-4.097506211185e+00,3.334689715818e+00,9.278052867382e-02
-4.097188200382e+00,9.253569993481e+00,6.479161820973e-02
-4.096952103313e+00,7.337140466077e+00,8.865163043676e-02
-4.096938327839e+00,4.660760004359e+00,9.278026708243e-02
-4.096757036947e+00,5.785800807795e+00,9.182947623185e-02
-4.096514781756e+00,6.583781384461e+00,9.056693855423e-02
-4.096506199677e+00,1.949977213691e+00,9.277882653006e-02
-4.096453281518e+00,5.175834891797e+00,9.250764919291e-02
-4.096440106834e+00,1.660153666735e+00,9.277863666779e-02
-4.096300600223e+00,4.139755124034e+00,9.277944124446e-02
-4.096291099016e+00,4.397376054664e+00,9.277953062748e-02
-4.096280872511e+00,8.367847349382e+00,8.301633509390e-02
-4.096206299798e+00,8.919511870243e+00,7.533233282902e-02
-4.096183523123e+00,2.239800760647e+00,9.277856434155e-02
-4.096111822903e+00,3.077068785188e+00,9.277880745371e-02
-4.095985244595e+00,1.370330119778e+00,9.277799466203e-02
-4.095964528633e+00,3.882134193405e+00,9.277895009934e-02
-4.095541767319e+00,9.365355774750e+00,5.867908611211e-02
-4.095538275172e+00,5.458003449419e+00,9.221800589112e-02
-4.095538079674e+00,4.629572853356e+00,9.277870930514e-02
-4.095472077171e+00,2.529624307603e+00,9.277784997424e-02
-4.095282884245e+00,3.624513262776e+00,9.277805697897e-02
-4.095141612958e+00,1.080506572821e+00,9.277690019920e-02
-4.095136298858e+00,6.291527721941e+00,9.109571634601e-02
-4.094777658299e+00,5.217989570635e+00,9.246790882882e-02
-4.094728500022e+00,9.724797996475e+00,6.608629082425e-06
-4.094371861823e+00,2.819447854559e+00,9.277668307916e-02
-4.094326380113e+00,7.424664314899e+00,8.835940464196e-02
-4.094255667059e+00,3.366892332146e+00,9.277676149549e-02
-4.094189670088e+00,8.248823963552e+00,8.402865785473e-02
-4.093913150231e+00,7.921512638591e+00,8.617609678754e-02
-4.093912494193e+00,8.808615477440e+00,7.749302307513e-02
-4.093897091228e+00,6.504082977285e+00,9.072307199666e-02
-4.093835076117e+00,7.715549257660e+00,8.720107264756e-02
-4.093433091729e+00,5.666966455050e+00,9.197999925135e-02
-4.093363647050e+00,1.982179830019e+00,9.277518277318e-02
-4.093319152508e+00,1.692356283063e+00,9.277501780916e-02
-4.093019372196e+00,2.272003376975e+00,9.277489509220e-02
-4.092985261198e+00,4.171957740363e+00,9.277559716484e-02
-4.092954161691e+00,4.429578670992e+00,9.277566153024e-02
-4.092904965192e+00,9.477346432942e+00,4.980041597717e-02
-4.092885888568e+00,1.402532736107e+00,9.277440011951e-02
-4.092882877076e+00,3.109271401517e+00,9.277506308590e-02
-4.092856611606e+00,5.260826639040e+00,9.242697662077e-02
-4.092835537676e+00,5.959526669880e+00,9.160216090245e-02
-4.092670787907e+00,3.914336809734e+00,9.277513048600e-02
-4.092523528223e+00,6.085836602491e+00,9.142116250586e-02
-4.092286327945e+00,2.561826923931e+00,9.277415462560e-02
-4.092259556314e+00,5.504331233486e+00,9.216973370712e-02
-4.092063855231e+00,1.112709189150e+00,9.277332940220e-02
-4.092010741819e+00,3.656715879104e+00,9.277426129093e-02
-4.091635245331e+00,5.836225026078e+00,9.176948655486e-02
-4.091331017264e+00,8.130703428550e+00,8.490430912747e-02
-4.091164514296e+00,2.851650470888e+00,9.277296101128e-02
-4.091145459911e+00,7.512913049798e+00,8.804478540477e-02
-4.091005122933e+00,3.399094948475e+00,9.277298920177e-02
-4.090787326509e+00,6.425223969611e+00,9.087104958863e-02
-4.090685311405e+00,5.304339823086e+00,9.238481143678e-02
-4.090656261891e+00,6.215088261793e+00,9.122492095465e-02
-4.090645665953e+00,6.971655329879e+00,8.971383277142e-02
-4.090639161186e+00,8.697958822625e+00,7.927330068767e-02
-4.090502481303e+00,6.888063730474e+00,8.991823779359e-02
-4.090262077725e+00,7.056025534615e+00,8.949632129109e-02
-4.090221094424e+00,2.014382446348e+00,9.277153423134e-02
-4.090198198181e+00,1.724558899392e+00,9.277139423084e-02
-4.089855221269e+00,2.304205993303e+00,9.277122099076e-02
-4.089838268462e+00,6.805261145347e+00,9.011066290907e-02
-4.089786532541e+00,1.434735352435e+00,9.277080092075e-02
-4.089669922172e+00,4.204160356692e+00,9.277174775914e-02
-4.089653931250e+00,3.141474017846e+00,9.277131366510e-02
-4.089617224366e+00,4.461781287321e+00,9.277178703729e-02
-4.089377047181e+00,3.946539426062e+00,9.277130561436e-02
-4.089346036080e+00,7.141163899473e+00,8.926399977177e-02
-4.089275759591e+00,9.589534949264e+00,3.573673918659e-02
-4.089100578718e+00,2.594029540259e+00,9.277045435581e-02
-4.088986097503e+00,1.144911805478e+00,9.276975401066e-02
-4.088966424283e+00,5.715997686125e+00,9.192456079979e-02
-4.088875197021e+00,7.806048233778e+00,8.678914085561e-02
-4.088738599393e+00,3.688918495433e+00,9.277046041062e-02
-4.088706214040e+00,5.551302271627e+00,9.211996572113e-02
-4.088658836173e+00,6.723257946738e+00,9.029211111417e-02
-4.088258966534e+00,5.348522818681e+00,9.234132969929e-02
-4.088118524587e+00,4.883597530846e+00,9.276951575990e-02
-4.088070368136e+00,4.920615691576e+00,9.274866303964e-02
-4.088065997912e+00,8.583455099525e+00,8.080493514147e-02
-4.087962147882e+00,4.847311828182e+00,9.276939776028e-02
-4.087957166770e+00,2.883853087216e+00,9.276923395118e-02
-4.087891924938e+00,7.227059943293e+00,8.901568871451e-02
-4.087812539456e+00,4.958360289750e+00,9.271580521086e-02
-4.087754578807e+00,3.431297564804e+00,9.276921178010e-02
-4.087711668105e+00,8.013500088997e+00,8.566852428657e-02
-4.087606414306e+00,4.811764572040e+00,9.276905207459e-02
-4.087443660336e+00,8.462800573799e+00,8.214880871908e-02
-4.087403992101e+00,7.601876046332e+00,8.770457816114e-02
-4.087339936836e+00,4.996825272820e+00,9.268192704413e-02
-4.087211658651e+00,9.119367030709e+00,7.018847186649e-02
-4.087191608219e+00,6.347214547971e+00,9.101154907832e-02
-4.087078541797e+00,2.046585062676e+00,9.276788089318e-02
-4.087077243854e+00,1.756761515720e+00,9.276776592169e-02
-4.087056537162e+00,4.776961718489e+00,9.276848238351e-02
-4.086970057073e+00,6.642064469769e+00,9.046347809866e-02
-4.086772725292e+00,9.008064563465e+00,7.338303051649e-02
-4.086725482325e+00,6.011900801278e+00,9.153489178641e-02
-4.086691070343e+00,2.336408609632e+00,9.276754202562e-02
-4.086687176514e+00,1.466937968764e+00,9.276719705484e-02
-4.086664682343e+00,9.230888910364e+00,6.603313487328e-02
-4.086647496136e+00,5.036004556514e+00,9.264705149897e-02
-4.086424985424e+00,3.173676634174e+00,9.276755917898e-02
-4.086354583147e+00,4.236362973021e+00,9.276789301401e-02
-4.086317766584e+00,4.742909191002e+00,9.276769281312e-02
-4.086280287040e+00,4.493983903650e+00,9.276790713502e-02
-4.086210343094e+00,5.887251207831e+00,9.170752636561e-02
-4.086083306456e+00,3.978742042391e+00,9.276747547135e-02
-4.086041245151e+00,8.343021248467e+00,8.328602283743e-02
-4.085914829492e+00,2.626232156588e+00,9.276674915301e-02
-4.085908339776e+00,1.177114421807e+00,9.276617401389e-02
-4.085894192968e+00,7.313703149294e+00,8.874980291972e-02
-4.085730190990e+00,5.075892025037e+00,9.261114679234e-02
-4.085708262418e+00,6.139527624702e+00,9.134798380514e-02
-4.085572824849e+00,5.393369291826e+00,9.229652872340e-02
-4.085466456967e+00,3.721121111762e+00,9.276665432522e-02
-4.085395389347e+00,4.709612880235e+00,9.276668795065e-02
-4.085350053267e+00,8.896988479893e+00,7.591463826984e-02
-4.085129669990e+00,9.342623215422e+00,6.040950312701e-02
-4.084873658942e+00,5.598910108688e+00,9.206864479155e-02
-4.084777867396e+00,6.561691012129e+00,9.062552652650e-02
-4.084749819244e+00,2.916055703545e+00,9.276550188677e-02
-4.084652161155e+00,9.701914289943e+00,1.008916305684e-02
-4.084583032981e+00,5.116481531303e+00,9.257417967861e-02
-4.084504034682e+00,3.463500181132e+00,9.276542921787e-02
-4.084294728663e+00,4.677078643829e+00,9.276547286116e-02
-4.084206229668e+00,5.765645119812e+00,9.186734296639e-02
-4.083956289527e+00,1.788964132049e+00,9.276413287056e-02
-4.083935989170e+00,2.078787679004e+00,9.276422274730e-02
-4.083865334357e+00,8.224131550652e+00,8.426189489902e-02
-4.083587820486e+00,1.499140585092e+00,9.276358851085e-02
-4.083526919416e+00,2.368611225960e+00,9.276385818515e-02
-4.083347353719e+00,7.401082965492e+00,8.846445740014e-02
-4.083338464997e+00,7.897228246080e+00,8.633967037990e-02
-4.083201071809e+00,5.157766897162e+00,9.253611535374e-02
-4.083196039598e+00,3.205879250503e+00,9.276379961517e-02
-4.083116119698e+00,6.270064860016e+00,9.114511257405e-02
-4.083096691436e+00,7.691542646102e+00,8.733581560153e-02
-4.083039244121e+00,4.268565589349e+00,9.276403291607e-02
-4.083021143986e+00,4.645312306200e+00,9.276405310512e-02
-4.082945858222e+00,8.786145735183e+00,7.796959344136e-02
-4.082943349715e+00,4.526186519978e+00,9.276402180979e-02
-4.082830582049e+00,1.209317038136e+00,9.276258940118e-02
-4.082789565730e+00,4.010944658720e+00,9.276364004384e-02
-4.082729080265e+00,2.658434772916e+00,9.276303900532e-02
-4.082622173334e+00,5.438872878888e+00,9.225036245333e-02
-4.082604539740e+00,9.454562943496e+00,5.237639201354e-02
-4.082194314541e+00,3.753323728090e+00,9.276284302184e-02
-4.082088266689e+00,6.482147833742e+00,9.077883307520e-02
-4.081580030826e+00,4.614319658319e+00,9.276243475684e-02
-4.081579395473e+00,5.199741913625e+00,9.249691735307e-02
-4.081542471717e+00,2.948258319874e+00,9.276176480591e-02
-4.081253490555e+00,3.495702797461e+00,9.276164150245e-02
-4.080922598829e+00,8.106145865012e+00,8.510802383552e-02
-4.080835335200e+00,1.821166748377e+00,9.276049506625e-02
-4.080793436543e+00,2.110990295333e+00,9.276055978228e-02
-4.080757341514e+00,5.647148260765e+00,9.201571062489e-02
-4.080488464460e+00,1.531343201421e+00,9.275997527781e-02
-4.080477992749e+00,5.938872721650e+00,9.164351120469e-02
-4.080362768490e+00,2.400813842289e+00,9.276016945768e-02
-4.080298665423e+00,6.064855843035e+00,9.146532387326e-02
-4.080245985986e+00,7.489188804990e+00,8.815749306243e-02
-4.079967093772e+00,3.238081866832e+00,9.276003496127e-02
-4.079752824322e+00,1.241519654464e+00,9.275900016177e-02
-4.079723905096e+00,4.300768205678e+00,9.276016745188e-02
-4.079713130479e+00,5.242400341061e+00,9.245654744209e-02
-4.079606412390e+00,4.558389136307e+00,9.276013104790e-02
-4.079562400208e+00,8.675543268244e+00,7.967040471823e-02
-4.079543331039e+00,2.690637389245e+00,9.275932390083e-02
-4.079495825004e+00,4.043147275048e+00,9.275979931865e-02
-4.079402338358e+00,5.485027186762e+00,9.220278077579e-02
-4.079279010594e+00,6.948805452883e+00,8.978884006991e-02
-4.079148084070e+00,5.815902183677e+00,9.180827258523e-02
-4.079087254519e+00,9.566701077013e+00,3.996988398823e-02
-4.079060363661e+00,6.865363524805e+00,8.998915989911e-02
-4.078971579476e+00,7.033027107631e+00,8.957579923034e-02
-4.078922172116e+00,3.785526344419e+00,9.275902648755e-02
-4.078907317696e+00,6.403445156331e+00,9.092426728924e-02
-4.078567106857e+00,6.193785014098e+00,9.127223150378e-02
-4.078335124191e+00,2.980460936202e+00,9.275802269640e-02
-4.078321388585e+00,6.782711729095e+00,9.017784300198e-02
-4.078218338461e+00,7.781902157001e+00,8.693522987096e-02
-4.078132384538e+00,7.118018047065e+00,8.934859620364e-02
-4.078002946430e+00,3.527905413790e+00,9.275784862115e-02
-4.077997642616e+00,8.558365118208e+00,8.116475939989e-02
-4.077714380873e+00,1.853369364706e+00,9.275685249752e-02
-4.077650883917e+00,2.143192911661e+00,9.275689198665e-02
-4.077597442022e+00,5.285735909425e+00,9.241493201273e-02
-4.077389108432e+00,1.563545817749e+00,9.275635734472e-02
-4.077289361600e+00,8.437841949119e+00,8.245193788598e-02
-4.077219798038e+00,7.989078533239e+00,8.584743055118e-02
-4.077198617563e+00,2.433016458617e+00,9.275647583150e-02
-4.077067899308e+00,6.700860434717e+00,9.035585568693e-02
-4.076755804451e+00,7.203767793226e+00,8.910572214991e-02
-4.076738147946e+00,3.270284483160e+00,9.275626520482e-02
-4.076675066595e+00,1.273722270793e+00,9.275540628487e-02
-4.076584733853e+00,7.578010046447e+00,8.782619371077e-02
-4.076576973736e+00,9.096737968661e+00,7.106300297114e-02
-4.076408566070e+00,4.332970822006e+00,9.275629660797e-02
-4.076357581813e+00,2.722840005573e+00,9.275560382755e-02
-4.076352752371e+00,5.696010215398e+00,9.196109955541e-02
-4.076269475064e+00,4.590591752636e+00,9.275623483561e-02
-4.076202084279e+00,4.075349891377e+00,9.275595328257e-02
-4.076141164305e+00,9.208207827246e+00,6.718481265933e-02
-4.076027129994e+00,8.985488066093e+00,7.406939855455e-02
-4.075908685901e+00,5.531825793053e+00,9.215373090606e-02
-4.075801617793e+00,8.318195147552e+00,8.354597643891e-02
-4.075650029690e+00,3.817728960748e+00,9.275520470939e-02
-4.075305773657e+00,6.619819973496e+00,9.052406167877e-02
-4.075241146162e+00,6.325593163037e+00,9.106240898516e-02
-4.075227534153e+00,5.329742318481e+00,9.237205294009e-02
-4.075127776665e+00,3.012663552531e+00,9.275427554605e-02
-4.074836282622e+00,7.290265832510e+00,8.884583959675e-02
-4.074752402304e+00,3.560108030118e+00,9.275405056126e-02
-4.074717572660e+00,9.319890656093e+00,6.199371017895e-02
-4.074593426546e+00,1.885571981034e+00,9.275320515312e-02
-4.074575822288e+00,9.679030583410e+00,1.829594873293e-02
-4.074512458249e+00,4.866815441752e+00,9.275361012657e-02
-4.074512272992e+00,4.903646900724e+00,9.275352840941e-02
-4.074508331290e+00,2.175395527990e+00,9.275321934890e-02
-4.074493806736e+00,8.874465089543e+00,7.646745063227e-02
-4.074433897742e+00,5.991082908827e+00,9.157732300958e-02
-4.074308982654e+00,4.830717430431e+00,9.275345657445e-02
-4.074303283186e+00,4.941205790777e+00,9.274158738027e-02
-4.074289752405e+00,1.595748434078e+00,9.275273470054e-02
-4.074044175646e+00,1.718750055004e-01,9.276921382642e-02
-4.074044175646e+00,6.093750195002e-01,9.275221193636e-02
-4.074044175646e+00,1.562500050003e-02,9.278799036053e-02
-4.074044175646e+00,4.687500150008e-02,9.278369647625e-02
-4.074044175646e+00,7.812500250013e-02,9.277967006407e-02
-4.074044175646e+00,1.093750035002e-01,9.277591299960e-02
-4.074044175646e+00,1.406250045003e-01,9.277242704098e-02
-4.074044175646e+00,2.031250065004e-01,9.276627487188e-02
-4.074044175646e+00,2.343750075005e-01,9.276361156891e-02
-4.074044175646e+00,2.656250085006e-01,9.276122518267e-02
-4.074044175646e+00,2.968750095005e-01,9.275911685014e-02
-4.074044175646e+00,3.281250105004e-01,9.275728757843e-02
-4.074044175646e+00,3.593750115004e-01,9.275573824336e-02
-4.074044175646e+00,3.906250125003e-01,9.275446958819e-02
-4.074044175646e+00,4.218750135002e-01,9.275348222250e-02
-4.074044175646e+00,4.531250145001e-01,9.275277662137e-02
-4.074044175646e+00,4.843750155000e-01,9.275235312463e-02
-4.074044175646e+00,5.156250165000e-01,9.275221193636e-02
-4.074044175646e+00,5.468750175001e-01,9.275221193636e-02
-4.074044175646e+00,5.781250185001e-01,9.275221193636e-02
-4.074044175646e+00,6.406250205003e-01,9.275221193636e-02
-4.074044175646e+00,6.718750215003e-01,9.275221193636e-02
-4.074044175646e+00,7.031250225004e-01,9.275221193636e-02
-4.074044175646e+00,7.343750235005e-01,9.275221193636e-02
-4.074044175646e+00,7.656250245004e-01,9.275221193636e-02
-4.074044175646e+00,7.968750255003e-01,9.275221193636e-02
-4.074044175646e+00,8.281250265002e-01,9.275221193636e-02
-4.074044175646e+00,8.593750275002e-01,9.275221193636e-02
-4.074044175646e+00,8.906250285002e-01,9.275221193636e-02
-4.074044175646e+00,9.218750295001e-01,9.275221193636e-02
-4.074044175646e+00,9.531250305001e-01,9.275221193636e-02
-4.074044175646e+00,9.843750315000e-01,9.275221193636e-02
-4.074034466637e+00,2.465219074946e+00,9.275277729487e-02
-4.073907027090e+00,4.795358851140e+00,9.275307109875e-02
-4.073880382483e+00,4.979486063397e+00,9.270815734766e-02
-4.073787604277e+00,5.866762277478e+00,9.174727220110e-02
-4.073597308867e+00,1.305924887121e+00,9.275180775969e-02
-4.073550877817e+00,6.118385078993e+00,9.139335227909e-02
-4.073540998625e+00,8.199439137752e+00,8.448727704433e-02
-4.073509202120e+00,3.302487099489e+00,9.275249033335e-02
-4.073311809448e+00,4.760745655852e+00,9.275245747946e-02
-4.073238502082e+00,5.018481638322e+00,9.267374526395e-02
-4.073171832586e+00,2.755042621902e+00,9.275187877352e-02
-4.073093227045e+00,4.365173438335e+00,9.275242037083e-02
-4.073040953036e+00,6.539600639798e+00,9.068308366482e-02
-4.072908343553e+00,4.107552507706e+00,9.275210192233e-02
-4.072763779763e+00,7.872943853568e+00,8.649862898805e-02
-4.072598649923e+00,5.374413238067e+00,9.232787923327e-02
-4.072528584423e+00,4.726883763919e+00,9.275161994626e-02
-4.072516095932e+00,1.016101340164e+00,9.275042387428e-02
-4.072377887264e+00,3.849931577076e+00,9.275137767436e-02
-4.072372610944e+00,5.058186403745e+00,9.263832007844e-02
-4.072368327325e+00,7.377501616085e+00,8.856714341670e-02
-4.072358306755e+00,7.667536034543e+00,8.746710269020e-02
-4.072304114288e+00,9.431779454049e+00,5.469075916895e-02
-4.072136621681e+00,5.579262246354e+00,9.210315720520e-02
-4.071979222251e+00,8.763675992926e+00,7.842421137335e-02
-4.071920429139e+00,3.044866168860e+00,9.275052334258e-02
-4.071655422388e+00,5.745489431830e+00,9.190474430713e-02
-4.071562643333e+00,4.693779061861e+00,9.275055277726e-02
-4.071501858178e+00,3.592310646447e+00,9.275024731000e-02
-4.071472472219e+00,1.917774597362e+00,9.274955302174e-02
-4.071365778663e+00,2.207598144318e+00,9.274954185751e-02
-4.071277715955e+00,5.098594216549e+00,9.260184932107e-02
-4.071190396378e+00,1.627951050406e+00,9.274910733419e-02
-4.071095940537e+00,6.248601998091e+00,9.119378299702e-02
-4.070870315710e+00,2.497421691274e+00,9.274907383599e-02
-4.070519551140e+00,1.338127503450e+00,9.274820457535e-02
-4.070514180393e+00,8.081588301473e+00,8.530531031891e-02
-4.070419313917e+00,4.661437403156e+00,9.274927793671e-02
-4.070280256294e+00,3.334689715818e+00,9.274871033433e-02
-4.070279442150e+00,6.460212690199e+00,9.083371181525e-02
-4.069986083360e+00,2.787245238230e+00,9.274814872668e-02
-4.069948862100e+00,5.139698902527e+00,9.256429900968e-02
-4.069777888019e+00,4.397376054664e+00,9.274853872689e-02
-4.069706071496e+00,5.419742308357e+00,9.228236448577e-02
-4.069614602828e+00,4.139755124034e+00,9.274824522465e-02
-4.069459936505e+00,1.048303956493e+00,9.274684430038e-02
-4.069346512060e+00,7.465464560182e+00,8.826756882253e-02
-4.069105744838e+00,3.882134193405e+00,9.274754536940e-02
-4.069103960133e+00,4.629864608040e+00,9.274780183597e-02
-4.068898749447e+00,9.543867204762e+00,4.366407831851e-02
-4.068713081612e+00,3.077068785188e+00,9.274676607372e-02
-4.068485639231e+00,8.653127713863e+00,8.005053601183e-02
-4.068381132647e+00,5.181494256615e+00,9.252563355107e-02
-4.068351517892e+00,1.949977213691e+00,9.274589609205e-02
-4.068251314052e+00,3.624513262776e+00,9.274643885459e-02
-4.068223226037e+00,2.239800760647e+00,9.274585950089e-02
-4.068120447822e+00,5.918218773420e+00,9.168425975562e-02
-4.068091040351e+00,1.660153666735e+00,9.274547523459e-02
-4.068081591298e+00,5.627330066480e+00,9.205100098307e-02
-4.068073802624e+00,6.043875083578e+00,9.150888122338e-02
-4.067929287320e+00,8.533275136891e+00,8.150885139604e-02
-4.067912355235e+00,6.925955575887e+00,8.986243740002e-02
-4.067706164784e+00,2.529624307603e+00,9.274536544307e-02
-4.067681081227e+00,7.010028680647e+00,8.965373556838e-02
-4.067618246020e+00,6.842663319137e+00,9.005878924230e-02
-4.067561479901e+00,7.757756080224e+00,8.707741817330e-02
-4.067441793413e+00,1.370330119778e+00,9.274459672100e-02
-4.067135062863e+00,8.412883324439e+00,8.274349811624e-02
-4.067051310468e+00,3.366892332146e+00,9.274492519519e-02
-4.067027308883e+00,6.381666343052e+00,9.097666608728e-02
-4.066918732995e+00,7.094872194657e+00,8.943148980410e-02
-4.066804508707e+00,6.760162312843e+00,9.024383502380e-02
-4.066800334134e+00,2.819447854559e+00,9.274441367498e-02
-4.066727927971e+00,7.964656977481e+00,8.602106372176e-02
-4.066660922809e+00,5.795579341276e+00,9.184657373646e-02
-4.066569649352e+00,5.223974043083e+00,9.248579575935e-02
-4.066545120401e+00,5.465723140037e+00,9.223545986711e-02
-4.066477951822e+00,6.172481766403e+00,9.131886541015e-02
-4.066462548994e+00,4.429578670992e+00,9.274465166255e-02
-4.066403777078e+00,1.080506572821e+00,9.274326011796e-02
-4.066320862102e+00,4.171957740363e+00,9.274438317617e-02
-4.065942288821e+00,9.074108906612e+00,7.188385922288e-02
-4.065833602413e+00,3.914336809734e+00,9.274370778144e-02
-4.065765475604e+00,7.554144046562e+00,8.794474360813e-02
-4.065619683964e+00,7.180475643160e+00,8.919388239443e-02
-4.065617646267e+00,9.185526744129e+00,6.825603629345e-02
-4.065561990434e+00,8.293369046637e+00,8.379670597096e-02
-4.065505734086e+00,3.109271401517e+00,9.274300372712e-02
-4.065476962443e+00,6.678462922697e+00,9.041850598197e-02
-4.065281534697e+00,8.962911568722e+00,7.471819182709e-02
-4.065230563565e+00,1.982179830019e+00,9.274223435269e-02
-4.065080673410e+00,2.272003376975e+00,9.274217226745e-02
-4.065000769926e+00,3.656715879104e+00,9.274262518217e-02
-4.064991684324e+00,1.692356283063e+00,9.274183839058e-02
-4.064542013857e+00,2.561826923931e+00,9.274165210424e-02
-4.064509572639e+00,5.267131995764e+00,9.244473873291e-02
-4.064499483421e+00,9.656146876878e+00,2.510203034280e-02
-4.064364035686e+00,1.402532736107e+00,9.274098418571e-02
-4.064305475330e+00,9.297158096765e+00,6.344945013735e-02
-4.063822364642e+00,3.399094948475e+00,9.274113490334e-02
-4.063778372277e+00,7.266828515727e+00,8.893980943069e-02
-4.063739080459e+00,5.676022744672e+00,9.199720028604e-02
-4.063641490241e+00,6.597575477223e+00,9.058361250031e-02
-4.063637560205e+00,8.851941699193e+00,7.699294415159e-02
-4.063614584907e+00,2.851650470888e+00,9.274067360630e-02
-4.063347617650e+00,1.112709189150e+00,9.273967131630e-02
-4.063290684106e+00,6.303971778103e+00,9.111250755340e-02
-4.063216662893e+00,8.174746724852e+00,8.470518931563e-02
-4.063147209968e+00,4.461781287321e+00,9.274075916416e-02
-4.063111157763e+00,5.512349314479e+00,9.218711395892e-02
-4.063027121376e+00,4.204160356692e+00,9.274051576352e-02
-4.062561459987e+00,3.946539426062e+00,9.273986489733e-02
-4.062298386560e+00,3.141474017846e+00,9.273923629041e-02
-4.062196101772e+00,5.310961818282e+00,9.240245258590e-02
-4.062189094529e+00,7.848659461057e+00,8.665316273206e-02
-4.062142313158e+00,5.970265016375e+00,9.161914824652e-02
-4.062109609239e+00,2.014382446348e+00,9.273856779224e-02
-4.062003688836e+00,9.408995964602e+00,5.678138972217e-02
-4.061938120783e+00,2.304205993303e+00,9.273848014554e-02
-4.061892328297e+00,1.724558899392e+00,9.273819679100e-02
-4.061750225800e+00,3.688918495433e+00,9.273880627987e-02
-4.061619922074e+00,7.643529422984e+00,8.759506409103e-02
-4.061393493216e+00,6.097242533284e+00,9.143808897322e-02
-4.061389300932e+00,7.353920266678e+00,8.866754154551e-02
-4.061377862930e+00,2.594029540259e+00,9.273793380761e-02
-4.061364865460e+00,5.846273347126e+00,9.178651255375e-02
-4.061304038676e+00,6.517510267466e+00,9.073971230009e-02
-4.061286277959e+00,1.434735352435e+00,9.273736695854e-02
-4.061012586281e+00,8.741206250668e+00,7.885835093314e-02
-4.060954177848e+00,4.886678109871e+00,9.273764679476e-02
-4.060906391912e+00,4.850033352659e+00,9.273765408463e-02
-4.060794026916e+00,4.924051291804e+00,9.273735565775e-02
-4.060655817425e+00,4.814123032681e+00,9.273742563060e-02
-4.060593418815e+00,3.431297564804e+00,9.273733944612e-02
-4.060428835681e+00,2.883853087216e+00,9.273692850850e-02
-4.060420828129e+00,4.962146853974e+00,9.273414425240e-02
-4.060291458223e+00,1.144911805478e+00,9.273607788469e-02
-4.060207639875e+00,4.778953130241e+00,9.273696782517e-02
-4.060105761957e+00,8.057030737935e+00,8.549646452896e-02
-4.059831870943e+00,4.493983903650e+00,9.273686121804e-02
-4.059829508029e+00,5.000958720129e+00,9.270018765723e-02
-4.059733380651e+00,4.236362973021e+00,9.273664297326e-02
-4.059624474998e+00,5.355457184307e+00,9.235889428289e-02
-4.059567081734e+00,4.744529593215e+00,9.273628459723e-02
-4.059399584420e+00,5.559614384019e+00,9.213727257860e-02
-4.059289317561e+00,3.978742042391e+00,9.273601670391e-02
-4.059104615109e+00,5.725333743847e+00,9.194168966773e-02
-4.059091039034e+00,3.173676634174e+00,9.273546375119e-02
-4.059075761376e+00,6.227139136165e+00,9.124174443073e-02
-4.059015030899e+00,5.040480782453e+00,9.266523364873e-02
-4.058988654912e+00,2.046585062676e+00,9.273489639928e-02
-4.058795568156e+00,2.336408609632e+00,9.273478312349e-02
-4.058792972270e+00,1.756761515720e+00,9.273455042465e-02
-4.058739402261e+00,4.710858336837e+00,9.273538033504e-02
-4.058710244374e+00,9.521033332511e+00,4.691600247805e-02
-4.058499681674e+00,3.721121111762e+00,9.273498213476e-02
-4.058470617610e+00,6.438277546655e+00,9.088772987135e-02
-4.058447038134e+00,7.441740315373e+00,8.837510326663e-02
-4.058213712004e+00,2.626232156588e+00,9.273421054127e-02
-4.058208520231e+00,1.466937968764e+00,9.273374502851e-02
-4.057972398928e+00,5.080706901794e+00,9.262925051087e-02
-4.057956357500e+00,8.629309852685e+00,8.042961572944e-02
-4.057860932025e+00,8.508185155574e+00,8.183816394379e-02
-4.057729897320e+00,4.677945243486e+00,9.273425990275e-02
-4.057364472989e+00,3.463500181132e+00,9.273353881087e-02
-4.057243086454e+00,2.916055703545e+00,9.273317836939e-02
-4.057235298795e+00,1.177114421807e+00,9.273247981236e-02
-4.056980764127e+00,8.387924699760e+00,8.302412904858e-02
-4.056904621342e+00,7.733610003446e+00,8.721585833870e-02
-4.056789969659e+00,5.400611737827e+00,9.231401858675e-02
-4.056696652391e+00,5.121630907892e+00,9.259220506029e-02
-4.056545699875e+00,6.903105698891e+00,8.993466471917e-02
-4.056543899171e+00,4.645796162483e+00,9.273292865789e-02
-4.056516531917e+00,4.526186519978e+00,9.273295781044e-02
-4.056439639925e+00,4.268565589349e+00,9.273276479192e-02
-4.056390582979e+00,6.987030253662e+00,8.973017517375e-02
-4.056236057904e+00,7.940235421723e+00,8.618965019905e-02
-4.056176128378e+00,6.819963113468e+00,9.012716152307e-02
-4.056017175135e+00,4.010944658720e+00,9.273216318796e-02
-4.055883691507e+00,3.205879250503e+00,9.273168609700e-02
-4.055867700585e+00,2.078787679004e+00,9.273122016233e-02
-4.055848939825e+00,6.022894324122e+00,9.155184535751e-02
-4.055762902895e+00,5.897564825189e+00,9.172448102152e-02
-4.055705081453e+00,7.071726342248e+00,8.951256349266e-02
-4.055693616243e+00,1.788964132049e+00,9.273089928029e-02
-4.055653015530e+00,2.368611225960e+00,9.273108118958e-02
-4.055405841083e+00,5.607511872195e+00,9.208587858941e-02
-4.055322363074e+00,8.268542945722e+00,8.403868691217e-02
-4.055307603906e+00,9.051479844564e+00,7.265581707048e-02
-4.055287628829e+00,6.737612896592e+00,9.030867096916e-02
-4.055249137548e+00,3.753323728090e+00,9.273115273387e-02
-4.055186776280e+00,4.614416909880e+00,9.273139246967e-02
-4.055182869821e+00,5.163246599605e+00,9.255406240974e-02
-4.055147300070e+00,6.359887529773e+00,9.102826564737e-02
-4.055130762504e+00,1.499140585092e+00,9.273011838462e-02
-4.055094128229e+00,9.162845661011e+00,6.925492763080e-02
-4.055049561077e+00,2.658434772916e+00,9.273048229324e-02
-4.054946217356e+00,7.530278046678e+00,8.806022825058e-02
-4.054535939399e+00,8.940335071350e+00,7.533240008332e-02
-4.054483563477e+00,7.157183493093e+00,8.928022758817e-02
-4.054423144554e+00,9.633263170346e+00,3.083765999631e-02
-4.054388796788e+00,6.151178518708e+00,9.136483803318e-02
-4.054179139368e+00,1.209317038136e+00,9.272887708853e-02
-4.054173761549e+00,5.775256498874e+00,9.188439994140e-02
-4.054135527163e+00,3.495702797461e+00,9.272973298485e-02
-4.054057337228e+00,2.948258319874e+00,9.272942317677e-02
-4.053893378000e+00,9.274425537436e+00,6.479170697211e-02
-4.053886025578e+00,6.656065410676e+00,9.048009075721e-02
-4.053687902445e+00,5.446419093313e+00,9.226777791131e-02
-4.053426168225e+00,5.205547745104e+00,9.251473472316e-02
-4.053201192892e+00,4.558389136307e+00,9.272904892758e-02
-4.053145899199e+00,4.300768205678e+00,9.272888120599e-02
-4.052892327162e+00,8.150054311952e+00,8.491599227176e-02
-4.052781313674e+00,8.829418308843e+00,7.749308464998e-02
-4.052746746258e+00,2.110990295333e+00,9.272753906988e-02
-4.052745032709e+00,4.043147275048e+00,9.272830433623e-02
-4.052720461932e+00,7.243391198943e+00,8.903177852440e-02
-4.052676343981e+00,3.238081866832e+00,9.272790331537e-02
-4.052594260216e+00,1.821166748377e+00,9.272724334665e-02
-4.052510462903e+00,2.400813842289e+00,9.272737433206e-02
-4.052053004777e+00,1.531343201421e+00,9.272648701581e-02
-4.051998593422e+00,3.785526344419e+00,9.272731806421e-02
-4.051977206824e+00,6.575330980950e+00,9.064208621869e-02
-4.051885410151e+00,2.690637389245e+00,9.272674905153e-02
-4.051703263385e+00,9.386212475155e+00,5.867918269131e-02
-4.051614409295e+00,7.824375068545e+00,8.680345160966e-02
-4.051421703256e+00,5.248528082103e+00,9.247423873925e-02
-4.051340222049e+00,6.282350393169e+00,9.116186268081e-02
-4.051125408546e+00,5.656035273945e+00,9.203287169587e-02
-4.051122979941e+00,1.241519654464e+00,9.272526970236e-02
-4.050906581337e+00,3.527905413790e+00,9.272592195531e-02
-4.050881537393e+00,7.619522811425e+00,8.771982364419e-02
-4.050871588001e+00,2.980460936202e+00,9.272566291835e-02
-4.050410274538e+00,7.330338917271e+00,8.876572726381e-02
-4.050313629624e+00,5.492872835906e+00,9.222012216307e-02
-4.050045950310e+00,8.718736508411e+00,7.927335725313e-02
-4.049885853866e+00,4.590591752636e+00,9.272513455565e-02
-4.049852158474e+00,4.332970822006e+00,9.272499220192e-02
-4.049850728574e+00,5.949447123923e+00,9.166039462713e-02
-4.049697343521e+00,8.032473174397e+00,8.568132232477e-02
-4.049625791931e+00,2.143192911661e+00,9.272385311040e-02
-4.049567124316e+00,6.495419895135e+00,9.079543557554e-02
-4.049494904189e+00,1.853369364706e+00,9.272358261242e-02
-4.049472890284e+00,4.075349891377e+00,9.272444013542e-02
-4.049468996455e+00,3.270284483160e+00,9.272411539377e-02
-4.049367910276e+00,2.433016458617e+00,9.272366253915e-02
-4.049236108614e+00,6.076099987575e+00,9.148220794449e-02
-4.049164669391e+00,5.292181318082e+00,9.243253449181e-02
-4.049140437064e+00,9.745678433240e+00,6.608629100431e-06
-4.048975247050e+00,1.563545817749e+00,9.272285091100e-02
-4.048942126642e+00,5.825784416773e+00,9.182525791195e-02
-4.048748049296e+00,3.817728960748e+00,9.272347811273e-02
-4.048721259224e+00,2.722840005573e+00,9.272301080411e-02
-4.048521739302e+00,9.498199460260e+00,4.980051787474e-02
-4.048066820513e+00,1.273722270793e+00,9.272165764301e-02
-4.047974555017e+00,8.604089684711e+00,8.080680521988e-02
-4.047792576729e+00,8.483095174257e+00,8.215439727562e-02
-4.047685838775e+00,3.012663552531e+00,9.272189758186e-02
-4.047677635511e+00,3.560108030118e+00,9.272210570944e-02
-4.047547564208e+00,7.418016070565e+00,8.848018296743e-02
-4.047396082704e+00,4.869709319018e+00,9.272160272744e-02
-4.047300325574e+00,4.833251263565e+00,9.272157312267e-02
-4.047284770646e+00,4.906896792831e+00,9.272139195237e-02
-4.047055582215e+00,6.205676274240e+00,9.128901319973e-02
-4.047002652196e+00,4.797528634930e+00,9.272130628868e-02
-4.046961273775e+00,4.944807644551e+00,9.272093806538e-02
-4.046826465390e+00,8.362966075080e+00,8.329442463002e-02
-4.046662547159e+00,5.539966521685e+00,9.217099857108e-02
-4.046661793071e+00,6.416342403112e+00,9.094090822640e-02
-4.046650300072e+00,5.336501130547e+00,9.238958001291e-02
-4.046558417748e+00,4.365173438335e+00,9.272109776610e-02
-4.046553807830e+00,5.705178055864e+00,9.197818822293e-02
-4.046508252660e+00,4.762547409342e+00,9.272080580888e-02
-4.046504837604e+00,2.175395527990e+00,9.272016227231e-02
-4.046420513975e+00,4.983435801937e+00,9.272022630116e-02
-4.046395548162e+00,1.885571981034e+00,9.271991706627e-02
-4.046261648928e+00,3.302487099489e+00,9.272032231962e-02
-4.046247762782e+00,7.709463926669e+00,8.735069522896e-02
-4.046225357649e+00,2.465219074946e+00,9.271994579902e-02
-4.046200747858e+00,4.107552507706e+00,9.272057057219e-02
-4.045897489322e+00,1.595748434078e+00,9.271921005911e-02
-4.045822354020e+00,4.728313530578e+00,9.272007571450e-02
-4.045744187837e+00,7.915813865966e+00,8.635340382720e-02
-4.045657450853e+00,5.022775161162e+00,9.269189188739e-02
-4.045557108298e+00,2.755042621902e+00,9.271926753889e-02
-4.045497505170e+00,3.849931577076e+00,9.271963286633e-02
-4.045252344016e+00,7.812500250013e-02,9.274619653207e-02
-4.045252344016e+00,1.093750035002e-01,9.274236705735e-02
-4.045252344016e+00,1.406250045003e-01,9.273881379690e-02
-4.045252344016e+00,1.718750055004e-01,9.273553844673e-02
-4.045252344016e+00,6.093750195002e-01,9.271820618966e-02
-4.045252344016e+00,6.406250205002e-01,9.271820618966e-02
-4.045252344016e+00,7.968750255003e-01,9.271820618966e-02
-4.045252344016e+00,1.562500050003e-02,9.275467672289e-02
-4.045252344016e+00,4.687500150008e-02,9.275030040106e-02
-4.045252344016e+00,2.031250065004e-01,9.273254257641e-02
-4.045252344016e+00,2.343750075005e-01,9.272982762683e-02
-4.045252344016e+00,2.656250085006e-01,9.272739490809e-02
-4.045252344016e+00,2.968750095005e-01,9.272524559761e-02
-4.045252344016e+00,3.281250105004e-01,9.272338073840e-02
-4.045252344016e+00,3.593750115004e-01,9.272180123754e-02
-4.045252344016e+00,3.906250125003e-01,9.272050786486e-02
-4.045252344016e+00,4.218750135002e-01,9.271950125174e-02
-4.045252344016e+00,4.531250145001e-01,9.271878189027e-02
-4.045252344016e+00,4.843750155000e-01,9.271835013244e-02
-4.045252344016e+00,5.156250165000e-01,9.271820618966e-02
-4.045252344016e+00,5.468750175001e-01,9.271820618966e-02
-4.045252344016e+00,5.781250185001e-01,9.271820618966e-02
-4.045252344016e+00,6.718750215003e-01,9.271820618966e-02
-4.045252344016e+00,7.031250225004e-01,9.271820618966e-02
-4.045252344016e+00,7.343750235004e-01,9.271820618966e-02
-4.045252344016e+00,7.656250245004e-01,9.271820618966e-02
-4.045252344016e+00,8.281250265002e-01,9.271820618966e-02
-4.045252344016e+00,8.593750275002e-01,9.271820618966e-02
-4.045252344016e+00,8.906250285002e-01,9.271820618966e-02
-4.045252344016e+00,9.218750295001e-01,9.271820618966e-02
-4.045252344016e+00,9.531250305001e-01,9.271820618966e-02
-4.045252344016e+00,9.843750315000e-01,9.271820618966e-02
-4.045179044516e+00,6.880255821895e+00,9.000556054122e-02
-4.045100084730e+00,6.964031826678e+00,8.980516124859e-02
-4.045082735715e+00,8.243716844808e+00,8.427236300327e-02
-4.045010661086e+00,1.305924887121e+00,9.271804089959e-02
-4.044950220099e+00,4.694832909754e+00,9.271911934045e-02
-4.044734010737e+00,6.797262907800e+00,9.019431118584e-02
-4.044672918991e+00,9.028850782516e+00,7.338310277873e-02
-4.044667081902e+00,5.062819587039e+00,9.265638783045e-02
-4.044570610190e+00,9.140164577893e+00,7.018855117323e-02
-4.044500089549e+00,3.044866168860e+00,9.271812715496e-02
-4.044491429911e+00,7.048580489840e+00,8.959202635211e-02
-4.044448689685e+00,3.592310646447e+00,9.271828423441e-02
-4.044346805688e+00,9.610379463814e+00,3.573683493675e-02
-4.044126959108e+00,7.506412046793e+00,8.817297943067e-02
-4.043897151306e+00,4.662111425111e+00,9.271793629669e-02
-4.043873867821e+00,5.381481167296e+00,9.234533120020e-02
-4.043790344101e+00,8.917758573979e+00,7.591470427558e-02
-4.043770748952e+00,6.715063480340e+00,9.037238173657e-02
-4.043735063452e+00,1.016101340164e+00,9.271640900647e-02
-4.043624077025e+00,6.001913564665e+00,9.159416372733e-02
-4.043481280671e+00,9.251692978108e+00,6.603322193437e-02
-4.043444442682e+00,5.103562913258e+00,9.261983829768e-02
-4.043405357968e+00,5.876910876959e+00,9.176418608580e-02
-4.043383883277e+00,2.207598144318e+00,9.271646654400e-02
-4.043347442990e+00,7.133891343026e+00,8.936481355626e-02
-4.043296192135e+00,1.917774597362e+00,9.271624669681e-02
-4.043267291257e+00,6.338108716494e+00,9.107908503796e-02
-4.043264677023e+00,4.397376054664e+00,9.271719788488e-02
-4.043082805023e+00,2.497421691274e+00,9.271622409983e-02
-4.043054301402e+00,3.334689715818e+00,9.271652408033e-02
-4.042928605432e+00,4.139755124034e+00,9.271669563315e-02
-4.042819731595e+00,1.627951050406e+00,9.271556444896e-02
-4.042730090867e+00,5.587693677910e+00,9.212035150383e-02
-4.042668484425e+00,4.630154921810e+00,9.271654577108e-02
-4.042567991430e+00,8.125361899052e+00,8.512002390395e-02
-4.042392957371e+00,2.787245238230e+00,9.271551924377e-02
-4.042299641753e+00,6.129875271012e+00,9.141016429298e-02
-4.042295088713e+00,6.633667898655e+00,9.054063779881e-02
-4.042246961044e+00,3.882134193405e+00,9.271578231189e-02
-4.041984606996e+00,5.144998942595e+00,9.258217896781e-02
-4.041954501659e+00,1.338127503450e+00,9.271441946117e-02
-4.041925067143e+00,8.806894918494e+00,7.796965392681e-02
-4.041686600288e+00,5.754933656473e+00,9.192176087759e-02
-4.041662551587e+00,7.219953882160e+00,8.912181026621e-02
-4.041402837932e+00,9.363428985709e+00,6.040959816325e-02
-4.041314340322e+00,3.077068785188e+00,9.271435162527e-02
-4.041219743859e+00,3.624513262776e+00,9.271445751732e-02
-4.041039724061e+00,7.800090676034e+00,8.694966615483e-02
-4.040830684489e+00,5.427115046588e+00,9.229974167460e-02
-4.040700502325e+00,1.048303956493e+00,9.271281116363e-02
-4.040312923408e+00,6.553086484677e+00,9.069960675458e-02
-4.040282687097e+00,5.187121447126e+00,9.254338269118e-02
-4.040262928950e+00,2.239800760647e+00,9.271276591381e-02
-4.040196836108e+00,1.949977213691e+00,9.271257149264e-02
-4.040143152712e+00,7.595516199866e+00,8.784149923087e-02
-4.039970936297e+00,4.429578670992e+00,9.271329254458e-02
-4.039940252396e+00,2.529624307603e+00,9.271249742967e-02
-4.039846953876e+00,3.366892332146e+00,9.271272066326e-02
-4.039741973868e+00,1.660153666735e+00,9.271191406940e-02
-4.039656463006e+00,4.171957740363e+00,9.271281530489e-02
-4.039431248144e+00,7.306757567865e+00,8.886177284930e-02
-4.039389759993e+00,6.260729008235e+00,9.121049173433e-02
-4.039288925085e+00,8.007915610858e+00,8.586046015171e-02
-4.039228806444e+00,2.819447854559e+00,9.271176590659e-02
-4.039176507545e+00,9.722745442147e+00,1.008920172802e-02
-4.039079314339e+00,8.696266766153e+00,7.967046033281e-02
-4.038996416918e+00,3.914336809734e+00,9.271192643624e-02
-4.038898342231e+00,1.370330119778e+00,9.271079331681e-02
-4.038511736634e+00,5.636047803219e+00,9.206812227201e-02
-4.038333833873e+00,5.229924168442e+00,9.250343749187e-02
-4.038333234229e+00,9.475365588009e+00,5.237649344509e-02
-4.038128591096e+00,3.109271401517e+00,9.271057098038e-02
-4.037992752534e+00,8.578869516737e+00,8.116771250204e-02
-4.037990798033e+00,3.656715879104e+00,9.271062554525e-02
-4.037830209956e+00,6.473329522803e+00,9.085027590502e-02
-4.037724221433e+00,8.458005192940e+00,8.245830273880e-02
-4.037665941197e+00,1.080506572821e+00,9.270920867656e-02
-4.037559143990e+00,5.928629231472e+00,9.170110235634e-02
-4.037516101485e+00,5.473396357332e+00,9.225276262745e-02
-4.037141974624e+00,2.272003376975e+00,9.270906037008e-02
-4.037097480081e+00,1.982179830019e+00,9.270889144232e-02
-4.037078724013e+00,6.054957441866e+00,9.152569316171e-02
-4.036797699769e+00,2.561826923931e+00,9.270876577662e-02
-4.036677195571e+00,4.461781287321e+00,9.270938173147e-02
-4.036672166654e+00,8.338007450400e+00,8.355493707775e-02
-4.036664216141e+00,1.692356283063e+00,9.270825890921e-02
-4.036648090282e+00,7.394291825757e+00,8.858289070588e-02
-4.036639606350e+00,3.399094948475e+00,9.270891205571e-02
-4.036519387825e+00,5.805295486421e+00,9.186351849102e-02
-4.036384320580e+00,4.204160356692e+00,9.270892957392e-02
-4.036133237011e+00,5.273400817883e+00,9.246230437951e-02
-4.036064655518e+00,2.851650470888e+00,9.270800751518e-02
-4.035842182804e+00,1.402532736107e+00,9.270716245551e-02
-4.035745872792e+00,3.946539426062e+00,9.270806522617e-02
-4.035590904222e+00,7.685317849892e+00,8.748206646928e-02
-4.035252317770e+00,7.891392310208e+00,8.651252674320e-02
-4.035035403054e+00,6.184213412315e+00,9.133560515476e-02
-4.034942841869e+00,3.141474017846e+00,9.270678520785e-02
-4.034852968532e+00,6.394407259569e+00,9.099326721709e-02
-4.034843108357e+00,8.218890743893e+00,8.449814882826e-02
-4.034761852206e+00,3.688918495433e+00,9.270678830525e-02
-4.034631380070e+00,1.112709189150e+00,9.270560153448e-02
-4.034270466821e+00,9.587495757282e+00,3.996998379761e-02
-4.034047092152e+00,9.117483494776e+00,7.106308071692e-02
-4.034038234076e+00,9.006221720468e+00,7.406946943263e-02
-4.034021020297e+00,2.304205993303e+00,9.270534990107e-02
-4.034003000551e+00,5.685022367881e+00,9.201424891576e-02
-4.033998124054e+00,2.014382446348e+00,9.270520653438e-02
-4.033925509897e+00,5.520318659350e+00,9.220434265638e-02
-4.033837987560e+00,4.852740528165e+00,9.270553162325e-02
-4.033812389157e+00,6.857405944899e+00,9.007516200027e-02
-4.033809586481e+00,6.941033399694e+00,8.987873540438e-02
-4.033775514377e+00,4.889742293858e+00,9.270536915613e-02
-4.033694259237e+00,4.816469174471e+00,9.270542456620e-02
-4.033676125147e+00,5.317545076788e+00,9.241994242254e-02
-4.033655147143e+00,2.594029540259e+00,9.270502912871e-02
-4.033586458414e+00,1.724558899392e+00,9.270459895714e-02
-4.033501719421e+00,4.927468435128e+00,9.270494218532e-02
-4.033432258823e+00,3.431297564804e+00,9.270509824497e-02
-4.033383454846e+00,4.493983903650e+00,9.270546543176e-02
-4.033349486968e+00,4.780934237180e+00,9.270508278942e-02
-4.033307700860e+00,7.482546046908e+00,8.828309240871e-02
-4.033291893096e+00,6.774562702132e+00,9.026027147354e-02
-4.033277778368e+00,7.025434637432e+00,8.966994524543e-02
-4.033112178155e+00,4.236362973021e+00,9.270503842675e-02
-4.033069183341e+00,9.228960418779e+00,6.718489802643e-02
-4.033044748804e+00,8.895182076607e+00,7.646751542668e-02
-4.033011519922e+00,4.965912883744e+00,9.270426505233e-02
-4.032900504591e+00,2.883853087216e+00,9.270424405731e-02
-4.032808865445e+00,4.746141688443e+00,9.270451002205e-02
-4.032786023376e+00,1.434735352435e+00,9.270352686626e-02
-4.032495328666e+00,3.978742042391e+00,9.270419866842e-02
-4.032299870807e+00,5.005069539869e+00,9.270333573756e-02
-4.032253869074e+00,6.692514064088e+00,9.043499717442e-02
-4.032243655698e+00,8.100669486152e+00,8.531760136172e-02
-4.032211322503e+00,7.110599192960e+00,8.944761466502e-02
-4.032077626305e+00,4.712097467941e+00,9.270371045084e-02
-4.031757092643e+00,3.173676634174e+00,9.270299429518e-02
-4.031596818942e+00,1.144911805478e+00,9.270198972661e-02
-4.031532906380e+00,3.721121111762e+00,9.270294578430e-02
-4.031399214226e+00,5.980932805208e+00,9.163591966243e-02
-4.031387282444e+00,6.316329903214e+00,9.112914275322e-02
-4.031361764876e+00,5.044932272285e+00,9.268326576319e-02
-4.031161037938e+00,4.678807482672e+00,9.270268873651e-02
-4.031102412481e+00,9.340645496262e+00,6.199380358043e-02
-4.031068820612e+00,8.784371528144e+00,7.842427080210e-02
-4.031047813041e+00,5.856256928729e+00,9.180338573950e-02
-4.030957765983e+00,5.362350596765e+00,9.237630861995e-02
-4.030900065970e+00,2.336408609632e+00,9.270163449504e-02
-4.030898768027e+00,2.046585062676e+00,9.270151675729e-02
-4.030704151849e+00,6.611270386635e+00,9.060005425229e-02
-4.030604641242e+00,7.196516565376e+00,8.920996546658e-02
-4.030512594516e+00,2.626232156588e+00,9.270128747393e-02
-4.030508700686e+00,1.756761515720e+00,9.270093420192e-02
-4.030465038827e+00,7.775806283523e+00,8.709196804617e-02
-4.030224911297e+00,3.463500181132e+00,9.270127921828e-02
-4.030210486718e+00,6.108572023317e+00,9.145485868560e-02
-4.030192232973e+00,5.085494918623e+00,9.264719986576e-02
-4.030089714120e+00,4.526186519978e+00,9.270154363164e-02
-4.030064405292e+00,4.646277606737e+00,9.270145003112e-02
-4.030054340652e+00,5.567875483625e+00,9.215442758864e-02
-4.029840035729e+00,4.268565589349e+00,9.270114184981e-02
-4.029736353665e+00,2.916055703545e+00,9.270047552072e-02
-4.029729863949e+00,1.466937968764e+00,9.269988653802e-02
-4.029404768031e+00,7.571509588307e+00,8.795999765392e-02
-4.029244784540e+00,4.010944658720e+00,9.270032674969e-02
-4.029212578026e+00,9.699812451054e+00,1.829601231733e-02
-4.029199439027e+00,5.734610814072e+00,9.195866597509e-02
-4.028880506649e+00,7.983358047320e+00,8.603430547328e-02
-4.028793069679e+00,4.614513681137e+00,9.269999999625e-02
-4.028786344170e+00,5.126751285585e+00,9.261001918157e-02
-4.028648639992e+00,6.530841988404e+00,9.075619807711e-02
-4.028571343416e+00,3.205879250503e+00,9.269919822984e-02
-4.028562257815e+00,1.177114421807e+00,9.269837324210e-02
-4.028452221750e+00,7.283176218458e+00,8.895574754639e-02
-4.028303960554e+00,3.753323728090e+00,9.269909796936e-02
-4.028144729156e+00,9.452531715758e+00,5.469085969875e-02
-4.028112678368e+00,8.673797023896e+00,8.005059070557e-02
-4.028010950052e+00,8.553649348763e+00,8.151264561561e-02
-4.027973466533e+00,5.407810999864e+00,9.233135776380e-02
-4.027799412000e+00,2.078787679004e+00,9.269782209952e-02
-4.027779111643e+00,2.368611225960e+00,9.269791414019e-02
-4.027655866137e+00,8.432915211623e+00,8.275057600168e-02
-4.027439297936e+00,6.239107623302e+00,9.125841156932e-02
-4.027430942959e+00,1.788964132049e+00,9.269726463224e-02
-4.027370041889e+00,2.658434772916e+00,9.269754080026e-02
-4.027139205970e+00,5.168695149147e+00,9.257174476103e-02
-4.027017563771e+00,3.495702797461e+00,9.269745496283e-02
-4.026795973394e+00,4.558389136307e+00,9.269761631724e-02
-4.026673704522e+00,1.499140585092e+00,9.269624145968e-02
-4.026572202738e+00,2.948258319874e+00,9.269670189311e-02
-4.026567893303e+00,4.300768205678e+00,9.269723982951e-02
-4.026517867918e+00,8.313048825721e+00,8.380618044153e-02
-4.026093295596e+00,6.451239150472e+00,9.090425500095e-02
-4.025994240414e+00,4.043147275048e+00,9.269644945664e-02
-4.025898064722e+00,5.616060332492e+00,9.210296029098e-02
-4.025748616357e+00,7.370567580949e+00,8.868330567448e-02
-4.025527696687e+00,1.209317038136e+00,9.269475207010e-02
-4.025385594190e+00,3.238081866832e+00,9.269539699928e-02
-4.025267559406e+00,5.907811339020e+00,9.174128284208e-02
-4.025245964490e+00,5.211320254781e+00,9.253234032836e-02
-4.025075014728e+00,3.785526344419e+00,9.269524484734e-02
-4.024934045662e+00,7.661171773114e+00,8.761010289112e-02
-4.024921339412e+00,6.033814896157e+00,9.156854561742e-02
-4.024760447703e+00,7.866970754450e+00,8.666721015910e-02
-4.024718573346e+00,5.453919878758e+00,9.228504229165e-02
-4.024700055973e+00,2.110990295333e+00,9.269412254947e-02
-4.024658157316e+00,2.400813842289e+00,9.269418882470e-02
-4.024603480998e+00,8.194064642978e+00,8.471643215046e-02
-4.024353185232e+00,1.821166748377e+00,9.269359023674e-02
-4.024227489262e+00,2.690637389245e+00,9.269378909560e-02
-4.024194127954e+00,9.564612050750e+00,4.366418040790e-02
-4.024096649008e+00,5.784806556068e+00,9.190130424172e-02
-4.023810216245e+00,3.527905413790e+00,9.269362546577e-02
-4.023617545094e+00,1.531343201421e+00,9.269259162015e-02
-4.023523574114e+00,9.094802411659e+00,7.188393544523e-02
-4.023502232669e+00,4.590591752636e+00,9.269368347466e-02
-4.023408051811e+00,2.980460936202e+00,9.269292316214e-02
-4.023403549162e+00,8.983592658419e+00,7.471826136068e-02
-4.023295750877e+00,4.332970822006e+00,9.269333235220e-02
-4.023101804630e+00,5.254620317683e+00,9.249176784093e-02
-4.023044143992e+00,6.372472116025e+00,9.104482655810e-02
-4.023015223893e+00,6.162750550390e+00,9.138153568947e-02
-4.022743696288e+00,4.075349891377e+00,9.269256677590e-02
-4.022657086011e+00,9.206227859451e+00,6.825611998466e-02
-4.022519088233e+00,6.918034972709e+00,8.995093773357e-02
-4.022493135560e+00,1.241519654464e+00,9.269112619970e-02
-4.022488442612e+00,7.458680047023e+00,8.839065817574e-02
-4.022445733798e+00,6.834556067903e+00,9.014350491121e-02
-4.022299153506e+00,8.872605579236e+00,7.699300777101e-02
-4.022199844963e+00,3.270284483160e+00,9.269159059088e-02
-4.022064126826e+00,7.002288785024e+00,8.974636520035e-02
-4.021919319967e+00,8.075977073252e+00,8.550902252426e-02
-4.021849775454e+00,6.751862496463e+00,9.032507447892e-02
-4.021846068902e+00,3.817728960748e+00,9.269138640512e-02
-4.021600699946e+00,2.143192911661e+00,9.269041809554e-02
-4.021537202989e+00,2.433016458617e+00,9.269045853672e-02
-4.021452193271e+00,5.664866679898e+00,9.204988046462e-02
-4.021275427505e+00,1.853369364706e+00,9.268991100406e-02
-4.021188472636e+00,5.500670797016e+00,9.223731212809e-02
-4.021084936636e+00,2.722840005573e+00,9.269003234784e-02
-4.021075202016e+00,7.087307042893e+00,8.952865510410e-02
-4.020801987029e+00,9.317862006815e+00,6.344954184908e-02
-4.020736989196e+00,6.669964647836e+00,9.049654612462e-02
-4.020701950222e+00,5.298589023028e+00,9.244998737344e-02
-4.020602868718e+00,3.560108030118e+00,9.268979071423e-02
-4.020561385667e+00,1.563545817749e+00,9.268893700825e-02
-4.020279892416e+00,4.835771737312e+00,9.268930865796e-02
-4.020266258107e+00,4.872587794884e+00,9.268921001433e-02
-4.020243900885e+00,3.012663552531e+00,9.268913931544e-02
-4.020212574081e+00,8.761848137794e+00,7.885840933680e-02
-4.020088192899e+00,4.799687085377e+00,9.268916474395e-02
-4.020042165067e+00,4.910129225704e+00,9.268886586007e-02
-4.020023608451e+00,4.365173438335e+00,9.268941940419e-02
-4.019890353594e+00,7.751521891011e+00,8.723051066948e-02
-4.019696321739e+00,4.764339839429e+00,9.268878165651e-02
-4.019602525869e+00,4.948389965552e+00,9.268827365948e-02
-4.019546730897e+00,7.173079248592e+00,8.929630248676e-02
-4.019507273631e+00,6.294551089935e+00,9.117845673421e-02
-4.019493152163e+00,4.107552507706e+00,9.268867869404e-02
-4.019458574432e+00,1.273722270793e+00,9.268749561999e-02
-4.019248648508e+00,9.676879459960e+00,2.510211013428e-02
-4.019174351427e+00,5.959952045752e+00,9.167712523246e-02
-4.019113214984e+00,6.588872874614e+00,9.065849193673e-02
-4.019109478229e+00,4.729735967544e+00,9.268816322595e-02
-4.019014095737e+00,3.302487099489e+00,9.268777899200e-02
-4.018942290762e+00,4.987363918578e+00,9.268738149674e-02
-4.018690268115e+00,5.835602980499e+00,9.184209049057e-02
-4.018666383349e+00,7.547502976748e+00,8.807553115418e-02
-4.018617123076e+00,3.849931577076e+00,9.268752262951e-02
-4.018501343918e+00,2.175395527990e+00,9.268670872607e-02
-4.018472088213e+00,7.958800483781e+00,8.620308606857e-02
-4.018416248662e+00,2.465219074946e+00,9.268672326433e-02
-4.018332898591e+00,4.695881405304e+00,9.268731374454e-02
-4.018197669778e+00,1.885571981034e+00,9.268622692276e-02
-4.018121331684e+00,6.087268775622e+00,9.149888210543e-02
-4.018056447850e+00,5.027044957531e+00,9.268621272200e-02
-4.018041664146e+00,5.343220026235e+00,9.240695699390e-02
-4.018029147569e+00,8.528429180788e+00,8.184287202972e-02
-4.017956224084e+00,9.429697843507e+00,5.678148904391e-02
-4.017942384009e+00,2.755042621902e+00,9.268627054484e-02
-4.017682037505e+00,8.649887561854e+00,8.043029820706e-02
-4.017587510841e+00,8.407825230306e+00,8.303186205032e-02
-4.017505226240e+00,1.595748434078e+00,9.268527761282e-02
-4.017473195356e+00,7.259594869051e+00,8.904771772221e-02
-4.017395521192e+00,3.592310646447e+00,9.268595069528e-02
-4.017378590437e+00,5.548057289340e+00,9.218811451435e-02
-4.017371855776e+00,4.662782055589e+00,9.268623492990e-02
-4.017079749958e+00,3.044866168860e+00,9.268535034059e-02
-4.016984356575e+00,6.508597492131e+00,9.081188339312e-02
-4.016940023264e+00,5.067426923988e+00,9.267427356858e-02
-4.016751466026e+00,4.397376054664e+00,9.268550097177e-02
-4.016712277767e+00,5.714287971670e+00,9.199512442414e-02
-4.016460512386e+00,7.812500250013e-02,9.271231847602e-02
-4.016460512386e+00,1.093750035002e-01,9.270841454830e-02
-4.016460512386e+00,6.406250205002e-01,9.268378080747e-02
-4.016460512386e+00,1.562500050003e-02,9.272096305709e-02
-4.016460512386e+00,1.406250045003e-01,9.270479208364e-02
-4.016460512386e+00,1.718750055004e-01,9.270145283832e-02
-4.016460512386e+00,2.031250065004e-01,9.269839843780e-02
-4.016460512386e+00,2.343750075005e-01,9.269563037442e-02
-4.016460512386e+00,2.656250085006e-01,9.269315000514e-02
-4.016460512386e+00,2.968750095005e-01,9.269095854957e-02
-4.016460512386e+00,3.593750115004e-01,9.268744656067e-02
-4.016460512386e+00,4.218750135002e-01,9.268510135395e-02
-4.016460512386e+00,5.156250165000e-01,9.268378080747e-02
-4.016460512386e+00,6.093750195002e-01,9.268378080747e-02
-4.016460512386e+00,6.718750215003e-01,9.268378080747e-02
-4.016460512386e+00,7.343750235004e-01,9.268378080747e-02
-4.016460512386e+00,7.656250245004e-01,9.268378080747e-02
-4.016460512386e+00,7.968750255003e-01,9.268378080747e-02
-4.016460512386e+00,8.281250265002e-01,9.268378080747e-02
-4.016460512386e+00,8.593750275002e-01,9.268378080747e-02
-4.016460512386e+00,9.843750315000e-01,9.268378080747e-02
-4.016460512386e+00,4.687500150008e-02,9.271650198229e-02
-4.016460512386e+00,3.281250105004e-01,9.268905708819e-02
-4.016460512386e+00,3.906250125003e-01,9.268612776453e-02
-4.016460512386e+00,4.531250145001e-01,9.268436783871e-02
-4.016460512386e+00,4.843750155000e-01,9.268392758354e-02
-4.016460512386e+00,5.468750175001e-01,9.268378080747e-02
-4.016460512386e+00,5.781250185001e-01,9.268378080747e-02
-4.016460512386e+00,7.031250225004e-01,9.268378080747e-02
-4.016460512386e+00,8.906250285002e-01,9.268378080747e-02
-4.016460512386e+00,9.218750295001e-01,9.268378080747e-02
-4.016460512386e+00,9.531250305001e-01,9.268378080747e-02
-4.016424013305e+00,1.305924887121e+00,9.268386031999e-02
-4.016363569182e+00,8.288090201041e+00,8.404863381226e-02
-4.016242608037e+00,4.139755124034e+00,9.268478519759e-02
-4.016231659279e+00,4.630443788362e+00,9.268493399508e-02
-4.015828346511e+00,3.334689715818e+00,9.268396218995e-02
-4.015588081344e+00,5.108503628575e+00,9.263758781551e-02
-4.015488835880e+00,6.217486238368e+00,9.130563854777e-02
-4.015401987891e+00,2.207598144318e+00,9.268299442937e-02
-4.015388177250e+00,3.882134193405e+00,9.268365350732e-02
-4.015295294335e+00,2.497421691274e+00,9.268298299561e-02
-4.015119912050e+00,1.917774597362e+00,9.268253798142e-02
-4.015116248576e+00,5.388506953139e+00,9.236263263082e-02
-4.014954030972e+00,1.016101340164e+00,9.268197433264e-02
-4.014849142431e+00,7.346843336140e+00,8.878150366783e-02
-4.014799831382e+00,2.787245238230e+00,9.268250367440e-02
-4.014449066812e+00,1.627951050406e+00,9.268161342264e-02
-4.014363853639e+00,8.169238542064e+00,8.492757602974e-02
-4.014356381236e+00,6.429148778140e+00,9.095739390114e-02
-4.014277187103e+00,7.637025696337e+00,8.773492894326e-02
-4.014268577636e+00,7.842549198692e+00,8.681763508314e-02
-4.014188173666e+00,3.624513262776e+00,9.268210539595e-02
-4.014117789087e+00,9.541728344218e+00,4.691610560005e-02
-4.013995724843e+00,5.150268851168e+00,9.259982591766e-02
-4.013915599032e+00,3.077068785188e+00,9.268155622514e-02
-4.013479323600e+00,4.429578670992e+00,9.268157704115e-02
-4.013389452177e+00,1.338127503450e+00,9.268022028872e-02
-4.013284392810e+00,5.596072861766e+00,9.213739382495e-02
-4.013000056076e+00,9.072121328541e+00,7.265589180856e-02
-4.012992063911e+00,4.171957740363e+00,9.268088627304e-02
-4.012975974823e+00,5.886993446569e+00,9.178094718910e-02
-4.012768864247e+00,8.960963596371e+00,7.533246831167e-02
-4.012763954810e+00,6.012672350448e+00,9.161082320276e-02
-4.012642597284e+00,3.366892332146e+00,9.268014017201e-02
-4.012302631864e+00,2.239800760647e+00,9.267927519372e-02
-4.012244988681e+00,9.183495300122e+00,6.925500967208e-02
-4.012174340009e+00,2.529624307603e+00,9.267923771858e-02
-4.012159231424e+00,3.914336809734e+00,9.267977902528e-02
-4.012158095106e+00,5.192716341120e+00,9.256095246708e-02
-4.012042154323e+00,1.949977213691e+00,9.267884416853e-02
-4.011941068145e+00,1.048303956493e+00,9.267835787947e-02
-4.011921045207e+00,5.434443400184e+00,9.231696793064e-02
-4.011673910190e+00,5.764317625716e+00,9.193862485851e-02
-4.011669184364e+00,7.434814047138e+00,8.849576368751e-02
-4.011657278756e+00,2.819447854559e+00,9.267873172430e-02
-4.011594984235e+00,8.051284660352e+00,8.569401146508e-02
-4.011553558209e+00,8.850029081865e+00,7.749314712972e-02
-4.011392907385e+00,1.660153666735e+00,9.267794442645e-02
-4.011235319453e+00,6.350536972482e+00,9.109560536526e-02
-4.011228589984e+00,6.895036545725e+00,9.002180687748e-02
-4.011079078439e+00,6.811706190907e+00,9.021062382702e-02
-4.010995044732e+00,6.141287688464e+00,9.142681975643e-02
-4.010980826139e+00,3.656715879104e+00,9.267825480325e-02
-4.010850475284e+00,6.979142932616e+00,8.982132956909e-02
-4.010751448105e+00,3.109271401517e+00,9.267775695660e-02
-4.010501561577e+00,9.295078517368e+00,6.479179696642e-02
-4.010407657813e+00,6.729162290795e+00,9.038875119331e-02
-4.010354891049e+00,1.370330119778e+00,9.267657551515e-02
-4.010207181174e+00,4.461781287321e+00,9.267764759852e-02
-4.010070372249e+00,5.235839817484e+00,9.252093034174e-02
-4.009939081529e+00,7.064014892826e+00,8.960810230211e-02
-4.009741519785e+00,4.204160356692e+00,9.267698190685e-02
-4.009456848058e+00,3.399094948475e+00,9.267631292541e-02
-4.009356327550e+00,8.739324747444e+00,7.927341466226e-02
-4.009315668360e+00,7.727237498500e+00,8.736543963837e-02
-4.009284718989e+00,9.653946468867e+00,3.083775030887e-02
-4.009220109319e+00,6.647415231584e+00,9.055696139621e-02
-4.009203275837e+00,2.272003376975e+00,9.267555100736e-02
-4.009053385682e+00,2.561826923931e+00,9.267548742124e-02
-4.008964396596e+00,1.982179830019e+00,9.267514547259e-02
-4.008930285598e+00,3.946539426062e+00,9.267589917011e-02
-4.008928105317e+00,1.080506572821e+00,9.267473674594e-02
-4.008901385992e+00,5.644710991915e+00,9.208509137005e-02
-4.008514726129e+00,2.851650470888e+00,9.267495468226e-02
-4.008488820552e+00,7.149641931809e+00,8.938087735978e-02
-4.008451435375e+00,5.481022934682e+00,9.226991410480e-02
-4.008336747958e+00,1.692356283063e+00,9.267427061296e-02
-4.008063669778e+00,7.934242920243e+00,8.636701705367e-02
-4.008047345086e+00,8.503209012814e+00,8.215994379131e-02
-4.007927998668e+00,7.523496365189e+00,8.818832452922e-02
-4.007787391749e+00,8.624538380030e+00,8.080866245210e-02
-4.007773478613e+00,3.688918495433e+00,9.267439890412e-02
-4.007767719011e+00,9.406863971256e+00,5.867928059262e-02
-4.007727775296e+00,5.279632969268e+00,9.247972059347e-02
-4.007627264818e+00,6.272772276656e+00,9.122704438893e-02
-4.007587297179e+00,3.141474017846e+00,9.267395252244e-02
-4.007522278119e+00,6.566475362594e+00,9.071597568447e-02
-4.007519155546e+00,8.382735248989e+00,8.330275966545e-02
-4.007320329922e+00,1.402532736107e+00,9.267292598822e-02
-4.006949488627e+00,5.938971286295e+00,9.171779218197e-02
-4.006935038748e+00,4.493983903650e+00,9.267371263002e-02
-4.006757001837e+00,4.855433295911e+00,9.267301393535e-02
-4.006721797272e+00,4.818802946459e+00,9.267304099796e-02
-4.006582610714e+00,4.892790016281e+00,9.267269950860e-02
-4.006494168962e+00,7.236013519644e+00,8.913774701321e-02
-4.006490975659e+00,4.236362973021e+00,9.267307208540e-02
-4.006482126562e+00,4.782904996284e+00,9.267281951634e-02
-4.006332723188e+00,5.814949032268e+00,9.188031057282e-02
-4.006271098831e+00,3.431297564804e+00,9.267248043736e-02
-4.006209270445e+00,8.263131576361e+00,8.428274421611e-02
-4.006193531815e+00,4.930867047360e+00,9.267213224190e-02
-4.006103919810e+00,2.304205993303e+00,9.267182185849e-02
-4.006043156510e+00,4.747745441679e+00,9.267236145079e-02
-4.006032176649e+00,6.065965527927e+00,9.154228151610e-02
-4.005932431355e+00,2.594029540259e+00,9.267173209155e-02
-4.005915142489e+00,1.112709189150e+00,9.267111092120e-02
-4.005886638869e+00,2.014382446348e+00,9.267144188204e-02
-4.005701339772e+00,3.978742042391e+00,9.267201392845e-02
-4.005584710716e+00,4.969658297286e+00,9.267130991575e-02
-4.005410091014e+00,4.713330246645e+00,9.267167078392e-02
-4.005372173502e+00,2.883853087216e+00,9.267117253600e-02
-4.005320073159e+00,6.486352995858e+00,9.086668517671e-02
-4.005280588530e+00,1.724558899392e+00,9.267059197086e-02
-4.005125562308e+00,5.324089455704e+00,9.243728232808e-02
-4.004751130823e+00,5.009157642776e+00,9.267023070558e-02
-4.004702840221e+00,5.528239095055e+00,9.222141976530e-02
-4.004588170877e+00,4.679665342667e+00,9.267075197048e-02
-4.004566131087e+00,3.721121111762e+00,9.267053768548e-02
-4.004423146252e+00,3.173676634174e+00,9.267014291008e-02
-4.004285768794e+00,1.434735352435e+00,9.266927169684e-02
-4.004225116506e+00,5.693965129269e+00,9.203114518245e-02
-4.004124226280e+00,8.144412441149e+00,8.513192074430e-02
-4.004041450220e+00,9.518844637686e+00,4.980062114848e-02
-4.003949668505e+00,7.323119091332e+00,8.887755726114e-02
-4.003776707569e+00,7.818127642934e+00,8.696397298517e-02
-4.003687813555e+00,5.049358929353e+00,9.266886071885e-02
-4.003662896323e+00,4.526186519978e+00,9.266977212173e-02
-4.003620328543e+00,7.612879619560e+00,8.785666307364e-02
-4.003582673614e+00,4.646756628507e+00,9.266960995442e-02
-4.003538373824e+00,6.195864853434e+00,9.135218855597e-02
-4.003455095778e+00,9.766345162928e+00,6.608629098286e-06
-4.003240431533e+00,4.268565589349e+00,9.266915679507e-02
-4.003085349605e+00,3.463500181132e+00,9.266864269501e-02
-4.003004563783e+00,2.336408609632e+00,9.266808773529e-02
-4.002902179661e+00,1.144911805478e+00,9.266748039439e-02
-4.002811477028e+00,2.626232156588e+00,9.266797171741e-02
-4.002808881142e+00,2.046585062676e+00,9.266773338529e-02
-4.002619466876e+00,6.407058405809e+00,9.100971299431e-02
-4.002476538038e+00,9.049440245424e+00,7.338317607255e-02
-4.002472393945e+00,4.010944658720e+00,9.266812328694e-02
-4.002398913265e+00,4.614609969987e+00,9.266825018712e-02
-4.002389818518e+00,5.090255971565e+00,9.266488953033e-02
-4.002259030620e+00,5.369202906415e+00,9.239357257698e-02
-4.002229620875e+00,2.916055703545e+00,9.266738527317e-02
-4.002224429103e+00,1.756761515720e+00,9.266690848880e-02
-4.002134179332e+00,8.938334534323e+00,7.591477123727e-02
-4.001832891351e+00,9.160762740794e+00,7.018863159610e-02
-4.001358783561e+00,3.753323728090e+00,9.266667113419e-02
-4.001270648503e+00,8.026592247452e+00,8.587337773459e-02
-4.001258995325e+00,3.205879250503e+00,9.266632810693e-02
-4.001251207667e+00,1.466937968764e+00,9.266561262988e-02
-4.000852243716e+00,5.131842553190e+00,9.262763103627e-02
-4.000849926115e+00,7.410948047253e+00,8.859849208359e-02
-4.000807962911e+00,8.827452584493e+00,7.796971530113e-02
-4.000684390239e+00,5.866175554117e+00,9.182010620863e-02
-4.000670720898e+00,5.576085391039e+00,9.217143074781e-02
-4.000606570209e+00,5.991529804739e+00,9.165253834888e-02
-4.000390753897e+00,4.558389136307e+00,9.266582605971e-02
-4.000201136125e+00,9.272295027921e+00,6.603331020375e-02
-3.999989887407e+00,4.300768205678e+00,9.266523602216e-02
-3.999938091735e+00,6.872038118741e+00,9.009138009059e-02
-3.999905207756e+00,2.368611225960e+00,9.266434862589e-02
-3.999899600378e+00,3.495702797461e+00,9.266479968546e-02
-3.999889216834e+00,1.177114421807e+00,9.266384515459e-02
-3.999731123414e+00,2.078787679004e+00,9.266401997073e-02
-3.999712423080e+00,6.788856313911e+00,9.027655209328e-02
-3.999690522701e+00,2.658434772916e+00,9.266420628672e-02
-3.999636823741e+00,6.955997080208e+00,8.989488010471e-02
-3.999426494914e+00,6.328601828939e+00,9.114562217776e-02
-3.999320789471e+00,9.631013477774e+00,3.573693196290e-02
-3.999251171373e+00,5.743828695363e+00,9.197548978751e-02
-3.999243448119e+00,4.043147275048e+00,9.266422723215e-02
-3.999168269675e+00,1.788964132049e+00,9.266322015539e-02
-3.999123517068e+00,5.414966921611e+00,9.234854615948e-02
-3.999087068249e+00,2.948258319874e+00,9.266359288139e-02
-3.999070225724e+00,5.174112427459e+00,9.258927901031e-02
-3.998974865571e+00,6.119824826539e+00,9.147139898480e-02
-3.998965540171e+00,6.706462085126e+00,9.045133155281e-02
-3.998802961042e+00,7.040722742759e+00,8.968600321000e-02
-3.998740983126e+00,7.702953105988e+00,8.749689327657e-02
-3.998500081019e+00,8.716801357093e+00,7.967051677687e-02
-3.998216646539e+00,1.499140585092e+00,9.266194877618e-02
-3.998151436034e+00,3.785526344419e+00,9.266279923710e-02
-3.998094844399e+00,3.238081866832e+00,9.266250810034e-02
-3.998065542603e+00,8.477988844840e+00,8.246461881854e-02
-3.997892745993e+00,8.599189198205e+00,8.117064417333e-02
-3.997703229441e+00,6.624865815332e+00,9.061634242250e-02
-3.997655251342e+00,7.909685356704e+00,8.652630174036e-02
-3.997579213939e+00,9.384030099005e+00,6.040969450049e-02
-3.997450800250e+00,8.357645267672e+00,8.356382544026e-02
-3.997430910206e+00,7.126204615025e+00,8.946356958458e-02
-3.997189613987e+00,7.499489753630e+00,8.829847347394e-02
-3.997118611471e+00,4.590591752636e+00,9.266187442995e-02
-3.997038939868e+00,5.217059317284e+00,9.254979722471e-02
-3.996876254006e+00,1.209317038136e+00,9.266020519088e-02
-3.996805851729e+00,2.400813842289e+00,9.266060451838e-02
-3.996739343281e+00,4.332970822006e+00,9.266130975296e-02
-3.996713851152e+00,3.527905413790e+00,9.266095139581e-02
-3.996653365687e+00,2.110990295333e+00,9.266030162668e-02
-3.996569568374e+00,2.690637389245e+00,9.266043578731e-02
-3.996350578713e+00,5.624555303933e+00,9.211988992122e-02
-3.996112110248e+00,1.821166748377e+00,9.265952695921e-02
-3.996054971709e+00,8.238172951682e+00,8.450892922926e-02
-3.996014502293e+00,4.075349891377e+00,9.266032575061e-02
-3.995944515622e+00,2.980460936202e+00,9.265979534824e-02
-3.995931341254e+00,6.544077850573e+00,9.077252953092e-02
-3.995747256006e+00,6.250993463377e+00,9.127492261159e-02
-3.995714398114e+00,5.461375072347e+00,9.230215553514e-02
-3.995515142569e+00,7.212432170238e+00,8.922589646297e-02
-3.995182085412e+00,1.531343201421e+00,9.265828012456e-02
-3.994944088508e+00,3.817728960748e+00,9.265892198098e-02
-3.994930693472e+00,3.270284483160e+00,9.265868287761e-02
-3.994753600371e+00,5.260676915509e+00,9.250914768030e-02
-3.994724625828e+00,5.917990526838e+00,9.175793194096e-02
-3.993975178261e+00,5.794295084038e+00,9.191805595453e-02
-3.993965111353e+00,9.495960931153e+00,5.237659624649e-02
-3.993943021615e+00,6.044662280231e+00,9.158509323269e-02
-3.993884598921e+00,8.119586340234e+00,8.532978553748e-02
-3.993863291178e+00,1.241519654464e+00,9.265656049228e-02
-3.993706495702e+00,2.433016458617e+00,9.265685540083e-02
-3.993655789743e+00,6.464108499585e+00,9.092062519747e-02
-3.993603816062e+00,9.743363438177e+00,1.008924090783e-02
-3.993575607960e+00,2.143192911661e+00,9.265657834146e-02
-3.993528101926e+00,3.560108030118e+00,9.265709781307e-02
-3.993488799155e+00,4.365173438335e+00,9.265737797370e-02
-3.993448614047e+00,2.722840005573e+00,9.265666020699e-02
-3.993284837502e+00,7.793706087177e+00,8.710638641121e-02
-3.993247745567e+00,4.838278796938e+00,9.265665511332e-02
-3.993163702128e+00,4.801834155607e+00,9.265663852588e-02
-3.993123056360e+00,4.875450806858e+00,9.265642379154e-02
-3.993055950821e+00,1.853369364706e+00,9.265582888880e-02
-3.993050194579e+00,7.299394846524e+00,8.897153597792e-02
-3.992963469983e+00,7.588733542782e+00,8.797511310140e-02
-3.992876060224e+00,4.766122907190e+00,9.265637721161e-02
-3.992801962995e+00,3.012663552531e+00,9.265599266126e-02
-3.992785556467e+00,4.107552507706e+00,9.265641882882e-02
-3.992784537762e+00,4.913344129167e+00,9.265594180793e-02
-3.992389991282e+00,4.731151043928e+00,9.265587479730e-02
-3.992227130670e+00,4.951952675994e+00,9.265519077185e-02
-3.992209460471e+00,5.304958885173e+00,9.246729049049e-02
-3.992147524284e+00,1.563545817749e+00,9.265460666378e-02
-3.992027090006e+00,5.508420900770e+00,9.225435064501e-02
-3.991953019999e+00,9.026759162307e+00,7.406954132254e-02
-3.991766542546e+00,3.302487099489e+00,9.265485242603e-02
-3.991737955246e+00,5.673642286868e+00,9.206673698229e-02
-3.991736740982e+00,3.849931577076e+00,9.265503935258e-02
-3.991710703799e+00,4.696924525745e+00,9.265513536981e-02
-3.991587911768e+00,6.174243468501e+00,9.139806801069e-02
-3.991499494417e+00,8.915705472274e+00,7.646758115951e-02
-3.991445813797e+00,4.991270328022e+00,9.265412858232e-02
-3.991420794022e+00,9.138030181465e+00,7.106315955686e-02
-3.990946312772e+00,8.001899834552e+00,8.604743224914e-02
-3.990882552516e+00,6.384968033477e+00,9.106123204443e-02
-3.990850328351e+00,1.273722270793e+00,9.265291104779e-02
-3.990843443162e+00,4.663449280030e+00,9.265416349266e-02
-3.990607139675e+00,2.465219074946e+00,9.265310126125e-02
-3.990497850233e+00,2.175395527990e+00,9.265285010334e-02
-3.990435603846e+00,5.031290934718e+00,9.265280295626e-02
-3.990342352699e+00,3.592310646447e+00,9.265323892426e-02
-3.990327659720e+00,2.755042621902e+00,9.265287953354e-02
-3.990238255029e+00,4.397376054664e+00,9.265344067055e-02
-3.990062367614e+00,8.804876087122e+00,7.842433110418e-02
-3.990030667867e+00,7.387082047368e+00,8.869892289228e-02
-3.989999791393e+00,1.885571981034e+00,9.265212593267e-02
-3.989900710673e+00,9.249511538475e+00,6.718498457829e-02
-3.989793491453e+00,4.630731201424e+00,9.265295920560e-02
-3.989659410368e+00,3.044866168860e+00,9.265218480798e-02
-3.989556610641e+00,4.139755124034e+00,9.265250645322e-02
-3.989401812664e+00,5.349898859691e+00,9.242418375719e-02
-3.989356859952e+00,9.608080486681e+00,3.997008493704e-02
-3.989191555693e+00,5.072008314555e+00,9.265121274379e-02
-3.989112963157e+00,1.595748434078e+00,9.265092838260e-02
-3.988647593487e+00,6.849039691757e+00,9.015969330141e-02
-3.988602391619e+00,3.334689715818e+00,9.265101673282e-02
-3.988529393456e+00,3.882134193405e+00,9.265115133861e-02
-3.988449185608e+00,5.970387259030e+00,9.169370314952e-02
-3.988423172199e+00,6.932851227800e+00,8.996705703328e-02
-3.988392805655e+00,5.845357661666e+00,9.185877042778e-02
-3.988345767721e+00,6.766006436915e+00,9.034132189972e-02
-3.988166297892e+00,7.678668713477e+00,8.762500306500e-02
-3.988083740120e+00,8.452768676865e+00,8.275759869816e-02
-3.988057048986e+00,5.556097920312e+00,9.220507874100e-02
-3.987998100237e+00,8.573840016380e+00,8.151641200688e-02
-3.987837365523e+00,1.305924887121e+00,9.264925684638e-02
-3.987708762588e+00,5.113416255211e+00,9.264932224859e-02
-3.987668680756e+00,5.156250165000e-01,9.264892641659e-02
-3.987668680756e+00,1.093750035002e-01,9.267404656720e-02
-3.987668680756e+00,1.406250045003e-01,9.267035292829e-02
-3.987668680756e+00,1.718750055004e-01,9.266694796554e-02
-3.987668680756e+00,2.031250065004e-01,9.266383336273e-02
-3.987668680756e+00,2.343750075005e-01,9.266101066585e-02
-3.987668680756e+00,2.656250085006e-01,9.265848128076e-02
-3.987668680756e+00,3.281250105004e-01,9.265430735638e-02
-3.987668680756e+00,3.906250125003e-01,9.265131995941e-02
-3.987668680756e+00,4.843750155000e-01,9.264907610759e-02
-3.987668680756e+00,6.406250205002e-01,9.264892641659e-02
-3.987668680756e+00,7.031250225004e-01,9.264892641659e-02
-3.987668680756e+00,7.343750235004e-01,9.264892641659e-02
-3.987668680756e+00,7.656250245004e-01,9.264892641659e-02
-3.987668680756e+00,7.968750255003e-01,9.264892641659e-02
-3.987668680756e+00,8.281250265002e-01,9.264892641659e-02
-3.987668680756e+00,9.531250305001e-01,9.264892641659e-02
-3.987668680756e+00,9.843750315000e-01,9.264892641659e-02
-3.987668680756e+00,1.562500050003e-02,9.268684068934e-02
-3.987668680756e+00,4.687500150008e-02,9.268229246438e-02
-3.987668680756e+00,7.812500250013e-02,9.267802706315e-02
-3.987668680756e+00,2.968750095005e-01,9.265624647110e-02
-3.987668680756e+00,3.593750115004e-01,9.265266491035e-02
-3.987668680756e+00,4.218750135002e-01,9.265027318148e-02
-3.987668680756e+00,4.531250145001e-01,9.264952510489e-02
-3.987668680756e+00,5.468750175001e-01,9.264892641659e-02
-3.987668680756e+00,6.093750195002e-01,9.264892641659e-02
-3.987668680756e+00,6.718750215003e-01,9.264892641659e-02
-3.987668680756e+00,8.593750275002e-01,9.264892641659e-02
-3.987668680756e+00,8.906250285002e-01,9.264892641659e-02
-3.987668680756e+00,9.218750295001e-01,9.264892641659e-02
-3.987668680756e+00,5.781250185001e-01,9.264892641659e-02
-3.987666840555e+00,7.017430592692e+00,8.976240301302e-02
-3.987643834488e+00,8.694277966743e+00,8.005064621506e-02
-3.987617670375e+00,6.306666685396e+00,9.119489497927e-02
-3.987523422530e+00,6.683761879458e+00,9.051278027147e-02
-3.987507783648e+00,2.497421691274e+00,9.264934208765e-02
-3.987420092505e+00,2.207598144318e+00,9.264911690055e-02
-3.987390708866e+00,9.361196226754e+00,6.199389826051e-02
-3.987382444954e+00,8.332555286356e+00,8.381557739210e-02
-3.987246832906e+00,7.885127793166e+00,8.668113242662e-02
-3.987206705393e+00,2.787245238230e+00,9.264909375469e-02
-3.987156603473e+00,3.624513262776e+00,9.264937471631e-02
-3.986987710903e+00,4.429578670992e+00,9.264949782965e-02
-3.986954686411e+00,6.098361964613e+00,9.151535863474e-02
-3.986943631966e+00,1.917774597362e+00,9.264841807929e-02
-3.986828432556e+00,5.723339765011e+00,9.201190823411e-02
-3.986516857741e+00,3.077068785188e+00,9.264837177584e-02
-3.986451229306e+00,7.475483142072e+00,8.840606938563e-02
-3.986372999861e+00,7.102767298241e+00,8.954459624927e-02
-3.986327664815e+00,4.171957740363e+00,9.264858861023e-02
-3.986325988929e+00,5.395490443037e+00,9.237978343783e-02
-3.986186349563e+00,6.602316399080e+00,9.067474387939e-02
-3.986172998492e+00,1.016101340164e+00,9.264711047629e-02
-3.986078402029e+00,1.627951050406e+00,9.264724526971e-02
-3.985982356340e+00,5.155508513798e+00,9.261732494727e-02
-3.985900672973e+00,8.213214327002e+00,8.472757934356e-02
-3.985438240692e+00,3.366892332146e+00,9.264717578519e-02
-3.985322045929e+00,3.914336809734e+00,9.264725792573e-02
-3.984824402695e+00,1.338127503450e+00,9.264559787698e-02
-3.984536116175e+00,7.188850820831e+00,8.931222465175e-02
-3.984408427621e+00,2.529624307603e+00,9.264557786796e-02
-3.984342334778e+00,2.239800760647e+00,9.264537872129e-02
-3.984340404389e+00,6.521680338552e+00,9.082817674570e-02
-3.984085751066e+00,2.819447854559e+00,9.264530285812e-02
-3.984007507488e+00,5.198278817085e+00,9.257837371299e-02
-3.983970854246e+00,3.656715879104e+00,9.264550517615e-02
-3.983888772486e+00,9.473077224621e+00,5.469096158620e-02
-3.983887472539e+00,1.949977213691e+00,9.264470531712e-02
-3.983867247193e+00,6.229214650098e+00,9.132210780111e-02
-3.983799771434e+00,5.604399615950e+00,9.215428420227e-02
-3.983752536345e+00,9.720381713427e+00,1.829607673799e-02
-3.983737166777e+00,4.461781287321e+00,9.264554943711e-02
-3.983644971562e+00,8.094760239319e+00,8.552142461280e-02
-3.983374305115e+00,3.109271401517e+00,9.264455355229e-02
-3.983181633964e+00,1.048303956493e+00,9.264347506481e-02
-3.983098718989e+00,4.204160356692e+00,9.264466528619e-02
-3.983043840902e+00,1.660153666735e+00,9.264355731379e-02
-3.982977360853e+00,5.441727210013e+00,9.233404320262e-02
-3.982792967435e+00,7.769284531419e+00,8.724502955163e-02
-3.982499763029e+00,5.897009767382e+00,9.179755563510e-02
-3.982306611424e+00,7.564587466005e+00,8.809069407687e-02
-3.982274089766e+00,3.399094948475e+00,9.264332957028e-02
-3.982150720653e+00,7.275670601716e+00,8.906350644719e-02
-3.982114698403e+00,3.946539426062e+00,9.264335910056e-02
-3.981991506327e+00,6.441864003312e+00,9.097372454732e-02
-3.981853866580e+00,6.023359032536e+00,9.162733006160e-02
-3.981811439868e+00,1.370330119778e+00,9.264193412849e-02
-3.981779425446e+00,5.241720861749e+00,9.253827410491e-02
-3.981617633334e+00,5.773641135808e+00,9.195533634676e-02
-3.981429501961e+00,9.004078079189e+00,7.471833188689e-02
-3.981309071594e+00,2.561826923931e+00,9.264180859010e-02
-3.981264577051e+00,2.272003376975e+00,9.264163555374e-02
-3.981008696692e+00,9.115297622137e+00,7.188401274030e-02
-3.980964796740e+00,2.851650470888e+00,9.264150683149e-02
-3.980864809502e+00,8.893076410226e+00,7.699307231181e-02
-3.980831313111e+00,1.982179830019e+00,9.264098763455e-02
-3.980785105020e+00,3.688918495433e+00,9.264163029063e-02
-3.980621977040e+00,7.977207421652e+00,8.621640415943e-02
-3.980486622651e+00,4.493983903650e+00,9.264159547898e-02
-3.980231752488e+00,3.141474017846e+00,9.264073012470e-02
-3.980190269436e+00,1.080506572821e+00,9.263983493639e-02
-3.980009279774e+00,1.692356283063e+00,9.263986450348e-02
-3.979869773163e+00,4.236362973021e+00,9.264073646743e-02
-3.979738489297e+00,4.821124297965e+00,9.264026682725e-02
-3.979663502006e+00,4.858111597435e+00,9.264008366640e-02
-3.979637449711e+00,6.152622083567e+00,9.144323017408e-02
-3.979605606984e+00,4.784865364754e+00,9.264017003539e-02
-3.979600285221e+00,9.226728049028e+00,6.825620483738e-02
-3.979392930434e+00,9.585147495588e+00,4.366428385770e-02
-3.979375543709e+00,4.895821210975e+00,9.263962946192e-02
-3.979351339790e+00,5.488602706485e+00,9.228691428143e-02
-3.979316772316e+00,8.782299589750e+00,7.885846859874e-02
-3.979293358633e+00,5.285828314642e+00,9.249698721489e-02
-3.979269993887e+00,4.749340818096e+00,9.263983104062e-02
-3.979250793985e+00,5.653319444466e+00,9.210190833728e-02
-3.979211409619e+00,7.363216047484e+00,8.879713222282e-02
-3.979145638156e+00,6.362877661146e+00,9.111197021412e-02
-3.979109938839e+00,3.431297564804e+00,9.263947807521e-02
-3.978907350877e+00,3.978742042391e+00,9.263945484968e-02
-3.978869550625e+00,4.934247054702e+00,9.263891730330e-02
-3.978798477040e+00,1.402532736107e+00,9.263826558978e-02
-3.978736826053e+00,4.714556646178e+00,9.263925361875e-02
-3.978209715567e+00,2.594029540259e+00,9.263803424195e-02
-3.978186819324e+00,2.304205993303e+00,9.263788738600e-02
-3.978140496771e+00,4.973383013267e+00,9.263794516983e-02
-3.978103454481e+00,8.548490834555e+00,8.184754486656e-02
-3.978101937637e+00,8.427548508891e+00,8.303953375569e-02
-3.978011316583e+00,4.680518804846e+00,9.263844201583e-02
-3.977843842413e+00,2.883853087216e+00,9.263770566243e-02
-3.977775153684e+00,2.014382446348e+00,9.263726501995e-02
-3.977599355794e+00,3.721121111762e+00,9.263775004660e-02
-3.977591612658e+00,7.654384320966e+00,8.774989405671e-02
-3.977357095238e+00,6.826041264772e+00,9.022678117031e-02
-3.977314089658e+00,8.307465305039e+00,8.405849821418e-02
-3.977312265929e+00,8.670277761534e+00,8.043097679846e-02
-3.977236078525e+00,4.526186519978e+00,9.263763594126e-02
-3.977209520656e+00,6.909705375392e+00,9.003789912218e-02
-3.977202203794e+00,9.338362354503e+00,6.344963481627e-02
-3.977198904909e+00,1.112709189150e+00,9.263619008014e-02
-3.977183394137e+00,5.013222940083e+00,9.263671143496e-02
-3.977098715448e+00,4.647233217393e+00,9.263740096513e-02
-3.977089199861e+00,3.173676634174e+00,9.263690148044e-02
-3.976979112362e+00,6.743156559919e+00,9.040496432933e-02
-3.976974718647e+00,1.724558899392e+00,9.263616682739e-02
-3.976838414470e+00,7.860570229628e+00,8.683169112536e-02
-3.976640827337e+00,4.268565589349e+00,9.263680214023e-02
-3.976544594708e+00,5.330594812966e+00,9.245447218404e-02
-3.976530720068e+00,6.994138442626e+00,8.983734521194e-02
-3.976291801006e+00,5.949244713321e+00,9.173432937207e-02
-3.976101221071e+00,5.824539769214e+00,9.189695009846e-02
-3.976081304888e+00,6.661061673789e+00,9.057313182186e-02
-3.976004309291e+00,4.614705774341e+00,9.263613570514e-02
-3.975993292867e+00,5.053760657545e+00,9.263513889504e-02
-3.975945787913e+00,3.463500181132e+00,9.263562128705e-02
-3.975808845835e+00,6.284731541853e+00,9.124344121817e-02
-3.975785514212e+00,1.434735352435e+00,9.263459224967e-02
-3.975746374236e+00,8.188255702323e+00,8.493906011023e-02
-3.975712844625e+00,7.451476530513e+00,8.851119960010e-02
-3.975700003351e+00,4.010944658720e+00,9.263554515963e-02
-3.975443377073e+00,5.536110449586e+00,9.223834529911e-02
-3.975315089516e+00,7.079329981458e+00,8.962402722393e-02
-3.975110359540e+00,2.626232156588e+00,9.263425481135e-02
-3.975109061597e+00,2.336408609632e+00,9.263413420619e-02
-3.974934507250e+00,6.076899102688e+00,9.155871736382e-02
-3.974722888086e+00,2.916055703545e+00,9.263389933852e-02
-3.974718994256e+00,2.046585062676e+00,9.263353746166e-02
-3.974669469685e+00,6.579766982828e+00,9.073219066830e-02
-3.974565281461e+00,5.094989957233e+00,9.263328655247e-02
-3.974413606567e+00,3.753323728090e+00,9.263386443085e-02
-3.974405693739e+00,5.702850834658e+00,9.204788917036e-02
-3.974207540381e+00,1.144911805478e+00,9.263254048509e-02
-3.973985534399e+00,4.558389136307e+00,9.263367080991e-02
-3.973946647234e+00,3.205879250503e+00,9.263306760681e-02
-3.973940157519e+00,1.756761515720e+00,9.263246427408e-02
-3.973901256629e+00,9.697399988677e+00,2.510219097514e-02
-3.973812433619e+00,9.450193518089e+00,5.678158970697e-02
-3.973557089781e+00,7.165269471424e+00,8.939671521034e-02
-3.973528460790e+00,5.376013964463e+00,9.241068607422e-02
-3.973411881510e+00,4.300768205678e+00,9.263286229082e-02
-3.973405344203e+00,8.069934138405e+00,8.570659141412e-02
-3.972894486957e+00,5.136904600137e+00,9.263116299546e-02
-3.972781636986e+00,3.495702797461e+00,9.263175919284e-02
-3.972772551384e+00,1.466937968764e+00,9.263091409698e-02
-3.972749467524e+00,6.499282826532e+00,9.088293986238e-02
-3.972492655824e+00,4.043147275048e+00,9.263163001689e-02
-3.972301097368e+00,7.744862975661e+00,8.738004876691e-02
-3.972031303870e+00,2.368611225960e+00,9.263037600235e-02
-3.972011003513e+00,2.658434772916e+00,9.263047028611e-02
-3.971987238380e+00,6.207435836819e+00,9.136859680665e-02
-3.971662834829e+00,2.078787679004e+00,9.262980494798e-02
-3.971649752864e+00,7.540441389228e+00,8.820352834353e-02
-3.971601933759e+00,2.948258319874e+00,9.263008784728e-02
-3.971251246728e+00,7.251946356907e+00,8.915353255127e-02
-3.971248964154e+00,5.584243927967e+00,9.218828209836e-02
-3.971227857341e+00,3.785526344419e+00,9.262997343011e-02
-3.971216175853e+00,1.177114421807e+00,9.262888614028e-02
-3.970976075107e+00,5.179498316885e+00,9.260666491327e-02
-3.970905983923e+00,8.981396996072e+00,7.533253751400e-02
-3.970905596391e+00,1.788964132049e+00,9.262875683210e-02
-3.970804094608e+00,3.238081866832e+00,9.262922849108e-02
-3.970734990273e+00,4.590591752636e+00,9.262970007086e-02
-3.970596599362e+00,9.092565062809e+00,7.265596759846e-02
-3.970327222910e+00,6.419619507039e+00,9.102600366627e-02
-3.970297641309e+00,7.952515008751e+00,8.638050984696e-02
-3.970274900229e+00,5.876029007925e+00,9.183667409542e-02
-3.970240323592e+00,5.422079347678e+00,9.236558373026e-02
-3.970230124587e+00,8.870447348178e+00,7.749321051432e-02
-3.970182935684e+00,4.332970822006e+00,9.262891690538e-02
-3.969764711545e+00,6.002055784841e+00,9.166900445895e-02
-3.969759588557e+00,1.499140585092e+00,9.262723112047e-02
-3.969617486060e+00,3.527905413790e+00,9.262789177957e-02
-3.969429000915e+00,9.562214504495e+00,4.691621009618e-02
-3.969299859769e+00,9.203944559581e+00,6.925509285195e-02
-3.969285308298e+00,4.075349891377e+00,9.262770940791e-02
-3.969260088407e+00,5.752987187578e+00,9.199216121127e-02
-3.968953546142e+00,2.400813842289e+00,9.262661276249e-02
-3.968911647486e+00,2.690637389245e+00,9.262668065398e-02
-3.968805250520e+00,5.222764807989e+00,9.256710521504e-02
-3.968606675402e+00,2.110990295333e+00,9.262606746718e-02
-3.968571177018e+00,8.759723092379e+00,7.927347291504e-02
-3.968480979432e+00,2.980460936202e+00,9.262627117624e-02
-3.968392151371e+00,7.339350047599e+00,8.889319294541e-02
-3.968224811325e+00,1.209317038136e+00,9.262522703469e-02
-3.968208808725e+00,8.523141652730e+00,8.216544797339e-02
-3.968120135154e+00,8.402328340917e+00,8.331102759656e-02
-3.968042108114e+00,3.817728960748e+00,9.262607703109e-02
-3.967871035264e+00,1.821166748377e+00,9.262504448995e-02
-3.967686987655e+00,6.131000698633e+00,9.148776377929e-02
-3.967661541981e+00,3.270284483160e+00,9.262538412048e-02
-3.967505375343e+00,8.644800741467e+00,8.081050673155e-02
-3.967408723796e+00,6.340787288814e+00,9.116194608683e-02
-3.967245734362e+00,8.282375323722e+00,8.429303820798e-02
-3.967016927424e+00,7.630099928454e+00,8.787160843324e-02
-3.967013698721e+00,9.315528482252e+00,6.479188819265e-02
-3.966953989858e+00,4.365173438335e+00,9.262496597006e-02
-3.966763632724e+00,5.632996602065e+00,9.213666754895e-02
-3.966746625729e+00,1.531343201421e+00,9.262354330886e-02
-3.966675589575e+00,5.468784512200e+00,9.231911763197e-02
-3.966453335133e+00,3.560108030118e+00,9.262401903420e-02
-3.966429996034e+00,7.836012666089e+00,8.697815023667e-02
-3.966377256795e+00,5.266697744112e+00,9.252637810447e-02
-3.966229233027e+00,4.803969798992e+00,9.262371947896e-02
-3.966203947652e+00,4.840772388012e+00,9.262360420011e-02
-3.966077960772e+00,4.107552507706e+00,9.262378331912e-02
-3.966066596989e+00,6.803042837788e+00,9.029267714426e-02
-3.966047511840e+00,4.767896573901e+00,9.262358445137e-02
-3.965995869114e+00,6.886559522984e+00,9.010744374490e-02
-3.965966549655e+00,4.878298292782e+00,9.262323563701e-02
-3.965875788415e+00,2.433016458617e+00,9.262284447462e-02
-3.965812291459e+00,2.722840005573e+00,9.262288590269e-02
-3.965663927550e+00,4.732558729003e+00,9.262320253795e-02
-3.965612457003e+00,6.720306682923e+00,9.046748244092e-02
-3.965592075500e+00,8.163297077643e+00,8.514371408498e-02
-3.965550515974e+00,2.143192911661e+00,9.262232500748e-02
-3.965511970579e+00,4.916541433410e+00,9.262261124028e-02
-3.965394599581e+00,6.970846292559e+00,8.991087169990e-02
-3.965360025105e+00,3.012663552531e+00,9.262244931284e-02
-3.965233446797e+00,1.241519654464e+00,9.262156315728e-02
-3.965083660824e+00,4.697962248428e+00,9.262257761751e-02
-3.964974459943e+00,7.427469918954e+00,8.861394761254e-02
-3.964856358888e+00,3.849931577076e+00,9.262217522045e-02
-3.964836474136e+00,1.853369364706e+00,9.262132723610e-02
-3.964835179744e+00,4.955495698513e+00,9.262167782718e-02
-3.964639187247e+00,6.638361468121e+00,9.063247721904e-02
-3.964518989354e+00,3.302487099489e+00,9.262153448222e-02
-3.964311929368e+00,4.664113083947e+00,9.262171404351e-02
-3.964257179171e+00,7.055892664674e+00,8.970190962496e-02
-3.964134416405e+00,5.928102167612e+00,9.177442846819e-02
-3.964049976912e+00,9.674418263927e+00,3.083784180915e-02
-3.964000021296e+00,6.262796398310e+00,9.129127782701e-02
-3.963931184428e+00,4.995154945449e+00,9.262045868814e-02
-3.963809636487e+00,5.803721876763e+00,9.193465520611e-02
-3.963736094752e+00,9.427309811557e+00,5.867937981605e-02
-3.963733662901e+00,1.563545817749e+00,9.261985065087e-02
-3.963725044032e+00,4.397376054664e+00,9.262100947096e-02
-3.963687376752e+00,5.311290766242e+00,9.248444373162e-02
-3.963353987734e+00,4.631017154756e+00,9.262061390734e-02
-3.963289184206e+00,3.592310646447e+00,9.262014094363e-02
-3.963165716844e+00,8.045108037490e+00,8.588618302880e-02
-3.963152589808e+00,6.557217566577e+00,9.078870689003e-02
-3.962914328089e+00,6.055436240763e+00,9.160148836802e-02
-3.962870613245e+00,4.139755124034e+00,9.261985173686e-02
-3.962829705161e+00,5.516122978859e+00,9.227123773533e-02
-3.962798030688e+00,2.465219074946e+00,9.261907112666e-02
-3.962795030041e+00,5.035513000535e+00,9.261897142937e-02
-3.962712935432e+00,2.755042621902e+00,9.261908601994e-02
-3.962578063387e+00,7.141688122017e+00,8.947937476565e-02
-3.962494356547e+00,2.175395527990e+00,9.261857755708e-02
-3.962242082269e+00,1.273722270793e+00,9.261789449698e-02
-3.962239070778e+00,3.044866168860e+00,9.261862224453e-02
-3.961982954921e+00,5.682361904306e+00,9.208344134205e-02
-3.961809227301e+00,7.720441419903e+00,8.751158307449e-02
-3.961801913009e+00,1.885571981034e+00,9.261760505898e-02
-3.961670609661e+00,3.882134193405e+00,9.261826798483e-02
-3.961421800334e+00,5.076563659254e+00,9.261721509847e-02
-3.961376436727e+00,3.334689715818e+00,9.261767956344e-02
-3.961158530659e+00,6.476885314511e+00,9.093684070686e-02
-3.960992894304e+00,7.516295312451e+00,8.831371202751e-02
-3.960730932651e+00,5.356537485890e+00,9.244126023036e-02
-3.960720700074e+00,1.595748434078e+00,9.261615313516e-02
-3.960496098206e+00,4.429578670992e+00,9.261704739413e-02
-3.960382465885e+00,8.958715912954e+00,7.591483915487e-02
-3.960351772802e+00,7.228222112099e+00,8.924167556462e-02
-3.960184502033e+00,9.069832503480e+00,7.338325039787e-02
-3.960125033280e+00,3.624513262776e+00,9.261625749473e-02
-3.960107229567e+00,6.185657023540e+00,9.141436160679e-02
-3.959973305577e+00,7.927822595851e+00,8.653995379191e-02
-3.959806617574e+00,5.118300686476e+00,9.261510533872e-02
-3.959720272961e+00,2.497421691274e+00,9.261529270653e-02
-3.959663265719e+00,4.171957740363e+00,9.261591464746e-02
-3.959613579405e+00,2.787245238230e+00,9.261528099338e-02
-3.959595439673e+00,8.847818286130e+00,7.796977756431e-02
-3.959465071397e+00,9.539281513402e+00,4.980072579834e-02
-3.959438197120e+00,2.207598144318e+00,9.261482510413e-02
-3.959250717741e+00,1.305924887121e+00,9.261422104267e-02
-3.959118116451e+00,3.077068785188e+00,9.261478995868e-02
-3.958999434317e+00,9.181161070134e+00,7.018871313512e-02
-3.958876849126e+00,7.812500250013e-02,9.264331321450e-02
-3.958876849126e+00,1.406250045003e-01,9.263548710580e-02
-3.958876849126e+00,1.718750055004e-01,9.263201453797e-02
-3.958876849126e+00,2.031250065004e-01,9.262883800067e-02
-3.958876849126e+00,2.656250085006e-01,9.262337928043e-02
-3.958876849126e+00,2.968750095005e-01,9.262109986396e-02
-3.958876849126e+00,3.281250105004e-01,9.261912200676e-02
-3.958876849126e+00,3.593750115004e-01,9.261744671805e-02
-3.958876849126e+00,3.906250125003e-01,9.261607485445e-02
-3.958876849126e+00,4.218750135002e-01,9.261500711865e-02
-3.958876849126e+00,5.156250165000e-01,9.261363337468e-02
-3.958876849126e+00,5.468750175001e-01,9.261363337468e-02
-3.958876849126e+00,6.093750195002e-01,9.261363337468e-02
-3.958876849126e+00,6.406250205002e-01,9.261363337468e-02
-3.958876849126e+00,6.718750215003e-01,9.261363337468e-02
-3.958876849126e+00,7.031250225004e-01,9.261363337468e-02
-3.958876849126e+00,7.343750235004e-01,9.261363337468e-02
-3.958876849126e+00,7.656250245004e-01,9.261363337468e-02
-3.958876849126e+00,7.968750255003e-01,9.261363337468e-02
-3.958876849126e+00,8.281250265002e-01,9.261363337468e-02
-3.958876849126e+00,8.593750275002e-01,9.261363337468e-02
-3.958876849126e+00,8.906250285002e-01,9.261363337468e-02
-3.958876849126e+00,9.218750295001e-01,9.261363337468e-02
-3.958876849126e+00,9.531250305001e-01,9.261363337468e-02
-3.958876849126e+00,9.843750315000e-01,9.261363337468e-02
-3.958876849126e+00,4.531250145001e-01,9.261424405830e-02
-3.958876849126e+00,1.562500050003e-02,9.265230070627e-02
-3.958876849126e+00,4.687500150008e-02,9.264766284879e-02
-3.958876849126e+00,1.093750035002e-01,9.263925395953e-02
-3.958876849126e+00,2.343750075005e-01,9.262595909586e-02
-3.958876849126e+00,4.843750155000e-01,9.261378606520e-02
-3.958876849126e+00,5.781250185001e-01,9.261363337468e-02
-3.958767351881e+00,1.917774597362e+00,9.261387794699e-02
-3.958698156875e+00,5.564088239984e+00,9.222189130153e-02
-3.958662939494e+00,6.397375010766e+00,9.107748236690e-02
-3.958484860435e+00,3.914336809734e+00,9.261435531078e-02
-3.958314162969e+00,8.497792470905e+00,8.247088581090e-02
-3.958233884101e+00,3.366892332146e+00,9.261381935125e-02
-3.958138332671e+00,8.377108172943e+00,8.357264118029e-02
-3.958050037430e+00,5.855048248468e+00,9.187529786776e-02
-3.957944642726e+00,5.160717816686e+00,9.261270446062e-02
-3.957825581721e+00,8.737146595007e+00,7.967057405041e-02
-3.957707737246e+00,1.627951050406e+00,9.261245075035e-02
-3.957698484756e+00,8.619323721400e+00,8.117355425305e-02
-3.957675556510e+00,5.980752537146e+00,9.171012854212e-02
-3.957673478026e+00,9.786797732325e+00,6.608629085429e-06
-3.957572893123e+00,7.315484047714e+00,8.898717486013e-02
-3.957503286330e+00,5.402431485344e+00,9.239678358518e-02
-3.957391966012e+00,1.016101340164e+00,9.261180779171e-02
-3.957267152380e+00,4.461781287321e+00,9.261307972558e-02
-3.957177379067e+00,8.257285342405e+00,8.451961793164e-02
-3.956960882353e+00,3.656715879104e+00,9.261236867434e-02
-3.956902543480e+00,5.732333239347e+00,9.202853976829e-02
-3.956825193649e+00,9.292694610001e+00,6.603339968144e-02
-3.956642515233e+00,2.529624307603e+00,9.261150920211e-02
-3.956514223377e+00,2.819447854559e+00,9.261147081062e-02
-3.956455918193e+00,4.204160356692e+00,9.261197203719e-02
-3.956442242191e+00,7.605815535943e+00,8.799008990376e-02
-3.956382037692e+00,2.239800760647e+00,9.261106763677e-02
-3.956259353214e+00,1.338127503450e+00,9.261054278322e-02
-3.956021577598e+00,7.811455102551e+00,8.712067316855e-02
-3.955997162124e+00,3.109271401517e+00,9.261095244264e-02
-3.955831075595e+00,5.203808754230e+00,9.259564623840e-02
-3.955736525599e+00,6.109379313699e+00,9.153168281796e-02
-3.955732790754e+00,1.949977213691e+00,9.261014588849e-02
-3.955671809436e+00,6.318696916483e+00,9.121117768822e-02
-3.955437776764e+00,8.138338452963e+00,8.534186259560e-02
-3.955299111208e+00,3.946539426062e+00,9.261043718486e-02
-3.955091331474e+00,3.399094948475e+00,9.260995383273e-02
-3.954782217572e+00,6.863413670576e+00,9.017572694233e-02
-3.954776098741e+00,6.780044410804e+00,9.035741350886e-02
-3.954694774418e+00,1.660153666735e+00,9.260874348506e-02
-3.954422199784e+00,1.048303956493e+00,9.260815306718e-02
-3.954276471464e+00,5.612673759664e+00,9.217102271308e-02
-3.954258479093e+00,6.947554142492e+00,8.998302283510e-02
-3.954245801644e+00,6.697456805927e+00,9.052883273262e-02
-3.954236075262e+00,7.403463307395e+00,8.871439328428e-02
-3.954198697196e+00,9.651436539177e+00,3.573703026499e-02
-3.954038206554e+00,4.493983903650e+00,9.260910645128e-02
-3.953999839360e+00,5.448966317914e+00,9.235096748838e-02
-3.953796731427e+00,3.688918495433e+00,9.260847446924e-02
-3.953659755885e+00,9.404426105025e+00,6.040979213870e-02
-3.953564757506e+00,2.561826923931e+00,9.260772060122e-02
-3.953461154958e+00,5.247567173581e+00,9.255546863532e-02
-3.953414867350e+00,2.851650470888e+00,9.260765545924e-02
-3.953325878265e+00,2.272003376975e+00,9.260730514307e-02
-3.953267988686e+00,1.370330119778e+00,9.260685970745e-02
-3.953248570667e+00,4.236362973021e+00,9.260802389230e-02
-3.953199268826e+00,7.032455347891e+00,8.977828879354e-02
-3.953197069606e+00,6.615661262452e+00,9.069084226994e-02
-3.952926089485e+00,8.020281936575e+00,8.606044380152e-02
-3.952876207797e+00,3.141474017846e+00,9.260710968372e-02
-3.952744393298e+00,4.823433178589e+00,9.260708691905e-02
-3.952719976757e+00,4.786815300018e+00,9.260712615862e-02
-3.952698229626e+00,1.982179830019e+00,9.260640887181e-02
-3.952557555602e+00,4.860775374590e+00,9.260674908854e-02
-3.952489416696e+00,4.750927783049e+00,9.260691073608e-02
-3.952191196757e+00,6.240861254767e+00,9.133839621769e-02
-3.952154390533e+00,4.898835812118e+00,9.260615039264e-02
-3.952113361982e+00,3.978742042391e+00,9.260651359356e-02
-3.952057861212e+00,4.715776639909e+00,9.260645103187e-02
-3.951977031804e+00,5.906959621903e+00,9.181401158401e-02
-3.951948778847e+00,3.431297564804e+00,9.260608299490e-02
-3.951681811591e+00,1.692356283063e+00,9.260503132784e-02
-3.951635709930e+00,6.534668150325e+00,9.084431587613e-02
-3.951599036994e+00,7.118106772610e+00,8.956038707171e-02
-3.951529862718e+00,4.937608383758e+00,9.260528860717e-02
-3.951518051903e+00,5.782903984311e+00,9.197189547798e-02
-3.951452433556e+00,1.080506572821e+00,9.260449358872e-02
-3.951430495596e+00,4.681367850677e+00,9.260575108063e-02
-3.951317357234e+00,7.696019864145e+00,8.763976460022e-02
-3.950894148928e+00,6.033973378837e+00,9.164368447959e-02
-3.950830158796e+00,5.291986719517e+00,9.251410413941e-02
-3.950809260728e+00,4.526186519978e+00,9.260512755714e-02
-3.950678974719e+00,4.977086950814e+00,9.260416191322e-02
-3.950632580500e+00,3.721121111762e+00,9.260457486617e-02
-3.950612542153e+00,4.647707363048e+00,9.260481540222e-02
-3.950486999779e+00,2.594029540259e+00,9.260392689167e-02
-3.950336035744e+00,7.492149235673e+00,8.842133692917e-02
-3.950315511323e+00,2.883853087216e+00,9.260383492677e-02
-3.950276624158e+00,1.402532736107e+00,9.260317180415e-02
-3.950269718838e+00,2.304205993303e+00,9.260353761108e-02
-3.950216033249e+00,5.496135508133e+00,9.230376318668e-02
-3.950041223140e+00,4.268565589349e+00,9.260407019896e-02
-3.949858947847e+00,8.936034829837e+00,7.646764783068e-02
-3.949772404703e+00,9.047099944152e+00,7.406961422418e-02
-3.949755253470e+00,3.173676634174e+00,9.260326166920e-02
-3.949663668499e+00,2.014382446348e+00,9.260266688525e-02
-3.949648969845e+00,7.903130182951e+00,8.669492937205e-02
-3.949609260020e+00,4.614801092119e+00,9.260364901952e-02
-3.949596767215e+00,5.017265343525e+00,9.260273808688e-02
-3.949567593794e+00,6.454487802491e+00,9.098990042446e-02
-3.949560216104e+00,5.661872973953e+00,9.211857327556e-02
-3.949501141878e+00,9.516348522309e+00,5.237670041769e-02
-3.949452298876e+00,7.204497867291e+00,8.932799428444e-02
-3.948960754758e+00,8.825189224081e+00,7.842439227959e-02
-3.948927612756e+00,4.010944658720e+00,9.260258452332e-02
-3.948806226220e+00,3.463500181132e+00,9.260220682477e-02
-3.948699008865e+00,9.158377580688e+00,7.106323949096e-02
-3.948668848763e+00,1.724558899392e+00,9.260131426722e-02
-3.948482667328e+00,1.112709189150e+00,9.260082934533e-02
-3.948419517213e+00,8.472443289081e+00,8.276456587685e-02
-3.948278319206e+00,5.058137361275e+00,9.260098758704e-02
-3.948227220754e+00,6.163878210261e+00,9.145948333199e-02
-3.948156530189e+00,8.351888004968e+00,8.382489648153e-02
-3.947935085870e+00,9.763767825993e+00,1.008928059628e-02
-3.947933404512e+00,5.337061007316e+00,9.247151192512e-02
-3.947891594170e+00,8.593846701333e+00,8.152015034769e-02
-3.947580314902e+00,4.558389136307e+00,9.260114302905e-02
-3.947468429573e+00,3.753323728090e+00,9.260066985185e-02
-3.947409242052e+00,2.626232156588e+00,9.260012806122e-02
-3.947285259630e+00,1.434735352435e+00,9.259947906209e-02
-3.947216155296e+00,2.916055703545e+00,9.260000920072e-02
-3.947213559410e+00,2.336408609632e+00,9.259976502882e-02
-3.947109023771e+00,8.232195361088e+00,8.473863059543e-02
-3.947079986423e+00,8.714570097635e+00,8.005070254029e-02
-3.946998656078e+00,6.375130514493e+00,9.112817985787e-02
-3.946833875614e+00,4.300768205678e+00,9.260011094332e-02
-3.946753634875e+00,7.291618047829e+00,8.907914485551e-02
-3.946718748191e+00,5.099696772815e+00,9.259896192641e-02
-3.946636688576e+00,9.269860737750e+00,6.718507231496e-02
-3.946634299144e+00,3.205879250503e+00,9.259940838629e-02
-3.946629107371e+00,2.046585062676e+00,9.259891991707e-02
-3.946147349596e+00,5.543932552001e+00,9.225511931635e-02
-3.945867556957e+00,7.581531143431e+00,8.810571699615e-02
-3.945825174630e+00,5.834067489012e+00,9.191343722178e-02
-3.945741863529e+00,4.043147275048e+00,9.259864996055e-02
-3.945663673594e+00,3.495702797461e+00,9.259832530928e-02
-3.945655885935e+00,1.756761515720e+00,9.259759229170e-02
-3.945613159162e+00,7.786897539012e+00,8.725941491072e-02
-3.945586401476e+00,5.959449289450e+00,9.175071410092e-02
-3.945512901100e+00,1.144911805478e+00,9.259716032600e-02
-3.945283478028e+00,8.113379828284e+00,8.553365242133e-02
-3.944913210345e+00,5.141937316486e+00,9.259665973460e-02
-3.944766249069e+00,5.382783623009e+00,9.242764908293e-02
-3.944544998553e+00,5.711679291117e+00,9.206448100384e-02
-3.944351369076e+00,4.590591752636e+00,9.259715285283e-02
-3.944347417480e+00,9.628454814427e+00,3.997018740647e-02
-3.944331484325e+00,2.658434772916e+00,9.259632409758e-02
-3.944304278647e+00,3.785526344419e+00,9.259675941294e-02
-3.944293895102e+00,1.466937968764e+00,9.259578146998e-02
-3.944157399983e+00,2.368611225960e+00,9.259598738427e-02
-3.944116799269e+00,2.948258319874e+00,9.259617826855e-02
-3.943934895076e+00,6.296606544152e+00,9.125968250646e-02
-3.943786063542e+00,6.087757928765e+00,9.157500089072e-02
-3.943626528088e+00,4.332970822006e+00,9.259614611150e-02
-3.943594546244e+00,2.078787679004e+00,9.259516795549e-02
-3.943583417018e+00,9.381542398493e+00,6.199399421917e-02
-3.943568566030e+00,6.840267818168e+00,9.024278348095e-02
-3.943513344817e+00,3.238081866832e+00,9.259554982220e-02
-3.943497690581e+00,7.379456695836e+00,8.881261303649e-02
-3.943485600492e+00,6.757045983820e+00,9.042102143764e-02
-3.943122358606e+00,6.924261992426e+00,9.005383750965e-02
-3.942879146285e+00,6.674606928931e+00,9.058914929212e-02
-3.942856900669e+00,5.184852700470e+00,9.259397215142e-02
-3.942686462126e+00,7.995455835660e+00,8.622960424771e-02
-3.942642923108e+00,1.788964132049e+00,9.259386538974e-02
-3.942556114303e+00,4.075349891377e+00,9.259470989163e-02
-3.942543134872e+00,1.177114421807e+00,9.259348651968e-02
-3.942521120967e+00,3.527905413790e+00,9.259443843534e-02
-3.942141358480e+00,7.009018031107e+00,8.985320837740e-02
-3.941789310203e+00,5.592350917263e+00,9.220498172580e-02
-3.941754951964e+00,6.592961056784e+00,9.074825194414e-02
-3.941324089144e+00,5.429148123629e+00,9.238246456078e-02
-3.941302530574e+00,1.499140585092e+00,9.259207901652e-02
-3.941253726597e+00,2.690637389245e+00,9.259251498845e-02
-3.941140127720e+00,3.817728960748e+00,9.259284353605e-02
-3.941101240555e+00,2.400813842289e+00,9.259220466537e-02
-3.941017443242e+00,2.980460936202e+00,9.259234211768e-02
-3.940825487167e+00,7.671598308388e+00,8.776471899699e-02
-3.940620010600e+00,7.094525423204e+00,8.963980128057e-02
-3.940559985116e+00,2.110990295333e+00,9.259141098870e-02
-3.940545053120e+00,5.228436603050e+00,9.258426415990e-02
-3.940419180562e+00,4.365173438335e+00,9.259217568953e-02
-3.940392390490e+00,3.270284483160e+00,9.259168596407e-02
-3.940382372218e+00,6.218926111224e+00,9.138477875581e-02
-3.940118830052e+00,6.512118734073e+00,9.089904021885e-02
-3.939819647202e+00,5.885817076194e+00,9.185308956998e-02
-3.939679177185e+00,7.468003158896e+00,8.852649076128e-02
-3.939629960280e+00,1.821166748377e+00,9.259013354977e-02
-3.939573368644e+00,1.209317038136e+00,9.258980791528e-02
-3.939537212360e+00,9.493415531215e+00,5.469106483125e-02
-3.939378568340e+00,3.560108030118e+00,9.259054618982e-02
-3.939370365076e+00,4.107552507706e+00,9.259076430286e-02
-3.939360307373e+00,9.024367384824e+00,7.471840340565e-02
-3.939335429809e+00,8.913353746720e+00,7.699313777395e-02
-3.939324634113e+00,7.878437770051e+00,8.684561959903e-02
-3.939284838944e+00,4.806093969166e+00,9.259039922379e-02
-3.939226467320e+00,5.762086091859e+00,9.200868039118e-02
-3.939210720487e+00,4.769660801045e+00,9.259039513408e-02
-3.939148561548e+00,4.843252456397e+00,9.259014740084e-02
-3.938931321552e+00,4.733958992196e+00,9.259013834335e-02
-3.938873969767e+00,6.012510516912e+00,9.168531817913e-02
-3.938796810487e+00,4.881130190826e+00,9.258963689486e-02
-3.938552824950e+00,7.180773622483e+00,8.941238318075e-02
-3.938524871457e+00,8.447094107256e+00,8.304714382739e-02
-3.938451794875e+00,4.698994550815e+00,9.258963251971e-02
-3.938398583413e+00,9.135594091241e+00,7.188409110809e-02
-3.938326069843e+00,8.802560162033e+00,7.885852871894e-02
-3.938311166046e+00,1.531343201421e+00,9.258837169037e-02
-3.938224545692e+00,4.919721069004e+00,9.258885299896e-02
-3.938196693715e+00,9.740737919660e+00,1.829614199491e-02
-3.938175968870e+00,2.722840005573e+00,9.258870072148e-02
-3.938174727706e+00,8.326667836994e+00,8.406827978536e-02
-3.938084703583e+00,8.568369681265e+00,8.185218219435e-02
-3.938045081128e+00,2.433016458617e+00,9.258841686001e-02
-3.937976656929e+00,6.432090290470e+00,9.104213950573e-02
-3.937975976794e+00,3.849931577076e+00,9.258892220777e-02
-3.937972940839e+00,5.272682672793e+00,9.254345901585e-02
-3.937918087215e+00,3.012663552531e+00,9.258850073549e-02
-3.937777330367e+00,4.664773452927e+00,9.258888180383e-02
-3.937602361337e+00,5.476148037406e+00,9.233591398185e-02
-3.937525423989e+00,2.143192911661e+00,9.258764900484e-02
-3.937426765010e+00,4.959018956179e+00,9.258774369257e-02
-3.937271436163e+00,3.302487099489e+00,9.258781679901e-02
-3.937211833035e+00,4.397376054664e+00,9.258819966344e-02
-3.937137477287e+00,5.641384043601e+00,9.215329328448e-02
-3.937040668475e+00,8.207105379771e+00,8.495044423190e-02
-3.936913154938e+00,4.631301642149e+00,9.258789040603e-02
-3.936847917545e+00,8.690480008986e+00,8.043165146478e-02
-3.936616997452e+00,1.853369364706e+00,9.258639676018e-02
-3.936603602416e+00,1.241519654464e+00,9.258612450169e-02
-3.936448183504e+00,9.247026865499e+00,6.825629085163e-02
-3.936398504390e+00,4.999017686515e+00,9.258636269382e-02
-3.936347211941e+00,6.142099396982e+00,9.150397640962e-02
-3.936236015713e+00,3.592310646447e+00,9.258664855955e-02
-3.936184615850e+00,4.139755124034e+00,9.258681318053e-02
-3.935934376626e+00,7.267752047944e+00,8.916916705744e-02
-3.935334372662e+00,6.352886018221e+00,9.117811476629e-02
-3.935319801519e+00,1.563545817749e+00,9.258465948015e-02
-3.935292871723e+00,7.557246750920e+00,8.821859087513e-02
-3.935204740726e+00,7.762339975474e+00,8.739452256546e-02
-3.935135876373e+00,5.317584528742e+00,9.250143270798e-02
-3.935134838079e+00,5.039711063297e+00,9.258470887645e-02
-3.935129179291e+00,8.088421203604e+00,8.571906189039e-02
-3.935098211143e+00,2.755042621902e+00,9.258488128427e-02
-3.934988921701e+00,2.465219074946e+00,9.258462395608e-02
-3.934818731188e+00,3.044866168860e+00,9.258465410933e-02
-3.934811825867e+00,3.882134193405e+00,9.258499541463e-02
-3.934496137763e+00,9.605473089677e+00,4.366438866784e-02
-3.934490862861e+00,2.175395527990e+00,9.258388199204e-02
-3.934150481836e+00,3.334689715818e+00,9.258394231409e-02
-3.934004485509e+00,4.429578670992e+00,9.258421801919e-02
-3.933633836188e+00,1.273722270793e+00,9.258243626775e-02
-3.933630878808e+00,5.081092859154e+00,9.258275049584e-02
-3.933604034625e+00,1.885571981034e+00,9.258265500933e-02
-3.933600311831e+00,5.813086729555e+00,9.195110215968e-02
-3.933596542316e+00,5.523776864019e+00,9.228795504376e-02
-3.933507078151e+00,9.358658691960e+00,6.344972903890e-02
-3.933497246441e+00,5.938146041755e+00,9.179077260821e-02
-3.933093463087e+00,3.624513262776e+00,9.258274553132e-02
-3.932998866624e+00,4.171957740363e+00,9.258285651088e-02
-3.932759305900e+00,7.355450084277e+00,8.890868003171e-02
-3.932446834767e+00,7.970629734745e+00,8.639388200756e-02
-3.932354914487e+00,6.817121965760e+00,9.030864690796e-02
-3.932328436991e+00,1.595748434078e+00,9.258094237446e-02
-3.932197980716e+00,6.274516171820e+00,9.130745073118e-02
-3.932195102243e+00,6.734047556835e+00,9.048341669173e-02
-3.932187453626e+00,5.691025342887e+00,9.209999367693e-02
-3.932029211808e+00,5.363135760675e+00,9.245815276456e-02
-3.932020453416e+00,2.787245238230e+00,9.258105666440e-02
-3.931986238119e+00,6.900969842359e+00,9.012335321469e-02
-3.931932762273e+00,2.497421691274e+00,9.258082594140e-02
-3.931881777964e+00,5.123156816287e+00,9.258044589848e-02
-3.931835601486e+00,6.066136543832e+00,9.161773122032e-02
-3.931719375161e+00,3.077068785188e+00,9.258080222651e-02
-3.931647674940e+00,3.914336809734e+00,9.258106314313e-02
-3.931512490926e+00,6.651757051935e+00,9.064845887355e-02
-3.931456301734e+00,2.207598144318e+00,9.258010993838e-02
-3.931083448135e+00,6.985580714323e+00,8.992671040830e-02
-3.931029527509e+00,3.366892332146e+00,9.258006249635e-02
-3.930797137983e+00,4.461781287321e+00,9.258023074271e-02
-3.930664069960e+00,1.305924887121e+00,9.257874320228e-02
-3.930591071797e+00,1.917774597362e+00,9.257890828554e-02
-3.930333617100e+00,7.647176752630e+00,8.788639489607e-02
-3.930312834323e+00,6.570260851115e+00,9.080473040695e-02
-3.930085017496e+00,4.687500150008e-02,9.261260388602e-02
-3.930085017496e+00,1.406250045003e-01,9.260018513057e-02
-3.930085017496e+00,1.718750055004e-01,9.259664300184e-02
-3.930085017496e+00,5.781250185001e-01,9.257789176095e-02
-3.930085017496e+00,6.093750195002e-01,9.257789176095e-02
-3.930085017496e+00,7.031250225004e-01,9.257789176095e-02
-3.930085017496e+00,7.812500250013e-02,9.260816759674e-02
-3.930085017496e+00,2.343750075005e-01,9.259046599092e-02
-3.930085017496e+00,2.656250085006e-01,9.258783427927e-02
-3.930085017496e+00,2.968750095005e-01,9.258550895775e-02
-3.930085017496e+00,3.281250105004e-01,9.258349122922e-02
-3.930085017496e+00,3.593750115004e-01,9.258178214000e-02
-3.930085017496e+00,3.906250125003e-01,9.258038257823e-02
-3.930085017496e+00,4.218750135002e-01,9.257929327245e-02
-3.930085017496e+00,4.531250145001e-01,9.257851479052e-02
-3.930085017496e+00,4.843750155000e-01,9.257804753869e-02
-3.930085017496e+00,5.156250165000e-01,9.257789176095e-02
-3.930085017496e+00,5.468750175001e-01,9.257789176095e-02
-3.930085017496e+00,6.406250205002e-01,9.257789176095e-02
-3.930085017496e+00,6.718750215003e-01,9.257789176095e-02
-3.930085017496e+00,7.343750235004e-01,9.257789176095e-02
-3.930085017496e+00,7.656250245004e-01,9.257789176095e-02
-3.930085017496e+00,7.968750255003e-01,9.257789176095e-02
-3.930085017496e+00,8.281250265002e-01,9.257789176095e-02
-3.930085017496e+00,8.593750275002e-01,9.257789176095e-02
-3.930085017496e+00,8.906250285002e-01,9.257789176095e-02
-3.930085017496e+00,9.218750295001e-01,9.257789176095e-02
-3.930085017496e+00,9.531250305001e-01,9.257789176095e-02
-3.930085017496e+00,9.843750315000e-01,9.257789176095e-02
-3.930085017496e+00,1.562500050003e-02,9.261733394712e-02
-3.930085017496e+00,1.093750035002e-01,9.260402731323e-02
-3.930085017496e+00,2.031250065004e-01,9.259340273516e-02
-3.929950910460e+00,3.656715879104e+00,9.257883709187e-02
-3.929882725744e+00,5.165896646710e+00,9.257786014504e-02
-3.929813117397e+00,4.204160356692e+00,9.257889428010e-02
-3.929640984206e+00,7.070944073797e+00,8.971766467240e-02
-3.929573282841e+00,9.470482540122e+00,5.678169171129e-02
-3.929337072463e+00,1.627951050406e+00,9.257722036184e-02
-3.929302148942e+00,5.572028074861e+00,9.223853529455e-02
-3.929022318625e+00,7.443857082119e+00,8.862925737171e-02
-3.929000298382e+00,7.853745357151e+00,8.699219779742e-02
-3.928948210044e+00,9.001634825496e+00,7.533260769023e-02
-3.928942695688e+00,2.819447854559e+00,9.257722684940e-02
-3.928876602846e+00,2.529624307603e+00,9.257702280375e-02
-3.928811911771e+00,8.890672663603e+00,7.749327480376e-02
-3.928648338929e+00,5.409329929344e+00,9.241358447975e-02
-3.928630225701e+00,8.421744925431e+00,8.331922808291e-02
-3.928620019134e+00,3.109271401517e+00,9.257694507428e-02
-3.928610933532e+00,1.016101340164e+00,9.257605635467e-02
-3.928601950174e+00,6.489569317821e+00,9.095290179962e-02
-3.928573547679e+00,6.196990967680e+00,9.143050323241e-02
-3.928483524014e+00,3.946539426062e+00,9.257712537972e-02
-3.928458301560e+00,9.717708013328e+00,2.510227286535e-02
-3.928421740606e+00,2.239800760647e+00,9.257633283189e-02
-3.928277812997e+00,8.542892661198e+00,8.217090953321e-02
-3.928192925223e+00,8.301447669020e+00,8.430324465793e-02
-3.928098157961e+00,9.112810601795e+00,7.265604444019e-02
-3.927908573182e+00,3.399094948475e+00,9.257617733277e-02
-3.927694303732e+00,1.338127503450e+00,9.257504529407e-02
-3.927691384928e+00,8.779931099985e+00,7.927353201147e-02
-3.927662262601e+00,5.864674530485e+00,9.189167299028e-02
-3.927653351025e+00,7.157049377674e+00,8.949503035076e-02
-3.927628951282e+00,5.209306032519e+00,9.257495653832e-02
-3.927589790457e+00,4.493983903650e+00,9.257623781987e-02
-3.927578108969e+00,1.949977213691e+00,9.257515657709e-02
-3.927129375086e+00,8.664876329060e+00,8.081233795279e-02
-3.926972313179e+00,8.182015398454e+00,8.515540366445e-02
-3.926934882736e+00,5.741268199408e+00,9.204501918038e-02
-3.926853790606e+00,5.991047654987e+00,9.172640160725e-02
-3.926808357833e+00,3.688918495433e+00,9.257492322790e-02
-3.926627368171e+00,4.236362973021e+00,9.257492647432e-02
-3.926385720064e+00,6.409692778449e+00,9.109357781116e-02
-3.926345707935e+00,1.660153666735e+00,9.257349343083e-02
-3.926259678431e+00,9.224192993248e+00,6.925517717044e-02
-3.925864937961e+00,2.851650470888e+00,9.257339182677e-02
-3.925825284590e+00,4.788754759743e+00,9.257367947347e-02
-3.925820443419e+00,2.561826923931e+00,9.257321453091e-02
-3.925739567495e+00,4.825729538205e+00,9.257348329811e-02
-3.925701464217e+00,4.752506302072e+00,9.257359226211e-02
-3.925662765604e+00,1.048303956493e+00,9.257238195548e-02
-3.925520663107e+00,3.141474017846e+00,9.257308263989e-02
-3.925439230442e+00,4.863424569534e+00,9.257300148121e-02
-3.925387179479e+00,2.272003376975e+00,9.257255066059e-02
-3.925373226407e+00,4.716990201343e+00,9.257325488524e-02
-3.925319373087e+00,3.978742042391e+00,9.257318211080e-02
-3.925115722883e+00,5.253378626068e+00,9.257168543889e-02
-3.925115118378e+00,7.243886048060e+00,8.925730296908e-02
-3.924988689425e+00,5.456160566680e+00,9.236768178129e-02
-3.924974880555e+00,8.063462578924e+00,8.589887577543e-02
-3.924919228666e+00,4.901833754249e+00,9.257225343634e-02
-3.924845728537e+00,4.682212461722e+00,9.257267116331e-02
-3.924796322290e+00,7.737782411935e+00,8.752613583918e-02
-3.924787618855e+00,3.431297564804e+00,9.257228681030e-02
-3.924724537504e+00,1.370330119778e+00,9.257134253187e-02
-3.924718186489e+00,7.532962358409e+00,8.832880809468e-02
-3.924714738470e+00,5.620895113249e+00,9.218759942782e-02
-3.924644858047e+00,9.582491364927e+00,4.691631596640e-02
-3.924565146141e+00,1.982179830019e+00,9.257139987224e-02
-3.924467203129e+00,6.120320583702e+00,9.154785486064e-02
-3.924382442930e+00,4.526186519978e+00,9.257223923651e-02
-3.924174555301e+00,4.940950961544e+00,9.257123714505e-02
-3.924124165138e+00,4.648179055176e+00,9.257184539997e-02
-3.923670089245e+00,6.330641521948e+00,9.122730515912e-02
-3.923665805206e+00,3.721121111762e+00,9.257100392609e-02
-3.923441618944e+00,4.268565589349e+00,9.257095307967e-02
-3.923430739284e+00,9.335774985428e+00,6.479198065081e-02
-3.923354343407e+00,1.692356283063e+00,9.256976156992e-02
-3.923213767722e+00,4.614895921250e+00,9.257078239976e-02
-3.923200241564e+00,4.980770029505e+00,9.256995099331e-02
-3.922787180234e+00,2.883853087216e+00,9.256955158396e-02
-3.922764283991e+00,2.594029540259e+00,9.256940111059e-02
-3.922714597676e+00,1.080506572821e+00,9.256870276491e-02
-3.922421307080e+00,3.173676634174e+00,9.256921491051e-02
-3.922352618351e+00,2.304205993303e+00,9.256876341246e-02
-3.922338348234e+00,5.298108050168e+00,9.253101861589e-02
-3.922207207408e+00,7.945803633830e+00,8.655348272314e-02
-3.922155222161e+00,4.010944658720e+00,9.256923332275e-02
-3.922020921219e+00,7.331443472718e+00,8.900266434413e-02
-3.921991356952e+00,5.021284765318e+00,9.256832175104e-02
-3.921754771276e+00,1.402532736107e+00,9.256763490440e-02
-3.921666664528e+00,3.463500181132e+00,9.256839091586e-02
-3.921552183314e+00,2.014382446348e+00,9.256763815921e-02
-3.921408091406e+00,5.916842794060e+00,9.183031523020e-02
-3.921375449032e+00,5.792105970098e+00,9.198830242457e-02
-3.921175095404e+00,4.558389136307e+00,9.256823497841e-02
-3.921141262945e+00,6.793976113352e+00,9.037334960364e-02
-3.921045735037e+00,5.503621176036e+00,9.232039616989e-02
-3.920904603995e+00,6.711049129851e+00,9.054473267257e-02
-3.920850117632e+00,6.877677692292e+00,9.019160610220e-02
-3.920543009425e+00,5.062488945493e+00,9.256639729790e-02
-3.920523252580e+00,3.753323728090e+00,9.256707917305e-02
-3.920461066356e+00,6.252425799489e+00,9.135446661287e-02
-3.920362978879e+00,1.724558899392e+00,9.256602476755e-02
-3.920255869718e+00,4.300768205678e+00,9.256697408219e-02
-3.920145835567e+00,6.628907174939e+00,9.070678735491e-02
-3.920025537790e+00,6.962143397540e+00,8.999883537513e-02
-3.919885139429e+00,6.044515158898e+00,9.165988666441e-02
-3.919841747033e+00,7.622755196872e+00,8.800492802988e-02
-3.919829908700e+00,5.670371394657e+00,9.213508632638e-02
-3.919766429748e+00,1.112709189150e+00,9.256501877188e-02
-3.919709422507e+00,2.916055703545e+00,9.256570610840e-02
-3.919708124564e+00,2.626232156588e+00,9.256558253046e-02
-3.919609353323e+00,9.447549549029e+00,5.867948036155e-02
-3.919321951053e+00,3.205879250503e+00,9.256534187330e-02
-3.919318057223e+00,2.336408609632e+00,9.256497107542e-02
-3.919292174547e+00,5.343487898341e+00,9.248832816490e-02
-3.918991071234e+00,4.043147275048e+00,9.256527900188e-02
-3.918870716681e+00,6.547560645446e+00,9.086030105103e-02
-3.918850345583e+00,5.104376316087e+00,9.256419321729e-02
-3.918785005048e+00,1.434735352435e+00,9.256392240033e-02
-3.918735579945e+00,8.396395743606e+00,8.358138395884e-02
-3.918719909405e+00,9.694678106995e+00,3.083793449710e-02
-3.918675962650e+00,7.829052944251e+00,8.713482823170e-02
-3.918661957812e+00,7.047362724390e+00,8.979402274266e-02
-3.918545710201e+00,3.495702797461e+00,9.256448963630e-02
-3.918539220486e+00,2.046585062676e+00,9.256387142618e-02
-3.918536112714e+00,8.978902266167e+00,7.591490802828e-02
-3.918470922410e+00,8.517415641130e+00,8.247710340641e-02
-3.918365460065e+00,7.419711005341e+00,8.872971695196e-02
-3.918288393733e+00,8.867991580485e+00,7.796984071630e-02
-3.918211122740e+00,8.276227501046e+00,8.453021462871e-02
-3.917967747878e+00,4.590591752636e+00,9.256422503132e-02
-3.917797732509e+00,9.090027112348e+00,7.338332575468e-02
-3.917410832627e+00,8.639272649135e+00,8.117644258236e-02
-3.917380699953e+00,3.785526344419e+00,9.256314895535e-02
-3.917371614352e+00,1.756761515720e+00,9.256228301214e-02
-3.917085070297e+00,6.467019901569e+00,9.100592181638e-02
-3.917070120491e+00,4.332970822006e+00,9.256298946790e-02
-3.917056700013e+00,8.757302037936e+00,7.967063215341e-02
-3.916908550818e+00,5.146940592951e+00,9.256165745670e-02
-3.916903957883e+00,8.156925417138e+00,8.535383229573e-02
-3.916818261819e+00,1.144911805478e+00,9.256132996532e-02
-3.916814987682e+00,5.551705232460e+00,9.227167655650e-02
-3.916764723139e+00,6.175055824137e+00,9.147558452775e-02
-3.916753877099e+00,7.133325132866e+00,8.957602773362e-02
-3.916651965136e+00,2.658434772916e+00,9.256175877818e-02
-3.916631664780e+00,2.948258319874e+00,9.256185538746e-02
-3.916283496096e+00,2.368611225960e+00,9.256117363737e-02
-3.916222595026e+00,3.238081866832e+00,9.256146351535e-02
-3.916071173359e+00,9.201359120997e+00,7.018879579029e-02
-3.915972588714e+00,5.389511735059e+00,9.244437176727e-02
-3.915826920308e+00,4.075349891377e+00,9.256131913448e-02
-3.915815238820e+00,1.466937968764e+00,9.256020500832e-02
-3.915526257658e+00,2.078787679004e+00,9.256009966129e-02
-3.915504878000e+00,5.843531984776e+00,9.192977213194e-02
-3.915424755875e+00,3.527905413790e+00,9.256058295847e-02
-3.914833611445e+00,5.969584793061e+00,9.176694657569e-02
-3.914820581818e+00,8.038503954245e+00,8.607333989488e-02
-3.914794783199e+00,6.387295266429e+00,9.114423459478e-02
-3.914793578330e+00,9.559509640177e+00,4.980083182427e-02
-3.914712849445e+00,5.190175461988e+00,9.255877755715e-02
-3.914643298152e+00,5.720450306956e+00,9.208092084526e-02
-3.914387903855e+00,7.713224848397e+00,8.765438749792e-02
-3.914380249824e+00,1.788964132049e+00,9.255853629208e-02
-3.914295860130e+00,7.220020048175e+00,8.934356434445e-02
-3.914238147326e+00,3.817728960748e+00,9.255921325954e-02
-3.914143501255e+00,7.508677965897e+00,8.843646085504e-02
-3.913884371265e+00,4.365173438335e+00,9.255899922277e-02
-3.913870093891e+00,1.177114421807e+00,9.255763633409e-02
-3.913595805709e+00,2.690637389245e+00,9.255792984134e-02
-3.913553907052e+00,2.980460936202e+00,9.255799940849e-02
-3.913354400418e+00,9.312891278896e+00,6.603349036743e-02
-3.913248934968e+00,2.400813842289e+00,9.255737108618e-02
-3.913123238998e+00,3.270284483160e+00,9.255757982376e-02
-3.912845472592e+00,1.499140585092e+00,9.255648271698e-02
-3.912662769381e+00,4.107552507706e+00,9.255735370677e-02
-3.912587194316e+00,6.098541770423e+00,9.159113231340e-02
-3.912513294831e+00,2.110990295333e+00,9.255632285265e-02
-3.912375017513e+00,5.436173095953e+00,9.239910451748e-02
-3.912365730237e+00,4.771415550320e+00,9.255680079189e-02
-3.912330573441e+00,4.808206620013e+00,9.255666914966e-02
-3.912303801548e+00,3.560108030118e+00,9.255667086913e-02
-3.912291999652e+00,5.600406182896e+00,9.222146908725e-02
-3.912258504927e+00,5.234074579344e+00,9.255561150050e-02
-3.912192207947e+00,4.735351803099e+00,9.255667388805e-02
-3.912081650396e+00,4.845718948242e+00,9.255627596157e-02
-3.912005805829e+00,6.308397025675e+00,9.127574431127e-02
-3.911967580049e+00,7.920977532915e+00,8.670860084578e-02
-3.911815131263e+00,4.700021410490e+00,9.255629189271e-02
-3.911796587758e+00,9.807035692926e+00,6.608629064386e-06
-3.911613911639e+00,4.883946439495e+00,9.255561866764e-02
-3.911388885296e+00,1.821166748377e+00,9.255478459573e-02
-3.911282536538e+00,7.307436861160e+00,8.909463311939e-02
-3.911239662200e+00,4.665430372628e+00,9.255565873108e-02
-3.911095594700e+00,3.849931577076e+00,9.255527207211e-02
-3.910922345592e+00,4.922882966909e+00,9.255465044566e-02
-3.910921925963e+00,1.209317038136e+00,9.255393786704e-02
-3.910698622038e+00,4.397376054664e+00,9.255500333272e-02
-3.910539646282e+00,2.722840005573e+00,9.255409570753e-02
-3.910476149325e+00,3.012663552531e+00,9.255413815878e-02
-3.910470999910e+00,4.631584657426e+00,9.255477881605e-02
-3.910214373841e+00,2.433016458617e+00,9.255356340968e-02
-3.910023882972e+00,3.302487099489e+00,9.255369078553e-02
-3.910001978738e+00,4.962522372495e+00,9.255337913837e-02
-3.909927611403e+00,6.770830260943e+00,9.043685412404e-02
-3.909875706364e+00,1.531343201421e+00,9.255275551491e-02
-3.909713997145e+00,6.854385542226e+00,9.025863104354e-02
-3.909645423804e+00,9.424616557936e+00,6.040989107785e-02
-3.909614105746e+00,6.688050702867e+00,9.060501404588e-02
-3.909540820095e+00,5.278631571595e+00,9.255206612382e-02
-3.909500332003e+00,2.143192911661e+00,9.255254098834e-02
-3.909498618454e+00,4.139755124034e+00,9.255338270497e-02
-3.909349876967e+00,7.598333641114e+00,8.812059990509e-02
-3.909318936372e+00,5.895539546364e+00,9.186935283634e-02
-3.909182847221e+00,3.592310646447e+00,9.255275335505e-02
-3.909150586233e+00,5.771125210642e+00,9.202504750850e-02
-3.908981517250e+00,9.671648200663e+00,3.573712984300e-02
-3.908967627445e+00,6.938706080756e+00,9.006962229328e-02
-3.908847875825e+00,5.002858467340e+00,9.255183121990e-02
-3.908840934189e+00,8.371046561781e+00,8.383413737635e-02
-3.908779180208e+00,6.606057297943e+00,9.076415977304e-02
-3.908724151996e+00,6.230335427158e+00,9.140080895770e-02
-3.908664031824e+00,8.491938621063e+00,8.277147721432e-02
-3.908494927758e+00,5.483465488053e+00,9.235247915763e-02
-3.908397520768e+00,1.853369364706e+00,9.255102791139e-02
-3.908351626918e+00,7.804360531351e+00,8.727366668563e-02
-3.908229320257e+00,8.251007333072e+00,8.474958561589e-02
-3.908124015384e+00,8.956169706839e+00,7.646771544014e-02
-3.907973758035e+00,1.241519654464e+00,9.255023455296e-02
-3.907953042073e+00,3.882134193405e+00,9.255132537951e-02
-3.907934677373e+00,6.022893773964e+00,9.170147972760e-02
-3.907764875695e+00,8.845310497368e+00,7.842445432829e-02
-3.907708601506e+00,7.395564928564e+00,8.882794623242e-02
-3.907692290168e+00,8.613668969209e+00,8.152386041844e-02
-3.907682931418e+00,7.023781374983e+00,8.986891928453e-02
-3.907512872812e+00,4.429578670992e+00,9.255100178365e-02
-3.907497307058e+00,9.067243622902e+00,7.406968813755e-02
-3.907483486854e+00,2.755042621902e+00,9.255025636426e-02
-3.907472363773e+00,5.649717446427e+00,9.216971695495e-02
-3.907455140042e+00,5.043885031832e+00,9.255000576830e-02
-3.907428599040e+00,6.524860439778e+00,9.091498652648e-02
-3.907398391598e+00,3.044866168860e+00,9.255027162562e-02
-3.907179812713e+00,2.465219074946e+00,9.254975059564e-02
-3.906924526944e+00,3.334689715818e+00,9.254979638765e-02
-3.906905940136e+00,1.563545817749e+00,9.254902339064e-02
-3.906835602588e+00,8.131835435821e+00,8.554577371093e-02
-3.906555137286e+00,5.323840036006e+00,9.251818859824e-02
-3.906487369175e+00,2.175395527990e+00,9.254875405639e-02
-3.906422015098e+00,8.734672975888e+00,8.005075968125e-02
-3.906334467528e+00,4.171957740363e+00,9.254940611520e-02
-3.906061892894e+00,3.624513262776e+00,9.254883040291e-02
-3.905882668286e+00,9.178525248746e+00,7.106332051924e-02
-3.905854403173e+00,7.109600888058e+00,8.965542465350e-02
-3.905818913203e+00,5.085595815888e+00,9.254782455295e-02
-3.905568190419e+00,6.444470485317e+00,9.105812080951e-02
-3.905406156240e+00,1.885571981034e+00,9.254726622734e-02
-3.905025590107e+00,1.273722270793e+00,9.254652638065e-02
-3.904955898600e+00,6.153120680594e+00,9.152003709959e-02
-3.904942298614e+00,9.536527915426e+00,5.237680595865e-02
-3.904810489446e+00,3.914336809734e+00,9.254737316816e-02
-3.904666283082e+00,8.013545329565e+00,8.624268612186e-02
-3.904427327427e+00,2.787245238230e+00,9.254641179903e-02
-3.904327826421e+00,5.531382390059e+00,9.230444592026e-02
-3.904327123586e+00,4.461781287321e+00,9.254699456137e-02
-3.904320633871e+00,3.077068785188e+00,9.254639979620e-02
-3.904145251586e+00,2.497421691274e+00,9.254593263182e-02
-3.903979485419e+00,7.688667284859e+00,8.777940379005e-02
-3.903936173908e+00,1.595748434078e+00,9.254528633269e-02
-3.903934375893e+00,5.127984539191e+00,9.254533403490e-02
-3.903825170917e+00,3.366892332146e+00,9.254589661708e-02
-3.903568816022e+00,7.484393573386e+00,8.854163724279e-02
-3.903476601882e+00,7.196154048290e+00,8.942790230366e-02
-3.903474406348e+00,2.207598144318e+00,9.254496204482e-02
-3.903347493398e+00,5.822389439067e+00,9.196739701354e-02
-3.903296838498e+00,5.369693540774e+00,9.247483254642e-02
-3.903278061551e+00,9.290007572364e+00,6.718516123640e-02
-3.903203846334e+00,6.364897754408e+00,9.119412852664e-02
-3.903170316601e+00,4.204160356692e+00,9.254542392359e-02
-3.902940938567e+00,3.656715879105e+00,9.254490199939e-02
-3.902813432284e+00,5.948121931136e+00,9.180696457812e-02
-3.902414791712e+00,1.917774597362e+00,9.254349953184e-02
-3.902351713568e+00,5.699632414505e+00,9.211636019603e-02
-3.902171318223e+00,9.783958158244e+00,1.008932079334e-02
-3.902077422179e+00,1.305924887121e+00,9.254281333884e-02
-3.901796747607e+00,5.171044891458e+00,9.254255812470e-02
-3.901727952690e+00,7.896151432001e+00,8.685942037979e-02
-3.901667936819e+00,3.946539426062e+00,9.254341542441e-02
-3.901371168000e+00,2.819447854559e+00,9.254256199930e-02
-3.901293185866e+00,1.093750035002e-01,9.256835695007e-02
-3.901293185866e+00,1.406250045003e-01,9.256443724771e-02
-3.901293185866e+00,2.343750075005e-01,9.255452140017e-02
-3.901293185866e+00,5.156250165000e-01,9.254169136654e-02
-3.901293185866e+00,5.468750175001e-01,9.254169136654e-02
-3.901293185866e+00,1.562500050003e-02,9.258193099569e-02
-3.901293185866e+00,4.687500150008e-02,9.257710606736e-02
-3.901293185866e+00,7.812500250013e-02,9.257258061377e-02
-3.901293185866e+00,1.718750055004e-01,9.256082353118e-02
-3.901293185866e+00,2.031250065004e-01,9.255751767487e-02
-3.901293185866e+00,2.656250085006e-01,9.255183627283e-02
-3.901293185866e+00,2.968750095005e-01,9.254946370047e-02
-3.901293185866e+00,3.281250105004e-01,9.254740493041e-02
-3.901293185866e+00,3.593750115004e-01,9.254566104770e-02
-3.901293185866e+00,3.906250125003e-01,9.254423297338e-02
-3.901293185866e+00,4.218750135002e-01,9.254312146303e-02
-3.901293185866e+00,4.531250145001e-01,9.254232710559e-02
-3.901293185866e+00,4.843750155000e-01,9.254185032240e-02
-3.901293185866e+00,5.781250185001e-01,9.254169136654e-02
-3.901293185866e+00,6.093750195002e-01,9.254169136654e-02
-3.901293185866e+00,6.406250205002e-01,9.254169136654e-02
-3.901293185866e+00,6.718750215003e-01,9.254169136654e-02
-3.901293185866e+00,7.031250225004e-01,9.254169136654e-02
-3.901293185866e+00,7.343750235004e-01,9.254169136654e-02
-3.901293185866e+00,7.656250245003e-01,9.254169136654e-02
-3.901293185866e+00,7.968750255003e-01,9.254169136654e-02
-3.901293185866e+00,8.281250265002e-01,9.254169136654e-02
-3.901293185866e+00,8.593750275002e-01,9.254169136654e-02
-3.901293185866e+00,8.906250285002e-01,9.254169136654e-02
-3.901293185866e+00,9.218750295001e-01,9.254169136654e-02
-3.901293185866e+00,9.531250305001e-01,9.254169136654e-02
-3.901293185866e+00,9.843750315000e-01,9.254169136654e-02
-3.901242876143e+00,3.109271401517e+00,9.254252265773e-02
-3.901141374359e+00,4.493983903650e+00,9.254298165169e-02
-3.901110690458e+00,2.529624307603e+00,9.254210950594e-02
-3.900966407680e+00,1.627951050406e+00,9.254154432955e-02
-3.900725814890e+00,3.399094948475e+00,9.254199146073e-02
-3.900707185503e+00,6.076762957144e+00,9.163382201700e-02
-3.900544151857e+00,7.283430249601e+00,8.918465072465e-02
-3.900461443520e+00,2.239800760647e+00,9.254116494157e-02
-3.900341522413e+00,6.286152529402e+00,9.132340966700e-02
-3.900006165675e+00,4.236362973021e+00,9.254143611618e-02
-3.899869260835e+00,5.579917252543e+00,9.225495235950e-02
-3.899829901052e+00,1.016101340164e+00,9.253984595280e-02
-3.899819984240e+00,3.688918495433e+00,9.254096813110e-02
-3.899761345601e+00,5.416185625226e+00,9.243018861665e-02
-3.899681494285e+00,9.401683566843e+00,6.199409145637e-02
-3.899423427184e+00,1.949977213691e+00,9.253972781309e-02
-3.899401286970e+00,5.214770532620e+00,9.253940329834e-02
-3.899243125095e+00,9.648618294330e+00,3.997029120588e-02
-3.899129254251e+00,1.338127503450e+00,9.253909541624e-02
-3.898946288433e+00,8.345697379956e+00,8.407797820132e-02
-3.898921579388e+00,4.790683701820e+00,9.253982133552e-02
-3.898906175883e+00,4.754076340896e+00,9.253986711689e-02
-3.898858006899e+00,7.573912085357e+00,8.823351214098e-02
-3.898857141237e+00,8.466461600995e+00,8.305469193411e-02
-3.898724070350e+00,4.828013326950e+00,9.253946266549e-02
-3.898713959860e+00,6.747684408536e+00,9.049919887091e-02
-3.898682951677e+00,4.718197304126e+00,9.253965681924e-02
-3.898577876658e+00,6.831093392159e+00,9.032446168495e-02
-3.898525384193e+00,3.978742042391e+00,9.253945213459e-02
-3.898323607498e+00,6.665052275882e+00,9.066428763992e-02
-3.898315008572e+00,2.851650470888e+00,9.253870695247e-02
-3.898308594613e+00,4.866059124740e+00,9.253883188018e-02
-3.898257036119e+00,4.683052619638e+00,9.253919404590e-02
-3.898247517774e+00,8.225787165097e+00,8.496172812300e-02
-3.898165118416e+00,3.141474017846e+00,9.253864019735e-02
-3.898076129331e+00,2.561826923931e+00,9.253828120567e-02
-3.898027291187e+00,7.779668118451e+00,8.740886099823e-02
-3.897996641452e+00,1.660153666735e+00,9.253779736966e-02
-3.897973747709e+00,8.588065289283e+00,8.185678375654e-02
-3.897955625133e+00,4.526186519978e+00,9.253896304035e-02
-3.897909717100e+00,6.915268763972e+00,9.013910877027e-02
-3.897711918055e+00,8.933437147511e+00,7.699320415734e-02
-3.897670135883e+00,4.904814972275e+00,9.253792947960e-02
-3.897633595863e+00,4.648648283534e+00,9.253848288146e-02
-3.897626458863e+00,3.431297564804e+00,9.253808090545e-02
-3.897448480692e+00,2.272003376975e+00,9.253736273459e-02
-3.897412524849e+00,6.583207420946e+00,9.082060035692e-02
-3.897241357656e+00,8.822629414251e+00,7.885858969736e-02
-3.897229781337e+00,5.874236298669e+00,9.190789600877e-02
-3.897196881606e+00,9.044460133455e+00,7.471847591694e-02
-3.897051742946e+00,7.371418851787e+00,8.892401866536e-02
-3.896987237636e+00,6.208245054826e+00,9.144649311684e-02
-3.896925723433e+00,5.750144451185e+00,9.206133547145e-02
-3.896903331424e+00,1.048303956493e+00,9.253615151030e-02
-3.896842014748e+00,4.268565589349e+00,9.253744267900e-02
-3.896817834681e+00,4.614990259675e+00,9.253752790926e-02
-3.896803715912e+00,4.944274715485e+00,9.253675365409e-02
-3.896767247292e+00,8.106745454504e+00,8.573142262406e-02
-3.896743291956e+00,5.259155093021e+00,9.253592832168e-02
-3.896703905024e+00,7.000200025576e+00,8.994239646683e-02
-3.896699029913e+00,3.721121111762e+00,9.253702878463e-02
-3.896432062657e+00,1.982179830019e+00,9.253595105927e-02
-3.896289869205e+00,8.710493865538e+00,8.043232216756e-02
-3.896181086322e+00,1.370330119778e+00,9.253537260153e-02
-3.895986481398e+00,6.502160234109e+00,9.096880876950e-02
-3.895984215317e+00,6.001272389030e+00,9.174252257325e-02
-3.895944120479e+00,5.463309800070e+00,9.238421075529e-02
-3.895704394697e+00,4.984432169361e+00,9.253528171606e-02
-3.895694163213e+00,9.155691376495e+00,7.188417054861e-02
-3.895382831566e+00,4.010944658720e+00,9.253548328498e-02
-3.895258849145e+00,2.883853087216e+00,9.253484664593e-02
-3.895114818846e+00,5.629063498196e+00,9.220394316926e-02
-3.895091018897e+00,9.513546190676e+00,5.469116943386e-02
-3.895087360689e+00,3.173676634174e+00,9.253475240216e-02
-3.895041568203e+00,2.594029540259e+00,9.253444771866e-02
-3.895026875224e+00,1.692356283063e+00,9.253404544142e-02
-3.894954929247e+00,7.085876643249e+00,8.973326855264e-02
-3.894769875906e+00,4.558389136307e+00,9.253493871304e-02
-3.894527102836e+00,3.463500181132e+00,9.253416493808e-02
-3.894511984346e+00,7.988586704885e+00,8.640713334836e-02
-3.894435517865e+00,2.304205993303e+00,9.253355541177e-02
-3.894367270659e+00,5.025281118171e+00,9.253346190915e-02
-3.894051310542e+00,6.421921069066e+00,9.110951868669e-02
-3.893976761796e+00,1.080506572821e+00,9.253245223851e-02
-3.893818100025e+00,5.304192173672e+00,9.253213459487e-02
-3.893677863821e+00,4.300768205678e+00,9.253344359801e-02
-3.893578075586e+00,3.753323728090e+00,9.253308394650e-02
-3.893571066983e+00,7.664109721320e+00,8.790104405863e-02
-3.893440698129e+00,2.014382446348e+00,9.253216925851e-02
-3.893232918394e+00,1.402532736107e+00,9.253164488334e-02
-3.893201722684e+00,9.267123865832e+00,6.825637802739e-02
-3.893147074061e+00,6.131185537051e+00,9.156387499765e-02
-3.892994130788e+00,7.460109180874e+00,8.864442145555e-02
-3.892787480822e+00,5.066815315688e+00,9.253135825790e-02
-3.892657343634e+00,7.172288048405e+00,8.951053650051e-02
-3.892546048688e+00,9.760880623561e+00,1.829620808806e-02
-3.892240278939e+00,4.043147275048e+00,9.253150886181e-02
-3.892202689717e+00,2.916055703545e+00,9.253098106701e-02
-3.892057108996e+00,1.724558899392e+00,9.253028853323e-02
-3.892009602962e+00,3.205879250503e+00,9.253085925923e-02
-3.892007007076e+00,2.626232156588e+00,9.253060903249e-02
-3.891840665160e+00,5.511059547658e+00,9.233685047662e-02
-3.891612909469e+00,6.342500242388e+00,9.124326037546e-02
-3.891584126680e+00,4.590591752636e+00,9.253090865543e-02
-3.891488325331e+00,7.871325331086e+00,8.700611556844e-02
-3.891427746809e+00,3.495702797461e+00,9.253024354540e-02
-3.891422555037e+00,2.336408609632e+00,9.252974296096e-02
-3.891190108797e+00,5.801246893358e+00,9.200455739368e-02
-3.891050192167e+00,1.112709189150e+00,9.252874812630e-02
-3.890960200968e+00,5.109028485431e+00,9.252897049982e-02
-3.890793253123e+00,5.926659069210e+00,9.184646680042e-02
-3.890621088283e+00,5.349875346489e+00,9.250497279861e-02
-3.890513712895e+00,4.332970822006e+00,9.252943885915e-02
-3.890457121259e+00,3.785526344419e+00,9.252913360321e-02
-3.890449333601e+00,2.046585062676e+00,9.252838239891e-02
-3.890284750466e+00,1.434735352435e+00,9.252791225029e-02
-3.890060128984e+00,5.678814522053e+00,9.215135998751e-02
-3.889805767176e+00,7.259423638042e+00,8.927277888958e-02
-3.889717564767e+00,9.378750575749e+00,6.344982451693e-02
-3.889504732940e+00,9.625588387998e+00,4.366449483828e-02
-3.889146530290e+00,2.948258319874e+00,9.252711020301e-02
-3.889097726312e+00,4.075349891377e+00,9.252752885129e-02
-3.889087342768e+00,1.756761515720e+00,9.252652663342e-02
-3.889051642677e+00,8.320348198131e+00,8.431336325349e-02
-3.889050250651e+00,8.440984580928e+00,8.332736079061e-02
-3.888972445948e+00,2.658434772916e+00,9.252676513474e-02
-3.888931845235e+00,3.238081866832e+00,9.252696075558e-02
-3.888880645769e+00,5.151914320927e+00,9.252619418584e-02
-3.888827176690e+00,6.054984143865e+00,9.167593685394e-02
-3.888677238997e+00,6.263908033129e+00,9.137038550199e-02
-3.888409592209e+00,2.368611225960e+00,9.252592536998e-02
-3.888366136833e+00,7.549490529599e+00,8.834376171604e-02
-3.888328390782e+00,3.527905413790e+00,9.252631671415e-02
-3.888265715291e+00,8.200566997123e+00,8.516698923097e-02
-3.888255205250e+00,8.562461609357e+00,8.217632818616e-02
-3.888123622539e+00,1.144911805478e+00,9.252503916250e-02
-3.887702955455e+00,7.754975705551e+00,8.754055155993e-02
-3.887500308318e+00,6.724538556127e+00,9.056048033647e-02
-3.887457969073e+00,2.078787679004e+00,9.252459046856e-02
-3.887446522018e+00,5.559428322191e+00,9.228805669983e-02
-3.887441756172e+00,6.807801242092e+00,9.038911428823e-02
-3.887349561968e+00,4.365173438335e+00,9.252542844831e-02
-3.887336582538e+00,1.466937968764e+00,9.252417469094e-02
-3.887336166932e+00,3.817728960748e+00,9.252517774122e-02
-3.887299820725e+00,8.910704588182e+00,7.749333999795e-02
-3.887147673688e+00,5.396198154500e+00,9.246094035468e-02
-3.887033109249e+00,6.642053848898e+00,9.072257940285e-02
-3.886896456154e+00,9.021676644008e+00,7.533267884037e-02
-3.886851806754e+00,6.891831447189e+00,9.020733106785e-02
-3.886717839618e+00,8.799948331133e+00,7.927359195150e-02
-3.886698891996e+00,8.081655473186e+00,8.591145572734e-02
-3.886660262334e+00,8.684764706888e+00,8.081415601155e-02
-3.886544069014e+00,5.195466485895e+00,9.252311651204e-02
-3.886394884386e+00,7.347272775010e+00,8.901800459657e-02
-3.886117576540e+00,1.788964132049e+00,9.252275973029e-02
-3.886090370863e+00,2.980460936202e+00,9.252323404120e-02
-3.886045869490e+00,6.560357543950e+00,9.087613255949e-02
-3.885955173686e+00,4.107552507706e+00,9.252354323957e-02
-3.885937884821e+00,2.690637389245e+00,9.252291601293e-02
-3.885854087507e+00,3.270284483160e+00,9.252305687820e-02
-3.885724878630e+00,6.976618676169e+00,9.001449490774e-02
-3.885512585335e+00,4.773160783628e+00,9.252279272344e-02
-3.885505658141e+00,9.132857504244e+00,7.265612233374e-02
-3.885446621529e+00,4.736737131473e+00,9.252280061845e-02
-3.885396629381e+00,2.400813842289e+00,9.252210262661e-02
-3.885366490305e+00,4.810307705658e+00,9.252252040698e-02
-3.885250323276e+00,6.186154682495e+00,9.149153400209e-02
-3.885239739181e+00,9.490564465926e+00,5.678179505684e-02
-3.885229034755e+00,3.560108030118e+00,9.252238443103e-02
-3.885197052911e+00,1.177114421807e+00,9.252132533591e-02
-3.885173695408e+00,4.701042805153e+00,9.252254733010e-02
-3.885140626302e+00,5.852933050974e+00,9.194595505149e-02
-3.885003277587e+00,4.848171809986e+00,9.252198088406e-02
-3.884700860634e+00,5.729163691729e+00,9.209714118510e-02
-3.884698940975e+00,4.666083828785e+00,9.252203656530e-02
-3.884544363757e+00,6.479460028441e+00,9.102178902990e-02
-3.884466604545e+00,2.110990295333e+00,9.252079345547e-02
-3.884417926174e+00,4.886746977640e+00,9.252117123129e-02
-3.884388414610e+00,1.499140585092e+00,9.252043219385e-02
-3.884357685610e+00,7.963628080205e+00,8.656688837182e-02
-3.884215212605e+00,3.849931577076e+00,9.252121634693e-02
-3.884185411042e+00,4.397376054664e+00,9.252141235130e-02
-3.884055455322e+00,7.062152398441e+00,8.980960507919e-02
-3.884033753260e+00,5.979651004096e+00,9.178302703467e-02
-3.884027529525e+00,4.631866194441e+00,9.252127251651e-02
-3.883945763817e+00,5.239678614447e+00,9.251972749435e-02
-3.883605453087e+00,4.926027058475e+00,9.252001317723e-02
-3.883393313199e+00,5.443154112087e+00,9.241559755157e-02
-3.883162648547e+00,7.639552157782e+00,8.801962746373e-02
-3.883147810312e+00,1.821166748377e+00,9.251898781213e-02
-3.883125383817e+00,9.244240159299e+00,6.925526262754e-02
-3.883034211435e+00,3.012663552531e+00,9.251935256878e-02
-3.882920779153e+00,9.737803088878e+00,2.510235580490e-02
-3.882903323693e+00,2.722840005573e+00,9.251906165455e-02
-3.882812621059e+00,4.139755124034e+00,9.251955201273e-02
-3.882776329780e+00,3.302487099489e+00,9.251914761404e-02
-3.882757273919e+00,5.608409549966e+00,9.223777557371e-02
-3.882560913570e+00,4.966005871383e+00,9.251857467266e-02
-3.882534430664e+00,6.399371652814e+00,9.116013474662e-02
-3.882419445554e+00,7.435824788363e+00,8.874489401212e-02
-3.882383666554e+00,2.433016458617e+00,9.251827471861e-02
-3.882270483282e+00,1.209317038136e+00,9.251760663530e-02
-3.882129678728e+00,3.592310646447e+00,9.251844668271e-02
-3.881838085386e+00,7.148422048520e+00,8.959151841507e-02
-3.881475240017e+00,2.143192911661e+00,9.251699134765e-02
-3.881440246682e+00,1.531343201421e+00,9.251668474751e-02
-3.881338249522e+00,6.109250393508e+00,9.160711187758e-02
-3.881279401276e+00,5.006677204510e+00,9.251685461904e-02
-3.881248697971e+00,7.846499230171e+00,8.714885152706e-02
-3.881094258278e+00,3.882134193405e+00,9.251724940671e-02
-3.881081062764e+00,5.284544311338e+00,9.251593406547e-02
-3.881021260115e+00,4.429578670992e+00,9.251739055394e-02
-3.880178044084e+00,1.853369364706e+00,9.251521086717e-02
-3.880021972604e+00,6.320102730367e+00,9.129159188221e-02
-3.879978052008e+00,3.044866168860e+00,9.251546577296e-02
-3.879868762566e+00,2.755042621902e+00,9.251520204705e-02
-3.879766340784e+00,9.602558481666e+00,4.691642321064e-02
-3.879756048441e+00,5.048034815489e+00,9.251483330561e-02
-3.879753635248e+00,9.355817584656e+00,6.479207434085e-02
-3.879698572053e+00,3.334689715818e+00,9.251523295000e-02
-3.879670068432e+00,4.171957740363e+00,9.251555515686e-02
-3.879370703726e+00,2.465219074946e+00,9.251444163367e-02
-3.879353503900e+00,5.490736705256e+00,9.236889714679e-02
-3.879343913654e+00,1.241519654464e+00,9.251388304940e-02
-3.879243360064e+00,8.415507560861e+00,8.359005344402e-02
-3.879156996922e+00,8.294999016307e+00,8.454071902260e-02
-3.879067382494e+00,7.235417026483e+00,8.935894568739e-02
-3.879032724196e+00,5.780104347649e+00,9.204122163800e-02
-3.879030322701e+00,3.624513262776e+00,9.251450345581e-02
-3.878773073962e+00,5.905196207285e+00,9.188546413064e-02
-3.878536662791e+00,8.536857929431e+00,8.248327130031e-02
-3.878492078753e+00,1.563545817749e+00,9.251293234041e-02
-3.878483875490e+00,2.175395527990e+00,9.251318413305e-02
-3.878283912808e+00,8.175346829149e+00,8.536569440753e-02
-3.877986026042e+00,5.090072431672e+00,9.251244143992e-02
-3.877973303952e+00,3.914336809734e+00,9.251327690688e-02
-3.877945338067e+00,5.330057152204e+00,9.251184557495e-02
-3.877874266766e+00,7.525068973841e+00,8.845144122708e-02
-3.877857109189e+00,4.461781287321e+00,9.251336304196e-02
-3.877768544401e+00,5.657996629602e+00,9.218595028784e-02
-3.877378619723e+00,7.730283292651e+00,8.766887177238e-02
-3.877208277856e+00,1.885571981034e+00,9.251142888361e-02
-3.877030655463e+00,8.659035548237e+00,8.117930900431e-02
-3.877012955581e+00,6.241663536857e+00,9.141668765717e-02
-3.876947167877e+00,6.033205330586e+00,9.171748935246e-02
-3.876921892580e+00,3.077068785188e+00,9.251157364086e-02
-3.876887723395e+00,8.887972028854e+00,7.796990475704e-02
-3.876834201438e+00,2.787245238230e+00,9.251133717784e-02
-3.876630536700e+00,8.056565491870e+00,8.608612030556e-02
-3.876620814326e+00,3.366892332146e+00,9.251131287294e-02
-3.876596030702e+00,8.998893154562e+00,7.591497785751e-02
-3.876527515805e+00,4.204160356692e+00,9.251155265797e-02
-3.876417344026e+00,1.273722270793e+00,9.251015456691e-02
-3.876357740898e+00,2.497421691274e+00,9.251060335948e-02
-3.876305635685e+00,6.784509092026e+00,9.045251828290e-02
-3.876286656776e+00,6.701392703719e+00,9.062072634342e-02
-3.876194321580e+00,8.777267248016e+00,7.967069108583e-02
-3.875964543932e+00,5.132783750396e+00,9.250975956770e-02
-3.875930966674e+00,3.656715879105e+00,9.251055473689e-02
-3.875793896409e+00,6.868394130405e+00,9.027432416104e-02
-3.875742611000e+00,6.619055421914e+00,9.077991443786e-02
-3.875738025827e+00,7.323126698232e+00,8.910997142640e-02
-3.875543910825e+00,1.595748434078e+00,9.250917496097e-02
-3.875492510962e+00,2.207598144318e+00,9.250937179960e-02
-3.875388459465e+00,9.467582741176e+00,5.867958222907e-02
-3.875317153069e+00,9.110023631993e+00,7.338340214300e-02
-3.875023783200e+00,5.538939391839e+00,9.232078938318e-02
-3.874852349625e+00,3.946539426062e+00,9.250929883373e-02
-3.874745852236e+00,6.953037326763e+00,9.008525374456e-02
-3.874692958262e+00,4.493983903650e+00,9.250932980107e-02
-3.874679214131e+00,6.537507666954e+00,9.093077908786e-02
-3.874534001776e+00,5.376210683773e+00,9.249136586130e-02
-3.874238511628e+00,1.917774597362e+00,9.250764184962e-02
-3.874203386873e+00,7.938669455526e+00,8.672214671067e-02
-3.873865733153e+00,3.109271401517e+00,9.250767615959e-02
-3.873799640311e+00,2.819447854559e+00,9.250746703429e-02
-3.873686851058e+00,5.176162439171e+00,9.250676378141e-02
-3.873543056598e+00,3.399094948475e+00,9.250738736969e-02
-3.873513408916e+00,6.164064310164e+00,9.153594610104e-02
-3.873490774397e+00,1.305924887121e+00,9.250642117650e-02
-3.873384963179e+00,4.236362973021e+00,9.250754450203e-02
-3.873344778071e+00,2.529624307603e+00,9.250675988366e-02
-3.873295509618e+00,9.714725554195e+00,3.083802837268e-02
-3.873155981396e+00,7.038428153633e+00,8.988447817018e-02
-3.873102246116e+00,6.456759822773e+00,9.107394789716e-02
-3.873051471268e+00,5.831629803278e+00,9.198353248110e-02
-3.873049044950e+00,9.221356452767e+00,7.018887956159e-02
-3.872831610647e+00,3.688918495433e+00,9.250660051251e-02
-3.872754230111e+00,7.614994594243e+00,8.813534281172e-02
-3.872595742897e+00,1.627951050406e+00,9.250541259760e-02
-3.872501354237e+00,5.468750175001e-01,9.250502168446e-02
-3.872501354237e+00,5.156250165000e-01,9.250502168446e-02
-3.872501354237e+00,1.093750035002e-01,9.253223291674e-02
-3.872501354237e+00,1.406250045003e-01,9.252823342395e-02
-3.872501354237e+00,1.718750055004e-01,9.252454601857e-02
-3.872501354237e+00,2.031250065004e-01,9.252117264416e-02
-3.872501354237e+00,2.343750075005e-01,9.251811508585e-02
-3.872501354237e+00,9.218750295001e-01,9.250502168446e-02
-3.872501354237e+00,9.531250305001e-01,9.250502168446e-02
-3.872501354237e+00,9.843750315000e-01,9.250502168446e-02
-3.872501354237e+00,1.562500050003e-02,9.254608217189e-02
-3.872501354237e+00,4.687500150008e-02,9.254115961624e-02
-3.872501354237e+00,7.812500250013e-02,9.253654239790e-02
-3.872501354237e+00,2.656250085005e-01,9.251537496744e-02
-3.872501354237e+00,2.968750095005e-01,9.251295374887e-02
-3.872501354237e+00,3.281250105004e-01,9.251085272390e-02
-3.872501354237e+00,3.593750115004e-01,9.250907301803e-02
-3.872501354237e+00,3.906250125003e-01,9.250761558667e-02
-3.872501354237e+00,4.218750135002e-01,9.250648121367e-02
-3.872501354237e+00,4.531250145001e-01,9.250567050999e-02
-3.872501354237e+00,4.843750155000e-01,9.250518391273e-02
-3.872501354237e+00,5.781250185001e-01,9.250502168446e-02
-3.872501354237e+00,6.093750195002e-01,9.250502168446e-02
-3.872501354237e+00,6.406250205002e-01,9.250502168446e-02
-3.872501354237e+00,6.718750215003e-01,9.250502168446e-02
-3.872501354237e+00,7.343750235004e-01,9.250502168446e-02
-3.872501354237e+00,7.656250245003e-01,9.250502168446e-02
-3.872501354237e+00,7.968750255003e-01,9.250502168446e-02
-3.872501354237e+00,8.281250265002e-01,9.250502168446e-02
-3.872501354237e+00,8.593750275002e-01,9.250502168446e-02
-3.872501354237e+00,8.906250285002e-01,9.250502168446e-02
-3.872501354237e+00,7.031250225004e-01,9.250502168446e-02
-3.872501146434e+00,2.239800760647e+00,9.250555433518e-02
-3.872475997835e+00,5.708182932272e+00,9.213252086918e-02
-3.872103591281e+00,4.755637865436e+00,9.250572656442e-02
-3.872083291204e+00,5.958029619162e+00,9.182300462588e-02
-3.872008910259e+00,4.792602084366e+00,9.250552583478e-02
-3.871987067175e+00,4.719397922050e+00,9.250564824544e-02
-3.871844760320e+00,7.411540395852e+00,8.884313194936e-02
-3.871731395298e+00,3.978742042391e+00,9.250531517348e-02
-3.871697960560e+00,4.830284495231e+00,9.250501595967e-02
-3.871664439138e+00,4.683888306179e+00,9.250531128700e-02
-3.871528807335e+00,4.526186519978e+00,9.250529081693e-02
-3.871268745400e+00,1.949977213691e+00,9.250384975334e-02
-3.871165716465e+00,4.868678983005e+00,9.250423106943e-02
-3.871148235678e+00,5.220202135873e+00,9.250337461745e-02
-3.871140845831e+00,4.649115037932e+00,9.250471955169e-02
-3.871048868572e+00,1.016101340164e+00,9.250316607551e-02
-3.871018827138e+00,7.124556048636e+00,8.967089754183e-02
-3.871017550786e+00,6.376822236562e+00,9.120998177024e-02
-3.871009070613e+00,7.821673129256e+00,8.728778482811e-02
-3.870842505920e+00,5.422998424104e+00,9.244664598003e-02
-3.870809573726e+00,3.141474017846e+00,9.250377331621e-02
-3.870765079183e+00,2.851650470888e+00,9.250359160373e-02
-3.870564204769e+00,1.338127503450e+00,9.250268286680e-02
-3.870465298871e+00,3.431297564804e+00,9.250345642703e-02
-3.870421463188e+00,4.615084105347e+00,9.250387739874e-02
-3.870407190261e+00,4.907779401465e+00,9.250316915155e-02
-3.870399728992e+00,5.587755601736e+00,9.227122181977e-02
-3.870331815243e+00,2.561826923931e+00,9.250291119382e-02
-3.870242410552e+00,4.268565589349e+00,9.250353067497e-02
-3.870027948629e+00,9.579528575333e+00,4.980093922624e-02
-3.869789705730e+00,9.332884593563e+00,6.603358226168e-02
-3.869732254620e+00,3.721121111762e+00,9.250264076914e-02
-3.869647574969e+00,1.660153666735e+00,9.250164523868e-02
-3.869529424983e+00,6.087315249965e+00,9.164976101427e-02
-3.869509781906e+00,2.272003376975e+00,9.250173172765e-02
-3.869436469478e+00,8.390030540793e+00,8.384329975062e-02
-3.869417432443e+00,4.947579573404e+00,9.250182860849e-02
-3.869262351166e+00,8.269649834482e+00,8.476044412386e-02
-3.868818120332e+00,8.511254249505e+00,8.277833239255e-02
-3.868610440971e+00,4.010944658720e+00,9.250132591234e-02
-3.868431035739e+00,6.297705218347e+00,9.133921735499e-02
-3.868364656409e+00,4.558389136307e+00,9.250124607515e-02
-3.868344025502e+00,5.264896449003e+00,9.249969011625e-02
-3.868328997813e+00,7.211410414924e+00,8.944327273720e-02
-3.868302110326e+00,8.150126661175e+00,8.555778820111e-02
-3.868298979172e+00,1.982179830019e+00,9.250005258285e-02
-3.868191531893e+00,4.988073290850e+00,9.250014838207e-02
-3.868143897244e+00,1.048303956493e+00,9.249945121386e-02
-3.867753414298e+00,3.173676634174e+00,9.249986509775e-02
-3.867730518056e+00,2.883853087216e+00,9.249971087347e-02
-3.867637635141e+00,1.370330119778e+00,9.249893962640e-02
-3.867401048593e+00,8.633306389587e+00,8.152754200215e-02
-3.867387541144e+00,3.463500181132e+00,9.249952003171e-02
-3.867382396699e+00,7.500647418083e+00,8.855663913141e-02
-3.867318852415e+00,2.594029540259e+00,9.249905727750e-02
-3.867099857925e+00,4.300768205678e+00,9.249951116267e-02
-3.867054283992e+00,7.705590879750e+00,8.779394131192e-02
-3.866875339594e+00,5.758961801940e+00,9.207742396260e-02
-3.866866342639e+00,5.470413862855e+00,9.240059268720e-02
-3.866752894801e+00,5.883733345360e+00,9.192396716850e-02
-3.866724616060e+00,5.029254315289e+00,9.249814867086e-02
-3.866699407041e+00,1.692356283063e+00,9.249787287253e-02
-3.866632898593e+00,3.753323728090e+00,9.249867549325e-02
-3.866562181404e+00,8.031475510553e+00,8.625564958226e-02
-3.866518417378e+00,2.304205993303e+00,9.249790396481e-02
-3.866475626066e+00,8.865239469526e+00,7.842451725021e-02
-3.866295605250e+00,8.976109665115e+00,7.646778398787e-02
-3.865825430854e+00,9.827058601002e+00,6.608629124378e-06
-3.865670803542e+00,8.754586164898e+00,8.005081763790e-02
-3.865537179748e+00,9.444601016426e+00,6.040999131789e-02
-3.865489486644e+00,4.043147275048e+00,9.249733103646e-02
-3.865476959817e+00,5.637178737150e+00,9.222013914969e-02
-3.865348672165e+00,6.219419040584e+00,9.146233151643e-02
-3.865329212944e+00,2.014382446348e+00,9.249625032622e-02
-3.865269587852e+00,5.310238957919e+00,9.249561863410e-02
-3.865238925915e+00,1.080506572821e+00,9.249573148457e-02
-3.865200505482e+00,4.590591752636e+00,9.249719556128e-02
-3.865169515198e+00,6.761216941959e+00,9.051482922888e-02
-3.865128647996e+00,9.087189759743e+00,7.406976306266e-02
-3.865081167267e+00,7.298980621455e+00,8.919998376098e-02
-3.865073005234e+00,6.678246851311e+00,9.067996379321e-02
-3.865067159064e+00,6.011426517306e+00,9.175849169822e-02
-3.865011851117e+00,5.071116377912e+00,9.249586041515e-02
-3.864735986064e+00,6.844956813622e+00,9.034012179392e-02
-3.864711065512e+00,1.402532736107e+00,9.249519144388e-02
-3.864697254871e+00,3.205879250503e+00,9.249595149118e-02
-3.864695956928e+00,2.916055703545e+00,9.249582483076e-02
-3.864452112752e+00,6.596056994929e+00,9.083631703675e-02
-3.864309783417e+00,3.495702797461e+00,9.249557817042e-02
-3.864305889588e+00,2.626232156588e+00,9.249519812223e-02
-3.864049088137e+00,7.913710830846e+00,8.687309335580e-02
-3.863957305298e+00,4.332970822006e+00,9.249548595098e-02
-3.863766825843e+00,6.929455977356e+00,9.015471069979e-02
-3.863751239112e+00,1.724558899392e+00,9.249409548746e-02
-3.863670240083e+00,9.691648019513e+00,3.573723069689e-02
-3.863533542565e+00,3.785526344419e+00,9.249470467123e-02
-3.863527052850e+00,2.336408609632e+00,9.249407103445e-02
-3.863312558772e+00,6.514657789958e+00,9.098456193226e-02
-3.863048442094e+00,5.113653179865e+00,9.249324540063e-02
-3.862972706083e+00,9.198472746235e+00,7.106340264168e-02
-3.862601044383e+00,5.518450461486e+00,9.235315750931e-02
-3.862368532317e+00,4.075349891377e+00,9.249333053194e-02
-3.862359446716e+00,2.046585062676e+00,9.249244297148e-02
-3.862345811675e+00,7.590437030705e+00,8.824829217292e-02
-3.862333954587e+00,1.112709189150e+00,9.249200687643e-02
-3.862256507470e+00,7.014703908825e+00,8.995793013002e-02
-3.861920329864e+00,5.356223213047e+00,9.249119732043e-02
-3.861784495884e+00,1.434735352435e+00,9.249143830777e-02
-3.861776494556e+00,6.141973937832e+00,9.157974349172e-02
-3.861661395800e+00,2.948258319874e+00,9.249193346281e-02
-3.861660128474e+00,6.434059617104e+00,9.112530532543e-02
-3.861641095443e+00,3.238081866832e+00,9.249203248346e-02
-3.861292926760e+00,2.658434772916e+00,9.249133371550e-02
-3.861270075086e+00,7.387256003340e+00,8.893920900665e-02
-3.861232025690e+00,3.527905413790e+00,9.249163082982e-02
-3.860962316233e+00,5.810326555583e+00,9.202059259384e-02
-3.860829633102e+00,5.156858392446e+00,9.249025947799e-02
-3.860814752672e+00,4.365173438335e+00,9.249145502569e-02
-3.860803071184e+00,1.756761515720e+00,9.249031307173e-02
-3.860769443254e+00,7.796847028341e+00,8.742306404216e-02
-3.860535688322e+00,2.368611225960e+00,9.249023292430e-02
-3.860434186538e+00,3.817728960748e+00,9.249072828946e-02
-3.860289556474e+00,9.556498669001e+00,5.237691286933e-02
-3.860251135035e+00,5.687202172815e+00,9.216748300412e-02
-3.860199568889e+00,7.100690048751e+00,8.974872148344e-02
-3.860132829147e+00,5.936408234229e+00,9.186246655204e-02
-3.859825776211e+00,9.309951602470e+00,6.718525134258e-02
-3.859629578891e+00,8.364553520726e+00,8.408759314553e-02
-3.859500670909e+00,6.354272820310e+00,9.125899667407e-02
-3.859428983258e+00,1.144911805478e+00,9.248827737820e-02
-3.859389680488e+00,2.078787679004e+00,9.248863050662e-02
-3.859367705410e+00,8.244300652657e+00,8.497291152108e-02
-3.859247577990e+00,4.107552507706e+00,9.248932438484e-02
-3.859099577873e+00,8.485650569578e+00,8.306217775052e-02
-3.858857926256e+00,1.466937968764e+00,9.248768020656e-02
-3.858694597228e+00,4.738114947243e+00,9.248850974528e-02
-3.858651330213e+00,4.774896463074e+00,9.248836198612e-02
-3.858626834673e+00,2.980460936202e+00,9.248803675680e-02
-3.858584936016e+00,3.270284483160e+00,9.248810806148e-02
-3.858527512821e+00,4.702058712627e+00,9.248839019541e-02
-3.858392643534e+00,4.812397180477e+00,9.248794389926e-02
-3.858350707539e+00,5.200725657300e+00,9.248697840433e-02
-3.858320307843e+00,8.124906493201e+00,8.574367335658e-02
-3.858291698641e+00,5.402842736122e+00,9.247736232343e-02
-3.858279963932e+00,2.690637389245e+00,9.248746404475e-02
-3.858155182868e+00,4.666733807206e+00,9.248800682216e-02
-3.858154267962e+00,3.560108030118e+00,9.248767799653e-02
-3.858042184065e+00,5.567101653506e+00,9.230428937257e-02
-3.857913506756e+00,4.850610988370e+00,9.248725291759e-02
-3.857854903256e+00,1.788964132049e+00,9.248652561357e-02
-3.857771441722e+00,8.607577230937e+00,8.186134929987e-02
-3.857720600443e+00,6.065380106422e+00,9.169183531469e-02
-3.857672200045e+00,4.397376054664e+00,9.248741837256e-02
-3.857590613132e+00,7.187403803365e+00,8.952589339270e-02
-3.857582750687e+00,4.632146247079e+00,9.248736359468e-02
-3.857544323795e+00,2.400813842289e+00,9.248638962208e-02
-3.857334830511e+00,3.849931577076e+00,9.248674633426e-02
-3.857208927435e+00,4.889531744455e+00,9.248625703212e-02
-3.856890526632e+00,7.476225862325e+00,8.865943997338e-02
-3.856840098875e+00,6.275307706327e+00,9.138615314428e-02
-3.856729948260e+00,7.680898466850e+00,8.791555589513e-02
-3.856524011930e+00,1.177114421807e+00,9.248454297860e-02
-3.856493826108e+00,8.006385529236e+00,8.642026369435e-02
-3.856419914260e+00,2.110990295333e+00,9.248481291958e-02
-3.856313516293e+00,9.803933992345e+00,1.008936149900e-02
-3.856273951315e+00,4.929153275425e+00,9.248493159163e-02
-3.856126623663e+00,4.139755124034e+00,9.248531258119e-02
-3.856063528736e+00,8.842506910198e+00,7.885865153393e-02
-3.855995179799e+00,8.953326175669e+00,7.699327146199e-02
-3.855931356627e+00,1.499140585092e+00,9.248391712873e-02
-3.855685900032e+00,9.421619291675e+00,6.199418997208e-02
-3.855638999856e+00,8.730318896581e+00,8.043298886868e-02
-3.855606988241e+00,5.245248586669e+00,9.248332234592e-02
-3.855592273545e+00,3.012663552531e+00,9.248413469987e-02
-3.855528776589e+00,3.302487099489e+00,9.248417821210e-02
-3.855267001105e+00,2.722840005573e+00,9.248358909738e-02
-3.855103662510e+00,4.969469377189e+00,9.248332053227e-02
-3.855076510235e+00,3.592310646447e+00,9.248371965713e-02
-3.854940142924e+00,9.064355887492e+00,7.471854942077e-02
-3.854906735328e+00,1.821166748377e+00,9.248273310118e-02
-3.854732715640e+00,5.862270483434e+00,9.196195591332e-02
-3.854717954993e+00,5.737819256231e+00,9.211319174080e-02
-3.854552959267e+00,2.433016458617e+00,9.248254111543e-02
-3.854529647418e+00,4.429578670992e+00,9.248337597728e-02
-3.854424308707e+00,7.274834544678e+00,8.928810063403e-02
-3.854379181378e+00,5.450091020454e+00,9.243194369415e-02
-3.854235474484e+00,3.882134193405e+00,9.248275879191e-02
-3.854044970549e+00,9.668570484830e+00,3.997039633521e-02
-3.854033394710e+00,6.737924791892e+00,9.057607598998e-02
-3.853894789401e+00,7.888752206166e+00,8.701990346321e-02
-3.853859353691e+00,6.655100998903e+00,9.073821870320e-02
-3.853693183680e+00,5.010473815090e+00,9.248142296691e-02
-3.853684388748e+00,6.197174544311e+00,9.150733202252e-02
-3.853678075719e+00,6.821519496838e+00,9.040466013538e-02
-3.853619040601e+00,1.209317038136e+00,9.248080366632e-02
-3.853450148032e+00,2.143192911661e+00,9.248099019828e-02
-3.853187150251e+00,5.989647704027e+00,9.179895574563e-02
-3.853185375233e+00,5.616360844699e+00,9.225393442731e-02
-3.853161614503e+00,6.573058567945e+00,9.089181071187e-02
-3.853005669336e+00,4.171957740363e+00,9.248129510696e-02
-3.853004786999e+00,1.531343201421e+00,9.248014906269e-02
-3.852896367216e+00,9.175589039703e+00,7.188425106184e-02
-3.852787799449e+00,6.905874627949e+00,9.022290214373e-02
-3.852593837637e+00,5.290420763634e+00,9.247931148560e-02
-3.852557712418e+00,3.044866168860e+00,9.248022727913e-02
-3.852472617161e+00,3.334689715818e+00,9.248024292215e-02
-3.852254038277e+00,2.755042621902e+00,9.247970886076e-02
-3.852037676191e+00,5.052160324152e+00,9.247917520377e-02
-3.851998752508e+00,3.624513262776e+00,9.247975579815e-02
-3.851958567400e+00,1.853369364706e+00,9.247893552272e-02
-3.851945903413e+00,6.491807912962e+00,9.103750239359e-02
-3.851937393239e+00,7.565879467166e+00,8.835857294686e-02
-3.851561594739e+00,2.465219074946e+00,9.247868739200e-02
-3.851387094791e+00,4.461781287321e+00,9.247932782551e-02
-3.851357033544e+00,6.990979664016e+00,9.003000170470e-02
-3.851136118457e+00,3.914336809734e+00,9.247876564865e-02
-3.850714069273e+00,1.241519654464e+00,9.247705943002e-02
-3.850695389852e+00,7.362971610829e+00,8.903319579888e-02
-3.850551164319e+00,9.533468762668e+00,5.469127539399e-02
-3.850529815894e+00,7.772020927427e+00,8.755483023876e-02
-3.850480381804e+00,2.175395527990e+00,9.247716233061e-02
-3.850218010833e+00,6.411359411436e+00,9.117588065743e-02
-3.850178305566e+00,5.497961531133e+00,9.238516800781e-02
-3.850132340257e+00,5.094522609334e+00,9.247659084697e-02
-3.850078217371e+00,1.563545817749e+00,9.247637599685e-02
-3.850039580196e+00,6.119883565501e+00,9.162293985651e-02
-3.849884715009e+00,4.204160356692e+00,9.247727194808e-02
-3.849861846692e+00,9.287018611377e+00,6.825646636462e-02
-3.849822688305e+00,8.339076500659e+00,8.432339369047e-02
-3.849523151290e+00,3.077068785188e+00,9.247631448162e-02
-3.849473059654e+00,8.218951470832e+00,8.517847054234e-02
-3.849416457734e+00,3.366892332146e+00,9.247630217841e-02
-3.849381035414e+00,8.460046889652e+00,8.333542539223e-02
-3.849380310641e+00,7.076824048866e+00,8.982503603910e-02
-3.849306657952e+00,5.336235742320e+00,9.247497176223e-02
-3.849241075449e+00,2.787245238230e+00,9.247582332223e-02
-3.849010399472e+00,1.885571981034e+00,9.247513286631e-02
-3.848920994780e+00,3.656715879105e+00,9.247578640608e-02
-3.848873161198e+00,5.789023307888e+00,9.205720021576e-02
-3.848570230211e+00,2.497421691274e+00,9.247482843938e-02
-3.848338505360e+00,8.099686325226e+00,8.592392264884e-02
-3.848244542165e+00,4.493983903650e+00,9.247527390287e-02
-3.848182367091e+00,5.914786849295e+00,9.190142371939e-02
-3.848141834851e+00,8.581848072286e+00,8.218170365167e-02
-3.848036762430e+00,3.946539426062e+00,9.247476689068e-02
-3.848026272236e+00,5.666221413359e+00,9.220203585891e-02
-3.847983791031e+00,6.331723404058e+00,9.130728847957e-02
-3.847972415146e+00,5.137554345722e+00,9.247371201943e-02
-3.847809097944e+00,1.273722270793e+00,9.247331025833e-02
-3.847510615576e+00,2.207598144318e+00,9.247332930441e-02
-3.847151647742e+00,1.595748434078e+00,9.247259791956e-02
-3.846852228451e+00,7.163397191807e+00,8.960685931306e-02
-3.846801601731e+00,9.780809383688e+00,1.829627501743e-02
-3.846763760682e+00,4.236362973021e+00,9.247324309044e-02
-3.846488590163e+00,3.109271401517e+00,9.247239629437e-02
-3.846425470813e+00,7.981295547919e+00,8.658017058780e-02
-3.846405612529e+00,7.656206053950e+00,8.803418820374e-02
-3.846398656565e+00,7.451804306568e+00,8.875992459622e-02
-3.846360298307e+00,3.399094948475e+00,9.247235596762e-02
-3.846228112622e+00,2.819447854559e+00,9.247193246907e-02
-3.846098910523e+00,8.704465443065e+00,8.081596080459e-02
-3.846062231543e+00,1.917774597362e+00,9.247132512005e-02
-3.845911775904e+00,6.043444962878e+00,9.173334733018e-02
-3.845843237053e+00,3.688918495433e+00,9.247181146737e-02
-3.845834620315e+00,9.398637566925e+00,6.344992125032e-02
-3.845740891362e+00,5.382687048139e+00,9.247020801901e-02
-3.845694754347e+00,8.930542686222e+00,7.749340609689e-02
-3.845684639138e+00,5.546447705275e+00,9.233698551629e-02
-3.845651431406e+00,8.819774350869e+00,7.927365273507e-02
-3.845578865683e+00,2.529624307603e+00,9.247096424511e-02
-3.845553179400e+00,5.181249178726e+00,9.247046012770e-02
-3.845293750168e+00,4.757190841782e+00,9.247116162672e-02
-3.845285603174e+00,4.720592029051e+00,9.247122033905e-02
-3.845249162010e+00,6.252910194306e+00,9.143241512499e-02
-3.845101989538e+00,4.526186519978e+00,9.247121419493e-02
-3.845087326508e+00,4.794509865722e+00,9.247079748774e-02
-3.845067958467e+00,4.684719503204e+00,9.247101421446e-02
-3.844937406403e+00,3.978742042391e+00,9.247076250413e-02
-3.844904126616e+00,1.305924887121e+00,9.246955613983e-02
-3.844751637852e+00,9.041522015241e+00,7.533275096441e-02
-3.844661297046e+00,4.832542993735e+00,9.247013386468e-02
-3.844645926598e+00,4.649579308233e+00,9.247054689052e-02
-3.844540849348e+00,2.239800760647e+00,9.246949110748e-02
-3.844419701014e+00,9.645492950147e+00,4.366460236902e-02
-3.844225078114e+00,1.627951050406e+00,9.246881481916e-02
-3.844024655543e+00,4.615177456226e+00,9.246982249938e-02
-3.844010664609e+00,4.871284087445e+00,9.246918957263e-02
-3.843767450148e+00,7.250688467900e+00,8.937417910820e-02
-3.843740490664e+00,7.863793581487e+00,8.716274299347e-02
-3.843709522607e+00,5.156250165000e-01,9.246787189913e-02
-3.843709522607e+00,1.562500050003e-02,9.250977752296e-02
-3.843709522607e+00,4.687500150008e-02,9.250475447934e-02
-3.843709522607e+00,7.812500250013e-02,9.250004280075e-02
-3.843709522607e+00,1.093750035002e-01,9.249564497554e-02
-3.843709522607e+00,1.406250045003e-01,9.249156333815e-02
-3.843709522607e+00,1.718750055004e-01,9.248780006547e-02
-3.843709522607e+00,2.031250065004e-01,9.248435717335e-02
-3.843709522607e+00,2.343750075005e-01,9.248123651344e-02
-3.843709522607e+00,2.656250085005e-01,9.247843977023e-02
-3.843709522607e+00,2.968750095005e-01,9.247596845831e-02
-3.843709522607e+00,3.281250105004e-01,9.247382391997e-02
-3.843709522607e+00,3.593750115004e-01,9.247200732296e-02
-3.843709522607e+00,3.906250125003e-01,9.247051965865e-02
-3.843709522607e+00,4.218750135002e-01,9.246936174040e-02
-3.843709522607e+00,4.531250145001e-01,9.246853420218e-02
-3.843709522607e+00,4.843750155000e-01,9.246803749761e-02
-3.843709522607e+00,5.468750175001e-01,9.246787189913e-02
-3.843709522607e+00,5.781250185001e-01,9.246787189913e-02
-3.843709522607e+00,6.093750195002e-01,9.246787189913e-02
-3.843709522607e+00,6.406250205002e-01,9.246787189913e-02
-3.843709522607e+00,6.718750215003e-01,9.246787189913e-02
-3.843709522607e+00,7.031250225004e-01,9.246787189913e-02
-3.843709522607e+00,7.343750235004e-01,9.246787189913e-02
-3.843709522607e+00,7.656250245003e-01,9.246787189913e-02
-3.843709522607e+00,7.968750255003e-01,9.246787189913e-02
-3.843709522607e+00,8.281250265002e-01,9.246787189913e-02
-3.843709522607e+00,8.593750275002e-01,9.246787189913e-02
-3.843709522607e+00,8.906250285002e-01,9.246787189913e-02
-3.843709522607e+00,9.218750295001e-01,9.246787189913e-02
-3.843709522607e+00,9.531250305001e-01,9.246787189913e-02
-3.843709522607e+00,9.843750315000e-01,9.246787189913e-02
-3.843642806356e+00,4.268565589349e+00,9.246920851987e-02
-3.843454029035e+00,3.141474017846e+00,9.246847270437e-02
-3.843304138879e+00,3.431297564804e+00,9.246840427647e-02
-3.843215149794e+00,2.851650470888e+00,9.246803628853e-02
-3.843130470188e+00,4.910726977447e+00,9.246796281525e-02
-3.843114063615e+00,1.949977213691e+00,9.246751227198e-02
-3.842897274223e+00,6.714632641826e+00,9.063628646528e-02
-3.842869950980e+00,5.225600724334e+00,9.246685960423e-02
-3.842820028349e+00,9.152705333171e+00,7.265620127913e-02
-3.842765479326e+00,3.721121111762e+00,9.246783096844e-02
-3.842712536479e+00,5.840807621509e+00,9.199943953674e-02
-3.842645702149e+00,6.631955146495e+00,9.079551624207e-02
-3.842620165374e+00,6.798082180055e+00,9.046803108929e-02
-3.842587501155e+00,2.561826923931e+00,9.246709479671e-02
-3.842560570392e+00,5.716676710522e+00,9.214853368401e-02
-3.842267836092e+00,1.016101340164e+00,9.246600590354e-02
-3.842020105332e+00,6.174930048038e+00,9.155170369239e-02
-3.842015793127e+00,4.950865463528e+00,9.246644915624e-02
-3.841999155288e+00,1.338127503450e+00,9.246579706308e-02
-3.841959436911e+00,4.558389136307e+00,9.246714868721e-02
-3.841892020118e+00,5.429768178052e+00,9.246295660828e-02
-3.841871116254e+00,6.550060140961e+00,9.094641822660e-02
-3.841838050376e+00,4.010944658720e+00,9.246675247512e-02
-3.841808773055e+00,6.882293278542e+00,9.028986315378e-02
-3.841571083120e+00,2.272003376975e+00,9.246564772761e-02
-3.841528974803e+00,7.541321903628e+00,8.846627812366e-02
-3.841307141438e+00,5.967868890748e+00,9.183889302867e-02
-3.841298508486e+00,1.660153666735e+00,9.246502668393e-02
-3.840893790649e+00,5.595542952247e+00,9.228734378237e-02
-3.840812772164e+00,9.510438856336e+00,5.678189974359e-02
-3.840661751299e+00,4.991693314890e+00,9.246455703317e-02
-3.840579248054e+00,6.468958035966e+00,9.108962110971e-02
-3.840521852029e+00,4.300768205678e+00,9.246516822218e-02
-3.840457559618e+00,6.967255419208e+00,9.010073215206e-02
-3.840419467908e+00,3.173676634174e+00,9.246454369854e-02
-3.840290188536e+00,7.747194826512e+00,8.768321745040e-02
-3.840247979452e+00,3.463500181132e+00,9.246444709163e-02
-3.840202186966e+00,2.883853087216e+00,9.246413476783e-02
-3.840165895687e+00,1.982179830019e+00,9.246369431012e-02
-3.840120704619e+00,7.338687218318e+00,8.912515997868e-02
-3.840015797718e+00,8.313599480592e+00,8.455113082402e-02
-3.839918087421e+00,5.270602569349e+00,9.246294944400e-02
-3.839897917174e+00,9.264085620284e+00,6.925534922321e-02
-3.839687721599e+00,3.753323728090e+00,9.246384489564e-02
-3.839662492955e+00,8.434443209726e+00,8.359864931089e-02
-3.839596136628e+00,2.594029540259e+00,9.246322008166e-02
-3.839578413898e+00,8.193602289008e+00,8.537744871032e-02
-3.839384463064e+00,1.048303956493e+00,9.246227023957e-02
-3.839094183959e+00,1.370330119778e+00,9.246203301661e-02
-3.839063501266e+00,5.033204270393e+00,9.246237185990e-02
-3.838816884284e+00,4.590591752636e+00,9.246307736518e-02
-3.838775893191e+00,6.388659205767e+00,9.122560688530e-02
-3.838738694349e+00,4.043147275048e+00,9.246273678972e-02
-3.838601316892e+00,2.304205993303e+00,9.246179915251e-02
-3.838561052393e+00,7.052958048981e+00,8.989988528814e-02
-3.838512227980e+00,8.556118913636e+00,8.248938919250e-02
-3.838371938857e+00,1.692356283063e+00,9.246123350213e-02
-3.838356702877e+00,8.074466157252e+00,8.609878482143e-02
-3.838302665836e+00,6.097793193170e+00,9.166554849568e-02
-3.837755566749e+00,5.477472600781e+00,9.241682764294e-02
-3.837400897702e+00,4.332970822006e+00,9.246112218312e-02
-3.837384906780e+00,3.205879250503e+00,9.246060926379e-02
-3.837289687170e+00,9.757684775031e+00,2.510243979375e-02
-3.837217727759e+00,2.014382446348e+00,9.245987122246e-02
-3.837216238419e+00,5.075392038804e+00,9.245989342584e-02
-3.837191820024e+00,3.495702797461e+00,9.246048439970e-02
-3.837189224138e+00,2.916055703545e+00,9.246022789415e-02
-3.836784006164e+00,5.767720060192e+00,9.209336453061e-02
-3.836692986040e+00,5.316248271594e+00,9.245860244915e-02
-3.836609963872e+00,3.785526344419e+00,9.245985323530e-02
-3.836604772100e+00,2.626232156588e+00,9.245934008740e-02
-3.836558821190e+00,8.678611989550e+00,8.118212819706e-02
-3.836501090035e+00,1.080506572821e+00,9.245852966914e-02
-3.836466911153e+00,6.309173987807e+00,9.135487406754e-02
-3.836357115517e+00,7.956205566602e+00,8.673556684171e-02
-3.836231905034e+00,5.893165464361e+00,9.193983679642e-02
-3.836189212630e+00,1.402532736107e+00,9.245826398890e-02
-3.836113843770e+00,7.139390580248e+00,8.968622016140e-02
-3.836081276797e+00,7.631513641050e+00,8.814994573843e-02
-3.835983340599e+00,9.375655842175e+00,6.479216926272e-02
-3.835906786498e+00,7.427382750810e+00,8.885817034053e-02
-3.835801409437e+00,5.645240653902e+00,9.223618749743e-02
-3.835639338322e+00,4.075349891377e+00,9.245871543395e-02
-3.835631550664e+00,2.336408609632e+00,9.245794536989e-02
-3.835445369229e+00,1.724558899392e+00,9.245743526199e-02
-3.835394328895e+00,8.907759196776e+00,7.796996968652e-02
-3.835239334076e+00,8.797041791541e+00,7.967075084761e-02
-3.835115197189e+00,5.118250298997e+00,9.245703347587e-02
-3.834794431479e+00,9.622415415465e+00,4.691653182890e-02
-3.834563132779e+00,9.018688142990e+00,7.591504864256e-02
-3.834350345652e+00,3.238081866832e+00,9.245666938698e-02
-3.834279943375e+00,4.365173438335e+00,9.245707038839e-02
-3.834269559831e+00,2.046585062676e+00,9.245604299694e-02
-3.834176261311e+00,2.948258319874e+00,9.245631565461e-02
-3.834135660597e+00,3.527905413790e+00,9.245651618727e-02
-3.834102951365e+00,6.021509819335e+00,9.177430926829e-02
-3.833658225145e+00,6.230512682286e+00,9.147801871314e-02
-3.833617717006e+00,1.112709189150e+00,9.245478418097e-02
-3.833613407572e+00,2.658434772916e+00,9.245545480134e-02
-3.833586191928e+00,7.838834956807e+00,8.730176930223e-02
-3.833532206144e+00,3.817728960748e+00,9.245585597370e-02
-3.833327094212e+00,5.525793757045e+00,9.236931735933e-02
-3.833284241302e+00,1.434735352435e+00,9.245448996841e-02
-3.833190084082e+00,5.362531360156e+00,9.245395190003e-02
-3.833110591588e+00,7.226542391123e+00,8.945849465609e-02
-3.832755651261e+00,5.161772700152e+00,9.245384258227e-02
-3.832743689482e+00,9.129821626639e+00,7.338347956280e-02
-3.832661784436e+00,2.368611225960e+00,9.245408636741e-02
-3.832539982295e+00,4.107552507706e+00,9.245468839377e-02
-3.832518799601e+00,1.756761515720e+00,9.245363195170e-02
-3.831936170122e+00,4.739485220490e+00,9.245379223584e-02
-3.831876609121e+00,4.703069110858e+00,9.245381161455e-02
-3.831782009481e+00,4.776622550968e+00,9.245349938800e-02
-3.831761153736e+00,6.691340491759e+00,9.069548762844e-02
-3.831608404114e+00,4.667380293781e+00,9.245356078551e-02
-3.831562255029e+00,6.774644863271e+00,9.053030803570e-02
-3.831432050606e+00,6.608809294087e+00,9.085188076358e-02
-3.831409087337e+00,4.814474999100e+00,9.245293027488e-02
-3.831321391903e+00,2.078787679004e+00,9.245220962147e-02
-3.831315784525e+00,3.270284483160e+00,9.245272405492e-02
-3.831163298483e+00,2.980460936202e+00,9.245239803632e-02
-3.831158989048e+00,4.397376054664e+00,9.245301282366e-02
-3.831136670328e+00,4.632424809260e+00,9.245304349159e-02
-3.831120556368e+00,7.516764340089e+00,8.857149652825e-02
-3.831079501170e+00,3.560108030118e+00,9.245254244086e-02
-3.831074380009e+00,9.487408950003e+00,5.867968541859e-02
-3.830829746661e+00,6.858711929136e+00,9.035559242920e-02
-3.830812401784e+00,4.853036430435e+00,9.245208255047e-02
-3.830734343978e+00,1.144911805478e+00,9.245103376375e-02
-3.830692357319e+00,5.819344759583e+00,9.203646140067e-02
-3.830622043044e+00,2.690637389245e+00,9.245156421082e-02
-3.830580618006e+00,6.527061713977e+00,9.100016162440e-02
-3.830454448417e+00,3.849931577076e+00,9.245185309708e-02
-3.830403185790e+00,5.695534164813e+00,9.218345828495e-02
-3.830379269974e+00,1.466937968764e+00,9.245071094356e-02
-3.830355821916e+00,6.152685551765e+00,9.159546063181e-02
-3.830208907132e+00,8.288122460524e+00,8.477120584709e-02
-3.830132913719e+00,5.205952862000e+00,9.245035126443e-02
-3.830050561176e+00,7.722368725597e+00,8.780826113948e-02
-3.829986989061e+00,4.892300679468e+00,9.245089414124e-02
-3.829943950496e+00,8.408839529800e+00,8.385238328581e-02
-3.829933987655e+00,9.241152629190e+00,7.018896444899e-02
-3.829692018208e+00,2.400813842289e+00,9.245022213269e-02
-3.829683768142e+00,8.168253107183e+00,8.556969562223e-02
-3.829592229972e+00,1.788964132049e+00,9.244982355940e-02
-3.829558085692e+00,6.943531174400e+00,9.017015930828e-02
-3.829546019385e+00,7.314402825806e+00,8.921516638884e-02
-3.829440626268e+00,4.139755124034e+00,9.245065565512e-02
-3.829427132625e+00,5.946090077469e+00,9.187831477135e-02
-3.829404858857e+00,5.409445335651e+00,9.244886712899e-02
-3.829212592695e+00,6.446108158970e+00,9.114093808057e-02
-3.828927923744e+00,4.932261549867e+00,9.244939581234e-02
-3.828882621109e+00,8.530389754985e+00,8.278513109875e-02
-3.828602206065e+00,5.574725059796e+00,9.232037468955e-02
-3.828374900394e+00,8.049245989277e+00,8.626849444098e-02
-3.828373223974e+00,2.110990295333e+00,9.244837108393e-02
-3.828281223397e+00,3.302487099489e+00,9.244877325440e-02
-3.828150335655e+00,3.012663552531e+00,9.244847502632e-02
-3.828038034721e+00,4.429578670992e+00,9.244894947454e-02
-3.828023341742e+00,3.592310646447e+00,9.244856314697e-02
-3.827850970949e+00,1.177114421807e+00,9.244727840612e-02
-3.827777772608e+00,9.734560166375e+00,3.083812343589e-02
-3.827741794145e+00,7.029092049096e+00,8.997331166905e-02
-3.827630678516e+00,2.722840005573e+00,9.244766830319e-02
-3.827630318918e+00,4.972912814691e+00,9.244760667347e-02
-3.827474298645e+00,1.499140585092e+00,9.244692690273e-02
-3.827376690690e+00,3.882134193405e+00,9.244784459163e-02
-3.827333775550e+00,6.365959000099e+00,9.127458228844e-02
-3.827242337206e+00,5.250784375064e+00,9.244642133261e-02
-3.827018731857e+00,8.652758536034e+00,8.153119488440e-02
-3.826722251980e+00,2.433016458617e+00,9.244635265332e-02
-3.826665660344e+00,1.821166748377e+00,9.244601007321e-02
-3.826565751476e+00,6.075702820838e+00,9.170758234015e-02
-3.826341270241e+00,4.171957740363e+00,9.244661720390e-02
-3.826288760221e+00,7.931115585285e+00,8.688663842727e-02
-3.826132060882e+00,9.352674117425e+00,6.603367536414e-02
-3.826089326341e+00,5.014248216633e+00,9.244552605257e-02
-3.825756941065e+00,7.606821228150e+00,8.826293101693e-02
-3.825425056046e+00,2.143192911661e+00,9.244452737215e-02
-3.825414916431e+00,7.402961195052e+00,8.895425123017e-02
-3.825375459089e+00,7.115383968689e+00,8.976402369905e-02
-3.825332827931e+00,5.456983670429e+00,9.244344455869e-02
-3.825246662270e+00,3.334689715818e+00,9.244481697215e-02
-3.825169161944e+00,9.599337880782e+00,4.980104800420e-02
-3.825137372828e+00,3.044866168860e+00,9.244454661164e-02
-3.825093903443e+00,8.884975707329e+00,7.842458104533e-02
-3.824967597920e+00,1.209317038136e+00,9.244351809670e-02
-3.824967182315e+00,3.624513262776e+00,9.244457829204e-02
-3.824950031276e+00,6.286624571555e+00,9.140176982372e-02
-3.824917080394e+00,4.461781287321e+00,9.244488032660e-02
-3.824827236747e+00,8.774309232212e+00,8.005087641016e-02
-3.824694851129e+00,5.746416812497e+00,9.212909448876e-02
-3.824639313988e+00,2.755042621902e+00,9.244376706573e-02
-3.824569327317e+00,1.531343201421e+00,9.244313783429e-02
-3.824374627707e+00,8.995854270739e+00,7.646785347387e-02
-3.824300136581e+00,5.056261468273e+00,9.244304477327e-02
-3.824298932963e+00,3.914336809734e+00,9.244383044350e-02
-3.824281442978e+00,5.871544079427e+00,9.197775341341e-02
-3.824079314128e+00,5.296260800867e+00,9.244218702248e-02
-3.823752485752e+00,2.465219074946e+00,9.244247791684e-02
-3.823739090716e+00,1.853369364706e+00,9.244219148122e-02
-3.823576546637e+00,5.624259894446e+00,9.226994578443e-02
-3.823431893192e+00,7.813876332127e+00,8.743713168646e-02
-3.823241914213e+00,4.204160356692e+00,9.244257302593e-02
-3.822667350615e+00,9.106937920107e+00,7.406983899950e-02
-3.822476888118e+00,2.175395527990e+00,9.244067847394e-02
-3.822453733028e+00,7.202396314346e+00,8.954110122143e-02
-3.822294126826e+00,5.999574675792e+00,9.181473300410e-02
-3.822257979233e+00,5.098946252273e+00,9.244026216299e-02
-3.822212101142e+00,3.366892332146e+00,9.244085519487e-02
-3.822124410000e+00,3.077068785188e+00,9.244061277925e-02
-3.822084224892e+00,1.241519654464e+00,9.243975282406e-02
-3.822067288280e+00,6.208115170265e+00,9.152297888193e-02
-3.821911022887e+00,3.656715879105e+00,9.244058786249e-02
-3.821796126067e+00,4.493983903650e+00,9.244080536536e-02
-3.821664355988e+00,1.563545817749e+00,9.243934372655e-02
-3.821647949460e+00,2.787245238230e+00,9.243986048567e-02
-3.821335987853e+00,9.464379043671e+00,6.041009285878e-02
-3.821221175235e+00,3.946539426062e+00,9.243981063879e-02
-3.820969549285e+00,5.505139808815e+00,9.240129183943e-02
-3.820812521087e+00,1.885571981034e+00,9.243836777146e-02
-3.820782719524e+00,2.497421691274e+00,9.243859791076e-02
-3.820712137932e+00,7.492206776551e+00,8.867431304867e-02
-3.820639276803e+00,5.342375672173e+00,9.243755249511e-02
-3.820625033249e+00,6.668048341692e+00,9.075370556514e-02
-3.820504344683e+00,6.751207546488e+00,9.059151991816e-02
-3.820402016545e+00,8.262645440457e+00,8.498399417279e-02
-3.820225408037e+00,8.383235849875e+00,8.409712430924e-02
-3.820218399064e+00,6.585663441679e+00,9.090733583868e-02
-3.820142558186e+00,4.236362973021e+00,9.243852310703e-02
-3.819970058137e+00,9.218219638097e+00,7.106348585825e-02
-3.819958123122e+00,5.142296221578e+00,9.243717803939e-02
-3.819850720268e+00,6.835130579729e+00,9.042005511235e-02
-3.819810933818e+00,7.697542624682e+00,8.792993039379e-02
-3.819789122386e+00,8.142903925358e+00,8.575581384039e-02
-3.819761015224e+00,9.846866017550e+00,6.608629196323e-06
-3.819528720190e+00,2.207598144318e+00,9.243682437706e-02
-3.819290119757e+00,6.504063286992e+00,9.105306225651e-02
-3.819253014238e+00,8.504660596335e+00,8.306960095716e-02
-3.819200851863e+00,1.273722270793e+00,9.243598257676e-02
-3.819177540015e+00,3.399094948475e+00,9.243688790921e-02
-3.819111447172e+00,3.109271401517e+00,9.243667351608e-02
-3.818971334151e+00,7.290118433295e+00,8.930319564693e-02
-3.818854863460e+00,3.688918495433e+00,9.243659184467e-02
-3.818759384659e+00,1.595748434078e+00,9.243554456779e-02
-3.818691538500e+00,6.130441055492e+00,9.163861654947e-02
-3.818675171740e+00,4.526186519978e+00,9.243672457631e-02
-3.818672178158e+00,5.797881897658e+00,9.207303094431e-02
-3.818658611767e+00,6.919806929592e+00,9.023831965089e-02
-3.818656584933e+00,2.819447854559e+00,9.243594855024e-02
-3.818578590076e+00,4.721779599198e+00,9.243636403112e-02
-3.818476692455e+00,4.758735236213e+00,9.243616307583e-02
-3.818467615068e+00,4.685546192666e+00,9.243629391782e-02
-3.818393097911e+00,8.024025821303e+00,8.643327288215e-02
-3.818265858047e+00,9.711435557718e+00,3.573733282663e-02
-3.818245801189e+00,5.674391619104e+00,9.221797382419e-02
-3.818156877628e+00,4.796407004466e+00,9.243562960687e-02
-3.818148849760e+00,4.650041084358e+00,9.243595614536e-02
-3.818143417508e+00,3.978742042391e+00,9.243578516358e-02
-3.817885951459e+00,1.917774597362e+00,9.243453893196e-02
-3.817845937336e+00,6.423258281974e+00,9.119140476027e-02
-3.817812953296e+00,2.529624307603e+00,9.243471262256e-02
-3.817627414058e+00,4.615270310287e+00,9.243535461568e-02
-3.817614138958e+00,4.834788773425e+00,9.243480680152e-02
-3.817547123812e+00,5.924311264190e+00,9.191716552749e-02
-3.817478642524e+00,8.626905082518e+00,8.186587857439e-02
-3.817395876458e+00,5.186304999665e+00,9.243366492303e-02
-3.817043202159e+00,4.268565589349e+00,9.243446743294e-02
-3.816922535897e+00,7.005226049211e+00,9.004535605422e-02
-3.816917697597e+00,5.389122493250e+00,9.243255128198e-02
-3.816843507934e+00,4.873874381490e+00,9.243369764434e-02
-3.816580552262e+00,2.239800760647e+00,9.243296506923e-02
-3.816317478834e+00,1.305924887121e+00,9.243220734331e-02
-3.816310621482e+00,5.553907167344e+00,9.235303444197e-02
-3.816280781166e+00,9.329692392675e+00,6.718534263346e-02
-3.816220404925e+00,7.906025603968e+00,8.703356140727e-02
-3.816142978887e+00,3.431297564804e+00,9.243291510179e-02
-3.816098484344e+00,3.141474017846e+00,9.243272880904e-02
-3.815891657909e+00,6.343258794431e+00,9.132283438777e-02
-3.815854413331e+00,1.627951050406e+00,9.243174034626e-02
-3.815840054361e+00,4.913657636206e+00,9.243230055856e-02
-3.815798704033e+00,3.721121111762e+00,9.243259022491e-02
-3.815665220405e+00,2.851650470888e+00,9.243203124660e-02
-3.815554217414e+00,4.558389136307e+00,9.243263794488e-02
-3.815543892409e+00,9.576260346099e+00,5.237702114968e-02
-3.815432605334e+00,7.582128815250e+00,8.837324185642e-02
-3.815065659781e+00,4.010944658720e+00,9.243175400389e-02
-3.814959381831e+00,1.949977213691e+00,9.243070495068e-02
-3.814923046364e+00,7.378539639294e+00,8.904823814657e-02
-3.814917690977e+00,1.562500050003e-02,9.247300681444e-02
-3.814917690977e+00,1.093750035002e-01,9.245858259466e-02
-3.814917690977e+00,1.406250045003e-01,9.245441637144e-02
-3.814917690977e+00,1.718750055004e-01,9.245057497226e-02
-3.814917690977e+00,2.031250065004e-01,9.244706048849e-02
-3.814917690977e+00,2.343750075005e-01,9.244387484133e-02
-3.814917690977e+00,2.656250085005e-01,9.244101977866e-02
-3.814917690977e+00,2.968750095005e-01,9.243849687220e-02
-3.814917690977e+00,3.281250105004e-01,9.243630751494e-02
-3.814917690977e+00,3.593750115004e-01,9.243445291884e-02
-3.814917690977e+00,3.906250125003e-01,9.243293411283e-02
-3.814917690977e+00,4.218750135002e-01,9.243175194112e-02
-3.814917690977e+00,4.531250145001e-01,9.243090706176e-02
-3.814917690977e+00,4.843750155000e-01,9.243039994560e-02
-3.814917690977e+00,5.156250165000e-01,9.243023087544e-02
-3.814917690977e+00,5.468750175001e-01,9.243023087544e-02
-3.814917690977e+00,5.781250185001e-01,9.243023087544e-02
-3.814917690977e+00,6.093750195002e-01,9.243023087544e-02
-3.814917690977e+00,6.406250205002e-01,9.243023087544e-02
-3.814917690977e+00,6.718750215003e-01,9.243023087544e-02
-3.814917690977e+00,7.031250225003e-01,9.243023087544e-02
-3.814917690977e+00,7.343750235004e-01,9.243023087544e-02
-3.814917690977e+00,7.656250245003e-01,9.243023087544e-02
-3.814917690977e+00,7.968750255003e-01,9.243023087544e-02
-3.814917690977e+00,8.281250265002e-01,9.243023087544e-02
-3.814917690977e+00,8.593750275002e-01,9.243023087544e-02
-3.814917690977e+00,8.906250285002e-01,9.243023087544e-02
-3.814917690977e+00,9.218750295001e-01,9.243023087544e-02
-3.814917690977e+00,9.531250305001e-01,9.243023087544e-02
-3.814917690977e+00,9.843750315000e-01,9.243023087544e-02
-3.814917690977e+00,4.687500150008e-02,9.246788031724e-02
-3.814917690977e+00,7.812500250013e-02,9.246307138373e-02
-3.814896190398e+00,8.749954671636e+00,8.043365153039e-02
-3.814843187068e+00,2.561826923931e+00,9.243082203968e-02
-3.814828837116e+00,6.053612448507e+00,9.174905396396e-02
-3.814793477991e+00,8.862192217883e+00,7.885871422864e-02
-3.814637074407e+00,7.091377357130e+00,8.984031587464e-02
-3.814598886537e+00,4.954132314491e+00,9.243057574023e-02
-3.814566586990e+00,5.230966180779e+00,9.242984704380e-02
-3.814186122634e+00,8.973020398489e+00,7.699333968790e-02
-3.813943846132e+00,4.300768205678e+00,9.243040598937e-02
-3.813632384334e+00,2.272003376975e+00,9.242910053815e-02
-3.813486803612e+00,1.016101340164e+00,9.242835429805e-02
-3.813434105806e+00,1.338127503450e+00,9.242842711219e-02
-3.813433151398e+00,6.264075155304e+00,9.144799165638e-02
-3.813277594455e+00,7.788917707448e+00,8.756897188981e-02
-3.813115151415e+00,4.995292162873e+00,9.242849737121e-02
-3.813108417760e+00,3.463500181132e+00,9.242893675918e-02
-3.813085521517e+00,3.173676634174e+00,9.242877864498e-02
-3.812949442003e+00,1.660153666735e+00,9.242793105017e-02
-3.812910089114e+00,5.436494740076e+00,9.242716391131e-02
-3.812742544605e+00,3.753323728090e+00,9.242858298949e-02
-3.812673855877e+00,2.883853087216e+00,9.242810856189e-02
-3.812605696094e+00,5.725113564802e+00,9.216439881434e-02
-3.812591011748e+00,9.084054213575e+00,7.471862391714e-02
-3.812433263087e+00,4.590591752636e+00,9.242854545645e-02
-3.812330980922e+00,5.849922694493e+00,9.201519873164e-02
-3.812032812202e+00,1.982179830019e+00,9.242686581557e-02
-3.811987902054e+00,4.043147275048e+00,9.242771714568e-02
-3.811873420840e+00,2.594029540259e+00,9.242692614949e-02
-3.811796874469e+00,7.178250237569e+00,8.962205064073e-02
-3.811597595698e+00,9.441349137338e+00,6.199428976623e-02
-3.811465642215e+00,5.276273330140e+00,9.242565309679e-02
-3.811384034744e+00,5.037130897742e+00,9.242612100414e-02
-3.811351683838e+00,5.603279134989e+00,9.230331839145e-02
-3.810844490105e+00,4.332970822006e+00,9.242633876198e-02
-3.810684216405e+00,2.304205993303e+00,9.242523077146e-02
-3.810625028883e+00,1.048303956493e+00,9.242459744107e-02
-3.810595125959e+00,8.237168420390e+00,8.518984736564e-02
-3.810550732777e+00,1.370330119778e+00,9.242464187184e-02
-3.810506865578e+00,8.357632169949e+00,8.433333567285e-02
-3.810485302286e+00,5.977639532249e+00,9.185461824000e-02
-3.810476351415e+00,6.185717658245e+00,9.156731017711e-02
-3.810362685279e+00,9.823694890426e+00,1.008940271327e-02
-3.810303719496e+00,7.467649213013e+00,8.877480884972e-02
-3.810073856632e+00,3.495702797461e+00,9.242495286791e-02
-3.810072558689e+00,3.205879250503e+00,9.242482301072e-02
-3.810044470674e+00,1.692356283063e+00,9.242411666772e-02
-3.810006128618e+00,9.195286647004e+00,7.188433264776e-02
-3.809894476630e+00,8.117554743533e+00,8.593627631536e-02
-3.809686385178e+00,3.785526344419e+00,9.242457012464e-02
-3.809682491349e+00,2.916055703545e+00,9.242418048318e-02
-3.809623407367e+00,8.478931437684e+00,8.334342156677e-02
-3.809571306458e+00,7.672716523767e+00,8.804861026222e-02
-3.809488912762e+00,6.644756191625e+00,9.081096550865e-02
-3.809446434338e+00,6.727770229704e+00,9.065169471113e-02
-3.809400761277e+00,5.079642205549e+00,9.242343142322e-02
-3.809106242574e+00,2.014382446348e+00,9.242302151453e-02
-3.809004747522e+00,6.562517589271e+00,9.096190428620e-02
-3.808910144327e+00,4.075349891377e+00,9.242367457489e-02
-3.808903654612e+00,2.626232156588e+00,9.242302493938e-02
-3.808871693874e+00,6.811549230322e+00,9.048339281681e-02
-3.808753943486e+00,9.688310949061e+00,3.997050279443e-02
-3.808612004358e+00,5.484485860585e+00,9.242137508306e-02
-3.808411295428e+00,7.998805653329e+00,8.659332923262e-02
-3.808396648917e+00,7.265834040783e+00,8.938926477774e-02
-3.808088469524e+00,5.322219984191e+00,9.242107437122e-02
-3.807999621508e+00,6.481064860008e+00,9.110514080846e-02
-3.807938553191e+00,8.601051629002e+00,8.218703565315e-02
-3.807763254155e+00,1.080506572821e+00,9.242083563835e-02
-3.807759137841e+00,6.896082684784e+00,9.030524835846e-02
-3.807745134078e+00,4.365173438335e+00,9.242226573640e-02
-3.807736048477e+00,2.336408609632e+00,9.242135575680e-02
-3.807667359748e+00,1.402532736107e+00,9.242085161068e-02
-3.807160594983e+00,5.122819743005e+00,9.242033426578e-02
-3.807139499345e+00,1.724558899392e+00,9.242029718703e-02
-3.807059595861e+00,3.238081866832e+00,9.242086189302e-02
-3.807039295504e+00,3.527905413790e+00,9.242096341446e-02
-3.807027255083e+00,6.108196559220e+00,9.168118477050e-02
-3.806691126821e+00,2.948258319874e+00,9.242024699754e-02
-3.806651998997e+00,5.776419035733e+00,9.210915736533e-02
-3.806630225750e+00,3.817728960748e+00,9.242055161656e-02
-3.806479281977e+00,6.400408404979e+00,9.124108161970e-02
-3.806429501450e+00,9.306710667925e+00,6.825655586327e-02
-3.806179672946e+00,2.046585062676e+00,9.241917203541e-02
-3.806152049629e+00,7.880935622651e+00,8.717650258170e-02
-3.806103277648e+00,6.981360049326e+00,9.011605782061e-02
-3.806088416588e+00,5.653249073395e+00,9.225208837648e-02
-3.805933888384e+00,2.658434772916e+00,9.241911839664e-02
-3.805918622874e+00,9.553182811416e+00,5.469138271159e-02
-3.805832386599e+00,4.107552507706e+00,9.241962627742e-02
-3.805667114999e+00,5.902532450910e+00,9.195552490809e-02
-3.805446195030e+00,8.723978109813e+00,8.081775222985e-02
-3.805221010031e+00,4.704073977906e+00,9.241880246797e-02
-3.805171375429e+00,4.740847921459e+00,9.241863880587e-02
-3.805108269602e+00,7.557436402350e+00,8.848097163704e-02
-3.805058621014e+00,4.668023274473e+00,9.241868949982e-02
-3.804904667919e+00,4.778339009831e+00,9.241819547950e-02
-3.804901479426e+00,1.112709189150e+00,9.241706887855e-02
-3.804787880549e+00,2.368611225960e+00,9.241747548173e-02
-3.804783986720e+00,1.434735352435e+00,9.241705631709e-02
-3.804689295406e+00,4.632701874935e+00,9.241830341495e-02
-3.804658839197e+00,5.166657137331e+00,9.241693243012e-02
-3.804645778051e+00,4.397376054664e+00,9.241818689819e-02
-3.804493052539e+00,8.839408728436e+00,7.927371436216e-02
-3.804449540267e+00,6.320558588762e+00,9.137038010069e-02
-3.804431176297e+00,7.354118083537e+00,8.914019899225e-02
-3.804430536336e+00,5.368799650849e+00,9.241615092425e-02
-3.804415876132e+00,4.816541116415e+00,9.241746991843e-02
-3.804234528017e+00,1.756761515720e+00,9.241647259622e-02
-3.804046633034e+00,3.270284483160e+00,9.241689527863e-02
-3.804019036898e+00,5.533089274893e+00,9.238533015646e-02
-3.804004734377e+00,3.560108030118e+00,9.241696838529e-02
-3.803997617562e+00,8.950186526238e+00,7.749347310058e-02
-3.803898689726e+00,7.067370745571e+00,8.991514090825e-02
-3.803700026806e+00,4.855448083511e+00,9.241645428787e-02
-3.803699762293e+00,2.980460936202e+00,9.241630809198e-02
-3.803574066323e+00,3.849931577076e+00,9.241652745140e-02
-3.803253103317e+00,2.078787679004e+00,9.241531736607e-02
-3.803123295719e+00,7.763959082768e+00,8.769742457085e-02
-3.803091922756e+00,6.031522076175e+00,9.178997559610e-02
-3.802964122156e+00,2.690637389245e+00,9.241520650857e-02
-3.802754628872e+00,4.139755124034e+00,9.241557223909e-02
-3.802752184978e+00,4.895053722545e+00,9.241507257158e-02
-3.802514672882e+00,9.061170507043e+00,7.533282406235e-02
-3.802039704697e+00,1.144911805478e+00,9.241329715026e-02
-3.801916271521e+00,6.241525739052e+00,9.149355501315e-02
-3.801900613691e+00,1.466937968764e+00,9.241325597940e-02
-3.801890836775e+00,5.211147986494e+00,9.241316855703e-02
-3.801859203543e+00,9.418319231006e+00,6.345001923902e-02
-3.801839712621e+00,2.400813842289e+00,9.241358993380e-02
-3.801567454156e+00,4.935351814292e+00,9.241339567892e-02
-3.801546422024e+00,4.429578670992e+00,9.241410223288e-02
-3.801329556689e+00,1.788964132049e+00,9.241264288336e-02
-3.801140015909e+00,7.154104160791e+00,8.970139274393e-02
-3.801033670206e+00,3.302487099489e+00,9.241292315424e-02
-3.800970173249e+00,3.592310646447e+00,9.241296776680e-02
-3.800964355335e+00,9.800523763302e+00,1.829634278300e-02
-3.800788323119e+00,8.332028490023e+00,8.456144975212e-02
-3.800788235372e+00,8.211691400322e+00,8.538909499287e-02
-3.800708397765e+00,3.012663552531e+00,9.241236375347e-02
-3.800517906896e+00,3.882134193405e+00,9.241249761526e-02
-3.800516541060e+00,5.703810317107e+00,9.219928601203e-02
-3.800487350297e+00,5.416005809723e+00,9.241078915402e-02
-3.800380518865e+00,5.828301309559e+00,9.205218245478e-02
-3.800326533689e+00,2.110990295333e+00,9.241145749428e-02
-3.800140976490e+00,4.976336109114e+00,9.241142276229e-02
-3.800042199100e+00,9.172353655911e+00,7.265628127630e-02
-3.799999830874e+00,8.092205561708e+00,8.611133324160e-02
-3.799994355928e+00,2.722840005573e+00,9.241128926241e-02
-3.799993800496e+00,8.453202279034e+00,8.360717124137e-02
-3.799895301060e+00,7.443091649474e+00,8.887306157296e-02
-3.799676871145e+00,4.171957740363e+00,9.241151244572e-02
-3.799331679100e+00,7.647890422852e+00,8.816440872131e-02
-3.799242028924e+00,9.665186340405e+00,4.366471125997e-02
-3.799177929968e+00,1.177114421807e+00,9.240952044206e-02
-3.799126821039e+00,5.582298375532e+00,9.233631280246e-02
-3.799017240663e+00,1.499140585092e+00,9.240945058594e-02
-3.798891544693e+00,2.433016458617e+00,9.240969910051e-02
-3.798885414550e+00,6.163320146224e+00,9.161102673175e-02
-3.798851970303e+00,5.256285859414e+00,9.240901293924e-02
-3.798676477747e+00,5.955704388705e+00,9.189393221888e-02
-3.798467932906e+00,5.018000327212e+00,9.240911398727e-02
-3.798447065997e+00,4.461781287321e+00,9.241001172596e-02
-3.798429492945e+00,7.973585485355e+00,8.674886112556e-02
-3.798424585360e+00,1.821166748377e+00,9.240880803649e-02
-3.798398463858e+00,8.575198175486e+00,8.249545678754e-02
-3.798388523993e+00,6.704332912920e+00,9.071085945957e-02
-3.798352792275e+00,6.621464041559e+00,9.086729187383e-02
-3.798020707378e+00,3.334689715818e+00,9.240894550649e-02
-3.797935612122e+00,3.624513262776e+00,9.240896154536e-02
-3.797892667480e+00,6.787967880915e+00,9.054563558008e-02
-3.797821963683e+00,7.241549648272e+00,8.947356825077e-02
-3.797791095980e+00,6.539371736863e+00,9.101560820205e-02
-3.797717033237e+00,3.044866168860e+00,9.240841396894e-02
-3.797461747468e+00,3.914336809734e+00,9.240846209421e-02
-3.797399964061e+00,2.143192911661e+00,9.240759240781e-02
-3.797024589700e+00,2.755042621902e+00,9.240736664537e-02
-3.796859663915e+00,6.872358439975e+00,9.037086926394e-02
-3.796709123260e+00,6.458066433024e+00,9.115637191827e-02
-3.796599113418e+00,4.204160356692e+00,9.240744688306e-02
-3.796578221733e+00,9.283728943175e+00,6.925543695740e-02
-3.796543543321e+00,5.060338158824e+00,9.240643127182e-02
-3.796316155239e+00,1.209317038136e+00,9.240573874248e-02
-3.796293353339e+00,9.530105276734e+00,5.678200577146e-02
-3.796254459431e+00,5.463831912355e+00,9.240508741845e-02
-3.796133867634e+00,1.531343201421e+00,9.240564012497e-02
-3.796083694334e+00,7.855845641334e+00,8.731562008399e-02
-3.795996199662e+00,8.698001547989e+00,8.118480282168e-02
-3.795943376765e+00,2.465219074946e+00,9.240580296933e-02
-3.795537662245e+00,5.302064296208e+00,9.240454422652e-02
-3.795519614032e+00,1.853369364706e+00,9.240496804362e-02
-3.795362971667e+00,6.085952062947e+00,9.172317824934e-02
-3.795347709970e+00,4.493983903650e+00,9.240591536285e-02
-3.795284019400e+00,6.957494049442e+00,9.018545491675e-02
-3.795112626618e+00,6.377558527983e+00,9.129001751391e-02
-3.795007744550e+00,3.366892332146e+00,9.240496232201e-02
-3.794901050994e+00,3.656715879105e+00,9.240494970728e-02
-3.794783933870e+00,7.532743989450e+00,8.858620954814e-02
-3.794725668710e+00,3.077068785188e+00,9.240445872529e-02
-3.794631819836e+00,5.754956173807e+00,9.214484962727e-02
-3.794473394432e+00,2.175395527990e+00,9.240372209437e-02
-3.794405588041e+00,3.946539426062e+00,9.240442087427e-02
-3.794363066844e+00,5.103343264431e+00,9.240344446498e-02
-3.794192627087e+00,8.816625238989e+00,7.967081143872e-02
-3.794054823472e+00,2.787245238230e+00,9.240343864460e-02
-3.793939306230e+00,7.329696527779e+00,8.923019884435e-02
-3.793931031986e+00,5.632106527686e+00,9.228580981679e-02
-3.793809112489e+00,8.927352653987e+00,7.797003550474e-02
-3.793787106186e+00,5.880753637631e+00,9.199340317024e-02
-3.793521355690e+00,4.236362973021e+00,9.240337553680e-02
-3.793454380511e+00,1.241519654464e+00,9.240195204003e-02
-3.793250494605e+00,1.563545817749e+00,9.240182458474e-02
-3.793160305045e+00,7.043364134012e+00,8.998854137095e-02
-3.793007422626e+00,6.297858383094e+00,9.141723584763e-02
-3.792995208836e+00,2.497421691274e+00,9.240190152768e-02
-3.792968996982e+00,7.739000458088e+00,8.782244503551e-02
-3.792614642703e+00,1.885571981034e+00,9.240112289271e-02
-3.792438334015e+00,9.038286800512e+00,7.591512038343e-02
-3.792248353943e+00,4.526186519978e+00,9.240181312894e-02
-3.792120811388e+00,9.395289324673e+00,6.479226541639e-02
-3.791994781723e+00,3.399094948475e+00,9.240097358736e-02
-3.791943375075e+00,5.348476808447e+00,9.239961103480e-02
-3.791921801935e+00,5.147009274997e+00,9.240009924631e-02
-3.791866489867e+00,3.688918495433e+00,9.240093223884e-02
-3.791866058402e+00,4.722960606704e+00,9.240107000039e-02
-3.791863429985e+00,4.686368356614e+00,9.240114124041e-02
-3.791734304182e+00,3.109271401517e+00,9.240049800936e-02
-3.791727452314e+00,5.512271382441e+00,9.239892245856e-02
-3.791652458210e+00,4.760271015196e+00,9.240070982259e-02
-3.791649626961e+00,4.650500356281e+00,9.240093832344e-02
-3.791566025390e+00,9.777352636178e+00,2.510252483190e-02
-3.791546824804e+00,2.207598144318e+00,9.239984654166e-02
-3.791355008396e+00,6.009431703844e+00,9.183033878342e-02
-3.791349428614e+00,3.978742042391e+00,9.240037394141e-02
-3.791229741052e+00,4.615362665512e+00,9.240046491810e-02
-3.791217613306e+00,4.798293459405e+00,9.240001251357e-02
-3.791085057244e+00,2.819447854559e+00,9.239950524723e-02
-3.791069780660e+00,8.306424810097e+00,8.478187052207e-02
-3.790981344786e+00,8.186214380255e+00,8.558149571519e-02
-3.790592605782e+00,1.273722270793e+00,9.239816032317e-02
-3.790556545679e+00,4.837021785532e+00,9.239902491920e-02
-3.790483157349e+00,7.129958084014e+00,8.977917544938e-02
-3.790443597963e+00,4.268565589349e+00,9.239929839263e-02
-3.790399391643e+00,6.218976322800e+00,9.153847489714e-02
-3.790367121577e+00,1.595748434078e+00,9.239800395345e-02
-3.790364193625e+00,8.427473120383e+00,8.386138767067e-02
-3.790105185118e+00,8.066856379883e+00,8.628122052133e-02
-3.790078269581e+00,9.149420664819e+00,7.338355801407e-02
-3.790047040908e+00,2.529624307603e+00,9.239799476297e-02
-3.789730114363e+00,9.642061731748e+00,4.691664182110e-02
-3.789709671375e+00,1.917774597362e+00,9.239727257169e-02
-3.789664315595e+00,4.876449808884e+00,9.239774526078e-02
-3.789486882624e+00,7.418534085936e+00,8.896914552407e-02
-3.789215086560e+00,5.191329792209e+00,9.239636680521e-02
-3.789148997916e+00,4.558389136307e+00,9.239770500958e-02
-3.789092051741e+00,7.623064321938e+00,8.827742873262e-02
-3.788981818895e+00,3.431297564804e+00,9.239697928907e-02
-3.788858374525e+00,8.549344721970e+00,8.279187302543e-02
-3.788831928739e+00,3.721121111762e+00,9.239690912628e-02
-3.788742939654e+00,3.141474017846e+00,9.239653180797e-02
-3.788620255176e+00,2.239800760647e+00,9.239596573731e-02
-3.788536021776e+00,4.916571314092e+00,9.239617218469e-02
-3.788447690462e+00,7.948365317380e+00,8.690005550610e-02
-3.788430056809e+00,5.806679924626e+00,9.208871403648e-02
-3.788427386025e+00,5.682507069411e+00,9.223376437365e-02
-3.788293269186e+00,4.010944658720e+00,9.239632128157e-02
-3.788115291016e+00,2.851650470888e+00,9.239556644035e-02
-3.788064611479e+00,5.395516879371e+00,9.239436591448e-02
-3.787730831053e+00,1.305924887121e+00,9.239436358036e-02
-3.787483748548e+00,1.627951050406e+00,9.239417821927e-02
-3.787365840236e+00,4.300768205678e+00,9.239521543616e-02
-3.787330613648e+00,6.680895596137e+00,9.076904031652e-02
-3.787294477686e+00,6.140922634204e+00,9.165414228032e-02
-3.787247278450e+00,7.217265255761e+00,8.955616019637e-02
-3.787216671788e+00,6.598171891492e+00,9.092270828941e-02
-3.787166801565e+00,4.957380055354e+00,9.239422930567e-02
-3.787098872980e+00,2.561826923931e+00,9.239408266253e-02
-3.786913641086e+00,6.764386531509e+00,9.060681242445e-02
-3.786901958239e+00,5.561317616076e+00,9.236893631926e-02
-3.786867653208e+00,5.933769245162e+00,9.193274443081e-02
-3.786804700046e+00,1.949977213691e+00,9.239341706845e-02
-3.786726942017e+00,9.260747218424e+00,7.018905045245e-02
-3.786668083804e+00,9.507027742051e+00,5.867978993004e-02
-3.786577444437e+00,6.516225884455e+00,9.106846898710e-02
-3.786546204294e+00,8.672024986166e+00,8.153481885346e-02
-3.786238298391e+00,5.236298388687e+00,9.239232538641e-02
-3.786125859347e+00,1.562500050003e-02,9.243575952068e-02
-3.786125859347e+00,7.812500250013e-02,9.242561740818e-02
-3.786125859347e+00,1.093750035002e-01,9.242103493816e-02
-3.786125859347e+00,1.406250045003e-01,9.241678159695e-02
-3.786125859347e+00,1.718750055004e-01,9.241285972775e-02
-3.786125859347e+00,2.031250065004e-01,9.240927150084e-02
-3.786125859347e+00,2.343750075005e-01,9.240601891010e-02
-3.786125859347e+00,2.656250085005e-01,9.240310376968e-02
-3.786125859347e+00,2.968750095005e-01,9.240052771103e-02
-3.786125859347e+00,3.281250105004e-01,9.239829218015e-02
-3.786125859347e+00,3.593750115004e-01,9.239639843522e-02
-3.786125859347e+00,3.906250125003e-01,9.239484754445e-02
-3.786125859347e+00,4.218750135002e-01,9.239364038432e-02
-3.786125859347e+00,4.531250145001e-01,9.239277763806e-02
-3.786125859347e+00,4.843750155000e-01,9.239225979453e-02
-3.786125859347e+00,5.156250165000e-01,9.239208714738e-02
-3.786125859347e+00,5.781250185001e-01,9.239208714738e-02
-3.786125859347e+00,6.093750195002e-01,9.239208714738e-02
-3.786125859347e+00,6.406250205002e-01,9.239208714738e-02
-3.786125859347e+00,6.718750215003e-01,9.239208714738e-02
-3.786125859347e+00,7.031250225003e-01,9.239208714738e-02
-3.786125859347e+00,7.343750235004e-01,9.239208714738e-02
-3.786125859347e+00,7.656250245003e-01,9.239208714738e-02
-3.786125859347e+00,7.968750255002e-01,9.239208714738e-02
-3.786125859347e+00,8.281250265002e-01,9.239208714738e-02
-3.786125859347e+00,8.593750275002e-01,9.239208714738e-02
-3.786125859347e+00,8.906250285002e-01,9.239208714738e-02
-3.786125859347e+00,9.218750295001e-01,9.239208714738e-02
-3.786125859347e+00,9.531250305001e-01,9.239208714738e-02
-3.786125859347e+00,9.843750315000e-01,9.239208714738e-02
-3.786125859347e+00,4.687500150008e-02,9.243052649478e-02
-3.786125859347e+00,5.468750175001e-01,9.239208714738e-02
-3.786049641889e+00,4.590591752636e+00,9.239359099006e-02
-3.786015339038e+00,7.830755660017e+00,8.745106393216e-02
-3.785968856067e+00,3.463500181132e+00,9.239297941363e-02
-3.785960189990e+00,6.848634195167e+00,9.043529949535e-02
-3.785797367612e+00,3.753323728090e+00,9.239288035579e-02
-3.785751575126e+00,3.173676634174e+00,9.239256010790e-02
-3.785693685547e+00,2.272003376975e+00,9.239207966894e-02
-3.785551831068e+00,4.998869756681e+00,9.239195879838e-02
-3.785418625011e+00,6.435068006040e+00,9.120676871136e-02
-3.785237109759e+00,4.043147275048e+00,9.239226288064e-02
-3.785145524788e+00,2.883853087216e+00,9.239162221101e-02
-3.784869056324e+00,1.338127503450e+00,9.239056179998e-02
-3.784705771132e+00,1.016101340164e+00,9.239019978919e-02
-3.784600375519e+00,1.660153666735e+00,9.239034737033e-02
-3.784464761152e+00,6.933628049557e+00,9.025358392614e-02
-3.784459598139e+00,7.508051576549e+00,8.868904081843e-02
-3.784288082509e+00,4.332970822006e+00,9.239112665296e-02
-3.784150705052e+00,2.594029540259e+00,9.239016521369e-02
-3.783899728718e+00,1.982179830019e+00,9.238955637087e-02
-3.783896914504e+00,5.443177964124e+00,9.238865450166e-02
-3.783892201635e+00,8.793841749542e+00,8.005093599803e-02
-3.783745971259e+00,6.354708650987e+00,9.133822991380e-02
-3.783698688251e+00,6.063707566674e+00,9.176460958228e-02
-3.783686325364e+00,5.041034112100e+00,9.238938532532e-02
-3.783620607417e+00,8.904518781736e+00,7.842464571366e-02
-3.783447436163e+00,7.305274972021e+00,8.931814369295e-02
-3.782986854965e+00,5.281908608225e+00,9.238783925339e-02
-3.782955893240e+00,3.495702797461e+00,9.238897394747e-02
-3.782814698246e+00,7.714041833408e+00,8.794416755629e-02
-3.782767115919e+00,2.304205993303e+00,9.238818832412e-02
-3.782762806484e+00,3.785526344419e+00,9.238884591352e-02
-3.782760210598e+00,3.205879250503e+00,9.238858289586e-02
-3.782611640675e+00,5.733493311882e+00,9.218011646663e-02
-3.782421920364e+00,7.019357522453e+00,9.006055826006e-02
-3.782382419233e+00,9.372259418341e+00,6.603376967477e-02
-3.782361995148e+00,9.015403093980e+00,7.646792389814e-02
-3.782180950331e+00,4.075349891377e+00,9.238819872445e-02
-3.782175758560e+00,2.916055703545e+00,9.238767254622e-02
-3.782167695446e+00,9.754181509054e+00,3.083821968668e-02
-3.782007281595e+00,1.370330119778e+00,9.238675497040e-02
-3.781907097373e+00,5.858974824352e+00,9.203081029150e-02
-3.781865594703e+00,1.048303956493e+00,9.238642134085e-02
-3.781773647385e+00,5.610963981977e+00,9.231914582626e-02
-3.781717002491e+00,1.692356283063e+00,9.238651139475e-02
-3.781565538706e+00,5.083866785857e+00,9.238644635302e-02
-3.781565304985e+00,6.275158177426e+00,9.146341756966e-02
-3.781351238201e+00,8.280821130171e+00,8.499497583371e-02
-3.781210324782e+00,4.365173438335e+00,9.238703202857e-02
-3.781202537124e+00,2.626232156588e+00,9.238624240372e-02
-3.781174454199e+00,8.160737360188e+00,8.576784383868e-02
-3.780994757389e+00,2.014382446348e+00,9.238569046675e-02
-3.780734586754e+00,8.401743961733e+00,8.410657139137e-02
-3.780218199802e+00,9.618937123092e+00,4.980115815811e-02
-3.780210539362e+00,8.041507198058e+00,8.644616075970e-02
-3.780114340063e+00,9.126487673726e+00,7.406991594803e-02
-3.779942930412e+00,3.527905413790e+00,9.238496287701e-02
-3.779840546291e+00,2.336408609632e+00,9.238429169038e-02
-3.779826298789e+00,7.105812007236e+00,8.985544485349e-02
-3.779768846070e+00,3.238081866832e+00,9.238460015856e-02
-3.779728245356e+00,3.817728960748e+00,9.238480578558e-02
-3.779618094036e+00,5.987341331512e+00,9.187012668563e-02
-3.779456213815e+00,5.328153966046e+00,9.238302237901e-02
-3.779435867730e+00,5.491453489990e+00,9.238260770491e-02
-3.779318285192e+00,8.523491268454e+00,8.307696124032e-02
-3.779205992331e+00,2.948258319874e+00,9.238371743293e-02
-3.779184764674e+00,5.127361412662e+00,9.238313656045e-02
-3.779145506867e+00,1.402532736107e+00,9.238294307998e-02
-3.779124790904e+00,4.107552507706e+00,9.238412879881e-02
-3.779078464188e+00,7.393976522397e+00,8.906313184852e-02
-3.779025418274e+00,1.080506572821e+00,9.238263790703e-02
-3.778882511766e+00,6.196426906548e+00,9.158276588241e-02
-3.778852424381e+00,7.598238221023e+00,8.838776852748e-02
-3.778833629462e+00,1.724558899392e+00,9.238267028058e-02
-3.778560741376e+00,4.705073291950e+00,9.238335338245e-02
-3.778505849939e+00,4.668662735322e+00,9.238338376222e-02
-3.778465887979e+00,7.923145149406e+00,8.704708933775e-02
-3.778400248501e+00,4.742203020561e+00,9.238303991105e-02
-3.778254369196e+00,2.658434772916e+00,9.238231421985e-02
-3.778240632907e+00,4.632977438089e+00,9.238313433146e-02
-3.778132567054e+00,4.397376054664e+00,9.238293154845e-02
-3.778089786061e+00,2.046585062676e+00,9.238181934389e-02
-3.778019350481e+00,4.780045802395e+00,9.238244054462e-02
-3.777413064552e+00,4.818595487554e+00,9.238155294179e-02
-3.777096208926e+00,8.646048424342e+00,8.187037133352e-02
-3.777042814269e+00,9.483950207368e+00,6.041019570047e-02
-3.776929967584e+00,3.560108030118e+00,9.238094618861e-02
-3.776913976663e+00,2.368611225960e+00,9.238038975523e-02
-3.776875662300e+00,9.237765493674e+00,7.106357016890e-02
-3.776777481542e+00,3.270284483160e+00,9.238061188264e-02
-3.776693684229e+00,3.849931577076e+00,9.238075995802e-02
-3.776672593216e+00,7.192980863249e+00,8.963709262652e-02
-3.776576446212e+00,4.857845895223e+00,9.238034272473e-02
-3.776539336344e+00,5.171511597924e+00,9.237951762399e-02
-3.776479594752e+00,5.785058539692e+00,9.212480268801e-02
-3.776338230991e+00,5.661203821716e+00,9.226784198453e-02
-3.776283732138e+00,1.434735352435e+00,9.237912611699e-02
-3.776272703303e+00,6.657458279353e+00,9.082626257898e-02
-3.776236226103e+00,2.980460936202e+00,9.237975685809e-02
-3.776185241845e+00,1.112709189150e+00,9.237884947629e-02
-3.776080551301e+00,6.574879741425e+00,9.097723762887e-02
-3.776068631476e+00,4.139755124034e+00,9.238005308948e-02
-3.775950256433e+00,1.756761515720e+00,9.237882401585e-02
-3.775946983742e+00,7.805665678700e+00,8.758297653894e-02
-3.775934614692e+00,6.740805182102e+00,9.066695139881e-02
-3.775703540821e+00,6.118525122183e+00,9.169667017234e-02
-3.775641872662e+00,5.375027949019e+00,9.237778604658e-02
-3.775504589395e+00,4.897790813893e+00,9.237878204892e-02
-3.775363792895e+00,6.493080032047e+00,9.112048932560e-02
-3.775306201267e+00,2.690637389245e+00,9.237838064929e-02
-3.775184814732e+00,2.078787679004e+00,9.237794299003e-02
-3.775060716064e+00,6.824909950359e+00,9.049860375688e-02
-3.775058828669e+00,5.911834101619e+00,9.197106541397e-02
-3.775054809327e+00,4.429578670992e+00,9.237882519805e-02
-3.774677095440e+00,5.540336856619e+00,9.237607538164e-02
-3.774192626639e+00,4.938424001594e+00,9.237692073715e-02
-3.774135262407e+00,7.483359163649e+00,8.878954693140e-02
-3.774128126763e+00,6.412069579056e+00,9.125640627863e-02
-3.774062323654e+00,8.769400764369e+00,8.043431011533e-02
-3.773987407034e+00,2.400813842289e+00,9.237648250613e-02
-3.773917004757e+00,3.592310646447e+00,9.237692386858e-02
-3.773786117015e+00,3.302487099489e+00,9.237661805471e-02
-3.773659123101e+00,3.882134193405e+00,9.237670841687e-02
-3.773645502904e+00,6.909762049672e+00,9.032044022084e-02
-3.773624626479e+00,5.216310917961e+00,9.237547300361e-02
-3.773604351049e+00,9.866457508196e+00,6.608629220469e-06
-3.773432102345e+00,8.881684909485e+00,7.885877778151e-02
-3.773421957409e+00,1.466937968764e+00,9.237530406971e-02
-3.773345065416e+00,1.144911805478e+00,9.237505603717e-02
-3.773266459875e+00,3.012663552531e+00,9.237579080858e-02
-3.773066883405e+00,1.788964132049e+00,9.237497258856e-02
-3.773012472049e+00,4.171957740363e+00,9.237597158216e-02
-3.772955566096e+00,7.280853416263e+00,8.940420288203e-02
-3.772769365501e+00,9.731010381930e+00,3.573743623221e-02
-3.772660399510e+00,7.689083208729e+00,8.806289366481e-02
-3.772644027077e+00,9.349229512008e+00,6.718543510899e-02
-3.772635729231e+00,4.979739186150e+00,9.237475816440e-02
-3.772379315900e+00,6.331858773991e+00,9.138573577280e-02
-3.772358033339e+00,2.722840005573e+00,9.237444167920e-02
-3.772285656281e+00,8.992519387448e+00,7.699340883506e-02
-3.772279843404e+00,2.110990295333e+00,9.237406139290e-02
-3.772034404835e+00,6.041463070401e+00,9.180546558670e-02
-3.771977051600e+00,4.461781287321e+00,9.237471296277e-02
-3.771683535683e+00,6.995350910894e+00,9.013123107033e-02
-3.771632695742e+00,8.255217450245e+00,8.520111947702e-02
-3.771539369577e+00,5.422524015894e+00,9.237217172607e-02
-3.771367563613e+00,8.135260340120e+00,8.594851651314e-02
-3.771104979883e+00,8.376014803082e+00,8.434318891255e-02
-3.771060837406e+00,2.433016458617e+00,9.237256993048e-02
-3.770904041929e+00,3.624513262776e+00,9.237289590320e-02
-3.770829107408e+00,5.021730065375e+00,9.237221196061e-02
-3.770794752487e+00,3.334689715818e+00,9.237261866133e-02
-3.770706285240e+00,9.595812514435e+00,5.237713079965e-02
-3.770624561974e+00,3.914336809734e+00,9.237265114811e-02
-3.770591461514e+00,5.712030449957e+00,9.221496639974e-02
-3.770560182680e+00,1.499140585092e+00,9.237147692637e-02
-3.770504888987e+00,1.177114421807e+00,9.237125757815e-02
-3.770436047686e+00,5.261752920242e+00,9.237108530436e-02
-3.770315893606e+00,8.016158016233e+00,8.660636417913e-02
-3.770296693647e+00,3.044866168860e+00,9.237181927125e-02
-3.770183510376e+00,1.821166748377e+00,9.237111598667e-02
-3.770150410544e+00,9.103554682633e+00,7.471869940600e-02
-3.770123187344e+00,6.252457971757e+00,9.150894074548e-02
-3.770027088561e+00,5.837196011073e+00,9.206775599051e-02
-3.769956312622e+00,4.204160356692e+00,9.237188426252e-02
-3.769778195859e+00,8.497637814938e+00,8.335134899949e-02
-3.769616262784e+00,5.589821436268e+00,9.235210389784e-02
-3.769409865411e+00,2.755042621902e+00,9.237049729669e-02
-3.769374872075e+00,2.143192911661e+00,9.237017454016e-02
-3.769169440230e+00,7.081665930459e+00,8.993024531553e-02
-3.768899293872e+00,4.493983903650e+00,9.237059482794e-02
-3.768768010567e+00,5.064390307283e+00,9.236932364097e-02
-3.768670045752e+00,7.369418958859e+00,8.915508869629e-02
-3.768612797023e+00,7.573412120108e+00,8.849552187273e-02
-3.768484085496e+00,7.897924981432e+00,8.719013025413e-02
-3.768134267778e+00,2.465219074946e+00,9.236865201569e-02
-3.767891079101e+00,3.656715879105e+00,9.236886227871e-02
-3.767881179676e+00,5.965250959181e+00,9.190940210532e-02
-3.767803387959e+00,3.366892332146e+00,9.236861368904e-02
-3.767698407951e+00,1.531343201421e+00,9.236764467517e-02
-3.767664712558e+00,1.209317038136e+00,9.236745408771e-02
-3.767646213558e+00,8.620071862519e+00,8.219232391804e-02
-3.767590000846e+00,3.946539426062e+00,9.236858813766e-02
-3.767417544734e+00,9.460872672686e+00,6.199439083880e-02
-3.767365631888e+00,6.173877490297e+00,9.162644212878e-02
-3.767326927419e+00,3.077068785188e+00,9.236784223290e-02
-3.767300137347e+00,1.853369364706e+00,9.236725419810e-02
-3.767144283146e+00,5.470635597538e+00,9.236613609063e-02
-3.767024382584e+00,9.214783768924e+00,7.188441530631e-02
-3.766969052554e+00,5.307831123645e+00,9.236631505644e-02
-3.766900153194e+00,4.236362973021e+00,9.236779111618e-02
-3.766469900747e+00,2.175395527990e+00,9.236628241946e-02
-3.766461697483e+00,2.787245238230e+00,9.236654748885e-02
-3.766447727413e+00,5.107713550328e+00,9.236612650702e-02
-3.766097907982e+00,7.168696470738e+00,8.971641553624e-02
-3.765878628446e+00,7.780575697383e+00,8.771149318417e-02
-3.765821536145e+00,4.526186519978e+00,9.236647077886e-02
-3.765255424350e+00,4.687185977195e+00,9.236554677110e-02
-3.765214792957e+00,6.634020962570e+00,9.088255072204e-02
-3.765207698149e+00,2.497421691274e+00,9.236472874910e-02
-3.765148269894e+00,4.650957114030e+00,9.236548418392e-02
-3.765148038792e+00,4.724135025926e+00,9.236532866482e-02
-3.764955588299e+00,6.717223832695e+00,9.072607961841e-02
-3.764944430814e+00,6.551587591359e+00,9.103090203982e-02
-3.764878116273e+00,3.688918495433e+00,9.236482298129e-02
-3.764836633222e+00,1.563545817749e+00,9.236380730427e-02
-3.764831638854e+00,4.615454519896e+00,9.236514433531e-02
-3.764824536129e+00,1.241519654464e+00,9.236364555426e-02
-3.764821087655e+00,4.761798145385e+00,9.236479816902e-02
-3.764812023431e+00,3.399094948475e+00,9.236460312432e-02
-3.764702993143e+00,8.743302283469e+00,8.081953018641e-02
-3.764555439719e+00,3.978742042391e+00,9.236451937141e-02
-3.764529132696e+00,5.763437154758e+00,9.216045738572e-02
-3.764416764319e+00,1.885571981034e+00,9.236338721073e-02
-3.764357161191e+00,3.109271401517e+00,9.236385968031e-02
-3.764319832648e+00,9.843240419229e+00,1.008944443614e-02
-3.764269583424e+00,4.800169189575e+00,9.236393625458e-02
-3.764249075956e+00,5.639900574021e+00,9.230152672958e-02
-3.764161242138e+00,6.801185705551e+00,9.056081216832e-02
-3.764150141353e+00,6.469934179639e+00,9.117162517463e-02
-3.764112603956e+00,6.096127610163e+00,9.173862338535e-02
-3.763863586129e+00,5.151693403639e+00,9.236251220763e-02
-3.763843993767e+00,4.268565589349e+00,9.236369212871e-02
-3.763810926675e+00,7.458666750749e+00,8.888780582678e-02
-3.763564929418e+00,2.207598144318e+00,9.236238501839e-02
-3.763513529555e+00,2.819447854559e+00,9.236259224272e-02
-3.763488576828e+00,4.839241981562e+00,9.236277808545e-02
-3.763371035557e+00,9.707839254806e+00,3.997061058354e-02
-3.763250004129e+00,5.889898958076e+00,9.200890542961e-02
-3.763243597272e+00,8.858851037235e+00,7.927377683279e-02
-3.763219133845e+00,5.354539018666e+00,9.236113502983e-02
-3.762905634922e+00,9.326199605676e+00,6.825664652332e-02
-3.762837628514e+00,6.389071152071e+00,9.130530266740e-02
-3.762826244656e+00,6.885896049788e+00,9.038599600196e-02
-3.762743778418e+00,4.558389136307e+00,9.236234080078e-02
-3.762506100774e+00,7.664124584049e+00,8.817873180967e-02
-3.762473157014e+00,4.879010313693e+00,9.236132211032e-02
-3.762463696029e+00,7.256431860505e+00,8.948849372669e-02
-3.762452232641e+00,5.519356097163e+00,9.235970435239e-02
-3.762281128521e+00,2.529624307603e+00,9.236080011801e-02
-3.762209317414e+00,8.969635680916e+00,7.749354100901e-02
-3.761984359700e+00,1.273722270793e+00,9.235983196620e-02
-3.761974858494e+00,1.595748434078e+00,9.235996480180e-02
-3.761914153283e+00,8.229613770319e+00,8.540063305316e-02
-3.761865153446e+00,3.721121111762e+00,9.236077799709e-02
-3.761820658903e+00,3.431297564804e+00,9.236058695360e-02
-3.761560673026e+00,8.109783320053e+00,8.612376537608e-02
-3.761533391290e+00,1.917774597362e+00,9.235951501243e-02
-3.761520878591e+00,4.010944658720e+00,9.236044483522e-02
-3.761475373012e+00,8.350285644432e+00,8.457167553431e-02
-3.761387394963e+00,3.141474017846e+00,9.235987160020e-02
-3.761218451714e+00,4.919467947835e+00,9.235955983439e-02
-3.761194370679e+00,9.572687905778e+00,5.469149138662e-02
-3.761012660541e+00,6.309008896995e+00,9.143255154541e-02
-3.761010954567e+00,5.196323447234e+00,9.235855407204e-02
-3.760945151002e+00,6.971344299335e+00,9.020059786129e-02
-3.760787834340e+00,4.300768205678e+00,9.235958728565e-02
-3.760659958090e+00,2.239800760647e+00,9.235848232454e-02
-3.760565361627e+00,2.851650470888e+00,9.235863154531e-02
-3.760421247850e+00,7.990808834408e+00,8.676202946014e-02
-3.760370121419e+00,6.019218574128e+00,9.184573843241e-02
-3.760238106526e+00,8.471784361422e+00,8.361561892411e-02
-3.760186481026e+00,9.080621691540e+00,7.533289813415e-02
-3.759719627393e+00,4.960608615619e+00,9.235739913204e-02
-3.759666020691e+00,4.590591752636e+00,9.235820487890e-02
-3.759354558892e+00,2.561826923931e+00,9.235686610970e-02
-3.759181824651e+00,5.401870067664e+00,9.235558823088e-02
-3.759144183271e+00,1.305924887121e+00,9.235601331189e-02
-3.759113083765e+00,1.627951050406e+00,9.235611715584e-02
-3.758852190618e+00,3.753323728090e+00,9.235672731223e-02
-3.758829294375e+00,3.463500181132e+00,9.235656516330e-02
-3.758681069702e+00,6.229757766089e+00,9.155382040757e-02
-3.758650018261e+00,1.949977213691e+00,9.235563759100e-02
-3.758571282353e+00,5.690567588031e+00,9.224940772939e-02
-3.758512581670e+00,7.057519853682e+00,9.000361953767e-02
-3.758502283014e+00,7.872704813457e+00,8.732933716081e-02
-3.758486317464e+00,4.043147275048e+00,9.235636451487e-02
-3.758417628735e+00,3.173676634174e+00,9.235587797926e-02
-3.758373169663e+00,7.548586019193e+00,8.860077831896e-02
-3.758261627317e+00,7.344861395321e+00,8.924506855053e-02
-3.758196218190e+00,8.594095300695e+00,8.250147379464e-02
-3.758147079748e+00,5.815417197794e+00,9.210424973500e-02
-3.757971889452e+00,5.002426018651e+00,9.235493040681e-02
-3.757885240407e+00,5.241597232259e+00,9.235424012102e-02
-3.757792275199e+00,9.437795138003e+00,6.345011848300e-02
-3.757754986761e+00,2.272003376975e+00,9.235457432541e-02
-3.757731674912e+00,4.332970822006e+00,9.235547657247e-02
-3.757617193698e+00,2.883853087216e+00,9.235466538358e-02
-3.757458878183e+00,5.568678890559e+00,9.235282230568e-02
-3.757334027717e+00,4.531250145001e-01,9.235413413832e-02
-3.757334027717e+00,5.781250185001e-01,9.235342890616e-02
-3.757334027717e+00,1.562500050003e-02,9.239802481498e-02
-3.757334027717e+00,4.687500150008e-02,9.239268207098e-02
-3.757334027717e+00,7.812500250013e-02,9.238766982507e-02
-3.757334027717e+00,1.093750035002e-01,9.238299085540e-02
-3.757334027717e+00,1.406250045003e-01,9.237864776915e-02
-3.757334027717e+00,1.718750055004e-01,9.237464299834e-02
-3.757334027717e+00,2.031250065004e-01,9.237097879576e-02
-3.757334027717e+00,2.343750075005e-01,9.236765723127e-02
-3.757334027717e+00,2.656250085005e-01,9.236468018834e-02
-3.757334027717e+00,2.968750095005e-01,9.236204936086e-02
-3.757334027717e+00,3.281250105004e-01,9.235976625029e-02
-3.757334027717e+00,4.843750155000e-01,9.235360523963e-02
-3.757334027717e+00,5.156250165000e-01,9.235342890616e-02
-3.757334027717e+00,5.468750175001e-01,9.235342890616e-02
-3.757334027717e+00,6.093750195002e-01,9.235342890616e-02
-3.757334027717e+00,7.343750235004e-01,9.235342890616e-02
-3.757334027717e+00,7.656250245003e-01,9.235342890616e-02
-3.757334027717e+00,8.281250265002e-01,9.235342890616e-02
-3.757334027717e+00,8.593750275002e-01,9.235342890616e-02
-3.757334027717e+00,8.906250285002e-01,9.235342890616e-02
-3.757334027717e+00,9.218750295001e-01,9.235342890616e-02
-3.757334027717e+00,9.531250305001e-01,9.235342890616e-02
-3.757334027717e+00,9.843750315000e-01,9.235342890616e-02
-3.757334027717e+00,3.593750115004e-01,9.235783216314e-02
-3.757334027717e+00,3.906250125003e-01,9.235624820872e-02
-3.757334027717e+00,4.218750135002e-01,9.235501529726e-02
-3.757334027717e+00,6.406250205002e-01,9.235342890616e-02
-3.757334027717e+00,6.718750215003e-01,9.235342890616e-02
-3.757334027717e+00,7.031250225003e-01,9.235342890616e-02
-3.757334027717e+00,7.968750255002e-01,9.235342890616e-02
-3.757173102867e+00,9.191802044174e+00,7.265636232521e-02
-3.756427989264e+00,2.594029540259e+00,9.235292671140e-02
-3.756304006842e+00,1.338127503450e+00,9.235218957965e-02
-3.756251309036e+00,1.660153666735e+00,9.235226435445e-02
-3.756144265316e+00,5.943160586850e+00,9.194817588461e-02
-3.755970482428e+00,5.044913828710e+00,9.235215372836e-02
-3.755924738652e+00,1.016101340164e+00,9.235153056425e-02
-3.755848752010e+00,6.151328074045e+00,9.166951739608e-02
-3.755839227790e+00,3.785526344419e+00,9.235267091275e-02
-3.755837929847e+00,3.495702797461e+00,9.235253773976e-02
-3.755810273150e+00,7.755485716066e+00,8.783649299049e-02
-3.755766645233e+00,1.982179830019e+00,9.235175493423e-02
-3.755523222748e+00,7.144412078226e+00,8.979417699918e-02
-3.755451756336e+00,4.075349891377e+00,9.235227839612e-02
-3.755447862507e+00,3.205879250503e+00,9.235187880414e-02
-3.755343662632e+00,8.717203802569e+00,8.118745636087e-02
-3.755035314246e+00,9.820023330262e+00,1.829641138478e-02
-3.754852698562e+00,5.449817705087e+00,9.234959449523e-02
-3.754850015433e+00,2.304205993303e+00,9.235066100852e-02
-3.754675515485e+00,4.365173438335e+00,9.235135997461e-02
-3.754669025770e+00,2.916055703545e+00,9.235069374444e-02
-3.754481891294e+00,5.287508281243e+00,9.234949572948e-02
-3.754156882612e+00,6.610583645786e+00,9.093792843143e-02
-3.753976561905e+00,6.693642483288e+00,9.078422330279e-02
-3.753972705612e+00,9.684668127682e+00,4.366482151115e-02
-3.753808310327e+00,6.528295441292e+00,9.108372297202e-02
-3.753710690152e+00,5.088065687993e+00,9.234895758486e-02
-3.753501419636e+00,2.626232156588e+00,9.234898191029e-02
-3.753486590944e+00,7.433974337849e+00,8.898389208944e-02
-3.753463830414e+00,1.370330119778e+00,9.234836075778e-02
-3.753389534307e+00,1.692356283063e+00,9.234840638567e-02
-3.753261768212e+00,6.777461460742e+00,9.062195382966e-02
-3.753167242767e+00,9.303169699343e+00,6.925552583007e-02
-3.753106160523e+00,1.048303956493e+00,9.234773011835e-02
-3.753055092199e+00,8.836017164984e+00,7.967087285919e-02
-3.752936489810e+00,6.446788327231e+00,9.122198291281e-02
-3.752883272204e+00,2.014382446348e+00,9.234786702985e-02
-3.752846565319e+00,3.527905413790e+00,9.234850466931e-02
-3.752826264963e+00,3.817728960748e+00,9.234860878468e-02
-3.752578670640e+00,5.741815769824e+00,9.219568687819e-02
-3.752521667091e+00,6.073730098142e+00,9.177998748637e-02
-3.752478096279e+00,3.238081866832e+00,9.234787406143e-02
-3.752417195208e+00,4.107552507706e+00,9.234818646468e-02
-3.752351802037e+00,7.639165959369e+00,8.829178539260e-02
-3.752195610824e+00,8.204010090393e+00,8.559318823122e-02
-3.752159920921e+00,5.618597326326e+00,9.233482629925e-02
-3.752132978547e+00,8.946751974384e+00,7.797010221169e-02
-3.752006986408e+00,6.862030049903e+00,9.045039357771e-02
-3.751971825962e+00,7.232010304748e+00,8.957107054193e-02
-3.751950107324e+00,4.669298662441e+00,9.234763411427e-02
-3.751945044104e+00,2.336408609632e+00,9.234674236130e-02
-3.751895829083e+00,4.706067031292e+00,9.234745472256e-02
-3.751845766141e+00,8.324556485782e+00,8.479243789373e-02
-3.751790689848e+00,4.633251492738e+00,9.234752695883e-02
-3.751753782440e+00,8.084306299985e+00,8.629382765757e-02
-3.751720857842e+00,2.948258319874e+00,9.234671661479e-02
-3.751682456117e+00,9.549563297121e+00,5.678211314043e-02
-3.751622824829e+00,4.743550488375e+00,9.234698573828e-02
-3.751619356057e+00,4.397376054664e+00,9.234723747748e-02
-3.751547130265e+00,6.366072725087e+00,9.135347538600e-02
-3.751441179590e+00,5.867963814532e+00,9.204627447078e-02
-3.751187835913e+00,5.131875209354e+00,9.234542881628e-02
-3.751126102297e+00,4.781742891597e+00,9.234622459196e-02
-3.750796395028e+00,5.334050088314e+00,9.234442922014e-02
-3.750698017193e+00,8.445930907906e+00,8.387031260105e-02
-3.750623653984e+00,1.402532736107e+00,9.234452683452e-02
-3.750574850007e+00,2.658434772916e+00,9.234503169354e-02
-3.750527759578e+00,1.724558899392e+00,9.234454323746e-02
-3.750526602094e+00,7.965459652584e+00,8.691334451540e-02
-3.750400707445e+00,4.820638067901e+00,9.234516917482e-02
-3.750287582394e+00,1.080506572821e+00,9.234392464675e-02
-3.750227369841e+00,5.498375337706e+00,9.234322245486e-02
-3.750222551507e+00,9.057688700447e+00,7.591519308008e-02
-3.750206766320e+00,6.947337687776e+00,9.026869532112e-02
-3.749999899176e+00,2.046585062676e+00,9.234397386557e-02
-3.749855200792e+00,3.560108030118e+00,9.234446593822e-02
-3.749813302135e+00,3.849931577076e+00,9.234454091400e-02
-3.749646005182e+00,6.286159019999e+00,9.147869320498e-02
-3.749508330051e+00,3.270284483160e+00,9.234386373771e-02
-3.749441724633e+00,4.860229813493e+00,9.234375765241e-02
-3.749382634081e+00,4.139755124034e+00,9.234408870623e-02
-3.749040072776e+00,2.368611225960e+00,9.234281837117e-02
-3.748772689914e+00,2.980460936202e+00,9.234273398148e-02
-3.748746222822e+00,8.568118738872e+00,8.279855787026e-02
-3.748705838002e+00,5.996974077855e+00,9.188548775648e-02
-3.748563196630e+00,4.429578670992e+00,9.234310906640e-02
-3.748520480531e+00,7.847484645483e+00,8.746486079161e-02
-3.748397282655e+00,5.176335976507e+00,9.234156051600e-02
-3.748244276788e+00,4.900511894075e+00,9.234201200193e-02
-3.748167005665e+00,9.414717603320e+00,6.479236280181e-02
-3.748133542304e+00,7.523759918278e+00,8.870362343255e-02
-3.747855723110e+00,7.033373776905e+00,9.007560864073e-02
-3.747853208881e+00,7.320303831782e+00,8.933294495300e-02
-3.747783477556e+00,1.434735352435e+00,9.234068779812e-02
-3.747665984850e+00,1.756761515720e+00,9.234067489779e-02
-3.747648280379e+00,2.690637389245e+00,9.234107604826e-02
-3.747469004265e+00,1.112709189150e+00,9.234011413793e-02
-3.747321823151e+00,9.168820319424e+00,7.338363749674e-02
-3.747238952061e+00,6.207057560421e+00,9.159807115779e-02
-3.747116526147e+00,2.078787679004e+00,9.234007542907e-02
-3.746863836264e+00,3.592310646447e+00,9.234042153272e-02
-3.746824279724e+00,5.381216119434e+00,9.233887568047e-02
-3.746803525556e+00,4.941478045089e+00,9.233996022882e-02
-3.746800339307e+00,3.882134193405e+00,9.234046728663e-02
-3.746551103192e+00,5.669104726106e+00,9.228344855116e-02
-3.746538563823e+00,3.302487099489e+00,9.233984781949e-02
-3.746348072953e+00,4.171957740363e+00,9.233998510637e-02
-3.746267070935e+00,5.793638384514e+00,9.214030074952e-02
-3.746135101447e+00,2.400813842289e+00,9.233888902552e-02
-3.745984332121e+00,8.691105321669e+00,8.153841370018e-02
-3.745824521986e+00,3.012663552531e+00,9.233874583129e-02
-3.745750795845e+00,9.796806241296e+00,2.510261091932e-02
-3.745741917855e+00,7.730395734749e+00,8.795826739721e-02
-3.745507037203e+00,4.461781287321e+00,9.233897472669e-02
-3.745334433127e+00,5.221441544276e+00,9.233725258648e-02
-3.745301493581e+00,5.547536344850e+00,9.233639554845e-02
-3.745114671496e+00,4.983121971926e+00,9.233759667133e-02
-3.744948537514e+00,7.120127685715e+00,8.987042325793e-02
-3.744943301127e+00,1.466937968764e+00,9.233684363674e-02
-3.744804210121e+00,1.788964132049e+00,9.233680135457e-02
-3.744721710751e+00,2.722840005573e+00,9.233711496153e-02
-3.744650426136e+00,1.144911805478e+00,9.233629858035e-02
-3.744574375668e+00,9.661497000558e+00,4.691675318726e-02
-3.744407350956e+00,5.921070214518e+00,9.198645857867e-02
-3.744331872133e+00,6.128778657793e+00,9.171200505774e-02
-3.744233153118e+00,2.110990295333e+00,9.233617170797e-02
-3.743872471736e+00,3.624513262776e+00,9.233637143900e-02
-3.743787376479e+00,3.914336809734e+00,9.233638788846e-02
-3.743568797595e+00,3.334689715818e+00,9.233582629326e-02
-3.743428850612e+00,9.280139793011e+00,7.018913757193e-02
-3.743313511826e+00,4.204160356692e+00,9.233587565068e-02
-3.743230130119e+00,2.433016458617e+00,9.233495431169e-02
-3.743172954289e+00,5.025437350136e+00,9.233481072778e-02
-3.743162255212e+00,7.409281924949e+00,8.907787712634e-02
-3.743098972267e+00,6.587146329002e+00,9.099241863448e-02
-3.742997535511e+00,6.670061133882e+00,9.084140781179e-02
-3.742876354057e+00,3.044866168860e+00,9.233475215100e-02
-3.742866587127e+00,8.813183292733e+00,8.005099640152e-02
-3.742672189840e+00,6.505003291225e+00,9.113563196597e-02
-3.742561113979e+00,5.428999812635e+00,9.233300194157e-02
-3.742477068365e+00,8.178406410467e+00,8.577976312501e-02
-3.742450877775e+00,4.493983903650e+00,9.233483444359e-02
-3.742362294287e+00,6.753737215934e+00,9.068205686321e-02
-3.742216159270e+00,8.298827327131e+00,8.500585626808e-02
-3.742197503301e+00,7.614207334689e+00,8.840215305561e-02
-3.742170541556e+00,9.526438688465e+00,5.867989576338e-02
-3.742103124698e+00,1.499140585092e+00,9.233299433854e-02
-3.742056639681e+00,8.923868267852e+00,7.842471125520e-02
-3.741994730033e+00,5.267185438842e+00,9.233262620780e-02
-3.741946891853e+00,8.058829279918e+00,8.645892718590e-02
-3.741942435392e+00,1.821166748377e+00,9.233292259567e-02
-3.741831848007e+00,1.177114421807e+00,9.233247796242e-02
-3.741795141123e+00,2.755042621902e+00,9.233314842038e-02
-3.741722838268e+00,6.423642474823e+00,9.127158118792e-02
-3.741479955895e+00,7.207588748990e+00,8.965198551342e-02
-3.741349780090e+00,2.143192911661e+00,9.233226268987e-02
-3.741187728160e+00,6.838164050018e+00,9.051366421786e-02
-3.741157927860e+00,8.420077454390e+00,8.411593409830e-02
-3.740973652891e+00,5.068417825659e+00,9.233171049496e-02
-3.740930730226e+00,6.051332586122e+00,9.182075664005e-02
-3.740881107208e+00,3.656715879105e+00,9.233231564321e-02
-3.740774413652e+00,3.946539426062e+00,9.233230270534e-02
-3.740631956338e+00,7.940110470759e+00,8.706048720296e-02
-3.740628208583e+00,5.720194384891e+00,9.223049969309e-02
-3.740599031367e+00,3.366892332146e+00,9.233179914545e-02
-3.740325158790e+00,2.465219074946e+00,9.233101421697e-02
-3.740278950698e+00,4.236362973021e+00,9.233176032471e-02
-3.740258621989e+00,9.034755709354e+00,7.646799526065e-02
-3.740256632017e+00,6.343074298103e+00,9.140094142328e-02
-3.740070765886e+00,5.597294078630e+00,9.232915142803e-02
-3.739928186129e+00,3.077068785188e+00,9.233075292734e-02
-3.739632355051e+00,5.846028670989e+00,9.208318227071e-02
-3.739468381639e+00,6.923331076218e+00,9.033544897543e-02
-3.739394718348e+00,4.526186519978e+00,9.233068820231e-02
-3.739296227453e+00,8.542142177048e+00,8.308425829204e-02
-3.739262948269e+00,1.531343201421e+00,9.232913989165e-02
-3.739080660663e+00,1.853369364706e+00,9.232903860894e-02
-3.739013269877e+00,1.209317038136e+00,9.232865227253e-02
-3.738868571494e+00,2.787245238230e+00,9.232917641182e-02
-3.738644790297e+00,4.651411347686e+00,9.232958422962e-02
-3.738643619374e+00,4.687999036657e+00,9.232950083582e-02
-3.738541736130e+00,9.391640068637e+00,6.603386519354e-02
-3.738538678048e+00,7.822264477509e+00,8.759684422322e-02
-3.738512085698e+00,5.112057015069e+00,9.232827626837e-02
-3.738466407061e+00,2.175395527990e+00,9.232834836233e-02
-3.738433109802e+00,4.615545871446e+00,9.232938354624e-02
-3.738424562003e+00,4.725302831365e+00,9.232913017277e-02
-3.738373656210e+00,5.313561157961e+00,9.232754546126e-02
-3.738279349823e+00,6.263309143004e+00,9.152417626070e-02
-3.738002507042e+00,5.477394578250e+00,9.232662268865e-02
-3.737982621170e+00,4.763316593618e+00,9.232842305030e-02
-3.737893914945e+00,7.498933817363e+00,8.880413901271e-02
-3.737889742680e+00,3.688918495433e+00,9.232825413145e-02
-3.737761450824e+00,3.978742042391e+00,9.232821172306e-02
-3.737629265139e+00,3.399094948475e+00,9.232776636247e-02
-3.737470543435e+00,9.145838594675e+00,7.406999390821e-02
-3.737444790445e+00,7.295746268244e+00,8.941899362160e-02
-3.737420187462e+00,2.497421691274e+00,9.232706872862e-02
-3.737312838062e+00,4.802034154240e+00,9.232739059258e-02
-3.737244389571e+00,4.268565589349e+00,9.232763911392e-02
-3.737198864550e+00,7.009227700127e+00,9.014625223583e-02
-3.737041554586e+00,5.974729581582e+00,9.192472471609e-02
-3.736980018201e+00,3.109271401517e+00,9.232674814697e-02
-3.736625001610e+00,8.665006840769e+00,8.187482733396e-02
-3.736466277444e+00,9.773589152329e+00,3.083831712507e-02
-3.736422771840e+00,1.563545817749e+00,9.232528028414e-02
-3.736410292252e+00,4.841449313294e+00,9.232605587704e-02
-3.736338558920e+00,4.558389136307e+00,9.232653598801e-02
-3.736218885934e+00,1.885571981034e+00,9.232514938219e-02
-3.736194691748e+00,1.241519654464e+00,9.232482149902e-02
-3.735942001866e+00,2.819447854559e+00,9.232519892279e-02
-3.735796834419e+00,6.184357354752e+00,9.164170718226e-02
-3.735783610742e+00,5.156348505781e+00,9.232440507153e-02
-3.735673562559e+00,7.705305753432e+00,8.807703844992e-02
-3.735583034032e+00,2.207598144318e+00,9.232442871287e-02
-3.735270101863e+00,4.881555840315e+00,9.232441758340e-02
-3.735176045723e+00,9.638325873434e+00,4.980126968795e-02
-3.734898378152e+00,3.721121111762e+00,9.232418688978e-02
-3.734748487996e+00,4.010944658720e+00,9.232411492739e-02
-3.734659498911e+00,3.431297564804e+00,9.232372793067e-02
-3.734530924031e+00,5.647641864180e+00,9.231709675961e-02
-3.734515216133e+00,2.529624307603e+00,9.232311783389e-02
-3.734466734797e+00,5.360562171204e+00,9.232211175089e-02
-3.734387062122e+00,5.771859571235e+00,9.217591802291e-02
-3.734373852280e+00,7.095843293204e+00,8.994519880939e-02
-3.734209828443e+00,4.300768205678e+00,9.232351200375e-02
-3.734031850273e+00,3.141474017846e+00,9.232273779655e-02
-3.733887423718e+00,4.922347474558e+00,9.232243414466e-02
-3.733690458457e+00,9.257109886678e+00,7.106365557359e-02
-3.733582595411e+00,1.595748434078e+00,9.232141550406e-02
-3.733376113619e+00,1.273722270793e+00,9.232098563022e-02
-3.733357111206e+00,1.917774597362e+00,9.232125490319e-02
-3.733282399493e+00,4.590591752636e+00,9.232237778580e-02
-3.733144108980e+00,5.526393799141e+00,9.231990188377e-02
-3.733138284436e+00,8.788656752558e+00,8.043496458659e-02
-3.733015432237e+00,2.851650470888e+00,9.232121594022e-02
-3.732837919480e+00,7.384589512049e+00,8.916982933247e-02
-3.732814992255e+00,6.106229241541e+00,9.175389296806e-02
-3.732783625848e+00,5.201285856293e+00,9.232021466921e-02
-3.732758525906e+00,8.152802730541e+00,8.596064303894e-02
-3.732699661004e+00,2.239800760647e+00,9.232050372897e-02
-3.732670436596e+00,5.898979842187e+00,9.202426046477e-02
-3.732658626994e+00,9.503314079808e+00,6.041029984292e-02
-3.732586552399e+00,8.273098168481e+00,8.521228666147e-02
-3.732257453539e+00,4.963817925202e+00,9.232007418494e-02
-3.732140001267e+00,8.033352259850e+00,8.661927531113e-02
-3.732043204565e+00,7.589248710010e+00,8.850992894889e-02
-3.732041061922e+00,6.563709012219e+00,9.104604352972e-02
-3.732018509117e+00,6.646479784475e+00,9.089765767990e-02
-3.731980300814e+00,8.900984561320e+00,7.885884219251e-02
-3.731907013624e+00,3.753323728090e+00,9.232011390421e-02
-3.731735525169e+00,4.043147275048e+00,9.232001230402e-02
-3.731689732683e+00,3.463500181132e+00,9.231968383637e-02
-3.731617838527e+00,8.394224000874e+00,8.435295312930e-02
-3.731610244805e+00,2.561826923931e+00,9.231916151994e-02
-3.731536069353e+00,6.481711141159e+00,9.118672901881e-02
-3.731462820361e+00,6.730012971126e+00,9.074114845363e-02
-3.731175267316e+00,4.332970822006e+00,9.231937897961e-02
-3.731083682345e+00,3.173676634174e+00,9.231872186268e-02
-3.730988085828e+00,7.183167193232e+00,8.973128879944e-02
-3.730742418982e+00,1.627951050406e+00,9.231754553943e-02
-3.730737310582e+00,7.914761288934e+00,8.720362598418e-02
-3.730557535490e+00,1.305924887121e+00,9.231714465439e-02
-3.730509186726e+00,6.400496622415e+00,9.132043808619e-02
-3.730495336477e+00,1.949977213691e+00,9.231735515967e-02
-3.730375426150e+00,5.005960871562e+00,9.231740096767e-02
-3.730368469911e+00,6.814298050133e+00,9.057583812339e-02
-3.730294692471e+00,9.011822718261e+00,7.699347890343e-02
-3.730269529395e+00,5.408181920184e+00,9.231623286491e-02
-3.730088862609e+00,2.883853087216e+00,9.231722745100e-02
-3.729846232085e+00,8.516165615225e+00,8.335920738186e-02
-3.729816287975e+00,2.272003376975e+00,9.231657339809e-02
-3.729507568772e+00,5.246862596441e+00,9.231560200031e-02
-3.729339793361e+00,6.028935074101e+00,9.186099089731e-02
-3.728966133768e+00,6.320075871119e+00,9.144771726727e-02
-3.728916466595e+00,9.368562533954e+00,6.718552876914e-02
-3.728915649096e+00,3.785526344419e+00,9.231603516073e-02
-3.728729996958e+00,6.899324464659e+00,9.040097293769e-02
-3.728722562341e+00,4.075349891377e+00,9.231590383863e-02
-3.728719966455e+00,3.495702797461e+00,9.231563406583e-02
-3.728705273476e+00,2.594029540259e+00,9.231519977394e-02
-3.728677746527e+00,5.698572999957e+00,9.226490414383e-02
-3.728556875565e+00,7.797044309534e+00,8.772542335188e-02
-3.728542196087e+00,5.468750175001e-01,9.231424398782e-02
-3.728542196087e+00,1.562500050003e-02,9.235979155940e-02
-3.728542196087e+00,4.687500150008e-02,9.235433578854e-02
-3.728542196087e+00,1.406250045003e-01,9.234000331268e-02
-3.728542196087e+00,1.718750055004e-01,9.233591311667e-02
-3.728542196087e+00,2.031250065004e-01,9.233217062123e-02
-3.728542196087e+00,2.343750075005e-01,9.232877797570e-02
-3.728542196087e+00,2.656250085005e-01,9.232573713602e-02
-3.728542196087e+00,2.968750095005e-01,9.232304986142e-02
-3.728542196087e+00,3.281250105004e-01,9.232071771139e-02
-3.728542196087e+00,4.531250145001e-01,9.231496441533e-02
-3.728542196087e+00,4.843750155000e-01,9.231442412111e-02
-3.728542196087e+00,5.156250165000e-01,9.231424398782e-02
-3.728542196087e+00,5.781250185001e-01,9.231424398782e-02
-3.728542196087e+00,7.343750235003e-01,9.231424398782e-02
-3.728542196087e+00,7.656250245003e-01,9.231424398782e-02
-3.728542196087e+00,8.281250265001e-01,9.231424398782e-02
-3.728542196087e+00,8.593750275002e-01,9.231424398782e-02
-3.728542196087e+00,8.906250285002e-01,9.231424398782e-02
-3.728542196087e+00,9.218750295001e-01,9.231424398782e-02
-3.728542196087e+00,9.531250305001e-01,9.231424398782e-02
-3.728542196087e+00,9.843750315000e-01,9.231424398782e-02
-3.728542196087e+00,1.093750035002e-01,9.234443887018e-02
-3.728542196087e+00,3.593750115004e-01,9.231874204301e-02
-3.728542196087e+00,3.906250125003e-01,9.231712400858e-02
-3.728542196087e+00,4.218750135002e-01,9.231586455364e-02
-3.728542196087e+00,6.093750195002e-01,9.231424398782e-02
-3.728542196087e+00,6.406250205002e-01,9.231424398782e-02
-3.728542196087e+00,6.718750215003e-01,9.231424398782e-02
-3.728542196087e+00,7.031250225003e-01,9.231424398782e-02
-3.728542196087e+00,7.968750255002e-01,9.231424398782e-02
-3.728542196087e+00,7.812500250013e-02,9.234921726429e-02
-3.728236615630e+00,5.048769963325e+00,9.231438822854e-02
-3.728140706188e+00,4.365173438335e+00,9.231524002684e-02
-3.728135514416e+00,3.205879250503e+00,9.231470033192e-02
-3.727981610852e+00,5.575990830935e+00,9.231266942579e-02
-3.727902242553e+00,1.660153666735e+00,9.231367037822e-02
-3.727823530511e+00,5.824093527446e+00,9.211963831086e-02
-3.727738957361e+00,1.338127503450e+00,9.231329855980e-02
-3.727654287586e+00,7.474107716448e+00,8.890240329462e-02
-3.727633561748e+00,1.982179830019e+00,9.231345013934e-02
-3.727619263718e+00,9.122856869925e+00,7.471877588732e-02
-3.727356450622e+00,9.885832643264e+00,6.608629205129e-06
-3.727265671099e+00,8.638908359868e+00,8.219756817770e-02
-3.727181759042e+00,9.750372063363e+00,3.573754091360e-02
-3.727162292981e+00,2.916055703545e+00,9.231323344195e-02
-3.727143706172e+00,1.016101340164e+00,9.231233445526e-02
-3.727036372009e+00,7.271188704705e+00,8.950327130351e-02
-3.726932914946e+00,2.304205993303e+00,9.231263770762e-02
-3.726912694464e+00,6.240459266008e+00,9.156901577393e-02
-3.726542005991e+00,6.985081623350e+00,9.021558849220e-02
-3.725950917393e+00,5.293072227609e+00,9.231060996968e-02
-3.725924284569e+00,3.817728960748e+00,9.231195064526e-02
-3.725836335483e+00,5.092238820784e+00,9.231095343201e-02
-3.725800302148e+00,2.626232156588e+00,9.231123258299e-02
-3.725777715779e+00,9.615154746310e+00,5.237724181923e-02
-3.725777644243e+00,5.456413818793e+00,9.230997062517e-02
-3.725750200227e+00,3.527905413790e+00,9.231157860529e-02
-3.725709599513e+00,4.107552507706e+00,9.231178951683e-02
-3.725605207263e+00,7.680215772115e+00,8.819291506541e-02
-3.725391409665e+00,4.669931042022e+00,9.231143083337e-02
-3.725377271170e+00,5.952485085309e+00,9.196346017097e-02
-3.725339473271e+00,4.633524032932e+00,9.231147175750e-02
-3.725226299177e+00,4.707055174355e+00,9.231109658181e-02
-3.725187346488e+00,3.238081866832e+00,9.231067319078e-02
-3.725106145061e+00,4.397376054664e+00,9.231109513074e-02
-3.725062066124e+00,1.692356283063e+00,9.230979000837e-02
-3.724920379232e+00,1.370330119778e+00,9.230944733464e-02
-3.724839140043e+00,4.744890295639e+00,9.231046619647e-02
-3.724771787019e+00,2.014382446348e+00,9.230953982984e-02
-3.724354716778e+00,6.161657149084e+00,9.168474226562e-02
-3.724346726343e+00,1.048303956493e+00,9.230851159758e-02
-3.724235723352e+00,2.948258319874e+00,9.230923389987e-02
-3.724224968679e+00,4.783430240579e+00,9.230953734525e-02
-3.724049541918e+00,2.336408609632e+00,9.230869664495e-02
-3.723952066301e+00,9.234079980346e+00,7.188449903746e-02
-3.723870184127e+00,8.762437544459e+00,8.082129457452e-02
-3.723799167046e+00,7.071558900692e+00,9.001854648530e-02
-3.723378859872e+00,4.822668813094e+00,9.230830815557e-02
-3.723169938830e+00,5.136361035054e+00,9.230719914409e-02
-3.723146712433e+00,9.480189471151e+00,6.199449318974e-02
-3.723039983447e+00,8.127199050615e+00,8.613608104539e-02
-3.722956945528e+00,8.247369009831e+00,8.541198979031e-02
-3.722932920041e+00,3.849931577076e+00,9.230786034368e-02
-3.722895330819e+00,2.658434772916e+00,9.230725993415e-02
-3.722780433999e+00,3.560108030118e+00,9.230751744093e-02
-3.722696636685e+00,4.139755124034e+00,9.230766932421e-02
-3.722513583749e+00,7.359897099149e+00,8.925973150863e-02
-3.722510744870e+00,5.626179002255e+00,9.230505067634e-02
-3.722507053309e+00,5.750080757956e+00,9.221111031547e-02
-3.722333110680e+00,8.007875239783e+00,8.677507175433e-02
-3.722295926938e+00,4.862599786556e+00,9.230668838589e-02
-3.722239178560e+00,3.270284483160e+00,9.230664042575e-02
-3.722221889695e+00,1.724558899392e+00,9.230590441780e-02
-3.722109189870e+00,5.339908222973e+00,9.230522308974e-02
-3.722101801103e+00,1.402532736107e+00,9.230559096711e-02
-3.722077749194e+00,8.368370547359e+00,8.458180790606e-02
-3.722071583933e+00,4.429578670992e+00,9.230694427656e-02
-3.721910012290e+00,2.046585062676e+00,9.230562421882e-02
-3.721903961947e+00,8.878100854788e+00,7.927384014695e-02
-3.721888905828e+00,7.564290085330e+00,8.861520298109e-02
-3.721549746514e+00,1.080506572821e+00,9.230468367349e-02
-3.721309153724e+00,2.980460936202e+00,9.230522881154e-02
-3.721298112377e+00,6.083679825290e+00,9.179517015154e-02
-3.721166168889e+00,2.368611225960e+00,9.230475019740e-02
-3.721039482723e+00,6.622898435068e+00,9.095299664899e-02
-3.720986724379e+00,5.505251253432e+00,9.230324452877e-02
-3.720983151577e+00,6.540271695435e+00,9.109876935788e-02
-3.720971321880e+00,4.903216904027e+00,9.230475155177e-02
-3.720933522236e+00,5.876889469855e+00,9.206159155109e-02
-3.720842664826e+00,7.889412107109e+00,8.734292053115e-02
-3.720563346435e+00,6.706288726318e+00,9.079925488600e-02
-3.720496215761e+00,7.158745637474e+00,8.980902862727e-02
-3.720399948866e+00,6.458418991092e+00,9.123704769835e-02
-3.720396236717e+00,8.490189053401e+00,8.362399205442e-02
-3.720330762952e+00,8.988889727168e+00,7.749360982216e-02
-3.720232818569e+00,5.181130168311e+00,9.230304412748e-02
-3.719990359491e+00,2.690637389245e+00,9.230328181447e-02
-3.719941555513e+00,3.882134193405e+00,9.230376424185e-02
-3.719810667771e+00,3.592310646447e+00,9.230345055889e-02
-3.719683673858e+00,4.171957740363e+00,9.230354324629e-02
-3.719549211663e+00,6.790432050248e+00,9.063694447098e-02
-3.719400235583e+00,4.944513878478e+00,9.230250308106e-02
-3.719381713266e+00,1.756761515720e+00,9.230201359436e-02
-3.719295535183e+00,6.377350770007e+00,9.136857115279e-02
-3.719291197060e+00,9.345484999272e+00,6.825673834472e-02
-3.719291010632e+00,3.302487099489e+00,9.230260202326e-02
-3.719283222973e+00,1.434735352435e+00,9.230172944534e-02
-3.719048237562e+00,2.078787679004e+00,9.230170329384e-02
-3.719037022805e+00,4.461781287321e+00,9.230278744951e-02
-3.718752766684e+00,1.112709189150e+00,9.230085067140e-02
-3.718575073082e+00,7.771824141560e+00,8.785040500743e-02
-3.718382584096e+00,3.012663552531e+00,9.230121816366e-02
-3.718282795860e+00,2.400813842289e+00,9.230079835228e-02
-3.718185967965e+00,9.862570150185e+00,1.008948666757e-02
-3.717991612277e+00,6.875317853100e+00,9.046533766901e-02
-3.717977944811e+00,5.387364027732e+00,9.229940674125e-02
-3.717906340588e+00,8.612809878968e+00,8.250743992751e-02
-3.717897240641e+00,9.727154974396e+00,3.997071970249e-02
-3.717767984002e+00,9.099875145175e+00,7.533297317978e-02
-3.717748856496e+00,6.006537562081e+00,9.190070174200e-02
-3.717675635520e+00,6.297077444135e+00,9.149381892300e-02
-3.717577898011e+00,4.986484392988e+00,9.229989814958e-02
-3.717414660227e+00,7.449281615534e+00,8.899849113964e-02
-3.717085388162e+00,2.722840005573e+00,9.229929821094e-02
-3.717020407511e+00,5.226539754039e+00,9.229849492370e-02
-3.716950190985e+00,3.914336809734e+00,9.229966232556e-02
-3.716840901543e+00,3.624513262776e+00,9.229937794529e-02
-3.716727284471e+00,5.676951615023e+00,9.229695186813e-02
-3.716670711030e+00,4.204160356692e+00,9.229941126855e-02
-3.716627953573e+00,7.246631141167e+00,8.958583249656e-02
-3.716541536837e+00,1.788964132049e+00,9.229811752590e-02
-3.716464644844e+00,1.466937968764e+00,9.229786275743e-02
-3.716379385834e+00,9.591983619186e+00,5.469160141906e-02
-3.716342842704e+00,3.334689715818e+00,9.229855796970e-02
-3.716186462833e+00,2.110990295333e+00,9.229777704248e-02
-3.716014705972e+00,5.802158383903e+00,9.215565182873e-02
-3.716002461678e+00,4.493983903650e+00,9.229862463475e-02
-3.715955786855e+00,1.144911805478e+00,9.229701257970e-02
-3.715892455817e+00,5.554687583240e+00,9.229613444790e-02
-3.715885147431e+00,6.960935546573e+00,9.028362369878e-02
-3.715546039105e+00,6.217609389012e+00,9.161322637382e-02
-3.715536851967e+00,7.655125790798e+00,8.830600108195e-02
-3.715499578368e+00,5.029122100990e+00,9.229689876625e-02
-3.715456014467e+00,3.044866168860e+00,9.229720194291e-02
-3.715399422832e+00,2.433016458617e+00,9.229684109683e-02
-3.714602083817e+00,8.736218336360e+00,8.119008865148e-02
-3.714213674146e+00,9.211050074014e+00,7.265644442582e-02
-3.714180416834e+00,2.755042621902e+00,9.229530911050e-02
-3.713958826457e+00,3.946539426062e+00,9.229555458055e-02
-3.713871135315e+00,3.656715879105e+00,9.229529958617e-02
-3.713712987754e+00,5.930240589036e+00,9.200170469290e-02
-3.713701360408e+00,1.821166748377e+00,9.229421620021e-02
-3.713657748202e+00,4.236362973021e+00,9.229527337645e-02
-3.713646066715e+00,1.499140585092e+00,9.229399089148e-02
-3.713634797871e+00,9.457064862494e+00,6.345021898220e-02
-3.713552781444e+00,5.435433059336e+00,9.229319488443e-02
-3.713528178576e+00,5.272583297256e+00,9.229359094792e-02
-3.713394674776e+00,3.366892332146e+00,9.229450825143e-02
-3.713327338657e+00,8.221639851180e+00,8.560477293151e-02
-3.713324688104e+00,2.143192911661e+00,9.229384545223e-02
-3.713321440988e+00,8.101595370689e+00,8.630631569453e-02
-3.713224481812e+00,7.047274508181e+00,9.009050752858e-02
-3.713160585267e+00,5.072420626499e+00,9.229358010901e-02
-3.713158807026e+00,1.177114421807e+00,9.229316938670e-02
-3.712967900550e+00,4.526186519978e+00,9.229445581740e-02
-3.712912599137e+00,6.138956943416e+00,9.172717015143e-02
-3.712537659861e+00,8.342517093843e+00,8.480290771531e-02
-3.712529444839e+00,3.077068785188e+00,9.229318013594e-02
-3.712526220094e+00,7.982398219716e+00,8.692650538917e-02
-3.712516049803e+00,2.465219074946e+00,9.229287841828e-02
-3.712189248017e+00,7.335204686249e+00,8.934759962197e-02
-3.712139199956e+00,4.651863047387e+00,9.229322869835e-02
-3.712034156245e+00,4.615636718177e+00,9.229317297174e-02
-3.712028036352e+00,4.688807517345e+00,9.229299348861e-02
-3.711827623080e+00,8.855217148256e+00,7.967093510901e-02
-3.711734607092e+00,7.539331460650e+00,8.871806105319e-02
-3.711695658915e+00,4.726463997661e+00,9.229246439386e-02
-3.711275445506e+00,2.787245238230e+00,9.229131450008e-02
-3.711137099296e+00,4.764826326918e+00,9.229157412782e-02
-3.710967461929e+00,3.978742042391e+00,9.229144099255e-02
-3.710948019070e+00,7.864062925284e+00,8.747852228806e-02
-3.710946241349e+00,8.464212491578e+00,8.387915777989e-02
-3.710901369087e+00,3.688918495433e+00,9.229121546755e-02
-3.710861183979e+00,1.853369364706e+00,9.229030960506e-02
-3.710827488586e+00,1.531343201421e+00,9.229011383550e-02
-3.710644785375e+00,4.268565589349e+00,9.229112955536e-02
-3.710627044496e+00,5.728301944677e+00,9.224588616592e-02
-3.710556266918e+00,5.116373564328e+00,9.228987140378e-02
-3.710490565710e+00,5.604716140330e+00,9.228851384766e-02
-3.710462913375e+00,2.175395527990e+00,9.228990851059e-02
-3.710446506847e+00,3.399094948475e+00,9.229045285475e-02
-3.710366833434e+00,8.965956736075e+00,7.797016980734e-02
-3.710361827196e+00,1.209317038136e+00,9.228932108073e-02
-3.710347427491e+00,4.803888312895e+00,9.229036499635e-02
-3.710060456329e+00,6.599317085661e+00,9.100744769949e-02
-3.710004345694e+00,7.134324081716e+00,8.988525138407e-02
-3.709933339423e+00,4.558389136307e+00,9.229028098253e-02
-3.709925241232e+00,6.516834378652e+00,9.115062554263e-02
-3.709781232500e+00,6.061130409038e+00,9.183590071554e-02
-3.709751644943e+00,5.319254274743e+00,9.228822253824e-02
-3.709665927525e+00,9.322407464589e+00,6.925561584119e-02
-3.709663872509e+00,6.682564481509e+00,9.085640158216e-02
-3.709632676775e+00,2.497421691274e+00,9.228891030380e-02
-3.709602875211e+00,3.109271401517e+00,9.228915272933e-02
-3.709321752012e+00,4.843643732796e+00,9.228884756961e-02
-3.709263828379e+00,6.435126841025e+00,9.128660669282e-02
-3.709196607876e+00,5.854799097524e+00,9.209846158510e-02
-3.709015485308e+00,9.839307657107e+00,1.829648082269e-02
-3.708829339777e+00,5.484108707723e+00,9.228653356887e-02
-3.708729953415e+00,6.766566050364e+00,9.069701145541e-02
-3.708612722240e+00,9.703937885430e+00,4.366493312251e-02
-3.708593270599e+00,7.746603973586e+00,8.797222994354e-02
-3.708547010077e+00,8.586711398068e+00,8.280518533605e-02
-3.708370474177e+00,2.819447854559e+00,9.228731436654e-02
-3.708081883641e+00,6.354204917599e+00,9.141599741140e-02
-3.708055220043e+00,4.884086333496e+00,9.228702076220e-02
-3.708021007550e+00,1.885571981034e+00,9.228639772817e-02
-3.708008910457e+00,1.563545817749e+00,9.228623157751e-02
-3.707976097401e+00,4.010944658720e+00,9.228732154722e-02
-3.707931602859e+00,3.721121111762e+00,9.228712557540e-02
-3.707916704286e+00,9.076893420425e+00,7.591526673246e-02
-3.707682011290e+00,5.160974480328e+00,9.228576562890e-02
-3.707631822547e+00,4.300768205678e+00,9.228697979064e-02
-3.707601138646e+00,2.207598144318e+00,9.228596620498e-02
-3.707564847367e+00,1.241519654464e+00,9.228546765005e-02
-3.707498338919e+00,3.431297564804e+00,9.228639176594e-02
-3.707253227596e+00,6.851311241541e+00,9.052857452405e-02
-3.707175032868e+00,7.424455514619e+00,8.909247421366e-02
-3.706981055890e+00,9.568812492062e+00,5.678222185047e-02
-3.706898778295e+00,4.590591752636e+00,9.228610011515e-02
-3.706749303746e+00,2.529624307603e+00,9.228493674055e-02
-3.706676305582e+00,3.141474017846e+00,9.228511970965e-02
-3.706543017627e+00,4.925209831753e+00,9.228480877414e-02
-3.706385137271e+00,6.274079017151e+00,9.153926192966e-02
-3.706219535137e+00,7.222073577629e+00,8.966672955816e-02
-3.706157919631e+00,5.984140050060e+00,9.193990034954e-02
-3.705686360227e+00,5.366546135281e+00,9.228251698361e-02
-3.705468496671e+00,7.630035809481e+00,8.841639554867e-02
-3.705465502848e+00,2.851650470888e+00,9.228330869672e-02
-3.705333983508e+00,8.709999128261e+00,8.154197921790e-02
-3.705228288871e+00,6.936789469796e+00,9.035030843738e-02
-3.705190332328e+00,1.595748434078e+00,9.228234410547e-02
-3.705180831121e+00,1.917774597362e+00,9.228248055724e-02
-3.704984732874e+00,4.043147275048e+00,9.228319623017e-02
-3.704961836631e+00,3.753323728090e+00,9.228302989566e-02
-3.704780369872e+00,4.967007914415e+00,9.228224310511e-02
-3.704776822414e+00,5.655330230089e+00,9.228050769418e-02
-3.704767867538e+00,1.273722270793e+00,9.228160908290e-02
-3.704739363918e+00,2.239800760647e+00,9.228201852281e-02
-3.704618859719e+00,4.332970822006e+00,9.228282406760e-02
-3.704550170991e+00,3.463500181132e+00,9.228232497123e-02
-3.704533246251e+00,5.206216911638e+00,9.228133465089e-02
-3.704475281991e+00,9.188020167682e+00,7.338371801080e-02
-3.704205881433e+00,5.780223240360e+00,9.219123182532e-02
-3.704179383746e+00,6.194759512016e+00,9.165682227227e-02
-3.704122883310e+00,9.433940253838e+00,6.479246141894e-02
-3.703865930717e+00,2.561826923931e+00,9.228095771562e-02
-3.703803300782e+00,5.533384335545e+00,9.227944798058e-02
-3.703749735954e+00,3.173676634174e+00,9.228108106341e-02
-3.703697731786e+00,8.195910692530e+00,8.579157148306e-02
-3.703602898529e+00,8.075991690763e+00,8.647157203023e-02
-3.702997570528e+00,8.316663640327e+00,8.501663524860e-02
-3.702762541107e+00,5.009474238656e+00,9.227935891976e-02
-3.702719329507e+00,7.956921199648e+00,8.707375496201e-02
-3.702649796579e+00,7.022990115669e+00,9.016112166533e-02
-3.702560531520e+00,2.883853087216e+00,9.227929747742e-02
-3.702371754199e+00,1.627951050406e+00,9.227845140732e-02
-3.702340654692e+00,1.949977213691e+00,9.227855807991e-02
-3.702048704337e+00,5.907996092763e+00,9.203946857482e-02
-3.701993368346e+00,4.075349891377e+00,9.227906502699e-02
-3.701992070403e+00,3.785526344419e+00,9.227892841420e-02
-3.701970887708e+00,1.305924887121e+00,9.227774536747e-02
-3.701877589189e+00,2.272003376975e+00,9.227806545144e-02
-3.701864912285e+00,7.310512273349e+00,8.943363721068e-02
-3.701751284213e+00,8.832333441724e+00,8.005105762062e-02
-3.701605896891e+00,4.365173438335e+00,9.227866237148e-02
-3.701602003063e+00,3.495702797461e+00,9.227825245680e-02
-3.701580308356e+00,7.514372835971e+00,8.881858527723e-02
-3.701496245981e+00,8.438235929754e+00,8.412521214376e-02
-3.701470481495e+00,6.116256737747e+00,9.176896745755e-02
-3.701327918644e+00,5.414452299880e+00,9.227630728826e-02
-3.701105439758e+00,5.252094366904e+00,9.227641574829e-02
-3.701053373314e+00,7.838713743459e+00,8.761057499046e-02
-3.700982557689e+00,2.594029540259e+00,9.227697321608e-02
-3.700823166326e+00,3.205879250503e+00,9.227703677708e-02
-3.700484835052e+00,5.052602432214e+00,9.227608419190e-02
-3.700402903915e+00,8.943023744982e+00,7.842477766991e-02
-3.700040657990e+00,9.299329929906e+00,7.018922580739e-02
-3.699845002652e+00,9.816045164028e+00,2.510269805594e-02
-3.699750364457e+00,7.812500250013e-02,9.231024802348e-02
-3.699750364457e+00,1.406250045003e-01,9.230083631075e-02
-3.699750364457e+00,1.718750055004e-01,9.229665806982e-02
-3.699750364457e+00,2.343750075005e-01,9.228936896133e-02
-3.699750364457e+00,4.531250145001e-01,9.227525595454e-02
-3.699750364457e+00,4.843750155000e-01,9.227470391128e-02
-3.699750364457e+00,7.656250245003e-01,9.227451986026e-02
-3.699750364457e+00,7.968750255002e-01,9.227451986026e-02
-3.699750364457e+00,8.593750275001e-01,9.227451986026e-02
-3.699750364457e+00,8.906250285002e-01,9.227451986026e-02
-3.699750364457e+00,1.562500050003e-02,9.232104829410e-02
-3.699750364457e+00,4.687500150008e-02,9.231547606300e-02
-3.699750364457e+00,8.281250265001e-01,9.227451986026e-02
-3.699750364457e+00,1.093750035002e-01,9.230536716931e-02
-3.699750364457e+00,2.031250065004e-01,9.229283487585e-02
-3.699750364457e+00,2.656250085005e-01,9.228626235806e-02
-3.699750364457e+00,2.968750095005e-01,9.228351689362e-02
-3.699750364457e+00,3.281250105004e-01,9.228113418823e-02
-3.699750364457e+00,3.593750115004e-01,9.227911565188e-02
-3.699750364457e+00,3.906250125003e-01,9.227746248189e-02
-3.699750364457e+00,4.218750135002e-01,9.227617566078e-02
-3.699750364457e+00,5.156250165000e-01,9.227451986026e-02
-3.699750364457e+00,5.468750175001e-01,9.227451986026e-02
-3.699750364457e+00,5.781250185001e-01,9.227451986026e-02
-3.699750364457e+00,6.093750195002e-01,9.227451986026e-02
-3.699750364457e+00,6.406250205002e-01,9.227451986026e-02
-3.699750364457e+00,6.718750215003e-01,9.227451986026e-02
-3.699750364457e+00,7.031250225003e-01,9.227451986026e-02
-3.699750364457e+00,7.343750235003e-01,9.227451986026e-02
-3.699750364457e+00,9.218750295001e-01,9.227451986026e-02
-3.699750364457e+00,9.531250305001e-01,9.227451986026e-02
-3.699750364457e+00,9.843750315000e-01,9.227451986026e-02
-3.699655560191e+00,2.916055703545e+00,9.227528069539e-02
-3.699553176070e+00,1.660153666735e+00,9.227455347096e-02
-3.699512475627e+00,7.109902525959e+00,8.996000170278e-02
-3.699500478263e+00,1.982179830019e+00,9.227463028380e-02
-3.699328203839e+00,9.680720796463e+00,4.691686592730e-02
-3.699187679566e+00,8.560612917168e+00,8.309149181003e-02
-3.699173907879e+00,1.338127503450e+00,9.227387649195e-02
-3.699081429936e+00,6.575735736254e+00,9.106101690815e-02
-3.699022304175e+00,3.817728960748e+00,9.227482111687e-02
-3.699015814460e+00,2.304205993303e+00,9.227410697820e-02
-3.699002003818e+00,4.107552507706e+00,9.227492792320e-02
-3.698886990247e+00,4.633795052752e+00,9.227495892196e-02
-3.698867330886e+00,6.493397061868e+00,9.120168379157e-02
-3.698829773526e+00,4.670559860335e+00,9.227476392381e-02
-3.698764398584e+00,6.658840236701e+00,9.091261313514e-02
-3.698747035683e+00,5.706523131398e+00,9.227197728705e-02
-3.698653835134e+00,3.527905413790e+00,9.227417420878e-02
-3.698611468116e+00,7.721383805611e+00,8.809104466818e-02
-3.698592934064e+00,4.397376054664e+00,9.227449468749e-02
-3.698552177788e+00,4.708037699682e+00,9.227426877345e-02
-3.698470386548e+00,5.583253278404e+00,9.227192283751e-02
-3.698362673692e+00,1.016101340164e+00,9.227259892602e-02
-3.698264352622e+00,6.038580992786e+00,9.187609648265e-02
-3.698127707892e+00,6.411834690959e+00,9.133542412677e-02
-3.698099184660e+00,2.626232156588e+00,9.227298322895e-02
-3.698065424569e+00,9.053911695675e+00,7.646806756136e-02
-3.698049229913e+00,4.746222413257e+00,9.227347090705e-02
-3.697942595006e+00,5.096386093601e+00,9.227242185737e-02
-3.697910695167e+00,6.742700050479e+00,9.075606632978e-02
-3.697896596697e+00,3.238081866832e+00,9.227298683710e-02
-3.697582725945e+00,9.545641364938e+00,5.868000291860e-02
-3.697459693516e+00,5.832708725192e+00,9.213488006165e-02
-3.697394100016e+00,5.298600326513e+00,9.227116903407e-02
-3.697315995110e+00,4.785107812695e+00,9.227236823354e-02
-3.696935405509e+00,7.399629413704e+00,8.918442115428e-02
-3.696868232099e+00,6.331059065191e+00,9.146273338299e-02
-3.696750588863e+00,2.948258319874e+00,9.227125833734e-02
-3.696734597940e+00,1.692356283063e+00,9.227065028423e-02
-3.696671955176e+00,5.462966162014e+00,9.226974979478e-02
-3.696660301834e+00,2.014382446348e+00,9.227069715649e-02
-3.696514842915e+00,6.827304629982e+00,9.059071378393e-02
-3.696376928050e+00,1.370330119778e+00,9.227000244445e-02
-3.696347577087e+00,4.824687679036e+00,9.227094151738e-02
-3.696154039731e+00,2.336408609632e+00,9.227014309038e-02
-3.696065883199e+00,8.683779920162e+00,8.187924633558e-02
-3.696052537947e+00,3.849931577076e+00,9.227070798947e-02
-3.696010639290e+00,4.139755124034e+00,9.227078490429e-02
-3.695811116701e+00,7.197516014090e+00,8.974601280816e-02
-3.695705667206e+00,3.560108030118e+00,9.227009021329e-02
-3.695587292163e+00,1.048303956493e+00,9.226875323412e-02
-3.695579971236e+00,4.429578670992e+00,9.227032100081e-02
-3.695400141375e+00,7.604945828164e+00,8.852419299580e-02
-3.695215811631e+00,2.658434772916e+00,9.226898774123e-02
-3.695139118205e+00,4.864955762965e+00,9.226912392937e-02
-3.695131204010e+00,5.140818792345e+00,9.226843529666e-02
-3.695094639023e+00,6.251080590167e+00,9.158406137696e-02
-3.694970027069e+00,3.270284483160e+00,9.226893122986e-02
-3.694736889836e+00,9.164990261349e+00,7.407007288002e-02
-3.694610968749e+00,9.410815645181e+00,6.603396192040e-02
-3.694571430312e+00,6.912643393018e+00,9.041580038112e-02
-3.694566982766e+00,5.961742538040e+00,9.197859759688e-02
-3.694068124916e+00,8.170181533879e+00,8.597265569968e-02
-3.693916019811e+00,1.724558899392e+00,9.226674183498e-02
-3.693884356070e+00,8.050388010837e+00,8.663206252298e-02
-3.693845617534e+00,2.980460936202e+00,9.226723038994e-02
-3.693820125405e+00,2.046585062676e+00,9.226675868553e-02
-3.693685799671e+00,4.905905785029e+00,9.226698950135e-02
-3.693579948221e+00,1.402532736107e+00,9.226612321309e-02
-3.693457481195e+00,8.290810186811e+00,8.522334871260e-02
-3.693394775644e+00,5.345728242829e+00,9.226545220960e-02
-3.693292265002e+00,2.368611225960e+00,9.226617377523e-02
-3.693082771719e+00,3.882134193405e+00,9.226658901774e-02
-3.693019274762e+00,4.171957740363e+00,9.226663595570e-02
-3.692912438921e+00,7.931444179581e+00,8.721698975598e-02
-3.692826360358e+00,5.633708845155e+00,9.226391639341e-02
-3.692812728387e+00,6.171909635020e+00,9.169980677443e-02
-3.692811910633e+00,1.080506572821e+00,9.226490243463e-02
-3.692757499278e+00,3.592310646447e+00,9.226600045636e-02
-3.692567008408e+00,4.461781287321e+00,9.226614129653e-02
-3.692397056894e+00,5.758288096817e+00,9.222638707238e-02
-3.692332438603e+00,2.690637389245e+00,9.226498673985e-02
-3.692124959618e+00,8.807722218058e+00,8.043561490762e-02
-3.692075111345e+00,6.998705723158e+00,9.023042717318e-02
-3.692046250613e+00,8.412259367931e+00,8.436262805047e-02
-3.692046084990e+00,5.185894069237e+00,9.226398475221e-02
-3.692043457441e+00,3.302487099489e+00,9.226486994170e-02
-3.691982841733e+00,4.947531435841e+00,9.226453789533e-02
-3.691714145748e+00,5.512081087849e+00,9.226267867020e-02
-3.691540576554e+00,7.285819860448e+00,8.951790121445e-02
-3.691426009619e+00,7.489414211291e+00,8.891685418098e-02
-3.691158727558e+00,7.813364561634e+00,8.773917468490e-02
-3.691097441682e+00,1.756761515720e+00,9.226282811099e-02
-3.690979948976e+00,2.078787679004e+00,9.226281485842e-02
-3.690940646206e+00,3.012663552531e+00,9.226319683984e-02
-3.690782968391e+00,1.434735352435e+00,9.226223878592e-02
-3.690674519995e+00,9.792782670949e+00,3.083841575094e-02
-3.690438974397e+00,8.920090753889e+00,7.885890746162e-02
-3.690430490274e+00,2.400813842289e+00,9.226219901995e-02
-3.690415388455e+00,9.276252395223e+00,7.106374207229e-02
-3.690384420921e+00,5.885751596490e+00,9.207676183966e-02
-3.690113005491e+00,3.914336809734e+00,9.226246418741e-02
-3.690043685437e+00,9.657503707497e+00,4.980138259368e-02
-3.690036529104e+00,1.112709189150e+00,9.226104651588e-02
-3.690028363854e+00,6.093556532079e+00,9.181020605962e-02
-3.690027910234e+00,4.204160356692e+00,9.226248106282e-02
-3.690025503846e+00,4.989826376321e+00,9.226168373394e-02
-3.689828349054e+00,8.534514436267e+00,8.336699641146e-02
-3.689809331350e+00,3.624513262776e+00,9.226190492403e-02
-3.689554045581e+00,4.493983903650e+00,9.226195555975e-02
-3.689449065574e+00,2.722840005573e+00,9.226098021173e-02
-3.689116887812e+00,3.334689715818e+00,9.226080295894e-02
-3.689103055845e+00,5.393471540423e+00,9.225936573891e-02
-3.689020605560e+00,7.085480970201e+00,9.003332254327e-02
-3.688682700941e+00,5.231605436551e+00,9.225918725589e-02
-3.688629665633e+00,7.696163637637e+00,8.820695856252e-02
-3.688278863553e+00,1.788964132049e+00,9.225890910001e-02
-3.688214144853e+00,9.030929970925e+00,7.699354989299e-02
-3.688184396001e+00,9.522470237814e+00,6.041040528610e-02
-3.688139772547e+00,2.110990295333e+00,9.225886566263e-02
-3.688102403542e+00,6.552154386848e+00,9.111365274453e-02
-3.688035674877e+00,3.044866168860e+00,9.225915767361e-02
-3.687985988562e+00,1.466937968764e+00,9.225834915097e-02
-3.687864924658e+00,6.635115991893e+00,9.096791334216e-02
-3.687809420541e+00,6.469959745085e+00,9.125196342031e-02
-3.687809084837e+00,5.032784237929e+00,9.225846421005e-02
-3.687568715545e+00,2.433016458617e+00,9.225821881173e-02
-3.687261147575e+00,1.144911805478e+00,9.225718546615e-02
-3.687143239263e+00,3.946539426062e+00,9.225833348412e-02
-3.687091436919e+00,6.718834050594e+00,9.081413544386e-02
-3.687036545706e+00,4.236362973021e+00,9.225832021101e-02
-3.686991587405e+00,6.388542540892e+00,9.138351758155e-02
-3.686867026870e+00,5.684744318119e+00,9.225550982624e-02
-3.686861163422e+00,3.656715879105e+00,9.225780360225e-02
-3.686797782890e+00,8.657560712063e+00,8.220276816737e-02
-3.686747472744e+00,6.016031576534e+00,9.191576895563e-02
-3.686695778150e+00,7.374803312789e+00,8.927424866960e-02
-3.686565692545e+00,2.755042621902e+00,9.225696814373e-02
-3.686541082753e+00,4.526186519978e+00,9.225776377546e-02
-3.686450207388e+00,5.561790416479e+00,9.225522073784e-02
-3.686190318184e+00,3.366892332146e+00,9.225673026784e-02
-3.685776458234e+00,6.803298018424e+00,9.065178470105e-02
-3.685722779156e+00,5.810618352861e+00,9.217085623087e-02
-3.685654580557e+00,6.307913212784e+00,9.150879510375e-02
-3.685634780538e+00,4.615727058117e+00,9.225650276588e-02
-3.685631510700e+00,4.652312203325e+00,9.225640755405e-02
-3.685460285424e+00,1.821166748377e+00,9.225498478977e-02
-3.685408696661e+00,4.689611401704e+00,9.225601450242e-02
-3.685402698265e+00,7.172958450552e+00,8.982373062576e-02
-3.685331786080e+00,7.579855846847e+00,8.862948368681e-02
-3.685328923094e+00,5.076398622875e+00,9.225492040719e-02
-3.685299596118e+00,2.143192911661e+00,9.225491108560e-02
-3.685189008733e+00,1.499140585092e+00,9.225445429623e-02
-3.685130703549e+00,3.077068785188e+00,9.225511287782e-02
-3.685099054187e+00,9.387691036524e+00,6.718562361386e-02
-3.685036555089e+00,5.277946378282e+00,9.225396549230e-02
-3.684998497681e+00,9.141960355017e+00,7.471885336106e-02
-3.684961360530e+00,4.727618499596e+00,9.225531981618e-02
-3.684706940816e+00,2.465219074946e+00,9.225423313771e-02
-3.684514570575e+00,5.441823616305e+00,9.225280137774e-02
-3.684485766045e+00,1.177114421807e+00,9.225331927371e-02
-3.684438518045e+00,8.144452375229e+00,8.614828008033e-02
-3.684284562729e+00,4.766327312496e+00,9.225424076639e-02
-3.684173473034e+00,3.978742042391e+00,9.225419689350e-02
-3.684165813611e+00,8.024784330911e+00,8.678798792748e-02
-3.684045181178e+00,4.268565589349e+00,9.225415338555e-02
-3.683917391862e+00,8.264956733295e+00,8.542322515555e-02
-3.683914571752e+00,6.888497316241e+00,9.048013209410e-02
-3.683912995494e+00,3.688918495433e+00,9.225369647696e-02
-3.683804140774e+00,6.228082163183e+00,9.162823192082e-02
-3.683682319517e+00,2.787245238230e+00,9.225295052268e-02
-3.683528119925e+00,4.558389136307e+00,9.225356592866e-02
-3.683373402161e+00,4.805731625277e+00,9.225284863059e-02
-3.683263748556e+00,3.399094948475e+00,9.225265185462e-02
-3.683105548334e+00,7.905967159513e+00,8.735637020399e-02
-3.682976045901e+00,5.939345026019e+00,9.201680407203e-02
-3.682948649295e+00,8.781383477261e+00,8.082304529555e-02
-3.682641707295e+00,1.853369364706e+00,9.225105516793e-02
-3.682596255245e+00,8.386282806108e+00,8.459184661071e-02
-3.682580396731e+00,5.120663104362e+00,9.225092864177e-02
-3.682459419689e+00,2.175395527990e+00,9.225095111471e-02
-3.682392028904e+00,1.531343201421e+00,9.225055420967e-02
-3.682225732220e+00,3.109271401517e+00,9.225106243898e-02
-3.682223016367e+00,4.845825192435e+00,9.225114212722e-02
-3.681845166087e+00,2.497421691274e+00,9.225024198497e-02
-3.681710384516e+00,1.209317038136e+00,9.224944792679e-02
-3.681504037338e+00,9.769520177870e+00,3.573764687069e-02
-3.681500426111e+00,6.974421330647e+00,9.029836531880e-02
-3.681446073028e+00,6.149059758024e+00,9.174213668130e-02
-3.681271710883e+00,7.464455586611e+00,8.901294289967e-02
-3.681264081802e+00,7.788015379809e+00,8.786418110135e-02
-3.681216240822e+00,7.261127447548e+00,8.960044631193e-02
-3.681203706806e+00,4.010944658720e+00,9.225005440113e-02
-3.681103191060e+00,5.324910350378e+00,9.224833298661e-02
-3.681053816651e+00,4.300768205678e+00,9.224998057172e-02
-3.681018328179e+00,9.904990997852e+00,6.608629175250e-06
-3.680964827565e+00,3.721121111762e+00,9.224958353403e-02
-3.680875898301e+00,5.612087460222e+00,9.224726973360e-02
-3.680828581715e+00,4.886601738304e+00,9.224912040978e-02
-3.680798946488e+00,2.819447854559e+00,9.224892733538e-02
-3.680790118920e+00,9.253174860541e+00,7.188458384117e-02
-3.680759167036e+00,9.634286618530e+00,5.237735420839e-02
-3.680588232354e+00,5.736352953274e+00,9.224653697538e-02
-3.680515157098e+00,4.590591752636e+00,9.224936200426e-02
-3.680475044878e+00,8.897157762796e+00,7.927390430459e-02
-3.680469018544e+00,8.508415955367e+00,8.363229033411e-02
-3.680337178927e+00,3.431297564804e+00,9.224856770546e-02
-3.679823129166e+00,1.885571981034e+00,9.224712022216e-02
-3.679624990713e+00,5.490777840154e+00,9.224585466031e-02
-3.679619243260e+00,2.207598144318e+00,9.224698573732e-02
-3.679595049074e+00,1.563545817749e+00,9.224664887921e-02
-3.679558923730e+00,5.165571226836e+00,9.224658130033e-02
-3.679320760892e+00,3.141474017846e+00,9.224700634355e-02
-3.679185313594e+00,4.928054957267e+00,9.224667223671e-02
-3.678983391358e+00,2.529624307603e+00,9.224624534057e-02
-3.678935002986e+00,1.241519654464e+00,9.224557141357e-02
-3.678786066056e+00,9.499299110690e+00,6.199459681903e-02
-3.678720137505e+00,5.863507100217e+00,9.211359424877e-02
-3.678647863150e+00,7.670943469663e+00,8.832007589761e-02
-3.678586246213e+00,6.070856326410e+00,9.185089813164e-02
-3.678528735493e+00,7.061059414443e+00,9.010525526907e-02
-3.678362865137e+00,9.007948246175e+00,7.749367953997e-02
-3.678233940579e+00,4.043147275048e+00,9.224590599253e-02
-3.678062452123e+00,4.332970822006e+00,9.224580175471e-02
-3.678016659637e+00,3.753323728090e+00,9.224546475931e-02
-3.677915573459e+00,2.851650470888e+00,9.224489856857e-02
-3.677529682580e+00,8.631341503965e+00,8.251335490440e-02
-3.677410609299e+00,3.463500181132e+00,9.224447780651e-02
-3.677288466585e+00,4.970178513987e+00,9.224389419676e-02
-3.677123377148e+00,6.528573037441e+00,9.116547040239e-02
-3.677004551037e+00,1.917774597362e+00,9.224317994005e-02
-3.676965450732e+00,6.611391747085e+00,9.102232523594e-02
-3.676878193046e+00,5.372490780967e+00,9.224228704644e-02
-3.676798069245e+00,1.595748434078e+00,9.224273829273e-02
-3.676779066831e+00,2.239800760647e+00,9.224301494076e-02
-3.676751510196e+00,6.446522428301e+00,9.130148315695e-02
-3.676456150792e+00,7.349977211874e+00,8.936210790799e-02
-3.676415789563e+00,3.173676634174e+00,9.224294457796e-02
-3.676272178671e+00,6.694968050709e+00,9.087124428056e-02
-3.676259962124e+00,5.211116506199e+00,9.224184490433e-02
-3.676159621457e+00,1.273722270793e+00,9.224168972221e-02
-3.676121616629e+00,2.561826923931e+00,9.224224319154e-02
-3.675855466918e+00,6.365250390826e+00,9.143090411511e-02
-3.675587139626e+00,9.364566427868e+00,6.825683132742e-02
-3.675264174351e+00,4.075349891377e+00,9.224175165320e-02
-3.675263430784e+00,7.554765865530e+00,8.873235385422e-02
-3.675260105526e+00,9.118930448685e+00,7.533304919919e-02
-3.675230592867e+00,5.993482160283e+00,9.195492932775e-02
-3.675133334621e+00,5.012966043643e+00,9.224079235763e-02
-3.675071087595e+00,4.365173438335e+00,9.224161691970e-02
-3.675068491709e+00,3.785526344419e+00,9.224134013859e-02
-3.675038073553e+00,6.779291406865e+00,9.071181554166e-02
-3.675032200431e+00,2.883853087216e+00,9.224086420895e-02
-3.674994279830e+00,7.148400887013e+00,8.989992954105e-02
-3.674987018057e+00,5.662965504840e+00,9.223886434371e-02
-3.674808911174e+00,8.118723216578e+00,8.631868448730e-02
-3.674484039670e+00,3.495702797461e+00,9.224038214385e-02
-3.674447271152e+00,7.999180650985e+00,8.693953807182e-02
-3.674440929015e+00,6.284767360376e+00,9.155419814232e-02
-3.674430028227e+00,5.540327554554e+00,9.223839355559e-02
-3.674377302529e+00,8.239103279779e+00,8.561624958698e-02
-3.674185972907e+00,1.949977213691e+00,9.223923430918e-02
-3.674001089416e+00,1.627951050406e+00,9.223882243809e-02
-3.673985864796e+00,5.788527980530e+00,9.220639910560e-02
-3.673938890402e+00,2.272003376975e+00,9.223903871230e-02
-3.673772338971e+00,8.755044736463e+00,8.119269953222e-02
-3.673510818235e+00,3.205879250503e+00,9.223887712860e-02
-3.673384239927e+00,1.305924887121e+00,9.223780284085e-02
-3.673298657748e+00,7.880490139446e+00,8.749204845518e-02
-3.673259841901e+00,2.594029540259e+00,9.223823552485e-02
-3.673257713192e+00,6.864351239464e+00,9.054333501480e-02
-3.673146259877e+00,8.360306244284e+00,8.481327974814e-02
-3.672715251181e+00,5.056411152148e+00,9.223724728872e-02
-3.672679010162e+00,5.257292430052e+00,9.223666825308e-02
-3.672513642526e+00,6.205083736199e+00,9.167178779845e-02
-3.672433247874e+00,4.634064546315e+00,9.223797837182e-02
-3.672357185973e+00,5.420681070596e+00,9.223579762806e-02
-3.672333554681e+00,9.746257684791e+00,3.997083015118e-02
-3.672294408122e+00,4.107552507706e+00,9.223759136856e-02
-3.672265215533e+00,4.671185103725e+00,9.223762310747e-02
-3.672148827402e+00,2.916055703545e+00,9.223682424321e-02
-3.672120323781e+00,3.817728960748e+00,9.223720965762e-02
-3.672079723067e+00,4.397376054664e+00,9.223742605180e-02
-3.671962102739e+00,9.881683659483e+00,1.008952940755e-02
-3.671873491147e+00,4.709014585935e+00,9.223696082080e-02
-3.671557470042e+00,3.527905413790e+00,9.223628070355e-02
-3.671474648635e+00,9.611069529563e+00,5.469171280886e-02
-3.671385109036e+00,5.916947513999e+00,9.205453008323e-02
-3.671369436047e+00,7.762666197984e+00,8.798605523412e-02
-3.671367394778e+00,1.982179830019e+00,9.223528331707e-02
-3.671253130349e+00,4.747546812296e+00,9.223598919406e-02
-3.671204109586e+00,1.660153666735e+00,9.223490130310e-02
-3.671164849385e+00,9.230097325858e+00,7.265652757811e-02
-3.671117412147e+00,7.439496961932e+00,8.910692335557e-02
-3.671109688032e+00,8.482317474467e+00,8.388792291693e-02
-3.671098713973e+00,2.304205993303e+00,9.223505703918e-02
-3.670958532827e+00,7.812500250013e-02,9.227075005645e-02
-3.670958532827e+00,1.406250045003e-01,9.226113449304e-02
-3.670958532827e+00,1.718750055004e-01,9.225686548697e-02
-3.670958532827e+00,2.343750075005e-01,9.224941764056e-02
-3.670958532827e+00,4.531250145001e-01,9.223499586056e-02
-3.670958532827e+00,4.843750155000e-01,9.223443170100e-02
-3.670958532827e+00,5.156250165000e-01,9.223424360977e-02
-3.670958532827e+00,5.468750175001e-01,9.223424360977e-02
-3.670958532827e+00,7.656250245003e-01,9.223424360977e-02
-3.670958532827e+00,7.968750255002e-01,9.223424360977e-02
-3.670958532827e+00,8.906250285002e-01,9.223424360977e-02
-3.670958532827e+00,1.562500050003e-02,9.228178322622e-02
-3.670958532827e+00,4.687500150008e-02,9.227609097129e-02
-3.670958532827e+00,1.093750035002e-01,9.226576359075e-02
-3.670958532827e+00,2.031250065004e-01,9.225295909631e-02
-3.670958532827e+00,2.656250085005e-01,9.224624323091e-02
-3.670958532827e+00,2.968750095005e-01,9.224343776650e-02
-3.670958532827e+00,3.281250105004e-01,9.224100293112e-02
-3.670958532827e+00,3.593750115004e-01,9.223894019019e-02
-3.670958532827e+00,3.906250125003e-01,9.223725078813e-02
-3.670958532827e+00,4.218750135002e-01,9.223593574619e-02
-3.670958532827e+00,5.781250185001e-01,9.223424360977e-02
-3.670958532827e+00,6.093750195001e-01,9.223424360977e-02
-3.670958532827e+00,6.406250205002e-01,9.223424360977e-02
-3.670958532827e+00,6.718750215002e-01,9.223424360977e-02
-3.670958532827e+00,7.031250225003e-01,9.223424360977e-02
-3.670958532827e+00,7.343750235003e-01,9.223424360977e-02
-3.670958532827e+00,8.281250265001e-01,9.223424360977e-02
-3.670958532827e+00,8.593750275001e-01,9.223424360977e-02
-3.670958532827e+00,9.218750295001e-01,9.223424360977e-02
-3.670958532827e+00,9.531250305001e-01,9.223424360977e-02
-3.670958532827e+00,9.843750315000e-01,9.223424360977e-02
-3.670925740877e+00,6.950136938135e+00,9.036501891634e-02
-3.670891905091e+00,7.236435034648e+00,8.968132503054e-02
-3.670608858398e+00,1.338127503450e+00,9.223391075755e-02
-3.670605846906e+00,3.238081866832e+00,9.223480398181e-02
-3.670511115360e+00,8.874224771703e+00,7.967099818813e-02
-3.670399227236e+00,4.786775571517e+00,9.223470638091e-02
-3.670398067172e+00,2.626232156588e+00,9.223422232745e-02
-3.670079417669e+00,6.126209881028e+00,9.178389542426e-02
-3.670029589452e+00,5.100507416379e+00,9.223335046079e-02
-3.669581641212e+00,1.016101340164e+00,9.223231105861e-02
-3.669387736112e+00,9.476127983566e+00,6.345032073660e-02
-3.669324641894e+00,4.139755124034e+00,9.223342512401e-02
-3.669306914530e+00,4.826694621904e+00,9.223306895856e-02
-3.669265454373e+00,2.948258319874e+00,9.223277865796e-02
-3.669172155853e+00,3.849931577076e+00,9.223307330211e-02
-3.669088358539e+00,4.429578670992e+00,9.223322913608e-02
-3.668925436245e+00,5.590466075288e+00,9.223055020844e-02
-3.668811606476e+00,5.304092457926e+00,9.223113228331e-02
-3.668779407815e+00,5.714417809730e+00,9.223001648959e-02
-3.668666060667e+00,7.645723301689e+00,8.843049612623e-02
-3.668630900414e+00,3.560108030118e+00,9.223217347161e-02
-3.668548816649e+00,2.014382446348e+00,9.223132695124e-02
-3.668511585420e+00,8.984966521425e+00,7.797023829166e-02
-3.668407129757e+00,1.692356283063e+00,9.223097487554e-02
-3.668261582271e+00,8.605122295866e+00,8.281175513065e-02
-3.668258537544e+00,2.336408609632e+00,9.223106990862e-02
-3.668036865427e+00,7.036637858685e+00,9.017583971992e-02
-3.667971363758e+00,4.867297691580e+00,9.223105296531e-02
-3.667833476868e+00,1.370330119778e+00,9.223001346039e-02
-3.667700875578e+00,3.270284483160e+00,9.223072512391e-02
-3.667536292443e+00,2.658434772916e+00,9.223020358624e-02
-3.667535835679e+00,5.469474592459e+00,9.222887673688e-02
-3.667144128571e+00,6.048156120742e+00,9.189105551581e-02
-3.667071762469e+00,5.145248384434e+00,9.222908888102e-02
-3.667055854088e+00,5.841262603945e+00,9.214997531011e-02
-3.666827857983e+00,1.048303956493e+00,9.222844210168e-02
-3.666387785455e+00,4.908578478693e+00,9.222871432405e-02
-3.666382081345e+00,2.980460936202e+00,9.222872743979e-02
-3.666354875666e+00,4.171957740363e+00,9.222925290491e-02
-3.666223987924e+00,3.882134193405e+00,9.222893105773e-02
-3.666216523432e+00,7.325151110960e+00,8.944813387655e-02
-3.666144350754e+00,6.504991688034e+00,9.121648985137e-02
-3.666096994011e+00,4.461781287321e+00,9.222902615756e-02
-3.666075225064e+00,9.341441819211e+00,6.925570699071e-02
-3.666065976806e+00,6.587667502277e+00,9.107579016840e-02
-3.665730238520e+00,2.046585062676e+00,9.222736519914e-02
-3.665704330786e+00,3.592310646447e+00,9.222806043399e-02
-3.665693599851e+00,6.423085111518e+00,9.135026116366e-02
-3.665610149928e+00,1.724558899392e+00,9.222704314317e-02
-3.665521713371e+00,9.095900542352e+00,7.591534134055e-02
-3.665452920423e+00,6.671102050824e+00,9.092741749065e-02
-3.665418361116e+00,2.368611225960e+00,9.222707730778e-02
-3.665195075488e+00,7.529675884213e+00,8.883288591995e-02
-3.665179304303e+00,8.092994057928e+00,8.648409517239e-02
-3.665058095339e+00,1.402532736107e+00,9.222611093737e-02
-3.664837213196e+00,8.213249826263e+00,8.580326870634e-02
-3.664795904249e+00,3.302487099489e+00,9.222664054114e-02
-3.664728728693e+00,7.973576971059e+00,8.708689258434e-02
-3.664719346432e+00,6.341958240760e+00,9.147760028080e-02
-3.664674517714e+00,2.690637389245e+00,9.222617928808e-02
-3.664653330246e+00,5.351510021510e+00,9.222510290483e-02
-3.664596028648e+00,8.728705995665e+00,8.154551520248e-02
-3.664585861394e+00,7.123843323475e+00,8.997465432149e-02
-3.664551429324e+00,4.950530651652e+00,9.222605293575e-02
-3.664299688872e+00,6.755284795306e+00,9.077083362638e-02
-3.664074074753e+00,1.080506572821e+00,9.222456799546e-02
-3.663837223307e+00,5.190627575846e+00,9.222436946657e-02
-3.663713712989e+00,5.970932744031e+00,9.199358849280e-02
-3.663696264509e+00,8.334329682461e+00,8.502731255622e-02
-3.663498708316e+00,3.012663552531e+00,9.222467057526e-02
-3.663491767161e+00,7.855013119379e+00,8.762416889878e-02
-3.663385109438e+00,4.204160356692e+00,9.222507469655e-02
-3.663275819996e+00,3.914336809734e+00,9.222478291008e-02
-3.663227277473e+00,6.261621507968e+00,9.159895761623e-02
-3.663163072024e+00,9.722995191713e+00,4.366504609396e-02
-3.663107009244e+00,5.641186691560e+00,9.222216235214e-02
-3.663105629483e+00,4.493983903650e+00,9.222481710123e-02
-3.662911660391e+00,2.078787679004e+00,9.222339804820e-02
-3.662905877300e+00,9.858376321113e+00,1.829655109671e-02
-3.662813170098e+00,1.756761515720e+00,9.222310609368e-02
-3.662777761157e+00,3.624513262776e+00,9.222394157663e-02
-3.662600854633e+00,6.840205162687e+00,9.060543950343e-02
-3.662578184687e+00,2.400813842289e+00,9.222307922378e-02
-3.662457584406e+00,4.993147849359e+00,9.222294142088e-02
-3.662409849066e+00,5.518864692628e+00,9.222151040197e-02
-3.662282713809e+00,1.434735352435e+00,9.222220317649e-02
-3.662248950436e+00,5.766437608198e+00,9.222061774826e-02
-3.662190130234e+00,9.587852440597e+00,5.678233190154e-02
-3.661890932921e+00,3.334689715818e+00,9.222255021973e-02
-3.661812742985e+00,2.722840005573e+00,9.222214941978e-02
-3.661750357522e+00,8.456218993567e+00,8.413440524873e-02
-3.661539579850e+00,9.207019791176e+00,7.338379955619e-02
-3.661474790291e+00,7.737317016159e+00,8.810491238195e-02
-3.661320291523e+00,1.112709189150e+00,9.222068872822e-02
-3.661223144277e+00,6.182085309215e+00,9.171466556295e-02
-3.660963113410e+00,7.414538337252e+00,8.919886442643e-02
-3.660615335287e+00,3.044866168860e+00,9.222060805085e-02
-3.660567569359e+00,7.211742621748e+00,8.976058784985e-02
-3.660547185841e+00,8.851291780610e+00,8.005111965529e-02
-3.660415343210e+00,4.236362973021e+00,9.222089048419e-02
-3.660351055643e+00,6.925852545624e+00,9.043047865692e-02
-3.660327652068e+00,3.946539426062e+00,9.222062884476e-02
-3.660321465236e+00,5.236638481822e+00,9.221931643241e-02
-3.660199801372e+00,5.399538524887e+00,9.221871486507e-02
-3.660114264955e+00,4.526186519978e+00,9.222060195200e-02
-3.660101579269e+00,5.036423681421e+00,9.221949483743e-02
-3.660093082262e+00,2.110990295333e+00,9.221942548579e-02
-3.660016190269e+00,1.788964132049e+00,9.221916371474e-02
-3.659989406167e+00,9.452956856442e+00,6.479256126775e-02
-3.659851191529e+00,3.656715879105e+00,9.221981688541e-02
-3.659794172171e+00,5.894550001978e+00,9.209178566782e-02
-3.659738008257e+00,2.433016458617e+00,9.221907564372e-02
-3.659507332280e+00,1.466937968764e+00,9.221829016568e-02
-3.659234985049e+00,4.615816889305e+00,9.221936280703e-02
-3.659121734406e+00,4.652758805747e+00,9.221911047736e-02
-3.658993481961e+00,8.578903087767e+00,8.309866149747e-02
-3.658985961592e+00,3.366892332146e+00,9.221845414586e-02
-3.658950968257e+00,2.755042621902e+00,9.221811396815e-02
-3.658785621764e+00,4.690410672274e+00,9.221855335941e-02
-3.658712762310e+00,6.103360004032e+00,9.182509554190e-02
-3.658684258185e+00,7.620503133714e+00,8.853831415523e-02
-3.658660305704e+00,8.961984796675e+00,7.842484495776e-02
-3.658566508294e+00,1.144911805478e+00,9.221680428816e-02
-3.658221697968e+00,4.728766312097e+00,9.221767426580e-02
-3.657731962259e+00,3.077068785188e+00,9.221653985305e-02
-3.657544995359e+00,7.012216302928e+00,9.024510739780e-02
-3.657478782172e+00,5.080351728396e+00,9.221569659029e-02
-3.657445576982e+00,4.268565589349e+00,9.221670025305e-02
-3.657425052311e+00,4.767819517757e+00,9.221641202397e-02
-3.657379484140e+00,3.978742042391e+00,9.221646884727e-02
-3.657274504133e+00,2.143192911661e+00,9.221544749928e-02
-3.657219210440e+00,1.821166748377e+00,9.221521599400e-02
-3.657122900428e+00,4.558389136307e+00,9.221638069476e-02
-3.656974974189e+00,5.568844690354e+00,9.221366556588e-02
-3.656970583276e+00,5.692482666187e+00,9.221334466499e-02
-3.656924621900e+00,3.688918495433e+00,9.221568634615e-02
-3.656897831829e+00,2.465219074946e+00,9.221506655464e-02
-3.656731950750e+00,1.499140585092e+00,9.221437189286e-02
-3.656563310503e+00,9.318317210554e+00,7.018931515878e-02
-3.656520021892e+00,5.283274565475e+00,9.221376722092e-02
-3.656390812692e+00,4.807564051373e+00,9.221483034524e-02
-3.656089193528e+00,2.787245238230e+00,9.221407291991e-02
-3.656080990264e+00,3.399094948475e+00,9.221435230566e-02
-3.655976896074e+00,7.300325010045e+00,8.953238370547e-02
-3.655812725064e+00,1.177114421807e+00,9.221291466346e-02
-3.655783321216e+00,9.072870636020e+00,7.646814080023e-02
-3.655702010930e+00,6.025455915074e+00,9.193068973340e-02
-3.655549697432e+00,8.067264899277e+00,8.664472571922e-02
-3.655446680644e+00,5.448171344763e+00,9.221181140123e-02
-3.655419718325e+00,8.702367254867e+00,8.188362810146e-02
-3.655391570672e+00,5.819018107672e+00,9.218591428605e-02
-3.655297123863e+00,8.187396372747e+00,8.598455431216e-02
-3.655166502880e+00,6.563943257468e+00,9.112838777829e-02
-3.655165324361e+00,6.481410338628e+00,9.126673044852e-02
-3.655126720192e+00,7.504585902896e+00,8.893115870161e-02
-3.655114145802e+00,4.847993644855e+00,9.221292819132e-02
-3.655010186234e+00,7.947973291133e+00,8.723022156389e-02
-3.654848589230e+00,3.109271401517e+00,9.221246596828e-02
-3.654635689506e+00,6.399647794734e+00,9.139831505745e-02
-3.654633662174e+00,6.647236050939e+00,9.098267892589e-02
-3.654584601208e+00,5.124925542033e+00,9.221143524626e-02
-3.654475810754e+00,4.300768205678e+00,9.221250398828e-02
-3.654455926004e+00,2.175395527990e+00,9.221146407596e-02
-3.654431316212e+00,4.010944658720e+00,9.221230290311e-02
-3.654422230611e+00,1.853369364706e+00,9.221126291906e-02
-3.654246269141e+00,8.308353120637e+00,8.523430543235e-02
-3.654177442958e+00,7.099285759936e+00,9.004794805355e-02
-3.654131535900e+00,4.590591752636e+00,9.221215331434e-02
-3.654057655400e+00,2.497421691274e+00,9.221105194357e-02
-3.653998052272e+00,3.721121111762e+00,9.221154994466e-02
-3.653992589367e+00,9.699732698634e+00,4.691698004115e-02
-3.653956569221e+00,1.531343201421e+00,9.221044834592e-02
-3.653849651860e+00,9.835068982744e+00,2.510278624174e-02
-3.653684876575e+00,7.829536099311e+00,8.775275981466e-02
-3.653590257316e+00,4.889102000120e+00,9.221068027433e-02
-3.653583225945e+00,6.318666090693e+00,9.152362214542e-02
-3.653561304190e+00,6.731278183747e+00,9.082886536874e-02
-3.653227418799e+00,2.819447854559e+00,9.221002626177e-02
-3.653176018935e+00,3.431297564804e+00,9.221024468523e-02
-3.653058941835e+00,1.209317038136e+00,9.220901984228e-02
-3.652905611832e+00,9.564635351630e+00,5.868011139565e-02
-3.652428467447e+00,5.330529262053e+00,9.220786309290e-02
-3.652391027010e+00,8.430120512667e+00,8.437221341089e-02
-3.652196833111e+00,5.948383327779e+00,9.203175705463e-02
-3.652013625930e+00,6.238475655560e+00,9.164308820770e-02
-3.651965216201e+00,3.141474017846e+00,9.220838638291e-02
-3.651943996073e+00,6.816059085909e+00,9.066647488708e-02
-3.651914310316e+00,9.183942256493e+00,7.407015286340e-02
-3.651814392063e+00,4.930882789318e+00,9.220801270588e-02
-3.651637347874e+00,2.207598144318e+00,9.220747520312e-02
-3.651625250781e+00,1.885571981034e+00,9.220730447747e-02
-3.651580144535e+00,7.711967834334e+00,8.822086238650e-02
-3.651506044526e+00,4.332970822006e+00,9.220830167500e-02
-3.651483148283e+00,4.043147275048e+00,9.220813099772e-02
-3.651414484489e+00,5.170138645494e+00,9.220683912262e-02
-3.651227000432e+00,5.619407878281e+00,9.220540397039e-02
-3.651217478971e+00,2.529624307603e+00,9.220703179747e-02
-3.651181187692e+00,1.563545817749e+00,9.220651951269e-02
-3.651071482644e+00,3.753323728090e+00,9.220740766669e-02
-3.651023238019e+00,8.826596746862e+00,8.043626104216e-02
-3.650808814674e+00,7.389579712572e+00,8.928862023483e-02
-3.650591076223e+00,9.429785729319e+00,6.603405985531e-02
-3.650512036076e+00,5.744347235867e+00,9.220404410323e-02
-3.650389669905e+00,5.497401830703e+00,9.220452082021e-02
-3.650365644070e+00,2.851650470888e+00,9.220597398040e-02
-3.650305158605e+00,1.241519654464e+00,9.220511981273e-02
-3.650271047607e+00,3.463500181132e+00,9.220613127061e-02
-3.650243233627e+00,7.187050208848e+00,8.983828329933e-02
-3.649932646029e+00,6.159086882230e+00,9.175695693536e-02
-3.649781834190e+00,4.973329655073e+00,9.220501541558e-02
-3.649776370410e+00,6.901568153113e+00,9.049477719229e-02
-3.649725381652e+00,8.552683879668e+00,8.337471579188e-02
-3.649081843173e+00,3.173676634174e+00,9.220430108329e-02
-3.648828270952e+00,1.917774597362e+00,9.220334065677e-02
-3.648818769745e+00,2.239800760647e+00,9.220348086798e-02
-3.648809025988e+00,8.939003071925e+00,7.885897358881e-02
-3.648702455702e+00,7.595282965740e+00,8.864362059970e-02
-3.648536278298e+00,4.365173438335e+00,9.220409329828e-02
-3.648534980355e+00,4.075349891377e+00,9.220395311649e-02
-3.648405806162e+00,1.595748434078e+00,9.220258538097e-02
-3.648377302542e+00,2.561826923931e+00,9.220300610328e-02
-3.648203235307e+00,5.872152489958e+00,9.212858060069e-02
-3.648144913015e+00,3.785526344419e+00,9.220325949793e-02
-3.648042416771e+00,5.378395979178e+00,9.220146653207e-02
-3.647963920309e+00,5.215984533592e+00,9.220178789732e-02
-3.647551375376e+00,1.273722270793e+00,9.220121456288e-02
-3.647503869341e+00,2.883853087216e+00,9.220191606242e-02
-3.647487907357e+00,5.016436210695e+00,9.220166800485e-02
-3.647366076278e+00,3.495702797461e+00,9.220201204781e-02
-3.647346106951e+00,6.080510127036e+00,9.186574922857e-02
-3.647053125293e+00,6.987794747170e+00,9.031295847558e-02
-3.647051395941e+00,9.295192601898e+00,7.106382966495e-02
-3.646243408001e+00,8.676028514069e+00,8.220792362609e-02
-3.646198470144e+00,3.205879250503e+00,9.220021005572e-02
-3.646044929061e+00,9.049840729688e+00,7.699362180369e-02
-3.646031291123e+00,1.949977213691e+00,9.219937144443e-02
-3.646000191616e+00,2.272003376975e+00,9.219948105775e-02
-3.645978253279e+00,4.634332507768e+00,9.220051974241e-02
-3.645920090561e+00,8.041535740627e+00,8.680077790913e-02
-3.645757034530e+00,8.161542919231e+00,8.616036232157e-02
-3.645737268714e+00,7.275498909130e+00,8.961491225233e-02
-3.645697752381e+00,4.671806758613e+00,9.219999781420e-02
-3.645630424633e+00,1.627951050406e+00,9.219864593855e-02
-3.645586812427e+00,4.107552507706e+00,9.219976924477e-02
-3.645566512070e+00,4.397376054664e+00,9.219987884315e-02
-3.645537126113e+00,2.594029540259e+00,9.219897484789e-02
-3.645291643775e+00,7.922369611207e+00,8.736968619847e-02
-3.645218343387e+00,3.817728960748e+00,9.219910542405e-02
-3.645190265587e+00,4.709985811897e+00,9.219916194729e-02
-3.645161758737e+00,5.670547522644e+00,9.219658759504e-02
-3.645058364896e+00,7.479495921579e+00,8.902724760557e-02
-3.645024512132e+00,5.547223305420e+00,9.219672370993e-02
-3.644927974893e+00,5.060196040414e+00,9.219786496957e-02
-3.644822106710e+00,9.676470205555e+00,4.980149687520e-02
-3.644797592146e+00,1.305924887121e+00,9.219730408077e-02
-3.644796273773e+00,8.282376558814e+00,8.543435550984e-02
-3.644793426421e+00,9.811761644375e+00,3.083851556426e-02
-3.644642094613e+00,2.916055703545e+00,9.219785249440e-02
-3.644461104950e+00,3.527905413790e+00,9.219788700280e-02
-3.644450877385e+00,4.748863463998e+00,9.219801007374e-02
-3.644267028955e+00,6.540219012660e+00,9.118016690903e-02
-3.644259893288e+00,6.002755709405e+00,9.196981199513e-02
-3.644228437308e+00,5.262456673023e+00,9.219634599784e-02
-3.644186297967e+00,6.457828989221e+00,9.131621096112e-02
-3.643877985988e+00,7.804059079244e+00,8.787782129882e-02
-3.643814403926e+00,6.623370051054e+00,9.103701660960e-02
-3.643769024522e+00,7.074728196398e+00,9.011985221997e-02
-3.643727287256e+00,5.796773611399e+00,9.219420607635e-02
-3.643621093431e+00,9.541418262664e+00,6.041051202998e-02
-3.643577779161e+00,6.376210477951e+00,9.144566192991e-02
-3.643474710855e+00,4.788433480842e+00,9.219654059586e-02
-3.643357525609e+00,5.426868097068e+00,9.219468957603e-02
-3.643315097115e+00,3.238081866832e+00,9.219611328645e-02
-3.643234311293e+00,1.982179830019e+00,9.219539682792e-02
-3.643181613487e+00,2.304205993303e+00,9.219547575959e-02
-3.643031696499e+00,8.404022031767e+00,8.460179139929e-02
-3.642855043103e+00,1.660153666735e+00,9.219470117315e-02
-3.642822919509e+00,6.707271572188e+00,9.088593631190e-02
-3.642696949684e+00,2.626232156588e+00,9.219493801816e-02
-3.642638644499e+00,4.139755124034e+00,9.219557936785e-02
-3.642596745842e+00,4.429578670992e+00,9.219565829459e-02
-3.642447105458e+00,6.295373940626e+00,9.156898530653e-02
-3.642291773759e+00,3.849931577077e+00,9.219494543066e-02
-3.642289040781e+00,9.160864721811e+00,7.471893182719e-02
-3.642256927846e+00,4.828689598131e+00,9.219468504587e-02
-3.642166701197e+00,5.156250165000e-01,9.219340192687e-02
-3.642166701197e+00,1.562500050003e-02,9.224198421841e-02
-3.642166701197e+00,4.687500150008e-02,9.223616823998e-02
-3.642166701197e+00,7.812500250013e-02,9.223071096104e-02
-3.642166701197e+00,1.093750035002e-01,9.222561561127e-02
-3.642166701197e+00,1.406250045003e-01,9.222088522312e-02
-3.642166701197e+00,1.718750055004e-01,9.221652262660e-02
-3.642166701197e+00,2.031250065004e-01,9.221253044435e-02
-3.642166701197e+00,2.343750075005e-01,9.220891108694e-02
-3.642166701197e+00,2.656250085005e-01,9.220566674869e-02
-3.642166701197e+00,2.968750095005e-01,9.220279940369e-02
-3.642166701197e+00,3.281250105004e-01,9.220031080228e-02
-3.642166701197e+00,3.593750115004e-01,9.219820246793e-02
-3.642166701197e+00,3.906250125003e-01,9.219647569440e-02
-3.642166701197e+00,4.218750135002e-01,9.219513154352e-02
-3.642166701197e+00,4.531250145001e-01,9.219417084311e-02
-3.642166701197e+00,4.843750155000e-01,9.219359418560e-02
-3.642166701197e+00,5.468750175001e-01,9.219340192687e-02
-3.642166701197e+00,5.781250185001e-01,9.219340192687e-02
-3.642166701197e+00,6.718750215002e-01,9.219340192687e-02
-3.642166701197e+00,7.031250225003e-01,9.219340192687e-02
-3.642166701197e+00,7.343750235003e-01,9.219340192687e-02
-3.642166701197e+00,7.656250245003e-01,9.219340192687e-02
-3.642166701197e+00,7.968750255002e-01,9.219340192687e-02
-3.642166701197e+00,8.281250265001e-01,9.219340192687e-02
-3.642166701197e+00,8.593750275001e-01,9.219340192687e-02
-3.642166701197e+00,6.093750195001e-01,9.219340192687e-02
-3.642166701197e+00,6.406250205002e-01,9.219340192687e-02
-3.642166701197e+00,8.906250285002e-01,9.219340192687e-02
-3.642166701197e+00,9.218750295001e-01,9.219340192687e-02
-3.642166701197e+00,9.531250305001e-01,9.219340192687e-02
-3.642166701197e+00,9.843750315000e-01,9.219340192687e-02
-3.642097439947e+00,5.104602699632e+00,9.219372646584e-02
-3.642043808916e+00,1.338127503450e+00,9.219338835442e-02
-3.641939271893e+00,8.800139670461e+00,8.082478225197e-02
-3.641780319884e+00,2.948258319874e+00,9.219378326290e-02
-3.641685498779e+00,7.686618652510e+00,8.833400994791e-02
-3.641556133621e+00,3.560108030118e+00,9.219375612150e-02
-3.641287137513e+00,6.791913009132e+00,9.072646950252e-02
-3.641192746278e+00,9.406614602194e+00,6.718571964312e-02
-3.640800608732e+00,1.016101340164e+00,9.219145753927e-02
-3.640799974388e+00,6.215329803152e+00,9.168654144326e-02
-3.640792729177e+00,4.869625521546e+00,9.219246384313e-02
-3.640679953234e+00,5.925833911527e+00,9.206944533644e-02
-3.640654515938e+00,7.364621087893e+00,8.937647003180e-02
-3.640457281343e+00,8.526464671569e+00,8.364051347138e-02
-3.640437331464e+00,2.014382446348e+00,9.219141679465e-02
-3.640431724087e+00,3.270284483160e+00,9.219201076170e-02
-3.640363035358e+00,2.336408609632e+00,9.219146496061e-02
-3.640203604648e+00,5.309548502597e+00,9.219047197730e-02
-3.640079661574e+00,1.692356283063e+00,9.219075107247e-02
-3.639918897895e+00,7.162357795948e+00,8.991445805037e-02
-3.639856773255e+00,2.658434772916e+00,9.219089560091e-02
-3.639690476571e+00,4.171957740363e+00,9.219138347100e-02
-3.639626979614e+00,4.461781287321e+00,9.219143163752e-02
-3.639365204130e+00,3.882134193405e+00,9.219077950335e-02
-3.639346991619e+00,5.597629065002e+00,9.218848174113e-02
-3.639290025687e+00,1.370330119778e+00,9.218946737180e-02
-3.639201685176e+00,6.877283760602e+00,9.055794604363e-02
-3.639077354801e+00,4.911234926984e+00,9.218991415200e-02
-3.638991745672e+00,5.149649715141e+00,9.218916290281e-02
-3.638957746271e+00,8.916021347175e+00,7.927396930570e-02
-3.638918545155e+00,2.980460936202e+00,9.218970835441e-02
-3.638775121716e+00,5.722256863535e+00,9.218734399308e-02
-3.638720653219e+00,7.570062797766e+00,8.874650202060e-02
-3.638651162293e+00,3.592310646447e+00,9.218961938978e-02
-3.638642147780e+00,6.136088455246e+00,9.179867721127e-02
-3.638369490744e+00,5.475938968778e+00,9.218739444270e-02
-3.638068423803e+00,1.048303956493e+00,9.218756487787e-02
-3.637640351635e+00,2.046585062676e+00,9.218743133199e-02
-3.637548351058e+00,3.302487099489e+00,9.218790246764e-02
-3.637544457229e+00,2.368611225960e+00,9.218744864791e-02
-3.637539481380e+00,9.272067993241e+00,7.188466971740e-02
-3.637304280044e+00,1.724558899392e+00,9.218679562418e-02
-3.637106083975e+00,4.953511460788e+00,9.218700398191e-02
-3.637067097678e+00,8.649689773271e+00,8.251921844792e-02
-3.637016596826e+00,2.690637389245e+00,9.218684758291e-02
-3.636742308643e+00,4.204160356692e+00,9.218718153943e-02
-3.636657213386e+00,4.493983903650e+00,9.218719885682e-02
-3.636612298442e+00,5.849754977937e+00,9.216492440255e-02
-3.636561255226e+00,6.963373191412e+00,9.037958073608e-02
-3.636536242457e+00,1.402532736107e+00,9.218554112084e-02
-3.636438634502e+00,3.914336809734e+00,9.218660762763e-02
-3.636306536906e+00,9.026810823356e+00,7.749375016243e-02
-3.636290483690e+00,8.015806581976e+00,8.695244251787e-02
-3.636216945197e+00,8.135689465715e+00,8.633093390086e-02
-3.636056770426e+00,3.012663552531e+00,9.218562775538e-02
-3.635979451592e+00,6.057660250040e+00,9.190586834567e-02
-3.635885032169e+00,5.357253433469e+00,9.218416107315e-02
-3.635746190964e+00,3.624513262776e+00,9.218547679348e-02
-3.635737200982e+00,9.788454306005e+00,3.573775410344e-02
-3.635651624053e+00,9.653207712476e+00,5.237746796701e-02
-3.635606375382e+00,5.195330585362e+00,9.218418494983e-02
-3.635573101316e+00,7.896765931281e+00,8.750543933667e-02
-3.635497641355e+00,7.250672808215e+00,8.969577221265e-02
-3.635346278405e+00,8.256399996991e+00,8.562761797805e-02
-3.635336238873e+00,1.080506572821e+00,9.218366702500e-02
-3.634990009601e+00,7.454405940262e+00,8.912122480795e-02
-3.634874235445e+00,4.996448739968e+00,9.218365884666e-02
-3.634843371806e+00,2.078787679004e+00,9.218344042730e-02
-3.634725879100e+00,2.400813842289e+00,9.218342680851e-02
-3.634664978029e+00,3.334689715818e+00,9.218378839041e-02
-3.634590999836e+00,9.923932151849e+00,6.608629164861e-06
-3.634528898515e+00,1.756761515720e+00,9.218283481590e-02
-3.634336575030e+00,9.518201173697e+00,6.199470172661e-02
-3.634176420397e+00,2.722840005573e+00,9.218279395090e-02
-3.634071095402e+00,7.778582059177e+00,8.799974331917e-02
-3.633794140714e+00,4.236362973021e+00,9.218297355830e-02
-3.633782459227e+00,1.434735352435e+00,9.218160958945e-02
-3.633687447158e+00,4.526186519978e+00,9.218295993734e-02
-3.633672365989e+00,8.377923550867e+00,8.482355376138e-02
-3.633512064874e+00,3.946539426062e+00,9.218242978899e-02
-3.633367555029e+00,6.516494767852e+00,9.123114757339e-02
-3.633360606086e+00,7.050170632859e+00,9.019040677274e-02
-3.633352934198e+00,5.648612379101e+00,9.217977298956e-02
-3.633207271573e+00,6.434247639814e+00,9.136494958840e-02
-3.633194995697e+00,3.044866168860e+00,9.218154145225e-02
-3.633074050076e+00,5.525601920486e+00,9.217972079483e-02
-3.632995145678e+00,6.599504051170e+00,9.109041544870e-02
-3.632855305768e+00,8.773682594059e+00,8.119528884366e-02
-3.632841219636e+00,3.656715879105e+00,9.218132831839e-02
-3.632834772152e+00,4.615906209789e+00,9.218174268838e-02
-3.632817775647e+00,5.980055503737e+00,9.200843321124e-02
-3.632663771246e+00,9.137787187128e+00,7.533312619236e-02
-3.632609882998e+00,4.653202844952e+00,9.218132685600e-02
-3.632604053943e+00,1.112709189150e+00,9.217976396884e-02
-3.632519868816e+00,6.352773161168e+00,9.149231836622e-02
-3.632377167614e+00,5.040040352431e+00,9.217997805791e-02
-3.632158833206e+00,4.691205311698e+00,9.218059924101e-02
-3.632084534828e+00,6.683264960629e+00,9.094207116351e-02
-3.632063003840e+00,5.774529115126e+00,9.217757937901e-02
-3.632046391976e+00,2.110990295333e+00,9.217944406786e-02
-3.631936852724e+00,5.241638780572e+00,9.217882447249e-02
-3.631907300971e+00,2.433016458617e+00,9.217939942944e-02
-3.631794416334e+00,9.383443475071e+00,6.825692547140e-02
-3.631790853023e+00,7.661269470685e+00,8.844445491903e-02
-3.631781605001e+00,3.366892332146e+00,9.217966851610e-02
-3.631753516985e+00,1.788964132049e+00,9.217886863522e-02
-3.631476702460e+00,4.729907410238e+00,9.217952878947e-02
-3.631336243968e+00,2.755042621902e+00,9.217873469157e-02
-3.631310984971e+00,6.272081790560e+00,9.161370490899e-02
-3.631268370575e+00,5.405564849373e+00,9.217741135198e-02
-3.631189181033e+00,8.500245463470e+00,8.389660772872e-02
-3.631028675998e+00,1.466937968764e+00,9.217767276549e-02
-3.630845972786e+00,4.268565589349e+00,9.217875951272e-02
-3.630717680930e+00,4.558389136307e+00,9.217871486385e-02
-3.630630278954e+00,6.767766932355e+00,9.078545073696e-02
-3.630585495245e+00,3.978742042391e+00,9.217824597287e-02
-3.630558609017e+00,4.769302910312e+00,9.217807664082e-02
-3.630500217201e+00,7.339662463213e+00,8.946248385885e-02
-3.630333220968e+00,3.077068785188e+00,9.217744943138e-02
-3.629936248307e+00,3.688918495433e+00,9.217717395025e-02
-3.629871869013e+00,1.144911805478e+00,9.217585569752e-02
-3.629610278687e+00,5.084279857230e+00,9.217589091754e-02
-3.629594562164e+00,7.137665383048e+00,8.998915700338e-02
-3.629586322846e+00,6.192183950744e+00,9.172937833438e-02
-3.629399709889e+00,4.809385551406e+00,9.217629866442e-02
-3.629249412147e+00,2.143192911661e+00,9.217544224094e-02
-3.629163073356e+00,5.903284495275e+00,9.210666338962e-02
-3.629106466555e+00,8.893039622425e+00,7.967106209653e-02
-3.629088722841e+00,2.465219074946e+00,9.217536649764e-02
-3.628978135456e+00,1.821166748377e+00,9.217489706971e-02
-3.628898231972e+00,3.399094948475e+00,9.217554283074e-02
-3.628738850736e+00,7.544842629791e+00,8.884704114681e-02
-3.628626999942e+00,6.852999368090e+00,9.062001564925e-02
-3.628496067539e+00,2.787245238230e+00,9.217466979159e-02
-3.628274892768e+00,1.499140585092e+00,9.217373063681e-02
-3.628027566818e+00,9.248943384585e+00,7.265661178203e-02
-3.627995201038e+00,4.850149042972e+00,9.217419406944e-02
-3.627978741848e+00,5.288567743140e+00,9.217298223718e-02
-3.627897804858e+00,4.300768205678e+00,9.217453938778e-02
-3.627890787355e+00,8.623351032473e+00,8.281826696687e-02
-3.627747914702e+00,4.590591752636e+00,9.217446362111e-02
-3.627658925617e+00,4.010944658720e+00,9.217405616466e-02
-3.627471446239e+00,3.109271401517e+00,9.217335167912e-02
-3.627466982806e+00,5.575850251723e+00,9.217148155664e-02
-3.627351649531e+00,6.113090028262e+00,9.183983895041e-02
-3.627139684084e+00,1.177114421807e+00,9.217194219915e-02
-3.627038207356e+00,5.700166491204e+00,9.217053203376e-02
-3.627031276979e+00,3.721121111762e+00,9.217301367478e-02
-3.626680975542e+00,9.765146967636e+00,3.997094192957e-02
-3.626676855864e+00,8.109836012199e+00,8.649649650201e-02
-3.626660876819e+00,7.990077423326e+00,8.709990004938e-02
-3.626569006855e+00,5.129160784789e+00,9.217137809190e-02
-3.626568144751e+00,9.003780917023e+00,7.797030766461e-02
-3.626481141396e+00,9.629945219397e+00,5.469182555593e-02
-3.626452432318e+00,2.175395527990e+00,9.217143493378e-02
-3.626349311583e+00,5.454476106852e+00,9.217021023382e-02
-3.626340317540e+00,4.891587064649e+00,9.217170635078e-02
-3.626270144712e+00,2.497421691274e+00,9.217132800006e-02
-3.626202753927e+00,1.853369364706e+00,9.217092010686e-02
-3.626069385159e+00,6.938951635655e+00,9.044500810360e-02
-3.626014858943e+00,3.431297564804e+00,9.217141132035e-02
-3.625896283037e+00,8.230423435167e+00,8.581485459788e-02
-3.625854558857e+00,7.871162251354e+00,8.763762601612e-02
-3.625655891110e+00,2.819447854559e+00,9.217059923756e-02
-3.625649250358e+00,9.900580528088e+00,1.008957265610e-02
-3.625521109539e+00,1.531343201421e+00,9.216978319118e-02
-3.625258013997e+00,7.225846707300e+00,8.977501422404e-02
-3.625052056628e+00,9.494984084730e+00,6.345042374616e-02
-3.625021361577e+00,5.827357465917e+00,9.216728806816e-02
-3.624949636930e+00,4.332970822006e+00,9.217031316848e-02
-3.624921654305e+00,7.429315958945e+00,8.921310806491e-02
-3.624732355989e+00,4.043147275048e+00,9.216986034970e-02
-3.624612796233e+00,6.034810373044e+00,9.194546443257e-02
-3.624609671511e+00,3.141474017846e+00,9.216924818175e-02
-3.624430333760e+00,4.933693266503e+00,9.216881800252e-02
-3.624407499154e+00,1.209317038136e+00,9.216802346178e-02
-3.624313035477e+00,8.351825069966e+00,8.503788797990e-02
-3.624264204815e+00,7.753105039109e+00,8.811864166480e-02
-3.624126305650e+00,3.753323728090e+00,9.216884747762e-02
-3.623771339642e+00,8.747225517657e+00,8.154902145236e-02
-3.623727647568e+00,5.336110887760e+00,9.216677009305e-02
-3.623655452488e+00,2.207598144318e+00,9.216742213356e-02
-3.623451566583e+00,2.529624307603e+00,9.216728392358e-02
-3.623427372397e+00,1.885571981034e+00,9.216693773416e-02
-3.623248830455e+00,5.174676637131e+00,9.216652135951e-02
-3.623131485915e+00,3.463500181132e+00,9.216727397088e-02
-3.623038501711e+00,9.114709652446e+00,7.591541690431e-02
-3.622952187650e+00,7.025613069321e+00,9.025958283072e-02
-3.622815714681e+00,2.851650470888e+00,9.216652301607e-02
-3.622767326309e+00,1.563545817749e+00,9.216583041638e-02
-3.622468081103e+00,6.492770523044e+00,9.128134916921e-02
-3.622396086389e+00,9.360272347947e+00,6.925579927860e-02
-3.622260563533e+00,4.976461269242e+00,9.216559435614e-02
-3.622228245179e+00,6.410666290408e+00,9.141296398239e-02
-3.622175887430e+00,6.575638051285e+00,9.114297482740e-02
-3.622001469002e+00,4.365173438335e+00,9.216608083982e-02
-3.621921080724e+00,8.474026255371e+00,8.414351314121e-02
-3.621896207267e+00,7.635920288860e+00,8.855229257993e-02
-3.621805786360e+00,4.075349891377e+00,9.216565851329e-02
-3.621747896782e+00,3.173676634174e+00,9.216513892554e-02
-3.621675314224e+00,1.241519654464e+00,9.216409947346e-02
-3.621544109658e+00,5.626677235558e+00,9.216282880499e-02
-3.621461958471e+00,6.329335844384e+00,9.153830046325e-02
-3.621375658006e+00,5.957355298068e+00,9.204656400109e-02
-3.621346150147e+00,6.659258349070e+00,9.099729382908e-02
-3.621221334322e+00,3.785526344419e+00,9.216467534440e-02
-3.621123588020e+00,5.503980535553e+00,9.216253384948e-02
-3.620858472659e+00,2.239800760647e+00,9.216340382743e-02
-3.620651990868e+00,1.917774597362e+00,9.216294993907e-02
-3.620632988454e+00,2.561826923931e+00,9.216323425505e-02
-3.620398720424e+00,5.752284618853e+00,9.216084861618e-02
-3.620345918465e+00,7.314703838533e+00,8.954671903468e-02
-3.620248112886e+00,3.495702797461e+00,9.216313076825e-02
-3.620174864484e+00,6.248789640493e+00,9.165775124670e-02
-3.620013543079e+00,1.595748434078e+00,9.216187230013e-02
-3.619975538252e+00,2.883853087216e+00,9.216244111366e-02
-3.619973420394e+00,6.743620855578e+00,9.084344506682e-02
-3.619826360335e+00,5.019884664448e+00,9.216197140348e-02
-3.619645268141e+00,5.220820888120e+00,9.216114993841e-02
-3.619522013615e+00,4.634598931292e+00,9.216257237506e-02
-3.619270226432e+00,7.112972970148e+00,9.006242336996e-02
-3.619255186838e+00,8.870057897675e+00,8.005118250552e-02
-3.619179215540e+00,5.384261601678e+00,9.216004093485e-02
-3.619127400825e+00,4.672424811498e+00,9.216187717163e-02
-3.619053301073e+00,4.397376054664e+00,9.216184238672e-02
-3.618943129294e+00,1.273722270793e+00,9.216017022217e-02
-3.618886122053e+00,3.205879250503e+00,9.216102389668e-02
-3.618879216732e+00,4.107552507706e+00,9.216145064070e-02
-3.618757048253e+00,7.519622461817e+00,8.894531708294e-02
-3.618714477031e+00,8.597012291675e+00,8.310576706309e-02
-3.618515652257e+00,9.225818775928e+00,7.338388213289e-02
-3.618502527534e+00,4.710951356478e+00,9.216086106597e-02
-3.618372671304e+00,6.169038098336e+00,9.177163126746e-02
-3.618316362993e+00,3.817728960748e+00,9.216049726068e-02
-3.618061492830e+00,2.272003376975e+00,9.215938000250e-02
-3.618052314708e+00,6.828714975579e+00,9.068101540991e-02
-3.617876609338e+00,1.949977213691e+00,9.215895670897e-02
-3.617814410325e+00,2.594029540259e+00,9.215917898127e-02
-3.617646193478e+00,5.880735079024e+00,9.214342100228e-02
-3.617642507179e+00,4.750172339781e+00,9.215952224381e-02
-3.617624750103e+00,9.741839629267e+00,4.366516042542e-02
-3.617364739857e+00,3.527905413790e+00,9.215898169834e-02
-3.617310658739e+00,9.606682726319e+00,5.678244329354e-02
-3.617259759850e+00,1.627951050406e+00,9.215790883012e-02
-3.617136766531e+00,8.083982558683e+00,8.665726481429e-02
-3.617135361823e+00,2.916055703545e+00,9.215835351680e-02
-3.617123117426e+00,5.063957014829e+00,9.215792430369e-02
-3.617031269948e+00,7.964348264675e+00,8.724332141218e-02
-3.616829752596e+00,8.980751010691e+00,7.842491311871e-02
-3.616707500880e+00,9.877228904326e+00,1.829662220688e-02
-3.616542491933e+00,4.790081504682e+00,9.215785936015e-02
-3.616446287669e+00,8.204446873343e+00,8.599633870279e-02
-3.616210944365e+00,1.305924887121e+00,9.215623569589e-02
-3.616136016398e+00,7.845558571428e+00,8.776621045863e-02
-3.616105133145e+00,4.429578670992e+00,9.215759779406e-02
-3.616061151283e+00,6.090091601278e+00,9.188045436703e-02
-3.616024347324e+00,3.238081866832e+00,9.215690308136e-02
-3.615952647104e+00,4.139755124034e+00,9.215723671713e-02
-3.615767538227e+00,9.471766995764e+00,6.479266234820e-02
-3.615753879049e+00,5.267586983683e+00,9.215543504573e-02
-3.615586973993e+00,5.554071438444e+00,9.215442306840e-02
-3.615577515092e+00,6.914530079897e+00,9.050927331643e-02
-3.615411391665e+00,3.849931577077e+00,9.215631321199e-02
-3.615301292996e+00,5.678076118873e+00,9.215366142034e-02
-3.615264513001e+00,2.304205993303e+00,9.215535064586e-02
-3.615197672899e+00,4.830672564398e+00,9.215577800914e-02
-3.615101227809e+00,1.982179830019e+00,9.215495803125e-02
-3.615018386637e+00,7.201020606385e+00,8.985268696448e-02
-3.614995832196e+00,2.626232156588e+00,9.215511808903e-02
-3.614953704967e+00,8.325726589066e+00,8.524515663082e-02
-3.614853299009e+00,7.404225977628e+00,8.930284641788e-02
-3.614687373517e+00,8.720768441256e+00,8.188797239796e-02
-3.614505976620e+00,1.660153666735e+00,9.215393999400e-02
-3.614481366829e+00,3.560108030118e+00,9.215482674698e-02
-3.614457314229e+00,7.727628019042e+00,8.823462663392e-02
-3.614329132422e+00,5.433013244927e+00,9.215292457437e-02
-3.614295185394e+00,2.948258319874e+00,9.215426021197e-02
-3.614146268037e+00,5.108671854436e+00,9.215353670601e-02
-3.613603280279e+00,4.871939202315e+00,9.215334456721e-02
-3.613478759435e+00,1.338127503450e+00,9.215229588253e-02
-3.613430424712e+00,5.804959953896e+00,9.215060836356e-02
-3.613413232176e+00,9.091632117763e+00,7.646821497722e-02
-3.613374869568e+00,1.562500050003e-02,9.220163877673e-02
-3.613374869568e+00,4.687500150008e-02,9.219569523290e-02
-3.613374869568e+00,7.812500250013e-02,9.219011796653e-02
-3.613374869568e+00,1.093750035002e-01,9.218491033351e-02
-3.613374869568e+00,1.406250045003e-01,9.218007548522e-02
-3.613374869568e+00,1.718750055004e-01,9.217561636305e-02
-3.613374869568e+00,2.031250065004e-01,9.217153569309e-02
-3.613374869568e+00,2.343750075005e-01,9.216783598135e-02
-3.613374869568e+00,2.656250085005e-01,9.216451950918e-02
-3.613374869568e+00,2.968750095005e-01,9.216158832918e-02
-3.613374869568e+00,3.281250105004e-01,9.215904426142e-02
-3.613374869568e+00,3.593750115004e-01,9.215688889016e-02
-3.613374869568e+00,3.906250125003e-01,9.215512356091e-02
-3.613374869568e+00,4.218750135002e-01,9.215374937795e-02
-3.613374869568e+00,4.531250145001e-01,9.215276720230e-02
-3.613374869568e+00,4.843750155000e-01,9.215217765013e-02
-3.613374869568e+00,5.781250185001e-01,9.215198109159e-02
-3.613374869568e+00,6.718750215002e-01,9.215198109159e-02
-3.613374869568e+00,7.031250225003e-01,9.215198109159e-02
-3.613374869568e+00,7.343750235003e-01,9.215198109159e-02
-3.613374869568e+00,7.656250245003e-01,9.215198109159e-02
-3.613374869568e+00,7.968750255002e-01,9.215198109159e-02
-3.613374869568e+00,8.281250265001e-01,9.215198109159e-02
-3.613374869568e+00,8.593750275001e-01,9.215198109159e-02
-3.613374869568e+00,5.156250165000e-01,9.215198109159e-02
-3.613374869568e+00,5.468750175001e-01,9.215198109159e-02
-3.613374869568e+00,6.093750195001e-01,9.215198109159e-02
-3.613374869568e+00,6.406250205002e-01,9.215198109159e-02
-3.613374869568e+00,8.906250285001e-01,9.215198109159e-02
-3.613374869568e+00,9.218750295001e-01,9.215198109159e-02
-3.613374869568e+00,9.531250305001e-01,9.215198109159e-02
-3.613374869568e+00,9.843750315000e-01,9.215198109159e-02
-3.613246140874e+00,6.011960496048e+00,9.198454871707e-02
-3.613162572595e+00,3.270284483160e+00,9.215277646569e-02
-3.613156965217e+00,4.461781287321e+00,9.215334704668e-02
-3.613026077475e+00,4.171957740363e+00,9.215301672775e-02
-3.612997756445e+00,9.337101220823e+00,7.018940562609e-02
-3.612652980415e+00,8.447807047273e+00,8.438170895276e-02
-3.612543769214e+00,7.001055505783e+00,9.032740349125e-02
-3.612506420336e+00,3.882134193405e+00,9.215212318381e-02
-3.612467533171e+00,2.336408609632e+00,9.215131574453e-02
-3.612325846279e+00,2.014382446348e+00,9.215095389322e-02
-3.612177254067e+00,2.658434772916e+00,9.215105156504e-02
-3.612019576253e+00,1.016101340164e+00,9.215002464363e-02
-3.612001561511e+00,7.610571107035e+00,8.865761389411e-02
-3.611754583544e+00,4.913875072218e+00,9.215057676381e-02
-3.611752193391e+00,1.692356283063e+00,9.214996577939e-02
-3.611597993800e+00,3.592310646447e+00,9.215066589995e-02
-3.611570262967e+00,5.314968342051e+00,9.214921264515e-02
-3.611568607177e+00,6.469046278236e+00,9.133079050234e-02
-3.611455008965e+00,2.980460936202e+00,9.215016118558e-02
-3.611356629182e+00,6.551772051400e+00,9.119471544225e-02
-3.611249218785e+00,6.387084941001e+00,9.146027126777e-02
-3.610891285528e+00,5.154022688901e+00,9.214866167551e-02
-3.610746574505e+00,1.370330119778e+00,9.214835076999e-02
-3.610607765466e+00,6.635251737511e+00,9.105153219284e-02
-3.610404048126e+00,6.305898527601e+00,9.158362384697e-02
-3.610300797867e+00,3.302487099489e+00,9.214864403577e-02
-3.610208797289e+00,4.493983903650e+00,9.214909012937e-02
-3.610191619729e+00,7.289745213854e+00,8.962923059389e-02
-3.610099507847e+00,4.204160356692e+00,9.214879065766e-02
-3.609933540364e+00,5.934655092400e+00,9.208421470247e-02
-3.609834010330e+00,8.845279929130e+00,8.043690295442e-02
-3.609735285119e+00,5.604742092014e+00,9.214577059829e-02
-3.609670553342e+00,2.368611225960e+00,9.214727528552e-02
-3.609646891621e+00,4.956473798515e+00,9.214740468243e-02
-3.609601449008e+00,3.914336809734e+00,9.214792716157e-02
-3.609550464750e+00,2.046585062676e+00,9.214694428220e-02
-3.609538166708e+00,8.570673550877e+00,8.338236523258e-02
-3.609358675938e+00,2.690637389245e+00,9.214697939600e-02
-3.609316561834e+00,6.719474778800e+00,9.090047809461e-02
-3.609308989623e+00,1.048303956493e+00,9.214610782953e-02
-3.609173125963e+00,5.482359150619e+00,9.214528776252e-02
-3.609038743997e+00,6.225497490427e+00,9.170114696209e-02
-3.609003737696e+00,9.202694167272e+00,7.407023385832e-02
-3.608998410161e+00,1.724558899392e+00,9.214598617387e-02
-3.608945890700e+00,7.088280557247e+00,9.013429875062e-02
-3.608775245770e+00,7.494402293843e+00,8.904140550385e-02
-3.608734437008e+00,5.730040122580e+00,9.214398189229e-02
-3.608714620771e+00,3.624513262776e+00,9.214649914301e-02
-3.608614832536e+00,3.012663552531e+00,9.214605642398e-02
-3.608568524663e+00,9.718532290898e+00,4.691709552876e-02
-3.608140176082e+00,9.583420233240e+00,5.868022119444e-02
-3.608014389575e+00,1.402532736107e+00,9.214440034613e-02
-3.607765751401e+00,9.853877280564e+00,2.510287547674e-02
-3.607596677198e+00,8.058129105167e+00,8.681344163857e-02
-3.607477629474e+00,6.804430583067e+00,9.074097373194e-02
-3.607439023138e+00,3.334689715818e+00,9.214450577763e-02
-3.607401663077e+00,7.938619106025e+00,8.738286854348e-02
-3.607353683557e+00,5.200002995669e+00,9.214341746943e-02
-3.607275553056e+00,4.999728976465e+00,9.214382327418e-02
-3.607260629361e+00,4.526186519978e+00,9.214482702687e-02
-3.607172938219e+00,4.236362973021e+00,9.214455849195e-02
-3.607159019761e+00,6.145892245928e+00,9.181331318142e-02
-3.607091360441e+00,8.957721104359e+00,7.885904057403e-02
-3.607090060505e+00,5.362958353983e+00,9.214261216888e-02
-3.606996292301e+00,8.178470311520e+00,8.617232761943e-02
-3.606873573513e+00,2.400813842289e+00,9.214322925578e-02
-3.606775083220e+00,2.078787679004e+00,9.214292918543e-02
-3.606696477679e+00,3.946539426062e+00,9.214372513067e-02
-3.606598402993e+00,1.080506572821e+00,9.214218578128e-02
-3.606540097808e+00,2.722840005573e+00,9.214290156856e-02
-3.606483019826e+00,9.448549906797e+00,6.603415899825e-02
-3.606434144232e+00,4.615995017630e+00,9.214363170823e-02
-3.606417473939e+00,7.819954891502e+00,8.789132563745e-02
-3.606244626931e+00,1.756761515720e+00,9.214200116497e-02
-3.606129313601e+00,5.858185662772e+00,9.213984945155e-02
-3.606095968444e+00,4.653644311299e+00,9.214304577461e-02
-3.605831247743e+00,3.656715879105e+00,9.214232646184e-02
-3.605774656107e+00,3.044866168860e+00,9.214194591353e-02
-3.605603407392e+00,8.694311364854e+00,8.221303429682e-02
-3.605594374455e+00,8.299628108166e+00,8.544538062099e-02
-3.605528352609e+00,4.691995302719e+00,9.214214101734e-02
-3.605282204645e+00,1.434735352435e+00,9.214044459877e-02
-3.605085645025e+00,6.890108524139e+00,9.057240797741e-02
-3.604784943713e+00,7.379135996311e+00,8.939068622603e-02
-3.604778759278e+00,7.176194505471e+00,8.992883724507e-02
-3.604770653034e+00,6.067093174294e+00,9.192053534133e-02
-3.604726405341e+00,4.731041769250e+00,9.214087202268e-02
-3.604650423642e+00,7.702150998974e+00,8.834780335201e-02
-3.604635956166e+00,5.043634172428e+00,9.213990089887e-02
-3.604577248409e+00,3.366892332146e+00,9.214036167727e-02
-3.604312461432e+00,4.558389136307e+00,9.214055772386e-02
-3.604246368590e+00,4.268565589349e+00,9.214032021564e-02
-3.604076593684e+00,2.433016458617e+00,9.213917764223e-02
-3.603999701691e+00,2.110990295333e+00,9.213890859012e-02
-3.603887816363e+00,1.112709189150e+00,9.213825848696e-02
-3.603791506351e+00,3.978742042391e+00,9.213951707645e-02
-3.603787962642e+00,9.068554583081e+00,7.699369463550e-02
-3.603721519679e+00,2.755042621902e+00,9.213881806933e-02
-3.603706965180e+00,5.532292625165e+00,9.213721641607e-02
-3.603685273977e+00,4.770777457958e+00,9.213922302841e-02
-3.603599426500e+00,9.313930093699e+00,7.106391835155e-02
-3.603564378636e+00,5.655985746541e+00,9.213669314799e-02
-3.603529016250e+00,5.246606224227e+00,9.213772165501e-02
-3.603490843702e+00,1.788964132049e+00,9.213801074022e-02
-3.603384880105e+00,8.421587839174e+00,8.461164203042e-02
-3.602947874714e+00,3.688918495433e+00,9.213814784210e-02
-3.602934479678e+00,3.077068785188e+00,9.213782964050e-02
-3.602550019716e+00,1.466937968764e+00,9.213648351570e-02
-3.602400144760e+00,4.811196085824e+00,9.213724177490e-02
-3.602308953261e+00,5.411550383002e+00,9.213548981444e-02
-3.602135350779e+00,6.976497942244e+00,9.039399423361e-02
-3.602106915755e+00,7.585221925210e+00,8.876050574786e-02
-3.601879485515e+00,5.989110619053e+00,9.202313212549e-02
-3.601839487847e+00,5.782562441876e+00,9.213384445698e-02
-3.601723529220e+00,5.088182924084e+00,9.213551563735e-02
-3.601715473680e+00,3.399094948475e+00,9.213621172065e-02
-3.601364293504e+00,4.590591752636e+00,9.213628220500e-02
-3.601319798962e+00,4.300768205678e+00,9.213607581370e-02
-3.601279613854e+00,2.465219074946e+00,9.213512043175e-02
-3.601224320162e+00,2.143192911661e+00,9.213488248347e-02
-3.601177229733e+00,1.144911805478e+00,9.213432593463e-02
-3.600902941550e+00,2.787245238230e+00,9.213472888488e-02
-3.600886535022e+00,4.010944658720e+00,9.213530298422e-02
-3.600866243018e+00,4.852291339980e+00,9.213492772318e-02
-3.600842937030e+00,8.818705716789e+00,8.082650534737e-02
-3.600737060472e+00,1.821166748377e+00,9.213401488708e-02
-3.600669133252e+00,6.445322033428e+00,9.137948980844e-02
-3.600537370934e+00,6.527906051516e+00,9.124565734848e-02
-3.600361856385e+00,8.544334810079e+00,8.364866118078e-02
-3.600270192392e+00,6.363503591595e+00,9.150688806100e-02
-3.600094303249e+00,3.109271401517e+00,9.213370759114e-02
-3.600064501685e+00,3.721121111762e+00,9.213396326942e-02
-3.600037320993e+00,7.264786589174e+00,8.971007139825e-02
-3.599869380784e+00,6.611245125953e+00,9.110489312094e-02
-3.599817834786e+00,1.499140585092e+00,9.213251708466e-02
-3.599512299224e+00,9.695224952529e+00,4.980161253246e-02
-3.599491823134e+00,9.179569558615e+00,7.471901128567e-02
-3.599412878365e+00,5.293825796342e+00,9.213159620959e-02
-3.599346137781e+00,6.282461210817e+00,9.162828146371e-02
-3.599078833329e+00,4.894056877933e+00,9.213219202192e-02
-3.598969693425e+00,9.560157740161e+00,6.041062007446e-02
-3.598853698951e+00,3.431297564804e+00,9.213205589369e-02
-3.598824001923e+00,9.830525656803e+00,3.083861656505e-02
-3.598793443287e+00,7.469182125869e+00,8.913537883693e-02
-3.598659703275e+00,6.695328702023e+00,9.095657458408e-02
-3.598621554969e+00,7.063588144347e+00,9.020482320826e-02
-3.598533740601e+00,5.133368740671e+00,9.213074364980e-02
-3.598491422723e+00,5.911954886732e+00,9.212139538045e-02
-3.598482634025e+00,2.497421691274e+00,9.213105761119e-02
-3.598466643103e+00,1.177114421807e+00,9.213038811231e-02
-3.598448938632e+00,2.175395527990e+00,9.213085085262e-02
-3.598393229333e+00,4.332970822006e+00,9.213182527107e-02
-3.598084363421e+00,2.819447854559e+00,9.213063400174e-02
-3.598056587865e+00,8.032275651651e+00,8.696521869152e-02
-3.597983277242e+00,1.853369364706e+00,9.213001359298e-02
-3.597981563694e+00,4.043147275048e+00,9.213108283921e-02
-3.597926460580e+00,5.582806948471e+00,9.212865287975e-02
-3.597902623510e+00,6.202205340360e+00,9.174394545240e-02
-3.597772056206e+00,7.912889947374e+00,8.751869498580e-02
-3.597546296933e+00,8.152493749696e+00,8.634306380983e-02
-3.597352968286e+00,8.934691198027e+00,7.927403515023e-02
-3.597254126820e+00,3.141474017846e+00,9.212957975167e-02
-3.597222663907e+00,5.460737765685e+00,9.212798268606e-02
-3.597198501424e+00,9.425332817831e+00,6.718581685688e-02
-3.597181128657e+00,3.753323728090e+00,9.212977272935e-02
-3.597085649856e+00,1.531343201421e+00,9.212854529337e-02
-3.597070153591e+00,5.707795626308e+00,9.212705542182e-02
-3.597033219708e+00,4.936486327789e+00,9.212907558212e-02
-3.596902944241e+00,6.780146190556e+00,9.079991806824e-02
-3.596698931480e+00,7.794351211576e+00,8.801329425981e-02
-3.596519441266e+00,8.667854288452e+00,8.252503028518e-02
-3.596235043944e+00,8.273529627266e+00,8.563887789434e-02
-3.595991924222e+00,3.463500181132e+00,9.212789418225e-02
-3.595945368219e+00,6.122746393520e+00,9.185443665666e-02
-3.595756056473e+00,1.209317038136e+00,9.212644500799e-02
-3.595685654196e+00,2.529624307603e+00,9.212698916735e-02
-3.595673557103e+00,2.207598144318e+00,9.212681368467e-02
-3.595466659705e+00,4.365173438335e+00,9.212756857262e-02
-3.595265785292e+00,2.851650470888e+00,9.212653340639e-02
-3.595229494013e+00,1.885571981034e+00,9.212600684533e-02
-3.595076592365e+00,4.075349891377e+00,9.212685662665e-02
-3.595062098973e+00,5.179185103217e+00,9.212556484213e-02
-3.595000905471e+00,5.341655106287e+00,9.212502445594e-02
-3.594843533056e+00,7.676673978907e+00,8.845827206844e-02
-3.594724745776e+00,4.979573288482e+00,9.212561823877e-02
-3.594716588417e+00,7.354046014994e+00,8.947668740890e-02
-3.594612433723e+00,5.835636246520e+00,9.212311672297e-02
-3.594593774958e+00,6.865686968381e+00,9.063444260185e-02
-3.594539131919e+00,7.151368404556e+00,9.000351009763e-02
-3.594413950391e+00,3.173676634174e+00,9.212544610823e-02
-3.594353464926e+00,1.563545817749e+00,9.212456812950e-02
-3.594297755628e+00,3.785526344419e+00,9.212557620741e-02
-3.594201096556e+00,9.290758966575e+00,7.188475666613e-02
-3.594162693107e+00,9.045477048398e+00,7.749382168950e-02
-3.594116779796e+00,8.395368631075e+00,8.483372953198e-02
-3.593480154785e+00,6.044094747309e+00,9.196009343039e-02
-3.593130149494e+00,3.495702797461e+00,9.212372657217e-02
-3.593064536064e+00,4.634863811099e+00,9.212412530694e-02
-3.593045469843e+00,1.241519654464e+00,9.212249660962e-02
-3.592898175573e+00,2.239800760647e+00,9.212277096668e-02
-3.592888674366e+00,2.561826923931e+00,9.212291508698e-02
-3.592554177684e+00,4.673039248959e+00,9.212324999475e-02
-3.592540090077e+00,4.397376054664e+00,9.212330570320e-02
-3.592475710783e+00,1.917774597362e+00,9.212199463147e-02
-3.592447207163e+00,2.883853087216e+00,9.212242708529e-02
-3.592212269999e+00,7.559872743385e+00,8.886105117406e-02
-3.592171621037e+00,4.107552507706e+00,9.212262433170e-02
-3.592148794905e+00,5.023311330027e+00,9.212171077173e-02
-3.591851863730e+00,8.792131504448e+00,8.119785642826e-02
-3.591827464276e+00,5.633895374210e+00,9.211957715810e-02
-3.591826956367e+00,5.510513811885e+00,9.211990888598e-02
-3.591810303504e+00,4.711911198719e+00,9.212204676870e-02
-3.591726932343e+00,6.951940378706e+00,9.045938907269e-02
-3.591621279997e+00,1.595748434078e+00,9.212058558071e-02
-3.591573773962e+00,3.205879250503e+00,9.212130664697e-02
-3.591414382599e+00,3.817728960748e+00,9.212137368910e-02
-3.591304153450e+00,5.225625464770e+00,9.211991690983e-02
-3.591185546061e+00,8.517996069281e+00,8.390521193849e-02
-3.590828056021e+00,4.751473411233e+00,9.212051407223e-02
-3.590512830156e+00,5.966260742056e+00,9.206122529232e-02
-3.590456073784e+00,9.671917614159e+00,5.237758309505e-02
-3.590334883213e+00,1.273722270793e+00,9.211854290511e-02
-3.590288774100e+00,5.390087521076e+00,9.211799528975e-02
-3.590268374765e+00,3.527905413790e+00,9.211955304922e-02
-3.590248550982e+00,5.760164929855e+00,9.211692302921e-02
-3.590122794044e+00,2.272003376975e+00,9.211872268568e-02
-3.590091694537e+00,2.594029540259e+00,9.211883535682e-02
-3.589979908573e+00,9.156444949959e+00,7.533320415924e-02
-3.589883022256e+00,7.239827964494e+00,8.978929224163e-02
-3.589882252445e+00,9.807174033041e+00,3.573786261191e-02
-3.589799210769e+00,9.536895247082e+00,6.199480791240e-02
-3.589769659326e+00,6.421597788620e+00,9.142746477396e-02
-3.589721927554e+00,1.949977213691e+00,9.211797693873e-02
-3.589718112685e+00,6.504040051631e+00,9.129581998409e-02
-3.589628629034e+00,2.916055703545e+00,9.211831502485e-02
-3.589613520448e+00,4.429578670992e+00,9.211903664759e-02
-3.589602616621e+00,4.791719607251e+00,9.211864817949e-02
-3.589300790403e+00,5.067693993731e+00,9.211741196502e-02
-3.589291165998e+00,6.339922242188e+00,9.155283048847e-02
-3.589266649708e+00,4.139755124034e+00,9.211838593947e-02
-3.589130996103e+00,6.587238514394e+00,9.115741427531e-02
-3.588889095067e+00,1.627951050406e+00,9.211659763459e-02
-3.588811640804e+00,7.443961957894e+00,8.922719680045e-02
-3.588733597533e+00,3.238081866832e+00,9.211716135395e-02
-3.588531009571e+00,3.849931577077e+00,9.211716515983e-02
-3.588516498532e+00,8.006422198135e+00,8.711277734619e-02
-3.588297219237e+00,7.038895731447e+00,9.027391065031e-02
-3.588288227436e+00,6.259023894034e+00,9.167224974159e-02
-3.588142449335e+00,7.887160788724e+00,8.765094641991e-02
-3.588129205757e+00,4.832643477646e+00,9.211633572975e-02
-3.588096301565e+00,8.126517187873e+00,8.650877591827e-02
-3.588075483598e+00,9.942655689937e+00,6.608629177071e-06
-3.588002844715e+00,6.671182625245e+00,9.101171600594e-02
-3.587913983023e+00,9.402115728864e+00,6.825702077663e-02
-3.587624296583e+00,1.305924887121e+00,9.211458388235e-02
-3.587614576130e+00,8.911661291694e+00,7.967112683417e-02
-3.587435475140e+00,8.641397212051e+00,8.282472056249e-02
-3.587406600036e+00,3.560108030118e+00,9.211537359915e-02
-3.587347412514e+00,2.304205993303e+00,9.211466882868e-02
-3.587294714708e+00,2.626232156588e+00,9.211474996355e-02
-3.587255493764e+00,5.272683250633e+00,9.211388741871e-02
-3.587049305081e+00,5.889254681063e+00,9.211187555448e-02
-3.586980389021e+00,7.768747531650e+00,8.813223260100e-02
-3.586968144324e+00,1.982179830019e+00,9.211395375440e-02
-3.586875713433e+00,8.247431146366e+00,8.582632897007e-02
-3.586810050904e+00,2.948258319874e+00,9.211419721142e-02
-3.586766503023e+00,6.178913190294e+00,9.178616005025e-02
-3.586686950820e+00,4.461781287321e+00,9.211476139054e-02
-3.586403083113e+00,4.874238683648e+00,9.211368278452e-02
-3.586361678380e+00,4.171957740363e+00,9.211414143503e-02
-3.586328259007e+00,6.755861798045e+00,9.085787495718e-02
-3.586176195674e+00,5.112714792441e+00,9.211273972971e-02
-3.586156910137e+00,1.660153666735e+00,9.211260427872e-02
-3.586117636041e+00,5.560871804928e+00,9.211142861848e-02
-3.585893421104e+00,3.270284483160e+00,9.211301021521e-02
-3.585647636542e+00,3.882134193405e+00,9.211295060500e-02
-3.585405870175e+00,5.685551130034e+00,9.211006081025e-02
-3.585272201850e+00,5.439116380751e+00,9.211049455973e-02
-3.585036642469e+00,7.651196958839e+00,8.856612843310e-02
-3.584913709953e+00,1.338127503450e+00,9.211061952918e-02
-3.584848679487e+00,8.369149422976e+00,8.504836131650e-02
-3.584802766611e+00,9.267587839451e+00,7.265669703755e-02
-3.584731716677e+00,6.099600541112e+00,9.189501392696e-02
-3.584648233122e+00,7.328956033677e+00,8.956090747164e-02
-3.584583037938e+00,7.031250225003e-01,9.210996695805e-02
-3.584583037938e+00,7.343750235003e-01,9.210996695805e-02
-3.584583037938e+00,1.562500050003e-02,9.216073403820e-02
-3.584583037938e+00,4.687500150008e-02,9.215465893834e-02
-3.584583037938e+00,7.812500250013e-02,9.214895792046e-02
-3.584583037938e+00,1.093750035002e-01,9.214363447257e-02
-3.584583037938e+00,1.406250045003e-01,9.213869187059e-02
-3.584583037938e+00,1.718750055004e-01,9.213413317252e-02
-3.584583037938e+00,2.031250065004e-01,9.212996121286e-02
-3.584583037938e+00,2.343750075005e-01,9.212617859755e-02
-3.584583037938e+00,2.656250085005e-01,9.212278769916e-02
-3.584583037938e+00,2.968750095005e-01,9.211979065251e-02
-3.584583037938e+00,3.281250105004e-01,9.211718935077e-02
-3.584583037938e+00,3.593750115004e-01,9.211498544193e-02
-3.584583037938e+00,3.906250125003e-01,9.211318032569e-02
-3.584583037938e+00,4.218750135002e-01,9.211177515088e-02
-3.584583037938e+00,4.531250145001e-01,9.211077081329e-02
-3.584583037938e+00,4.843750155000e-01,9.211016795397e-02
-3.584583037938e+00,5.468750175001e-01,9.210996695805e-02
-3.584583037938e+00,5.781250185001e-01,9.210996695805e-02
-3.584583037938e+00,6.093750195001e-01,9.210996695805e-02
-3.584583037938e+00,6.406250205002e-01,9.210996695805e-02
-3.584583037938e+00,6.718750215002e-01,9.210996695805e-02
-3.584583037938e+00,7.656250245003e-01,9.210996695805e-02
-3.584583037938e+00,7.968750255002e-01,9.210996695805e-02
-3.584583037938e+00,8.281250265001e-01,9.210996695805e-02
-3.584583037938e+00,8.593750275001e-01,9.210996695805e-02
-3.584583037938e+00,8.906250285001e-01,9.210996695805e-02
-3.584583037938e+00,9.218750295001e-01,9.210996695805e-02
-3.584583037938e+00,9.531250305001e-01,9.210996695805e-02
-3.584583037938e+00,9.843750315000e-01,9.210996695805e-02
-3.584583037938e+00,5.156250165000e-01,9.210996695805e-02
-3.584572030985e+00,2.336408609632e+00,9.211060938260e-02
-3.584544825307e+00,3.592310646447e+00,9.211118820765e-02
-3.584537423572e+00,9.022399513716e+00,7.797037792616e-02
-3.584497734879e+00,2.658434772916e+00,9.211065889380e-02
-3.584419547796e+00,4.916498857062e+00,9.211068957181e-02
-3.584299504560e+00,7.126542303641e+00,9.007674885739e-02
-3.584214361094e+00,2.014382446348e+00,9.210992506573e-02
-3.584101904891e+00,6.841265412623e+00,9.069540666323e-02
-3.583991472775e+00,2.980460936202e+00,9.211007363134e-02
-3.583760381192e+00,4.493983903650e+00,9.211047991673e-02
-3.583456707051e+00,4.204160356692e+00,9.210989080341e-02
-3.583424725207e+00,1.692356283063e+00,9.210860550063e-02
-3.583238543773e+00,1.016101340164e+00,9.210799822130e-02
-3.583095553845e+00,5.813086830268e+00,9.210631705376e-02
-3.583053244675e+00,3.302487099489e+00,9.210885321675e-02
-3.582911750436e+00,5.320351858592e+00,9.210733954590e-02
-3.582860790430e+00,8.765557292108e+00,8.155249776855e-02
-3.582770514389e+00,5.158367210765e+00,9.210757129442e-02
-3.582764263513e+00,3.914336809734e+00,9.210873000995e-02
-3.582317624243e+00,7.534523561560e+00,8.895932956153e-02
-3.582203123323e+00,1.370330119778e+00,9.210664983341e-02
-3.582189656537e+00,6.021096320325e+00,9.199913987871e-02
-3.582173938497e+00,4.959417600500e+00,9.210724686152e-02
-3.582009235738e+00,8.491657328483e+00,8.415253555617e-02
-3.581796649455e+00,2.368611225960e+00,9.210654433437e-02
-3.581700755049e+00,2.690637389245e+00,9.210656213419e-02
-3.581683050578e+00,3.624513262776e+00,9.210699686038e-02
-3.581460577865e+00,2.046585062676e+00,9.210589085992e-02
-3.581399848345e+00,9.648610275790e+00,5.469193966020e-02
-3.581318513907e+00,6.927382815168e+00,9.052362083220e-02
-3.581172894646e+00,3.012663552531e+00,9.210594427088e-02
-3.580940502967e+00,9.783822409279e+00,3.997105503771e-02
-3.580833811563e+00,4.526186519978e+00,9.210619221082e-02
-3.580692540277e+00,1.724558899392e+00,9.210460128782e-02
-3.580628728111e+00,9.513632754003e+00,6.345052801079e-02
-3.580551735723e+00,4.236362973021e+00,9.210563402959e-02
-3.580549555443e+00,1.048303956493e+00,9.210405679726e-02
-3.580467994012e+00,9.133320341302e+00,7.591549342371e-02
-3.580213068246e+00,3.334689715818e+00,9.210469034452e-02
-3.580090549916e+00,5.611805001879e+00,9.210240047660e-02
-3.580033103683e+00,4.616083310900e+00,9.210501885980e-02
-3.579946947554e+00,5.488734998606e+00,9.210254106120e-02
-3.579880890485e+00,3.946539426062e+00,9.210450335999e-02
-3.579728723520e+00,7.214869339814e+00,8.986694194886e-02
-3.579661633644e+00,5.002988487625e+00,9.210342157931e-02
-3.579580002758e+00,4.654083195199e+00,9.210425600424e-02
-3.579492536693e+00,1.402532736107e+00,9.210267478282e-02
-3.579248426087e+00,9.919260341746e+00,1.008961641321e-02
-3.579146174797e+00,5.943410865061e+00,9.209883856957e-02
-3.579079290651e+00,5.204644705314e+00,9.210205286560e-02
-3.579021267926e+00,2.400813842289e+00,9.210247367086e-02
-3.578976409199e+00,7.980568744619e+00,8.725628931455e-02
-3.578903775220e+00,2.722840005573e+00,9.210245967127e-02
-3.578898854437e+00,6.480174051746e+00,9.134522219281e-02
-3.578894201666e+00,4.692780628189e+00,9.210316723641e-02
-3.578870185400e+00,6.397873543812e+00,9.147473255612e-02
-3.578829838321e+00,7.418741789920e+00,8.931692744381e-02
-3.578821275849e+00,3.656715879105e+00,9.210279954295e-02
-3.578706794635e+00,2.078787679004e+00,9.210185112414e-02
-3.578657614117e+00,5.737767417835e+00,9.209994078781e-02
-3.578646306197e+00,8.100540626049e+00,8.666967973212e-02
-3.578629464622e+00,9.378898639897e+00,6.925589270484e-02
-3.578512842464e+00,7.861431630073e+00,8.777952664135e-02
-3.578392611422e+00,6.563231902835e+00,9.120911639674e-02
-3.578354316517e+00,3.044866168860e+00,9.210180911630e-02
-3.578351509015e+00,8.614940135649e+00,8.311280822099e-02
-3.578312139604e+00,6.316340892782e+00,9.159811420403e-02
-3.578268594939e+00,5.368624659151e+00,9.210040462886e-02
-3.577972883505e+00,7.014203318547e+00,9.034170070067e-02
-3.577970838065e+00,4.732169364509e+00,9.210169226933e-02
-3.577960355348e+00,1.756761515720e+00,9.210059162775e-02
-3.577907241935e+00,4.558389136307e+00,9.210189825739e-02
-3.577876183975e+00,8.888631385362e+00,8.005124617125e-02
-3.577860567112e+00,1.080506572821e+00,9.210011009586e-02
-3.577646764394e+00,4.268565589349e+00,9.210137109848e-02
-3.577516382922e+00,8.221332665466e+00,8.600800870732e-02
-3.577372891817e+00,3.366892332146e+00,9.210052158443e-02
-3.577345986155e+00,6.647036548468e+00,9.106590055227e-02
-3.577261846562e+00,7.743143851724e+00,8.824825141185e-02
-3.577230317091e+00,6.235586577251e+00,9.171560710605e-02
-3.576997517456e+00,3.978742042391e+00,9.210027064035e-02
-3.576878051586e+00,5.047205063379e+00,9.209924455108e-02
-3.576805088482e+00,4.772243128677e+00,9.209983925767e-02
-3.576781950063e+00,1.434735352435e+00,9.209869436514e-02
-3.576245886396e+00,2.433016458617e+00,9.209839737891e-02
-3.576106795391e+00,2.755042621902e+00,9.209835149157e-02
-3.575959501121e+00,3.688918495433e+00,9.209859624091e-02
-3.575953011405e+00,2.110990295333e+00,9.209780584554e-02
-3.575753573773e+00,6.731577405533e+00,9.091487005981e-02
-3.575630382536e+00,6.155621040227e+00,9.182780371607e-02
-3.575607187440e+00,5.866554475395e+00,9.209508972354e-02
-3.575580579178e+00,8.342930214877e+00,8.525590212608e-02
-3.575535738388e+00,3.077068785188e+00,9.209766815379e-02
-3.575404436667e+00,9.244416712327e+00,7.338396574086e-02
-3.575392168496e+00,4.812995615311e+00,9.209764751401e-02
-3.575229751883e+00,7.625719938772e+00,8.867146375461e-02
-3.575228170418e+00,1.788964132049e+00,9.209657650784e-02
-3.575171578782e+00,1.112709189150e+00,9.209615810511e-02
-3.575098109163e+00,5.251540704924e+00,9.209601129557e-02
-3.574980672307e+00,4.590591752636e+00,9.209759804099e-02
-3.574912154037e+00,8.999321979033e+00,7.842498215274e-02
-3.574741793065e+00,4.300768205678e+00,9.209710199498e-02
-3.574579877826e+00,7.303866052360e+00,8.964340162395e-02
-3.574532715388e+00,3.399094948475e+00,9.209634692235e-02
-3.574308811501e+00,5.538936661385e+00,9.209406000971e-02
-3.574114144427e+00,4.010944658720e+00,9.209603183626e-02
-3.574071363434e+00,1.466937968764e+00,9.209470856808e-02
-3.574059877201e+00,7.101716202726e+00,9.014859524122e-02
-3.573869717129e+00,8.738983079767e+00,8.189227899463e-02
-3.573818650747e+00,5.092060844210e+00,9.209455705729e-02
-3.573741586759e+00,5.663306633762e+00,9.209288720905e-02
-3.573727332898e+00,4.854420489363e+00,9.209511675578e-02
-3.573610034824e+00,6.816843856866e+00,9.075532863649e-02
-3.573518065134e+00,6.076454688704e+00,9.193505689089e-02
-3.573470504867e+00,2.465219074946e+00,9.209431544530e-02
-3.573321739794e+00,5.417494995818e+00,9.209293485196e-02
-3.573309815561e+00,2.787245238230e+00,9.209423758158e-02
-3.573199228176e+00,2.143192911661e+00,9.209375501120e-02
-3.573097726392e+00,3.721121111762e+00,9.209438693980e-02
-3.572832925415e+00,8.465318587686e+00,8.439111442540e-02
-3.572717160259e+00,3.109271401517e+00,9.209352136950e-02
-3.572495985488e+00,1.821166748377e+00,9.209255591548e-02
-3.572482590452e+00,1.144911805478e+00,9.209220081299e-02
-3.572422978487e+00,7.509174379735e+00,8.905541685090e-02
-3.572343622905e+00,9.625302937421e+00,5.678255602642e-02
-3.571998753489e+00,9.760470785518e+00,4.366527611696e-02
-3.571836821737e+00,4.332970822006e+00,9.209282670393e-02
-3.571805875884e+00,4.896511386335e+00,9.209212460889e-02
-3.571692538959e+00,3.431297564804e+00,9.209216634409e-02
-3.571578673968e+00,5.790537414017e+00,9.208934091884e-02
-3.571458245455e+00,9.490370260925e+00,6.479276466020e-02
-3.571360776804e+00,1.499140585092e+00,9.209071737931e-02
-3.571230771399e+00,4.043147275048e+00,9.209178693287e-02
-3.570956079450e+00,9.110195732646e+00,7.646829009231e-02
-3.570910095471e+00,6.902825251629e+00,9.058672119551e-02
-3.570899158288e+00,5.998097893341e+00,9.203768562831e-02
-3.570822595401e+00,5.299048610897e+00,9.208959435531e-02
-3.570695123338e+00,2.497421691274e+00,9.209022785679e-02
-3.570512835732e+00,2.819447854559e+00,9.209011792772e-02
-3.570478929805e+00,5.137549318314e+00,9.208951797241e-02
-3.570445444946e+00,2.175395527990e+00,9.208969860819e-02
-3.570421368577e+00,9.895864993555e+00,1.829669415318e-02
-3.570235951663e+00,3.753323728090e+00,9.209017162508e-02
-3.569898582129e+00,3.141474017846e+00,9.208936874956e-02
-3.569793602122e+00,1.177114421807e+00,9.208823820743e-02
-3.569763800558e+00,1.853369364706e+00,9.208852983802e-02
-3.569623131218e+00,4.939261912517e+00,9.208877252148e-02
-3.569574424783e+00,7.189910715135e+00,8.994306746912e-02
-3.569436319866e+00,7.954715291103e+00,8.739591727723e-02
-3.569344946220e+00,9.355681550931e+00,7.018949720927e-02
-3.569267542889e+00,8.588483059247e+00,8.338994444893e-02
-3.569196310828e+00,8.074564064226e+00,8.682597906456e-02
-3.568931850409e+00,4.365173438335e+00,9.208854521010e-02
-3.568883235593e+00,7.835702471422e+00,8.790469416544e-02
-3.568852362530e+00,3.463500181132e+00,9.208797983545e-02
-3.568848035839e+00,7.393521621946e+00,8.940475673464e-02
-3.568650190174e+00,1.531343201421e+00,9.208672078646e-02
-3.568558169176e+00,8.863771359160e+00,8.043754060896e-02
-3.568353635556e+00,5.589714629547e+00,9.208515659733e-02
-3.568347398370e+00,4.075349891377e+00,9.208753591529e-02
-3.568157052411e+00,8.195234184565e+00,8.618417583356e-02
-3.568079596189e+00,6.456308051861e+00,9.139388224616e-02
-3.568066938741e+00,5.466956185327e+00,9.208504171440e-02
-3.567970711475e+00,6.374149299004e+00,9.152130980207e-02
-3.567919741808e+00,2.529624307603e+00,9.208613460011e-02
-3.567779519438e+00,5.920560988065e+00,9.208335128485e-02
-3.567715855903e+00,2.851650470888e+00,9.208599251642e-02
-3.567691661717e+00,2.207598144318e+00,9.208563662352e-02
-3.567654226741e+00,6.539225291276e+00,9.126001958224e-02
-3.567648547774e+00,6.989510905647e+00,9.040825975846e-02
-3.567543304103e+00,7.717540171798e+00,8.836145623941e-02
-3.567374176934e+00,3.785526344419e+00,9.208595028219e-02
-3.567333113211e+00,6.292759543375e+00,9.164267316071e-02
-3.567174472384e+00,4.982665645224e+00,9.208507389587e-02
-3.567104613792e+00,1.209317038136e+00,9.208427027634e-02
-3.567080004000e+00,3.173676634174e+00,9.208521028005e-02
-3.567066677252e+00,5.715369905814e+00,9.208289777717e-02
-3.567031615628e+00,1.885571981034e+00,9.208449826277e-02
-3.566854427852e+00,5.183663945857e+00,9.208400694854e-02
-3.566689127596e+00,6.622890471691e+00,9.111922357156e-02
-3.566605827833e+00,4.635127141439e+00,9.208516726048e-02
-3.566312478868e+00,8.316711006779e+00,8.545630026566e-02
-3.566248415779e+00,5.347161797225e+00,9.208265193740e-02
-3.566172406745e+00,6.212149260467e+00,9.175836729856e-02
-3.566026879080e+00,4.397376054664e+00,9.208425749825e-02
-3.566012186101e+00,3.495702797461e+00,9.208378738215e-02
-3.566006106722e+00,9.221245585204e+00,7.407031586476e-02
-3.565978099829e+00,4.673650057658e+00,9.208410477489e-02
-3.565939603544e+00,1.563545817749e+00,9.208271877712e-02
-3.565464025341e+00,4.107552507706e+00,9.208327876860e-02
-3.565422861296e+00,7.600242918705e+00,8.877436524153e-02
-3.565286884502e+00,8.976244444351e+00,7.885910841726e-02
-3.565178888539e+00,6.707293013022e+00,9.097092819512e-02
-3.565144360279e+00,2.561826923931e+00,9.208203566192e-02
-3.565113620108e+00,4.712865317784e+00,9.208270731478e-02
-3.564937878487e+00,2.239800760647e+00,9.208156904417e-02
-3.564918876073e+00,2.883853087216e+00,9.208186133401e-02
-3.564878643829e+00,8.712408867426e+00,8.221809992631e-02
-3.564512402205e+00,3.817728960748e+00,9.208172289651e-02
-3.564511522530e+00,7.278776071043e+00,8.972422289205e-02
-3.564494262049e+00,6.132328890161e+00,9.186888905048e-02
-3.564455312768e+00,5.026716133026e+00,9.208087262846e-02
-3.564415625462e+00,1.241519654464e+00,9.208029700759e-02
-3.564299430699e+00,1.917774597362e+00,9.208046117701e-02
-3.564261425871e+00,3.205879250503e+00,9.208104594698e-02
-3.564165069799e+00,5.843854269726e+00,9.207824320083e-02
-3.564007560343e+00,4.752766650103e+00,9.208097358549e-02
-3.563820249842e+00,7.076890101811e+00,9.021906443761e-02
-3.563656615091e+00,8.438979846888e+00,8.462139827007e-02
-3.563287397466e+00,9.601995599052e+00,5.868033231489e-02
-3.563229016914e+00,1.595748434078e+00,9.207871133886e-02
-3.563172009672e+00,3.527905413790e+00,9.207958896990e-02
-3.563121907751e+00,4.429578670992e+00,9.207996355306e-02
-3.563118164757e+00,6.792422301108e+00,9.081423603922e-02
-3.563057004011e+00,9.737119161756e+00,4.691721239013e-02
-3.562940724561e+00,5.230398159215e+00,9.207807425142e-02
-3.562655131234e+00,4.793347752977e+00,9.207887899233e-02
-3.562580652313e+00,4.139755124035e+00,9.207901547781e-02
-3.562528332731e+00,7.483825197910e+00,8.914938571828e-02
-3.562499986962e+00,5.517001517842e+00,9.207662983174e-02
-3.562368978749e+00,2.594029540259e+00,9.207793102885e-02
-3.562304413592e+00,6.053308836296e+00,9.197457712287e-02
-3.562287762798e+00,9.467107767846e+00,6.603425934912e-02
-3.562184095257e+00,2.272003376975e+00,9.207749585709e-02
-3.562121896244e+00,2.916055703545e+00,9.207772436683e-02
-3.562077303343e+00,5.641062137489e+00,9.207565176404e-02
-3.561726637132e+00,1.273722270793e+00,9.207631838901e-02
-3.561650627476e+00,3.849931577077e+00,9.207748945339e-02
-3.561594311066e+00,9.872469645363e+00,2.510296576093e-02
-3.561567245769e+00,1.949977213691e+00,9.207641856798e-02
-3.561461105821e+00,5.071406895980e+00,9.207631421753e-02
-3.561444164889e+00,9.087071123989e+00,7.699376838839e-02
-3.561442847742e+00,3.238081866832e+00,9.207687573636e-02
-3.561371277738e+00,5.395873610884e+00,9.207531415468e-02
-3.561051582682e+00,4.834602295078e+00,9.207634572799e-02
-3.560518430284e+00,1.627951050406e+00,9.207469845920e-02
-3.560501677035e+00,6.878267688091e+00,9.064872075397e-02
-3.560331833243e+00,3.560108030119e+00,9.207538458433e-02
-3.560216936423e+00,4.461781287321e+00,9.207566335918e-02
-3.560183576764e+00,8.562025982845e+00,8.365673318304e-02
-3.560061794090e+00,5.767987997765e+00,9.207230292797e-02
-3.560060427819e+00,9.332464461964e+00,7.106400813206e-02
-3.559896230533e+00,7.928861837587e+00,8.753181546502e-02
-3.559746315460e+00,8.048587502402e+00,8.697786656631e-02
-3.559697279284e+00,4.171957740363e+00,9.207474602791e-02
-3.559660531732e+00,8.837081213088e+00,8.082821448651e-02
-3.559608660040e+00,5.975099466357e+00,9.207109106157e-02
-3.559593597220e+00,2.626232156588e+00,9.207382068752e-02
-3.559430312028e+00,2.304205993303e+00,9.207341704918e-02
-3.559420126047e+00,7.164952090455e+00,9.001771396409e-02
-3.559324916415e+00,2.948258319874e+00,9.207358160115e-02
-3.559253628722e+00,7.809973312772e+00,8.802670812755e-02
-3.559192203972e+00,4.876523915609e+00,9.207346577170e-02
-3.559037648802e+00,1.305924887121e+00,9.207233440841e-02
-3.558866233356e+00,7.368301453971e+00,8.949074478907e-02
-3.558835060839e+00,1.982179830019e+00,9.207237042287e-02
-3.558797721900e+00,8.169135703665e+00,8.635507409814e-02
-3.558788852748e+00,3.882134193405e+00,9.207324993811e-02
-3.558733440367e+00,5.277745363201e+00,9.207168760515e-02
-3.558624269613e+00,3.270284483160e+00,9.207269963414e-02
-3.558187345222e+00,5.116731425862e+00,9.207132353957e-02
-3.557824761644e+00,7.691936491872e+00,8.847194772599e-02
-3.557807843654e+00,1.660153666735e+00,9.207068012562e-02
-3.557491656814e+00,3.592310646447e+00,9.207117421106e-02
-3.557324212042e+00,6.964818492747e+00,9.047362192797e-02
-3.557311965095e+00,4.493983903650e+00,9.207135690121e-02
-3.557260337941e+00,6.432442051977e+00,9.144181786443e-02
-3.557072323938e+00,4.919106224534e+00,9.207023960868e-02
-3.557071237549e+00,6.350425054196e+00,9.156721266723e-02
-3.557044378559e+00,8.290491798680e+00,8.565002913448e-02
-3.556915842060e+00,6.515218679718e+00,9.131014330929e-02
-3.556818215690e+00,2.658434772916e+00,9.206970462446e-02
-3.556813906255e+00,4.204160356692e+00,9.207047040382e-02
-3.556676528798e+00,2.336408609632e+00,9.206933260730e-02
-3.556616721196e+00,5.567624257216e+00,9.206772720396e-02
-3.556607776778e+00,9.198074458080e+00,7.471909173647e-02
-3.556527936585e+00,2.980460936202e+00,9.206943302320e-02
-3.556412864079e+00,5.897711111069e+00,9.206651221152e-02
-3.556354086817e+00,6.269178193968e+00,9.168660314942e-02
-3.556348660472e+00,1.338127503450e+00,9.206834505354e-02
-3.556186929928e+00,5.445177372048e+00,9.206741732538e-02
-3.556102875909e+00,2.014382446348e+00,9.206831672885e-02
-3.556032269036e+00,6.598744394914e+00,9.117170651977e-02
-3.555927078019e+00,3.914336809734e+00,9.206900433594e-02
-3.555887570529e+00,8.685834655086e+00,8.253079014764e-02
-3.555805691484e+00,3.302487099489e+00,9.206851762620e-02
-3.555791206308e+00,5.156250165000e-01,9.206734493832e-02
-3.555791206308e+00,5.468750175001e-01,9.206734493832e-02
-3.555791206308e+00,7.031250225003e-01,9.206734493832e-02
-3.555791206308e+00,7.343750235003e-01,9.206734493832e-02
-3.555791206308e+00,7.812500250013e-02,9.210721727491e-02
-3.555791206308e+00,1.093750035002e-01,9.210177434195e-02
-3.555791206308e+00,1.406250045003e-01,9.209672056311e-02
-3.555791206308e+00,1.718750055004e-01,9.209205911853e-02
-3.555791206308e+00,2.031250065004e-01,9.208779295631e-02
-3.555791206308e+00,2.343750075005e-01,9.208392478711e-02
-3.555791206308e+00,2.656250085005e-01,9.208045707909e-02
-3.555791206308e+00,2.968750095005e-01,9.207739205328e-02
-3.555791206308e+00,3.906250125003e-01,9.207063148874e-02
-3.555791206308e+00,4.218750135002e-01,9.206919432390e-02
-3.555791206308e+00,4.531250145001e-01,9.206816711017e-02
-3.555791206308e+00,4.843750155000e-01,9.206755051470e-02
-3.555791206308e+00,5.781250185001e-01,9.206734493832e-02
-3.555791206308e+00,6.093750195001e-01,9.206734493832e-02
-3.555791206308e+00,6.406250205002e-01,9.206734493832e-02
-3.555791206308e+00,6.718750215002e-01,9.206734493832e-02
-3.555791206308e+00,7.656250245003e-01,9.206734493832e-02
-3.555791206308e+00,7.968750255002e-01,9.206734493832e-02
-3.555791206308e+00,8.281250265001e-01,9.206734493832e-02
-3.555791206308e+00,8.593750275001e-01,9.206734493832e-02
-3.555791206308e+00,8.906250285001e-01,9.206734493832e-02
-3.555791206308e+00,9.218750295001e-01,9.206734493832e-02
-3.555791206308e+00,9.531250305001e-01,9.206734493832e-02
-3.555791206308e+00,9.843750315000e-01,9.206734493832e-02
-3.555791206308e+00,1.562500050003e-02,9.211925675774e-02
-3.555791206308e+00,4.687500150008e-02,9.211304595563e-02
-3.555791206308e+00,3.281250105004e-01,9.207473167947e-02
-3.555791206308e+00,3.593750115004e-01,9.207247767244e-02
-3.555661614968e+00,8.953166909668e+00,7.927410183815e-02
-3.555615970710e+00,7.574765898637e+00,8.887491622776e-02
-3.555475740388e+00,5.692972393794e+00,9.206568635562e-02
-3.555114496400e+00,6.188711943684e+00,9.180054367406e-02
-3.555097257024e+00,1.692356283063e+00,9.206665632558e-02
-3.554687311123e+00,4.962342802823e+00,9.206651724832e-02
-3.554651480385e+00,3.624513262776e+00,9.206695783564e-02
-3.554629565052e+00,5.162683186400e+00,9.206587742144e-02
-3.554604203305e+00,6.683008620510e+00,9.102597509834e-02
-3.554480304768e+00,8.412641106090e+00,8.484380684440e-02
-3.554457511293e+00,1.016101340164e+00,9.206536367973e-02
-3.554443167234e+00,7.253686089726e+00,8.980342222426e-02
-3.554406993766e+00,4.526186519978e+00,9.206704416370e-02
-3.554231172026e+00,9.578688260682e+00,6.041072941948e-02
-3.554228236618e+00,5.325698935300e+00,9.206483747090e-02
-3.554115254533e+00,9.713767537995e+00,4.980172956548e-02
-3.554042834161e+00,2.690637389245e+00,9.206558282621e-02
-3.553930533227e+00,4.236362973021e+00,9.206618859042e-02
-3.553922745569e+00,2.368611225960e+00,9.206524251829e-02
-3.553730956756e+00,3.012663552531e+00,9.206527861919e-02
-3.553659672142e+00,1.370330119778e+00,9.206435031213e-02
-3.553631652907e+00,4.616171087680e+00,9.206589282062e-02
-3.553580622483e+00,7.052064000896e+00,9.028809118862e-02
-3.553370690980e+00,2.046585062676e+00,9.206425747304e-02
-3.553358141562e+00,6.109036740094e+00,9.190942830635e-02
-3.553117280141e+00,9.443845274767e+00,6.718591525507e-02
-3.553065303290e+00,3.946539426062e+00,9.206475263207e-02
-3.553061997991e+00,4.654519487127e+00,9.206494599131e-02
-3.552987113355e+00,3.334689715818e+00,9.206432969843e-02
-3.552767253555e+00,9.849074297172e+00,3.083871875332e-02
-3.552722952158e+00,5.821154064058e+00,9.206122063165e-02
-3.552633686975e+00,7.458476016086e+00,8.924114117064e-02
-3.552626294690e+00,6.768000745350e+00,9.087215547097e-02
-3.552386670394e+00,1.724558899392e+00,9.206262704648e-02
-3.552256402152e+00,4.693561271060e+00,9.206366611270e-02
-3.552032573951e+00,5.006227202674e+00,9.206244023663e-02
-3.551932250328e+00,9.063946515333e+00,7.749389412113e-02
-3.551811303956e+00,3.656715879105e+00,9.206273544360e-02
-3.551790121262e+00,1.048303956493e+00,9.206139717927e-02
-3.551502022438e+00,4.558389136307e+00,9.206272513114e-02
-3.551267452631e+00,2.722840005573e+00,9.206145527923e-02
-3.551210032204e+00,4.733290171529e+00,9.206197748995e-02
-3.551168962339e+00,2.400813842289e+00,9.206114676892e-02
-3.551099610638e+00,8.535568906444e+00,8.391373527592e-02
-3.551090762050e+00,6.030162983888e+00,9.201358588369e-02
-3.551047160198e+00,4.268565589349e+00,9.206190057256e-02
-3.550970683811e+00,1.402532736107e+00,9.206035017188e-02
-3.550933976927e+00,3.044866168860e+00,9.206111837526e-02
-3.550783339960e+00,5.209255613506e+00,9.206003767294e-02
-3.550775909418e+00,9.309247372998e+00,7.188484468732e-02
-3.550762894288e+00,8.810391067017e+00,8.120040213023e-02
-3.550691162423e+00,5.495066374299e+00,9.205911750181e-02
-3.550638506050e+00,2.078787679004e+00,9.206019264253e-02
-3.550413019926e+00,5.618817641216e+00,9.205835454070e-02
-3.550356141199e+00,7.903008384071e+00,8.766413019657e-02
-3.550296320092e+00,8.022610940579e+00,8.712552447300e-02
-3.550203528561e+00,3.978742042391e+00,9.206049481167e-02
-3.550168535225e+00,3.366892332146e+00,9.206013583663e-02
-3.550093258599e+00,6.853710124552e+00,9.070964905275e-02
-3.549918093973e+00,4.773699890643e+00,9.205991304686e-02
-3.549676083764e+00,1.756761515720e+00,9.205859227571e-02
-3.549624021851e+00,7.784244154121e+00,8.814568528506e-02
-3.549438391389e+00,8.143037222765e+00,8.652093332962e-02
-3.549420815681e+00,5.374252225950e+00,9.205751997702e-02
-3.549265827311e+00,7.139993465775e+00,9.009092489115e-02
-3.549122731232e+00,1.080506572821e+00,9.205742535773e-02
-3.549103560894e+00,5.050752947750e+00,9.205795879126e-02
-3.548971127527e+00,3.688918495433e+00,9.205850702040e-02
-3.548884430873e+00,7.343081285997e+00,8.957494929673e-02
-3.548597051109e+00,4.590591752636e+00,9.205839978799e-02
-3.548544914213e+00,5.745438581513e+00,9.205520310506e-02
-3.548492071102e+00,2.755042621902e+00,9.205732196996e-02
-3.548415179109e+00,2.433016458617e+00,9.205704534594e-02
-3.548375832467e+00,4.814784100793e+00,9.205750335706e-02
-3.548318161791e+00,5.952101039373e+00,9.205426110919e-02
-3.548281695481e+00,1.434735352435e+00,9.205634462044e-02
-3.548163787169e+00,4.300768205678e+00,9.205760633501e-02
-3.548136997098e+00,3.077068785189e+00,9.205695227752e-02
-3.548106219185e+00,7.666332811946e+00,8.857982188786e-02
-3.547906321120e+00,2.110990295333e+00,9.205612222437e-02
-3.547776278250e+00,8.264272590581e+00,8.583769164424e-02
-3.547349957096e+00,3.399094948475e+00,9.205593602658e-02
-3.547341753832e+00,4.010944658720e+00,9.205623085984e-02
-3.547209446834e+00,9.174903330956e+00,7.533328309981e-02
-3.546999876311e+00,6.940126079847e+00,9.053782011720e-02
-3.546965497134e+00,1.788964132049e+00,9.205455200061e-02
-3.546896497229e+00,8.659260442745e+00,8.283111564017e-02
-3.546644285332e+00,5.256442115506e+00,9.205367841854e-02
-3.546578532060e+00,4.856536444882e+00,9.205473317083e-02
-3.546455341202e+00,1.112709189150e+00,9.205344820303e-02
-3.546441079693e+00,6.408576052092e+00,9.148904623679e-02
-3.546177457379e+00,6.491212068159e+00,9.135950645894e-02
-3.546171763623e+00,6.326700809388e+00,9.161240325358e-02
-3.546130951098e+00,3.721121111762e+00,9.205427255147e-02
-3.546036345432e+00,8.930089374985e+00,7.967119240103e-02
-3.545895760638e+00,5.095913533411e+00,9.205300106058e-02
-3.545809080123e+00,7.549288878570e+00,8.897319638347e-02
-3.545716689573e+00,2.787245238230e+00,9.205318288479e-02
-3.545661395880e+00,2.465219074946e+00,9.205293823607e-02
-3.545592707151e+00,1.466937968764e+00,9.205233364543e-02
-3.545375410476e+00,6.574598318137e+00,9.122337018120e-02
-3.545375060423e+00,6.245596844562e+00,9.172992226470e-02
-3.545340017268e+00,3.109271401517e+00,9.205278031205e-02
-3.545303994445e+00,8.386302365292e+00,8.505873237051e-02
-3.545280414141e+00,4.332970822006e+00,9.205330586251e-02
-3.545174946587e+00,9.555380922313e+00,6.199491537635e-02
-3.545174136190e+00,2.143192911661e+00,9.205204620556e-02
-3.545173505055e+00,9.690415914233e+00,5.237769959252e-02
-3.545046208720e+00,5.874861234073e+00,9.204961148466e-02
-3.544879806836e+00,5.545533884884e+00,9.205023499687e-02
-3.544531378967e+00,3.431297564804e+00,9.205173025402e-02
-3.544521516659e+00,4.898950536551e+00,9.205149104996e-02
-3.544479979103e+00,4.043147275048e+00,9.205196076166e-02
-3.544374811938e+00,7.228596108409e+00,8.988104859060e-02
-3.544306921116e+00,5.423398558769e+00,9.204973056955e-02
-3.544254910504e+00,1.821166748377e+00,9.205050620847e-02
-3.544056586055e+00,6.165274626900e+00,9.184214921399e-02
-3.544029518071e+00,6.658724227999e+00,9.108012207654e-02
-3.543946797484e+00,9.420582781688e+00,6.825711724300e-02
-3.543940196044e+00,9.825678948981e+00,3.573797239608e-02
-3.543884803523e+00,5.670574881773e+00,9.204839227882e-02
-3.543787951172e+00,1.144911805478e+00,9.204946570307e-02
-3.543340995124e+00,7.027237899982e+00,9.035585045069e-02
-3.543290774669e+00,3.753323728090e+00,9.205003202220e-02
-3.542941308043e+00,2.819447854559e+00,9.204903801007e-02
-3.542907612650e+00,2.497421691274e+00,9.204882542596e-02
-3.542903718821e+00,1.499140585092e+00,9.204831723445e-02
-3.542739041219e+00,7.433126834261e+00,8.933086354861e-02
-3.542543037439e+00,3.141474017846e+00,9.204860246487e-02
-3.542441951261e+00,2.175395527990e+00,9.204796457309e-02
-3.542420335766e+00,9.040821906677e+00,7.797044907628e-02
-3.542404702253e+00,5.141702426944e+00,9.204768667792e-02
-3.542397041112e+00,4.365173438335e+00,9.204899913977e-02
-3.542222021075e+00,6.085744590027e+00,9.194943340026e-02
-3.542208057457e+00,5.304236073375e+00,9.204693254140e-02
-3.542200149862e+00,4.942019960421e+00,9.204789550482e-02
-3.542134424623e+00,6.743579189592e+00,9.092911265041e-02
-3.542015644513e+00,8.509111830042e+00,8.416147223534e-02
-3.541865256845e+00,8.783700920946e+00,8.155594395457e-02
-3.541712800838e+00,3.463500181132e+00,9.204751850463e-02
-3.541618204375e+00,4.075349891377e+00,9.204768450214e-02
-3.541544323874e+00,1.853369364706e+00,9.204645488657e-02
-3.541491391017e+00,9.286030284032e+00,7.265678334464e-02
-3.541472799397e+00,9.961161201570e+00,6.608629211789e-06
-3.541280834516e+00,5.798453858390e+00,9.204412684821e-02
-3.541120561141e+00,1.177114421807e+00,9.204547784571e-02
-3.540846324724e+00,7.996634378755e+00,8.726912529383e-02
-3.540816051866e+00,7.877154930555e+00,8.779270839764e-02
-3.540450598240e+00,3.785526344419e+00,9.204578541792e-02
-3.540214730491e+00,1.531343201421e+00,9.204429537503e-02
-3.540165926514e+00,2.851650470888e+00,9.204488733212e-02
-3.540153829421e+00,2.529624307603e+00,9.204470690225e-02
-3.540145896153e+00,4.635388916596e+00,9.204568663238e-02
-3.540079060878e+00,8.116938741865e+00,8.668197040582e-02
-3.539994414980e+00,7.758514995471e+00,8.826173683740e-02
-3.539877110508e+00,6.007017131480e+00,9.204147178874e-02
-3.539746057610e+00,3.173676634174e+00,9.204441872197e-02
-3.539709766331e+00,2.207598144318e+00,9.204387731388e-02
-3.539684840163e+00,6.829152561014e+00,9.076953463444e-02
-3.539609835134e+00,4.985738272321e+00,9.204391118416e-02
-3.539513668083e+00,4.397376054664e+00,9.204468615143e-02
-3.539399184196e+00,4.674257224336e+00,9.204442966835e-02
-3.539111528574e+00,7.115034841096e+00,9.016274208212e-02
-3.538902628390e+00,7.317861118023e+00,8.965742564047e-02
-3.538894222709e+00,3.495702797461e+00,9.204330076406e-02
-3.538882337884e+00,5.473131230755e+00,9.204142885972e-02
-3.538833737244e+00,1.885571981034e+00,9.204239802213e-02
-3.538756429646e+00,4.107552507706e+00,9.204340206626e-02
-3.538748736510e+00,5.596573144943e+00,9.204089618620e-02
-3.538625955359e+00,5.188113067797e+00,9.204183293547e-02
-3.538508177940e+00,8.238053382482e+00,8.601956417051e-02
-3.538453171111e+00,1.209317038136e+00,9.204148461877e-02
-3.538412504066e+00,4.713813692956e+00,9.204283061915e-02
-3.538387676726e+00,7.640729132020e+00,8.868517037551e-02
-3.537905423929e+00,8.632686230404e+00,8.311978469064e-02
-3.537811116889e+00,9.151732203833e+00,7.591557089871e-02
-3.537610421811e+00,3.817728960748e+00,9.204153272393e-02
-3.537525742161e+00,1.563545817749e+00,9.204026805468e-02
-3.537470353625e+00,5.352630841016e+00,9.203963688665e-02
-3.537400046191e+00,2.561826923931e+00,9.204058265153e-02
-3.537390544984e+00,2.883853087216e+00,9.204073083722e-02
-3.537181056712e+00,4.754052028308e+00,9.204088845642e-02
-3.537028034335e+00,5.722889165261e+00,9.203795981469e-02
-3.537027663542e+00,5.929102612389e+00,9.203736859194e-02
-3.536977581401e+00,2.239800760647e+00,9.203978441483e-02
-3.536949077780e+00,3.205879250503e+00,9.204022906928e-02
-3.536746015967e+00,5.030098999520e+00,9.203944307732e-02
-3.536675540579e+00,6.915433666947e+00,9.060088608904e-02
-3.536630295055e+00,4.429578670992e+00,9.204036688208e-02
-3.536411075898e+00,8.907011840303e+00,8.005131065246e-02
-3.536231755577e+00,9.667064290471e+00,5.469205512172e-02
-3.536127684122e+00,8.359963624494e+00,8.526654174393e-02
-3.536123150614e+00,1.917774597362e+00,9.203833560233e-02
-3.536118721147e+00,9.532073583943e+00,6.345063353043e-02
-3.536075644580e+00,3.527905413790e+00,9.203907701791e-02
-3.536002189537e+00,7.523811858502e+00,8.906928191243e-02
-3.535894654917e+00,4.139755124035e+00,9.203911343895e-02
-3.535785781081e+00,1.241519654464e+00,9.203748601003e-02
-3.535700082252e+00,4.794965906508e+00,9.203855695137e-02
-3.535621821445e+00,6.384710052208e+00,9.153558404056e-02
-3.535439072698e+00,6.467205456600e+00,9.140812733793e-02
-3.535272289698e+00,6.302976564579e+00,9.165692006698e-02
-3.535113138533e+00,9.802283600789e+00,3.997116947555e-02
-3.534836753831e+00,1.595748434078e+00,9.203623526090e-02
-3.534776314827e+00,9.397320288609e+00,6.925598726932e-02
-3.534770245382e+00,3.849931577077e+00,9.203727392547e-02
-3.534718551916e+00,6.550452241359e+00,9.127423469401e-02
-3.534646262961e+00,2.594029540259e+00,9.203645266034e-02
-3.534615163455e+00,2.916055703545e+00,9.203656851158e-02
-3.534555130297e+00,5.235138867811e+00,9.203560694384e-02
-3.534396034030e+00,6.222015495155e+00,9.177264427121e-02
-3.534306456642e+00,7.203506127092e+00,8.995714907672e-02
-3.534245396471e+00,2.272003376975e+00,9.203568586279e-02
-3.534152097951e+00,3.238081866832e+00,9.203603349271e-02
-3.533964860147e+00,4.836548974156e+00,9.203579515003e-02
-3.533746922026e+00,4.461781287321e+00,9.203604131627e-02
-3.533679553361e+00,5.852011357077e+00,9.203254681373e-02
-3.533604176054e+00,5.075095640959e+00,9.203461689992e-02
-3.533454832838e+00,6.634439835488e+00,9.113340720061e-02
-3.533412563984e+00,1.949977213691e+00,9.203426761435e-02
-3.533257066451e+00,3.560108030119e+00,9.203484725174e-02
-3.533142892476e+00,5.523443512553e+00,9.203268006590e-02
-3.533118391051e+00,1.273722270793e+00,9.203348200725e-02
-3.533101367765e+00,7.002411799067e+00,9.042237767187e-02
-3.533032880188e+00,4.171957740363e+00,9.203481860509e-02
-3.532998675710e+00,6.141837310117e+00,9.188319653883e-02
-3.532967619401e+00,8.757010774875e+00,8.189654766417e-02
-3.532931678387e+00,8.482654753640e+00,8.440042958521e-02
-3.532908421205e+00,9.017697298020e+00,7.842505205980e-02
-3.532844395463e+00,7.407777652436e+00,8.941868181226e-02
-3.532760647114e+00,9.937722690964e+00,1.008966067886e-02
-3.532426912303e+00,5.401619745490e+00,9.203192995219e-02
-3.532293866658e+00,5.648177369753e+00,9.203103527597e-02
-3.532206872616e+00,9.262813195065e+00,7.338405038007e-02
-3.532147765501e+00,1.627951050406e+00,9.203219698111e-02
-3.531970709380e+00,4.878794848568e+00,9.203268042152e-02
-3.531930068953e+00,3.882134193405e+00,9.203300900775e-02
-3.531892479732e+00,2.626232156588e+00,9.203231691520e-02
-3.531839781925e+00,2.948258319874e+00,9.203240034139e-02
-3.531642554556e+00,6.719157633835e+00,9.098509391496e-02
-3.531513211542e+00,2.304205993303e+00,9.203158164459e-02
-3.531396329356e+00,7.970657816932e+00,8.740883244686e-02
-3.531355118122e+00,3.270284483160e+00,9.203183197812e-02
-3.531275962533e+00,7.851301477039e+00,8.791792694109e-02
-3.531085900588e+00,6.062452439961e+00,9.198891592355e-02
-3.530863548997e+00,4.493983903650e+00,9.203170943851e-02
-3.530719730367e+00,8.090840260964e+00,8.683839014493e-02
-3.530701977355e+00,1.982179830019e+00,9.203019404528e-02
-3.530451001020e+00,1.305924887121e+00,9.202947259814e-02
-3.530438488321e+00,3.592310646447e+00,9.203061145105e-02
-3.530364808109e+00,7.732785836821e+00,8.837496874946e-02
-3.530187878296e+00,5.282773211449e+00,9.202885198989e-02
-3.530179839454e+00,5.120721667487e+00,9.202929756419e-02
-3.530171105459e+00,4.204160356692e+00,9.203051754952e-02
-3.529838716875e+00,5.775753652721e+00,9.202697019454e-02
-3.529712988602e+00,4.921697118020e+00,9.202918003454e-02
-3.529458777171e+00,1.660153666735e+00,9.202815320271e-02
-3.529276421727e+00,6.804594997476e+00,9.082840508048e-02
-3.529240077631e+00,8.211834174383e+00,8.619590683260e-02
-3.529138696502e+00,2.658434772916e+00,9.202817540256e-02
-3.529089892524e+00,3.914336809734e+00,9.202873795592e-02
-3.529064400396e+00,2.980460936202e+00,9.202822631281e-02
-3.528957229838e+00,7.090076216416e+00,9.023312787500e-02
-3.528920825907e+00,7.292640950049e+00,8.973822700910e-02
-3.528914350628e+00,8.606112018063e+00,8.339745316198e-02
-3.528781026612e+00,2.336408609632e+00,9.202747174699e-02
-3.528669134267e+00,7.615125452094e+00,8.878808071663e-02
-3.528663458965e+00,5.983871279072e+00,9.202458903040e-02
-3.528558138292e+00,3.302487099489e+00,9.202762451131e-02
-3.528412786945e+00,9.128561076709e+00,7.646836614546e-02
-3.527991390724e+00,2.014382446348e+00,9.202611488221e-02
-3.527980175969e+00,4.526186519978e+00,9.202737123324e-02
-3.527783610990e+00,1.338127503450e+00,9.202545777039e-02
-3.527619910192e+00,3.624513262776e+00,9.202636960133e-02
-3.527309330731e+00,4.236362973021e+00,9.202621025701e-02
-3.527290006099e+00,9.643712666710e+00,5.678267010020e-02
-3.527229794316e+00,4.616258346065e+00,9.202624194149e-02
-3.527196609048e+00,8.882070635423e+00,8.043817397070e-02
-3.527187096317e+00,4.965249341969e+00,9.202520216585e-02
-3.527084453094e+00,5.574328648670e+00,9.202334220304e-02
-3.527073513344e+00,5.451196087212e+00,9.202367650601e-02
-3.527062495708e+00,9.508766245574e+00,6.479286820370e-02
-3.526999374678e+00,5.156250165000e-01,9.202409998555e-02
-3.526999374678e+00,5.468750175001e-01,9.202409998555e-02
-3.526999374678e+00,7.812500250013e-02,9.206488207222e-02
-3.526999374678e+00,1.093750035002e-01,9.205931583893e-02
-3.526999374678e+00,1.406250045003e-01,9.205414732434e-02
-3.526999374678e+00,1.718750055004e-01,9.204937983661e-02
-3.526999374678e+00,2.031250065004e-01,9.204501644289e-02
-3.526999374678e+00,2.343750075005e-01,9.204105996362e-02
-3.526999374678e+00,2.656250085005e-01,9.203751296716e-02
-3.526999374678e+00,2.968750095005e-01,9.203437776496e-02
-3.526999374678e+00,3.906250125003e-01,9.202746209536e-02
-3.526999374678e+00,4.218750135002e-01,9.202599190208e-02
-3.526999374678e+00,4.531250145001e-01,9.202494106919e-02
-3.526999374678e+00,4.843750155000e-01,9.202431029126e-02
-3.526999374678e+00,5.781250185001e-01,9.202409998555e-02
-3.526999374678e+00,6.093750195001e-01,9.202409998555e-02
-3.526999374678e+00,6.406250205002e-01,9.202409998555e-02
-3.526999374678e+00,6.718750215002e-01,9.202409998555e-02
-3.526999374678e+00,7.031250225003e-01,9.202409998555e-02
-3.526999374678e+00,7.343750235003e-01,9.202409998555e-02
-3.526999374678e+00,7.656250245003e-01,9.202409998555e-02
-3.526999374678e+00,7.968750255002e-01,9.202409998555e-02
-3.526999374678e+00,8.281250265001e-01,9.202409998555e-02
-3.526999374678e+00,8.593750275001e-01,9.202409998555e-02
-3.526999374678e+00,8.906250285001e-01,9.202409998555e-02
-3.526999374678e+00,9.218750295001e-01,9.202409998555e-02
-3.526999374678e+00,9.531250305001e-01,9.202409998555e-02
-3.526999374678e+00,9.843750315000e-01,9.202409998555e-02
-3.526999374678e+00,1.562500050003e-02,9.207719329453e-02
-3.526999374678e+00,4.687500150008e-02,9.207084248119e-02
-3.526999374678e+00,3.281250105004e-01,9.203165640714e-02
-3.526999374678e+00,3.593750115004e-01,9.202935067856e-02
-3.526951373798e+00,8.333624883696e+00,8.546711422910e-02
-3.526769788841e+00,1.692356283063e+00,9.202410391308e-02
-3.526541966240e+00,4.654953177611e+00,9.202510384625e-02
-3.526468570757e+00,5.166970522088e+00,9.202356526874e-02
-3.526384913273e+00,2.690637389245e+00,9.202402810886e-02
-3.526351204847e+00,6.890741254047e+00,9.066285050982e-02
-3.526289018866e+00,3.012663552531e+00,9.202404641194e-02
-3.526286081022e+00,9.778888252598e+00,4.366539316854e-02
-3.526249716095e+00,3.946539426062e+00,9.202446075510e-02
-3.526195298950e+00,7.498334838435e+00,8.916324573685e-02
-3.526048841682e+00,2.368611225960e+00,9.202335615674e-02
-3.525761158463e+00,3.334689715818e+00,9.202341107807e-02
-3.525737165294e+00,5.906104185404e+00,9.202041348143e-02
-3.525676478813e+00,1.016101340164e+00,9.202210596736e-02
-3.525614975927e+00,4.694337214382e+00,9.202362551535e-02
-3.525605832170e+00,9.374057795530e+00,7.018958990823e-02
-3.525519891568e+00,5.331009456082e+00,9.202169072589e-02
-3.525511154457e+00,5.700339749010e+00,9.202060717013e-02
-3.525280804095e+00,2.046585062676e+00,9.202203011217e-02
-3.525116220960e+00,1.370330119778e+00,9.202143751164e-02
-3.525096802940e+00,4.558389136307e+00,9.202302668487e-02
-3.524802563197e+00,6.360844052323e+00,9.158142558154e-02
-3.524801332063e+00,3.656715879105e+00,9.202212168798e-02
-3.524700688017e+00,6.443198845041e+00,9.145602369979e-02
-3.524447556002e+00,4.268565589349e+00,9.202189671231e-02
-3.524444019451e+00,4.734404165974e+00,9.202171528940e-02
-3.524388471040e+00,5.009445051290e+00,9.202086530452e-02
-3.524372815772e+00,6.279252319771e+00,9.170081186691e-02
-3.524238101347e+00,7.178416145775e+00,9.003176897259e-02
-3.524080800511e+00,1.724558899392e+00,9.202004909955e-02
-3.524069981957e+00,8.730320628804e+00,8.222312026508e-02
-3.524061693357e+00,6.526306164582e+00,9.132431957451e-02
-3.524048494832e+00,9.914284180357e+00,1.829676693556e-02
-3.523847712262e+00,8.456197677239e+00,8.463105989142e-02
-3.523631130043e+00,2.722840005573e+00,9.201987502049e-02
-3.523513637337e+00,3.044866168860e+00,9.201986062484e-02
-3.523417007636e+00,6.198434145749e+00,9.181478254571e-02
-3.523409539666e+00,3.978742042391e+00,9.202017739034e-02
-3.523396506644e+00,8.994572689364e+00,7.885917711847e-02
-3.523316656752e+00,2.400813842289e+00,9.201923486054e-02
-3.523030687082e+00,1.048303956493e+00,9.201811391454e-02
-3.523024332036e+00,4.775147712223e+00,9.201943174881e-02
-3.522964178634e+00,3.366892332146e+00,9.201919166411e-02
-3.522949749707e+00,7.382428470611e+00,8.950465627219e-02
-3.522922354214e+00,9.239596106099e+00,7.407039888268e-02
-3.522880147604e+00,6.610155442976e+00,9.118585197187e-02
-3.522861740406e+00,6.977585698152e+00,9.048770704467e-02
-3.522570217465e+00,2.078787679004e+00,9.201793972217e-02
-3.522465975263e+00,5.213835620115e+00,9.201737123084e-02
-3.522448830930e+00,1.402532736107e+00,9.201741180949e-02
-3.522312898002e+00,5.829161480081e+00,9.201539713011e-02
-3.522213429911e+00,4.590591752636e+00,9.201867577775e-02
-3.521982753934e+00,3.688918495433e+00,9.201786769640e-02
-3.521946333988e+00,7.944681255108e+00,8.754480084559e-02
-3.521940765365e+00,6.118399993333e+00,9.192369792011e-02
-3.521735873200e+00,7.825448023523e+00,8.803998500387e-02
-3.521585781273e+00,4.300768205678e+00,9.201757690011e-02
-3.521405978116e+00,5.501353140222e+00,9.201495526739e-02
-3.521391812180e+00,1.756761515720e+00,9.201598874939e-02
-3.521360399856e+00,8.064741780064e+00,8.699038612478e-02
-3.521351188235e+00,4.816561503429e+00,9.201679640420e-02
-3.521312591470e+00,5.054277748508e+00,9.201606951282e-02
-3.521150684489e+00,6.694736078077e+00,9.104008774853e-02
-3.520877346813e+00,2.755042621902e+00,9.201571612378e-02
-3.520738255807e+00,3.077068785189e+00,9.201566893754e-02
-3.520735201238e+00,7.707056678170e+00,8.848548205283e-02
-3.520702929793e+00,5.625779857732e+00,9.201355230258e-02
-3.520584471822e+00,2.433016458617e+00,9.201510784505e-02
-3.520569363237e+00,4.010944658720e+00,9.201588784667e-02
-3.520546903490e+00,5.379840932211e+00,9.201397881288e-02
-3.520384895352e+00,1.080506572821e+00,9.201411649639e-02
-3.520167198804e+00,3.399094948475e+00,9.201496625511e-02
-3.519971977322e+00,8.185614966284e+00,8.636696465868e-02
-3.519949780101e+00,6.039160289894e+00,9.201125447368e-02
-3.519923277328e+00,8.579537805723e+00,8.366472920498e-02
-3.519859630835e+00,2.110990295333e+00,9.201384369916e-02
-3.519781440899e+00,1.434735352435e+00,9.201338065153e-02
-3.519419902101e+00,4.858639160585e+00,9.201376558070e-02
-3.519164175805e+00,3.721121111762e+00,9.201360761192e-02
-3.519014457000e+00,9.105389949585e+00,7.699384306233e-02
-3.518950591808e+00,7.589521772168e+00,8.888863654320e-02
-3.518939023424e+00,7.267420782074e+00,8.981740450366e-02
-3.518868003292e+00,6.780037433937e+00,9.088628705061e-02
-3.518802931102e+00,7.065117591736e+00,9.030212478922e-02
-3.518724006544e+00,4.332970822006e+00,9.201325080506e-02
-3.518702823850e+00,1.788964132049e+00,9.201192284988e-02
-3.518396599233e+00,5.753053447053e+00,9.200969239555e-02
-3.518392944884e+00,8.855265760347e+00,8.082990957523e-02
-3.518348256621e+00,9.620361042948e+00,5.868044475706e-02
-3.518167699135e+00,5.261310349524e+00,9.201070757249e-02
-3.518123563584e+00,2.787245238230e+00,9.201155140505e-02
-3.518006270268e+00,9.485458907205e+00,6.603436090787e-02
-3.517962874278e+00,3.109271401517e+00,9.201147133600e-02
-3.517954976654e+00,5.099740908031e+00,9.201083309017e-02
-3.517852286893e+00,2.465219074946e+00,9.201097509688e-02
-3.517775063475e+00,8.307286142898e+00,8.566107150571e-02
-3.517739103621e+00,1.112709189150e+00,9.201011370075e-02
-3.517729186808e+00,4.043147275048e+00,9.201159210907e-02
-3.517459023512e+00,9.755492904407e+00,4.691733062528e-02
-3.517449807423e+00,5.960725426664e+00,9.200764280616e-02
-3.517370218975e+00,3.431297564804e+00,9.201073483673e-02
-3.517225827341e+00,4.901374275619e+00,9.201027788640e-02
-3.517149044205e+00,2.143192911661e+00,9.200974203008e-02
-3.517114050869e+00,1.466937968764e+00,9.200934402528e-02
-3.516435349513e+00,9.350795302452e+00,7.106409900638e-02
-3.516388408364e+00,7.472857818368e+00,8.925494140296e-02
-3.516345597676e+00,3.753323728090e+00,9.200934141982e-02
-3.516026869116e+00,6.866048841147e+00,9.072374299541e-02
-3.516013835520e+00,1.821166748377e+00,9.200785138822e-02
-3.515862231815e+00,4.365173438335e+00,9.200891841175e-02
-3.515420169678e+00,5.552084152397e+00,9.200572425622e-02
-3.515369780354e+00,2.819447854559e+00,9.200738085056e-02
-3.515336342550e+00,9.890845669751e+00,2.510305709424e-02
-3.515264688805e+00,5.429260943669e+00,9.200586055867e-02
-3.515187492748e+00,3.141474017846e+00,9.200726780617e-02
-3.515172344514e+00,8.703630482732e+00,8.253649777107e-02
-3.515120101963e+00,2.497421691274e+00,9.200683660261e-02
-3.515093311891e+00,1.144911805478e+00,9.200610551544e-02
-3.514889010379e+00,4.075349891377e+00,9.200729016245e-02
-3.514764357499e+00,4.944760411616e+00,9.200643080922e-02
-3.514763746137e+00,8.429740600837e+00,8.485378549044e-02
-3.514573239146e+00,3.463500181132e+00,9.200649739456e-02
-3.514446667045e+00,5.883105758420e+00,9.200330366516e-02
-3.514446660839e+00,1.499140585092e+00,9.200530191826e-02
-3.514438457575e+00,2.175395527990e+00,9.200563470181e-02
-3.514311186156e+00,5.145827976379e+00,9.200519052395e-02
-3.514169746051e+00,7.153326164459e+00,9.010495185629e-02
-3.513994274580e+00,5.677790332758e+00,9.200319047857e-02
-3.513983304949e+00,6.336978052439e+00,9.162654388829e-02
-3.513962303336e+00,6.419192233483e+00,9.150321276510e-02
-3.513884592082e+00,8.971448080707e+00,7.927416936944e-02
-3.513684748283e+00,4.635649130887e+00,9.200567148207e-02
-3.513637835813e+00,9.216379017133e+00,7.471917317956e-02
-3.513569429512e+00,5.309388071148e+00,9.200358129761e-02
-3.513527019546e+00,3.785526344419e+00,9.200506910535e-02
-3.513473341846e+00,6.255528074963e+00,9.174409284361e-02
-3.513404834797e+00,6.502160087805e+00,9.137364374043e-02
-3.513324847190e+00,1.853369364706e+00,9.200377435160e-02
-3.513055103951e+00,7.357079288786e+00,8.958884480051e-02
-3.513000457086e+00,4.397376054664e+00,9.200457970473e-02
-3.512817447788e+00,4.674860735808e+00,9.200421248446e-02
-3.512622113047e+00,6.952759597237e+00,9.055187156031e-02
-3.512615997125e+00,2.851650470888e+00,9.200320444654e-02
-3.512496338620e+00,7.918704693285e+00,8.767717744112e-02
-3.512447520160e+00,1.177114421807e+00,9.200209192822e-02
-3.512437981242e+00,6.174852796342e+00,9.185635009026e-02
-3.512412111219e+00,3.173676634174e+00,9.200305833394e-02
-3.512387917033e+00,2.529624307603e+00,9.200269234880e-02
-3.512305462370e+00,6.585871050465e+00,9.123747721747e-02
-3.512195783867e+00,7.799594570007e+00,8.815899982123e-02
-3.512048833950e+00,4.107552507706e+00,9.200298199169e-02
-3.512030926113e+00,4.988791103059e+00,9.200214672326e-02
-3.512001069345e+00,8.038643299164e+00,8.713814143693e-02
-3.511779270808e+00,1.531343201421e+00,9.200125431792e-02
-3.511776259317e+00,3.495702797461e+00,9.200225391414e-02
-3.511727870945e+00,2.207598144318e+00,9.200152170119e-02
-3.511706982190e+00,4.714756303639e+00,9.200240424007e-02
-3.511105594367e+00,7.681327519519e+00,8.859337312675e-02
-3.510946242643e+00,5.806311603085e+00,9.199818356204e-02
-3.510932204028e+00,8.552963593382e+00,8.392217747712e-02
-3.510882855020e+00,6.094962676550e+00,9.196366529201e-02
-3.510708441417e+00,3.817728960748e+00,9.200079065371e-02
-3.510703877012e+00,8.159395758185e+00,8.653296865342e-02
-3.510658814422e+00,6.670314522319e+00,9.109419716732e-02
-3.510635858860e+00,1.885571981034e+00,9.199969172716e-02
-3.510376820228e+00,5.192532372420e+00,9.199902759375e-02
-3.510348581821e+00,4.755329517938e+00,9.200024599140e-02
-3.510138682358e+00,4.429578670992e+00,9.200023466851e-02
-3.509862213895e+00,2.883853087216e+00,9.199902217915e-02
-3.509801728430e+00,1.209317038136e+00,9.199807292684e-02
-3.509669063756e+00,5.479262767890e+00,9.199713770215e-02
-3.509655732103e+00,2.561826923931e+00,9.199854232193e-02
-3.509636729689e+00,3.205879250503e+00,9.199884290516e-02
-3.509616127056e+00,9.082218822461e+00,7.749396745732e-02
-3.509589280720e+00,8.828460885271e+00,8.120292579573e-02
-3.509406507143e+00,9.597009419186e+00,6.041084006506e-02
-3.509232049349e+00,7.563918092242e+00,8.898691780392e-02
-3.509208657522e+00,4.139755124035e+00,9.199866758163e-02
-3.509111992928e+00,5.603382345712e+00,9.199593672556e-02
-3.509111880778e+00,1.563545817749e+00,9.199720121169e-02
-3.509021006886e+00,5.033459856056e+00,9.199740779119e-02
-3.509017284315e+00,2.239800760647e+00,9.199740301504e-02
-3.508979279487e+00,3.527905413790e+00,9.199800438100e-02
-3.508957220941e+00,7.242200614100e+00,8.989500723768e-02
-3.508950044829e+00,9.462151568836e+00,6.718601483761e-02
-3.508813659614e+00,6.015868139827e+00,9.199431856442e-02
-3.508737516323e+00,4.796574032702e+00,9.199766907806e-02
-3.508666894677e+00,5.358062118931e+00,9.199596314945e-02
-3.508648632365e+00,7.040158967057e+00,9.036985309942e-02
-3.508631966001e+00,9.732097556216e+00,4.980184797424e-02
-3.508598753152e+00,8.280947402100e+00,8.584894245046e-02
-3.508459584856e+00,6.755479870399e+00,9.094320632037e-02
-3.507946870530e+00,1.917774597362e+00,9.199560350201e-02
-3.507889863288e+00,3.849931577077e+00,9.199650605006e-02
-3.507276907629e+00,4.461781287321e+00,9.199588328752e-02
-3.507264866856e+00,9.327532809373e+00,7.188493378089e-02
-3.507155936700e+00,1.241519654464e+00,9.199404849900e-02
-3.507108430665e+00,2.916055703545e+00,9.199483403455e-02
-3.506954481592e+00,5.730353241385e+00,9.199228117972e-02
-3.506923547174e+00,2.594029540259e+00,9.199438650847e-02
-3.506869094821e+00,4.838483472603e+00,9.199467075422e-02
-3.506861348160e+00,3.238081866832e+00,9.199462150565e-02
-3.506624190267e+00,9.867407159144e+00,3.083882212900e-02
-3.506581517777e+00,7.447380798300e+00,8.934465497859e-02
-3.506444490748e+00,1.595748434078e+00,9.199314258696e-02
-3.506368481093e+00,4.171957740363e+00,9.199434691705e-02
-3.506306697685e+00,2.272003376975e+00,9.199327863011e-02
-3.506274707070e+00,8.676940336661e+00,8.283745192738e-02
-3.506236155881e+00,5.937579574256e+00,9.199063307037e-02
-3.506182299658e+00,3.560108030119e+00,9.199374878059e-02
-3.506147519974e+00,5.239847487599e+00,9.199247874764e-02
-3.505730113855e+00,5.078760148574e+00,9.199230540962e-02
-3.505702533384e+00,6.841356428247e+00,9.078359215511e-02
-3.505679780011e+00,8.403283524435e+00,8.506900095386e-02
-3.505257882200e+00,1.949977213691e+00,9.199150966320e-02
-3.505071285159e+00,3.882134193405e+00,9.199221527949e-02
-3.504738666080e+00,4.881051433218e+00,9.199131322873e-02
-3.504510144969e+00,1.273722270793e+00,9.199001863237e-02
-3.504415132900e+00,4.493983903650e+00,9.199152554619e-02
-3.504372677521e+00,8.948323472050e+00,7.967125879708e-02
-3.504354647436e+00,2.948258319874e+00,9.199063999883e-02
-3.504353317412e+00,9.193161928166e+00,7.533336301404e-02
-3.504191362244e+00,2.626232156588e+00,9.199022489483e-02
-3.504101390755e+00,7.128236183141e+00,9.017673967315e-02
-3.504085966630e+00,3.270284483160e+00,9.199039412116e-02
-3.503777100718e+00,1.627951050406e+00,9.198907843110e-02
-3.503755886261e+00,5.529839656124e+00,9.198798200567e-02
-3.503596111055e+00,2.304205993303e+00,9.198914853315e-02
-3.503528304663e+00,4.204160356692e+00,9.199001998270e-02
-3.503455864266e+00,5.407325800126e+00,9.198784913817e-02
-3.503385319829e+00,3.592310646447e+00,9.198948709833e-02
-3.503223918655e+00,6.395185621924e+00,9.154971124083e-02
-3.503164046701e+00,6.313112052554e+00,9.167102258562e-02
-3.503160458196e+00,7.331730106961e+00,8.967130295130e-02
-3.503156168797e+00,5.860107331436e+00,9.198609790930e-02
-3.503046343252e+00,7.892728131461e+00,8.780575577222e-02
-3.502747976238e+00,6.478014011028e+00,9.142222553312e-02
-3.502655694534e+00,7.773741116492e+00,8.827508303726e-02
-3.502641738834e+00,8.012544818264e+00,8.728182938154e-02
-3.502573867921e+00,6.231803830155e+00,9.178677678442e-02
-3.502568893870e+00,1.982179830019e+00,9.198741019778e-02
-3.502477394702e+00,5.655240916506e+00,9.198568050847e-02
-3.502382485688e+00,6.927933496323e+00,9.061490306010e-02
-3.502341618682e+00,4.924271481264e+00,9.198752794698e-02
-3.502252707030e+00,3.914336809734e+00,9.198791832708e-02
-3.502153801555e+00,5.124685430670e+00,9.198664683593e-02
-3.501941130728e+00,8.526389381041e+00,8.417032292713e-02
-3.501864353239e+00,1.305924887121e+00,9.198598331458e-02
-3.501730777136e+00,6.561586657954e+00,9.128830311602e-02
-3.501618967456e+00,5.287766686215e+00,9.198536467280e-02
-3.501600864206e+00,2.980460936202e+00,9.198644005805e-02
-3.501553358171e+00,4.526186519978e+00,9.198716142885e-02
-3.501475987496e+00,7.655598360869e+00,8.869873396030e-02
-3.501459177314e+00,2.658434772916e+00,9.198605746740e-02
-3.501458954848e+00,6.151271446935e+00,9.189735954473e-02
-3.501435776703e+00,8.133176550086e+00,8.669413677735e-02
-3.501310585101e+00,3.302487099489e+00,9.198616073741e-02
-3.501109710687e+00,1.660153666735e+00,9.198500873142e-02
-3.500885524425e+00,2.336408609632e+00,9.198501271083e-02
-3.500827530327e+00,4.616345084162e+00,9.198605423497e-02
-3.500785616556e+00,8.801656010195e+00,8.155935981646e-02
-3.500688128235e+00,4.236362973021e+00,9.198568676326e-02
-3.500588339999e+00,3.624513262776e+00,9.198521931960e-02
-3.500464757665e+00,9.573657795425e+00,6.199502411847e-02
-3.500217797112e+00,9.059047695338e+00,7.797052111493e-02
-3.500166944355e+00,6.645892966561e+00,9.114744442089e-02
-3.500019919649e+00,4.655384257234e+00,9.198471733148e-02
-3.499893819389e+00,9.438844230466e+00,6.825721487048e-02
-3.499879905540e+00,2.014382446348e+00,9.198330509273e-02
-3.499824944675e+00,6.071525359766e+00,9.198042218194e-02
-3.499804908490e+00,9.708702208024e+00,5.237781745941e-02
-3.499673381186e+00,4.968137154829e+00,9.198328751590e-02
-3.499579587284e+00,5.783461726089e+00,9.198086847908e-02
-3.499513506890e+00,7.538314412316e+00,8.908300096295e-02
-3.499434128901e+00,3.946539426062e+00,9.198361517784e-02
-3.499422442828e+00,8.254608661303e+00,8.603100494584e-02
-3.499218561508e+00,1.338127503450e+00,9.198194253324e-02
-3.498975418458e+00,7.216980446125e+00,8.997108243164e-02
-3.498969944929e+00,4.695108441305e+00,9.198303295579e-02
-3.498847080976e+00,3.012663552531e+00,9.198223419822e-02
-3.498726992384e+00,2.690637389245e+00,9.198188421251e-02
-3.498691583442e+00,4.558389136307e+00,9.198279091983e-02
-3.498535203572e+00,3.334689715818e+00,9.198192134010e-02
-3.498494333629e+00,7.015200342377e+00,9.043634834607e-02
-3.498442320657e+00,1.692356283063e+00,9.198093347519e-02
-3.498287665193e+00,5.171229124725e+00,9.198061958163e-02
-3.498207543048e+00,1.562500050003e-02,9.203452959791e-02
-3.498207543048e+00,4.687500150008e-02,9.202803429399e-02
-3.498207543048e+00,7.812500250013e-02,9.202193793004e-02
-3.498207543048e+00,2.031250065004e-01,9.200161674265e-02
-3.498207543048e+00,2.656250085005e-01,9.199394022253e-02
-3.498207543048e+00,4.218750135002e-01,9.198215241642e-02
-3.498207543048e+00,4.843750155000e-01,9.198043176632e-02
-3.498207543048e+00,1.093750035002e-01,9.201624442928e-02
-3.498207543048e+00,1.406250045003e-01,9.201095747796e-02
-3.498207543048e+00,1.718750055004e-01,9.200608051842e-02
-3.498207543048e+00,2.343750075005e-01,9.199756908619e-02
-3.498207543048e+00,2.968750095005e-01,9.199073255794e-02
-3.498207543048e+00,3.281250105004e-01,9.198794822681e-02
-3.498207543048e+00,3.593750115004e-01,9.198558908751e-02
-3.498207543048e+00,3.906250125003e-01,9.198365671874e-02
-3.498207543048e+00,4.531250145001e-01,9.198107719118e-02
-3.498207543048e+00,5.156250165000e-01,9.198021657638e-02
-3.498207543048e+00,5.468750175001e-01,9.198021657638e-02
-3.498207543048e+00,5.781250185001e-01,9.198021657638e-02
-3.498207543048e+00,6.093750195001e-01,9.198021657638e-02
-3.498207543048e+00,6.406250205002e-01,9.198021657638e-02
-3.498207543048e+00,6.718750215002e-01,9.198021657638e-02
-3.498207543048e+00,7.031250225003e-01,9.198021657638e-02
-3.498207543048e+00,7.343750235003e-01,9.198021657638e-02
-3.498207543048e+00,7.656250245002e-01,9.198021657638e-02
-3.498207543048e+00,7.968750255002e-01,9.198021657638e-02
-3.498207543048e+00,8.281250265001e-01,9.198021657638e-02
-3.498207543048e+00,8.593750275001e-01,9.198021657638e-02
-3.498207543048e+00,8.906250285001e-01,9.198021657638e-02
-3.498207543048e+00,9.218750295001e-01,9.198021657638e-02
-3.498207543048e+00,9.531250305001e-01,9.198021657638e-02
-3.498207543048e+00,9.843750315000e-01,9.198021657638e-02
-3.498174937795e+00,2.368611225960e+00,9.198087114982e-02
-3.498094384199e+00,9.304270316294e+00,7.265687070322e-02
-3.498051166420e+00,6.730922306860e+00,9.099909772307e-02
-3.497932149396e+00,5.457172395559e+00,9.197925520351e-02
-3.497912037985e+00,9.843968648538e+00,3.573808345583e-02
-3.497847951805e+00,4.268565589349e+00,9.198134724337e-02
-3.497791360170e+00,3.656715879105e+00,9.198094542972e-02
-3.497677539127e+00,5.992575989761e+00,9.197731830859e-02
-3.497672831606e+00,4.735511323653e+00,9.198089290404e-02
-3.497521056063e+00,5.580984833691e+00,9.197825597412e-02
-3.497377069626e+00,8.650250190589e+00,8.312669619674e-02
-3.497190917210e+00,2.046585062676e+00,9.197919433500e-02
-3.496895446332e+00,1.016101340164e+00,9.197820955595e-02
-3.496786885864e+00,5.336283305652e+00,9.197785236722e-02
-3.496774627191e+00,7.421903778233e+00,8.943246172357e-02
-3.496729422302e+00,5.012641963605e+00,9.197868240959e-02
-3.496615550772e+00,3.978742042391e+00,9.197930581674e-02
-3.496595813886e+00,8.376826448034e+00,8.527707531767e-02
-3.496572769778e+00,1.370330119778e+00,9.197789627589e-02
-3.496123844411e+00,4.776586561976e+00,9.197838233768e-02
-3.496093297747e+00,3.044866168860e+00,9.197802240532e-02
-3.495994807455e+00,2.722840005573e+00,9.197770511647e-02
-3.495829808713e+00,4.590591752636e+00,9.197841400336e-02
-3.495774930627e+00,1.724558899392e+00,9.197685264966e-02
-3.495759822042e+00,3.366892332146e+00,9.197767591484e-02
-3.495512363951e+00,5.707653035716e+00,9.197480482194e-02
-3.495464351165e+00,2.400813842289e+00,9.197672383672e-02
-3.495378197652e+00,6.816664015347e+00,9.084242563328e-02
-3.495068799011e+00,9.169944839200e+00,7.591564932930e-02
-3.495022504338e+00,5.914433721848e+00,9.197347491725e-02
-3.495007775377e+00,4.300768205678e+00,9.197700140763e-02
-3.494994380341e+00,3.688918495433e+00,9.197666541400e-02
-3.494860762959e+00,8.925198863394e+00,8.005137594913e-02
-3.494783969131e+00,9.979448280960e+00,6.608629235484e-06
-3.494501928879e+00,2.078787679004e+00,9.197507791151e-02
-3.494318287542e+00,4.818327784620e+00,9.197551336676e-02
-3.494271252902e+00,1.048303956493e+00,9.197419146514e-02
-3.494127340813e+00,5.218384625673e+00,9.197406000967e-02
-3.494033035459e+00,7.103146201824e+00,9.024704490477e-02
-3.493926978047e+00,1.402532736107e+00,9.197384453007e-02
-3.493796972642e+00,4.010944658720e+00,9.197499022871e-02
-3.493596347884e+00,7.866751569637e+00,8.793102403240e-02
-3.493505251056e+00,5.057779389117e+00,9.197356198877e-02
-3.493339514517e+00,3.077068785189e+00,9.197380466527e-02
-3.493282408323e+00,7.986446337364e+00,8.742161410811e-02
-3.493265812440e+00,7.306380925136e+00,8.975208407413e-02
-3.493262622525e+00,2.755042621902e+00,9.197352016552e-02
-3.493115605201e+00,7.747887662976e+00,8.838834103084e-02
-3.493107540597e+00,1.756761515720e+00,9.197276624205e-02
-3.492984440513e+00,3.399094948475e+00,9.197342444724e-02
-3.492950057428e+00,8.499815168701e+00,8.440965419540e-02
-3.492753764535e+00,2.433016458617e+00,9.197257075811e-02
-3.492485533974e+00,6.371179010366e+00,9.159546016882e-02
-3.492344788453e+00,6.289246052669e+00,9.171487630600e-02
-3.492251504820e+00,4.860728590816e+00,9.197221282926e-02
-3.492197400511e+00,3.721121111762e+00,9.197237925766e-02
-3.492167676393e+00,8.106957341987e+00,8.685067484628e-02
-3.492167598947e+00,4.332970822006e+00,9.197264924060e-02
-3.492142858329e+00,6.903107395408e+00,9.067683228432e-02
-3.492091602845e+00,5.507595159852e+00,9.197009954107e-02
-3.492091117678e+00,6.453867934251e+00,9.147008273882e-02
-3.491981952391e+00,8.774851135119e+00,8.190077818243e-02
-3.491865670548e+00,5.837108904452e+00,9.196882727803e-02
-3.491846380625e+00,7.629869202218e+00,8.880165239716e-02
-3.491812940549e+00,2.110990295333e+00,9.197095580914e-02
-3.491674393995e+00,6.208079585347e+00,9.182887708754e-02
-3.491647059471e+00,1.080506572821e+00,9.197016796421e-02
-3.491647039727e+00,5.385390656583e+00,9.196976450449e-02
-3.491523008187e+00,9.550306171663e+00,6.345074030511e-02
-3.491281186317e+00,1.434735352435e+00,9.196978728327e-02
-3.491156091902e+00,6.537302265443e+00,9.133834922205e-02
-3.490978394513e+00,4.043147275048e+00,9.197066839861e-02
-3.490977850979e+00,9.685306859833e+00,5.469217194044e-02
-3.490960514825e+00,5.632691500255e+00,9.196800344901e-02
-3.490837593950e+00,9.415536892097e+00,6.925608297201e-02
-3.490819467167e+00,9.035876568214e+00,7.842512283987e-02
-3.490585731287e+00,3.109271401517e+00,9.196958096396e-02
-3.490530437595e+00,2.787245238230e+00,9.196932934588e-02
-3.490479928455e+00,6.127690097528e+00,9.193782319895e-02
-3.490440150566e+00,1.788964132049e+00,9.196867423951e-02
-3.490246132505e+00,8.228269920505e+00,8.620752049392e-02
-3.490209058983e+00,3.431297564804e+00,9.196916692284e-02
-3.490043177906e+00,2.465219074946e+00,9.196841190051e-02
-3.489996416954e+00,5.103542884961e+00,9.196803813206e-02
-3.489918879864e+00,4.903782550911e+00,9.196847124782e-02
-3.489794964431e+00,7.512710732390e+00,8.917692069264e-02
-3.489675074288e+00,6.621471410804e+00,9.119985105521e-02
-3.489668505399e+00,5.266145301281e+00,9.196708281185e-02
-3.489400420682e+00,3.753323728090e+00,9.196808694589e-02
-3.489327422519e+00,4.365173438335e+00,9.196829072676e-02
-3.489199885703e+00,9.820530137931e+00,3.997128524303e-02
-3.489123952219e+00,2.143192911661e+00,9.196682801471e-02
-3.489022866041e+00,1.112709189150e+00,9.196613904093e-02
-3.488993615975e+00,7.191760278151e+00,9.004567550230e-02
-3.488923901542e+00,9.281007823216e+00,7.338413605045e-02
-3.488767034330e+00,6.048088042983e+00,9.196343271585e-02
-3.488635394587e+00,1.466937968764e+00,9.196572452293e-02
-3.488479432182e+00,8.623560044518e+00,8.340489109848e-02
-3.488340034893e+00,6.990241717697e+00,9.050164480878e-02
-3.488212931925e+00,5.760611849093e+00,9.196339862093e-02
-3.488159816384e+00,4.075349891377e+00,9.196634031128e-02
-3.487831948058e+00,3.141474017846e+00,9.196535128724e-02
-3.487798252665e+00,2.819447854559e+00,9.196513264373e-02
-3.487772760536e+00,1.821166748377e+00,9.196457662919e-02
-3.487642747984e+00,6.706364743322e+00,9.105405435913e-02
-3.487511847760e+00,8.350369371632e+00,8.547782230497e-02
-3.487433677454e+00,3.463500181132e+00,9.196490332714e-02
-3.487332591276e+00,2.497421691274e+00,9.196424725042e-02
-3.487315836259e+00,4.947483206599e+00,9.196436428954e-02
-3.487222391510e+00,4.635907778661e+00,9.196510951979e-02
-3.486967736604e+00,7.396426758166e+00,8.951842214091e-02
-3.486603440853e+00,3.785526344419e+00,9.196378846387e-02
-3.486541418640e+00,5.969283839694e+00,9.196025364378e-02
-3.486487246090e+00,4.397376054664e+00,9.196392585057e-02
-3.486434963889e+00,2.175395527990e+00,9.196269451503e-02
-3.486398672610e+00,1.144911805478e+00,9.196210468301e-02
-3.486232907667e+00,4.675460578971e+00,9.196344067320e-02
-3.486198510159e+00,5.149925877030e+00,9.196204458460e-02
-3.486195235036e+00,5.435082023228e+00,9.196123341200e-02
-3.486186932593e+00,9.955967170990e+00,1.008970545305e-02
-3.485989602856e+00,1.499140585092e+00,9.196165623648e-02
-3.485930119198e+00,5.558587321671e+00,9.196049415797e-02
-3.485784280610e+00,9.146727750234e+00,7.646844313665e-02
-3.485750226138e+00,8.900177360633e+00,8.043880300499e-02
-3.485341238255e+00,4.107552507706e+00,9.196200595151e-02
-3.485105370506e+00,1.853369364706e+00,9.196047339817e-02
-3.485078164828e+00,3.173676634174e+00,9.196111562091e-02
-3.485066067735e+00,2.851650470888e+00,9.196093004520e-02
-3.485053861921e+00,6.791971602447e+00,9.090027014903e-02
-3.484997081390e+00,4.715693129368e+00,9.196141536625e-02
-3.484906877051e+00,5.314504492373e+00,9.195956418977e-02
-3.484658295924e+00,3.495702797461e+00,9.196063364561e-02
-3.484622004646e+00,2.529624307603e+00,9.196007679428e-02
-3.484437837719e+00,4.991824071153e+00,9.195977045168e-02
-3.484146352516e+00,7.840775007814e+00,8.805312497974e-02
-3.484070246309e+00,5.684952830048e+00,9.195726333345e-02
-3.483964680163e+00,7.078056220508e+00,9.031601180646e-02
-3.483958984128e+00,8.473240956360e+00,8.464062667465e-02
-3.483923077812e+00,7.960347856463e+00,8.755765120714e-02
-3.483808852796e+00,5.891287869440e+00,9.195621285262e-02
-3.483806461023e+00,3.817728960748e+00,9.195948379667e-02
-3.483774479180e+00,1.177114421807e+00,9.195806487816e-02
-3.483745975559e+00,2.207598144318e+00,9.195855529686e-02
-3.483647069661e+00,4.429578670992e+00,9.195955459643e-02
-3.483575515868e+00,7.722034209460e+00,8.849887521924e-02
-3.483510172499e+00,4.756599091249e+00,9.195903311710e-02
-3.483371166683e+00,7.281031743311e+00,8.983123942102e-02
-3.483343811126e+00,1.531343201421e+00,9.195758241130e-02
-3.483178288227e+00,8.748046260043e+00,8.222809506735e-02
-3.482899576084e+00,8.080738133889e+00,8.700277735808e-02
-3.482581258709e+00,9.526954547901e+00,6.479297297872e-02
-3.482522660126e+00,4.139755124035e+00,9.195766530403e-02
-3.482437980476e+00,1.885571981034e+00,9.195636453350e-02
-3.482333882805e+00,2.883853087216e+00,9.195672153638e-02
-3.482324381599e+00,3.205879250503e+00,9.195687395072e-02
-3.482216773754e+00,7.604140043568e+00,8.890221236443e-02
-3.482150793468e+00,9.661911511642e+00,5.678278551485e-02
-3.482107161652e+00,5.196921763748e+00,9.195557523049e-02
-3.481911418016e+00,2.561826923931e+00,9.195590051852e-02
-3.481903230970e+00,6.878281294493e+00,9.073768891860e-02
-3.481882914395e+00,3.527905413790e+00,9.195635786365e-02
-3.481781368510e+00,9.392229553727e+00,7.018968372293e-02
-3.481767480263e+00,4.798172096637e+00,9.195620200236e-02
-3.481747149293e+00,6.347172398807e+00,9.164054044515e-02
-3.481525530205e+00,6.265380052785e+00,9.175811926325e-02
-3.481434259118e+00,6.429721857474e+00,9.151723260894e-02
-3.481421137223e+00,9.012705441090e+00,7.885924667763e-02
-3.481280388257e+00,5.036798629661e+00,9.195475199592e-02
-3.481150285749e+00,1.209317038136e+00,9.195401961402e-02
-3.481069822182e+00,8.201931179707e+00,8.637873539302e-02
-3.481056987229e+00,2.239800760647e+00,9.195441034692e-02
-3.481009481194e+00,3.849931577077e+00,9.195517292938e-02
-3.480806893232e+00,4.461781287321e+00,9.195517694870e-02
-3.480774920069e+00,6.184355340539e+00,9.187040677517e-02
-3.480698019395e+00,1.563545817749e+00,9.195350303472e-02
-3.480581406669e+00,6.513017872931e+00,9.138763448933e-02
-3.480575172299e+00,5.814110477468e+00,9.195147199570e-02
-3.480487733421e+00,9.797091627325e+00,4.366551158006e-02
-3.480427319429e+00,5.485350663579e+00,9.195215083485e-02
-3.480076421972e+00,7.487107052464e+00,8.926859773485e-02
-3.479838215188e+00,5.363455513040e+00,9.195161404857e-02
-3.479770590445e+00,1.917774597362e+00,9.195225002222e-02
-3.479764343559e+00,4.840405748415e+00,9.195295889679e-02
-3.479753418886e+00,9.257745330137e+00,7.407048291201e-02
-3.479704081997e+00,4.171957740363e+00,9.195331835352e-02
-3.479601697876e+00,2.916055703545e+00,9.195250710333e-02
-3.479581794739e+00,8.596869898447e+00,8.367264897941e-02
-3.479570598369e+00,3.238081866832e+00,9.195262626240e-02
-3.479500902061e+00,6.104108748122e+00,9.194895744201e-02
-3.479443634947e+00,5.610142084003e+00,9.195026003270e-02
-3.479200831386e+00,2.594029540259e+00,9.195171840950e-02
-3.479183204222e+00,6.597049855046e+00,9.125143793961e-02
-3.479107532865e+00,3.560108030119e+00,9.195207596665e-02
-3.479011813492e+00,7.166540110177e+00,9.011883014694e-02
-3.478526092318e+00,1.241519654464e+00,9.194996887822e-02
-3.478427881635e+00,8.323912295230e+00,8.567200482377e-02
-3.478367998899e+00,2.272003376975e+00,9.195025965189e-02
-3.478212501365e+00,3.882134193405e+00,9.195085584699e-02
-3.478185736156e+00,6.965283093018e+00,9.056577556086e-02
-3.478052227665e+00,1.595748434078e+00,9.194941809406e-02
-3.477966716803e+00,4.493983903650e+00,9.195079289169e-02
-3.477839032352e+00,5.082400339252e+00,9.194931442049e-02
-3.477718043343e+00,5.244523916347e+00,9.194864858170e-02
-3.477709123984e+00,6.024650726199e+00,9.194637804229e-02
-3.477589896055e+00,9.932486061019e+00,1.829684055405e-02
-3.477496141047e+00,4.883293620559e+00,9.194935027538e-02
-3.477234329548e+00,6.681807179783e+00,9.110812623843e-02
-3.477160846018e+00,7.370949738098e+00,8.960259428315e-02
-3.477103200415e+00,1.949977213691e+00,9.194812985130e-02
-3.477041067058e+00,8.873258963769e+00,8.083159052052e-02
-3.476885503868e+00,4.204160356692e+00,9.194896508464e-02
-3.476869512946e+00,2.948258319874e+00,9.194828673203e-02
-3.476846276566e+00,5.737761972098e+00,9.194586255122e-02
-3.476816815139e+00,3.270284483160e+00,9.194837254162e-02
-3.476499762208e+00,9.123510661267e+00,7.699391865729e-02
-3.476490244756e+00,2.626232156588e+00,9.194753045355e-02
-3.476332151336e+00,3.592310646447e+00,9.194778793993e-02
-3.475901898888e+00,1.273722270792e+00,9.194591265835e-02
-3.475679010569e+00,2.304205993303e+00,9.194610319841e-02
-3.475415521536e+00,3.914336809734e+00,9.194653253447e-02
-3.475406435935e+00,1.627951050406e+00,9.194532757659e-02
-3.475405298153e+00,5.945991689628e+00,9.194304380884e-02
-3.475126540374e+00,4.526186519978e+00,9.194640240964e-02
-3.474967910828e+00,8.446666744020e+00,8.486366526906e-02
-3.474958291332e+00,4.926829258369e+00,9.194527040751e-02
-3.474729526189e+00,6.767279189546e+00,9.095712827557e-02
-3.474696357148e+00,7.814798445990e+00,8.817217632310e-02
-3.474563747301e+00,7.934249375563e+00,8.769005387197e-02
-3.474458320676e+00,5.412991650896e+00,9.194308026283e-02
-3.474435810385e+00,1.982179830019e+00,9.194400400768e-02
-3.474424863371e+00,4.616431300087e+00,9.194531736333e-02
-3.474374624063e+00,8.721241384967e+00,8.254215289552e-02
-3.474339182333e+00,5.536189809650e+00,9.194254703206e-02
-3.474137328016e+00,2.980460936202e+00,9.194406040847e-02
-3.474109355124e+00,5.128622629334e+00,9.194335591381e-02
-3.474066925739e+00,4.236362973021e+00,9.194460548197e-02
-3.474063031910e+00,3.302487099489e+00,9.194411277401e-02
-3.474035426535e+00,7.696180755944e+00,8.860678234122e-02
-3.473896324867e+00,7.052966239191e+00,9.038370901550e-02
-3.473779658126e+00,2.658434772916e+00,9.194333663697e-02
-3.473639509231e+00,9.503602924140e+00,6.603446367452e-02
-3.473631475775e+00,8.054518925790e+00,8.715062825360e-02
-3.473556769806e+00,3.624513262776e+00,9.194349376876e-02
-3.473495870406e+00,4.655812716636e+00,9.194377384901e-02
-3.473476520928e+00,7.255682561487e+00,8.990881824727e-02
-3.473323735957e+00,9.638516163450e+00,5.868055852089e-02
-3.473277705457e+00,1.305924887121e+00,9.194185094194e-02
-3.473026868238e+00,5.292725679094e+00,9.194120924145e-02
-3.472990022239e+00,2.336408609632e+00,9.194194097308e-02
-3.472760644204e+00,1.660153666735e+00,9.194123146953e-02
-3.472725143071e+00,9.368922215358e+00,7.106419097447e-02
-3.472628128668e+00,5.662252624379e+00,9.193952684711e-02
-3.472618541706e+00,3.946539426062e+00,9.194220297675e-02
-3.472595201254e+00,5.868142017032e+00,9.193888494429e-02
-3.472587166883e+00,7.578410884918e+00,8.900049408650e-02
-3.472321331175e+00,4.695874935083e+00,9.194187557486e-02
-3.472286363945e+00,4.558389136307e+00,9.194200548676e-02
-3.472146253135e+00,4.971006178702e+00,9.194075876323e-02
-3.472022807278e+00,8.989534313966e+00,7.927423774407e-02
-3.471893511858e+00,8.175592438909e+00,8.654488181566e-02
-3.471775581138e+00,9.773653116718e+00,4.691745023408e-02
-3.471768420355e+00,2.014382446348e+00,9.193987247827e-02
-3.471663603611e+00,6.853455193578e+00,9.079750163800e-02
-3.471405143086e+00,3.012663552531e+00,9.193982811857e-02
-3.471309248680e+00,3.334689715818e+00,9.193984694515e-02
-3.471248347609e+00,4.268565589349e+00,9.194023953007e-02
-3.471069071496e+00,2.690637389245e+00,9.193913694599e-02
-3.471008764612e+00,6.323165787248e+00,9.168498113415e-02
-3.470896500587e+00,4.736611620523e+00,9.193949718834e-02
-3.470781388277e+00,3.656715879105e+00,9.193919343839e-02
-3.470777400559e+00,6.405575780697e+00,9.156365396998e-02
-3.470706271957e+00,6.241514052900e+00,9.180076526697e-02
-3.470684157295e+00,8.570179752376e+00,8.393053828449e-02
-3.470653512027e+00,1.338127503450e+00,9.193778371653e-02
-3.470582936229e+00,9.234482837059e+00,7.471925561486e-02
-3.470357879513e+00,7.461503372538e+00,8.935830198980e-02
-3.470301033909e+00,2.368611225960e+00,9.193777296247e-02
-3.470114852474e+00,1.692356283063e+00,9.193712976009e-02
-3.470086982491e+00,5.175458901822e+00,9.193701250699e-02
-3.470006721435e+00,6.488733480420e+00,9.143617729327e-02
-3.469875446144e+00,6.160631095731e+00,9.191137850620e-02
-3.469821561877e+00,3.978742042391e+00,9.193786715870e-02
-3.469446187516e+00,4.590591752636e+00,9.193760210722e-02
-3.469415711418e+00,1.562500050003e-02,9.199125119255e-02
-3.469415711418e+00,4.687500150008e-02,9.198460674030e-02
-3.469415711418e+00,7.812500250013e-02,9.197837002573e-02
-3.469415711418e+00,1.093750035002e-01,9.197254513129e-02
-3.469415711418e+00,1.406250045003e-01,9.196713589337e-02
-3.469415711418e+00,1.718750055004e-01,9.196214589506e-02
-3.469415711418e+00,2.031250065004e-01,9.195757845927e-02
-3.469415711418e+00,2.343750075005e-01,9.195343664229e-02
-3.469415711418e+00,2.656250085005e-01,9.194972322789e-02
-3.469415711418e+00,2.968750095005e-01,9.194644072184e-02
-3.469415711418e+00,3.281250105004e-01,9.194359134697e-02
-3.469415711418e+00,3.593750115004e-01,9.194117703881e-02
-3.469415711418e+00,3.906250125003e-01,9.193919944171e-02
-3.469415711418e+00,4.218750135002e-01,9.193765990555e-02
-3.469415711418e+00,4.531250145001e-01,9.193655948309e-02
-3.469415711418e+00,4.843750155000e-01,9.193589892780e-02
-3.469415711418e+00,5.156250165000e-01,9.193567869237e-02
-3.469415711418e+00,5.468750175001e-01,9.193567869237e-02
-3.469415711418e+00,5.781250185001e-01,9.193567869237e-02
-3.469415711418e+00,6.093750195001e-01,9.193567869237e-02
-3.469415711418e+00,6.406250205002e-01,9.193567869237e-02
-3.469415711418e+00,6.718750215002e-01,9.193567869237e-02
-3.469415711418e+00,7.031250225003e-01,9.193567869237e-02
-3.469415711418e+00,7.656250245002e-01,9.193567869237e-02
-3.469415711418e+00,7.968750255002e-01,9.193567869237e-02
-3.469415711418e+00,8.281250265001e-01,9.193567869237e-02
-3.469415711418e+00,8.593750275001e-01,9.193567869237e-02
-3.469415711418e+00,8.906250285001e-01,9.193567869237e-02
-3.469415711418e+00,9.218750295001e-01,9.193567869237e-02
-3.469415711418e+00,9.531250305001e-01,9.193567869237e-02
-3.469415711418e+00,9.843750315000e-01,9.193567869237e-02
-3.469415711418e+00,7.343750235003e-01,9.193567869237e-02
-3.469343915509e+00,8.297455218829e+00,8.586008122731e-02
-3.469284674051e+00,5.791112050484e+00,9.193394335667e-02
-3.469216672983e+00,4.778016408654e+00,9.193675139509e-02
-3.469101030324e+00,2.046585062676e+00,9.193573524993e-02
-3.469055525457e+00,5.015817870204e+00,9.193586620033e-02
-3.469030011009e+00,7.141319942203e+00,9.019057134273e-02
-3.468992859516e+00,9.909004951049e+00,2.510314947670e-02
-3.468763036013e+00,5.463106167306e+00,9.193411682665e-02
-3.468691334155e+00,6.572628299288e+00,9.130222529250e-02
-3.468672958157e+00,3.044866168860e+00,9.193558984820e-02
-3.468555465450e+00,3.366892332146e+00,9.193557504058e-02
-3.468521875667e+00,6.080527398715e+00,9.193191395215e-02
-3.468429769480e+00,4.300768205678e+00,9.193586721342e-02
-3.468358484866e+00,2.722840005573e+00,9.193493136682e-02
-3.468331907978e+00,8.846340566905e+00,8.120542727268e-02
-3.468114413852e+00,1.016101340164e+00,9.193365842213e-02
-3.468031437420e+00,6.940324468338e+00,9.062877252100e-02
-3.468029390648e+00,5.341520369497e+00,9.193329174531e-02
-3.468029318596e+00,1.370330119778e+00,9.193371096957e-02
-3.468006006747e+00,3.688918495433e+00,9.193488693400e-02
-3.467926755069e+00,5.587592667751e+00,9.193245029005e-02
-3.467612045579e+00,2.400813842289e+00,9.193359915309e-02
-3.467469060743e+00,1.724558899392e+00,9.193302243541e-02
-3.467353955431e+00,7.345472718031e+00,8.968503387369e-02
-3.467277182299e+00,4.820082906014e+00,9.193364055284e-02
-3.467215243807e+00,9.100293572301e+00,7.749404169802e-02
-3.467024582048e+00,4.010944658720e+00,9.193352506515e-02
-3.466825911112e+00,6.657249616245e+00,9.116133565710e-02
-3.466651213639e+00,6.001213409416e+00,9.192925808256e-02
-3.466433640294e+00,2.078787679004e+00,9.193159230948e-02
-3.465976837528e+00,8.420092531679e+00,8.507916688574e-02
-3.465940773227e+00,3.077068785189e+00,9.193134558321e-02
-3.465801682221e+00,3.399094948475e+00,9.193129704581e-02
-3.465767581286e+00,5.222902531413e+00,9.193008786143e-02
-3.465681647751e+00,5.061257793543e+00,9.193042102917e-02
-3.465647898236e+00,2.755042621902e+00,9.193071988564e-02
-3.465611191351e+00,4.332970822006e+00,9.193148851648e-02
-3.465570959899e+00,8.694436509891e+00,8.284372915636e-02
-3.465511818722e+00,1.048303956493e+00,9.192961379775e-02
-3.465479621207e+00,5.714912095102e+00,9.192826026004e-02
-3.465405125165e+00,1.402532736107e+00,9.192963268852e-02
-3.465246361780e+00,7.788821884167e+00,8.828829014722e-02
-3.465230625218e+00,3.721121111762e+00,9.193057424075e-02
-3.465204416790e+00,7.908150894663e+00,8.781866881919e-02
-3.465073402230e+00,4.862804690206e+00,9.193006090470e-02
-3.464923057248e+00,2.433016458617e+00,9.192941953144e-02
-3.464823269013e+00,1.756761515720e+00,9.192890948263e-02
-3.464697759753e+00,9.480251300378e+00,6.718611560454e-02
-3.464496678447e+00,9.615120815259e+00,6.041095201118e-02
-3.464495337202e+00,7.670327302428e+00,8.871215472115e-02
-3.464405190457e+00,6.742586776646e+00,9.101295589093e-02
-3.464363375465e+00,8.028299717691e+00,8.729440161754e-02
-3.464269177666e+00,5.922699539561e+00,9.192572513446e-02
-3.464227602218e+00,4.043147275048e+00,9.192917668087e-02
-3.463827969572e+00,7.027876257874e+00,9.045017216360e-02
-3.463766250264e+00,2.110990295333e+00,9.192744364373e-02
-3.463668917631e+00,9.345614876989e+00,7.188502394678e-02
-3.463581875172e+00,7.230333379662e+00,8.998486790663e-02
-3.463208588297e+00,3.109271401517e+00,9.192709530939e-02
-3.463063428856e+00,9.750214606112e+00,4.980196775864e-02
-3.463047898991e+00,3.431297564804e+00,9.192701294629e-02
-3.462957560012e+00,7.552681726267e+00,8.909657428523e-02
-3.462937311606e+00,2.787245238230e+00,9.192650248857e-02
-3.462909223591e+00,1.080506572821e+00,9.192556371792e-02
-3.462792613222e+00,4.365173438335e+00,9.192710342365e-02
-3.462780931735e+00,1.434735352435e+00,9.192554886077e-02
-3.462748245468e+00,5.513792297630e+00,9.192453238709e-02
-3.462721406316e+00,5.390901278565e+00,9.192485987732e-02
-3.462717201535e+00,8.149253698111e+00,8.670617879722e-02
-3.462624477334e+00,8.966363186842e+00,7.967132602228e-02
-3.462600746406e+00,4.906175310138e+00,9.192605683678e-02
-3.462455243688e+00,3.753323728090e+00,9.192625534373e-02
-3.462234068918e+00,2.465219074946e+00,9.192523408394e-02
-3.462177477282e+00,1.788964132049e+00,9.192479088882e-02
-3.462020200089e+00,5.107319381639e+00,9.192460069782e-02
-3.461786519851e+00,8.543489606304e+00,8.417908738645e-02
-3.461430622389e+00,4.075349891377e+00,9.192482199060e-02
-3.461423976253e+00,6.828629092663e+00,9.085629814889e-02
-3.461412453572e+00,9.211220343980e+00,7.533344390185e-02
-3.461381549712e+00,5.844996164624e+00,9.192148640222e-02
-3.461186011027e+00,5.639552418711e+00,9.192172083419e-02
-3.461146859425e+00,5.270946865815e+00,9.192277906750e-02
-3.461098860234e+00,2.143192911661e+00,9.192328923941e-02
-3.460758833145e+00,4.636164854302e+00,9.192398809405e-02
-3.460639337054e+00,7.435899692612e+00,8.944609674281e-02
-3.460476403367e+00,3.141474017846e+00,9.192283901249e-02
-3.460395822978e+00,9.885523841078e+00,3.083892669208e-02
-3.460306628460e+00,1.112709189150e+00,9.192150817032e-02
-3.460294115762e+00,3.463500181132e+00,9.192272272743e-02
-3.460270379931e+00,6.299159175690e+00,9.172879689280e-02
-3.460259949384e+00,8.270998142427e+00,8.604233089529e-02
-3.460226724976e+00,2.819447854559e+00,9.192227916169e-02
-3.460156738304e+00,1.466937968764e+00,9.192145947370e-02
-3.460120541999e+00,6.381429703920e+00,9.160935099454e-02
-3.459974035093e+00,4.397376054664e+00,9.192271191929e-02
-3.459887013709e+00,6.217648053015e+00,9.184282773632e-02
-3.459854668551e+00,4.950188286250e+00,9.192168136250e-02
-3.459679862159e+00,3.785526344419e+00,9.192193022800e-02
-3.459645580959e+00,4.676056740798e+00,9.192210131220e-02
-3.459622748897e+00,8.819422170041e+00,8.156274516277e-02
-3.459545080588e+00,2.497421691274e+00,9.192104279702e-02
-3.459531685552e+00,1.821166748377e+00,9.192066664104e-02
-3.459432036201e+00,6.464449087909e+00,9.148399545219e-02
-3.459048208527e+00,7.116099774228e+00,9.026081587696e-02
-3.458975972218e+00,6.136906850923e+00,9.191684221846e-02
-3.458633642560e+00,4.107552507706e+00,9.192046097904e-02
-3.458431470203e+00,2.175395527990e+00,9.191912908323e-02
-3.458282828675e+00,4.716624149796e+00,9.191985080342e-02
-3.458199464088e+00,6.548206743530e+00,9.135223270597e-02
-3.458066803330e+00,5.153996039897e+00,9.191824483869e-02
-3.457994175802e+00,5.768113623500e+00,9.191634746111e-02
-3.457930725406e+00,9.077076483335e+00,7.797059404209e-02
-3.457877138684e+00,6.915365843658e+00,9.069066650241e-02
-3.457744218437e+00,3.173676634174e+00,9.191857667822e-02
-3.457704033329e+00,1.144911805478e+00,9.191744714259e-02
-3.457547064845e+00,7.319995697963e+00,8.976579442102e-02
-3.457542849273e+00,6.056946049308e+00,9.191480441312e-02
-3.457540332532e+00,3.495702797461e+00,9.191842637459e-02
-3.457532544874e+00,1.499140585092e+00,9.191736451463e-02
-3.457516138346e+00,2.851650470888e+00,9.191804989104e-02
-3.457155456964e+00,4.429578670992e+00,9.191831398769e-02
-3.457098752597e+00,5.440861671033e+00,9.191589553921e-02
-3.456985764227e+00,8.393518319338e+00,8.528750268792e-02
-3.456904480629e+00,3.817728960748e+00,9.191759887857e-02
-3.456885893822e+00,1.853369364706e+00,9.191653672628e-02
-3.456856092258e+00,2.529624307603e+00,9.191684565702e-02
-3.456830662658e+00,4.994837110747e+00,9.191676742952e-02
-3.456767295734e+00,8.667631634815e+00,8.313354246920e-02
-3.456665865704e+00,4.757860720671e+00,9.191723636656e-02
-3.456417492677e+00,6.632692052707e+00,9.121370420507e-02
-3.456409875192e+00,5.565043251499e+00,9.191446479089e-02
-3.456220566109e+00,5.319585225953e+00,9.191486432053e-02
-3.455845086279e+00,7.882052413763e+00,8.794398551664e-02
-3.455836662730e+00,4.139755124035e+00,9.191609363081e-02
-3.455796366412e+00,7.762845322343e+00,8.840157324115e-02
-3.455764080173e+00,2.207598144318e+00,9.191496316187e-02
-3.455756010274e+00,9.456899676616e+00,6.825731365908e-02
-3.455669620936e+00,9.591725467068e+00,6.199513413874e-02
-3.455593303294e+00,5.977776092632e+00,9.191199306143e-02
-3.455101438199e+00,1.177114421807e+00,9.191338062235e-02
-3.455095275156e+00,8.002080509592e+00,8.743426232486e-02
-3.455012033508e+00,3.205879250503e+00,9.191430829225e-02
-3.454955247869e+00,7.644473848912e+00,8.881508051559e-02
-3.454908351443e+00,1.531343201421e+00,9.191326397087e-02
-3.454805551716e+00,2.883853087216e+00,9.191381466262e-02
-3.454790021038e+00,4.799760063612e+00,9.191414194835e-02
-3.454786549302e+00,3.527905413790e+00,9.191412387309e-02
-3.454612692192e+00,9.322307538620e+00,7.265695911323e-02
-3.454351276574e+00,9.726776095505e+00,5.237793669562e-02
-3.454336878834e+00,4.461781287321e+00,9.191390961312e-02
-3.454240102091e+00,1.885571981034e+00,9.191240113152e-02
-3.454167103928e+00,2.561826923931e+00,9.191264265026e-02
-3.454129099100e+00,3.849931577077e+00,9.191326128039e-02
-3.454112965848e+00,5.692062218106e+00,9.191049096132e-02
-3.454080854726e+00,6.717894363746e+00,9.106787534431e-02
-3.453817119230e+00,5.201281146480e+00,9.191145965021e-02
-3.453759614276e+00,7.002786276557e+00,9.051543561634e-02
-3.453687229416e+00,7.204984197837e+00,9.005943394110e-02
-3.453540891212e+00,8.122914957313e+00,8.686283314362e-02
-3.453524263150e+00,5.040115247834e+00,9.191146045335e-02
-3.453327953141e+00,7.526952567617e+00,8.919044036417e-02
-3.453226147389e+00,8.943192059719e+00,8.005144206121e-02
-3.453133057179e+00,5.899407389494e+00,9.190833967008e-02
-3.453096690143e+00,2.239800760647e+00,9.191079146196e-02
-3.453039682901e+00,4.171957740363e+00,9.191171993051e-02
-3.452888882408e+00,8.516799460233e+00,8.441878802594e-02
-3.452650663413e+00,4.842315759854e+00,9.191064551692e-02
-3.452498843068e+00,1.209317038136e+00,9.190930859715e-02
-3.452284158013e+00,1.563545817749e+00,9.190915782967e-02
-3.452279848578e+00,3.238081866832e+00,9.191003384021e-02
-3.452241970915e+00,9.187957850901e+00,7.591572871538e-02
-3.452094965086e+00,2.916055703545e+00,9.190957346239e-02
-3.452032766073e+00,3.560108030119e+00,9.190981520822e-02
-3.451798786440e+00,9.862042731108e+00,3.573819579121e-02
-3.451594310361e+00,1.917774597362e+00,9.190825984368e-02
-3.451518300705e+00,4.493983903650e+00,9.190949877978e-02
-3.451478115598e+00,2.594029540260e+00,9.190843376304e-02
-3.451353717571e+00,3.882134193405e+00,9.190891741840e-02
-3.451184348893e+00,6.803802991749e+00,9.091410522886e-02
-3.451175983258e+00,8.244541066025e+00,8.621901670334e-02
-3.451157308603e+00,5.491394785609e+00,9.190645027618e-02
-3.450984491956e+00,5.368810906233e+00,9.190653262066e-02
-3.450920794595e+00,7.410296012686e+00,8.953204268715e-02
-3.450913589817e+00,8.792503773177e+00,8.190497032844e-02
-3.450429300113e+00,2.272003376975e+00,9.190661397009e-02
-3.450243201479e+00,4.885521361908e+00,9.190677721537e-02
-3.450242703072e+00,4.204160356692e+00,9.190733986268e-02
-3.450167898170e+00,5.821850312217e+00,9.190389877628e-02
-3.449931045055e+00,5.086016133944e+00,9.190567568071e-02
-3.449896247937e+00,1.241519654464e+00,9.190523105455e-02
-3.449743893385e+00,5.616852213043e+00,9.190384731692e-02
-3.449659964582e+00,1.595748434078e+00,9.190504607824e-02
-3.449547663648e+00,3.270284483160e+00,9.190575330767e-02
-3.449531995250e+00,6.275152564131e+00,9.177200195806e-02
-3.449463683440e+00,6.357283627143e+00,9.165439334654e-02
-3.449384378456e+00,2.948258319874e+00,9.190532627627e-02
-3.449278982843e+00,3.592310646447e+00,9.190550036520e-02
-3.449266850612e+00,5.249168052535e+00,9.190414314808e-02
-3.449067755460e+00,6.193782053131e+00,9.188431971325e-02
-3.449066406044e+00,7.090879606254e+00,9.032975260478e-02
-3.448948518630e+00,1.949977213691e+00,9.190411284967e-02
-3.448857350967e+00,6.440164695398e+00,9.153110624783e-02
-3.448789127268e+00,2.626232156588e+00,9.190421898159e-02
-3.448699722576e+00,4.526186519978e+00,9.190508147183e-02
-3.448646207005e+00,9.053859394368e+00,7.842519449293e-02
-3.448578336041e+00,3.914336809734e+00,9.190456727745e-02
-3.448076498292e+00,6.113182606115e+00,9.189974417677e-02
-3.448021795884e+00,4.616516991967e+00,9.190401862605e-02
-3.448010016719e+00,9.997516527059e+00,6.608629213426e-06
-3.447994690927e+00,8.366944106998e+00,8.548842429515e-02
-3.447963631570e+00,8.640826759739e+00,8.341225799070e-02
-3.447761910082e+00,2.304205993303e+00,9.190243067282e-02
-3.447740174258e+00,7.294518677896e+00,8.984492732636e-02
-3.447722839948e+00,6.890407218979e+00,9.075148725950e-02
-3.447707594021e+00,6.523785187773e+00,9.140147916924e-02
-3.447563083967e+00,4.929370393799e+00,9.190239272517e-02
-3.447445723243e+00,4.236362973021e+00,9.190295341183e-02
-3.447293652807e+00,1.273722270792e+00,9.190114798204e-02
-3.447035771152e+00,1.627951050406e+00,9.190092870378e-02
-3.446969830744e+00,4.656238546513e+00,9.190226042743e-02
-3.446842563425e+00,9.568330118876e+00,6.345084833479e-02
-3.446815478718e+00,3.302487099489e+00,9.190146668017e-02
-3.446814260796e+00,9.433548052855e+00,6.925617981291e-02
-3.446703677554e+00,5.745115196516e+00,9.189868427852e-02
-3.446673791826e+00,2.980460936202e+00,9.190107309013e-02
-3.446563822879e+00,6.033364699902e+00,9.189762873038e-02
-3.446525199613e+00,3.624513262776e+00,9.190117932923e-02
-3.446485755768e+00,7.855953932862e+00,8.806612815518e-02
-3.446346371044e+00,7.736868760520e+00,8.851212740421e-02
-3.446302726900e+00,1.982179830019e+00,9.189996013633e-02
-3.446100138938e+00,2.658434772916e+00,9.189999829211e-02
-3.446046624169e+00,5.132533177972e+00,9.189940886523e-02
-3.446009074241e+00,6.608134489168e+00,9.126525279313e-02
-3.445881144447e+00,4.558389136307e+00,9.190065767337e-02
-3.445827174847e+00,7.975861301493e+00,8.757036663731e-02
-3.445802954512e+00,3.946539426062e+00,9.190021084238e-02
-3.445669156762e+00,4.696636679070e+00,9.190013174309e-02
-3.445639124291e+00,9.703337584899e+00,5.469229011628e-02
-3.445556466752e+00,9.299000200251e+00,7.338422275193e-02
-3.445434469180e+00,5.418617174760e+00,9.189760563476e-02
-3.445415158536e+00,7.618620395396e+00,8.891564394375e-02
-3.445094520052e+00,2.336408609632e+00,9.189824155665e-02
-3.444892995314e+00,5.542493835247e+00,9.189638440118e-02
-3.444691057676e+00,1.305924887121e+00,9.189705936708e-02
-3.444648743413e+00,4.268565589349e+00,9.189856056239e-02
-3.444605799859e+00,4.973856351291e+00,9.189760091901e-02
-3.444535392949e+00,5.954338775849e+00,9.189461741181e-02
-3.444411741570e+00,5.297650082410e+00,9.189636875112e-02
-3.444411577721e+00,1.660153666735e+00,9.189680569343e-02
-3.444364580888e+00,8.096576216515e+00,8.701504026568e-02
-3.444219918506e+00,8.918091141671e+00,8.043942767753e-02
-3.444115058425e+00,4.737705032688e+00,9.189751460089e-02
-3.444083293789e+00,3.334689715818e+00,9.189717394320e-02
-3.443991244964e+00,8.490109314162e+00,8.465009840685e-02
-3.443963205196e+00,3.012663552531e+00,9.189681388980e-02
-3.443792583660e+00,7.179635016012e+00,9.013256016569e-02
-3.443771416384e+00,3.656715879105e+00,9.189685208543e-02
-3.443756518994e+00,6.693201950846e+00,9.112190971503e-02
-3.443698346270e+00,7.501223408966e+00,8.928211041320e-02
-3.443691258980e+00,6.977696295240e+00,9.057953252800e-02
-3.443656935170e+00,2.014382446348e+00,9.189580169049e-02
-3.443411150608e+00,2.690637389245e+00,9.189577168075e-02
-3.443201749902e+00,9.838561621137e+00,3.997140234014e-02
-3.443071488258e+00,9.164695357823e+00,7.646852106581e-02
-3.443062566318e+00,4.590591752636e+00,9.189622736847e-02
-3.443027572982e+00,3.978742042391e+00,9.189584809796e-02
-3.442746310489e+00,5.669212341110e+00,9.189262234867e-02
-3.442427130022e+00,2.368611225960e+00,9.189404660806e-02
-3.442302859777e+00,4.779437221211e+00,9.189452509563e-02
-3.442204430736e+00,8.765585376312e+00,8.223302409115e-02
-3.442092017133e+00,8.218083989623e+00,8.639038621113e-02
-3.442088462545e+00,1.338127503450e+00,9.189296519710e-02
-3.441996936692e+00,5.876115239428e+00,9.189088735423e-02
-3.441866657174e+00,5.179659761546e+00,9.189269069853e-02
-3.441851763584e+00,4.300768205678e+00,9.189416129877e-02
-3.441787384290e+00,1.692356283063e+00,9.189267703429e-02
-3.441366878548e+00,5.018972702125e+00,9.189237653174e-02
-3.441351108859e+00,3.366892332146e+00,9.189287508221e-02
-3.441252618567e+00,3.044866168860e+00,9.189254866107e-02
-3.441202252136e+00,7.384692332760e+00,8.961619805383e-02
-3.441017633154e+00,3.688918495433e+00,9.189251861892e-02
-3.441011143439e+00,2.046585062676e+00,9.189163749891e-02
-3.440944721535e+00,6.778976890834e+00,9.097087801585e-02
-3.440722162278e+00,2.722840005573e+00,9.189153913363e-02
-3.440623879788e+00,1.562500050003e-02,9.194734316306e-02
-3.440623879788e+00,7.812500250013e-02,9.193416308013e-02
-3.440623879788e+00,1.093750035002e-01,9.192820249910e-02
-3.440623879788e+00,1.406250045003e-01,9.192266696872e-02
-3.440623879788e+00,1.718750055004e-01,9.191756021971e-02
-3.440623879788e+00,2.031250065004e-01,9.191288571235e-02
-3.440623879788e+00,2.343750075005e-01,9.190864662965e-02
-3.440623879788e+00,2.656250085005e-01,9.190484587111e-02
-3.440623879788e+00,2.968750095005e-01,9.190148604694e-02
-3.440623879788e+00,3.281250105004e-01,9.189856947285e-02
-3.440623879788e+00,3.593750115004e-01,9.189609816534e-02
-3.440623879788e+00,3.906250125003e-01,9.189407383772e-02
-3.440623879788e+00,4.218750135002e-01,9.189249789653e-02
-3.440623879788e+00,4.531250145001e-01,9.189137143876e-02
-3.440623879788e+00,4.843750155000e-01,9.189069524958e-02
-3.440623879788e+00,5.156250165000e-01,9.189046980074e-02
-3.440623879788e+00,5.468750175001e-01,9.189046980074e-02
-3.440623879788e+00,5.781250185001e-01,9.189046980074e-02
-3.440623879788e+00,6.718750215002e-01,9.189046980074e-02
-3.440623879788e+00,7.031250225002e-01,9.189046980074e-02
-3.440623879788e+00,7.656250245002e-01,9.189046980074e-02
-3.440623879788e+00,7.968750255002e-01,9.189046980074e-02
-3.440623879788e+00,8.281250265001e-01,9.189046980074e-02
-3.440623879788e+00,8.593750275001e-01,9.189046980074e-02
-3.440623879788e+00,8.906250285001e-01,9.189046980074e-02
-3.440623879788e+00,9.218750295001e-01,9.189046980074e-02
-3.440623879788e+00,9.531250305001e-01,9.189046980074e-02
-3.440623879788e+00,9.843750315000e-01,9.189046980074e-02
-3.440623879788e+00,4.687500150008e-02,9.194054471792e-02
-3.440623879788e+00,6.093750195001e-01,9.189046980074e-02
-3.440623879788e+00,6.406250205002e-01,9.189046980074e-02
-3.440623879788e+00,7.343750235003e-01,9.189046980074e-02
-3.440252191453e+00,4.010944658720e+00,9.189147902891e-02
-3.440227924595e+00,4.821826829501e+00,9.189116385244e-02
-3.439759739992e+00,2.400813842289e+00,9.188984581348e-02
-3.439566371739e+00,5.468997273589e+00,9.188819507226e-02
-3.439528303686e+00,9.973993381800e+00,1.008975073578e-02
-3.439485867414e+00,1.370330119778e+00,9.188886545949e-02
-3.439361688604e+00,9.030642305402e+00,7.885931709471e-02
-3.439333381372e+00,1.016101340164e+00,9.188843602800e-02
-3.439247577596e+00,5.346720533902e+00,9.188803324921e-02
-3.439163190860e+00,1.724558899392e+00,9.188854271345e-02
-3.439159967406e+00,8.614021884663e+00,8.368049224506e-02
-3.439084603561e+00,7.065659438280e+00,9.039741857740e-02
-3.439054783755e+00,4.332970822006e+00,9.188975560532e-02
-3.439003617627e+00,8.340369894657e+00,8.568282891265e-02
-3.438954246627e+00,5.798704459809e+00,9.188624287277e-02
-3.438806824880e+00,6.333137550366e+00,9.169879614357e-02
-3.438793610568e+00,6.251145952572e+00,9.181461016133e-02
-3.438618923929e+00,3.399094948475e+00,9.188857008261e-02
-3.438542031937e+00,3.077068785189e+00,9.188827738968e-02
-3.438365351709e+00,2.078787679004e+00,9.188746754835e-02
-3.438301775744e+00,5.594152007374e+00,9.188583701922e-02
-3.438282665734e+00,6.415880302887e+00,9.157743928753e-02
-3.438263849925e+00,3.721121111762e+00,9.188817891474e-02
-3.438248497212e+00,6.169916053246e+00,9.188405788341e-02
-3.438033173947e+00,2.755042621902e+00,9.188730063683e-02
-3.438015505914e+00,9.544934770685e+00,6.479307898522e-02
-3.437933283672e+00,7.269041657828e+00,8.992248198516e-02
-3.437885656552e+00,4.864867413678e+00,9.188729536375e-02
-3.437872511318e+00,9.410196429093e+00,7.018977865339e-02
-3.437841890020e+00,5.064712886248e+00,9.188663096341e-02
-3.437568541211e+00,6.865448594299e+00,9.081126353212e-02
-3.437476809923e+00,4.043147275048e+00,9.188710361994e-02
-3.437386841799e+00,5.227389239256e+00,9.188543811707e-02
-3.437215723954e+00,6.499363632015e+00,9.144998309117e-02
-3.437177024366e+00,6.089458361306e+00,9.188257926282e-02
-3.437126425257e+00,7.829855451962e+00,8.818521491309e-02
-3.437092349961e+00,2.433016458617e+00,9.188563915931e-02
-3.436926972009e+00,9.679899074292e+00,5.678290227028e-02
-3.436896375675e+00,7.710892198696e+00,8.862004973121e-02
-3.436883272284e+00,1.402532736107e+00,9.188476014162e-02
-3.436752384541e+00,1.048303956493e+00,9.188436436428e-02
-3.436559074537e+00,7.949642093394e+00,8.770277831297e-02
-3.436538997429e+00,1.756761515720e+00,9.188440271793e-02
-3.436500241313e+00,9.275692861882e+00,7.407056795268e-02
-3.436257803925e+00,4.365173438335e+00,9.188534346634e-02
-3.435886738999e+00,3.431297564804e+00,9.188425892975e-02
-3.435875069203e+00,7.592766941880e+00,8.901392550288e-02
-3.435831445307e+00,3.109271401517e+00,9.188400006134e-02
-3.435719559978e+00,2.110990295333e+00,9.188329182549e-02
-3.435605790683e+00,8.891060432700e+00,8.083325723053e-02
-3.435600655805e+00,6.583576925630e+00,9.131600167886e-02
-3.435584796486e+00,6.009783350495e+00,9.188030485289e-02
-3.435510066695e+00,3.753323728090e+00,9.188383295788e-02
-3.435413179305e+00,5.722116769531e+00,9.188087937855e-02
-3.435344185617e+00,2.787245238230e+00,9.188305617638e-02
-3.435271499383e+00,4.908552501347e+00,9.188301991273e-02
-3.435188270565e+00,8.070237475717e+00,8.716298494676e-02
-3.435093607520e+00,8.463419168091e+00,8.487344598619e-02
-3.434701428394e+00,4.075349891377e+00,9.188272185566e-02
-3.434604713364e+00,9.815080511167e+00,4.366563135157e-02
-3.434424959931e+00,2.465219074946e+00,9.188142663190e-02
-3.434294080529e+00,4.636420352228e+00,9.188229417858e-02
-3.434280677153e+00,1.434735352435e+00,9.188064923079e-02
-3.434171387711e+00,1.080506572821e+00,9.188028719922e-02
-3.434068739400e+00,7.475494250316e+00,8.937180484749e-02
-3.434026445008e+00,5.111070316046e+00,9.188050184517e-02
-3.433914803999e+00,1.788964132049e+00,9.188025703473e-02
-3.433901005601e+00,9.141432864744e+00,7.699399517320e-02
-3.433897937904e+00,7.154285834187e+00,9.020422580682e-02
-3.433770185764e+00,5.396372678487e+00,9.187924719279e-02
-3.433622903684e+00,6.952606313923e+00,9.064249489361e-02
-3.433495271656e+00,8.738666979448e+00,8.254775526529e-02
-3.433477482604e+00,5.930901459065e+00,9.187717404724e-02
-3.433460824096e+00,4.397376054664e+00,9.188092486609e-02
-3.433432183263e+00,6.668509537946e+00,9.117508134505e-02
-3.433376115436e+00,5.519944418996e+00,9.187823527280e-02
-3.433154554069e+00,3.463500181132e+00,9.187994160895e-02
-3.433120858677e+00,3.141474017846e+00,9.187971666171e-02
-3.433073768248e+00,2.143192911661e+00,9.187911031701e-02
-3.433055484850e+00,4.676649208343e+00,9.188018109320e-02
-3.433008051007e+00,8.191626913222e+00,8.655667275064e-02
-3.432756283465e+00,3.785526344419e+00,9.187948073333e-02
-3.432655197287e+00,2.819447854559e+00,9.187880573828e-02
-3.432602917031e+00,5.275714938867e+00,9.187772643989e-02
-3.432380937059e+00,4.952875591834e+00,9.187834423992e-02
-3.431926046864e+00,4.107552507706e+00,9.187833372068e-02
-3.431757569901e+00,2.497421691274e+00,9.187720821756e-02
-3.431678082022e+00,1.466937968764e+00,9.187653271429e-02
-3.431590390880e+00,1.112709189150e+00,9.187620452043e-02
-3.431564251146e+00,4.717549344706e+00,9.187769696032e-02
-3.431483709677e+00,7.359088652834e+00,8.969861873363e-02
-3.431379655130e+00,5.646362464114e+00,9.187468508103e-02
-3.431290610568e+00,1.821166748377e+00,9.187610565080e-02
-3.431046590654e+00,9.950470236541e+00,1.829691500862e-02
-3.430860816205e+00,5.852823089361e+00,9.187324777134e-02
-3.430705094175e+00,6.754150789919e+00,9.102666883244e-02
-3.430663844267e+00,4.429578670992e+00,9.187649978877e-02
-3.430427976518e+00,2.175395527990e+00,9.187492300951e-02
-3.430422369139e+00,3.495702797461e+00,9.187561810549e-02
-3.430410272047e+00,3.173676634174e+00,9.187542717641e-02
-3.430356303242e+00,8.587217009586e+00,8.393881744658e-02
-3.430077170202e+00,9.007425216435e+00,7.927430696200e-02
-3.430012544327e+00,8.313795682316e+00,8.587110782158e-02
-3.430002500236e+00,3.817728960748e+00,9.187512222598e-02
-3.429966208957e+00,2.851650470888e+00,9.187454930847e-02
-3.429916195117e+00,5.158038376612e+00,9.187377489233e-02
-3.429815698517e+00,4.759114378810e+00,9.187484186469e-02
-3.429209493947e+00,4.997830156416e+00,9.187312224719e-02
-3.429188448403e+00,9.521539422494e+00,6.603456764903e-02
-3.429150665335e+00,4.139755124035e+00,9.187393919953e-02
-3.429102801078e+00,7.040439270306e+00,9.046384951659e-02
-3.429090179871e+00,2.529624307603e+00,9.187298390256e-02
-3.429075486891e+00,1.499140585092e+00,9.187241057937e-02
-3.429009394049e+00,1.144911805478e+00,9.187211631546e-02
-3.428930761840e+00,9.386844805331e+00,7.106428403635e-02
-3.428666417137e+00,1.853369364706e+00,9.187194855308e-02
-3.428214819727e+00,9.656460563686e+00,5.868067360631e-02
-3.428149966320e+00,6.308991473588e+00,9.174257406667e-02
-3.428126393085e+00,7.243564637761e+00,8.999850588281e-02
-3.428055225887e+00,6.227139341014e+00,9.185663494230e-02
-3.427975434874e+00,5.446599761569e+00,9.186983598126e-02
-3.427866864437e+00,4.461781287321e+00,9.187206821855e-02
-3.427805185778e+00,4.801337899149e+00,9.187147471910e-02
-3.427782184787e+00,2.207598144318e+00,9.187072988959e-02
-3.427767094746e+00,7.803756971062e+00,8.830135831171e-02
-3.427740595085e+00,5.775558607401e+00,9.186851864115e-02
-3.427707980500e+00,6.391595910376e+00,9.162309848518e-02
-3.427699685417e+00,3.205879250503e+00,9.187113159100e-02
-3.427690184210e+00,3.527905413790e+00,9.187128840458e-02
-3.427510663236e+00,5.324630161571e+00,9.186946424026e-02
-3.427446380307e+00,7.684915636873e+00,8.872543287850e-02
-3.427444015873e+00,9.252385523513e+00,7.471933904233e-02
-3.427429238964e+00,6.146050053361e+00,9.186690470058e-02
-3.427414242475e+00,6.840489969619e+00,9.087002308781e-02
-3.427290974228e+00,7.923422885295e+00,8.783144760173e-02
-3.427277220627e+00,2.883853087216e+00,9.187028687286e-02
-3.427248717006e+00,3.849931577077e+00,9.187075742070e-02
-3.426991662860e+00,8.864029723729e+00,8.120790641080e-02
-3.426859658102e+00,5.571451801706e+00,9.186769100403e-02
-3.426723853887e+00,6.474942076258e+00,9.149776232163e-02
-3.426472891761e+00,1.531343201421e+00,9.186828281323e-02
-3.426428397218e+00,1.177114421807e+00,9.186802257185e-02
-3.426422789840e+00,2.561826923931e+00,9.186875367314e-02
-3.426375283805e+00,4.171957740363e+00,9.186953827670e-02
-3.426334979870e+00,7.566913488364e+00,8.911000216984e-02
-3.426277550441e+00,6.065734116498e+00,9.186534736670e-02
-3.426195970077e+00,8.436729022020e+00,8.508922999240e-02
-3.426042223707e+00,1.885571981034e+00,9.186778572844e-02
-3.426011960242e+00,8.043898734919e+00,8.730684204973e-02
-3.426007676826e+00,9.791599401196e+00,4.691757121656e-02
-3.425752734985e+00,5.043409638553e+00,9.186751744354e-02
-3.425528111625e+00,4.844213465448e+00,9.186771612121e-02
-3.425506832986e+00,5.205610425977e+00,9.186666413539e-02
-3.425192237369e+00,6.559019362092e+00,9.136597049126e-02
-3.425136393057e+00,2.239800760647e+00,9.186653094378e-02
-3.425069884608e+00,4.493983903650e+00,9.186763013952e-02
-3.424989098787e+00,3.238081866832e+00,9.186682989102e-02
-3.424957999280e+00,3.560108030119e+00,9.186695249142e-02
-3.424786112576e+00,8.711748582584e+00,8.284994706406e-02
-3.424730522945e+00,9.118170371665e+00,7.749411684317e-02
-3.424605770092e+00,5.986202001088e+00,9.186287179795e-02
-3.424588232297e+00,2.916055703545e+00,9.186601841732e-02
-3.424494933776e+00,3.882134193405e+00,9.186638630232e-02
-3.424439132529e+00,7.449765091665e+00,8.945958715311e-02
-3.424122681057e+00,5.699118342547e+00,9.186294809163e-02
-3.424003292148e+00,7.128936652362e+00,9.027444115129e-02
-3.423924084882e+00,8.165169836820e+00,8.671809642412e-02
-3.423870296630e+00,1.563545817749e+00,9.186414940304e-02
-3.423847400387e+00,1.209317038136e+00,9.186392327706e-02
-3.423755399810e+00,2.594029540260e+00,9.186451751548e-02
-3.423599902276e+00,4.204160356692e+00,9.186513093665e-02
-3.423554548389e+00,6.927516332606e+00,9.070435359831e-02
-3.423418030276e+00,1.917774597362e+00,9.186361716371e-02
-3.423107847531e+00,6.643817125046e+00,9.122741186754e-02
-3.422979914800e+00,4.887734608896e+00,9.186357643243e-02
-3.422564877621e+00,9.926947091282e+00,2.510324290828e-02
-3.422490601326e+00,2.272003376975e+00,9.186232615859e-02
-3.422419572259e+00,5.907464142282e+00,9.185966288851e-02
-3.422278512157e+00,3.270284483160e+00,9.186252206196e-02
-3.422272904779e+00,4.526186519978e+00,9.186318553574e-02
-3.422225814350e+00,3.592310646447e+00,9.186261035113e-02
-3.422105902348e+00,5.374128182215e+00,9.186070086874e-02
-3.422006265848e+00,5.089607454121e+00,9.186137406449e-02
-3.421899243967e+00,2.948258319874e+00,9.186174392767e-02
-3.421859235559e+00,5.497395002744e+00,9.185996320454e-02
-3.421765167218e+00,7.333484972908e+00,8.977935839213e-02
-3.421741150547e+00,3.914336809734e+00,9.186200885560e-02
-3.421618330313e+00,4.616602157943e+00,9.186214494674e-02
-3.421552639078e+00,8.560412134510e+00,8.418776537463e-02
-3.421267701499e+00,1.595748434078e+00,9.186001033595e-02
-3.421266403556e+00,1.241519654464e+00,9.185981841856e-02
-3.421088009780e+00,2.626232156588e+00,9.186027541573e-02
-3.421021471027e+00,8.287221469975e+00,8.605354188906e-02
-3.420824520746e+00,4.236362973021e+00,9.186071716376e-02
-3.420794092491e+00,5.253779795324e+00,9.185894528583e-02
-3.420793836846e+00,1.949977213691e+00,9.185944284572e-02
-3.420792651801e+00,8.984208127469e+00,7.967139407661e-02
-3.420465466816e+00,6.729324689004e+00,9.108155112907e-02
-3.420441812938e+00,4.656661737617e+00,9.186016370832e-02
-3.420361390892e+00,9.498144074302e+00,6.718621755583e-02
-3.420156074260e+00,4.931894832378e+00,9.185887975026e-02
-3.420012999771e+00,5.623512587118e+00,9.185664748298e-02
-3.419989012362e+00,9.363493181570e+00,7.188511518501e-02
-3.419844809596e+00,2.304205993303e+00,9.185811552048e-02
-3.419724695718e+00,5.829530939295e+00,9.185553160955e-02
-3.419567925527e+00,3.302487099489e+00,9.185820808925e-02
-3.419502667444e+00,9.633022053079e+00,6.041106525775e-02
-3.419493629420e+00,3.624513262776e+00,9.185826196882e-02
-3.419475924949e+00,4.558389136307e+00,9.185873439122e-02
-3.419210255637e+00,2.980460936202e+00,9.185746338969e-02
-3.419120998595e+00,7.015219102331e+00,9.052907987272e-02
-3.419013443866e+00,4.697393656723e+00,9.185779380368e-02
-3.418987367317e+00,3.946539426062e+00,9.185762506528e-02
-3.418685406725e+00,1.273722270792e+00,9.185570798377e-02
-3.418665106368e+00,1.627951050406e+00,9.185586559904e-02
-3.418420619750e+00,2.658434772916e+00,9.185602736000e-02
-3.418407764235e+00,7.777658490162e+00,8.841466554642e-02
-3.418387790434e+00,9.229078185144e+00,7.533352576319e-02
-3.418377535037e+00,8.836999014758e+00,8.156609980448e-02
-3.418319502499e+00,7.218087617694e+00,9.007304468500e-02
-3.418169643415e+00,1.982179830019e+00,9.185526276122e-02
-3.418049139217e+00,4.268565589349e+00,9.185629694240e-02
-3.418022873919e+00,7.897203677196e+00,8.795681147991e-02
-3.417996384939e+00,7.658939075049e+00,8.882836531239e-02
-3.417965733061e+00,5.136416991678e+00,9.185478924685e-02
-3.417493107761e+00,6.284845396811e+00,9.178574137547e-02
-3.417410640287e+00,9.768118291226e+00,4.980208891871e-02
-3.417328537256e+00,4.738791536408e+00,9.185493118979e-02
-3.417316841206e+00,6.203132729455e+00,9.185058518664e-02
-3.417298332633e+00,8.410038875948e+00,8.529782370238e-02
-3.417259943739e+00,6.815531344940e+00,9.092779276176e-02
-3.417199017865e+00,2.336408609632e+00,9.185389901588e-02
-3.417133295266e+00,6.367311517864e+00,9.166810302761e-02
-3.417052109346e+00,4.976687610707e+00,9.185379852357e-02
-3.416857338897e+00,3.334689715818e+00,9.185388795830e-02
-3.416835649918e+00,8.017559994121e+00,8.744677716886e-02
-3.416794890537e+00,7.541060034848e+00,8.920381716611e-02
-3.416761444491e+00,3.656715879105e+00,9.185390732951e-02
-3.416678945120e+00,4.590591752636e+00,9.185427668993e-02
-3.416609980716e+00,6.122184053476e+00,9.184968384046e-02
-3.416526943543e+00,5.752412754993e+00,9.185067520754e-02
-3.416521267307e+00,3.012663552531e+00,9.185317678911e-02
-3.416384498009e+00,5.424202249548e+00,9.185140697706e-02
-3.416233584087e+00,3.978742042391e+00,9.185323491604e-02
-3.416231983820e+00,6.450520520500e+00,9.154478986175e-02
-3.416104409894e+00,1.305924887121e+00,9.185159196005e-02
-3.416076953495e+00,8.684830185720e+00,8.314032324308e-02
-3.416062511238e+00,1.660153666735e+00,9.185171517937e-02
-3.415773748876e+00,5.302539789239e+00,9.185082274438e-02
-3.415753229719e+00,2.690637389245e+00,9.185177333436e-02
-3.415560040288e+00,9.094907878587e+00,7.797066785770e-02
-3.415545449985e+00,2.014382446348e+00,9.185107689695e-02
-3.415417540461e+00,5.548751596038e+00,9.184947500725e-02
-3.415382446961e+00,4.780848968796e+00,9.185168919179e-02
-3.415378076515e+00,6.042009871690e+00,9.184796079006e-02
-3.415273757687e+00,4.300768205678e+00,9.185187025686e-02
-3.414840118756e+00,8.138712760418e+00,8.687486502006e-02
-3.414809525658e+00,7.424035933015e+00,8.954551821154e-02
-3.414783818933e+00,6.534461798553e+00,9.141517825444e-02
-3.414553226135e+00,2.368611225960e+00,9.184967663117e-02
-3.414146752267e+00,3.366892332146e+00,9.184956165445e-02
-3.414108646392e+00,7.103587470537e+00,9.034334755809e-02
-3.414083164589e+00,9.903423946024e+00,3.083903244257e-02
-3.414029259561e+00,3.688918495433e+00,9.184954641822e-02
-3.413832278976e+00,3.044866168860e+00,9.184888411165e-02
-3.413663579951e+00,5.022106390858e+00,9.184823123492e-02
-3.413626824173e+00,5.183831612698e+00,9.184768417506e-02
-3.413626743698e+00,5.962620651682e+00,9.184537012385e-02
-3.413523413063e+00,1.338127503450e+00,9.184747033475e-02
-3.413486193093e+00,6.902426351289e+00,9.076513846428e-02
-3.413479800858e+00,4.010944658720e+00,9.184883839250e-02
-3.413459916107e+00,1.692356283063e+00,9.184755906397e-02
-3.413170566698e+00,4.823559517217e+00,9.184806872179e-02
-3.413085839689e+00,2.722840005573e+00,9.184751332483e-02
-3.412921256554e+00,2.046585062676e+00,9.184688523958e-02
-3.412832182808e+00,5.676119915563e+00,9.184494702577e-02
-3.412783511799e+00,6.619124712146e+00,9.127892223412e-02
-3.412748974913e+00,8.533607259434e+00,8.442783085333e-02
-3.412498376158e+00,4.332970822006e+00,9.184743709139e-02
-3.412046624759e+00,7.307881292982e+00,8.985846857801e-02
-3.412030397726e+00,8.260647257635e+00,8.623039535487e-02
-3.411907434405e+00,2.400813842289e+00,9.184544835268e-02
-3.411832048158e+00,1.562500050003e-02,9.190279013790e-02
-3.411832048158e+00,4.687500150008e-02,9.189583265956e-02
-3.411832048158e+00,4.218750135002e-01,9.184664938470e-02
-3.411832048158e+00,7.343750235003e-01,9.184457283406e-02
-3.411832048158e+00,7.812500250013e-02,9.188930134051e-02
-3.411832048158e+00,1.406250045003e-01,9.187753461306e-02
-3.411832048158e+00,1.718750055004e-01,9.187230724944e-02
-3.411832048158e+00,2.031250065004e-01,9.186752211888e-02
-3.411832048158e+00,2.343750075005e-01,9.186318253743e-02
-3.411832048158e+00,2.656250085005e-01,9.185929152612e-02
-3.411832048158e+00,2.968750095005e-01,9.185585180482e-02
-3.411832048158e+00,3.281250105004e-01,9.185286578675e-02
-3.411832048158e+00,3.593750115004e-01,9.185033557351e-02
-3.411832048158e+00,3.906250125003e-01,9.184826295080e-02
-3.411832048158e+00,4.531250145001e-01,9.184549601869e-02
-3.411832048158e+00,4.843750155000e-01,9.184480367122e-02
-3.411832048158e+00,5.156250165000e-01,9.184457283406e-02
-3.411832048158e+00,5.468750175000e-01,9.184457283406e-02
-3.411832048158e+00,5.781250185001e-01,9.184457283406e-02
-3.411832048158e+00,6.093750195001e-01,9.184457283406e-02
-3.411832048158e+00,6.406250205001e-01,9.184457283406e-02
-3.411832048158e+00,6.718750215002e-01,9.184457283406e-02
-3.411832048158e+00,7.031250225002e-01,9.184457283406e-02
-3.411832048158e+00,7.656250245002e-01,9.184457283406e-02
-3.411832048158e+00,7.968750255002e-01,9.184457283406e-02
-3.411832048158e+00,8.593750275001e-01,9.184457283406e-02
-3.411832048158e+00,9.218750295001e-01,9.184457283406e-02
-3.411832048158e+00,9.531250305001e-01,9.184457283406e-02
-3.411832048158e+00,9.843750315000e-01,9.184457283406e-02
-3.411832048158e+00,1.093750035002e-01,9.188320060529e-02
-3.411832048158e+00,8.281250265001e-01,9.184457283406e-02
-3.411832048158e+00,8.906250285001e-01,9.184457283406e-02
-3.411534333381e+00,9.474748726111e+00,6.825741360876e-02
-3.411508133400e+00,8.960991038502e+00,8.005150898871e-02
-3.411436165637e+00,3.399094948475e+00,9.184522916303e-02
-3.411361661914e+00,5.884026825498e+00,9.184197271027e-02
-3.411297074631e+00,3.721121111762e+00,9.184517921990e-02
-3.411143290646e+00,3.077068785189e+00,9.184458534294e-02
-3.411047262884e+00,9.340141557809e+00,7.265704857470e-02
-3.410942416232e+00,1.370330119778e+00,9.184334309518e-02
-3.410857320976e+00,1.724558899392e+00,9.184339723983e-02
-3.410790515162e+00,9.609583542473e+00,6.199524543706e-02
-3.410726017628e+00,4.043147275048e+00,9.184443547926e-02
-3.410688330216e+00,4.866916716444e+00,9.184390131537e-02
-3.410552348892e+00,1.016101340164e+00,9.184252530092e-02
-3.410441618932e+00,5.351883685941e+00,9.184205890449e-02
-3.410418449659e+00,2.755042621902e+00,9.184324731740e-02
-3.410342355681e+00,5.474845586492e+00,9.184153518109e-02
-3.410297063123e+00,2.078787679004e+00,9.184268777578e-02
-3.410225839457e+00,6.704498588089e+00,9.113554803285e-02
-3.409986086687e+00,5.068144592196e+00,9.184217562164e-02
-3.409763407214e+00,8.809968305787e+00,8.190912388428e-02
-3.409722994629e+00,4.365173438335e+00,9.184299743020e-02
-3.409331564995e+00,9.205770846775e+00,7.591580905692e-02
-3.409261642674e+00,2.433016458617e+00,9.184121416673e-02
-3.409139196112e+00,6.989998934357e+00,9.059314287998e-02
-3.409048433724e+00,7.751560009262e+00,8.852523879494e-02
-3.408985267952e+00,5.231844651781e+00,9.184009356614e-02
-3.408813603749e+00,9.744637181255e+00,5.237805730116e-02
-3.408754773609e+00,7.870984469097e+00,8.807899463889e-02
-3.408725579007e+00,3.431297564804e+00,9.184089046928e-02
-3.408646344412e+00,5.600662710122e+00,9.183843588686e-02
-3.408588575232e+00,5.806238789228e+00,9.183774610237e-02
-3.408564889701e+00,3.753323728090e+00,9.184080571946e-02
-3.408546389571e+00,7.632962513226e+00,8.892893154122e-02
-3.408512611912e+00,7.192610597626e+00,9.014614232302e-02
-3.408454302316e+00,3.109271401517e+00,9.184028046860e-02
-3.408400695189e+00,8.383348729877e+00,8.549892000946e-02
-3.408361419402e+00,1.402532736107e+00,9.183921022861e-02
-3.408254725845e+00,1.756761515720e+00,9.183922969388e-02
-3.407992950361e+00,1.048303956493e+00,9.183842608161e-02
-3.407972234399e+00,4.075349891377e+00,9.184002616086e-02
-3.407931211460e+00,4.910914072921e+00,9.183934527524e-02
-3.407828141026e+00,4.636674266890e+00,9.184001435876e-02
-3.407751059629e+00,2.787245238230e+00,9.183897529800e-02
-3.407672869693e+00,2.110990295333e+00,9.183848449215e-02
-3.407659339595e+00,7.991221253323e+00,8.758294723142e-02
-3.407367794415e+00,8.657911788855e+00,8.341955357643e-02
-3.407254801204e+00,7.515206581332e+00,8.929547969378e-02
-3.407105645002e+00,6.790572720260e+00,9.098448293341e-02
-3.406947613099e+00,4.397376054664e+00,9.183855125744e-02
-3.406836249201e+00,6.260699320034e+00,9.182831192274e-02
-3.406615850944e+00,2.465219074946e+00,9.183697405958e-02
-3.406578456525e+00,6.179126117896e+00,9.183337621194e-02
-3.406558610033e+00,6.343027125353e+00,9.171246805743e-02
-3.406462636587e+00,4.677237968740e+00,9.183766630798e-02
-3.406389557631e+00,9.071645385508e+00,7.842526701890e-02
-3.406015271004e+00,5.114795606744e+00,9.183567526826e-02
-3.406014992377e+00,3.463500181132e+00,9.183654555845e-02
-3.405832704771e+00,3.785526344419e+00,9.183642590175e-02
-3.405790722468e+00,6.098318053592e+00,9.183239517823e-02
-3.405780422571e+00,1.434735352435e+00,9.183507172226e-02
-3.405765313986e+00,3.141474017846e+00,9.183596947420e-02
-3.405756152631e+00,8.112255684016e+00,8.702717485501e-02
-3.405740113753e+00,6.426098964743e+00,9.159108159564e-02
-3.405652130715e+00,1.788964132049e+00,9.183505641304e-02
-3.405601451556e+00,9.879900800765e+00,3.573830940217e-02
-3.405433551830e+00,1.080506572821e+00,9.183432131454e-02
-3.405313292000e+00,5.729266902585e+00,9.183268110043e-02
-3.405218451169e+00,4.107552507706e+00,9.183561042177e-02
-3.405179918787e+00,7.398306774364e+00,8.962965643019e-02
-3.405083669598e+00,2.819447854559e+00,9.183469725254e-02
-3.405048676262e+00,2.143192911661e+00,9.183427537527e-02
-3.404894724744e+00,4.955545064998e+00,9.183434268350e-02
-3.404841375995e+00,4.718468694007e+00,9.183493983404e-02
-3.404793561144e+00,5.401804737528e+00,9.183285164228e-02
-3.404478602589e+00,6.018285626882e+00,9.183046983502e-02
-3.404375400497e+00,6.509904235015e+00,9.146364341008e-02
-3.404214000636e+00,7.078238288712e+00,9.041098217284e-02
-3.404172231570e+00,4.429578670992e+00,9.183409855721e-02
-3.404036834516e+00,5.280449416908e+00,9.183196607926e-02
-3.403975422820e+00,5.526051390369e+00,9.183118386156e-02
-3.403970059213e+00,2.497421691274e+00,9.183272801744e-02
-3.403945310749e+00,8.506802384358e+00,8.465947488182e-02
-3.403417837797e+00,6.877336369972e+00,9.082487829531e-02
-3.403304405747e+00,3.495702797461e+00,9.183219441569e-02
-3.403199425740e+00,1.466937968764e+00,9.183092756334e-02
-3.403100519842e+00,3.817728960748e+00,9.183203975160e-02
-3.403076325656e+00,3.173676634174e+00,9.183165234525e-02
-3.403049535584e+00,1.821166748377e+00,9.183087738417e-02
-3.403039324426e+00,8.234073045294e+00,8.640191703109e-02
-3.402959708143e+00,4.760360038444e+00,9.183182918663e-02
-3.402874153299e+00,1.112709189150e+00,9.183021098721e-02
-3.402707275871e+00,9.451353377920e+00,6.925627779200e-02
-3.402647717304e+00,5.939039302275e+00,9.182779973412e-02
-3.402606586182e+00,8.935811589540e+00,8.044004795445e-02
-3.402464667939e+00,4.139755124035e+00,9.183118824646e-02
-3.402459176068e+00,6.594432299246e+00,9.132963274085e-02
-3.402424482832e+00,2.175395527990e+00,9.183006041166e-02
-3.402416279568e+00,2.851650470888e+00,9.183041316687e-02
-3.402328082300e+00,7.282277613056e+00,8.993599882516e-02
-3.402105513406e+00,9.316789934047e+00,7.338431048454e-02
-3.402078362880e+00,9.586145031866e+00,6.345095761938e-02
-3.401746815361e+00,5.162052799419e+00,9.182861782207e-02
-3.401574424916e+00,5.000803143163e+00,9.182881900732e-02
-3.401541684559e+00,5.653121488579e+00,9.182687615501e-02
-3.401396850040e+00,4.461781287321e+00,9.182963931358e-02
-3.401324267483e+00,2.529624307603e+00,9.182847602650e-02
-3.401151967976e+00,1.001536554361e+01,6.608629158404e-06
-3.401149279392e+00,8.782937596816e+00,8.223790709808e-02
-3.400813021771e+00,4.802905568987e+00,9.182818568095e-02
-3.400618428909e+00,1.499140585092e+00,9.182677773901e-02
-3.400593819117e+00,3.527905413790e+00,9.182783702615e-02
-3.400446940453e+00,1.853369364706e+00,9.182669259411e-02
-3.400387337326e+00,3.205879250503e+00,9.182732906724e-02
-3.400368334912e+00,3.849931577077e+00,9.182764725378e-02
-3.400314754768e+00,1.144911805478e+00,9.182609508709e-02
-3.400303751569e+00,5.860589508715e+00,9.182419597164e-02
-3.400275339555e+00,9.182463508406e+00,7.646859993287e-02
-3.400216567211e+00,9.721156071284e+00,5.469240964925e-02
-3.399986212098e+00,6.679672487174e+00,9.118868193086e-02
-3.399800289401e+00,2.207598144318e+00,9.182583958782e-02
-3.399748889538e+00,2.883853087216e+00,9.182612302681e-02
-3.399710884710e+00,4.171957740363e+00,9.182675961930e-02
-3.399689103213e+00,7.725461528361e+00,8.863317550463e-02
-3.399503057746e+00,8.356658583806e+00,8.569354360428e-02
-3.399486673300e+00,7.844765260998e+00,8.819811572209e-02
-3.399157393629e+00,6.964778766383e+00,9.065607060866e-02
-3.399096394203e+00,7.606985951402e+00,8.902721233224e-02
-3.398825475804e+00,5.452296170241e+00,9.182303590126e-02
-3.398777335515e+00,5.329639189669e+00,9.182334592515e-02
-3.398705721326e+00,7.167133577559e+00,9.021773510151e-02
-3.398678475753e+00,2.561826923931e+00,9.182421807290e-02
-3.398658635334e+00,8.630993391991e+00,8.368825874641e-02
-3.398621468511e+00,4.493983903650e+00,9.182517351056e-02
-3.398483029272e+00,7.964882512525e+00,8.771536988500e-02
-3.398396745632e+00,4.846098823992e+00,9.182415576732e-02
-3.398037432078e+00,1.531343201421e+00,9.182262223637e-02
-3.397965907526e+00,5.046681730270e+00,9.182290674619e-02
-3.397883232487e+00,3.560108030119e+00,9.182347337490e-02
-3.397844345323e+00,1.885571981034e+00,9.182250202965e-02
-3.397755356237e+00,1.177114421807e+00,9.182197360162e-02
-3.397714711871e+00,7.489353127816e+00,8.938516382554e-02
-3.397698348996e+00,3.238081866832e+00,9.182299962559e-02
-3.397636149982e+00,3.882134193405e+00,9.182324839301e-02
-3.397452454745e+00,5.782946639162e+00,9.181986105429e-02
-3.397279689054e+00,5.577812833126e+00,9.182015309526e-02
-3.397219074974e+00,9.048382892430e+00,7.885938836965e-02
-3.397176443413e+00,5.209909508237e+00,9.182112178435e-02
-3.397176095971e+00,2.239800760647e+00,9.182161289020e-02
-3.397119738524e+00,9.856377655506e+00,3.997152076687e-02
-3.397081499507e+00,2.916055703545e+00,9.182182681814e-02
-3.396957101480e+00,4.204160356692e+00,9.182232452466e-02
-3.396951346266e+00,6.765614095580e+00,9.104023697183e-02
-3.396672186505e+00,8.085798607615e+00,8.717521154801e-02
-3.396179390642e+00,6.236553243257e+00,9.181640422432e-02
-3.396032684022e+00,2.594029540260e+00,9.181995414273e-02
-3.395983924799e+00,6.318742732842e+00,9.175620827929e-02
-3.395846086981e+00,4.526186519978e+00,9.182070113208e-02
-3.395840071844e+00,6.155119506337e+00,9.181609877244e-02
-3.395706348661e+00,4.889933313464e+00,9.181970544145e-02
-3.395550311916e+00,7.372577615714e+00,8.971205786533e-02
-3.395456435247e+00,1.563545817749e+00,9.181846104253e-02
-3.395248243687e+00,6.401677408985e+00,9.163670307936e-02
-3.395241750192e+00,1.917774597362e+00,9.181830567755e-02
-3.395214469114e+00,4.616686796163e+00,9.181968285945e-02
-3.395195957706e+00,1.209317038136e+00,9.181784651821e-02
-3.395172645857e+00,3.592310646447e+00,9.181910344699e-02
-3.395141646585e+00,8.479997509282e+00,8.488312745461e-02
-3.395009360666e+00,3.270284483160e+00,9.181866400572e-02
-3.394971464220e+00,6.074452053707e+00,9.181494187963e-02
-3.394903965052e+00,3.914336809734e+00,9.181884315396e-02
-3.394551902540e+00,2.272003376975e+00,9.181738030521e-02
-3.394414109477e+00,2.948258319874e+00,9.181752452657e-02
-3.394319354880e+00,7.052889106888e+00,9.047738080612e-02
-3.394203318250e+00,4.236362973021e+00,9.181788294682e-02
-3.394099640458e+00,5.706121050177e+00,9.181461611632e-02
-3.394088010148e+00,8.908669780582e+00,8.083490961452e-02
-3.394064808948e+00,5.093174221811e+00,9.181639293471e-02
-3.394048251126e+00,8.207498832953e+00,8.656834140070e-02
-3.393966982061e+00,6.485346671477e+00,9.151138383907e-02
-3.393911829308e+00,4.657082280757e+00,9.181746993212e-02
-3.393880218360e+00,9.427958029728e+00,7.018987469957e-02
-3.393579128663e+00,5.994561382074e+00,9.181290937673e-02
-3.393386892292e+00,2.626232156588e+00,9.181568422206e-02
-3.393366210597e+00,9.562706521260e+00,6.479318622312e-02
-3.393349482501e+00,6.852246388655e+00,9.088360091912e-02
-3.393202624279e+00,5.379407225507e+00,9.181413712511e-02
-3.393163763928e+00,9.293438310286e+00,7.407065400473e-02
-3.393070705452e+00,4.558389136307e+00,9.181622216207e-02
-3.392875438416e+00,1.595748434078e+00,9.181429414452e-02
-3.392785783450e+00,9.991800928146e+00,1.008979652702e-02
-3.392737340143e+00,4.934402519289e+00,9.181471585680e-02
-3.392639155061e+00,1.949977213691e+00,9.181410352452e-02
-3.392636559175e+00,1.241519654464e+00,9.181371382422e-02
-3.392609539841e+00,7.256673933130e+00,9.001199674904e-02
-3.392535151569e+00,8.755906887845e+00,8.255330462885e-02
-3.392533305178e+00,5.503351184701e+00,9.181268708160e-02
-3.392462059227e+00,3.624513262776e+00,9.181472722741e-02
-3.392354214735e+00,4.698145851606e+00,9.181484969971e-02
-3.392320372335e+00,3.302487099489e+00,9.181432219295e-02
-3.392299920156e+00,5.258359044576e+00,9.181303727218e-02
-3.392171780122e+00,3.946539426062e+00,9.181443152126e-02
-3.392134840336e+00,6.569739886346e+00,9.137956305306e-02
-3.391927709109e+00,2.304205993303e+00,9.181314181923e-02
-3.391746719447e+00,2.980460936202e+00,9.181321613781e-02
-3.391668690911e+00,5.915457952868e+00,9.181005541161e-02
-3.391619530673e+00,9.697674961314e+00,5.678302036651e-02
-3.391449535021e+00,4.268565589349e+00,9.181343487004e-02
-3.391219114116e+00,9.159156170037e+00,7.699407261001e-02
-3.390741100561e+00,2.658434772916e+00,9.181140829689e-02
-3.390605420302e+00,8.329968437735e+00,8.588202208807e-02
-3.390536969326e+00,4.739871108091e+00,9.181173257738e-02
-3.390329772702e+00,7.699363047461e+00,8.873856866054e-02
-3.390295323922e+00,4.590591752636e+00,9.181173658438e-02
-3.390294441585e+00,1.627951050406e+00,9.181012152936e-02
-3.390251186311e+00,5.630123061595e+00,9.180860228243e-02
-3.390218572991e+00,7.818546052900e+00,8.831428768341e-02
-3.390077160644e+00,1.273722270792e+00,9.180957550697e-02
-3.390036559930e+00,1.982179830019e+00,9.180989555725e-02
-3.389949476254e+00,8.604074995127e+00,8.394701471801e-02
-3.389866806548e+00,5.140273986140e+00,9.180948008465e-02
-3.389751472597e+00,3.656715879105e+00,9.181034470112e-02
-3.389746584739e+00,6.654846386260e+00,9.124097449883e-02
-3.389646398835e+00,7.581009389579e+00,8.912328491460e-02
-3.389631384005e+00,3.334689715818e+00,9.180997417259e-02
-3.389485269881e+00,4.979499895467e+00,9.180933562830e-02
-3.389439595193e+00,3.978742042391e+00,9.181001347950e-02
-3.389306718948e+00,7.938543771727e+00,8.784409219159e-02
-3.389303515679e+00,2.336408609632e+00,9.180889741859e-02
-3.389245841224e+00,5.837152191931e+00,9.180634889342e-02
-3.389175591146e+00,6.939558598409e+00,9.071789401485e-02
-3.389079329417e+00,3.012663552531e+00,9.180890163749e-02
-3.388898830739e+00,7.141656557491e+00,9.028792109652e-02
-3.388695751791e+00,4.300768205678e+00,9.180898027852e-02
-3.388638025491e+00,9.832854510248e+00,4.366575248300e-02
-3.388455476844e+00,4.782251620757e+00,9.180822899809e-02
-3.388174622538e+00,7.463499674300e+00,8.947293324604e-02
-3.388095308831e+00,2.690637389245e+00,9.180712635321e-02
-3.388048592317e+00,9.025120399351e+00,7.927437702318e-02
-3.387713444755e+00,1.660153666735e+00,9.180594318402e-02
-3.387588220379e+00,8.059341531213e+00,8.731915073364e-02
-3.387517762113e+00,1.305924887121e+00,9.180543155377e-02
-3.387433964800e+00,2.014382446348e+00,9.180568176235e-02
-3.387308595926e+00,5.429746753989e+00,9.180446540370e-02
-3.387113052099e+00,5.307394693396e+00,9.180448505981e-02
-3.387040885968e+00,3.688918495433e+00,9.180595585301e-02
-3.386942395675e+00,3.366892332146e+00,9.180561992991e-02
-3.386797047530e+00,6.740655470900e+00,9.109508214843e-02
-3.386707410263e+00,4.010944658720e+00,9.180558901321e-02
-3.386679322248e+00,2.368611225960e+00,9.180464708957e-02
-3.386411939386e+00,3.044866168860e+00,9.180458101122e-02
-3.386337982421e+00,8.453192634206e+00,8.509919010696e-02
-3.386316334258e+00,5.759654489095e+00,9.180180390965e-02
-3.386105161048e+00,4.825280931541e+00,9.180431737285e-02
-3.385945728365e+00,5.025218868345e+00,9.180341395810e-02
-3.385941968562e+00,4.332970822006e+00,9.180451915641e-02
-3.385920705045e+00,7.346848457063e+00,8.979277633779e-02
-3.385913033695e+00,5.554962956130e+00,9.180179909945e-02
-3.385569434113e+00,8.881527971625e+00,8.121036306157e-02
-3.385522532082e+00,6.212407166480e+00,9.179913874543e-02
-3.385449517101e+00,2.722840005573e+00,9.180283837695e-02
-3.385409239565e+00,6.294458340331e+00,9.179874734710e-02
-3.385367618874e+00,5.187974364694e+00,9.180197551441e-02
-3.385132447924e+00,1.692356283063e+00,9.180175909542e-02
-3.385101687163e+00,6.131112894778e+00,9.179875272883e-02
-3.385057177826e+00,8.180924620612e+00,8.672988962470e-02
-3.385053160849e+00,9.404562681537e+00,7.106437819198e-02
-3.384958363582e+00,1.338127503450e+00,9.180128195186e-02
-3.384831369669e+00,2.046585062676e+00,9.180146212645e-02
-3.384756373620e+00,6.377255853228e+00,9.168166993541e-02
-3.384654058315e+00,9.539268010653e+00,6.603467283133e-02
-3.384424709124e+00,7.027539925063e+00,9.054257799200e-02
-3.384419598925e+00,9.968236312687e+00,1.829699029923e-02
-3.384330299337e+00,3.721121111762e+00,9.180156066794e-02
-3.384253407345e+00,3.399094948475e+00,9.180125945011e-02
-3.384222014450e+00,9.270086686524e+00,7.471942346197e-02
-3.384152205972e+00,6.050586053822e+00,9.179739246488e-02
-3.384055128818e+00,2.400813842289e+00,9.180039081845e-02
-3.383975225333e+00,4.043147275048e+00,9.180115810688e-02
-3.383921023746e+00,8.728876178874e+00,8.285610539204e-02
-3.383744549356e+00,3.077068785189e+00,9.180025424455e-02
-3.383558563626e+00,6.460789107939e+00,9.155832720619e-02
-3.383481485862e+00,4.868952554008e+00,9.179986340377e-02
-3.383281127205e+00,6.827156407338e+00,9.094129297521e-02
-3.383188185332e+00,4.365173438335e+00,9.180005148782e-02
-3.383040216528e+00,1.562500050003e-02,9.185757627259e-02
-3.383040216528e+00,4.687500150008e-02,9.185045451559e-02
-3.383040216528e+00,1.406250045003e-01,9.183172222770e-02
-3.383040216528e+00,1.718750055004e-01,9.182637022614e-02
-3.383040216528e+00,2.031250065004e-01,9.182147077382e-02
-3.383040216528e+00,4.218750135002e-01,9.180009681271e-02
-3.383040216528e+00,4.531250145001e-01,9.179891562892e-02
-3.383040216528e+00,5.156250165000e-01,9.179797016901e-02
-3.383040216528e+00,5.468750175000e-01,9.179797016901e-02
-3.383040216528e+00,6.718750215002e-01,9.179797016901e-02
-3.383040216528e+00,7.031250225002e-01,9.179797016901e-02
-3.383040216528e+00,7.343750235003e-01,9.179797016901e-02
-3.383040216528e+00,7.656250245002e-01,9.179797016901e-02
-3.383040216528e+00,7.968750255002e-01,9.179797016901e-02
-3.383040216528e+00,7.812500250013e-02,9.184376856287e-02
-3.383040216528e+00,1.093750035002e-01,9.183752302270e-02
-3.383040216528e+00,2.343750075005e-01,9.181702732651e-02
-3.383040216528e+00,2.656250085005e-01,9.181304303287e-02
-3.383040216528e+00,2.968750095005e-01,9.180952072799e-02
-3.383040216528e+00,3.281250105004e-01,9.180646292754e-02
-3.383040216528e+00,3.593750115004e-01,9.180387182250e-02
-3.383040216528e+00,3.906250125003e-01,9.180174927468e-02
-3.383040216528e+00,4.843750155000e-01,9.179820657675e-02
-3.383040216528e+00,5.781250185001e-01,9.179797016901e-02
-3.383040216528e+00,6.093750195001e-01,9.179797016901e-02
-3.383040216528e+00,6.406250205001e-01,9.179797016901e-02
-3.383040216528e+00,8.281250265001e-01,9.179797016901e-02
-3.383040216528e+00,8.593750275001e-01,9.179797016901e-02
-3.383040216528e+00,8.906250285001e-01,9.179797016901e-02
-3.383040216528e+00,9.218750295001e-01,9.179797016901e-02
-3.383040216528e+00,9.531250305001e-01,9.179797016901e-02
-3.383040216528e+00,9.843750315000e-01,9.179797016901e-02
-3.383022494134e+00,9.674193851343e+00,5.868079001332e-02
-3.382890997382e+00,7.231070253204e+00,9.008650813751e-02
-3.382885988916e+00,5.682975197769e+00,9.179648020745e-02
-3.382803725370e+00,2.755042621902e+00,9.179854435399e-02
-3.382679654738e+00,5.970837137266e+00,9.179527930193e-02
-3.382551451093e+00,1.724558899392e+00,9.179756925048e-02
-3.382398965051e+00,1.370330119778e+00,9.179712668847e-02
-3.382228774538e+00,2.078787679004e+00,9.179723663610e-02
-3.382162888677e+00,9.135848831668e+00,7.749419289272e-02
-3.382114346892e+00,5.071552836877e+00,9.179703831527e-02
-3.381810504604e+00,6.545047473446e+00,9.142873222909e-02
-3.381771316412e+00,1.016101340164e+00,9.179590861221e-02
-3.381707782858e+00,8.303278291663e+00,8.606463780532e-02
-3.381619712707e+00,3.753323728090e+00,9.179715913072e-02
-3.381611687414e+00,5.357009713487e+00,9.179535014065e-02
-3.381564419015e+00,3.431297564804e+00,9.179689271837e-02
-3.381430935387e+00,2.433016458617e+00,9.179612859141e-02
-3.381361022029e+00,4.636926592774e+00,9.179713481735e-02
-3.381243040403e+00,4.075349891377e+00,9.179672074495e-02
-3.381240317173e+00,8.577156598263e+00,8.419635665924e-02
-3.381091187537e+00,5.480650979033e+00,9.179411773372e-02
-3.381077159326e+00,3.109271401517e+00,9.179592132300e-02
-3.380970442190e+00,7.673264566561e+00,8.884150703558e-02
-3.380950472681e+00,7.792326844801e+00,8.842761812072e-02
-3.380689664517e+00,5.891876603462e+00,9.179221770920e-02
-3.380579955542e+00,4.913259973580e+00,9.179501724642e-02
-3.380563005796e+00,5.236268672245e+00,9.179403643530e-02
-3.380434402102e+00,4.397376054664e+00,9.179557725679e-02
-3.380196403467e+00,7.555032827755e+00,8.921705134427e-02
-3.380157933640e+00,2.787245238230e+00,9.179424427018e-02
-3.380156312459e+00,9.809331364989e+00,4.691769357267e-02
-3.380130408625e+00,7.912205030929e+00,8.796950201671e-02
-3.379970454262e+00,1.756761515720e+00,9.179337363603e-02
-3.379867053474e+00,4.677823009205e+00,9.179454283352e-02
-3.379839566520e+00,1.402532736107e+00,9.179296575077e-02
-3.379626179407e+00,2.110990295333e+00,9.179300527781e-02
-3.379506957380e+00,6.630020285345e+00,9.129244672852e-02
-3.379233516181e+00,1.048303956493e+00,9.179178131036e-02
-3.379193788664e+00,6.914338430434e+00,9.077864298754e-02
-3.379091940153e+00,7.116179537424e+00,9.035679704912e-02
-3.378960688062e+00,5.607124634611e+00,9.179025269407e-02
-3.378909126078e+00,3.785526344419e+00,9.179275122613e-02
-3.378878109660e+00,9.001857906272e+00,7.967146296000e-02
-3.378875430685e+00,3.463500181132e+00,9.179251971982e-02
-3.378806741957e+00,2.465219074946e+00,9.179186039465e-02
-3.378634533205e+00,7.437646220784e+00,8.955884902283e-02
-3.378510855473e+00,4.107552507706e+00,9.179227691181e-02
-3.378504254254e+00,8.032884454811e+00,8.745915871935e-02
-3.378409769296e+00,3.141474017846e+00,9.179158223205e-02
-3.378187930878e+00,5.813714875148e+00,9.178841899628e-02
-3.378114230509e+00,4.719382177739e+00,9.179156499473e-02
-3.377986797735e+00,5.118495172861e+00,9.179015449438e-02
-3.377680618873e+00,4.429578670992e+00,9.179109644734e-02
-3.377534318257e+00,8.426387759131e+00,8.530800344927e-02
-3.377512141909e+00,2.819447854559e+00,9.178993811134e-02
-3.377396114847e+00,4.958196647772e+00,9.178967659967e-02
-3.377389457431e+00,1.788964132049e+00,9.178917223891e-02
-3.377280167989e+00,1.434735352435e+00,9.178879912592e-02
-3.377050858079e+00,8.854386162667e+00,8.156942355505e-02
-3.377023584277e+00,2.143192911661e+00,9.178876803808e-02
-3.376695715950e+00,1.080506572821e+00,9.178764841373e-02
-3.376642748793e+00,6.715696846221e+00,9.114904163740e-02
-3.376291098174e+00,7.321119298413e+00,8.987186354197e-02
-3.376226103338e+00,9.381167333346e+00,7.188520749557e-02
-3.376198539448e+00,3.817728960748e+00,9.178833693887e-02
-3.376186442355e+00,3.495702797461e+00,9.178814043952e-02
-3.376182548526e+00,2.497421691274e+00,9.178758621427e-02
-3.376097931918e+00,4.761597672527e+00,9.178817726544e-02
-3.376066104526e+00,8.154350408272e+00,8.688677046650e-02
-3.376053414400e+00,9.944671697228e+00,2.510333738892e-02
-3.375941906033e+00,9.515829500047e+00,6.718632069137e-02
-3.375791716048e+00,5.407197337737e+00,9.178568288508e-02
-3.375778670544e+00,4.139755124035e+00,9.178782659180e-02
-3.375742379265e+00,3.173676634174e+00,9.178723695712e-02
-3.375448768683e+00,5.285150197123e+00,9.178547973034e-02
-3.375306895923e+00,8.701845469903e+00,8.314703825842e-02
-3.375280264972e+00,9.246735062763e+00,7.533360859809e-02
-3.375180213771e+00,5.736362339029e+00,9.178367481511e-02
-3.374926835643e+00,4.461781287321e+00,9.178660904342e-02
-3.374866350179e+00,2.851650470888e+00,9.178562586322e-02
-3.374865673522e+00,6.188261089703e+00,9.178180403118e-02
-3.374834554331e+00,6.270173947819e+00,9.178149440607e-02
-3.374808460600e+00,1.821166748377e+00,9.178496504590e-02
-3.374720769458e+00,1.466937968764e+00,9.178462680101e-02
-3.374546378335e+00,5.532113079134e+00,9.178327509126e-02
-3.374530063368e+00,7.002190743238e+00,9.060660704349e-02
-3.374425457596e+00,9.650712741373e+00,6.041117980477e-02
-3.374420989146e+00,2.175395527990e+00,9.178452490333e-02
-3.374363302482e+00,6.107106283220e+00,9.178122849759e-02
-3.374264503553e+00,6.352834297470e+00,9.172599733097e-02
-3.374157915719e+00,1.112709189150e+00,9.178350990976e-02
-3.373925549204e+00,5.003756006419e+00,9.178384130588e-02
-3.373813576464e+00,4.804463039089e+00,9.178425974703e-02
-3.373558794334e+00,5.166039221151e+00,9.178275615413e-02
-3.373558355095e+00,2.529624307603e+00,9.178330603639e-02
-3.373497454025e+00,3.527905413790e+00,9.178375486251e-02
-3.373487952818e+00,3.849931577077e+00,9.178391625362e-02
-3.373332947724e+00,6.026720053938e+00,9.177977268227e-02
-3.373212771910e+00,6.802066426021e+00,9.099794345110e-02
-3.373172454923e+00,7.205466573278e+00,9.015957703666e-02
-3.373150145190e+00,6.436231544401e+00,9.160458133571e-02
-3.373106663237e+00,9.112541493299e+00,7.797074256170e-02
-3.373074989235e+00,3.205879250503e+00,9.178288548358e-02
-3.373046485614e+00,4.171957740363e+00,9.178336976922e-02
-3.372810145414e+00,8.276588145592e+00,8.624165635042e-02
-3.372531158093e+00,8.550238201398e+00,8.443678246056e-02
-3.372227463769e+00,1.853369364706e+00,9.178075204374e-02
-3.372220558448e+00,2.883853087216e+00,9.178130751155e-02
-3.372173052413e+00,4.493983903650e+00,9.178211502893e-02
-3.372161370926e+00,1.499140585092e+00,9.178044876313e-02
-3.371818394015e+00,2.207598144318e+00,9.178027585998e-02
-3.371780180812e+00,5.947112892458e+00,9.177747711598e-02
-3.371682372372e+00,7.766107636702e+00,8.853820958642e-02
-3.371674599427e+00,9.785808219730e+00,4.980221145440e-02
-3.371672337374e+00,5.659829345361e+00,9.177817294110e-02
-3.371620115487e+00,1.144911805478e+00,9.177936578582e-02
-3.371611111679e+00,7.647166085661e+00,8.894207542420e-02
-3.371486168873e+00,6.520355060546e+00,9.147715874292e-02
-3.371256623063e+00,4.847971794551e+00,9.177994904694e-02
-3.370954098302e+00,7.885866290131e+00,8.809172454775e-02
-3.370934161665e+00,2.561826923931e+00,9.177901984703e-02
-3.370808465695e+00,3.560108030119e+00,9.177936297379e-02
-3.370777366188e+00,3.882134193405e+00,9.177948915500e-02
-3.370746408099e+00,7.529056265932e+00,8.930870584071e-02
-3.370407599205e+00,3.238081866832e+00,9.177852779680e-02
-3.370314300684e+00,4.204160356692e+00,9.177890642832e-02
-3.370163884835e+00,5.049931451943e+00,9.177756860038e-02
-3.370020750549e+00,5.334612201466e+00,9.177648641007e-02
-3.369710638123e+00,5.868295254055e+00,9.177430869544e-02
-3.369707627003e+00,8.978595413193e+00,8.005157673153e-02
-3.369649069896e+00,5.457950773364e+00,9.177547582970e-02
-3.369646466938e+00,1.885571981034e+00,9.177653321912e-02
-3.369601972395e+00,1.531343201421e+00,9.177626499931e-02
-3.369574766718e+00,2.916055703545e+00,9.177698304201e-02
-3.369420288128e+00,8.006427378409e+00,8.759539309206e-02
-3.369419269184e+00,4.526186519978e+00,9.177761438774e-02
-3.369285049566e+00,7.090702517357e+00,9.042440019805e-02
-3.369267330022e+00,6.605194184430e+00,9.134311895385e-02
-3.369215798884e+00,2.239800760647e+00,9.177602089439e-02
-3.369211986181e+00,6.889118262460e+00,9.083834639349e-02
-3.369094443872e+00,7.411792767268e+00,8.964296973776e-02
-3.369082315256e+00,1.177114421807e+00,9.177521602927e-02
-3.368826091436e+00,5.214178299913e+00,9.177484696339e-02
-3.368810214749e+00,4.616770904791e+00,9.177661849448e-02
-3.368730654093e+00,8.399582884054e+00,8.550930926546e-02
-3.368532282045e+00,8.827244353710e+00,8.191323863507e-02
-3.368422570940e+00,4.892117427871e+00,9.177517729061e-02
-3.368309968234e+00,2.594029540260e+00,9.177472763221e-02
-3.368119477365e+00,3.592310646447e+00,9.177496475830e-02
-3.368066779558e+00,3.914336809734e+00,9.177505562759e-02
-3.367740209174e+00,3.270284483160e+00,9.177416388206e-02
-3.367687229874e+00,9.921107081768e+00,3.083913938037e-02
-3.367670189814e+00,5.584126207626e+00,9.177183069195e-02
-3.367582115754e+00,4.236362973021e+00,9.177443655329e-02
-3.367399045827e+00,9.357771985155e+00,7.265713908759e-02
-3.367379892213e+00,4.657500166803e+00,9.177416492330e-02
-3.367229753750e+00,9.492390989440e+00,6.825751471946e-02
-3.367130020533e+00,5.790277558365e+00,9.177029852524e-02
-3.367075031226e+00,8.127776195931e+00,8.703918114114e-02
-3.367065470107e+00,1.917774597362e+00,9.177230855873e-02
-3.367042573864e+00,1.563545817749e+00,9.177207549654e-02
-3.366928974988e+00,2.948258319874e+00,9.177265244023e-02
-3.366692768100e+00,8.674814760932e+00,8.342677759883e-02
-3.366665485954e+00,4.558389136307e+00,9.177310710363e-02
-3.366661491303e+00,7.295390139762e+00,8.994936914855e-02
-3.366613203754e+00,2.272003376975e+00,9.177175999288e-02
-3.366544515025e+00,1.209317038136e+00,9.177106062741e-02
-3.366488450057e+00,6.690738221541e+00,9.120213787020e-02
-3.366338515494e+00,9.223383439001e+00,7.591589035392e-02
-3.366106788922e+00,5.096716359581e+00,9.177071511641e-02
-3.365828421058e+00,9.627231631402e+00,6.199535801345e-02
-3.365691491692e+00,4.698893247386e+00,9.177128493151e-02
-3.365685774804e+00,2.626232156588e+00,9.177042937789e-02
-3.365430489034e+00,3.624513262776e+00,9.177056020094e-02
-3.365356192928e+00,3.946539426062e+00,9.177061565593e-02
-3.365306959812e+00,4.936893400077e+00,9.176988492423e-02
-3.365072819144e+00,3.302487099489e+00,9.176979372460e-02
-3.364849930825e+00,4.268565589349e+00,9.176996012828e-02
-3.364635417612e+00,6.976841561413e+00,9.066950010510e-02
-3.364484473276e+00,1.949977213691e+00,9.176807804918e-02
-3.364483175333e+00,1.595748434078e+00,9.176788024178e-02
-3.364283183257e+00,2.980460936202e+00,9.176831569181e-02
-3.364274836171e+00,5.384647921485e+00,9.176682225055e-02
-3.364259869098e+00,6.245889555308e+00,9.176417164883e-02
-3.364208814963e+00,6.164115012925e+00,9.176439675743e-02
-3.364050437798e+00,9.089234154930e+00,7.842534041774e-02
-3.364044093284e+00,5.713070188962e+00,9.176547370169e-02
-3.364010608623e+00,2.304205993303e+00,9.176749314172e-02
-3.364006714794e+00,1.241519654464e+00,9.176689956755e-02
-3.363912507971e+00,8.249897999521e+00,8.641332777882e-02
-3.363911702724e+00,4.590591752636e+00,9.176859316038e-02
-3.363821999013e+00,8.523319804534e+00,8.466875589990e-02
-3.363784485267e+00,5.262905700850e+00,9.176640080023e-02
-3.363772633486e+00,6.328412741712e+00,9.176314475033e-02
-3.363740386991e+00,4.740943724296e+00,9.176790394435e-02
-3.363624917801e+00,6.083099671661e+00,9.176361999850e-02
-3.363453912464e+00,7.179862893352e+00,9.023109958994e-02
-3.363192886394e+00,9.762285074472e+00,5.237817927600e-02
-3.363179722977e+00,5.509263202138e+00,9.176463580389e-02
-3.363144416614e+00,6.776976444704e+00,9.105366074286e-02
-3.363061581373e+00,2.658434772916e+00,9.176612507000e-02
-3.362741726754e+00,6.411673980863e+00,9.165016522699e-02
-3.362741500704e+00,3.656715879105e+00,9.176614928655e-02
-3.362645606298e+00,3.978742042391e+00,9.176616922449e-02
-3.362513689476e+00,6.002854054053e+00,9.176208240229e-02
-3.362414272062e+00,7.739888428603e+00,8.864615987698e-02
-3.362405429114e+00,3.334689715818e+00,9.176541730965e-02
-3.362251781168e+00,7.621067604760e+00,8.904035486082e-02
-3.362117745895e+00,4.300768205678e+00,9.176547713740e-02
-3.361923776802e+00,1.627951050406e+00,9.176367922195e-02
-3.361905370043e+00,4.982293144494e+00,9.176419577672e-02
-3.361903476445e+00,1.982179830019e+00,9.176384167706e-02
-3.361777787978e+00,7.859527549333e+00,8.821087888899e-02
-3.361749969795e+00,5.144104077608e+00,9.176344508673e-02
-3.361637391527e+00,3.012663552531e+00,9.176397278230e-02
-3.361521991881e+00,4.783645146638e+00,9.176412937463e-02
-3.361468914562e+00,1.273722270792e+00,9.176273283690e-02
-3.361408013492e+00,2.336408609632e+00,9.176322032716e-02
-3.361296412731e+00,7.503079704108e+00,8.939837920595e-02
-3.361161833141e+00,6.495662647646e+00,9.152481930598e-02
-3.360911130990e+00,8.953338319448e+00,8.044066380220e-02
-3.360880706886e+00,5.923388647650e+00,9.175957799438e-02
-3.360458685831e+00,5.636683492953e+00,9.175975647852e-02
-3.360437387943e+00,2.690637389245e+00,9.176181469441e-02
-3.360336322003e+00,7.979970302008e+00,8.772782864512e-02
-3.360052512374e+00,3.688918495433e+00,9.176173199994e-02
-3.360013706011e+00,8.800102544752e+00,8.224274385339e-02
-3.359935019668e+00,4.010944658720e+00,9.176171631771e-02
-3.359926989928e+00,8.372778008978e+00,8.570414873839e-02
-3.359738039084e+00,3.366892332146e+00,9.176103462236e-02
-3.359554354539e+00,7.385939313752e+00,8.972535161065e-02
-3.359478158980e+00,7.065225497290e+00,9.049076644159e-02
-3.359385560965e+00,4.332970822006e+00,9.176098756470e-02
-3.359364378271e+00,1.660153666735e+00,9.175947242393e-02
-3.359322479615e+00,2.014382446348e+00,9.175959942893e-02
-3.359321045349e+00,9.897542466309e+00,3.573842428867e-02
-3.359230183698e+00,6.863898094486e+00,9.089703211978e-02
-3.359031760263e+00,4.826991035094e+00,9.175991326494e-02
-3.359027702662e+00,6.580368083516e+00,9.139301087584e-02
-3.358991599796e+00,3.044866168860e+00,9.175962369720e-02
-3.358931114331e+00,1.305924887121e+00,9.175856042268e-02
-3.358805418362e+00,2.368611225960e+00,9.175894153541e-02
-3.358731611729e+00,5.844713904648e+00,9.175632827200e-02
-3.358571988317e+00,9.334376636964e+00,7.338439924826e-02
-3.358517601468e+00,9.468952478833e+00,6.925637690920e-02
-3.358429813684e+00,5.312214689446e+00,9.175740503769e-02
-3.358213422779e+00,5.028310067009e+00,9.175790782428e-02
-3.358206952254e+00,5.435250567696e+00,9.175667974783e-02
-3.358083957925e+00,8.101201983590e+00,8.718730809644e-02
-3.358078640277e+00,8.647784051960e+00,8.369594823366e-02
-3.357813194512e+00,2.722840005573e+00,9.175749823697e-02
-3.357396766016e+00,9.200031815240e+00,7.646867973787e-02
-3.357363524044e+00,3.721121111762e+00,9.175730832587e-02
-3.357231384520e+00,9.603750521432e+00,6.345106815891e-02
-3.357224433038e+00,4.043147275048e+00,9.175725691997e-02
-3.357089177076e+00,5.192087927582e+00,9.175554672332e-02
-3.357070649053e+00,3.399094948475e+00,9.175664564785e-02
-3.357031884432e+00,7.269660981112e+00,9.002534090143e-02
-3.356804979740e+00,1.692356283063e+00,9.175525983458e-02
-3.356741482784e+00,2.046585062676e+00,9.175535129128e-02
-3.356653376035e+00,4.365173438335e+00,9.175649139418e-02
-3.356393314100e+00,1.338127503450e+00,9.175438231206e-02
-3.356379691565e+00,5.561127780642e+00,9.175328215653e-02
-3.356345808066e+00,3.077068785189e+00,9.175526842197e-02
-3.356334151321e+00,6.665779596862e+00,9.125439256444e-02
-3.356265186339e+00,4.870974882162e+00,9.175516579066e-02
-3.356202823231e+00,2.400813842289e+00,9.175465675261e-02
-3.356072110188e+00,5.766840241581e+00,9.175210505586e-02
-3.355189001081e+00,2.755042621902e+00,9.175317568347e-02
-3.355112839932e+00,8.496401407670e+00,8.489270949371e-02
-3.355014870527e+00,8.223207853449e+00,8.657988771587e-02
-3.354994212358e+00,9.065926816561e+00,7.885946050240e-02
-3.354892730953e+00,4.637177324402e+00,9.175364131969e-02
-3.354740771856e+00,6.951492379588e+00,9.073128820282e-02
-3.354711173361e+00,9.738761929213e+00,5.469253053930e-02
-3.354674535714e+00,3.753323728090e+00,9.175287824906e-02
-3.354513846408e+00,4.075349891377e+00,9.175279101563e-02
-3.354403259023e+00,3.431297564804e+00,9.175225037120e-02
-3.354248384898e+00,1.406250045003e-01,9.178521268677e-02
-3.354248384898e+00,2.031250065004e-01,9.177471422981e-02
-3.354248384898e+00,3.281250105004e-01,9.175934296906e-02
-3.354248384898e+00,4.218750135002e-01,9.175282204833e-02
-3.354248384898e+00,5.156250165000e-01,9.175064360416e-02
-3.354248384898e+00,7.656250245002e-01,9.175064360416e-02
-3.354248384898e+00,8.906250285001e-01,9.175064360416e-02
-3.354248384898e+00,1.562500050003e-02,9.181168523220e-02
-3.354248384898e+00,4.687500150008e-02,9.180439373602e-02
-3.354248384898e+00,7.812500250013e-02,9.179754799333e-02
-3.354248384898e+00,1.093750035002e-01,9.179115280535e-02
-3.354248384898e+00,1.718750055004e-01,9.177973185665e-02
-3.354248384898e+00,2.343750075005e-01,9.177016340880e-02
-3.354248384898e+00,2.656250085005e-01,9.176608267636e-02
-3.354248384898e+00,2.968750095005e-01,9.176247498867e-02
-3.354248384898e+00,3.593750115004e-01,9.175668890251e-02
-3.354248384898e+00,3.906250125003e-01,9.175451473079e-02
-3.354248384898e+00,4.531250145001e-01,9.175161209879e-02
-3.354248384898e+00,4.843750155000e-01,9.175088577243e-02
-3.354248384898e+00,5.468750175000e-01,9.175064360416e-02
-3.354248384898e+00,5.781250185001e-01,9.175064360416e-02
-3.354248384898e+00,6.093750195001e-01,9.175064360416e-02
-3.354248384898e+00,6.718750215002e-01,9.175064360416e-02
-3.354248384898e+00,7.031250225002e-01,9.175064360416e-02
-3.354248384898e+00,7.343750235002e-01,9.175064360416e-02
-3.354248384898e+00,7.968750255001e-01,9.175064360416e-02
-3.354248384898e+00,8.281250265001e-01,9.175064360416e-02
-3.354248384898e+00,8.593750275001e-01,9.175064360416e-02
-3.354248384898e+00,9.218750295001e-01,9.175064360416e-02
-3.354248384898e+00,9.531250305001e-01,9.175064360416e-02
-3.354248384898e+00,9.843750315000e-01,9.175064360416e-02
-3.354248384898e+00,6.406250205001e-01,9.175064360416e-02
-3.354245581209e+00,1.724558899392e+00,9.175104144069e-02
-3.354226780109e+00,5.074937546302e+00,9.175120181664e-02
-3.354210850365e+00,1.003299493923e+01,6.608629167380e-06
-3.354160485953e+00,2.078787679004e+00,9.175109725059e-02
-3.353921191105e+00,4.397376054664e+00,9.175198860978e-02
-3.353855513869e+00,1.370330119778e+00,9.175019849216e-02
-3.353735370005e+00,7.154259213426e+00,9.030125608987e-02
-3.353700016335e+00,3.109271401517e+00,9.175090694205e-02
-3.353685183864e+00,6.221605162797e+00,9.174677890212e-02
-3.353600228100e+00,2.433016458617e+00,9.175036596490e-02
-3.353551956403e+00,6.139968936148e+00,9.174680035736e-02
-3.353280763419e+00,6.303991185955e+00,9.174583442000e-02
-3.353268752874e+00,4.678404317034e+00,9.175079611667e-02
-3.353217804777e+00,4.915590152382e+00,9.175001965252e-02
-3.353146171753e+00,7.713669220504e+00,8.875156230280e-02
-3.353076061318e+00,6.751886463387e+00,9.110846884676e-02
-3.352990283932e+00,1.016101340164e+00,9.174856775491e-02
-3.352907972797e+00,5.689778038895e+00,9.174713010581e-02
-3.352892450657e+00,7.594969123860e+00,8.913642282419e-02
-3.352886533120e+00,6.059093060102e+00,9.174594028585e-02
-3.352757956293e+00,5.362098505234e+00,9.174788776694e-02
-3.352601477655e+00,7.833188808535e+00,8.832707842280e-02
-3.352564807651e+00,2.787245238230e+00,9.174884701967e-02
-3.352488621622e+00,8.926086625037e+00,8.083653140342e-02
-3.352333308318e+00,6.387116417324e+00,9.169509452810e-02
-3.352120201850e+00,5.240661204577e+00,9.174721644704e-02
-3.351985547384e+00,3.785526344419e+00,9.174844175417e-02
-3.351846417363e+00,7.477103142285e+00,8.948613532103e-02
-3.351813067618e+00,5.486413325143e+00,9.174592265344e-02
-3.351803259778e+00,4.107552507706e+00,9.174831858897e-02
-3.351735868993e+00,3.463500181132e+00,9.174784877742e-02
-3.351694431227e+00,5.978988054168e+00,9.174421845645e-02
-3.351686182678e+00,1.756761515720e+00,9.174681722904e-02
-3.351579489122e+00,2.110990295333e+00,9.174683729330e-02
-3.351495129976e+00,8.772960735794e+00,8.255880073880e-02
-3.351382842064e+00,4.720289776066e+00,9.174755756961e-02
-3.351317713638e+00,1.402532736107e+00,9.174600895009e-02
-3.351252355877e+00,7.953513225606e+00,8.785660266875e-02
-3.351189006176e+00,4.429578670992e+00,9.174747919542e-02
-3.351123325764e+00,8.345973133902e+00,8.589282388931e-02
-3.351054224605e+00,3.141474017846e+00,9.174653924280e-02
-3.350997632969e+00,2.465219074946e+00,9.174606915835e-02
-3.350954860823e+00,9.873977850849e+00,3.997164052313e-02
-3.350837497410e+00,6.470970234746e+00,9.157172231510e-02
-3.350474082001e+00,1.048303956493e+00,9.174441183254e-02
-3.350014265206e+00,7.360085860236e+00,8.980604861576e-02
-3.349981232961e+00,5.899664402841e+00,9.174160661143e-02
-3.349941145256e+00,5.122168934065e+00,9.174392184325e-02
-3.349940614220e+00,2.819447854559e+00,9.174451223128e-02
-3.349885190882e+00,4.960830282569e+00,9.174432940826e-02
-3.349805449185e+00,9.445513968227e+00,7.018997186140e-02
-3.349744930806e+00,9.310981288773e+00,7.407074106813e-02
-3.349671268393e+00,7.039748477222e+00,9.055593039635e-02
-3.349464512454e+00,8.620753342990e+00,8.395512985932e-02
-3.349296559054e+00,3.817728960748e+00,9.174399882583e-02
-3.349248381215e+00,6.838677926512e+00,9.095464587050e-02
-3.349245034289e+00,5.613537640545e+00,9.174126642071e-02
-3.349230407297e+00,4.762827254186e+00,9.174388264790e-02
-3.349126784147e+00,1.788964132049e+00,9.174258718635e-02
-3.349092884625e+00,8.074627771250e+00,8.733132773212e-02
-3.349092673148e+00,4.139755124035e+00,9.174383962423e-02
-3.349068478962e+00,3.495702797461e+00,9.174344085151e-02
-3.348998492291e+00,2.143192911661e+00,9.174257140578e-02
-3.348788075304e+00,6.555541982601e+00,9.144214158649e-02
-3.348779913406e+00,1.434735352435e+00,9.174181367289e-02
-3.348634347982e+00,9.580269411461e+00,6.479329469243e-02
-3.348456821246e+00,4.461781287321e+00,9.174296313495e-02
-3.348455016538e+00,9.176680191478e+00,7.699415096774e-02
-3.348408432874e+00,3.173676634174e+00,9.174216530956e-02
-3.348395037839e+00,2.497421691274e+00,9.174176631899e-02
-3.347957880069e+00,1.080506572821e+00,9.174025026781e-02
-3.347752585336e+00,5.821132555242e+00,9.173814639724e-02
-3.347402277561e+00,7.243931822461e+00,9.009982470912e-02
-3.347316420790e+00,2.851650470888e+00,9.174017130398e-02
-3.346838876819e+00,5.289817177425e+00,9.173824853138e-02
-3.346806897464e+00,4.806010275638e+00,9.173968135999e-02
-3.346764834613e+00,5.412550362028e+00,9.173774573563e-02
-3.346607570724e+00,3.849931577077e+00,9.173954944859e-02
-3.346567385616e+00,1.821166748377e+00,9.173835129933e-02
-3.346417495460e+00,2.175395527990e+00,9.173829957440e-02
-3.346403680852e+00,8.469483010806e+00,8.510904706926e-02
-3.346401088932e+00,3.527905413790e+00,9.173902657841e-02
-3.346382086518e+00,4.171957740363e+00,9.173935410560e-02
-3.346262960723e+00,5.006688682075e+00,9.173817221236e-02
-3.346242113175e+00,1.466937968764e+00,9.173761264760e-02
-3.346229460329e+00,9.715238783954e+00,5.678313980349e-02
-3.346179852584e+00,6.640820972182e+00,9.130582675135e-02
-3.346117233083e+00,8.196517707378e+00,8.674155837318e-02
-3.345960396585e+00,1.000938941965e+01,1.008984282678e-02
-3.345937986919e+00,9.042619478191e+00,7.927444792756e-02
-3.345792442708e+00,2.529624307603e+00,9.173745743282e-02
-3.345762641144e+00,3.205879250503e+00,9.173778512761e-02
-3.345724636316e+00,4.493983903650e+00,9.173844041217e-02
-3.345441678138e+00,1.112709189150e+00,9.173608304806e-02
-3.345352262716e+00,5.169997555251e+00,9.173617184245e-02
-3.345089193316e+00,5.538129353658e+00,9.173457297921e-02
-3.345014199843e+00,5.743402924798e+00,9.173383849848e-02
-3.344846126100e+00,6.926143197763e+00,9.079200129155e-02
-3.344692227359e+00,2.883853087216e+00,9.173582422338e-02
-3.344107801738e+00,4.849832336453e+00,9.173508006800e-02
-3.344066112253e+00,8.898834930625e+00,8.121279707838e-02
-3.344016827546e+00,7.128655533499e+00,9.037010146876e-02
-3.344007987085e+00,1.853369364706e+00,9.173410955461e-02
-3.343918582394e+00,3.882134193405e+00,9.173509360700e-02
-3.343878071444e+00,7.687450012405e+00,8.885450594025e-02
-3.343836498629e+00,2.207598144318e+00,9.173402178545e-02
-3.343733698902e+00,3.560108030119e+00,9.173460594299e-02
-3.343704312944e+00,1.499140585092e+00,9.173340586119e-02
-3.343671499888e+00,4.204160356692e+00,9.173486201724e-02
-3.343533120146e+00,7.568870642960e+00,8.923014315257e-02
-3.343425167332e+00,7.806850067737e+00,8.844043114564e-02
-3.343189847577e+00,2.561826923931e+00,9.173314248581e-02
-3.343116849414e+00,3.238081866832e+00,9.173339868220e-02
-3.343110498630e+00,6.197320770286e+00,9.172929261056e-02
-3.343007706022e+00,6.726796482070e+00,9.116239098329e-02
-3.342992451386e+00,4.526186519978e+00,9.173391101084e-02
-3.342976553942e+00,8.745818926836e+00,8.286220388647e-02
-3.342925476207e+00,1.144911805478e+00,9.173191016058e-02
-3.342895097843e+00,6.115822859371e+00,9.172913208407e-02
-3.342788893352e+00,6.279569630197e+00,9.172845354815e-02
-3.342588676298e+00,9.850413235390e+00,4.366587497428e-02
-3.342405569692e+00,4.616854482001e+00,9.173293756344e-02
-3.342396421995e+00,7.451126580461e+00,8.957203543745e-02
-3.342346771296e+00,5.053158733023e+00,9.173152000384e-02
-3.342319661600e+00,8.319168258826e+00,8.607561852991e-02
-3.342168389752e+00,7.927056149204e+00,8.798205722958e-02
-3.342148148439e+00,6.035086448543e+00,9.172818921434e-02
-3.342068033928e+00,2.916055703545e+00,9.173147097507e-02
-3.341924889883e+00,6.362558853786e+00,9.172677082931e-02
-3.341771852310e+00,5.666485888829e+00,9.172864661598e-02
-3.341448588554e+00,1.885571981034e+00,9.172986193882e-02
-3.341255501798e+00,2.239800760647e+00,9.172973802522e-02
-3.341241076415e+00,5.339549088982e+00,9.172879689100e-02
-3.341229594063e+00,3.914336809734e+00,9.173063128553e-02
-3.341166512713e+00,1.531343201421e+00,9.172919330061e-02
-3.341128649743e+00,4.894286904686e+00,9.172997569529e-02
-3.341093296903e+00,9.422075457620e+00,7.106447344128e-02
-3.341066308872e+00,3.592310646447e+00,9.173017893011e-02
-3.340960913258e+00,4.236362973021e+00,9.173036334325e-02
-3.340917873295e+00,9.287585940582e+00,7.471950887377e-02
-3.340875172979e+00,5.955122054283e+00,9.172625739164e-02
-3.340850384632e+00,8.593722634018e+00,8.420486101400e-02
-3.340846014057e+00,4.657915386681e+00,9.173023407492e-02
-3.340587252446e+00,2.594029540260e+00,9.172882146385e-02
-3.340513161678e+00,6.446277821847e+00,9.161793895987e-02
-3.340474175873e+00,7.334232406720e+00,8.988511259144e-02
-3.340471057683e+00,3.270284483160e+00,9.172900595853e-02
-3.340455918434e+00,5.218416708304e+00,9.172783598082e-02
-3.340446412259e+00,5.463563448147e+00,9.172711083506e-02
-3.340409274275e+00,1.177114421807e+00,9.172773159265e-02
-3.340260266456e+00,4.558389136307e+00,9.172937491465e-02
-3.340101811325e+00,8.048053558909e+00,8.747140706267e-02
-3.340037311444e+00,9.556788301491e+00,6.603477922142e-02
-3.339864377807e+00,7.014271457155e+00,9.061992545306e-02
-3.339513267060e+00,9.153328567717e+00,7.749426984668e-02
-3.339443840498e+00,2.948258319874e+00,9.172711154460e-02
-3.339266578732e+00,6.813457758537e+00,9.101126000088e-02
-3.339081759035e+00,5.875940158033e+00,9.172356285050e-02
-3.339025297137e+00,4.699635827836e+00,9.172708455437e-02
-3.338889190023e+00,1.917774597362e+00,9.172560843853e-02
-3.338674504967e+00,2.272003376975e+00,9.172544827993e-02
-3.338628712482e+00,1.563545817749e+00,9.172497495277e-02
-3.338548447945e+00,6.530715881686e+00,9.149052959150e-02
-3.338540605733e+00,3.946539426062e+00,9.172616246860e-02
-3.338398918841e+00,3.624513262776e+00,9.172574552457e-02
-3.338250326628e+00,4.268565589349e+00,9.172585806766e-02
-3.338132320716e+00,5.100233790522e+00,9.172432287555e-02
-3.338031382747e+00,5.590391788137e+00,9.172269073753e-02
-3.337984657316e+00,2.626232156588e+00,9.172449435282e-02
-3.337893072344e+00,1.209317038136e+00,9.172354733149e-02
-3.337865011721e+00,4.939367420643e+00,9.172437031816e-02
-3.337825265953e+00,3.302487099489e+00,9.172460694176e-02
-3.337772670690e+00,7.218202663811e+00,9.017284176094e-02
-3.337747747296e+00,9.691715638695e+00,5.868090774187e-02
-3.337709942806e+00,9.985783900075e+00,1.829706642587e-02
-3.337694521771e+00,8.442564613942e+00,8.531805266077e-02
-3.337528081527e+00,4.590591752636e+00,9.172483210725e-02
-3.337219595640e+00,8.169827561306e+00,8.689854948132e-02
-3.336938822713e+00,4.742009361735e+00,9.172343001296e-02
-3.336881761479e+00,9.019312139822e+00,7.967153267242e-02
-3.336819647067e+00,2.980460936202e+00,9.172274591746e-02
-3.336773558942e+00,5.797551205835e+00,9.171988821626e-02
-3.336329791492e+00,1.949977213691e+00,9.172134904027e-02
-3.336093508137e+00,2.304205993303e+00,9.172115253577e-02
-3.336090912250e+00,1.595748434078e+00,9.172075080453e-02
-3.336025553848e+00,6.615862347502e+00,9.135646080206e-02
-3.335851617403e+00,3.978742042391e+00,9.172168714061e-02
-3.335731528811e+00,3.656715879105e+00,9.172130571112e-02
-3.335643602884e+00,8.871583236213e+00,8.157271623042e-02
-3.335539739998e+00,4.300768205678e+00,9.172134617448e-02
-3.335382062185e+00,2.658434772916e+00,9.172016113855e-02
-3.335376870412e+00,1.241519654464e+00,9.171935736430e-02
-3.335322716972e+00,5.389850156359e+00,9.171873646155e-02
-3.335247939954e+00,5.267419665405e+00,9.171901695542e-02
-3.335179474222e+00,3.334689715818e+00,9.172020161699e-02
-3.334951480344e+00,6.900794015938e+00,9.085166830009e-02
-3.334609971134e+00,7.661230804306e+00,8.895507586688e-02
-3.334582034665e+00,4.785029516181e+00,9.171937470980e-02
-3.334457977908e+00,8.718677117879e+00,8.315368726029e-02
-3.334312498666e+00,4.985067297142e+00,9.171833562832e-02
-3.334298285087e+00,7.103051853574e+00,9.043767305724e-02
-3.334248857008e+00,7.780511326939e+00,8.855103998097e-02
-3.334222491773e+00,9.826848619931e+00,4.691781730235e-02
-3.334195453637e+00,3.012663552531e+00,9.171837407912e-02
-3.334173789635e+00,7.542772162060e+00,8.932178912600e-02
-3.333956289498e+00,5.719965608014e+00,9.171545548575e-02
-3.333798695068e+00,5.515130926674e+00,9.171578866250e-02
-3.333770392961e+00,1.982179830019e+00,9.171708373055e-02
-3.333615348356e+00,5.147907182919e+00,9.171664284590e-02
-3.333553112019e+00,1.627951050406e+00,9.171652084272e-02
-3.333515997436e+00,8.292363383750e+00,8.625279959954e-02
-3.333512511306e+00,2.336408609632e+00,9.171685077890e-02
-3.333162629073e+00,4.010944658720e+00,9.171720528588e-02
-3.333084423626e+00,7.900599072802e+00,8.810431800647e-02
-3.333064138781e+00,3.688918495433e+00,9.171685947447e-02
-3.332946426627e+00,7.425150018638e+00,8.965613830947e-02
-3.332939350726e+00,6.701706500753e+00,9.121544962760e-02
-3.332860668481e+00,1.273722270792e+00,9.171516167821e-02
-3.332829153368e+00,4.332970822006e+00,9.171682764767e-02
-3.332779467054e+00,2.690637389245e+00,9.171582180683e-02
-3.332535813396e+00,6.173036377774e+00,9.171163647607e-02
-3.332533682492e+00,3.366892332146e+00,9.171578996929e-02
-3.332381144621e+00,9.398636947014e+00,7.188530087835e-02
-3.332297023285e+00,6.255148074440e+00,9.171100194865e-02
-3.332238239284e+00,6.091676782594e+00,9.171139176983e-02
-3.332236256809e+00,8.566691925048e+00,8.444564263686e-02
-3.332090815784e+00,9.264190592391e+00,7.533369240650e-02
-3.331950417136e+00,4.828689790744e+00,9.171484328513e-02
-3.331571260206e+00,3.044866168860e+00,9.171399601497e-02
-3.331516471447e+00,6.338001290248e+00,9.170940219601e-02
-3.331440274905e+00,9.533307191520e+00,6.718642501120e-02
-3.331409763757e+00,6.011079836985e+00,9.171025942733e-02
-3.331210994430e+00,2.014382446348e+00,9.171281249582e-02
-3.331110738025e+00,8.021479346568e+00,8.760770432879e-02
-3.331015311788e+00,1.660153666735e+00,9.171228505415e-02
-3.330934086540e+00,7.308378953204e+00,8.996259334352e-02
-3.330931514475e+00,2.368611225960e+00,9.171254299541e-02
-3.330635731823e+00,5.643193738762e+00,9.171008837673e-02
-3.330571517582e+00,9.129976943956e+00,7.797081815411e-02
-3.330473640743e+00,4.043147275048e+00,9.171271688871e-02
-3.330466762483e+00,5.031379919744e+00,9.171169541054e-02
-3.330396748751e+00,3.721121111762e+00,9.171240679928e-02
-3.330344466550e+00,1.305924887121e+00,9.171096026037e-02
-3.330188825947e+00,6.421585408947e+00,9.166348538848e-02
-3.330176871923e+00,2.722840005573e+00,9.171147634341e-02
-3.330118566738e+00,4.365173438335e+00,9.171230247111e-02
-3.330057487220e+00,6.988794437088e+00,9.068278382942e-02
-3.330055914731e+00,5.931256054399e+00,9.170822313655e-02
-3.329887890761e+00,3.399094948475e+00,9.171137198368e-02
-3.329724196538e+00,5.316999672730e+00,9.170956323907e-02
-3.329459489027e+00,9.962178380499e+00,2.510343291862e-02
-3.329284776249e+00,6.788237590563e+00,9.106694058819e-02
-3.329266034264e+00,9.668192493437e+00,6.041129565221e-02
-3.329079756900e+00,5.440713571151e+00,9.170810363495e-02
-3.329039494708e+00,4.872983656991e+00,9.170979213657e-02
-3.328985362691e+00,8.415646217078e+00,8.551959188827e-02
-3.328947066776e+00,3.077068785189e+00,9.170961171038e-02
-3.328791635018e+00,5.196172212031e+00,9.170837921464e-02
-3.328651595899e+00,2.046585062676e+00,9.170853532250e-02
-3.328477511557e+00,1.692356283063e+00,9.170804342557e-02
-3.328423275240e+00,4.637426456329e+00,9.170951919812e-02
-3.328350517644e+00,2.400813842289e+00,9.170822917137e-02
-3.328321958196e+00,8.143137415235e+00,8.705105914647e-02
-3.328308820586e+00,6.505889780772e+00,9.153810999573e-02
-3.328182285109e+00,5.852215913225e+00,9.170532839123e-02
-3.328143063819e+00,7.192473505160e+00,9.024431964333e-02
-3.327828264618e+00,1.338127503450e+00,9.170675309783e-02
-3.327825536040e+00,8.996004801453e+00,8.005164528965e-02
-3.327784652413e+00,4.075349891377e+00,9.170822193333e-02
-3.327729358720e+00,3.753323728090e+00,9.170794767016e-02
-3.327574276793e+00,2.755042621902e+00,9.170712473398e-02
-3.327407980109e+00,4.397376054664e+00,9.170777062866e-02
-3.327242099031e+00,3.431297564804e+00,9.170694764515e-02
-3.327221093515e+00,8.844331541802e+00,8.191731436908e-02
-3.326817731205e+00,5.567245935729e+00,9.170391164078e-02
-3.326667752210e+00,4.678981879606e+00,9.170641115793e-02
-3.326323496177e+00,5.078298646978e+00,9.170464833781e-02
-3.326322873345e+00,3.109271401517e+00,9.170522115069e-02
-3.326092197368e+00,2.078787679004e+00,9.170425219697e-02
-3.325939711325e+00,1.724558899391e+00,9.170379594369e-02
-3.325939401873e+00,8.691535308921e+00,8.343392980639e-02
-3.325871255112e+00,6.590903722823e+00,9.140631445271e-02
-3.325856307247e+00,9.803284004472e+00,4.980233536562e-02
-3.325844832560e+00,4.917904558718e+00,9.170433580475e-02
-3.325794532548e+00,5.773969856429e+00,9.170155590246e-02
-3.325769520813e+00,2.433016458617e+00,9.170390929282e-02
-3.325456553268e+00,1.718750055004e-01,9.173237429193e-02
-3.325456553268e+00,3.281250105004e-01,9.171148739759e-02
-3.325456553268e+00,7.031250225002e-01,9.170257433656e-02
-3.325456553268e+00,7.343750235002e-01,9.170257433656e-02
-3.325456553268e+00,7.656250245002e-01,9.170257433656e-02
-3.325456553268e+00,8.281250265001e-01,9.170257433656e-02
-3.325456553268e+00,8.593750275001e-01,9.170257433656e-02
-3.325456553268e+00,1.406250045003e-01,9.173798831677e-02
-3.325456553268e+00,2.031250065004e-01,9.172723447594e-02
-3.325456553268e+00,2.343750075005e-01,9.172257262558e-02
-3.325456553268e+00,2.656250085005e-01,9.171839216459e-02
-3.325456553268e+00,2.968750095005e-01,9.171469617641e-02
-3.325456553268e+00,3.593750115004e-01,9.170876821193e-02
-3.325456553268e+00,4.218750135002e-01,9.170480636135e-02
-3.325456553268e+00,4.531250145001e-01,9.170356665773e-02
-3.325456553268e+00,7.968750255001e-01,9.170257433656e-02
-3.325456553268e+00,8.906250285001e-01,9.170257433656e-02
-3.325456553268e+00,1.562500050003e-02,9.176510017306e-02
-3.325456553268e+00,4.687500150008e-02,9.175763325158e-02
-3.325456553268e+00,7.812500250013e-02,9.175062234882e-02
-3.325456553268e+00,1.093750035002e-01,9.174407246857e-02
-3.325456553268e+00,3.906250125003e-01,9.170654064531e-02
-3.325456553268e+00,4.843750155000e-01,9.170282246340e-02
-3.325456553268e+00,5.156250165000e-01,9.170257433656e-02
-3.325456553268e+00,5.468750175000e-01,9.170257433656e-02
-3.325456553268e+00,5.781250185001e-01,9.170257433656e-02
-3.325456553268e+00,6.093750195001e-01,9.170257433656e-02
-3.325456553268e+00,6.718750215002e-01,9.170257433656e-02
-3.325456553268e+00,9.218750295001e-01,9.170257433656e-02
-3.325456553268e+00,9.531250305000e-01,9.170257433656e-02
-3.325456553268e+00,9.843750315000e-01,9.170257433656e-02
-3.325456553268e+00,6.406250205001e-01,9.170257433656e-02
-3.325341870825e+00,7.635011596207e+00,8.905335338147e-02
-3.325312062687e+00,1.370330119778e+00,9.170254017765e-02
-3.325095664083e+00,4.107552507706e+00,9.170372040394e-02
-3.325072546685e+00,7.754172586141e+00,8.865900307082e-02
-3.325061968690e+00,3.785526344419e+00,9.170348207168e-02
-3.325056834588e+00,6.875444834113e+00,9.091031717400e-02
-3.324971681662e+00,2.787245238230e+00,9.170276696421e-02
-3.324814459124e+00,7.516673681160e+00,8.941145127838e-02
-3.324712333272e+00,8.265558508674e+00,8.642461838779e-02
-3.324697393479e+00,4.429578670992e+00,9.170323210412e-02
-3.324647238129e+00,4.721191469283e+00,9.170290222626e-02
-3.324596307301e+00,3.463500181132e+00,9.170251693860e-02
-3.324579742628e+00,7.077448173648e+00,9.050400684010e-02
-3.324209251452e+00,1.016101340164e+00,9.170048392044e-02
-3.324000457501e+00,7.874141996401e+00,8.822350456027e-02
-3.323880599330e+00,5.367149950691e+00,9.169963856532e-02
-3.323698679914e+00,3.141474017846e+00,9.170082432118e-02
-3.323668992338e+00,9.375198436408e+00,7.265723065183e-02
-3.323657003090e+00,5.245022153384e+00,9.169960773407e-02
-3.323622128986e+00,8.539661216077e+00,8.467794126785e-02
-3.323532798837e+00,2.110990295333e+00,9.169996310557e-02
-3.323496431259e+00,7.399173456814e+00,8.973850031859e-02
-3.323401911094e+00,1.756761515720e+00,9.169954259519e-02
-3.323263758274e+00,9.240795244200e+00,7.591597260637e-02
-3.323188523982e+00,2.465219074946e+00,9.169958334574e-02
-3.322898379153e+00,5.696528291231e+00,9.169690474001e-02
-3.322870995430e+00,6.676616519437e+00,9.126766653848e-02
-3.322843238367e+00,9.509826081549e+00,6.825761699116e-02
-3.322795860756e+00,1.402532736107e+00,9.169832148683e-02
-3.322508196819e+00,5.492132499690e+00,9.169692917902e-02
-3.322406675753e+00,4.139755124035e+00,9.169921228468e-02
-3.322394578660e+00,3.817728960748e+00,9.169900998836e-02
-3.322369086531e+00,2.819447854559e+00,9.169840301971e-02
-3.322362036610e+00,4.963445912208e+00,9.169828399650e-02
-3.322357171865e+00,4.764048756725e+00,9.169892963628e-02
-3.322119664725e+00,7.994905134228e+00,8.774015465844e-02
-3.321986806849e+00,4.461781287321e+00,9.169868688125e-02
-3.321961128162e+00,6.148751985263e+00,9.169390767323e-02
-3.321950515570e+00,3.495702797461e+00,9.169807984895e-02
-3.321878433996e+00,5.125816810588e+00,9.169695905448e-02
-3.321805153219e+00,6.230726518682e+00,9.169343184558e-02
-3.321714647820e+00,1.048303956493e+00,9.169629882826e-02
-3.321629768104e+00,9.106625320194e+00,7.842541468947e-02
-3.321581380724e+00,6.067530705817e+00,9.169357925402e-02
-3.321393997207e+00,7.282525499688e+00,9.003853874274e-02
-3.321209035248e+00,9.938572860923e+00,3.083924750546e-02
-3.321108053011e+00,6.313443726710e+00,9.169196231092e-02
-3.321074486484e+00,3.173676634174e+00,9.169642120707e-02
-3.320973400305e+00,2.143192911661e+00,9.169566803458e-02
-3.320864110863e+00,1.788964132049e+00,9.169528336671e-02
-3.320784321231e+00,9.644669348178e+00,6.199547186786e-02
-3.320671379076e+00,5.987073225426e+00,9.169223582646e-02
-3.320607527151e+00,2.497421691274e+00,9.169525131607e-02
-3.320279658824e+00,1.434735352435e+00,9.169409701235e-02
-3.320276203610e+00,8.388727820214e+00,8.571464416225e-02
-3.320250596634e+00,6.963317417020e+00,9.074453662038e-02
-3.319864490215e+00,6.396892996047e+00,9.168960277948e-02
-3.319793032535e+00,4.807547245035e+00,9.169443447403e-02
-3.319766491400e+00,2.851650470888e+00,9.169403288607e-02
-3.319727188629e+00,3.849931577077e+00,9.169453140468e-02
-3.319717687423e+00,4.171957740363e+00,9.169469755963e-02
-3.319499611336e+00,5.619901588696e+00,9.169145532050e-02
-3.319424320752e+00,8.116447269164e+00,8.719927463827e-02
-3.319304723840e+00,3.527905413790e+00,9.169363636101e-02
-3.319302973766e+00,6.763017422588e+00,9.112171167703e-02
-3.319276220219e+00,4.493983903650e+00,9.169413494374e-02
-3.319236656483e+00,5.907390054514e+00,9.169011555678e-02
-3.319220044189e+00,1.080506572821e+00,9.169210804555e-02
-3.319134456574e+00,8.970670950795e+00,8.044127518766e-02
-3.318798584147e+00,8.817079847390e+00,8.224753412598e-02
-3.318586753670e+00,5.009601106465e+00,9.169179424908e-02
-3.318513456948e+00,7.166744346509e+00,9.031444651642e-02
-3.318450293053e+00,3.205879250503e+00,9.169201179356e-02
-3.318414001774e+00,2.175395527990e+00,9.169136697029e-02
-3.318326310632e+00,1.821166748377e+00,9.169101824486e-02
-3.318207316660e+00,5.294450256478e+00,9.169025298947e-02
-3.318069193227e+00,6.481063679857e+00,9.158497564220e-02
-3.318026530320e+00,2.529624307603e+00,9.169091318972e-02
-3.317763456893e+00,1.466937968764e+00,9.168986674113e-02
-3.317713101541e+00,5.417863694155e+00,9.168901979357e-02
-3.317490122722e+00,9.779719389012e+00,5.237830262004e-02
-3.317420825839e+00,8.664393499963e+00,8.370356046259e-02
-3.317282811183e+00,5.828491668417e+00,9.168700508944e-02
-3.317163896270e+00,2.883853087216e+00,9.168965654880e-02
-3.317127351602e+00,5.173927715758e+00,9.168884624580e-02
-3.317059798599e+00,3.882134193405e+00,9.169004630505e-02
-3.317028699092e+00,4.204160356692e+00,9.169017621286e-02
-3.316950339673e+00,4.851680409296e+00,9.168953243597e-02
-3.316725440557e+00,1.112709189150e+00,9.168791155956e-02
-3.316658932109e+00,3.560108030119e+00,9.168918645958e-02
-3.316565633589e+00,4.526186519978e+00,9.168957627523e-02
-3.316073770516e+00,7.608792388108e+00,8.914940234647e-02
-3.316000536423e+00,4.616937525976e+00,9.168862534370e-02
-3.315908669107e+00,8.238753633598e+00,8.659131165366e-02
-3.315896236362e+00,7.727833845343e+00,8.876441404766e-02
-3.315854603243e+00,2.207598144318e+00,9.168705989889e-02
-3.315826099623e+00,3.238081866832e+00,9.168759606579e-02
-3.315788510401e+00,1.853369364706e+00,9.168674721619e-02
-3.315716956375e+00,6.565945098143e+00,9.145540682834e-02
-3.315604079662e+00,5.544100083321e+00,9.168505615810e-02
-3.315455128613e+00,7.490575200259e+00,8.949919368489e-02
-3.315445533490e+00,2.561826923931e+00,9.168656895254e-02
-3.315247254962e+00,1.499140585092e+00,9.168563066006e-02
-3.315162188832e+00,6.850095652289e+00,9.096785520151e-02
-3.315008001163e+00,8.512630507106e+00,8.490219192940e-02
-3.314956840056e+00,9.351759925802e+00,7.338448904300e-02
-3.314916491375e+00,7.847684919999e+00,8.833973069772e-02
-3.314861200169e+00,7.051844493722e+00,9.056913751537e-02
-3.314815506154e+00,5.750388507022e+00,9.168313022864e-02
-3.314561301139e+00,2.916055703545e+00,9.168527399341e-02
-3.314514671638e+00,5.056363503435e+00,9.168474976937e-02
-3.314436700763e+00,9.217399896008e+00,7.646876048077e-02
-3.314392408569e+00,3.914336809734e+00,9.168555467386e-02
-3.314339710762e+00,4.236362973021e+00,9.168564822834e-02
-3.314310207283e+00,4.658327931376e+00,9.168566233247e-02
-3.314246201829e+00,9.486344971579e+00,6.925647716451e-02
-3.314230836926e+00,1.144911805478e+00,9.168370935751e-02
-3.314046435891e+00,7.373196894991e+00,8.981917559066e-02
-3.314013140379e+00,3.592310646447e+00,9.168473012942e-02
-3.313855046959e+00,4.558389136307e+00,9.168501085934e-02
-3.313824653399e+00,4.896441696793e+00,9.168408385157e-02
-3.313295204712e+00,2.239800760647e+00,9.168274680658e-02
-3.313250710170e+00,1.885571981034e+00,9.168247026724e-02
-3.313201906192e+00,3.270284483160e+00,9.168317400888e-02
-3.313128591424e+00,7.968330921887e+00,8.786897912103e-02
-3.312958581469e+00,9.914967341348e+00,3.573854045065e-02
-3.312864536659e+00,2.594029540260e+00,9.168221859035e-02
-3.312802640135e+00,6.651526538120e+00,9.131906278599e-02
-3.312731053030e+00,1.531343201421e+00,9.168138875601e-02
-3.312688018626e+00,9.083273696433e+00,7.885953349297e-02
-3.312438481689e+00,5.344449745022e+00,9.168032811193e-02
-3.312355653545e+00,4.700373576832e+00,9.168223316175e-02
-3.312302608199e+00,9.621146202919e+00,6.345117995331e-02
-3.312066066225e+00,5.222624641364e+00,9.168006968676e-02
-3.311958706008e+00,2.948258319874e+00,9.168088520534e-02
-3.311853907874e+00,7.256672046172e+00,9.011299481676e-02
-3.311840468808e+00,5.673090974447e+00,9.167827811714e-02
-3.311736233294e+00,1.177114421807e+00,9.167950142656e-02
-3.311725018539e+00,3.946539426062e+00,9.168105649544e-02
-3.311650722432e+00,4.268565589349e+00,9.168111359003e-02
-3.311567044530e+00,8.361809423349e+00,8.590351309537e-02
-3.311386442929e+00,6.124467592752e+00,9.167610601980e-02
-3.311367348648e+00,3.624513262776e+00,9.168026735522e-02
-3.311313283152e+00,6.206304962924e+00,9.167571513884e-02
-3.311217698571e+00,5.469134072706e+00,9.167787852235e-02
-3.311144460329e+00,4.590591752636e+00,9.168043867960e-02
-3.310924522164e+00,6.043384629040e+00,9.167557935164e-02
-3.310808523082e+00,8.943310587848e+00,8.083800945043e-02
-3.310735806181e+00,2.272003376975e+00,9.167842767948e-02
-3.310712909938e+00,1.917774597362e+00,9.167818738447e-02
-3.310699634575e+00,6.288886163171e+00,9.167445097541e-02
-3.310577712761e+00,3.302487099489e+00,9.167874560788e-02
-3.310526683308e+00,8.089757123093e+00,8.734337311503e-02
-3.310443706047e+00,6.937840396953e+00,9.080521384572e-02
-3.310411574553e+00,4.941824527274e+00,9.167815487028e-02
-3.310376074778e+00,8.789828152978e+00,8.256424335186e-02
-3.310283539828e+00,2.626232156588e+00,9.167786208894e-02
-3.310214851099e+00,1.563545817749e+00,9.167714101579e-02
-3.310141519636e+00,5.103726438257e+00,9.167719789670e-02
-3.310132309066e+00,4.743067997268e+00,9.167829502972e-02
-3.309932994395e+00,5.963066613867e+00,9.167413812680e-02
-3.309540154483e+00,6.372200583147e+00,9.167217486734e-02
-3.309356110877e+00,2.980460936202e+00,9.167649016998e-02
-3.309321171283e+00,6.737797254614e+00,9.117559653350e-02
-3.309241629663e+00,1.209317038136e+00,9.167528775387e-02
-3.309123938196e+00,9.756154773553e+00,5.469265278637e-02
-3.309057628508e+00,3.978742042391e+00,9.167655175407e-02
-3.308961734102e+00,4.300768205678e+00,9.167657228183e-02
-3.308902249805e+00,8.637251691006e+00,8.396316263689e-02
-3.308883850077e+00,7.141015187859e+00,9.038326121553e-02
-3.308721556918e+00,3.656715879105e+00,9.167579812163e-02
-3.308417398235e+00,5.883524054630e+00,9.167182475813e-02
-3.308363490849e+00,5.596609438629e+00,9.167263365790e-02
-3.308176407650e+00,2.304205993303e+00,9.167410250369e-02
-3.308175109707e+00,1.949977213691e+00,9.167389855435e-02
-3.307953519331e+00,3.334689715818e+00,9.167431084779e-02
-3.307829565868e+00,6.456237578943e+00,9.163115493016e-02
-3.307702542997e+00,2.658434772916e+00,9.167349943403e-02
-3.307698649167e+00,1.595748434078e+00,9.167288742617e-02
-3.307635647934e+00,4.786404699326e+00,9.167394890218e-02
-3.307187693114e+00,1.005040432738e+01,6.608629178366e-06
-3.307105004943e+00,8.211948758522e+00,8.675310265113e-02
-3.306805670206e+00,7.582573180010e+00,8.924309285254e-02
-3.306753515747e+00,3.012663552531e+00,9.167208887271e-02
-3.306747026031e+00,1.241519654464e+00,9.167106832652e-02
-3.306719926038e+00,7.701495104545e+00,8.886736228811e-02
-3.306706744857e+00,4.987822293186e+00,9.167174520932e-02
-3.306690436782e+00,5.271900840227e+00,9.167084538862e-02
-3.306393873340e+00,8.485599798135e+00,8.511880072565e-02
-3.306390238478e+00,4.010944658720e+00,9.167204043399e-02
-3.306383337258e+00,5.804767423609e+00,9.166860663355e-02
-3.306346446182e+00,5.395013817159e+00,9.166985930399e-02
-3.306272745772e+00,4.332970822006e+00,9.167202428758e-02
-3.306244687774e+00,9.328321415195e+00,7.407082914279e-02
-3.306095798102e+00,7.464476719359e+00,8.958507777891e-02
-3.306075765188e+00,3.688918495433e+00,9.167132241327e-02
-3.305832525250e+00,7.821227843597e+00,8.845310480998e-02
-3.305649165290e+00,9.462863861608e+00,7.019007013888e-02
-3.305637309476e+00,1.982179830019e+00,9.166960376327e-02
-3.305617009119e+00,2.336408609632e+00,9.166977126528e-02
-3.305609643252e+00,9.194004547817e+00,7.699423024635e-02
-3.305562657639e+00,6.540986473464e+00,9.150372779272e-02
-3.305463068185e+00,5.151683219486e+00,9.166909424782e-02
-3.305329325900e+00,3.366892332146e+00,9.166986971360e-02
-3.305267543076e+00,6.824746470464e+00,9.102443302315e-02
-3.305182447236e+00,1.627951050406e+00,9.166862797391e-02
-3.305142657710e+00,7.026240813796e+00,9.063309855042e-02
-3.305121546166e+00,2.690637389245e+00,9.166913061132e-02
-3.304861184639e+00,4.830377161600e+00,9.166909093697e-02
-3.304708127690e+00,9.891361821773e+00,3.997176160888e-02
-3.304596440523e+00,7.347220333167e+00,8.989821610625e-02
-3.304390428120e+00,5.520954230913e+00,9.166612423673e-02
-3.304252422400e+00,1.273722270792e+00,9.166684313160e-02
-3.304150920616e+00,3.044866168860e+00,9.166768129883e-02
-3.304137518124e+00,7.941756709546e+00,8.799447722868e-02
-3.303836479761e+00,5.726807157615e+00,9.166451192257e-02
-3.303820895166e+00,9.597623057660e+00,6.479340439310e-02
-3.303746269148e+00,9.059922072671e+00,7.927451967515e-02
-3.303722848448e+00,4.043147275048e+00,9.166752251938e-02
-3.303583757442e+00,4.365173438335e+00,9.166746959108e-02
-3.303429973457e+00,3.721121111762e+00,9.166684021469e-02
-3.303099509245e+00,2.014382446348e+00,9.166530299760e-02
-3.303057610588e+00,2.368611225960e+00,9.166543395025e-02
-3.302857885450e+00,8.334891026485e+00,8.608648395619e-02
-3.302734284839e+00,6.626436556803e+00,9.136965877785e-02
-3.302705847099e+00,5.034428359892e+00,9.166475872651e-02
-3.302705132470e+00,3.399094948475e+00,9.166542219021e-02
-3.302666245305e+00,1.660153666735e+00,9.166436264571e-02
-3.302540549335e+00,2.722840005573e+00,9.166475560646e-02
-3.302482589590e+00,8.915950224901e+00,8.121520831636e-02
-3.302313818541e+00,7.230818592656e+00,9.018594638023e-02
-3.301953565409e+00,8.762576458567e+00,8.286824229806e-02
-3.301952662356e+00,4.637673983145e+00,9.166475333583e-02
-3.301804474238e+00,4.874978834867e+00,9.166372558142e-02
-3.301757818768e+00,1.305924887121e+00,9.166261215612e-02
-3.301629045865e+00,8.063066977021e+00,8.748352229198e-02
-3.301548325485e+00,3.077068785189e+00,9.166326743361e-02
-3.301055458418e+00,4.075349891377e+00,9.166299799437e-02
-3.300996364048e+00,5.321749539354e+00,9.166093956932e-02
-3.300894769112e+00,4.397376054664e+00,9.166290817608e-02
-3.300821413085e+00,6.181883407167e+00,9.165792498535e-02
-3.300811757695e+00,6.100183200241e+00,9.165823134028e-02
-3.300784181727e+00,3.753323728090e+00,9.166235151041e-02
-3.300782558463e+00,5.649653657664e+00,9.165957552705e-02
-3.300757753671e+00,9.732590158093e+00,5.678326058113e-02
-3.300636815461e+00,6.912363376885e+00,9.086484449542e-02
-3.300561709013e+00,2.046585062676e+00,9.166099624367e-02
-3.300498212057e+00,2.400813842289e+00,9.166109054458e-02
-3.300475129360e+00,5.200227129343e+00,9.166045378329e-02
-3.300383673771e+00,8.610109882048e+00,8.421327821866e-02
-3.300291216140e+00,6.264328599633e+00,9.165679204371e-02
-3.300267663605e+00,6.019238552263e+00,9.165749255278e-02
-3.300150043373e+00,1.692356283063e+00,9.166009142822e-02
-3.300080939039e+00,3.431297564804e+00,9.166096826252e-02
-3.300064068961e+00,4.679555684380e+00,9.166137249469e-02
-3.299959552504e+00,2.755042621902e+00,9.166037440506e-02
-3.299927200322e+00,5.446135645722e+00,9.165872025329e-02
-3.299339368800e+00,6.712577086640e+00,9.122861767572e-02
-3.299263215137e+00,1.338127503450e+00,9.165837538708e-02
-3.299254243206e+00,7.115286029209e+00,9.045080116197e-02
-3.299215818752e+00,6.347508170247e+00,9.165467500763e-02
-3.299194609714e+00,5.939060002308e+00,9.165596617673e-02
-3.299053169552e+00,1.002675847076e+01,1.008988963503e-02
-3.298945730354e+00,3.109271401517e+00,9.165884726229e-02
-3.298461112497e+00,4.920203142340e+00,9.165793984028e-02
-3.298404605276e+00,5.081636065925e+00,9.165731934310e-02
-3.298388068387e+00,4.107552507706e+00,9.165846684306e-02
-3.298301340779e+00,8.185143883446e+00,8.691020207009e-02
-3.298205780782e+00,4.429578670992e+00,9.165834002627e-02
-3.298138389996e+00,3.785526344419e+00,9.165785628490e-02
-3.298023908782e+00,2.078787679004e+00,9.165668348776e-02
-3.297938813526e+00,2.433016458617e+00,9.165674103420e-02
-3.297907446267e+00,4.722087237811e+00,9.165758315514e-02
-3.297779745517e+00,8.458569089164e+00,8.532799833023e-02
-3.297633841442e+00,1.724558899391e+00,9.165581430809e-02
-3.297598139987e+00,5.859658054745e+00,9.165343585367e-02
-3.297589938509e+00,6.431411478028e+00,9.165161695915e-02
-3.297543615715e+00,7.675156363747e+00,8.896793314988e-02
-3.297537569897e+00,7.556353971911e+00,8.933472982903e-02
-3.297532535492e+00,9.304882904589e+00,7.471959527764e-02
-3.297456745608e+00,3.463500181132e+00,9.165650791534e-02
-3.297378555673e+00,2.787245238230e+00,9.165598699268e-02
-3.297227370362e+00,5.573317288563e+00,9.165370692960e-02
-3.297052128752e+00,9.439382751638e+00,7.106456978427e-02
-3.296782585741e+00,9.170609199626e+00,7.749434770504e-02
-3.296768611505e+00,1.370330119778e+00,9.165413281143e-02
-3.296748559124e+00,7.794770767195e+00,8.856373018786e-02
-3.296736467591e+00,7.438378238459e+00,8.966916248514e-02
-3.296664721638e+00,7.656250245002e-01,9.165374293728e-02
-3.296664721638e+00,2.031250065004e-01,9.167901291543e-02
-3.296664721638e+00,8.593750275001e-01,9.165374293728e-02
-3.296664721638e+00,1.718750055004e-01,9.168427910521e-02
-3.296664721638e+00,2.343750075005e-01,9.167423622488e-02
-3.296664721638e+00,3.281250105004e-01,9.166287708814e-02
-3.296664721638e+00,3.593750115004e-01,9.166009053342e-02
-3.296664721638e+00,4.218750135002e-01,9.165603039931e-02
-3.296664721638e+00,7.031250225002e-01,9.165374293728e-02
-3.296664721638e+00,7.343750235002e-01,9.165374293728e-02
-3.296664721638e+00,7.968750255001e-01,9.165374293728e-02
-3.296664721638e+00,8.281250265001e-01,9.165374293728e-02
-3.296664721638e+00,4.687500150008e-02,9.171015545407e-02
-3.296664721638e+00,7.812500250013e-02,9.170297379672e-02
-3.296664721638e+00,1.406250045003e-01,9.169003087530e-02
-3.296664721638e+00,2.656250085005e-01,9.166995260557e-02
-3.296664721638e+00,2.968750095005e-01,9.166616527477e-02
-3.296664721638e+00,3.906250125003e-01,9.165780772502e-02
-3.296664721638e+00,4.531250145001e-01,9.165475991082e-02
-3.296664721638e+00,5.468750175000e-01,9.165374293728e-02
-3.296664721638e+00,5.781250185001e-01,9.165374293728e-02
-3.296664721638e+00,6.093750195001e-01,9.165374293728e-02
-3.296664721638e+00,6.718750215002e-01,9.165374293728e-02
-3.296664721638e+00,8.906250285001e-01,9.165374293728e-02
-3.296664721638e+00,9.531250305000e-01,9.165374293728e-02
-3.296664721638e+00,9.843750315000e-01,9.165374293728e-02
-3.296664721638e+00,1.562500050003e-02,9.171780372362e-02
-3.296664721638e+00,1.093750035002e-01,9.169626396816e-02
-3.296664721638e+00,4.843750155000e-01,9.165399722926e-02
-3.296664721638e+00,5.156250165000e-01,9.165374293728e-02
-3.296664721638e+00,6.406250205001e-01,9.165374293728e-02
-3.296664721638e+00,9.218750295001e-01,9.165374293728e-02
-3.296457673911e+00,9.867756302197e+00,4.366599882539e-02
-3.296343135224e+00,3.141474017846e+00,9.165442077004e-02
-3.295720678357e+00,4.139755124035e+00,9.165392904949e-02
-3.295516792452e+00,4.461781287321e+00,9.165376512530e-02
-3.295492598266e+00,3.817728960748e+00,9.165335452257e-02
-3.295486108551e+00,2.110990295333e+00,9.165236471612e-02
-3.295483863332e+00,5.781043178801e+00,9.165013290356e-02
-3.295478263332e+00,4.765262153617e+00,9.165330204011e-02
-3.295428218972e+00,1.016101340164e+00,9.165163767406e-02
-3.295424115251e+00,7.000637133870e+00,9.069592223513e-02
-3.295408358903e+00,6.516027848784e+00,9.155125924080e-02
-3.295379414995e+00,2.465219074946e+00,9.165238540501e-02
-3.295372897320e+00,6.799397288639e+00,9.108007695864e-02
-3.295339182134e+00,9.574099912402e+00,6.603488681926e-02
-3.295173556905e+00,5.249351423975e+00,9.165122657401e-02
-3.295146445154e+00,7.321243771343e+00,8.997567180464e-02
-3.295146444824e+00,7.915182497205e+00,8.811677514720e-02
-3.295117639510e+00,1.756761515720e+00,9.165153127189e-02
-3.294979790823e+00,5.372163940163e+00,9.165052589432e-02
-3.294832552178e+00,3.495702797461e+00,9.165204113347e-02
-3.294826736044e+00,4.966043479906e+00,9.165152269795e-02
-3.294804519670e+00,9.036570448910e+00,7.967160321387e-02
-3.294797558842e+00,2.819447854559e+00,9.165159335484e-02
-3.294274007874e+00,1.402532736107e+00,9.164988441609e-02
-3.294156656099e+00,8.888589861955e+00,8.157597764900e-02
-3.294148726369e+00,8.307972629621e+00,8.626382501916e-02
-3.293798784769e+00,5.129438723213e+00,9.164924726430e-02
-3.293740540093e+00,3.173676634174e+00,9.164998794201e-02
-3.293531056040e+00,8.735324764155e+00,8.316026999862e-02
-3.293176776578e+00,5.497808378506e+00,9.164705248175e-02
-3.293053288327e+00,4.171957740363e+00,9.164938459766e-02
-3.292955213640e+00,1.048303956493e+00,9.164742285117e-02
-3.292948308320e+00,2.143192911661e+00,9.164803991495e-02
-3.292857453367e+00,5.703225808209e+00,9.164581663736e-02
-3.292846806535e+00,3.849931577077e+00,9.164884620780e-02
-3.292827804121e+00,4.493983903650e+00,9.164918345676e-02
-3.292820016464e+00,2.497421691274e+00,9.164802364284e-02
-3.292773729208e+00,7.204965139140e+00,9.025739564041e-02
-3.292772029604e+00,4.809073913905e+00,9.164850253600e-02
-3.292731408421e+00,8.036376830950e+00,8.761988105773e-02
-3.292665929543e+00,6.601346575486e+00,9.141947428468e-02
-3.292601437579e+00,1.788964132048e+00,9.164724230617e-02
-3.292391569145e+00,9.709025542634e+00,5.868102679190e-02
-3.292216562011e+00,2.851650470888e+00,9.164719347703e-02
-3.292208358747e+00,3.527905413790e+00,9.164756790165e-02
-3.291865097736e+00,8.582968073090e+00,8.445441117767e-02
-3.291779404242e+00,1.434735352435e+00,9.164563018794e-02
-3.291137944962e+00,3.205879250503e+00,9.164554876329e-02
-3.290918645991e+00,1.000311261413e+01,1.829714338853e-02
-3.290897022560e+00,5.012493216349e+00,9.164468936952e-02
-3.290829924874e+00,6.886886356818e+00,9.092342067664e-02
-3.290482208309e+00,1.080506572821e+00,9.164320228898e-02
-3.290410508089e+00,2.175395527990e+00,9.164370907042e-02
-3.290385898296e+00,4.204160356692e+00,9.164483347149e-02
-3.290329543018e+00,6.157461851409e+00,9.164006118878e-02
-3.290260617933e+00,2.529624307603e+00,9.164365573352e-02
-3.290237072461e+00,6.075898807729e+00,9.164015684666e-02
-3.290201014805e+00,3.882134193405e+00,9.164433132492e-02
-3.290138815791e+00,4.526186519978e+00,9.164459500421e-02
-3.290085235648e+00,1.821166748377e+00,9.164294739744e-02
-3.289882797704e+00,6.239771036095e+00,9.163901386134e-02
-3.289784295077e+00,4.853515972942e+00,9.164328923435e-02
-3.289724648118e+00,5.626216340880e+00,9.164072036134e-02
-3.289635565180e+00,2.883853087216e+00,9.164278734468e-02
-3.289624636335e+00,7.089556870558e+00,9.051710242586e-02
-3.289610805045e+00,5.995092475485e+00,9.163933076644e-02
-3.289595117429e+00,4.617020034915e+00,9.164366666214e-02
-3.289584165317e+00,3.560108030119e+00,9.164308820456e-02
-3.289554246406e+00,5.299049333686e+00,9.164147295483e-02
-3.289497676615e+00,8.158339008370e+00,8.706280890043e-02
-3.289357566317e+00,6.687356918666e+00,9.128079690298e-02
-3.289284800611e+00,1.466937968764e+00,9.164137011382e-02
-3.289165617695e+00,8.431538380193e+00,8.552976771030e-02
-3.288891483020e+00,6.322815757347e+00,9.163710298966e-02
-3.288884192495e+00,5.177829617323e+00,9.164071196775e-02
-3.288820383210e+00,9.281444393983e+00,7.533377718837e-02
-3.288636702074e+00,5.423137218737e+00,9.163948396134e-02
-3.288535349832e+00,3.238081866832e+00,9.164110321893e-02
-3.288456225033e+00,5.915053390750e+00,9.163761510235e-02
-3.288455092214e+00,9.415901641667e+00,7.188539533338e-02
-3.288367305392e+00,7.648817622949e+00,8.906620819317e-02
-3.288269469588e+00,7.530134763812e+00,8.942438033956e-02
-3.288207220132e+00,9.844150782622e+00,4.691794240556e-02
-3.288009202977e+00,1.112709189150e+00,9.163897597466e-02
-3.287955528231e+00,9.147213851435e+00,7.797089463490e-02
-3.287872707857e+00,2.207598144318e+00,9.163937216866e-02
-3.287772484378e+00,4.658737791929e+00,9.164043417695e-02
-3.287718508266e+00,4.236362973021e+00,9.164027565488e-02
-3.287701219402e+00,2.561826923931e+00,9.163928166281e-02
-3.287664592999e+00,7.768313690794e+00,8.867170531547e-02
-3.287569033716e+00,1.853369364706e+00,9.163864653219e-02
-3.287555223075e+00,3.914336809734e+00,9.163980985819e-02
-3.287449827461e+00,4.558389136307e+00,9.163999975113e-02
-3.287377137080e+00,7.412279757559e+00,8.975150434479e-02
-3.287350311150e+00,6.406585377113e+00,9.163412872964e-02
-3.287054568350e+00,2.916055703545e+00,9.163837494319e-02
-3.286959971886e+00,3.592310646447e+00,9.163860202687e-02
-3.286857469101e+00,9.550576767143e+00,6.718653051526e-02
-3.286790196979e+00,1.499140585092e+00,9.163710418053e-02
-3.286778881739e+00,5.835792054860e+00,9.163497079667e-02
-3.286667690916e+00,5.059545693594e+00,9.163723937364e-02
-3.286510650440e+00,4.898581757406e+00,9.163748441584e-02
-3.286155371524e+00,7.888608284864e+00,8.823599288964e-02
-3.286091249875e+00,5.550025138496e+00,9.163470252031e-02
-3.285932754701e+00,3.270284483160e+00,9.163665129392e-02
-3.285862770192e+00,9.013218825148e+00,8.005171466307e-02
-3.285830722607e+00,8.861229499008e+00,8.192135087759e-02
-3.285705572792e+00,6.975033453944e+00,9.075763973237e-02
-3.285696449786e+00,7.295267209520e+00,9.005159068187e-02
-3.285682583467e+00,4.701106478355e+00,9.163671486772e-02
-3.285536197645e+00,1.144911805478e+00,9.163474389533e-02
-3.285478251564e+00,6.774048106814e+00,9.113481110018e-02
-3.285439567289e+00,8.281054232756e+00,8.643578879875e-02
-3.285334907626e+00,2.239800760647e+00,9.163502919575e-02
-3.285254060167e+00,6.491069224105e+00,9.159808765059e-02
-3.285141820871e+00,2.594029540260e+00,9.163490141642e-02
-3.285108546671e+00,8.708073069743e+00,8.344100995281e-02
-3.285052831785e+00,1.885571981034e+00,9.163433969682e-02
-3.285051118236e+00,4.268565589349e+00,9.163571113169e-02
-3.284909431344e+00,3.946539426062e+00,9.163528179186e-02
-3.284760839131e+00,4.590591752636e+00,9.163539768098e-02
-3.284584389406e+00,5.757318933993e+00,9.163144864496e-02
-3.284473571519e+00,2.948258319874e+00,9.163395625789e-02
-3.284335778456e+00,3.624513262776e+00,9.163410935316e-02
-3.284295593348e+00,1.531343201421e+00,9.163283237484e-02
-3.284025384620e+00,9.685460927174e+00,6.041141279997e-02
-3.283833770977e+00,8.009686684879e+00,8.775234799775e-02
-3.283656677027e+00,5.226802007723e+00,9.163152828951e-02
-3.283613135464e+00,5.349314063167e+00,9.163105935195e-02
-3.283346521702e+00,8.555826264133e+00,8.468703079872e-02
-3.283330159570e+00,3.302487099489e+00,9.163219297325e-02
-3.283320878731e+00,4.744119607908e+00,9.163248274704e-02
-3.283233639875e+00,7.179111685624e+00,9.032749276851e-02
-3.283063192314e+00,1.177114421807e+00,9.163050603808e-02
-3.282946727231e+00,4.944264666627e+00,9.163122085727e-02
-3.282797107395e+00,2.272003376975e+00,9.163068013774e-02
-3.282784122430e+00,9.979466757508e+00,2.510352949735e-02
-3.282597574247e+00,6.576256594169e+00,9.146852846399e-02
-3.282582422340e+00,2.626232156588e+00,9.163051498005e-02
-3.282536629854e+00,1.917774597362e+00,9.163002687775e-02
-3.282383728206e+00,4.300768205678e+00,9.163113988569e-02
-3.282263639614e+00,3.978742042391e+00,9.163074711009e-02
-3.282134501353e+00,5.107194226940e+00,9.162932125970e-02
-3.281963125036e+00,5.474662526098e+00,9.162781984105e-02
-3.281892574688e+00,2.980460936202e+00,9.162953127411e-02
-3.281878426973e+00,5.679644458802e+00,9.162704426102e-02
-3.281800989716e+00,1.563545817749e+00,9.162855468348e-02
-3.281711585025e+00,3.656715879105e+00,9.162961016799e-02
-3.281023034288e+00,6.861409336751e+00,9.098092140586e-02
-3.280727564439e+00,3.334689715818e+00,9.162772824180e-02
-3.280694012450e+00,8.131534133293e+00,8.721111122661e-02
-3.280682874569e+00,4.787770666210e+00,9.162783534166e-02
-3.280590186982e+00,1.209317038136e+00,9.162626238996e-02
-3.280551489872e+00,8.404507671222e+00,8.572502973041e-02
-3.280259307164e+00,2.304205993303e+00,9.162632498062e-02
-3.280108230927e+00,9.258005883376e+00,7.591605581420e-02
-3.280023023809e+00,2.658434772916e+00,9.162612233933e-02
-3.280020427922e+00,1.949977213691e+00,9.162570806132e-02
-3.279995029464e+00,7.063827711908e+00,9.058219978553e-02
-3.279956766353e+00,9.820545263046e+00,4.980246065236e-02
-3.279858055676e+00,9.392420531697e+00,7.265732326743e-02
-3.279837672951e+00,6.133040295651e+00,9.162210874487e-02
-3.279716338175e+00,4.332970822006e+00,9.162656190064e-02
-3.279662387227e+00,6.051614415218e+00,9.162200611857e-02
-3.279617847883e+00,4.010944658720e+00,9.162620579702e-02
-3.279474379268e+00,6.215213472557e+00,9.162116146998e-02
-3.279375763835e+00,6.662136750692e+00,9.133215532351e-02
-3.279311577857e+00,3.012663552531e+00,9.162509997709e-02
-3.279306386084e+00,1.595748434078e+00,9.162427109313e-02
-3.279190995068e+00,7.622478882151e+00,8.916221685695e-02
-3.279128470720e+00,9.123818503244e+00,7.842548983406e-02
-3.279088198020e+00,4.990558072806e+00,9.162442338322e-02
-3.279087391594e+00,3.688918495433e+00,9.162510445587e-02
-3.279001369278e+00,7.503915555713e+00,8.951210865130e-02
-3.278953946485e+00,5.970946398708e+00,9.162109382424e-02
-3.278666737772e+00,5.602779024097e+00,9.162172222775e-02
-3.278580626873e+00,7.741856614392e+00,8.877712414399e-02
-3.278567147289e+00,6.298123344447e+00,9.161934997768e-02
-3.278375756069e+00,9.527053621884e+00,6.825772042384e-02
-3.278124969309e+00,3.366892332146e+00,9.162325708447e-02
-3.278117181650e+00,1.241519654464e+00,9.162201293799e-02
-3.278112128765e+00,5.276349128017e+00,9.162183276804e-02
-3.278017806569e+00,7.386181276659e+00,8.983215763351e-02
-3.277764115916e+00,4.832053111016e+00,9.162263919831e-02
-3.277721506933e+00,2.336408609632e+00,9.162196371036e-02
-3.277717840352e+00,5.891046779191e+00,9.161916004052e-02
-3.277504789115e+00,8.833869136061e+00,8.225227768831e-02
-3.277504225991e+00,1.982179830019e+00,9.162138323385e-02
-3.277463625278e+00,2.690637389245e+00,9.162172347987e-02
-3.277346203825e+00,5.400138791753e+00,9.162013886257e-02
-3.277293255630e+00,5.155432105302e+00,9.162077985840e-02
-3.277277468413e+00,8.987809107166e+00,8.044188207812e-02
-3.277164298224e+00,7.862034072524e+00,8.835224468300e-02
-3.277110683791e+00,6.381759276199e+00,9.161656787085e-02
-3.277048948145e+00,4.365173438335e+00,9.162197716023e-02
-3.276972056153e+00,4.043147275048e+00,9.162165783674e-02
-3.276811782453e+00,1.627951050406e+00,9.161998159045e-02
-3.276730581026e+00,3.044866168860e+00,9.162066235207e-02
-3.276730408208e+00,8.254135835892e+00,8.660261317875e-02
-3.276686037302e+00,8.680821375332e+00,8.371109519451e-02
-3.276463198164e+00,3.721121111762e+00,9.162059220126e-02
-3.276246454418e+00,7.269290647696e+00,9.012601888322e-02
-3.275987030333e+00,6.949429774018e+00,9.081828112593e-02
-3.275959623491e+00,5.811926054976e+00,9.161642944774e-02
-3.275659200094e+00,9.661896311715e+00,6.199558700021e-02
-3.275644176319e+00,1.273722270792e+00,9.161775766913e-02
-3.275583605808e+00,6.748698924989e+00,9.118865875873e-02
-3.275522374178e+00,3.399094948475e+00,9.161877948607e-02
-3.275480899794e+00,4.637919899477e+00,9.161932814987e-02
-3.275183706701e+00,2.368611225960e+00,9.161759631288e-02
-3.275099761430e+00,6.466110599425e+00,9.161278884650e-02
-3.274988024060e+00,2.014382446348e+00,9.161705238160e-02
-3.274955129388e+00,5.526732988430e+00,9.161560708138e-02
-3.274936133534e+00,7.982996538807e+00,8.788122164371e-02
-3.274930776556e+00,5.037455321262e+00,9.161707919154e-02
-3.274904226747e+00,2.722840005573e+00,9.161731838720e-02
-3.274827945668e+00,8.528684455175e+00,8.491157459392e-02
-3.274649598869e+00,9.955820900885e+00,3.083935681783e-02
-3.274560188384e+00,4.876960372473e+00,9.161694872406e-02
-3.274381558115e+00,4.397376054664e+00,9.161738564810e-02
-3.274326264422e+00,4.075349891377e+00,9.161710321329e-02
-3.274317178821e+00,1.660153666735e+00,9.161568616205e-02
-3.274149584195e+00,3.077068785189e+00,9.161621838420e-02
-3.273839004733e+00,3.753323728090e+00,9.161607338857e-02
-3.273693550542e+00,7.153258232108e+00,9.039627669497e-02
-3.273684915481e+00,5.733594689185e+00,9.161268434200e-02
-3.273457720668e+00,4.680125718898e+00,9.161566418357e-02
-3.273171170987e+00,1.305924887121e+00,9.161349657033e-02
-3.272919779047e+00,3.431297564804e+00,9.161429543137e-02
-3.272645906470e+00,2.400813842289e+00,9.161322277406e-02
-3.272529218952e+00,6.551166612852e+00,9.151677315830e-02
-3.272471822128e+00,2.046585062676e+00,9.161271549081e-02
-3.272344828216e+00,2.755042621902e+00,9.161290704686e-02
-3.272246480105e+00,5.326464186171e+00,9.161151325119e-02
-3.272139797149e+00,5.204252591471e+00,9.161175058107e-02
-3.271937362049e+00,8.377476962251e+00,8.591408958357e-02
-3.271890348286e+00,8.104729258217e+00,8.735528695886e-02
-3.271822575190e+00,1.692356283063e+00,9.161138479450e-02
-3.271714168085e+00,4.429578670992e+00,9.161278734785e-02
-3.271706312574e+00,9.796939743471e+00,5.237842733327e-02
-3.271680472692e+00,4.107552507706e+00,9.161254191064e-02
-3.271568587364e+00,3.109271401517e+00,9.161176805863e-02
-3.271396078645e+00,9.234567372770e+00,7.646884216150e-02
-3.271261019138e+00,9.368939421727e+00,7.338457986877e-02
-3.271216143701e+00,6.835932316683e+00,9.103746296604e-02
-3.271214811302e+00,3.785526344419e+00,9.161154800218e-02
-3.271163494130e+00,4.722977062199e+00,9.161158405126e-02
-3.271066718419e+00,4.922485853348e+00,9.161079315475e-02
-3.270899400579e+00,5.656063109395e+00,9.160815251508e-02
-3.270749473493e+00,5.451516673690e+00,9.160850783509e-02
-3.270698165655e+00,1.338127503450e+00,9.160922962849e-02
-3.270470217937e+00,5.084949730667e+00,9.160921978438e-02
-3.270365422593e+00,7.038098553258e+00,9.064612678393e-02
-3.270317183916e+00,3.463500181132e+00,9.160980490511e-02
-3.270301413209e+00,9.100423155053e+00,7.885960734134e-02
-3.270108106239e+00,2.433016458617e+00,9.160884307974e-02
-3.270014684745e+00,7.596140141353e+00,8.925590071286e-02
-3.269955620197e+00,2.078787679004e+00,9.160837254768e-02
-3.269894043036e+00,9.503530476625e+00,6.925657855788e-02
-3.269785429685e+00,2.787245238230e+00,9.160848944429e-02
-3.269733268969e+00,7.477696347614e+00,8.959797637739e-02
-3.269496660748e+00,7.715399537990e+00,8.888007634714e-02
-3.269393961352e+00,6.636916582717e+00,9.138271338103e-02
-3.269345802884e+00,6.108618739894e+00,9.160396978750e-02
-3.269327971558e+00,1.724558899391e+00,9.160707747434e-02
-3.269178855623e+00,8.806508773114e+00,8.256963222878e-02
-3.269087701994e+00,6.027330022707e+00,9.160377953345e-02
-3.269065960832e+00,6.190655909018e+00,9.160323465966e-02
-3.269048614332e+00,8.960341294963e+00,8.083947363521e-02
-3.269046778054e+00,4.461781287321e+00,9.160818224301e-02
-3.269034680962e+00,4.139755124035e+00,9.160797391274e-02
-3.268987590533e+00,3.141474017846e+00,9.160731136043e-02
-3.268658476058e+00,7.360082795758e+00,8.991117447235e-02
-3.268593719535e+00,4.766467418515e+00,9.160698315722e-02
-3.268590617872e+00,3.817728960748e+00,9.160701602639e-02
-3.268297087926e+00,5.946800321931e+00,9.160267834862e-02
-3.268263527934e+00,8.653569680920e+00,8.397111282281e-02
-3.268242811557e+00,6.273430931547e+00,9.160150935036e-02
-3.268225160323e+00,1.370330119778e+00,9.160495683048e-02
-3.268173224924e+00,7.835459860183e+00,8.846563930927e-02
-3.268021249128e+00,8.227217439028e+00,8.676452244716e-02
-3.267872890008e+00,2.031250065004e-01,9.163003034233e-02
-3.267872890008e+00,2.343750075005e-01,9.162513483767e-02
-3.267872890008e+00,3.593750115004e-01,9.161063600885e-02
-3.267872890008e+00,3.906250125003e-01,9.160829603195e-02
-3.267872890008e+00,7.656250245002e-01,9.160412932567e-02
-3.267872890008e+00,7.968750255001e-01,9.160412932567e-02
-3.267872890008e+00,1.562500050003e-02,9.166977796454e-02
-3.267872890008e+00,4.687500150008e-02,9.166194217573e-02
-3.267872890008e+00,7.812500250013e-02,9.165458393370e-02
-3.267872890008e+00,1.093750035002e-01,9.164770867862e-02
-3.267872890008e+00,1.406250045003e-01,9.164132152867e-02
-3.267872890008e+00,1.718750055004e-01,9.163542726917e-02
-3.267872890008e+00,2.656250085005e-01,9.162074448310e-02
-3.267872890008e+00,2.968750095005e-01,9.161686263677e-02
-3.267872890008e+00,3.281250105004e-01,9.161349227964e-02
-3.267872890008e+00,4.218750135002e-01,9.160647416194e-02
-3.267872890008e+00,4.531250145001e-01,9.160517181320e-02
-3.267872890008e+00,4.843750155000e-01,9.160438999830e-02
-3.267872890008e+00,5.156250165000e-01,9.160412932567e-02
-3.267872890008e+00,5.468750175000e-01,9.160412932567e-02
-3.267872890008e+00,5.781250185001e-01,9.160412932567e-02
-3.267872890008e+00,6.093750195001e-01,9.160412932567e-02
-3.267872890008e+00,6.406250205001e-01,9.160412932567e-02
-3.267872890008e+00,6.718750215002e-01,9.160412932567e-02
-3.267872890008e+00,7.031250225002e-01,9.160412932567e-02
-3.267872890008e+00,7.343750235002e-01,9.160412932567e-02
-3.267872890008e+00,8.281250265001e-01,9.160412932567e-02
-3.267872890008e+00,8.593750275001e-01,9.160412932567e-02
-3.267872890008e+00,8.906250285001e-01,9.160412932567e-02
-3.267872890008e+00,9.218750295001e-01,9.160412932567e-02
-3.267872890008e+00,9.531250305000e-01,9.160412932567e-02
-3.267872890008e+00,9.843750315000e-01,9.160412932567e-02
-3.267714588786e+00,3.495702797461e+00,9.160530789198e-02
-3.267608827427e+00,5.579341707313e+00,9.160264519959e-02
-3.267570306008e+00,2.465219074946e+00,9.160445721572e-02
-3.267439418265e+00,2.110990295333e+00,9.160402353836e-02
-3.267293015569e+00,9.638331696256e+00,6.345129300252e-02
-3.267279373481e+00,4.968622929263e+00,9.160402727060e-02
-3.267226031153e+00,2.819447854559e+00,9.160406556494e-02
-3.266979455671e+00,5.867040167632e+00,9.160062784983e-02
-3.266871056432e+00,6.356933175284e+00,9.159891023217e-02
-3.266833367927e+00,1.756761515720e+00,9.160276418806e-02
-3.266796459050e+00,7.243314085873e+00,9.019890745992e-02
-3.266670011123e+00,5.253648922349e+00,9.160205256479e-02
-3.266647186492e+00,1.016101340164e+00,9.160200892916e-02
-3.266515075308e+00,9.932175044261e+00,3.573865788810e-02
-3.266406593702e+00,3.173676634174e+00,9.160284827465e-02
-3.266388889231e+00,4.171957740363e+00,9.160339920347e-02
-3.266379388024e+00,4.493983903650e+00,9.160357031708e-02
-3.266309369634e+00,8.501542646217e+00,8.512845092885e-02
-3.266268487874e+00,6.923826094092e+00,9.087787546599e-02
-3.266055705577e+00,5.377140364769e+00,9.160059452632e-02
-3.266038496090e+00,7.956306392736e+00,8.800676213147e-02
-3.265966424441e+00,3.849931577077e+00,9.160247744548e-02
-3.265752154992e+00,1.402532736107e+00,9.160067816312e-02
-3.265743936756e+00,4.810590249091e+00,9.160186846565e-02
-3.265702318765e+00,5.133034593282e+00,9.160076698104e-02
-3.265688960053e+00,6.723349743164e+00,9.124164249470e-02
-3.265140365243e+00,5.788060055091e+00,9.159769476704e-02
-3.265111993655e+00,3.527905413790e+00,9.160080437662e-02
-3.265032505776e+00,2.497421691274e+00,9.160006516774e-02
-3.264945462694e+00,6.441151974746e+00,9.159523919806e-02
-3.264923216334e+00,2.143192911661e+00,9.159966844895e-02
-3.264666632622e+00,2.851650470888e+00,9.159963539419e-02
-3.264338764295e+00,1.788964132048e+00,9.159844492213e-02
-3.264195779460e+00,1.048303956493e+00,9.159776380272e-02
-3.264153461209e+00,7.127404778592e+00,9.046378493057e-02
-3.263825596871e+00,3.205879250503e+00,9.159837878629e-02
-3.263819008901e+00,5.503440838363e+00,9.159630004142e-02
-3.263743097501e+00,4.204160356692e+00,9.159881776667e-02
-3.263711997994e+00,4.526186519978e+00,9.159895155350e-02
-3.263455858795e+00,9.773334223895e+00,5.469277639040e-02
-3.263342231011e+00,3.882134193405e+00,9.159793224367e-02
-3.263323234226e+00,8.350446253280e+00,8.609723398468e-02
-3.263279149660e+00,1.434735352435e+00,9.159639361320e-02
-3.263193862196e+00,5.015364948931e+00,9.159683893558e-02
-3.263189315210e+00,4.617102007026e+00,9.159804587813e-02
-3.263086684122e+00,8.077924383141e+00,8.749550450690e-02
-3.262785441555e+00,5.709870444377e+00,9.159384184954e-02
-3.262683926363e+00,9.211128862164e+00,7.699431044579e-02
-3.262663982600e+00,9.345458311756e+00,7.407091822872e-02
-3.262609726328e+00,4.855338987539e+00,9.159633300421e-02
-3.262509398524e+00,3.560108030119e+00,9.159629434361e-02
-3.262494705545e+00,2.529624307603e+00,9.159566692153e-02
-3.262460863656e+00,6.526076631536e+00,9.156426750479e-02
-3.262407014403e+00,2.175395527990e+00,9.159530726554e-02
-3.262107234091e+00,2.883853087217e+00,9.159519891736e-02
-3.261844160664e+00,1.821166748377e+00,9.159411966295e-02
-3.261744372428e+00,1.080506572821e+00,9.159351288761e-02
-3.261474355698e+00,9.077027806862e+00,7.927459226593e-02
-3.261412330004e+00,9.480007331366e+00,7.019016953197e-02
-3.261409253115e+00,6.810455296616e+00,9.109307031255e-02
-3.261244600040e+00,3.238081866832e+00,9.159390288028e-02
-3.261232857869e+00,4.659144959441e+00,9.159453360725e-02
-3.261097305770e+00,4.236362973021e+00,9.159422958613e-02
-3.261044607964e+00,4.558389136307e+00,9.159432593565e-02
-3.260879824746e+00,5.303614309175e+00,9.159187071408e-02
-3.260852922131e+00,8.779148410168e+00,8.287422038197e-02
-3.260838374422e+00,7.569801400555e+00,8.934752823606e-02
-3.260819760252e+00,8.932873482760e+00,8.121759663248e-02
-3.260806144328e+00,1.466937968764e+00,9.159210316747e-02
-3.260735815722e+00,7.012369394607e+00,9.070891578208e-02
-3.260718037580e+00,3.914336809734e+00,9.159338040513e-02
-3.260622917272e+00,5.181703175220e+00,9.159177869366e-02
-3.260465168660e+00,7.451477139515e+00,8.968204261095e-02
-3.260412694622e+00,7.688942461588e+00,8.898064755976e-02
-3.260083527375e+00,1.006759332630e+01,6.608629183048e-06
-3.259956905314e+00,2.561826923931e+00,9.159126246275e-02
-3.259920374186e+00,5.632481759989e+00,9.158908273637e-02
-3.259906803393e+00,3.592310646447e+00,9.159177777751e-02
-3.259890812471e+00,2.207598144318e+00,9.159093997415e-02
-3.259841018565e+00,8.626317986508e+00,8.422160805884e-02
-3.259547835560e+00,2.916055703545e+00,9.159075611977e-02
-3.259535821951e+00,5.428370821282e+00,9.158911641494e-02
-3.259412158869e+00,6.611696414743e+00,9.143249087999e-02
-3.259349557032e+00,1.853369364705e+00,9.158978839691e-02
-3.259312090047e+00,8.200299042164e+00,8.692172824525e-02
-3.259299145547e+00,7.333984314858e+00,8.998860493240e-02
-3.259292965396e+00,1.112709189150e+00,9.158925617092e-02
-3.259186709606e+00,4.900707040069e+00,9.159015948350e-02
-3.259182151624e+00,7.808885647842e+00,8.857628042289e-02
-3.259006109528e+00,4.701834516490e+00,9.159051328854e-02
-3.258926831043e+00,9.614767080796e+00,6.479351532506e-02
-3.258853932817e+00,6.084197184136e+00,9.158575432928e-02
-3.258805934521e+00,5.062705234394e+00,9.158896968074e-02
-3.258663603210e+00,3.270284483160e+00,9.158942054155e-02
-3.258657542396e+00,6.166098345480e+00,9.158519900907e-02
-3.258513016760e+00,6.003045630196e+00,9.158547690669e-02
-3.258451514040e+00,4.268565589349e+00,9.158963464560e-02
-3.258380551748e+00,9.908529187638e+00,3.997188402414e-02
-3.258377217933e+00,4.590591752636e+00,9.158969344688e-02
-3.258333138997e+00,1.499140585092e+00,9.158780681264e-02
-3.258093844150e+00,3.946539426062e+00,9.158882191400e-02
-3.257918475826e+00,6.248738518647e+00,9.158359376745e-02
-3.257790793599e+00,8.474400837260e+00,8.533784027577e-02
-3.257640229366e+00,5.922654245154e+00,9.158415650161e-02
-3.257419105083e+00,2.594029540260e+00,9.158685177703e-02
-3.257374610540e+00,2.239800760647e+00,9.158656656078e-02
-3.257346463682e+00,7.217337524049e+00,9.027032796690e-02
-3.257304208263e+00,3.624513262776e+00,9.158725466282e-02
-3.257140858646e+00,7.929616246664e+00,8.812909610913e-02
-3.256988437029e+00,2.948258319874e+00,9.158630698665e-02
-3.256854953401e+00,1.885571981034e+00,9.158545111035e-02
-3.256841558365e+00,1.144911805478e+00,9.158499363966e-02
-3.256631429073e+00,6.332107074369e+00,9.158108157001e-02
-3.256550917082e+00,5.555904390530e+00,9.158348918666e-02
-3.256549945415e+00,6.898222414166e+00,9.093638004191e-02
-3.256504564500e+00,4.745164170819e+00,9.158597640422e-02
-3.256241070990e+00,5.843033556074e+00,9.158201837205e-02
-3.256082606379e+00,3.302487099489e+00,9.158493175495e-02
-3.255860133665e+00,1.531343201421e+00,9.158350453539e-02
-3.255805722309e+00,4.300768205678e+00,9.158503292875e-02
-3.255794314297e+00,6.698000561339e+00,9.129378414721e-02
-3.255470548942e+00,4.946687785719e+00,9.158354997882e-02
-3.255469650719e+00,3.978742042391e+00,9.158425675436e-02
-3.255227893482e+00,5.230948716681e+00,9.158219132928e-02
-3.255205405016e+00,9.749728704319e+00,5.678338269940e-02
-3.254881304852e+00,2.626232156588e+00,9.158243484995e-02
-3.254858408609e+00,2.272003376975e+00,9.158218701137e-02
-3.254791163958e+00,6.416193350067e+00,9.157761625220e-02
-3.254765207328e+00,5.354141937785e+00,9.158096918047e-02
-3.254709106403e+00,8.323415544308e+00,8.627473253336e-02
-3.254701613132e+00,3.656715879105e+00,9.158272498399e-02
-3.254613371876e+00,7.101551325076e+00,9.053005362961e-02
-3.254429038498e+00,2.980460936202e+00,9.158185150323e-02
-3.254390151333e+00,1.177114421807e+00,9.158072528085e-02
-3.254360349769e+00,1.917774597362e+00,9.158110778956e-02
-3.254321106995e+00,5.764194055206e+00,9.157886101405e-02
-3.254283019958e+00,8.051119508065e+00,8.763192340131e-02
-3.254111381900e+00,5.110637081261e+00,9.158067341513e-02
-3.254066946062e+00,9.321977201786e+00,7.471968267360e-02
-3.253971774081e+00,9.187690351557e+00,7.749442646771e-02
-3.253723757595e+00,4.789127387166e+00,9.158101688963e-02
-3.253501609548e+00,3.334689715818e+00,9.158043650529e-02
-3.253387128333e+00,1.563545817749e+00,9.157919632235e-02
-3.253159930579e+00,4.332970822006e+00,9.158042441924e-02
-3.252930616971e+00,9.456484186108e+00,7.106466722090e-02
-3.252845457288e+00,4.010944658720e+00,9.157968491022e-02
-3.252682888414e+00,5.480148688296e+00,9.157691232526e-02
-3.252647298188e+00,9.053632458671e+00,7.967167458434e-02
-3.252590906171e+00,8.905405670557e+00,8.157920763162e-02
-3.252526988639e+00,8.751788047221e+00,8.316678622822e-02
-3.252392508360e+00,6.500986650219e+00,9.157309299422e-02
-3.252343504620e+00,2.658434772916e+00,9.157801166707e-02
-3.252342206677e+00,2.304205993303e+00,9.157780131183e-02
-3.252099018001e+00,3.688918495433e+00,9.157818872542e-02
-3.252065130730e+00,1.004390770067e+01,1.008993695176e-02
-3.251938744301e+00,1.209317038136e+00,9.157645108143e-02
-3.251885967629e+00,5.686146199569e+00,9.157491028678e-02
-3.251869639967e+00,3.012663552531e+00,9.157738965465e-02
-3.251865746138e+00,1.949977213691e+00,9.157675842081e-02
-3.251662064099e+00,7.543462659758e+00,8.943716669292e-02
-3.251602362528e+00,6.784978276548e+00,9.114776758441e-02
-3.251456947836e+00,4.993274576600e+00,9.157635136882e-02
-3.251418509196e+00,8.599066292097e+00,8.446308788443e-02
-3.251328728497e+00,7.662485385187e+00,8.907891960066e-02
-3.251197068350e+00,7.425257931416e+00,8.976436405102e-02
-3.251106208851e+00,6.986640235957e+00,9.077059800982e-02
-3.250920612717e+00,3.366892332146e+00,9.157593477735e-02
-3.250914123001e+00,1.595748434078e+00,9.157488216013e-02
-3.250659264271e+00,4.833717602605e+00,9.157547050063e-02
-3.250602930967e+00,8.173380645299e+00,8.707443043917e-02
-3.250560646518e+00,9.591202465337e+00,6.603499562476e-02
-3.250514138849e+00,4.365173438335e+00,9.157580910064e-02
-3.250246028187e+00,9.884883331015e+00,4.366612403628e-02
-3.250221263858e+00,4.043147275048e+00,9.157510636557e-02
-3.250191078323e+00,7.782311435502e+00,8.868426684651e-02
-3.249939815036e+00,7.307885833958e+00,9.006449713340e-02
-3.249826004746e+00,2.336408609632e+00,9.157340944803e-02
-3.249805704389e+00,2.690637389245e+00,9.157358221387e-02
-3.249513169387e+00,5.280764432179e+00,9.157200896302e-02
-3.249496422870e+00,3.721121111762e+00,9.157364587148e-02
-3.249487337269e+00,1.241519654464e+00,9.157217102835e-02
-3.249430356386e+00,6.586476246769e+00,9.148150020933e-02
-3.249371142506e+00,1.982179830019e+00,9.157240299032e-02
-3.249310241436e+00,3.044866168860e+00,9.157292142605e-02
-3.249272217565e+00,8.447259028302e+00,8.553983657104e-02
-3.249106037394e+00,5.159153758968e+00,9.157167959139e-02
-3.249007995069e+00,4.638164199985e+00,9.157322757341e-02
-3.248941347792e+00,5.608900410582e+00,9.156993287743e-02
-3.248441117670e+00,1.627951050406e+00,9.157056203527e-02
-3.248362062750e+00,6.059775628378e+00,9.156746216302e-02
-3.248339615886e+00,3.399094948475e+00,9.157142655585e-02
-3.248322170409e+00,5.405224968874e+00,9.156952678826e-02
-3.248249123961e+00,6.141540781941e+00,9.156699526881e-02
-3.248243221202e+00,7.902926100593e+00,8.824834403763e-02
-3.247938331526e+00,5.978761237684e+00,9.156699270682e-02
-3.247896468314e+00,7.191360962226e+00,9.034039524521e-02
-3.247868347118e+00,4.397376054664e+00,9.157118695650e-02
-3.247597070427e+00,4.075349891377e+00,9.157052110435e-02
-3.247594140094e+00,6.224046105747e+00,9.156560300576e-02
-3.247309802815e+00,2.368611225960e+00,9.156901140580e-02
-3.247306700793e+00,4.878928226790e+00,9.156944360088e-02
-3.247267904158e+00,2.722840005573e+00,9.156914647583e-02
-3.247141651104e+00,5.040460738121e+00,9.156863761103e-02
-3.247035930237e+00,1.273722270792e+00,9.156788510847e-02
-3.246983370806e+00,5.898508168377e+00,9.156555657085e-02
-3.246954951237e+00,9.726123184744e+00,5.868114716335e-02
-3.246893827740e+00,3.753323728090e+00,9.156909640648e-02
-3.246876538875e+00,2.014382446348e+00,9.156804148426e-02
-3.246848724927e+00,4.680691970782e+00,9.156926978197e-02
-3.246831402956e+00,6.872618734240e+00,9.099384492854e-02
-3.246750842905e+00,3.077068785189e+00,9.156844680250e-02
-3.246391801715e+00,6.307280973455e+00,9.156317746207e-02
-3.246094978580e+00,8.296384835337e+00,8.644683895948e-02
-3.245968112338e+00,1.660153666735e+00,9.156623593431e-02
-3.245899668541e+00,6.672651379515e+00,9.134510486202e-02
-3.245758619055e+00,3.431297564804e+00,9.156691182546e-02
-3.245502686309e+00,5.819026944515e+00,9.156322949480e-02
-3.245493006737e+00,5.532467073747e+00,9.156414179596e-02
-3.245479355794e+00,8.024314632989e+00,8.776440874314e-02
-3.245469909524e+00,9.298496091816e+00,7.533386294368e-02
-3.245259621798e+00,9.164251840951e+00,7.797097200400e-02
-3.245222555388e+00,4.429578670992e+00,9.156655797030e-02
-3.245073282543e+00,7.075697871561e+00,9.059511764960e-02
-3.244972876997e+00,4.107552507706e+00,9.156592911044e-02
-3.244793600883e+00,2.400813842289e+00,9.156460717092e-02
-3.244730103927e+00,2.755042621902e+00,9.156470443835e-02
-3.244636865222e+00,6.391234725387e+00,9.155985438959e-02
-3.244584523205e+00,1.305924887121e+00,9.156359330865e-02
-3.244448903938e+00,9.432961040849e+00,7.188549086061e-02
-3.244415409465e+00,4.723860923124e+00,9.156488809510e-02
-3.244381935243e+00,2.046585062676e+00,9.156367388877e-02
-3.244362052091e+00,8.877937858354e+00,8.192534795488e-02
-3.244291232609e+00,3.785526344419e+00,9.156454031467e-02
-3.244201055147e+00,8.724427684274e+00,8.344801779696e-02
-3.244191444374e+00,3.109271401517e+00,9.156396576902e-02
-3.244046734084e+00,1.002022207504e+01,1.829722118717e-02
-3.243820240677e+00,9.030237110479e+00,8.005178485177e-02
-3.243785775841e+00,5.208248511012e+00,9.156222635971e-02
-3.243661724403e+00,4.924752642176e+00,9.156290529793e-02
-3.243501848746e+00,5.740328055322e+00,9.155994799793e-02
-3.243495107006e+00,1.692356283063e+00,9.156190384372e-02
-3.243474709079e+00,5.331143510801e+00,9.156126279634e-02
-3.243177622224e+00,3.463500181132e+00,9.156239057082e-02
-3.242995999827e+00,8.571814597685e+00,8.469602431165e-02
-3.242576763657e+00,4.461781287321e+00,9.156192212548e-02
-3.242520445035e+00,5.088239569241e+00,9.156034394954e-02
-3.242485753775e+00,7.517123918960e+00,8.952488054036e-02
-3.242348683566e+00,4.139755124035e+00,9.156133036766e-02
-3.242324153065e+00,6.475896668902e+00,9.155548076178e-02
-3.242277398952e+00,2.433016458617e+00,9.156019672913e-02
-3.242244762371e+00,7.636028308785e+00,8.917489028849e-02
-3.242194461992e+00,9.567637849877e+00,6.718663720347e-02
-3.242192303696e+00,2.787245238230e+00,9.156025608681e-02
-3.242133116174e+00,1.338127503450e+00,9.155929561570e-02
-3.242111504626e+00,9.861237474392e+00,4.691806888227e-02
-3.241928968041e+00,7.399038723317e+00,8.984499512122e-02
-3.241893771887e+00,8.146462248435e+00,8.722281792109e-02
-3.241887331611e+00,2.078787679004e+00,9.155930018996e-02
-3.241795471942e+00,6.759501256481e+00,9.120157813675e-02
-3.241703578434e+00,4.767664525240e+00,9.155995575374e-02
-3.241688637478e+00,3.817728960748e+00,9.155997758028e-02
-3.241632045843e+00,3.141474017846e+00,9.155947831061e-02
-3.241546767927e+00,5.456856538230e+00,9.155744385700e-02
-3.241476601980e+00,6.960911077306e+00,9.083120361396e-02
-3.241200005023e+00,7.755737223161e+00,8.878969284669e-02
-3.241022101675e+00,1.724558899391e+00,9.155756574995e-02
-3.240986493704e+00,5.662421954761e+00,9.155576854280e-02
-3.240753641531e+00,8.420117219345e+00,8.573530530449e-02
-3.240596625393e+00,3.495702797461e+00,9.155786277652e-02
-3.240580484525e+00,7.281787353058e+00,9.013889733673e-02
-3.239930971927e+00,4.493983903650e+00,9.155727940543e-02
-3.239761197021e+00,2.465219074946e+00,9.155578006613e-02
-3.239724490135e+00,4.171957740363e+00,9.155672485981e-02
-3.239720033476e+00,4.971184204268e+00,9.155577887373e-02
-3.239681709142e+00,1.370330119778e+00,9.155499201640e-02
-3.239654503464e+00,2.819447854559e+00,9.155580140653e-02
-3.239448553903e+00,6.561256078795e+00,9.152967788253e-02
-3.239392727980e+00,2.110990295333e+00,9.155492037389e-02
-3.239345583759e+00,7.876235954522e+00,8.836462056011e-02
-3.239086042347e+00,3.849931577077e+00,9.155540818748e-02
-3.239081058378e+00,1.562500050003e-02,9.162100440777e-02
-3.239081058378e+00,4.687500150008e-02,9.161297466773e-02
-3.239081058378e+00,2.656250085005e-01,9.157074763148e-02
-3.239081058378e+00,2.968750095005e-01,9.156676795917e-02
-3.239081058378e+00,3.281250105004e-01,9.156331254885e-02
-3.239081058378e+00,3.593750115004e-01,9.156038411286e-02
-3.239081058378e+00,3.906250125003e-01,9.155798495684e-02
-3.239081058378e+00,4.218750135002e-01,9.155611697447e-02
-3.239081058378e+00,4.531250145001e-01,9.155478164314e-02
-3.239081058378e+00,4.843750155000e-01,9.155398002058e-02
-3.239081058378e+00,5.156250165000e-01,9.155371274238e-02
-3.239081058378e+00,6.093750195001e-01,9.155371274238e-02
-3.239081058378e+00,6.406250205001e-01,9.155371274238e-02
-3.239081058378e+00,6.718750215001e-01,9.155371274238e-02
-3.239081058378e+00,7.031250225002e-01,9.155371274238e-02
-3.239081058378e+00,7.343750235002e-01,9.155371274238e-02
-3.239081058378e+00,7.656250245002e-01,9.155371274238e-02
-3.239081058378e+00,7.968750255001e-01,9.155371274238e-02
-3.239081058378e+00,8.281250265001e-01,9.155371274238e-02
-3.239081058378e+00,8.593750275001e-01,9.155371274238e-02
-3.239081058378e+00,8.906250285001e-01,9.155371274238e-02
-3.239081058378e+00,9.218750295001e-01,9.155371274238e-02
-3.239081058378e+00,9.531250305000e-01,9.155371274238e-02
-3.239081058378e+00,9.843750315000e-01,9.155371274238e-02
-3.239081058378e+00,7.812500250013e-02,9.160543376350e-02
-3.239081058378e+00,1.093750035002e-01,9.159838737034e-02
-3.239081058378e+00,1.406250045003e-01,9.159184082854e-02
-3.239081058378e+00,1.718750055004e-01,9.158579913196e-02
-3.239081058378e+00,2.031250065004e-01,9.158026691709e-02
-3.239081058378e+00,2.343750075005e-01,9.157524845292e-02
-3.239081058378e+00,5.468750175000e-01,9.155371274238e-02
-3.239081058378e+00,5.781250185001e-01,9.155371274238e-02
-3.239072647312e+00,3.173676634174e+00,9.155498441221e-02
-3.238708802215e+00,4.812096217671e+00,9.155451463490e-02
-3.238704497458e+00,9.702517665169e+00,6.041153124803e-02
-3.238549096343e+00,1.756761515720e+00,9.155322163939e-02
-3.238446472946e+00,7.165384400402e+00,9.040914831909e-02
-3.238146514028e+00,5.257914555183e+00,9.155206460997e-02
-3.238015628562e+00,3.527905413790e+00,9.155332842708e-02
-3.237962321398e+00,5.585319061176e+00,9.155070282413e-02
-3.237870192683e+00,6.035354072621e+00,9.154909308835e-02
-3.237866154012e+00,1.016101340164e+00,9.155157692027e-02
-3.237840705525e+00,6.116983218403e+00,9.154871420955e-02
-3.237589157517e+00,5.136604342716e+00,9.155149805947e-02
-3.237480850758e+00,8.269354126366e+00,8.661379226273e-02
-3.237363646292e+00,5.954476845173e+00,9.154840337343e-02
-3.237285180196e+00,4.526186519978e+00,9.155262979347e-02
-3.237269804362e+00,6.199353692847e+00,9.154747904586e-02
-3.237244995089e+00,2.497421691274e+00,9.155135716758e-02
-3.237230302110e+00,1.402532736107e+00,9.155068249747e-02
-3.237116703233e+00,2.851650470888e+00,9.155134038279e-02
-3.237112860497e+00,6.847015054314e+00,9.105035028487e-02
-3.237108518867e+00,5.382079116466e+00,9.154982235013e-02
-3.237100296705e+00,4.204160356692e+00,9.155211257062e-02
-3.236898124348e+00,2.143192911661e+00,9.155053442656e-02
-3.236872872985e+00,9.275014981845e+00,7.591613997739e-02
-3.236783132270e+00,4.617183440528e+00,9.155174686579e-02
-3.236675691629e+00,7.997509757913e+00,8.789333033921e-02
-3.236547469516e+00,9.140813330345e+00,7.842556585144e-02
-3.236513248781e+00,3.205879250503e+00,9.155048405871e-02
-3.236483447217e+00,3.882134193405e+00,9.155083212038e-02
-3.236326512247e+00,5.874362091600e+00,9.154687837981e-02
-3.236152174356e+00,6.282454872540e+00,9.154519766705e-02
-3.236133198010e+00,8.850470046151e+00,8.225697431639e-02
-3.236076091011e+00,1.788964132048e+00,9.154887149842e-02
-3.236028337438e+00,9.996536449404e+00,2.510362712507e-02
-3.236005022785e+00,6.647302197690e+00,9.139562511818e-02
-3.235967190906e+00,9.409437895591e+00,7.265741693434e-02
-3.235875121655e+00,8.697067321327e+00,8.371855219608e-02
-3.235533193210e+00,7.049844418045e+00,9.065901060801e-02
-3.235477367688e+00,5.018216241848e+00,9.154817643870e-02
-3.235436345280e+00,1.048303956493e+00,9.154730090518e-02
-3.235434631731e+00,3.560108030119e+00,9.154878750701e-02
-3.235426691980e+00,4.857149413510e+00,9.154862534776e-02
-3.235341073511e+00,9.004752416460e+00,8.044248444127e-02
-3.234778895078e+00,1.434735352435e+00,9.154636704562e-02
-3.234764301628e+00,5.795020332956e+00,9.154432578239e-02
-3.234728793158e+00,2.529624307603e+00,9.154692801910e-02
-3.234691340326e+00,4.659549425073e+00,9.154794412161e-02
-3.234639388466e+00,4.558389136307e+00,9.154797327290e-02
-3.234578903002e+00,2.883853087217e+00,9.154687300085e-02
-3.234573490459e+00,8.544562903274e+00,8.492085732565e-02
-3.234482566486e+00,6.366276100707e+00,9.154196184910e-02
-3.234476103274e+00,4.236362973021e+00,9.154749348378e-02
-3.234435096392e+00,5.509029756963e+00,9.154467828875e-02
-3.234403520717e+00,2.175395527990e+00,9.154614233396e-02
-3.233976981065e+00,9.837591617768e+00,4.980258731457e-02
-3.233953850250e+00,3.238081866832e+00,9.154597723496e-02
-3.233880852086e+00,3.914336809734e+00,9.154624936306e-02
-3.233828277467e+00,9.544073234418e+00,6.825782501741e-02
-3.233603085680e+00,1.821166748377e+00,9.154451531336e-02
-3.233309443452e+00,7.490785178162e+00,8.961073156921e-02
-3.233184612806e+00,8.119543851571e+00,8.736706934648e-02
-3.233160796246e+00,7.609571232383e+00,8.926856700889e-02
-3.233006536548e+00,1.080506572821e+00,9.154301905145e-02
-3.232853634901e+00,3.592310646447e+00,9.154424000075e-02
-3.232682590498e+00,5.716462055437e+00,9.154095557413e-02
-3.232660867732e+00,7.372819515218e+00,8.992398808136e-02
-3.232343658199e+00,5.185548305344e+00,9.154204158490e-02
-3.232327488046e+00,1.466937968764e+00,9.154204564751e-02
-3.232326254431e+00,4.702557675429e+00,9.154361152341e-02
-3.232255797769e+00,6.450806687586e+00,9.153779457694e-02
-3.232235065496e+00,8.392975410387e+00,8.592455323824e-02
-3.232212591226e+00,2.561826923931e+00,9.154249260626e-02
-3.232208931723e+00,7.729163010820e+00,8.889264839110e-02
-3.232184210831e+00,5.308145083817e+00,9.154137936761e-02
-3.232041102771e+00,2.916055703545e+00,9.154239924590e-02
-3.231993596735e+00,4.590591752636e+00,9.154330982695e-02
-3.231988581355e+00,6.734024236414e+00,9.125452457153e-02
-3.231908917085e+00,2.207598144318e+00,9.154174408203e-02
-3.231852899863e+00,4.902817498633e+00,9.154209056658e-02
-3.231851909844e+00,4.268565589349e+00,9.154286758290e-02
-3.231846995109e+00,6.935181918656e+00,9.089076170404e-02
-3.231394451718e+00,3.270284483160e+00,9.154146392577e-02
-3.231278256955e+00,3.946539426062e+00,9.154165989954e-02
-3.231221154014e+00,7.255688872157e+00,9.021172537862e-02
-3.231130080348e+00,1.853369364705e+00,9.154015307049e-02
-3.230929508170e+00,5.065842057220e+00,9.153992091724e-02
-3.230576727816e+00,1.112709189150e+00,9.153873134604e-02
-3.230454043678e+00,9.678912145593e+00,6.199570341046e-02
-3.230447946315e+00,7.849545808451e+00,8.847803484544e-02
-3.230410647440e+00,5.433564388163e+00,9.153783731431e-02
-3.230272638070e+00,3.624513262776e+00,9.153968589270e-02
-3.230087019778e+00,5.638697709952e+00,9.153654556001e-02
-3.229876081014e+00,1.499140585092e+00,9.153771828975e-02
-3.229696389295e+00,2.594029540260e+00,9.153805091460e-02
-3.229683399273e+00,4.746201663315e+00,9.153875870737e-02
-3.229503302539e+00,2.948258319874e+00,9.153791910309e-02
-3.229466751420e+00,6.536035910821e+00,9.153250298154e-02
-3.229414313454e+00,2.239800760647e+00,9.153733965666e-02
-3.229227716413e+00,4.300768205678e+00,9.153823485159e-02
-3.228996477578e+00,7.139407838579e+00,9.047662478763e-02
-3.228866722935e+00,8.242323417395e+00,8.677581775662e-02
-3.228835053187e+00,3.302487099489e+00,9.153694411591e-02
-3.228675661824e+00,3.978742042391e+00,9.153706371380e-02
-3.228657075016e+00,1.885571981034e+00,9.153578475606e-02
-3.228275836447e+00,9.251533871875e+00,7.646892478007e-02
-3.228146919084e+00,1.144911805478e+00,9.153443777592e-02
-3.228009940792e+00,9.972850823772e+00,3.083946731743e-02
-3.227983119116e+00,4.949093831937e+00,9.153512333446e-02
-3.227904343930e+00,8.823002233948e+00,8.257496713435e-02
-3.227872027465e+00,7.970704882837e+00,8.801891206226e-02
-3.227835317234e+00,9.117374819739e+00,7.885968204744e-02
-3.227691641239e+00,3.656715879105e+00,9.153512516721e-02
-3.227549188163e+00,8.669706958381e+00,8.397898019480e-02
-3.227485477874e+00,9.385914750332e+00,7.338467172552e-02
-3.227432287089e+00,6.092425654865e+00,9.153035560916e-02
-3.227424673982e+00,1.531343201421e+00,9.153338495893e-02
-3.227394318038e+00,6.821411374388e+00,9.110592111519e-02
-3.227378322616e+00,6.010932516863e+00,9.153053563484e-02
-3.227209796689e+00,8.977178376612e+00,8.084092386314e-02
-3.227180187364e+00,2.626232156588e+00,9.153360292960e-02
-3.226983295004e+00,5.561737711769e+00,9.153132547460e-02
-3.226965502308e+00,2.980460936202e+00,9.153343255752e-02
-3.226945468631e+00,6.174661279947e+00,9.152920956453e-02
-3.226919709822e+00,2.272003376975e+00,9.153292904370e-02
-3.226788961058e+00,5.930192452662e+00,9.152973502213e-02
-3.226779858669e+00,5.235064678188e+00,9.153203765048e-02
-3.226758340158e+00,4.790474832737e+00,9.153347585820e-02
-3.226603522982e+00,4.332970822006e+00,9.153359527338e-02
-3.226275654656e+00,3.334689715818e+00,9.153241779007e-02
-3.226184069685e+00,1.917774597362e+00,9.153141035628e-02
-3.226150981090e+00,8.517311208862e+00,8.513799753776e-02
-3.226110377029e+00,6.621953015865e+00,9.144536475344e-02
-3.226073066694e+00,4.010944658720e+00,9.153246078976e-02
-3.226072277639e+00,5.114054926464e+00,9.153118470638e-02
-3.225993103877e+00,7.023990964529e+00,9.072176493598e-02
-3.225912546997e+00,6.257628771625e+00,9.152714194893e-02
-3.225894867324e+00,5.358933264058e+00,9.153003542732e-02
-3.225842457504e+00,9.813945761145e+00,5.237855341564e-02
-3.225717110352e+00,1.177114421807e+00,9.153013832798e-02
-3.225669653687e+00,5.850216014823e+00,9.152803134651e-02
-3.225462092942e+00,9.520508618958e+00,6.925668108926e-02
-3.225110644408e+00,3.688918495433e+00,9.153055780858e-02
-3.224973266950e+00,1.563545817749e+00,9.152904564160e-02
-3.224663985432e+00,2.658434772916e+00,9.152914863670e-02
-3.224475453726e+00,8.092625454706e+00,8.750735381323e-02
-3.224427702077e+00,3.012663552531e+00,9.152893959428e-02
-3.224425106191e+00,2.304205993303e+00,9.152851222897e-02
-3.224328267749e+00,6.341317476028e+00,9.152399315803e-02
-3.224133133129e+00,7.464446437364e+00,8.969477903900e-02
-3.224076830120e+00,7.583114155981e+00,8.936018463980e-02
-3.224025916947e+00,5.771013721398e+00,9.152534175723e-02
-3.223979329552e+00,4.365173438335e+00,9.152894883174e-02
-3.223813084272e+00,4.995971745575e+00,9.152750976353e-02
-3.223716489462e+00,8.365833601429e+00,8.610786852287e-02
-3.223716256125e+00,3.366892332146e+00,9.152788493295e-02
-3.223711064353e+00,1.949977213691e+00,9.152702985731e-02
-3.223546683167e+00,4.835370600231e+00,9.152756670743e-02
-3.223470471563e+00,4.043147275048e+00,9.152785111129e-02
-3.223392767422e+00,7.346600307120e+00,9.000139313268e-02
-3.223377186047e+00,5.485592440180e+00,9.152513272278e-02
-3.223287301620e+00,1.209317038136e+00,9.152583298908e-02
-3.223217858423e+00,7.702588798479e+00,8.899321938868e-02
-3.222533955724e+00,4.638406879364e+00,9.152643503718e-02
-3.222529647577e+00,3.721121111762e+00,9.152598380107e-02
-3.222521859919e+00,1.595748434078e+00,9.152470032425e-02
-3.222217388238e+00,6.909452760005e+00,9.094919712524e-02
-3.222203589899e+00,9.655306626017e+00,6.345140730649e-02
-3.222187442473e+00,6.425716706269e+00,9.151992250514e-02
-3.222181690769e+00,6.708547216346e+00,9.130662876706e-02
-3.222147783501e+00,2.690637389245e+00,9.152468802132e-02
-3.221930502559e+00,2.336408609632e+00,9.152408919825e-02
-3.221889901846e+00,3.044866168860e+00,9.152444019837e-02
-3.221863332250e+00,5.692596055552e+00,9.152175910654e-02
-3.221861823503e+00,7.229590391257e+00,9.028311701497e-02
-3.221550308871e+00,7.822855662379e+00,8.858869090798e-02
-3.221355136121e+00,4.397376054664e+00,9.152429551012e-02
-3.221238059021e+00,1.982179830019e+00,9.152264324527e-02
-3.221156857594e+00,3.399094948475e+00,9.152334552914e-02
-3.220901540558e+00,5.162848099675e+00,9.152177268152e-02
-3.220893712582e+00,5.285146656833e+00,9.152135221417e-02
-3.220867876432e+00,4.075349891377e+00,9.152323466223e-02
-3.220857492888e+00,1.241519654464e+00,9.152152174608e-02
-3.220252595112e+00,8.215292708424e+00,8.693312802586e-02
-3.220237099396e+00,4.681254427734e+00,9.152217232877e-02
-3.220070452887e+00,1.627951050406e+00,9.152034899336e-02
-3.220044075324e+00,4.880882355090e+00,9.152119166348e-02
-3.219991544147e+00,9.949165198141e+00,3.573877660095e-02
-3.219948650746e+00,3.753323728090e+00,9.152140312889e-02
-3.219678799909e+00,9.228052761905e+00,7.699439156605e-02
-3.219675489849e+00,8.795534421745e+00,8.288013789780e-02
-3.219631581569e+00,2.722840005573e+00,9.152022106882e-02
-3.219546482210e+00,7.113431276755e+00,9.054286088810e-02
-3.219484948938e+00,6.510815742847e+00,9.151482693603e-02
-3.219435898928e+00,2.368611225960e+00,9.151965993725e-02
-3.219352101615e+00,3.077068785189e+00,9.151993435477e-02
-3.219338571305e+00,5.043444545200e+00,9.151941415139e-02
-3.219274526953e+00,5.410272238097e+00,9.151805384822e-02
-3.219223254672e+00,8.642346595434e+00,8.422985032595e-02
-3.219187545852e+00,5.614973465144e+00,9.151724120098e-02
-3.219123164952e+00,9.093936309132e+00,7.927466569983e-02
-3.219078519868e+00,8.949604336765e+00,8.121996188550e-02
-3.219068363301e+00,7.943900007760e+00,8.814128103813e-02
-3.219003764841e+00,9.362391605074e+00,7.407100832589e-02
-3.218765053690e+00,2.014382446348e+00,9.151825050625e-02
-3.218730942691e+00,4.429578670992e+00,9.151963529188e-02
-3.218597459063e+00,3.431297564804e+00,9.151879956325e-02
-3.218427684156e+00,1.273722270792e+00,9.151720458576e-02
-3.218265281301e+00,4.107552507706e+00,9.151861142636e-02
-3.217728471721e+00,8.490059514451e+00,8.534757832241e-02
-3.217707933943e+00,9.790299904522e+00,5.469290135136e-02
-3.217675775579e+00,6.795807694461e+00,9.116058160465e-02
-3.217663220112e+00,4.724738801390e+00,9.151747793249e-02
-3.217619045855e+00,1.660153666735e+00,9.151599163535e-02
-3.217367653915e+00,3.785526344419e+00,9.151681577620e-02
-3.217115379638e+00,2.755042621902e+00,9.151574776450e-02
-3.217095908416e+00,9.496944003499e+00,7.019027004059e-02
-3.217023868653e+00,6.067868091327e+00,9.151191925201e-02
-3.216941295296e+00,2.400813842289e+00,9.151522443167e-02
-3.216886452549e+00,5.986510961105e+00,9.151187804013e-02
-3.216814301383e+00,3.109271401517e+00,9.151542204842e-02
-3.216621132899e+00,6.149968867047e+00,9.151086196290e-02
-3.216453014544e+00,6.998137511013e+00,9.078341192934e-02
-3.216292048358e+00,2.046585062676e+00,9.151385162630e-02
-3.216246204756e+00,4.927003459605e+00,9.151425723683e-02
-3.216215731273e+00,6.596603834040e+00,9.149430158451e-02
-3.216214275825e+00,5.905908060151e+00,9.151098745863e-02
-3.216106749260e+00,4.461781287321e+00,9.151496816037e-02
-3.216038060532e+00,3.463500181132e+00,9.151424701978e-02
-3.216004268611e+00,5.538156362362e+00,9.151178601069e-02
-3.215997875424e+00,1.305924887121e+00,9.151288149488e-02
-3.215766294645e+00,8.065707057842e+00,8.764383148788e-02
-3.215672919638e+00,6.232802670711e+00,9.150892433606e-02
-3.215662686171e+00,4.139755124035e+00,9.151398138740e-02
-3.215413203310e+00,5.212214801192e+00,9.151183500763e-02
-3.215197913428e+00,8.338691792471e+00,8.628552207307e-02
-3.215167638823e+00,1.692356283063e+00,9.151162823661e-02
-3.215012795128e+00,5.826069938046e+00,9.150905708792e-02
-3.214992863995e+00,7.556657079580e+00,8.944981064804e-02
-3.214956822805e+00,7.438107696566e+00,8.977707980472e-02
-3.214807878102e+00,4.768853447804e+00,9.151220204319e-02
-3.214786657084e+00,3.817728960748e+00,9.151222172712e-02
-3.214681215782e+00,5.335787411650e+00,9.151014516619e-02
-3.214599177707e+00,2.787245238230e+00,9.151126809364e-02
-3.214555397761e+00,5.091505510213e+00,9.151067146297e-02
-3.214446691665e+00,2.433016458617e+00,9.151078266715e-02
-3.214276501152e+00,3.141474017846e+00,9.151090326419e-02
-3.214226785123e+00,7.676014586139e+00,8.909148791400e-02
-3.214173969013e+00,6.316358851348e+00,9.150594806297e-02
-3.214124667113e+00,7.320381099021e+00,9.007725851703e-02
-3.213953136120e+00,9.631701106442e+00,6.479362748827e-02
-3.213819043026e+00,2.078787679004e+00,9.150944659142e-02
-3.213568066692e+00,1.338127503450e+00,9.150855246015e-02
-3.213482555830e+00,4.493983903650e+00,9.151029409886e-02
-3.213478662001e+00,3.495702797461e+00,9.150968788323e-02
-3.213287532265e+00,5.747007109839e+00,9.150627725416e-02
-3.213060091040e+00,4.171957740363e+00,9.150934452903e-02
-3.212899386115e+00,1.008456155904e+01,6.608629165968e-06
-3.212716231791e+00,1.724558899391e+00,9.150725878349e-02
-3.212652671428e+00,7.796165516308e+00,8.869668790542e-02
-3.212587781367e+00,6.883723601355e+00,9.100662622130e-02
-3.212502492992e+00,7.203491910357e+00,9.035315435176e-02
-3.212374800182e+00,6.683070196279e+00,9.135791190598e-02
-3.212319275702e+00,5.462155123396e+00,9.150550500805e-02
-3.212205660253e+00,3.849931577077e+00,9.150762096570e-02
-3.212148800856e+00,4.973727249303e+00,9.150675804371e-02
-3.212119087177e+00,6.400626724952e+00,9.150196490278e-02
-3.212082975775e+00,2.819447854559e+00,9.150678204148e-02
-3.211973147501e+00,9.925479572509e+00,3.997200776880e-02
-3.211952088033e+00,2.465219074946e+00,9.150633462929e-02
-3.211738700921e+00,3.173676634174e+00,9.150637798694e-02
-3.211666674354e+00,4.813591786952e+00,9.150642284623e-02
-3.211638467289e+00,8.188261999453e+00,8.708592380526e-02
-3.211446635769e+00,8.768066609542e+00,8.317323570865e-02
-3.211346037695e+00,2.110990295333e+00,9.150503538758e-02
-3.211138257960e+00,1.370330119778e+00,9.150421746826e-02
-3.211081763371e+00,9.204571651934e+00,7.749450613471e-02
-3.211044074002e+00,5.668730055668e+00,9.150246262546e-02
-3.210947243047e+00,8.922030296918e+00,8.158240600155e-02
-3.210919263470e+00,3.527905413790e+00,9.150512213804e-02
-3.210897321180e+00,8.614986232487e+00,8.447167256444e-02
-3.210858362399e+00,4.526186519978e+00,9.150561309057e-02
-3.210522051809e+00,9.338868459815e+00,7.471977106161e-02
-3.210457495909e+00,4.204160356692e+00,9.150470083488e-02
-3.210411012669e+00,9.070497798526e+00,7.967174678375e-02
-3.210376571123e+00,4.617264333655e+00,9.150475299531e-02
-3.210289226748e+00,4.687500150008e-02,9.156323357760e-02
-3.210289226748e+00,3.906250125003e-01,9.150685319123e-02
-3.210289226748e+00,6.093750195001e-01,9.150247172098e-02
-3.210289226748e+00,8.593750275001e-01,9.150247172098e-02
-3.210289226748e+00,8.906250285001e-01,9.150247172098e-02
-3.210289226748e+00,9.531250305000e-01,9.150247172098e-02
-3.210289226748e+00,9.843750315000e-01,9.150247172098e-02
-3.210289226748e+00,1.562500050003e-02,9.157146397477e-02
-3.210289226748e+00,1.093750035002e-01,9.154828018570e-02
-3.210289226748e+00,1.406250045003e-01,9.154156868742e-02
-3.210289226748e+00,1.718750055004e-01,9.153537439215e-02
-3.210289226748e+00,2.031250065004e-01,9.152970214088e-02
-3.210289226748e+00,2.343750075005e-01,9.152455639152e-02
-3.210289226748e+00,2.656250085005e-01,9.151994120888e-02
-3.210289226748e+00,2.968750095005e-01,9.151586025545e-02
-3.210289226748e+00,3.281250105004e-01,9.151231678304e-02
-3.210289226748e+00,3.593750115004e-01,9.150931362531e-02
-3.210289226748e+00,4.218750135002e-01,9.150493745946e-02
-3.210289226748e+00,4.531250145001e-01,9.150356797382e-02
-3.210289226748e+00,4.843750155000e-01,9.150274583958e-02
-3.210289226748e+00,5.156250165000e-01,9.150247172098e-02
-3.210289226748e+00,5.468750175000e-01,9.150247172098e-02
-3.210289226748e+00,5.781250185001e-01,9.150247172098e-02
-3.210289226748e+00,6.406250205001e-01,9.150247172098e-02
-3.210289226748e+00,6.718750215001e-01,9.150247172098e-02
-3.210289226748e+00,7.031250225002e-01,9.150247172098e-02
-3.210289226748e+00,7.343750235002e-01,9.150247172098e-02
-3.210289226748e+00,7.656250245002e-01,9.150247172098e-02
-3.210289226748e+00,7.968750255001e-01,9.150247172098e-02
-3.210289226748e+00,8.281250265001e-01,9.150247172098e-02
-3.210289226748e+00,9.218750295001e-01,9.150247172098e-02
-3.210289226748e+00,7.812500250013e-02,9.155550367375e-02
-3.210264824759e+00,1.756761515720e+00,9.150288326230e-02
-3.210264699137e+00,7.917095132684e+00,8.826055817123e-02
-3.210096486842e+00,7.087454714932e+00,9.060789155612e-02
-3.209624663422e+00,3.882134193405e+00,9.150301347597e-02
-3.209603214333e+00,5.262148229848e+00,9.150124088974e-02
-3.209573410382e+00,9.766654047899e+00,5.678350615827e-02
-3.209566773844e+00,2.851650470888e+00,9.150228959320e-02
-3.209503146455e+00,6.485595574873e+00,9.149703442071e-02
-3.209459422916e+00,5.140147894007e+00,9.150141967385e-02
-3.209457484402e+00,2.497421691274e+00,9.150188030367e-02
-3.209305962352e+00,8.462807820039e+00,8.554979831686e-02
-3.209200900690e+00,3.205879250503e+00,9.150184620146e-02
-3.209085121532e+00,1.016101340164e+00,9.150032017465e-02
-3.208873032363e+00,2.143192911661e+00,9.150061800070e-02
-3.208729723891e+00,9.473379388040e+00,7.106476575109e-02
-3.208708449228e+00,1.402532736107e+00,9.149987650585e-02
-3.208359864939e+00,3.560108030119e+00,9.150054976859e-02
-3.208288071926e+00,5.591249220336e+00,9.149783084551e-02
-3.208235250785e+00,4.858947211547e+00,9.150015657434e-02
-3.208234168968e+00,4.558389136307e+00,9.150092511869e-02
-3.208147944361e+00,4.659951180038e+00,9.150064869829e-02
-3.208138406466e+00,5.386980088030e+00,9.149818648523e-02
-3.207957233120e+00,6.770204014535e+00,9.121435515176e-02
-3.207854900778e+00,4.236362973021e+00,9.150005028853e-02
-3.207813417728e+00,1.788964132048e+00,9.149850165932e-02
-3.207747634441e+00,5.021047033179e+00,9.149872544890e-02
-3.207057135565e+00,8.038788660978e+00,8.777633698168e-02
-3.207050571913e+00,2.883853087217e+00,9.149779073394e-02
-3.207043666591e+00,3.914336809734e+00,9.149839924189e-02
-3.206962880770e+00,2.529624307603e+00,9.149741967580e-02
-3.206912925211e+00,6.972284057497e+00,9.084398179699e-02
-3.206679337394e+00,8.311549983514e+00,8.645776882452e-02
-3.206676911100e+00,1.048303956493e+00,9.149601267322e-02
-3.206663100458e+00,3.238081866832e+00,9.149730789249e-02
-3.206615450217e+00,6.043310527788e+00,9.149328379947e-02
-3.206400027031e+00,2.175395527990e+00,9.149619441665e-02
-3.206394582483e+00,5.962089405348e+00,9.149314051338e-02
-3.206321085517e+00,6.571254652216e+00,9.149099136346e-02
-3.206296797168e+00,6.125276454147e+00,9.149243600438e-02
-3.206278640496e+00,1.434735352435e+00,9.149552955953e-02
-3.205908897869e+00,7.530200003178e+00,8.953750967810e-02
-3.205800466408e+00,3.592310646447e+00,9.149597075923e-02
-3.205780512482e+00,7.411768955768e+00,8.985768843612e-02
-3.205702682341e+00,9.608095586866e+00,6.603510563790e-02
-3.205643040951e+00,4.703275939464e+00,9.149599213435e-02
-3.205639590591e+00,5.881623667639e+00,9.149207811689e-02
-3.205609975538e+00,4.590591752636e+00,9.149623016633e-02
-3.205433292279e+00,6.207976569796e+00,9.149058808518e-02
-3.205362010696e+00,1.821166748377e+00,9.149411396076e-02
-3.205252305648e+00,4.268565589349e+00,9.149539287350e-02
-3.205235711822e+00,7.649440373798e+00,8.918742290512e-02
-3.205025242217e+00,5.514575012956e+00,9.149216321167e-02
-3.204997310305e+00,1.006083673340e+01,1.008998477697e-02
-3.204856566804e+00,7.294161890922e+00,9.015163061043e-02
-3.204534369981e+00,2.916055703545e+00,9.149328544880e-02
-3.204509290396e+00,4.904913087274e+00,9.149325857037e-02
-3.204468277139e+00,2.561826923931e+00,9.149295273115e-02
-3.204462669760e+00,3.946539426062e+00,9.149377824738e-02
-3.204355936568e+00,5.801923861268e+00,9.149000149018e-02
-3.204268700668e+00,1.080506572821e+00,9.149169928253e-02
-3.204125300227e+00,3.270284483160e+00,9.149276304475e-02
-3.204046547951e+00,5.189364924196e+00,9.149147923079e-02
-3.204019670277e+00,6.291400226669e+00,9.148782631554e-02
-3.203954750855e+00,9.901793946878e+00,4.366625060691e-02
-3.203927021700e+00,2.207598144318e+00,9.149176462128e-02
-3.203848831764e+00,1.466937968764e+00,9.149117661587e-02
-3.203755033984e+00,7.769475370237e+00,8.880212041633e-02
-3.203467564240e+00,5.312641559242e+00,9.149003543704e-02
-3.203241067877e+00,3.624513262776e+00,9.149138509425e-02
-3.203217781688e+00,8.740598797339e+00,8.345495310276e-02
-3.203143162481e+00,7.177393429457e+00,9.042187650587e-02
-3.203038517884e+00,5.068956093961e+00,9.149007264607e-02
-3.203024339466e+00,8.161231290482e+00,8.723439478760e-02
-3.202958174497e+00,6.857994442704e+00,9.106309544145e-02
-3.202910603664e+00,1.853369364705e+00,9.148972015283e-02
-3.202857416046e+00,4.747232062870e+00,9.149081180852e-02
-3.202815966226e+00,8.894456257070e+00,8.192930539829e-02
-3.202649710517e+00,4.300768205678e+00,9.149072857329e-02
-3.202571387688e+00,8.587625869541e+00,8.470492163170e-02
-3.202567909596e+00,6.657593176212e+00,9.140839450208e-02
-3.202549147584e+00,5.723000498280e+00,9.148703322627e-02
-3.202484726833e+00,9.181090541964e+00,7.797105026143e-02
-3.202050731882e+00,6.375536743635e+00,9.148393045873e-02
-3.202040338776e+00,9.315345314557e+00,7.533394967242e-02
-3.202018168050e+00,2.948258319874e+00,9.148877372283e-02
-3.201973673507e+00,2.594029540260e+00,9.148847945516e-02
-3.201881672930e+00,3.978742042391e+00,9.148915047632e-02
-3.201860490236e+00,1.112709189150e+00,9.148737998947e-02
-3.201698860387e+00,9.047059287919e+00,8.005185585569e-02
-3.201587499996e+00,3.302487099489e+00,9.148821164289e-02
-3.201461034973e+00,7.890290257608e+00,8.837685851671e-02
-3.201454016368e+00,2.239800760647e+00,9.148732860040e-02
-3.201438886821e+00,9.743008191275e+00,5.868126885621e-02
-3.201419023032e+00,1.499140585092e+00,9.148681766139e-02
-3.201261365357e+00,5.438717806613e+00,9.148564421581e-02
-3.200883452983e+00,8.435556125627e+00,8.574547075298e-02
-3.200681669346e+00,3.656715879105e+00,9.148679275790e-02
-3.200646491474e+00,7.061478153109e+00,9.067175048260e-02
-3.200484517440e+00,4.951482753030e+00,9.148592139931e-02
-3.200459196632e+00,1.885571981034e+00,9.148532022167e-02
-3.200363539365e+00,9.449814772581e+00,7.188558745997e-02
-3.200224815754e+00,5.644864055783e+00,9.148308361317e-02
-3.200047115386e+00,4.332970822006e+00,9.148605737131e-02
-3.199786665541e+00,4.791812973673e+00,9.148519398851e-02
-3.199521343972e+00,6.460375406899e+00,9.147908774437e-02
-3.199501966119e+00,2.980460936202e+00,9.148425554105e-02
-3.199479069876e+00,2.626232156588e+00,9.148399983322e-02
-3.199452279803e+00,1.144911805478e+00,9.148305478089e-02
-3.199300676099e+00,4.010944658720e+00,9.148451591252e-02
-3.199049699765e+00,3.334689715818e+00,9.148365367153e-02
-3.198989214300e+00,1.531343201421e+00,9.148245268257e-02
-3.198981011036e+00,2.272003376975e+00,9.148288633975e-02
-3.198347976484e+00,8.011870264114e+00,8.790530531669e-02
-3.198312716085e+00,5.239149802864e+00,9.148104143316e-02
-3.198238690661e+00,6.744600334610e+00,9.126726439941e-02
-3.198160761359e+00,8.284408174556e+00,8.662484888378e-02
-3.198122270815e+00,3.688918495433e+00,9.148219373439e-02
-3.198017305275e+00,5.117447688339e+00,9.148087143082e-02
-3.198007789600e+00,1.917774597362e+00,9.148091415340e-02
-3.197452228562e+00,9.584490067291e+00,6.718674507580e-02
-3.197444520255e+00,4.365173438335e+00,9.148137925093e-02
-3.197388598001e+00,5.567524975528e+00,9.147821517426e-02
-3.197372835878e+00,6.946430603981e+00,9.090349284140e-02
-3.197095234494e+00,1.003711190776e+01,1.829729982178e-02
-3.197044069371e+00,1.177114421807e+00,9.147872364361e-02
-3.197002285979e+00,5.363687937964e+00,9.147823515153e-02
-3.196985764187e+00,3.012663552531e+00,9.147973088842e-02
-3.196984466244e+00,2.658434772916e+00,9.147951385068e-02
-3.196824931744e+00,7.503742926776e+00,8.962334369638e-02
-3.196719679268e+00,4.043147275048e+00,9.147987453975e-02
-3.196604202159e+00,7.385430214970e+00,8.993665733004e-02
-3.196559405568e+00,1.563545817749e+00,9.147808166588e-02
-3.196511899533e+00,3.366892332146e+00,9.147908911523e-02
-3.196508005704e+00,2.304205993303e+00,9.147843782506e-02
-3.196426439761e+00,6.545905470391e+00,9.147325021126e-02
-3.196426426246e+00,4.837012068003e+00,9.147890909159e-02
-3.196244638522e+00,7.622866161457e+00,8.928109202221e-02
-3.196207031781e+00,6.018752964250e+00,9.147455709434e-02
-3.196156697576e+00,4.998649521159e+00,9.147787851802e-02
-3.196058789327e+00,4.638647932343e+00,9.147893345007e-02
-3.195972461436e+00,6.100584041247e+00,9.147392832265e-02
-3.195936354210e+00,9.878108321246e+00,4.691819673241e-02
-3.195902712416e+00,5.937667849590e+00,9.147432284310e-02
-3.195588466494e+00,7.267942682823e+00,9.022440052114e-02
-3.195562872283e+00,3.721121111762e+00,9.147758800786e-02
-3.195556382568e+00,1.949977213691e+00,9.147650193408e-02
-3.195193664920e+00,6.183150468881e+00,9.147217292899e-02
-3.195064905357e+00,5.857339275128e+00,9.147303264767e-02
-3.194988927608e+00,8.713130985136e+00,8.372593123930e-02
-3.194857396540e+00,7.742785224165e+00,8.890507869917e-02
-3.194841925125e+00,4.397376054664e+00,9.147669419549e-02
-3.194684689404e+00,8.866882217223e+00,8.226162378976e-02
-3.194635858939e+00,1.209317038136e+00,9.147438656441e-02
-3.194489862613e+00,2.690637389245e+00,9.147502149284e-02
-3.194469562256e+00,3.044866168860e+00,9.147519974986e-02
-3.194410211643e+00,8.134200581511e+00,8.737872036682e-02
-3.194245454196e+00,8.560265506594e+00,8.493003996895e-02
-3.194138682437e+00,4.075349891377e+00,9.147522634174e-02
-3.194129596836e+00,1.595748434078e+00,9.147370459773e-02
-3.194046215823e+00,5.490993663549e+00,9.147245696143e-02
-3.194035000373e+00,2.336408609632e+00,9.147398304200e-02
-3.193974099302e+00,3.399094948475e+00,9.147451795851e-02
-3.193887690295e+00,9.157609431994e+00,7.842564274161e-02
-3.193865371541e+00,6.266441601989e+00,9.146950945265e-02
-3.193783831970e+00,7.151294948557e+00,9.048932116341e-02
-3.193699078008e+00,5.777777784491e+00,9.147086436813e-02
-3.193622861790e+00,4.681813077539e+00,9.147435432416e-02
-3.193558625744e+00,9.291822169298e+00,7.591622509593e-02
-3.193328567626e+00,6.832265284054e+00,9.111862983813e-02
-3.193326180540e+00,9.021500510829e+00,8.044308224510e-02
-3.193304363260e+00,9.719362334652e+00,6.041165099636e-02
-3.193104975536e+00,1.982179830019e+00,9.147208354975e-02
-3.193003473752e+00,3.753323728090e+00,9.147297556242e-02
-3.192772376036e+00,4.882822714942e+00,9.147217375513e-02
-3.192761019010e+00,6.632116156144e+00,9.145809642580e-02
-3.192679892592e+00,5.166515047200e+00,9.147103765631e-02
-3.192657370808e+00,7.863485382532e+00,8.849029162639e-02
-3.192460943614e+00,8.408304431216e+00,8.593490395054e-02
-3.192253912698e+00,5.289495706834e+00,9.146984000975e-02
-3.192239329994e+00,4.429578670992e+00,9.147200218826e-02
-3.192227648507e+00,1.241519654464e+00,9.147004353002e-02
-3.191997354840e+00,9.426250157121e+00,7.265751165248e-02
-3.191995258981e+00,2.722840005573e+00,9.147052274496e-02
-3.191982376586e+00,6.350446762318e+00,9.146581890788e-02
-3.191953360324e+00,3.077068785189e+00,9.147066211025e-02
-3.191810762903e+00,5.698993886722e+00,9.146766279089e-02
-3.191699788104e+00,1.627951050406e+00,9.146932146448e-02
-3.191561995041e+00,2.368611225960e+00,9.146952197619e-02
-3.191557685606e+00,4.107552507706e+00,9.147057130216e-02
-3.191521638006e+00,5.046406677709e+00,9.146938831385e-02
-3.191436299071e+00,3.431297564804e+00,9.146994018586e-02
-3.191196496106e+00,7.035501591285e+00,9.073447016780e-02
-3.190906953989e+00,4.725610677936e+00,9.146933565367e-02
-3.190653568505e+00,2.014382446348e+00,9.146765898639e-02
-3.190444075221e+00,3.785526344419e+00,9.146835638213e-02
-3.190203455012e+00,5.415280489829e+00,9.146569642156e-02
-3.189819438075e+00,1.273722270792e+00,9.146569452715e-02
-3.189642185325e+00,8.257266365598e+00,8.678698858136e-02
-3.189638817404e+00,7.984951867250e+00,8.803092715196e-02
-3.189636734863e+00,4.461781287321e+00,9.146730321245e-02
-3.189539541489e+00,6.435155238925e+00,9.146106382918e-02
-3.189500655349e+00,2.755042621902e+00,9.146601759227e-02
-3.189437158393e+00,3.109271401517e+00,9.146611795441e-02
-3.189405557506e+00,5.620998055898e+00,9.146362191976e-02
-3.189269979372e+00,1.660153666735e+00,9.146493225248e-02
-3.189201774783e+00,9.560884547715e+00,6.825793077185e-02
-3.189193158684e+00,1.001338708211e+01,2.510372580174e-02
-3.189088989709e+00,2.400813842289e+00,9.146505461324e-02
-3.188976688775e+00,4.139755124035e+00,9.146590940463e-02
-3.188898498840e+00,3.463500181132e+00,9.146535578169e-02
-3.188820234023e+00,4.929238256757e+00,9.146482930869e-02
-3.188520148202e+00,6.718996654684e+00,9.131933126440e-02
-3.188202161473e+00,2.046585062676e+00,9.146322822997e-02
-3.187917957564e+00,9.854422695614e+00,4.980271535217e-02
-3.187906656728e+00,4.770034160394e+00,9.146370366460e-02
-3.187884676690e+00,3.817728960748e+00,9.146373045100e-02
-3.187832746545e+00,6.920577150465e+00,9.096187237438e-02
-3.187740965618e+00,7.477285850374e+00,8.970737212684e-02
-3.187427891835e+00,7.359091474172e+00,9.001403681625e-02
-3.187411227643e+00,1.305924887121e+00,9.146133954246e-02
-3.187253565222e+00,7.596291949117e+00,8.937269933895e-02
-3.187034139732e+00,4.493983903650e+00,9.146259725126e-02
-3.187022217836e+00,5.216151375880e+00,9.146059918426e-02
-3.187006051718e+00,2.787245238230e+00,9.146150601994e-02
-3.186920956461e+00,3.141474017846e+00,9.146156726713e-02
-3.186840170640e+00,1.692356283063e+00,9.146053694801e-02
-3.186760073527e+00,8.685663172933e+00,8.398676453604e-02
-3.186615984378e+00,2.433016458617e+00,9.146058093870e-02
-3.186575187634e+00,5.094747482670e+00,9.146018125953e-02
-3.186553412583e+00,8.839308177375e+00,8.258024783735e-02
-3.186531794005e+00,6.520556288566e+00,9.145533588553e-02
-3.186489124075e+00,5.543800730720e+00,9.145851492100e-02
-3.186395691944e+00,4.171957740363e+00,9.146124063273e-02
-3.186360698609e+00,3.495702797461e+00,9.146076473039e-02
-3.186320366185e+00,7.241723474724e+00,9.029576318266e-02
-3.185959759096e+00,7.716095078094e+00,8.900564893396e-02
-3.185919520704e+00,8.532905143647e+00,8.514744041725e-02
-3.185866165492e+00,5.340395787897e+00,9.145809505125e-02
-3.185798613345e+00,5.994195400712e+00,9.145574956246e-02
-3.185796083820e+00,8.107169872540e+00,8.751907032261e-02
-3.185750754441e+00,2.078787679004e+00,9.145879126637e-02
-3.185648125704e+00,6.075891628347e+00,9.145521303525e-02
-3.185410842349e+00,5.913246293832e+00,9.145534683919e-02
-3.185325278159e+00,3.849931577077e+00,9.145909775299e-02
-3.185292973129e+00,8.993821467255e+00,8.084236004068e-02
-3.185290653757e+00,9.134128322023e+00,7.885975761128e-02
-3.185169839699e+00,9.695716478029e+00,6.199582109859e-02
-3.185076912712e+00,9.268299024040e+00,7.646900833644e-02
-3.185003017210e+00,1.338127503450e+00,9.145697856259e-02
-3.184954037561e+00,6.158324367967e+00,9.145367861687e-02
-3.184617601706e+00,4.815076924460e+00,9.145757430990e-02
-3.184565760711e+00,4.976252009138e+00,9.145694466867e-02
-3.184511448086e+00,2.819447854559e+00,9.145698801310e-02
-3.184490220123e+00,5.833054882617e+00,9.145390483537e-02
-3.184431544602e+00,4.526186519978e+00,9.145788428778e-02
-3.184424501459e+00,7.125196467657e+00,9.055552464353e-02
-3.184410361908e+00,1.724558899391e+00,9.145613553734e-02
-3.184404754530e+00,3.173676634174e+00,9.145701003316e-02
-3.184142979046e+00,2.465219074946e+00,9.145610093806e-02
-3.184038434246e+00,8.381052736804e+00,8.611838748500e-02
-3.183969634292e+00,4.617344684648e+00,9.145704711355e-02
-3.183853706644e+00,7.836680507456e+00,8.860096187083e-02
-3.183822898377e+00,3.527905413790e+00,9.145616701629e-02
-3.183814695113e+00,4.204160356692e+00,9.145656496998e-02
-3.183711072804e+00,6.241482977310e+00,9.145110533293e-02
-3.183698960755e+00,6.806536125403e+00,9.117325364184e-02
-3.183631170314e+00,9.402685541662e+00,7.338476461320e-02
-3.183299347409e+00,2.110990295333e+00,9.145434808148e-02
-3.183067189429e+00,5.467412314142e+00,9.145257341783e-02
-3.183042219449e+00,5.753631707714e+00,9.145156900533e-02
-3.182954128423e+00,6.606639136077e+00,9.144852961723e-02
-3.182765879628e+00,3.882134193405e+00,9.145445827201e-02
-3.182594806778e+00,1.370330119778e+00,9.145261157411e-02
-3.182016844455e+00,2.851650470888e+00,9.145246355683e-02
-3.181980553176e+00,1.756761515720e+00,9.145172800667e-02
-3.181914021290e+00,6.325356781002e+00,9.144760102605e-02
-3.181888552599e+00,3.205879250503e+00,9.145244623719e-02
-3.181828949471e+00,4.558389136307e+00,9.145316430508e-02
-3.181746500738e+00,7.009525029462e+00,9.079608197255e-02
-3.181669973714e+00,2.497421691274e+00,9.145161459679e-02
-3.181602682629e+00,4.660350215613e+00,9.145262977531e-02
-3.181497395118e+00,2.031250065004e-01,9.147831482875e-02
-3.181497395118e+00,7.812500250013e-02,9.150477341159e-02
-3.181497395118e+00,1.093750035002e-01,9.149736661405e-02
-3.181497395118e+00,4.531250145001e-01,9.145150864361e-02
-3.181497395118e+00,2.343750075005e-01,9.147303727883e-02
-3.181497395118e+00,3.593750115004e-01,9.145740260215e-02
-3.181497395118e+00,3.906250125003e-01,9.145487869809e-02
-3.181497395118e+00,4.843750155000e-01,9.145066526244e-02
-3.181497395118e+00,5.781250185001e-01,9.145038405816e-02
-3.181497395118e+00,7.031250225002e-01,9.145038405816e-02
-3.181497395118e+00,7.968750255001e-01,9.145038405816e-02
-3.181497395118e+00,8.593750275001e-01,9.145038405816e-02
-3.181497395118e+00,8.906250285001e-01,9.145038405816e-02
-3.181497395118e+00,9.531250305000e-01,9.145038405816e-02
-3.181497395118e+00,9.843750315000e-01,9.145038405816e-02
-3.181497395118e+00,4.687500150008e-02,9.151269892568e-02
-3.181497395118e+00,1.406250045003e-01,9.149048435292e-02
-3.181497395118e+00,1.718750055004e-01,9.148413207240e-02
-3.181497395118e+00,2.656250085005e-01,9.146830366943e-02
-3.181497395118e+00,2.968750095005e-01,9.146411782751e-02
-3.181497395118e+00,3.281250105004e-01,9.146048315125e-02
-3.181497395118e+00,4.218750135002e-01,9.145291350731e-02
-3.181497395118e+00,5.156250165000e-01,9.145038405816e-02
-3.181497395118e+00,5.468750175000e-01,9.145038405816e-02
-3.181497395118e+00,6.093750195001e-01,9.145038405816e-02
-3.181497395118e+00,6.718750215001e-01,9.145038405816e-02
-3.181497395118e+00,7.343750235002e-01,9.145038405816e-02
-3.181497395118e+00,7.656250245002e-01,9.145038405816e-02
-3.181497395118e+00,8.281250265001e-01,9.145038405816e-02
-3.181497395118e+00,9.218750295001e-01,9.145038405816e-02
-3.181497395118e+00,1.562500050003e-02,9.152113697372e-02
-3.181497395118e+00,6.406250205001e-01,9.145038405816e-02
-3.181313237233e+00,5.143665170204e+00,9.145050255401e-02
-3.181291082874e+00,9.989662256469e+00,3.083957900423e-02
-3.181285098146e+00,3.560108030119e+00,9.145156262368e-02
-3.181233698282e+00,4.236362973021e+00,9.145188239984e-02
-3.181123609291e+00,8.230124556641e+00,8.694440143729e-02
-3.181072378222e+00,5.674987275163e+00,9.144820869535e-02
-3.181040261155e+00,5.266349854426e+00,9.144955883040e-02
-3.181035461676e+00,4.860732342611e+00,9.145091760776e-02
-3.180951321004e+00,9.537279028140e+00,6.925678475859e-02
-3.180929658323e+00,7.958033470385e+00,8.815333008640e-02
-3.180847940377e+00,2.143192911661e+00,9.144989866112e-02
-3.180304089052e+00,1.016101340164e+00,9.144821648252e-02
-3.180206481097e+00,3.914336809734e+00,9.144981199191e-02
-3.180186596346e+00,1.402532736107e+00,9.144823856358e-02
-3.180004758128e+00,5.023857261457e+00,9.144846704952e-02
-3.179899560918e+00,9.830737069983e+00,5.237868086707e-02
-3.179557739006e+00,6.409935070951e+00,9.144296239441e-02
-3.179550744444e+00,1.788964132048e+00,9.144731434218e-02
-3.179522240823e+00,2.883853087217e+00,9.144793263618e-02
-3.179372350667e+00,3.238081866832e+00,9.144787586386e-02
-3.179226354340e+00,4.590591752636e+00,9.144843728619e-02
-3.179196968383e+00,2.529624307603e+00,9.144712190031e-02
-3.179145544667e+00,5.391843173046e+00,9.144566324892e-02
-3.178956491933e+00,4.703989293002e+00,9.144763712501e-02
-3.178801605743e+00,6.693392974758e+00,9.137057696565e-02
-3.178747297915e+00,3.592310646447e+00,9.144695153679e-02
-3.178656999493e+00,7.450828773973e+00,8.978965197850e-02
-3.178652701451e+00,4.268565589349e+00,9.144719290575e-02
-3.178586299258e+00,5.597132056014e+00,9.144394482889e-02
-3.178531219447e+00,8.658195360730e+00,8.423800481700e-02
-3.178422135762e+00,8.811734137528e+00,8.288599460953e-02
-3.178396533345e+00,2.175395527990e+00,9.144544299107e-02
-3.178292657212e+00,6.894723696949e+00,9.101926574209e-02
-3.178262491922e+00,7.569717736776e+00,8.946231252028e-02
-3.178251581512e+00,7.332752733374e+00,9.008987525715e-02
-3.177917476920e+00,1.048303956493e+00,9.144387688409e-02
-3.177778385914e+00,1.434735352435e+00,9.144385951752e-02
-3.177647082566e+00,3.946539426062e+00,9.144515889653e-02
-3.177593587212e+00,8.505544780701e+00,8.535721230190e-02
-3.177259765718e+00,8.966142423681e+00,8.122230393598e-02
-3.177181955997e+00,8.080139163569e+00,8.765560545144e-02
-3.177155950607e+00,4.906993760484e+00,9.144364376879e-02
-3.177120935712e+00,1.821166748377e+00,9.144289453001e-02
-3.177062121653e+00,7.689404932023e+00,8.910391344816e-02
-3.177052265876e+00,7.215504266625e+00,9.036577049911e-02
-3.177035316137e+00,9.672070621405e+00,6.345152286519e-02
-3.177027637192e+00,2.916055703545e+00,9.144339523615e-02
-3.176856148736e+00,3.270284483160e+00,9.144329889779e-02
-3.176723963051e+00,2.561826923931e+00,9.144262283401e-02
-3.176693617219e+00,9.110647212053e+00,7.927473997687e-02
-3.176637148250e+00,6.495207106742e+00,9.143732223184e-02
-3.176595199679e+00,9.244775878781e+00,7.699447360711e-02
-3.176209497684e+00,3.624513262776e+00,9.144233373983e-02
-3.176071704621e+00,4.300768205678e+00,9.144249647107e-02
-3.176026647915e+00,4.748255347115e+00,9.144211728364e-02
-3.175945126314e+00,2.207598144318e+00,9.144098105708e-02
-3.175731719588e+00,5.193152948896e+00,9.144006948531e-02
-3.175615924877e+00,8.353801042392e+00,8.629619357584e-02
-3.175589650149e+00,5.520076485912e+00,9.143872994419e-02
-3.175530864788e+00,1.080506572821e+00,9.143953134515e-02
-3.175390194910e+00,5.969637837173e+00,9.143686097559e-02
-3.175370175482e+00,1.466937968764e+00,9.143947442239e-02
-3.175323789973e+00,6.051199215447e+00,9.143641629606e-02
-3.175264985789e+00,9.379120926203e+00,7.407109943422e-02
-3.175133069992e+00,5.072047277002e+00,9.143940373903e-02
-3.175087684035e+00,3.978742042391e+00,9.144049896961e-02
-3.175065170948e+00,7.099097986756e+00,9.062052195883e-02
-3.175050042480e+00,7.809875632380e+00,8.870896873920e-02
-3.174918972282e+00,5.888824738075e+00,9.143622941684e-02
-3.174730045005e+00,5.317103637830e+00,9.143781568960e-02
-3.174714410202e+00,6.133498267052e+00,9.143508377856e-02
-3.174691126980e+00,1.853369364705e+00,9.143846855626e-02
-3.174533033560e+00,2.948258319874e+00,9.143885134168e-02
-3.174339946805e+00,3.302487099489e+00,9.143871532352e-02
-3.174250957719e+00,2.594029540260e+00,9.143811738321e-02
-3.174069353884e+00,6.780806966753e+00,9.122699029382e-02
-3.173915534890e+00,5.808770490106e+00,9.143469447541e-02
-3.173671697452e+00,3.656715879105e+00,9.143770921694e-02
-3.173556774068e+00,6.216524352630e+00,9.143262153860e-02
-3.173493719282e+00,2.239800760647e+00,9.143651284485e-02
-3.173490707790e+00,4.332970822006e+00,9.143779307913e-02
-3.173389007063e+00,9.965937430825e+00,3.573889658918e-02
-3.173147237837e+00,6.581162116010e+00,9.143068282711e-02
-3.173144252655e+00,1.112709189150e+00,9.143517985250e-02
-3.172974823846e+00,4.953854497118e+00,9.143588636064e-02
-3.172961965050e+00,1.499140585092e+00,9.143508326463e-02
-3.172808777167e+00,4.793141780917e+00,9.143613664132e-02
-3.172700867225e+00,9.513673508564e+00,7.019037166472e-02
-3.172605033257e+00,8.202982747683e+00,8.709728904745e-02
-3.172528285504e+00,4.010944658720e+00,9.143583219488e-02
-3.172385360889e+00,5.729485630937e+00,9.143212407773e-02
-3.172296505370e+00,6.983548467638e+00,9.085661616695e-02
-3.172261318248e+00,1.885571981034e+00,9.143403640697e-02
-3.172220499243e+00,7.931115073521e+00,8.827263546354e-02
-3.172088163036e+00,5.443830964736e+00,9.143254511155e-02
-3.172038429929e+00,2.980460936202e+00,9.143430093770e-02
-3.171881164272e+00,9.807051444351e+00,5.469302766919e-02
-3.171845665994e+00,6.300266799685e+00,9.142920801329e-02
-3.171823744873e+00,3.334689715818e+00,9.143412512557e-02
-3.171777952388e+00,2.626232156588e+00,9.143360553321e-02
-3.171133897221e+00,3.688918495433e+00,9.143307795221e-02
-3.171042312250e+00,2.272003376975e+00,9.143203834004e-02
-3.170909710959e+00,4.365173438335e+00,9.143308271318e-02
-3.170757640523e+00,1.144911805478e+00,9.143082239289e-02
-3.170553754617e+00,1.531343201421e+00,9.143068603064e-02
-3.170333993541e+00,5.650980663604e+00,9.142867076726e-02
-3.170302365366e+00,8.630727548527e+00,8.448016503080e-02
-3.170290858941e+00,8.784160097680e+00,8.317961820422e-02
-3.169968886973e+00,4.043147275048e+00,9.143115855601e-02
-3.169946581874e+00,5.120815293208e+00,9.142972162408e-02
-3.169831509516e+00,1.917774597362e+00,9.142959806817e-02
-3.169826609613e+00,5.243204002018e+00,9.142911352077e-02
-3.169582503468e+00,4.638887353688e+00,9.143070517877e-02
-3.169575936524e+00,6.384714902976e+00,9.142478316363e-02
-3.169573033367e+00,7.424371697571e+00,8.987023796547e-02
-3.169543826297e+00,3.012663552531e+00,9.142974400906e-02
-3.169307542942e+00,3.366892332146e+00,9.142952828840e-02
-3.169304947056e+00,2.658434772916e+00,9.142908726926e-02
-3.169298547316e+00,4.838641970280e+00,9.142947831159e-02
-3.169271418622e+00,7.543143524435e+00,8.954999639605e-02
-3.169267653720e+00,8.478184417754e+00,8.555965280088e-02
-3.169226558307e+00,8.938463380107e+00,8.158557258449e-02
-3.169083063284e+00,6.667789294832e+00,9.142102205105e-02
-3.169075271189e+00,7.306413992576e+00,9.016420250874e-02
-3.168900792576e+00,9.648424764782e+00,6.479374088270e-02
-3.168752567879e+00,6.868870243433e+00,9.107569890356e-02
-3.168596096990e+00,3.721121111762e+00,9.142843992968e-02
-3.168590905218e+00,2.304205993303e+00,9.142755752828e-02
-3.168567828175e+00,8.053108454598e+00,8.778813280705e-02
-3.168487878251e+00,5.001307845206e+00,9.142743690964e-02
-3.168371028391e+00,1.177114421807e+00,9.142645895306e-02
-3.168328714128e+00,4.397376054664e+00,9.142836535645e-02
-3.168164484209e+00,7.662714785951e+00,8.919981497692e-02
-3.168145544185e+00,1.563545817749e+00,9.142628270677e-02
-3.168113486647e+00,9.221252733523e+00,7.749458670599e-02
-3.168096580680e+00,9.087166102083e+00,7.967181981211e-02
-3.168087634321e+00,5.368405856263e+00,9.142551127908e-02
-3.167784165566e+00,7.189285058526e+00,9.043446167870e-02
-3.167767041010e+00,5.573266056129e+00,9.142416681411e-02
-3.167409488442e+00,4.075349891377e+00,9.142647803660e-02
-3.167401700784e+00,1.949977213691e+00,9.142515352584e-02
-3.167193415508e+00,8.326549347981e+00,8.646857835493e-02
-3.167049222666e+00,3.044866168860e+00,9.142518054058e-02
-3.167006029877e+00,4.682367908068e+00,9.142579770839e-02
-3.166898801264e+00,9.355556310744e+00,7.471986044158e-02
-3.166831941724e+00,2.690637389245e+00,9.142456257657e-02
-3.166791341010e+00,3.399094948475e+00,9.142492479643e-02
-3.166742502494e+00,6.469857924917e+00,9.141923068483e-02
-3.166246378316e+00,7.783070757304e+00,8.881440711875e-02
-3.166139498186e+00,2.336408609632e+00,9.142307039513e-02
-3.166058296759e+00,3.753323728090e+00,9.142379513338e-02
-3.165984416258e+00,1.209317038136e+00,9.142208951968e-02
-3.165747717297e+00,4.429578670992e+00,9.142364099211e-02
-3.165737333753e+00,1.595748434078e+00,9.142187327933e-02
-3.165705840437e+00,7.072999505856e+00,9.068434687263e-02
-3.165636304051e+00,1.010130865351e+01,6.608629146594e-06
-3.165491667191e+00,4.884749264211e+00,9.142237008616e-02
-3.165486931253e+00,9.942212605182e+00,3.997213284282e-02
-3.164999454241e+00,6.026506802547e+00,9.141753785410e-02
-3.164981776474e+00,5.945080273635e+00,9.141781374536e-02
-3.164971892052e+00,1.982179830019e+00,9.142070276589e-02
-3.164850089911e+00,4.107552507706e+00,9.142179062023e-02
-3.164690176224e+00,5.496352241104e+00,9.141882081254e-02
-3.164554619034e+00,3.077068785189e+00,9.142061051705e-02
-3.164474782843e+00,6.108672166137e+00,9.141629830097e-02
-3.164450413446e+00,9.490067988989e+00,7.106486537482e-02
-3.164441221339e+00,5.170154521912e+00,9.141945230642e-02
-3.164439747013e+00,6.755077808102e+00,9.127986247716e-02
-3.164427102215e+00,5.864403182317e+00,9.141702866920e-02
-3.164358936392e+00,2.722840005573e+00,9.142003144029e-02
-3.164275139079e+00,3.431297564804e+00,9.142031463404e-02
-3.164146639102e+00,4.726476533836e+00,9.142044277123e-02
-3.164086457222e+00,8.175840938725e+00,8.724584189799e-02
-3.163862767627e+00,9.783365818720e+00,5.678363095767e-02
-3.163690952351e+00,5.049347071334e+00,9.141850550357e-02
-3.163688091154e+00,2.368611225960e+00,9.141857692613e-02
-3.163597804126e+00,1.241519654464e+00,9.141771407941e-02
-3.163593924518e+00,5.293811487764e+00,9.141744905365e-02
-3.163520496528e+00,3.785526344419e+00,9.141914354723e-02
-3.163511340163e+00,7.904196676657e+00,8.838895874634e-02
-3.163402475332e+00,6.191565727950e+00,9.141405780546e-02
-3.163340849656e+00,5.784486097594e+00,9.141534381524e-02
-3.163340347250e+00,6.555685095943e+00,9.141267902693e-02
-3.163329123321e+00,1.627951050406e+00,9.141745773462e-02
-3.163166720466e+00,4.461781287321e+00,9.141890960326e-02
-3.162846510002e+00,6.957571905814e+00,9.091606200129e-02
-3.162542083320e+00,2.014382446348e+00,9.141624577424e-02
-3.162290691380e+00,4.139755124035e+00,9.141709629040e-02
-3.162159582119e+00,8.756586057833e+00,8.346181563912e-02
-3.162073511286e+00,8.603259736324e+00,8.471372258981e-02
-3.162060015403e+00,3.109271401517e+00,9.141603392318e-02
-3.161885931061e+00,2.755042621902e+00,9.141549384554e-02
-3.161777310699e+00,6.275176818368e+00,9.141073485408e-02
-3.161758937148e+00,3.463500181132e+00,9.141569778554e-02
-3.161728502329e+00,5.705339554160e+00,9.141259438626e-02
-3.161383886981e+00,4.931456985097e+00,9.141460119526e-02
-3.161236684123e+00,2.400813842289e+00,9.141407710678e-02
-3.161211191994e+00,1.273722270792e+00,9.141333261885e-02
-3.161193350896e+00,8.910784336534e+00,8.193322300812e-02
-3.161109136642e+00,5.420249615329e+00,9.141243005219e-02
-3.160999952628e+00,4.771206637374e+00,9.141444165959e-02
-3.160982696296e+00,3.817728960748e+00,9.141448515515e-02
-3.160941720229e+00,8.450824054807e+00,8.575552595105e-02
-3.160920912889e+00,1.660153666735e+00,9.141303605887e-02
-3.160766269016e+00,9.624778908159e+00,6.603521685864e-02
-3.160585723635e+00,4.493983903650e+00,9.141417117297e-02
-3.160489067242e+00,7.397914621169e+00,8.994918261989e-02
-3.160280345322e+00,7.516569312094e+00,8.963581310617e-02
-3.160112274588e+00,2.046585062676e+00,9.141178253673e-02
-3.159953700352e+00,8.026077745627e+00,8.791714669174e-02
-3.159898960865e+00,7.280075251778e+00,9.023693327792e-02
-3.159731292848e+00,4.171957740363e+00,9.141239503060e-02
-3.159631773614e+00,9.197729588264e+00,7.797112940714e-02
-3.159595608860e+00,5.626974052045e+00,9.140895335666e-02
-3.159594134041e+00,6.359494735002e+00,9.140645519782e-02
-3.159565411771e+00,3.141474017846e+00,9.141145074366e-02
-3.159499544142e+00,9.063684992112e+00,8.005192767484e-02
-3.159412925729e+00,2.787245238230e+00,9.141094977740e-02
-3.159364520825e+00,6.642185614906e+00,9.140508808553e-02
-3.159266846765e+00,7.636024639880e+00,8.929347604023e-02
-3.159242735216e+00,3.495702797461e+00,9.141107423522e-02
-3.159212478546e+00,6.843016789917e+00,9.113119695864e-02
-3.158824579861e+00,1.305924887121e+00,9.140894512458e-02
-3.158785277091e+00,2.433016458617e+00,9.140957092253e-02
-3.158770906139e+00,8.299297653569e+00,8.663578302651e-02
-3.158612958071e+00,5.220058149610e+00,9.140849604192e-02
-3.158579926515e+00,5.097965416212e+00,9.140885155582e-02
-3.158532616738e+00,9.331991695285e+00,7.533403737450e-02
-3.158516065257e+00,7.163065850427e+00,9.050187449340e-02
-3.158512702457e+00,1.692356283063e+00,9.140860823827e-02
-3.158444896065e+00,3.849931577077e+00,9.140981994100e-02
-3.158004726804e+00,4.526186519978e+00,9.140942568426e-02
-3.157850740215e+00,1.007754519780e+01,1.009003311063e-02
-3.157682465856e+00,2.078787679004e+00,9.140731303917e-02
-3.157584855443e+00,9.918487779538e+00,4.366637853720e-02
-3.157562324307e+00,4.617424491763e+00,9.140861152360e-02
-3.157561632956e+00,4.816551597948e+00,9.140794962020e-02
-3.157442714151e+00,7.756265882228e+00,8.891736755554e-02
-3.157171894318e+00,4.204160356692e+00,9.140768682422e-02
-3.157070808139e+00,3.173676634174e+00,9.140686096313e-02
-3.157029723976e+00,5.344968539479e+00,9.140514805787e-02
-3.156970998373e+00,4.978758428954e+00,9.140631796173e-02
-3.156947782762e+00,5.549400056244e+00,9.140430283266e-02
-3.156939920397e+00,2.819447854559e+00,9.140639922091e-02
-3.156847856738e+00,6.444508743093e+00,9.140106095308e-02
-3.156726533285e+00,3.527905413790e+00,9.140644396730e-02
-3.156437967729e+00,1.338127503450e+00,9.140455158313e-02
-3.156346509926e+00,7.046901024956e+00,9.074703195327e-02
-3.156333870059e+00,2.465219074946e+00,9.140505835878e-02
-3.156199959667e+00,9.466462469413e+00,7.188568513143e-02
-3.156104492024e+00,1.724558899391e+00,9.140417425899e-02
-3.155907095834e+00,3.882134193405e+00,9.140514788857e-02
-3.155844370981e+00,9.759680193088e+00,5.868139187038e-02
-3.155567881188e+00,8.148699129767e+00,8.739024011456e-02
-3.155423729973e+00,4.558389136307e+00,9.140467312007e-02
-3.155252657124e+00,2.110990295333e+00,9.140283726734e-02
-3.155055567820e+00,4.660746523134e+00,9.140386922923e-02
-3.154810140142e+00,6.729348649452e+00,9.133189214653e-02
-3.154802181082e+00,7.877278279792e+00,8.850240986565e-02
-3.154675118510e+00,6.001814389647e+00,9.139857746493e-02
-3.154612495786e+00,4.236362973021e+00,9.140297165464e-02
-3.154576204508e+00,3.205879250503e+00,9.140226456618e-02
-3.154573358038e+00,5.920522710097e+00,9.139862354887e-02
-3.154466915066e+00,2.851650470888e+00,9.140184216103e-02
-3.154235155484e+00,6.083846065222e+00,9.139743052899e-02
-3.154210331354e+00,3.560108030119e+00,9.140180696597e-02
-3.154051355597e+00,1.370330119778e+00,9.140015198099e-02
-3.154028305298e+00,8.729012017985e+00,8.373323210142e-02
-3.153935232148e+00,5.839981626560e+00,9.139774437285e-02
-3.153882463027e+00,2.497421691274e+00,9.140053940090e-02
-3.153844657205e+00,8.575791924121e+00,8.493912237406e-02
-3.153827383774e+00,4.862504767938e+00,9.140088853279e-02
-3.153790702298e+00,5.472627996296e+00,9.139871182356e-02
-3.153696281592e+00,1.756761515720e+00,9.139973410715e-02
-3.153533456664e+00,6.530208075876e+00,9.139459699626e-02
-3.153396514634e+00,6.931595343991e+00,9.097440624295e-02
-3.153369295603e+00,3.914336809734e+00,9.140046898163e-02
-3.153248176596e+00,6.166607103271e+00,9.139537039271e-02
-3.153160143485e+00,8.883105292960e+00,8.226622589147e-02
-3.153150723091e+00,5.147156094928e+00,9.139867489801e-02
-3.152842733142e+00,4.590591752636e+00,9.139991346330e-02
-3.152822848392e+00,2.143192911661e+00,9.139835520696e-02
-3.152766164422e+00,5.760201705083e+00,9.139582377528e-02
-3.152705563488e+00,4.687500150008e-02,9.146135008043e-02
-3.152705563488e+00,7.812500250013e-02,9.145322205828e-02
-3.152705563488e+00,1.093750035002e-01,9.144562546553e-02
-3.152705563488e+00,1.718750055004e-01,9.143205049186e-02
-3.152705563488e+00,2.031250065004e-01,9.142608308134e-02
-3.152705563488e+00,2.343750075005e-01,9.142066901584e-02
-3.152705563488e+00,2.656250085005e-01,9.141581273392e-02
-3.152705563488e+00,2.968750095005e-01,9.141151823583e-02
-3.152705563488e+00,3.281250105004e-01,9.140778907406e-02
-3.152705563488e+00,3.593750115004e-01,9.140462834491e-02
-3.152705563488e+00,3.906250125003e-01,9.140203868104e-02
-3.152705563488e+00,4.218750135002e-01,9.140002224518e-02
-3.152705563488e+00,4.531250145001e-01,9.139858072492e-02
-3.152705563488e+00,4.843750155000e-01,9.139771532860e-02
-3.152705563488e+00,5.156250165000e-01,9.139742678240e-02
-3.152705563488e+00,5.468750175000e-01,9.139742678240e-02
-3.152705563488e+00,5.781250185001e-01,9.139742678240e-02
-3.152705563488e+00,6.718750215001e-01,9.139742678240e-02
-3.152705563488e+00,7.031250225002e-01,9.139742678240e-02
-3.152705563488e+00,7.343750235002e-01,9.139742678240e-02
-3.152705563488e+00,7.656250245002e-01,9.139742678240e-02
-3.152705563488e+00,7.968750255001e-01,9.139742678240e-02
-3.152705563488e+00,8.281250265001e-01,9.139742678240e-02
-3.152705563488e+00,8.906250285001e-01,9.139742678240e-02
-3.152705563488e+00,9.218750295001e-01,9.139742678240e-02
-3.152705563488e+00,9.531250305000e-01,9.139742678240e-02
-3.152705563488e+00,9.843750315000e-01,9.139742678240e-02
-3.152705563488e+00,1.562500050003e-02,9.147000307561e-02
-3.152705563488e+00,1.406250045003e-01,9.143856638092e-02
-3.152705563488e+00,6.093750195001e-01,9.139742678240e-02
-3.152705563488e+00,6.406250205001e-01,9.139742678240e-02
-3.152705563488e+00,8.593750275001e-01,9.139742678240e-02
-3.152631745454e+00,9.601133051536e+00,6.718685413223e-02
-3.152615786737e+00,8.423463691860e+00,8.594514161826e-02
-3.152457804032e+00,5.270519337697e+00,9.139699507234e-02
-3.152266630289e+00,4.704697720556e+00,9.139852791862e-02
-3.152248834710e+00,5.026646865665e+00,9.139737988224e-02
-3.152081600876e+00,3.238081866832e+00,9.139766153736e-02
-3.152053097255e+00,4.268565589349e+00,9.139824950516e-02
-3.151993909734e+00,2.883853087217e+00,9.139727858273e-02
-3.151708955403e+00,6.250086837051e+00,9.139218126611e-02
-3.151694129422e+00,3.592310646447e+00,9.139716321537e-02
-3.151664743464e+00,1.402532736107e+00,9.139574630462e-02
-3.151523056572e+00,1.016101340164e+00,9.139524286570e-02
-3.151431055995e+00,2.529624307603e+00,9.139601403420e-02
-3.151405101116e+00,7.371457544767e+00,9.002653639839e-02
-3.151339572529e+00,7.999047036655e+00,8.804280753764e-02
-3.151289272022e+00,7.489995099754e+00,8.971982223702e-02
-3.151288071160e+00,1.788964132048e+00,9.139528776882e-02
-3.151233700094e+00,9.038053026576e+00,8.044367545814e-02
-3.151150060582e+00,9.174206443006e+00,7.842572050455e-02
-3.151071643770e+00,5.681193477383e+00,9.139297973666e-02
-3.150831495371e+00,3.946539426062e+00,9.139578320389e-02
-3.150722650542e+00,7.253736510980e+00,9.030826687346e-02
-3.150393039660e+00,2.175395527990e+00,9.139386684372e-02
-3.150369209322e+00,7.609334493809e+00,8.938507263776e-02
-3.150348396770e+00,8.272045959157e+00,8.679803492946e-02
-3.150166432213e+00,9.308427079825e+00,7.591631116973e-02
-3.150130110248e+00,5.396668265923e+00,9.139222812181e-02
-3.150065176378e+00,1.005378174208e+01,1.829737929233e-02
-3.149792950116e+00,4.909059473077e+00,9.139322577861e-02
-3.149682779632e+00,9.894762953895e+00,4.691832595590e-02
-3.149672389213e+00,6.817163336401e+00,9.118578418246e-02
-3.149645978366e+00,6.616581934980e+00,9.138710681307e-02
-3.149612331558e+00,6.334274567028e+00,9.138799263006e-02
-3.149586997245e+00,3.270284483160e+00,9.139305186117e-02
-3.149520904402e+00,2.916055703545e+00,9.139270847089e-02
-3.149493698724e+00,4.300768205678e+00,9.139352035906e-02
-3.149278131332e+00,1.434735352435e+00,9.139133454045e-02
-3.149247964948e+00,7.136846642329e+00,9.056804534308e-02
-3.149191128089e+00,4.749271493831e+00,9.139265610968e-02
-3.149177927491e+00,3.624513262776e+00,9.139251269957e-02
-3.149158042740e+00,1.048303956493e+00,9.139087054628e-02
-3.148979648963e+00,2.561826923931e+00,9.139148224398e-02
-3.148879860728e+00,1.821166748377e+00,9.139083523005e-02
-3.148857224179e+00,5.602967440487e+00,9.138909718673e-02
-3.148639049987e+00,7.729461007152e+00,8.901793649767e-02
-3.148293695140e+00,3.978742042391e+00,9.139109053899e-02
-3.147963230928e+00,2.207598144318e+00,9.138937216327e-02
-3.147949505888e+00,9.442856949838e+00,7.265760742185e-02
-3.147825974335e+00,9.735994567456e+00,6.041177204486e-02
-3.147399306528e+00,5.196912297202e+00,9.138778943602e-02
-3.147213271156e+00,5.075115539216e+00,9.138789234807e-02
-3.147092393613e+00,3.302487099489e+00,9.138843552207e-02
-3.147049305153e+00,8.121557320810e+00,8.753065415222e-02
-3.147047899071e+00,2.948258319874e+00,9.138813181036e-02
-3.146987179415e+00,7.020802544056e+00,9.080860862566e-02
-3.146953210982e+00,6.419159561268e+00,9.138281274924e-02
-3.146934300193e+00,4.332970822006e+00,9.138878419955e-02
-3.146891519200e+00,1.466937968764e+00,9.138691667484e-02
-3.146793028907e+00,1.080506572821e+00,9.138649223445e-02
-3.146661725559e+00,3.656715879105e+00,9.138785540263e-02
-3.146528241931e+00,2.594029540260e+00,9.138694401546e-02
-3.146471650296e+00,1.853369364705e+00,9.138637647684e-02
-3.146128524514e+00,5.525534056360e+00,9.138435272913e-02
-3.146093022002e+00,7.850359882928e+00,8.861309354449e-02
-3.145971813631e+00,5.321531222695e+00,9.138469607628e-02
-3.145897028477e+00,8.701437978138e+00,8.399446563516e-02
-3.145824718596e+00,4.794461225617e+00,9.138629146476e-02
-3.145755894909e+00,4.010944658720e+00,9.138639097056e-02
-3.145615803125e+00,8.548324111918e+00,8.515677943807e-02
-3.145533422196e+00,2.239800760647e+00,9.138487115121e-02
-3.145454118496e+00,4.956209012702e+00,9.138502800357e-02
-3.145180533271e+00,6.703619490801e+00,9.137850405685e-02
-3.145126936074e+00,8.855426249386e+00,8.258547411046e-02
-3.144597789982e+00,3.334689715818e+00,9.138381250445e-02
-3.144574893739e+00,2.980460936202e+00,9.138354858597e-02
-3.144504907067e+00,1.499140585092e+00,9.138249269413e-02
-3.144497221893e+00,9.577487194912e+00,6.825803768711e-02
-3.144428015075e+00,1.112709189150e+00,9.138210791691e-02
-3.144374901662e+00,4.365173438335e+00,9.138404100977e-02
-3.144350782778e+00,5.977121976747e+00,9.137945422401e-02
-3.144289853245e+00,8.396103328914e+00,8.612879079182e-02
-3.144164939602e+00,5.895965146559e+00,9.137934906589e-02
-3.144145523628e+00,3.688918495433e+00,9.138319130852e-02
-3.144076834900e+00,2.626232156588e+00,9.138239933384e-02
-3.144063439863e+00,1.885571981034e+00,9.138191149515e-02
-3.143995528125e+00,6.059019964308e+00,9.137848019630e-02
-3.143946519266e+00,6.905618782168e+00,9.103176395446e-02
-3.143726566077e+00,6.504731055809e+00,9.137643642974e-02
-3.143443362081e+00,5.815560070802e+00,9.137833425705e-02
-3.143299048534e+00,9.010270205474e+00,8.084378207532e-02
-3.143218094678e+00,4.043147275048e+00,9.138168448214e-02
-3.143105105764e+00,4.639125138201e+00,9.138173202649e-02
-3.143103613464e+00,2.272003376975e+00,9.138036379311e-02
-3.143093877859e+00,6.141648478591e+00,9.137651363363e-02
-3.142891228372e+00,5.448903751488e+00,9.137851473883e-02
-3.142725444706e+00,7.972016327684e+00,8.816524341211e-02
-3.142668347549e+00,9.150683297747e+00,7.885983403283e-02
-3.142321134991e+00,7.345000468366e+00,9.010234778238e-02
-3.142298198721e+00,7.463420887413e+00,8.980208094978e-02
-3.142279612541e+00,1.003001828636e+01,2.510382552735e-02
-3.142191479188e+00,5.735917312572e+00,9.137621789215e-02
-3.142163100358e+00,4.840260271665e+00,9.137925438661e-02
-3.142118294935e+00,1.531343201421e+00,9.137806258464e-02
-3.142103186350e+00,3.366892332146e+00,9.137918279269e-02
-3.142101888407e+00,3.012663552531e+00,9.137895878246e-02
-3.142063001242e+00,1.144911805478e+00,9.137771758034e-02
-3.141925887402e+00,8.244794264746e+00,8.695554851098e-02
-3.141860224842e+00,5.124157667943e+00,9.137771282039e-02
-3.141815503131e+00,4.397376054664e+00,9.137929077284e-02
-3.141800247688e+00,9.284862464366e+00,7.646909283055e-02
-3.141780703822e+00,9.871038128251e+00,4.980284476513e-02
-3.141655229431e+00,1.917774597362e+00,9.137744027089e-02
-3.141640600107e+00,6.224996855734e+00,9.137354697204e-02
-3.141629321697e+00,3.721121111762e+00,9.137852040121e-02
-3.141625427868e+00,2.658434772916e+00,9.137784818427e-02
-3.141546340219e+00,7.227397770182e+00,9.037824410335e-02
-3.141471571878e+00,7.582644347737e+00,8.947467263029e-02
-3.141321683545e+00,5.247227187631e+00,9.137629768207e-02
-3.140806717068e+00,5.003946659997e+00,9.137616351444e-02
-3.140680294447e+00,4.075349891377e+00,9.137697105726e-02
-3.140673804732e+00,2.304205993303e+00,9.137585007448e-02
-3.140414785210e+00,5.657047400606e+00,9.137321843719e-02
-3.140386621476e+00,4.682918907277e+00,9.137648383965e-02
-3.140132299880e+00,6.791309882885e+00,9.123948405825e-02
-3.139979864638e+00,7.110627434230e+00,9.063300931623e-02
-3.139927435907e+00,6.590978255054e+00,9.136903378867e-02
-3.139835385823e+00,7.702656132076e+00,8.911619652264e-02
-3.139807577689e+00,9.712308941825e+00,6.199594006451e-02
-3.139731682803e+00,1.563545817749e+00,9.137362633262e-02
-3.139699052109e+00,9.419251430263e+00,7.338485853176e-02
-3.139697987410e+00,1.177114421807e+00,9.137332121136e-02
-3.139630529075e+00,6.309054399054e+00,9.136944918873e-02
-3.139628883075e+00,3.044866168860e+00,9.137436238455e-02
-3.139608582719e+00,3.399094948475e+00,9.137454637109e-02
-3.139256104600e+00,4.429578670992e+00,9.137453347183e-02
-3.139247018999e+00,1.949977213691e+00,9.137296278995e-02
-3.139174020836e+00,2.690637389245e+00,9.137329055185e-02
-3.139151083854e+00,5.373086916516e+00,9.137181666301e-02
-3.139113119765e+00,3.753323728090e+00,9.137384266457e-02
-3.138530729119e+00,8.094415511852e+00,8.766724329885e-02
-3.138243996000e+00,2.336408609632e+00,9.137132998081e-02
-3.138202013251e+00,4.886661961056e+00,9.137176020813e-02
-3.138142494215e+00,4.107552507706e+00,9.137225067935e-02
-3.138118839498e+00,5.578960828928e+00,9.136915383533e-02
-3.137765751656e+00,8.673863938290e+00,8.424607133460e-02
-3.137627848904e+00,6.994704063156e+00,9.086910722015e-02
-3.137386949044e+00,8.520856299715e+00,8.536674205253e-02
-3.137383862921e+00,7.823441486064e+00,8.872110959997e-02
-3.137382303549e+00,4.727336350287e+00,9.137078019713e-02
-3.137345070670e+00,1.595748434078e+00,9.136918392429e-02
-3.137332973577e+00,1.209317038136e+00,9.136891879657e-02
-3.137155877744e+00,3.077068785189e+00,9.136975937692e-02
-3.137113979087e+00,3.431297564804e+00,9.136990322393e-02
-3.137093728663e+00,8.827747205812e+00,8.289179028545e-02
-3.137058565226e+00,6.393810379443e+00,9.136436830807e-02
-3.136838808567e+00,1.982179830019e+00,9.136847903815e-02
-3.136722613804e+00,2.722840005573e+00,9.136872642165e-02
-3.136696706069e+00,4.461781287321e+00,9.136976908972e-02
-3.136596917834e+00,3.785526344419e+00,9.136915808247e-02
-3.136362698332e+00,9.553841338289e+00,6.925688956587e-02
-3.136185654986e+00,5.173766444795e+00,9.136699365438e-02
-3.135963919753e+00,8.368742965967e+00,8.630674698567e-02
-3.135846615797e+00,5.052265662220e+00,9.136675489621e-02
-3.135814187268e+00,2.368611225960e+00,9.136680349753e-02
-3.135604693984e+00,4.139755124035e+00,9.136752333185e-02
-3.135550926400e+00,6.677890332151e+00,9.136057736035e-02
-3.135364396975e+00,8.982487384372e+00,8.122462264620e-02
-3.135309266266e+00,5.501668056475e+00,9.136417518670e-02
-3.134967959745e+00,1.241519654464e+00,9.136451032251e-02
-3.134958458538e+00,1.627951050406e+00,9.136473534583e-02
-3.134913903286e+00,5.298093905912e+00,9.136415523190e-02
-3.134682872412e+00,3.109271401517e+00,9.136514974420e-02
-3.134619375455e+00,3.463500181132e+00,9.136525333542e-02
-3.134496523897e+00,6.879642220344e+00,9.108816114438e-02
-3.134494048705e+00,1.000625483065e+01,3.083969187820e-02
-3.134430598135e+00,2.014382446348e+00,9.136398900131e-02
-3.134271206772e+00,2.755042621902e+00,9.136415577868e-02
-3.134186634517e+00,9.127160152489e+00,7.927481509699e-02
-3.134137307538e+00,4.493983903650e+00,9.136499760948e-02
-3.134111316883e+00,7.944985618713e+00,8.828457609337e-02
-3.134087804236e+00,4.772370853285e+00,9.136439644833e-02
-3.134080715902e+00,3.817728960748e+00,9.136446663868e-02
-3.134026447046e+00,5.952429563847e+00,9.136019035344e-02
-3.133937238618e+00,4.933659596450e+00,9.136355189572e-02
-3.133919675491e+00,6.479254035742e+00,9.135819702561e-02
-3.133878628011e+00,9.847313302607e+00,5.237880968752e-02
-3.133756521167e+00,5.871407583021e+00,9.135999005471e-02
-3.133755900766e+00,6.034193863393e+00,9.135944704276e-02
-3.133503378033e+00,8.217542570334e+00,8.710852622032e-02
-3.133434063162e+00,9.261297848907e+00,7.699455656888e-02
-3.133384378536e+00,2.400813842289e+00,9.136227061004e-02
-3.133307125421e+00,7.436846675072e+00,8.988264410108e-02
-3.133237168865e+00,7.318543391964e+00,9.017662132918e-02
-3.133066893753e+00,4.171957740363e+00,9.136278899809e-02
-3.132951492015e+00,5.791138515044e+00,9.135873840197e-02
-3.132939579123e+00,6.116689853912e+00,9.135757375453e-02
-3.132602945912e+00,1.273722270792e+00,9.136009577572e-02
-3.132573934434e+00,7.555954201666e+00,8.956234103082e-02
-3.132571846406e+00,1.660153666735e+00,9.136028058340e-02
-3.132370029895e+00,7.201059029384e+00,9.044690426590e-02
-3.132209867080e+00,3.141474017846e+00,9.136053347096e-02
-3.132124771824e+00,3.495702797461e+00,9.136059668974e-02
-3.132022387703e+00,2.046585062676e+00,9.135949266516e-02
-3.131991754447e+00,5.425179506680e+00,9.135822941264e-02
-3.131819799740e+00,2.787245238231e+00,9.135957860791e-02
-3.131789181044e+00,9.688623316193e+00,6.345163967855e-02
-3.131616793955e+00,5.711632920061e+00,9.135652595033e-02
-3.131577909007e+00,4.526186519978e+00,9.136021901400e-02
-3.131572244811e+00,6.199906874417e+00,9.135476130742e-02
-3.131564513971e+00,3.849931577077e+00,9.135976831697e-02
-3.131448598330e+00,9.395645910687e+00,7.407119155368e-02
-3.131154643707e+00,4.617503753267e+00,9.135942796344e-02
-3.131031721659e+00,7.675851256999e+00,8.921206677963e-02
-3.130954569804e+00,2.433016458617e+00,9.135773130367e-02
-3.130711764329e+00,7.084408226131e+00,9.069680024752e-02
-3.130592210547e+00,6.765456429369e+00,9.129231930866e-02
-3.130569726593e+00,5.101159240959e+00,9.135665981995e-02
-3.130529093522e+00,4.204160356692e+00,9.135804766139e-02
-3.130498816942e+00,4.818015775392e+00,9.135752873043e-02
-3.130237932080e+00,1.305924887121e+00,9.135567514265e-02
-3.130208893449e+00,6.565374575128e+00,9.135088191244e-02
-3.130185563058e+00,5.223935037564e+00,9.135550193551e-02
-3.130185234273e+00,1.692356283063e+00,9.135581962309e-02
-3.130012153085e+00,8.067273702894e+00,8.779979631925e-02
-3.129757926651e+00,5.632901323828e+00,9.135328363180e-02
-3.129736861749e+00,3.173676634174e+00,9.135591054174e-02
-3.129648726592e+00,6.283834231080e+00,9.135082457908e-02
-3.129634474834e+00,8.646289898443e+00,8.448856510219e-02
-3.129630168192e+00,3.527905413790e+00,9.135593327101e-02
-3.129614177271e+00,2.078787679004e+00,9.135499001544e-02
-3.129368392708e+00,2.819447854559e+00,9.135499489427e-02
-3.129364599427e+00,4.981246454328e+00,9.135485643312e-02
-3.129158094964e+00,8.493388487512e+00,8.556939988271e-02
-3.129060521252e+00,8.800068162238e+00,8.318593348380e-02
-3.129048312040e+00,3.882134193405e+00,9.135506310103e-02
-3.129018510476e+00,4.558389136307e+00,9.135543328613e-02
-3.128674703841e+00,7.796523089200e+00,8.882655322468e-02
-3.128524761072e+00,2.465219074946e+00,9.135318556376e-02
-3.128506612664e+00,4.661140093998e+00,9.135434835287e-02
-3.128268518393e+00,6.968605582255e+00,9.092849017308e-02
-3.128228174771e+00,9.530195481665e+00,7.019047440432e-02
-3.128172057461e+00,5.349505567109e+00,9.135127935184e-02
-3.127991293290e+00,4.236362973021e+00,9.135329930501e-02
-3.127872918247e+00,1.338127503450e+00,9.135124840976e-02
-3.127798622141e+00,1.724558899391e+00,9.135135245096e-02
-3.127637986261e+00,8.341382603020e+00,8.647926751804e-02
-3.127429745416e+00,8.954704563270e+00,8.158870720849e-02
-3.127380454817e+00,5.554954217369e+00,9.134912312247e-02
-3.127263856417e+00,3.205879250503e+00,9.135128094104e-02
-3.127205966838e+00,2.110990295333e+00,9.135048103781e-02
-3.127163919470e+00,6.368461197618e+00,9.134583485635e-02
-3.127135564561e+00,3.560108030119e+00,9.135126306330e-02
-3.126916985677e+00,2.851650470888e+00,9.135040462265e-02
-3.126708484868e+00,9.982491374930e+00,3.573901785275e-02
-3.126611076386e+00,4.864264449036e+00,9.135004877041e-02
-3.126532110108e+00,3.914336809734e+00,9.135035097452e-02
-3.126459111945e+00,4.590591752636e+00,9.135064040866e-02
-3.126094952340e+00,2.497421691274e+00,9.134863337555e-02
-3.125976552201e+00,9.823588476964e+00,5.469315534382e-02
-3.125921319529e+00,6.652161173501e+00,9.134251269757e-02
-3.125704921484e+00,9.103637007230e+00,7.967189366938e-02
-3.125573479010e+00,4.705401206744e+00,9.134864533476e-02
-3.125507904415e+00,1.370330119778e+00,9.134681556344e-02
-3.125497189060e+00,7.917954909742e+00,8.840092144803e-02
-3.125453493059e+00,4.268565589349e+00,9.134854391214e-02
-3.125412010009e+00,1.756761515720e+00,9.134687905305e-02
-3.125080868664e+00,8.190290875922e+00,8.725715932979e-02
-3.125067878637e+00,9.237733233448e+00,7.749466818150e-02
-3.125046528529e+00,6.853665658520e+00,9.114362295920e-02
-3.124972003444e+00,5.150620592387e+00,9.134596808890e-02
-3.124797756406e+00,2.143192911661e+00,9.134596571789e-02
-3.124790851085e+00,3.238081866832e+00,9.134664465328e-02
-3.124640960929e+00,3.592310646447e+00,9.134658605067e-02
-3.124490008018e+00,5.477802056590e+00,9.134389584688e-02
-3.124479960438e+00,5.029415785224e+00,9.134544185993e-02
-3.124465578645e+00,2.883853087217e+00,9.134580777790e-02
-3.124316052121e+00,7.410272462732e+00,8.996156435667e-02
-3.124153202740e+00,7.292086315562e+00,9.024932404460e-02
-3.124112784905e+00,6.453777015674e+00,9.133983464071e-02
-3.124015908177e+00,3.946539426062e+00,9.134563192103e-02
-3.123913731858e+00,1.093750035002e-01,9.139303484354e-02
-3.123913731858e+00,1.406250045003e-01,9.138579260725e-02
-3.123913731858e+00,1.562500050003e-02,9.141804128936e-02
-3.123913731858e+00,4.687500150008e-02,9.140916573260e-02
-3.123913731858e+00,7.812500250012e-02,9.140082800246e-02
-3.123913731858e+00,1.718750055004e-01,9.137910723719e-02
-3.123913731858e+00,2.031250065004e-01,9.137298425532e-02
-3.123913731858e+00,2.343750075005e-01,9.136742874901e-02
-3.123913731858e+00,2.656250085005e-01,9.136244535898e-02
-3.123913731858e+00,2.968750095005e-01,9.135803826822e-02
-3.123913731858e+00,3.281250105004e-01,9.135421119195e-02
-3.123913731858e+00,3.593750115004e-01,9.135096736859e-02
-3.123913731858e+00,3.906250125003e-01,9.134830955193e-02
-3.123913731858e+00,4.843750155000e-01,9.134387227693e-02
-3.123913731858e+00,5.156250165000e-01,9.134357612099e-02
-3.123913731858e+00,5.468750175000e-01,9.134357612099e-02
-3.123913731858e+00,5.781250185001e-01,9.134357612099e-02
-3.123913731858e+00,6.093750195001e-01,9.134357612099e-02
-3.123913731858e+00,6.406250205001e-01,9.134357612099e-02
-3.123913731858e+00,6.718750215001e-01,9.134357612099e-02
-3.123913731858e+00,7.031250225002e-01,9.134357612099e-02
-3.123913731858e+00,7.343750235002e-01,9.134357612099e-02
-3.123913731858e+00,7.656250245002e-01,9.134357612099e-02
-3.123913731858e+00,7.968750255001e-01,9.134357612099e-02
-3.123913731858e+00,8.281250265001e-01,9.134357612099e-02
-3.123913731858e+00,8.593750275001e-01,9.134357612099e-02
-3.123913731858e+00,8.906250285001e-01,9.134357612099e-02
-3.123913731858e+00,9.218750295001e-01,9.134357612099e-02
-3.123913731858e+00,9.531250305000e-01,9.134357612099e-02
-3.123913731858e+00,9.843750315000e-01,9.134357612099e-02
-3.123913731858e+00,4.531250145001e-01,9.134476049130e-02
-3.123913731858e+00,4.218750135002e-01,9.134624000435e-02
-3.123855992941e+00,5.274656589129e+00,9.134345420824e-02
-3.123770784398e+00,9.664937690562e+00,6.479385550826e-02
-3.123702111315e+00,5.927737150947e+00,9.134084125546e-02
-3.123676296991e+00,7.529264055595e+00,8.964814015067e-02
-3.123665143608e+00,2.529624307603e+00,9.134407472426e-02
-3.123516273407e+00,6.009367762478e+00,9.134024277601e-02
-3.123348102731e+00,5.846850019482e+00,9.134051612072e-02
-3.123198144551e+00,9.372040391112e+00,7.471995081351e-02
-3.123193719572e+00,7.174720288586e+00,9.051428521776e-02
-3.123142890582e+00,1.402532736107e+00,9.134237659006e-02
-3.123025397876e+00,1.788964132048e+00,9.134239941533e-02
-3.122915692828e+00,4.300768205678e+00,9.134378146595e-02
-3.122785280387e+00,6.091731229232e+00,9.133855047422e-02
-3.122742024092e+00,1.016101340164e+00,9.134137554461e-02
-3.122459621948e+00,5.766716959287e+00,9.133905564802e-02
-3.122420358740e+00,4.911110180199e+00,9.134198353238e-02
-3.122389545974e+00,2.175395527990e+00,9.134144404129e-02
-3.122350889876e+00,4.750280480954e+00,9.134240864040e-02
-3.122317845753e+00,3.270284483160e+00,9.134200166288e-02
-3.122228057495e+00,7.649046381923e+00,8.930571935576e-02
-3.122146357298e+00,3.624513262776e+00,9.134190221707e-02
-3.122014171613e+00,2.916055703545e+00,9.134120434479e-02
-3.121503889516e+00,6.174816893100e+00,9.133583209996e-02
-3.121503198013e+00,8.618715858596e+00,8.472242702256e-02
-3.121499706245e+00,3.978742042391e+00,9.134090592410e-02
-3.121493577051e+00,8.040131893936e+00,8.792885458601e-02
-3.121443664020e+00,7.058189018032e+00,9.075945077240e-02
-3.121235334876e+00,2.561826923931e+00,9.133950959509e-02
-3.121092280521e+00,5.401455261871e+00,9.133780044237e-02
-3.121052121214e+00,6.739602975853e+00,9.133306154040e-02
-3.121042108721e+00,5.687348527550e+00,9.133671701047e-02
-3.121027313840e+00,8.772389118664e+00,8.346860517986e-02
-3.120929240883e+00,8.465920675309e+00,8.576547078034e-02
-3.120777876750e+00,1.434735352435e+00,9.133793147593e-02
-3.120638785744e+00,1.821166748377e+00,9.133791352375e-02
-3.120490350990e+00,6.539770895203e+00,9.133265086929e-02
-3.120398608559e+00,1.048303956493e+00,9.133696986649e-02
-3.120377892597e+00,4.332970822006e+00,9.133901194953e-02
-3.120093651210e+00,9.506549625042e+00,7.106496609206e-02
-3.119981335542e+00,2.207598144318e+00,9.133691599354e-02
-3.119965544760e+00,7.769604692335e+00,8.892951524906e-02
-3.119844840422e+00,3.302487099489e+00,9.133735195417e-02
-3.119666924109e+00,6.258614063106e+00,9.133211851110e-02
-3.119651753666e+00,3.656715879105e+00,9.133721154645e-02
-3.119562764581e+00,2.948258319874e+00,9.133659430809e-02
-3.119495093857e+00,8.926921742167e+00,8.193710058760e-02
-3.119312052769e+00,8.314022240073e+00,8.664659468162e-02
-3.119279228345e+00,5.078160813975e+00,9.133551587496e-02
-3.119101068091e+00,5.608755247051e+00,9.133326045761e-02
-3.119049442571e+00,5.200642887497e+00,9.133461537135e-02
-3.118983504314e+00,4.010944658720e+00,9.133617296726e-02
-3.118922921031e+00,9.958727919214e+00,3.997225924619e-02
-3.118909187882e+00,6.942507101355e+00,9.098679918988e-02
-3.118834533526e+00,4.795771279120e+00,9.133564599229e-02
-3.118805526144e+00,2.594029540260e+00,9.133493797317e-02
-3.118412862917e+00,1.466937968764e+00,9.133348020734e-02
-3.118295317540e+00,1.011783424248e+01,6.608629157149e-06
-3.118252173612e+00,1.853369364705e+00,9.133342136420e-02
-3.118074476391e+00,9.799863651320e+00,5.678375709753e-02
-3.118055193027e+00,1.080506572821e+00,9.133255814340e-02
-3.117922481786e+00,4.958546248660e+00,9.133332986958e-02
-3.117840092365e+00,4.365173438335e+00,9.133423534593e-02
-3.117573125110e+00,2.239800760647e+00,9.133238156016e-02
-3.117371835090e+00,3.334689715818e+00,9.133269551146e-02
-3.117269273714e+00,6.343112015794e+00,9.132721981761e-02
-3.117223208452e+00,9.080113861971e+00,8.005200030916e-02
-3.117193031067e+00,5.325924217703e+00,9.133065169641e-02
-3.117157150035e+00,3.688918495433e+00,9.133251402269e-02
-3.117111357549e+00,2.980460936202e+00,9.133197765250e-02
-3.116883061238e+00,7.890924200771e+00,8.851438978202e-02
-3.116701694112e+00,9.214168617989e+00,7.797120944108e-02
-3.116658359295e+00,8.163039181510e+00,8.740162868987e-02
-3.116642070136e+00,5.530947605811e+00,9.132891315677e-02
-3.116626603851e+00,4.639361280719e+00,9.133199521060e-02
-3.116467302383e+00,4.043147275048e+00,9.133143303393e-02
-3.116375717412e+00,2.626232156588e+00,9.133035984357e-02
-3.116291712658e+00,6.626432014850e+00,9.132436889986e-02
-3.116047849085e+00,1.499140585092e+00,9.132902277054e-02
-3.115865561479e+00,1.885571981034e+00,9.132892292256e-02
-3.115752387752e+00,9.641252064930e+00,6.603532928689e-02
-3.115711777494e+00,1.112709189150e+00,9.132814036195e-02
-3.115596533161e+00,6.827689096697e+00,9.119817371793e-02
-3.115324978821e+00,7.383698250391e+00,9.003889229841e-02
-3.115302292134e+00,4.397376054664e+00,9.132945163816e-02
-3.115164914678e+00,2.272003376975e+00,9.132784072660e-02
-3.115069236614e+00,7.265629239160e+00,9.032062849577e-02
-3.115020139521e+00,4.841866937015e+00,9.132821667034e-02
-3.114947690772e+00,9.348434871537e+00,7.533412604990e-02
-3.114898829758e+00,3.366892332146e+00,9.132803231902e-02
-3.114778659547e+00,7.502573909523e+00,8.973212973668e-02
-3.114662546403e+00,3.721121111762e+00,9.132780962962e-02
-3.114659950517e+00,3.012663552531e+00,9.132735436268e-02
-3.114305894318e+00,6.428299995607e+00,9.132131086821e-02
-3.114017409249e+00,7.148381547788e+00,9.058042343837e-02
-3.113951100451e+00,4.075349891377e+00,9.132668610754e-02
-3.113945908680e+00,2.658434772916e+00,9.132577519136e-02
-3.113764654471e+00,4.683466063201e+00,9.132639347082e-02
-3.113758351902e+00,5.127474739979e+00,9.132482177542e-02
-3.113682835252e+00,1.531343201421e+00,9.132455915172e-02
-3.113670749769e+00,5.453936056706e+00,9.132352692694e-02
-3.113478949347e+00,1.917774597362e+00,9.132441818465e-02
-3.113424393330e+00,7.622241506847e+00,8.939730484567e-02
-3.113377775583e+00,5.903044738047e+00,9.132140667060e-02
-3.113371921192e+00,8.591141818748e+00,8.494810439691e-02
-3.113368361962e+00,1.144911805478e+00,9.132371650872e-02
-3.113276646048e+00,5.984541661564e+00,9.132090425194e-02
-3.113113305079e+00,5.006565908229e+00,9.132403617798e-02
-3.112994106429e+00,8.744710075090e+00,8.374045456475e-02
-3.112975001016e+00,8.012990084979e+00,8.805455336223e-02
-3.112939684295e+00,5.822292455944e+00,9.132084366471e-02
-3.112798082596e+00,5.251219272345e+00,9.132256950824e-02
-3.112764491903e+00,4.429578670992e+00,9.132466080915e-02
-3.112756704245e+00,2.304205993303e+00,9.132329347830e-02
-3.112700386803e+00,8.438452863106e+00,8.595526614554e-02
-3.112630981650e+00,6.066772604553e+00,9.131944351731e-02
-3.112425824427e+00,3.399094948475e+00,9.132336236104e-02
-3.112208543485e+00,3.044866168860e+00,9.132272442325e-02
-3.112175563710e+00,7.031969809933e+00,9.082099237887e-02
-3.112167942772e+00,3.753323728090e+00,9.132309835105e-02
-3.111967751881e+00,5.742295403529e+00,9.131928575903e-02
-3.111959127649e+00,9.482903768419e+00,7.188578387495e-02
-3.111560442298e+00,8.899138921065e+00,8.227078040795e-02
-3.111516099948e+00,2.690637389245e+00,9.132118400154e-02
-3.111512031881e+00,6.713749522338e+00,9.131500446392e-02
-3.111435534220e+00,6.149726911784e+00,9.131681896318e-02
-3.111434898520e+00,4.107552507706e+00,9.132193217141e-02
-3.111317821420e+00,1.563545817749e+00,9.132008933706e-02
-3.111256385680e+00,7.742686295471e+00,8.903008238632e-02
-3.111137357195e+00,9.934964463498e+00,4.366650782714e-02
-3.111092337215e+00,1.949977213691e+00,9.131990713623e-02
-3.111024946429e+00,1.177114421807e+00,9.131928657024e-02
-3.110986119277e+00,8.286661877126e+00,8.680895681492e-02
-3.110903478862e+00,4.888560763947e+00,9.132031441073e-02
-3.110771808531e+00,6.514167215277e+00,9.131434034754e-02
-3.110626454029e+00,1.009403272756e+01,1.009008195276e-02
-3.110613975516e+00,4.728190108623e+00,9.132032821845e-02
-3.110467423487e+00,5.663064135038e+00,9.131670300232e-02
-3.110348493813e+00,2.336408609632e+00,9.131873980062e-02
-3.110226691672e+00,4.461781287321e+00,9.131986284181e-02
-3.110192806595e+00,5.377731017063e+00,9.131717772257e-02
-3.110172400580e+00,9.776138825676e+00,5.868151620581e-02
-3.109952819095e+00,3.431297564804e+00,9.131868562170e-02
-3.109757136454e+00,3.077068785189e+00,9.131808781877e-02
-3.109685121626e+00,6.233393895132e+00,9.131322864398e-02
-3.109673339140e+00,3.785526344419e+00,9.131838017070e-02
-3.109549857371e+00,6.916408620455e+00,9.104412132706e-02
-3.109086291216e+00,2.722840005573e+00,9.131658625907e-02
-3.109064544443e+00,9.054409604253e+00,8.044426404917e-02
-3.108952807587e+00,1.595748434078e+00,9.131561331269e-02
-3.108918696589e+00,4.139755124035e+00,9.131717120886e-02
-3.108705725082e+00,1.982179830019e+00,9.131538976306e-02
-3.108681530896e+00,1.209317038136e+00,9.131485053301e-02
-3.108444209531e+00,5.584609170274e+00,9.131314871067e-02
-3.108335509586e+00,9.190604002530e+00,7.842579914018e-02
-3.108268933415e+00,7.863893491800e+00,8.862508616706e-02
-3.108235849926e+00,8.135787487099e+00,8.754210542453e-02
-3.107988730096e+00,5.055162386991e+00,9.131413372618e-02
-3.107940283381e+00,2.368611225960e+00,9.131417967891e-02
-3.107913322084e+00,5.177350737431e+00,9.131359739032e-02
-3.107733991106e+00,9.617566439298e+00,6.718696437266e-02
-3.107688891441e+00,4.493983903650e+00,9.131505771897e-02
-3.107479813763e+00,3.463500181132e+00,9.131400208510e-02
-3.107374627958e+00,6.317762833969e+00,9.130852288509e-02
-3.107305729422e+00,3.109271401517e+00,9.131344453376e-02
-3.107178735509e+00,3.817728960748e+00,9.131365507226e-02
-3.107170250110e+00,4.773526782847e+00,9.131354780423e-02
-3.106697236993e+00,9.324829351961e+00,7.591639819878e-02
-3.106662105787e+00,6.600702856200e+00,9.130614563973e-02
-3.106656482483e+00,2.755042621902e+00,9.131198194886e-02
-3.106587793755e+00,1.627951050406e+00,9.131113106468e-02
-3.106480364144e+00,4.935846042992e+00,9.131165969840e-02
-3.106402494657e+00,4.171957740363e+00,9.131240320313e-02
-3.106338115364e+00,1.241519654464e+00,9.131040838349e-02
-3.106333905521e+00,7.357124038050e+00,9.011467652513e-02
-3.106319112950e+00,2.014382446348e+00,9.131086605083e-02
-3.106214004673e+00,5.302342868296e+00,9.130993357722e-02
-3.106146537793e+00,6.801712534873e+00,9.125183694513e-02
-3.105985270489e+00,7.239172162759e+00,9.039057558528e-02
-3.105903685455e+00,5.506940994252e+00,9.130855124073e-02
-3.105881022103e+00,7.475883763452e+00,8.981436710027e-02
-3.105532072949e+00,2.400813842289e+00,9.130961309845e-02
-3.105240644371e+00,8.563567778901e+00,8.516601447662e-02
-3.105151091209e+00,4.526186519978e+00,9.131024542341e-02
-3.105006808432e+00,3.495702797461e+00,9.130931173531e-02
-3.104960899018e+00,8.717031031516e+00,8.400208328606e-02
-3.104854322390e+00,3.141474017846e+00,9.130879455270e-02
-3.104841098925e+00,7.122042806990e+00,9.064535409101e-02
-3.104746595038e+00,4.617582467440e+00,9.130947758354e-02
-3.104684131877e+00,3.849931577077e+00,9.130892303939e-02
-3.104620729166e+00,7.595436631771e+00,8.948689130363e-02
-3.104499003732e+00,6.402822975540e+00,9.130270513072e-02
-3.104471532722e+00,8.410985050903e+00,8.613907837037e-02
-3.104456424982e+00,7.985848276021e+00,8.817702117904e-02
-3.104226673752e+00,2.787245238231e+00,9.130737105579e-02
-3.104222779922e+00,1.660153666735e+00,9.130664257908e-02
-3.103994699831e+00,1.273722270792e+00,9.130596010811e-02
-3.103932500818e+00,2.046585062676e+00,9.130633598520e-02
-3.103886292726e+00,4.204160356692e+00,9.130762813742e-02
-3.103824604089e+00,9.459257911796e+00,7.265770424240e-02
-3.103625790739e+00,8.871356099963e+00,8.259064573027e-02
-3.103429202656e+00,4.819469424995e+00,9.130629092666e-02
-3.103351793358e+00,9.911201007782e+00,4.691845655277e-02
-3.103123862517e+00,2.433016458617e+00,9.130504004450e-02
-3.103053439852e+00,5.878352325147e+00,9.130186434231e-02
-3.103037018689e+00,5.959715560649e+00,9.130147957909e-02
-3.102957590518e+00,1.007023121264e+01,1.829745959883e-02
-3.102907463401e+00,7.005750601834e+00,9.088145545664e-02
-3.102851491521e+00,5.430070056821e+00,9.130306826580e-02
-3.102660185785e+00,8.259301514180e+00,8.696656928414e-02
-3.102613290978e+00,4.558389136307e+00,9.130542593789e-02
-3.102547226599e+00,7.715767898607e+00,8.912833746110e-02
-3.102544700360e+00,5.104328887571e+00,9.130358273976e-02
-3.102533803100e+00,3.527905413790e+00,9.130461455635e-02
-3.102531265859e+00,5.797734892406e+00,9.130108327691e-02
-3.102476682914e+00,6.041813979873e+00,9.130015296755e-02
-3.102402915358e+00,3.173676634174e+00,9.130413786003e-02
-3.102270324770e+00,9.752414000033e+00,6.041189439349e-02
-3.102189528245e+00,3.882134193405e+00,9.130418405566e-02
-3.101971942548e+00,6.687896068822e+00,9.129686800007e-02
-3.101955829932e+00,4.661530919658e+00,9.130404783207e-02
-3.101857766090e+00,1.692356283063e+00,9.130214784191e-02
-3.101796865019e+00,2.819447854559e+00,9.130275356467e-02
-3.101746649720e+00,4.983716031233e+00,9.130253786079e-02
-3.101740172251e+00,5.227781955562e+00,9.130159238822e-02
-3.101651284298e+00,1.305924887121e+00,9.130150569324e-02
-3.101545888685e+00,2.078787679004e+00,9.130179955178e-02
-3.101475881814e+00,5.717873847772e+00,9.129942523755e-02
-3.101370090794e+00,4.236362973021e+00,9.130284599488e-02
-3.101367178924e+00,6.124636930467e+00,9.129772160150e-02
-3.101228929458e+00,9.026524234074e+00,8.084518987571e-02
-3.101053266072e+00,6.488563535351e+00,9.129584907310e-02
-3.100715652084e+00,2.465219074946e+00,9.130046050226e-02
-3.100190526860e+00,6.890310139555e+00,9.110048264194e-02
-3.100075490747e+00,4.590591752636e+00,9.130059924507e-02
-3.100060797768e+00,3.560108030119e+00,9.129991053221e-02
-3.099969325061e+00,9.167039387070e+00,7.885991131201e-02
-3.099951508326e+00,3.205879250503e+00,9.129947444013e-02
-3.099892738253e+00,5.638779742527e+00,9.129659946456e-02
-3.099813340558e+00,8.108535792687e+00,8.767872450779e-02
-3.099715594461e+00,9.593880813667e+00,6.825814576312e-02
-3.099703319144e+00,6.208173727157e+00,9.129422574497e-02
-3.099694924614e+00,3.914336809734e+00,9.129943810462e-02
-3.099654805592e+00,7.836862782829e+00,8.873311074467e-02
-3.099492752257e+00,1.724558899391e+00,9.129764683913e-02
-3.099386598985e+00,4.866011347695e+00,9.129837705046e-02
-3.099367056287e+00,2.851650470888e+00,9.129812946031e-02
-3.099307868766e+00,1.338127503450e+00,9.129704512522e-02
-3.099293332669e+00,5.354006772255e+00,9.129646321195e-02
-3.099159276553e+00,2.110990295333e+00,9.129725673615e-02
-3.098877061156e+00,4.706099736291e+00,9.129796956504e-02
-3.098853888863e+00,4.268565589349e+00,9.129805675860e-02
-3.098446783214e+00,9.301223832386e+00,7.646917826236e-02
-3.098307441652e+00,2.497421691274e+00,9.129587445690e-02
-3.097787350972e+00,5.560463093497e+00,9.129290298046e-02
-3.097587792436e+00,3.592310646447e+00,9.129519964678e-02
-3.097500101294e+00,3.238081866832e+00,9.129480427734e-02
-3.097479982203e+00,6.292413652144e+00,9.128973618539e-02
-3.097342832220e+00,7.330549825709e+00,9.018889865114e-02
-3.097200320982e+00,3.946539426062e+00,9.129468516976e-02
-3.097127738425e+00,1.756761515720e+00,9.129313955666e-02
-3.097109367550e+00,8.535993739054e+00,8.537616741896e-02
-3.097032498916e+00,6.574973697550e+00,9.128784259268e-02
-3.096983384660e+00,7.449193617381e+00,8.989490723884e-02
-3.096964453233e+00,1.370330119778e+00,9.129257839036e-02
-3.096937247556e+00,2.883853087217e+00,9.129349872742e-02
-3.096927691607e+00,8.689351987942e+00,8.425404968674e-02
-3.096901304363e+00,7.212715086357e+00,9.045920470028e-02
-3.096777201597e+00,5.154058587364e+00,9.129235813995e-02
-3.096772664421e+00,2.143192911661e+00,9.129270752384e-02
-3.096698231848e+00,5.032163960007e+00,9.129263013588e-02
-3.096696542425e+00,6.775735973050e+00,9.128647886070e-02
-3.096337686932e+00,4.300768205678e+00,9.129326041161e-02
-3.096242678642e+00,8.383517238700e+00,8.631718225270e-02
-3.095937848948e+00,7.958706467063e+00,8.829638024494e-02
-3.095899231220e+00,2.529624307603e+00,9.129128189355e-02
-3.095817065002e+00,7.568631756695e+00,8.957454392366e-02
-3.095691139180e+00,8.843573278861e+00,8.289752469808e-02
-3.095690080528e+00,9.435612055173e+00,7.338495348119e-02
-3.095664788602e+00,7.095704066193e+00,9.070911108068e-02
-3.095566229521e+00,9.887437552065e+00,4.980297555340e-02
-3.095505966693e+00,4.751282286574e+00,9.129135458114e-02
-3.095288727008e+00,1.004642969772e+01,2.510392630189e-02
-3.095234978279e+00,5.278761518889e+00,9.128897127401e-02
-3.095165300774e+00,5.482934382693e+00,9.128809843680e-02
-3.095121900228e+00,1.093750035002e-01,9.133957211597e-02
-3.095121900228e+00,1.562500050003e-02,9.136522993565e-02
-3.095121900228e+00,4.687500150008e-02,9.135612386820e-02
-3.095121900228e+00,7.812500250012e-02,9.134756891223e-02
-3.095121900228e+00,1.406250045003e-01,9.133214011809e-02
-3.095121900228e+00,1.718750055004e-01,9.132527913224e-02
-3.095121900228e+00,2.656250085005e-01,9.130817770477e-02
-3.095121900228e+00,2.968750095005e-01,9.130365390694e-02
-3.095121900228e+00,3.281250105004e-01,9.129972533185e-02
-3.095121900228e+00,3.593750115004e-01,9.129639536792e-02
-3.095121900228e+00,3.906250125003e-01,9.129366689675e-02
-3.095121900228e+00,4.843750155000e-01,9.128911151105e-02
-3.095121900228e+00,5.156250165000e-01,9.128880746532e-02
-3.095121900228e+00,5.468750175000e-01,9.128880746532e-02
-3.095121900228e+00,5.781250185001e-01,9.128880746532e-02
-3.095121900228e+00,6.093750195001e-01,9.128880746532e-02
-3.095121900228e+00,7.031250225002e-01,9.128880746532e-02
-3.095121900228e+00,7.343750235002e-01,9.128880746532e-02
-3.095121900228e+00,7.656250245001e-01,9.128880746532e-02
-3.095121900228e+00,7.968750255001e-01,9.128880746532e-02
-3.095121900228e+00,8.281250265000e-01,9.128880746532e-02
-3.095121900228e+00,8.593750275001e-01,9.128880746532e-02
-3.095121900228e+00,8.906250285001e-01,9.128880746532e-02
-3.095121900228e+00,9.218750295001e-01,9.128880746532e-02
-3.095121900228e+00,9.531250305000e-01,9.128880746532e-02
-3.095121900228e+00,9.843750315000e-01,9.128880746532e-02
-3.095121900228e+00,2.031250065004e-01,9.131899493226e-02
-3.095121900228e+00,2.343750075005e-01,9.131329283846e-02
-3.095121900228e+00,4.531250145001e-01,9.129002338297e-02
-3.095121900228e+00,6.406250205001e-01,9.128880746532e-02
-3.095121900228e+00,6.718750215001e-01,9.128880746532e-02
-3.095121900228e+00,4.218750135002e-01,9.129154228588e-02
-3.095114787105e+00,3.624513262776e+00,9.129048188396e-02
-3.095048694262e+00,3.270284483160e+00,9.129012735595e-02
-3.095038246503e+00,4.913145837323e+00,9.128989524999e-02
-3.094762724592e+00,1.788964132048e+00,9.128862598039e-02
-3.094705717351e+00,3.978742042391e+00,9.128992523453e-02
-3.094692113145e+00,6.377345955473e+00,9.128401710589e-02
-3.094621037700e+00,1.402532736107e+00,9.128810547493e-02
-3.094507438823e+00,2.916055703545e+00,9.128886135070e-02
-3.094386052288e+00,2.175395527990e+00,9.128815190033e-02
-3.094368248959e+00,9.728689174389e+00,6.199606030817e-02
-3.094334252293e+00,8.231941151233e+00,8.711963538409e-02
-3.093960991612e+00,1.016101340164e+00,9.128658990362e-02
-3.093838067519e+00,7.688849501743e+00,8.922417859423e-02
-3.093821485000e+00,4.332970822006e+00,9.128845693693e-02
-3.093639363092e+00,6.979531393735e+00,9.094077781063e-02
-3.093491020788e+00,2.561826923931e+00,9.128668279727e-02
-3.093393314474e+00,8.998638863896e+00,8.122691788026e-02
-3.092797391330e+00,5.934889459734e+00,9.128196848078e-02
-3.092729104120e+00,5.853659912248e+00,9.128211441599e-02
-3.092641781773e+00,3.656715879105e+00,9.128575722757e-02
-3.092597287230e+00,3.302487099489e+00,9.128544366020e-02
-3.092431853215e+00,6.662042615306e+00,9.127865180984e-02
-3.092397710760e+00,1.821166748377e+00,9.128410609617e-02
-3.092322384178e+00,6.016855355194e+00,9.128073873047e-02
-3.092277622168e+00,1.434735352435e+00,9.128362636515e-02
-3.092211113719e+00,4.010944658720e+00,9.128515828231e-02
-3.092122847423e+00,5.773177328867e+00,9.128123470112e-02
-3.092077630091e+00,2.948258319874e+00,9.128421731481e-02
-3.092032233273e+00,5.406204056936e+00,9.128236938655e-02
-3.091999440156e+00,2.207598144318e+00,9.128358985108e-02
-3.091838265792e+00,4.797071912974e+00,9.128417939375e-02
-3.091697197815e+00,9.570195188035e+00,6.925699551099e-02
-3.091639174379e+00,1.048303956493e+00,9.128215021497e-02
-3.091603140535e+00,9.143474771611e+00,7.927489106015e-02
-3.091390831189e+00,8.081284098275e+00,8.781132762419e-02
-3.091334723613e+00,6.462959855425e+00,9.127725221604e-02
-3.091331048817e+00,5.081183035163e+00,9.128221933990e-02
-3.091305283069e+00,4.365173438335e+00,9.128364631747e-02
-3.091298823628e+00,6.099546949150e+00,9.127853972479e-02
-3.091082810356e+00,2.594029540260e+00,9.128207715310e-02
-3.091040677769e+00,7.809832073858e+00,8.883855900938e-02
-3.090984011747e+00,5.693452292014e+00,9.127933137191e-02
-3.090831196348e+00,6.864211658655e+00,9.115590832688e-02
-3.090682261906e+00,5.204344638778e+00,9.128052274628e-02
-3.090379994361e+00,4.960866154237e+00,9.128076957629e-02
-3.090196329435e+00,9.277618312811e+00,7.699464045135e-02
-3.090168776441e+00,3.688918495433e+00,9.128102566139e-02
-3.090147005392e+00,4.639595776115e+00,9.128147533927e-02
-3.090145880199e+00,3.334689715818e+00,9.128075317429e-02
-3.090032696927e+00,1.853369364705e+00,9.127957988979e-02
-3.089934206635e+00,1.466937968764e+00,9.127914104722e-02
-3.089721516661e+00,6.182953559183e+00,9.127513812310e-02
-3.089716510088e+00,4.043147275048e+00,9.128038429645e-02
-3.089647821359e+00,2.980460936202e+00,9.127956660433e-02
-3.089612828024e+00,2.239800760647e+00,9.127902136150e-02
-3.089318053020e+00,5.614495350016e+00,9.127640617001e-02
-3.089317357146e+00,1.080506572821e+00,9.127770442812e-02
-3.088978090728e+00,8.508419699206e+00,8.557903942830e-02
-3.088894484196e+00,8.661672944368e+00,8.449687260282e-02
-3.088789081138e+00,4.397376054664e+00,9.127882853613e-02
-3.088674599924e+00,2.626232156588e+00,9.127746494603e-02
-3.088393858744e+00,5.330282527447e+00,9.127565676062e-02
-3.088351758920e+00,7.303975613369e+00,9.026157322152e-02
-3.088085747216e+00,7.422503471309e+00,8.997380294999e-02
-3.088013824561e+00,8.356049426497e+00,8.648983628720e-02
-3.087869719107e+00,4.843461931443e+00,9.127634382353e-02
-3.087817338238e+00,7.186258009955e+00,9.052655378089e-02
-3.087780665685e+00,9.863674096349e+00,5.237893987695e-02
-3.087756487621e+00,8.815790457759e+00,8.319218132091e-02
-3.087695771110e+00,3.721121111762e+00,9.127628716914e-02
-3.087694473167e+00,3.366892332146e+00,9.127605588237e-02
-3.087667683095e+00,1.885571981034e+00,9.127504734704e-02
-3.087619863497e+00,1.002262818280e+01,3.083980593931e-02
-3.087590791102e+00,1.499140585092e+00,9.127464950727e-02
-3.087585336447e+00,6.267064470319e+00,9.127074344829e-02
-3.087555556967e+00,9.411966198550e+00,7.407128468426e-02
-3.087419272913e+00,7.931564658105e+00,8.841274682599e-02
-3.087402892045e+00,6.549244538900e+00,9.126942050010e-02
-3.087246547057e+00,6.749759411227e+00,9.126834885680e-02
-3.087226215891e+00,2.272003376975e+00,9.127444641694e-02
-3.087221906456e+00,4.075349891377e+00,9.127560326024e-02
-3.087218012627e+00,3.012663552531e+00,9.127490920383e-02
-3.087140146796e+00,4.684009363960e+00,9.127550672507e-02
-3.087130492412e+00,5.536317016720e+00,9.127245807541e-02
-3.087013400838e+00,7.541826881619e+00,8.966032518638e-02
-3.086995539914e+00,1.112709189150e+00,9.127325252958e-02
-3.086488478279e+00,7.069365325395e+00,9.077172710894e-02
-3.086466173149e+00,9.704964348745e+00,6.345175774651e-02
-3.086272879206e+00,4.429578670992e+00,9.127400357575e-02
-3.086266389492e+00,2.658434772916e+00,9.127284616101e-02
-3.086008318801e+00,8.204580788286e+00,8.726834716592e-02
-3.085641081110e+00,5.130766437298e+00,9.127102443303e-02
-3.085557699489e+00,8.970753493718e+00,8.159180970401e-02
-3.085407733599e+00,5.009165533023e+00,9.127103198442e-02
-3.085302669262e+00,1.917774597362e+00,9.127050845361e-02
-3.085247375570e+00,1.531343201421e+00,9.127015173142e-02
-3.085243066135e+00,3.399094948475e+00,9.127135176855e-02
-3.085222765778e+00,3.753323728090e+00,9.127154173452e-02
-3.085128908439e+00,7.661931104878e+00,8.931782226660e-02
-3.084885222559e+00,6.351868935405e+00,9.126524647539e-02
-3.084839603759e+00,2.304205993303e+00,9.126986500273e-02
-3.084788203895e+00,3.044866168860e+00,9.127024509783e-02
-3.084727302825e+00,4.107552507706e+00,9.127081515691e-02
-3.084673722681e+00,1.144911805478e+00,9.126879450585e-02
-3.084426916093e+00,5.458927771135e+00,9.126755455695e-02
-3.084371262782e+00,6.953312185636e+00,9.099905167887e-02
-3.084255951886e+00,5.255180169483e+00,9.126790372440e-02
-3.083858179059e+00,2.690637389245e+00,9.126822078293e-02
-3.083841683277e+00,4.729037790301e+00,9.126905849805e-02
-3.083756677275e+00,4.461781287321e+00,9.126917141911e-02
-3.083678801169e+00,9.546509562403e+00,7.019057825931e-02
-3.083596128861e+00,4.890445631655e+00,9.126799096843e-02
-3.083236956010e+00,9.119910156152e+00,7.967196835552e-02
-3.082968321820e+00,8.054032403864e+00,8.794042912687e-02
-3.082937655430e+00,1.949977213691e+00,9.126596319521e-02
-3.082903960037e+00,1.563545817749e+00,9.126564770573e-02
-3.082891763882e+00,6.636189161790e+00,9.126035555688e-02
-3.082791659103e+00,3.431297564804e+00,9.126664081689e-02
-3.082749760446e+00,3.785526344419e+00,9.126678934114e-02
-3.082557763971e+00,5.910063358820e+00,9.126235295865e-02
-3.082452991627e+00,2.336408609632e+00,9.126527710414e-02
-3.082426549946e+00,7.782801364887e+00,8.894152207289e-02
-3.082404768388e+00,5.828967499348e+00,9.126227554695e-02
-3.082358395163e+00,3.077068785189e+00,9.126557427077e-02
-3.082351905448e+00,1.177114421807e+00,9.126433034335e-02
-3.082232699193e+00,4.139755124035e+00,9.126601996966e-02
-3.082168085442e+00,5.991896730514e+00,9.126123744211e-02
-3.081945875656e+00,9.254012793236e+00,7.749475056120e-02
-3.081714428988e+00,5.748619765329e+00,9.126129768926e-02
-3.081616181154e+00,6.437356175499e+00,9.125857271729e-02
-3.081471865837e+00,6.838113177754e+00,9.121042274407e-02
-3.081449968627e+00,2.722840005573e+00,9.126358879667e-02
-3.081240475343e+00,4.493983903650e+00,9.126433204892e-02
-3.081230468333e+00,6.074456967833e+00,9.125915738057e-02
-3.081212975025e+00,5.382338057052e+00,9.126156788022e-02
-3.080861276785e+00,8.633993900794e+00,8.473103477209e-02
-3.080846813907e+00,8.480845659359e+00,8.577530512875e-02
-3.080572641598e+00,1.982179830019e+00,9.126141155746e-02
-3.080560544504e+00,1.595748434078e+00,9.126113741624e-02
-3.080492141680e+00,5.669030736256e+00,9.125914684152e-02
-3.080340252071e+00,3.463500181132e+00,9.126192301138e-02
-3.080276755114e+00,3.817728960748e+00,9.126202997259e-02
-3.080247328927e+00,4.774674400954e+00,9.126187482754e-02
-3.080117397275e+00,5.058037182755e+00,9.126061842549e-02
-3.080066379494e+00,2.368611225960e+00,9.126068270641e-02
-3.080030088215e+00,1.209317038136e+00,9.125986002849e-02
-3.079995101848e+00,9.839910640633e+00,5.469328437523e-02
-3.079950999986e+00,9.998826667884e+00,3.573914039164e-02
-3.079928586431e+00,3.109271401517e+00,9.126089670709e-02
-3.079821836062e+00,8.788007636657e+00,8.347532150367e-02
-3.079784970481e+00,8.328581614294e+00,8.665728384570e-02
-3.079739714178e+00,6.157733391209e+00,9.125596546882e-02
-3.079738095561e+00,4.171957740363e+00,9.126121768163e-02
-3.079624351561e+00,5.180907321995e+00,9.125924828304e-02
-3.079421033406e+00,9.388320341927e+00,7.472004217735e-02
-3.079360685620e+00,7.277401401028e+00,9.033284846249e-02
-3.079188109772e+00,7.395813325238e+00,9.005110493920e-02
-3.079041758195e+00,2.755042621902e+00,9.125895018702e-02
-3.079013339002e+00,4.938016277241e+00,9.125890215095e-02
-3.078900696879e+00,7.904422849148e+00,8.852623159921e-02
-3.078743367786e+00,5.590210957505e+00,9.125612115762e-02
-3.078733372112e+00,7.159800933554e+00,9.059265938501e-02
-3.078724273412e+00,4.526186519978e+00,9.125948544788e-02
-3.078564097339e+00,9.681239523102e+00,6.479397136492e-02
-3.078338180853e+00,4.617660632572e+00,9.125874092343e-02
-3.078217128972e+00,1.627951050406e+00,9.125662084893e-02
-3.078209736674e+00,7.515022006543e+00,8.974429499711e-02
-3.078207627765e+00,2.014382446348e+00,9.125685352597e-02
-3.077888845039e+00,3.495702797461e+00,9.125719833600e-02
-3.077803749783e+00,3.849931577077e+00,9.125726361240e-02
-3.077796551689e+00,6.723782849403e+00,9.125013889197e-02
-3.077773285174e+00,6.523515380249e+00,9.125083195618e-02
-3.077722084504e+00,8.942868123539e+00,8.194093794291e-02
-3.077708270982e+00,1.241519654464e+00,9.125538354764e-02
-3.077690690691e+00,6.241715288495e+00,9.125166553758e-02
-3.077682385310e+00,8.177220425339e+00,8.741288619809e-02
-3.077679767362e+00,2.400813842289e+00,9.125608179474e-02
-3.077498777699e+00,3.141474017846e+00,9.125621239114e-02
-3.077494384818e+00,5.306558282639e+00,9.125468573765e-02
-3.077312167956e+00,7.043026584597e+00,9.083323372595e-02
-3.077243491930e+00,4.204160356692e+00,9.125640827590e-02
-3.076633547763e+00,2.787245238231e+00,9.125430493875e-02
-3.076473633852e+00,5.512170939943e+00,9.125192100454e-02
-3.076419749358e+00,7.635012708014e+00,8.940939627682e-02
-3.076352839230e+00,4.820912515192e+00,9.125421480024e-02
-3.076208071481e+00,4.558389136307e+00,9.125463159861e-02
-3.075873713439e+00,1.660153666735e+00,9.125209798976e-02
-3.075842613933e+00,2.046585062676e+00,9.125228908630e-02
-3.075660404524e+00,9.522823936772e+00,7.106506790272e-02
-3.075437438007e+00,3.527905413790e+00,9.125246677465e-02
-3.075403232436e+00,4.661918991629e+00,9.125294772120e-02
-3.075386453750e+00,1.273722270792e+00,9.125090088711e-02
-3.075330744451e+00,3.882134193405e+00,9.125249024406e-02
-3.075293155230e+00,2.433016458617e+00,9.125147435426e-02
-3.075103162473e+00,6.927092977538e+00,9.105633833309e-02
-3.075078331973e+00,6.326391915338e+00,9.124634402914e-02
-3.075068968967e+00,3.173676634175e+00,9.125152130727e-02
-3.074870771484e+00,9.096345540692e+00,8.005207375863e-02
-3.074748888298e+00,4.236362973021e+00,9.125159173551e-02
-3.074545812451e+00,8.026780709452e+00,8.806616477418e-02
-3.074504960623e+00,5.107474287231e+00,9.124959618944e-02
-3.074225337331e+00,2.819447854559e+00,9.124965303660e-02
-3.074117235351e+00,4.986167106039e+00,9.124929356053e-02
-3.073812422123e+00,7.755770655916e+00,8.904208691044e-02
-3.073695421877e+00,9.230407273660e+00,7.797129036320e-02
-3.073691869549e+00,4.590591752636e+00,9.124977048366e-02
-3.073688531411e+00,5.434921159576e+00,9.124683186308e-02
-3.073530297906e+00,1.692356283063e+00,9.124756882462e-02
-3.073477600100e+00,2.078787679004e+00,9.124771822395e-02
-3.073351674549e+00,6.610335708274e+00,9.124197890770e-02
-3.073276925492e+00,5.231598820076e+00,9.124674205538e-02
-3.073064636517e+00,1.305924887121e+00,9.124641203319e-02
-3.072986030976e+00,3.560108030119e+00,9.124772831119e-02
-3.072906543097e+00,2.465219074946e+00,9.124686037010e-02
-3.072857739119e+00,3.914336809734e+00,9.124770985100e-02
-3.072828069374e+00,8.606314857221e+00,8.495698589897e-02
-3.072715537086e+00,8.453271619511e+00,8.596527744272e-02
-3.072639160235e+00,3.205879250503e+00,9.124682343975e-02
-3.072318136612e+00,5.885237257905e+00,9.124252460849e-02
-3.072282136475e+00,9.975025152964e+00,3.997238697887e-02
-3.072254284667e+00,4.268565589349e+00,9.124676804344e-02
-3.072209538011e+00,9.816147184916e+00,5.678388457783e-02
-3.072177399861e+00,4.706793294028e+00,9.124648014763e-02
-3.072154011220e+00,4.867745425986e+00,9.124585138285e-02
-3.072112535326e+00,6.812014696854e+00,9.123878007232e-02
-3.072080432657e+00,5.804275086448e+00,9.124234745958e-02
-3.072013786705e+00,5.966938105834e+00,9.124164880910e-02
-3.071897638695e+00,6.411752495574e+00,9.123981024357e-02
-3.071887184503e+00,8.760224815554e+00,8.374759841669e-02
-3.071817126898e+00,2.851650470888e+00,9.124499446523e-02
-3.071556116400e+00,8.301113802091e+00,8.681975425752e-02
-3.071306010552e+00,5.724062201791e+00,9.124114399337e-02
-3.071286509845e+00,9.364674485304e+00,7.533421569859e-02
-3.071186882374e+00,1.724558899391e+00,9.124303333940e-02
-3.071162113037e+00,6.049366986516e+00,9.123966629026e-02
-3.071112586268e+00,2.110990295333e+00,9.124314092441e-02
-3.070877464631e+00,1.013413796360e+01,6.608629172722e-06
-3.070742819284e+00,1.338127503449e+00,9.124191697213e-02
-3.070662021528e+00,9.657514697458e+00,6.603544292264e-02
-3.070534623944e+00,3.592310646447e+00,9.124298292946e-02
-3.070519930965e+00,2.497421691274e+00,9.124223982730e-02
-3.070393716777e+00,5.358472057167e+00,9.124067299091e-02
-3.070384733788e+00,3.946539426062e+00,9.124292241660e-02
-3.070382120845e+00,7.877281040190e+00,8.863693998130e-02
-3.070369612320e+00,7.250827188687e+00,9.040276536993e-02
-3.070290472328e+00,7.369123179167e+00,9.012686192119e-02
-3.070209351503e+00,3.238081866832e+00,9.124211877280e-02
-3.070000271613e+00,5.644609180499e+00,9.123887139660e-02
-3.069886469520e+00,8.914982753361e+00,8.227528712911e-02
-3.069759681035e+00,4.300768205678e+00,9.124193718261e-02
-3.069757911695e+00,6.132513223235e+00,9.123670747773e-02
-3.069649405987e+00,7.133343857152e+00,9.065755674964e-02
-3.069408916466e+00,2.883853087217e+00,9.124032920929e-02
-3.069406072510e+00,7.488217131467e+00,8.982651081564e-02
-3.069356451818e+00,8.149860062393e+00,8.755342426696e-02
-3.068903745733e+00,5.034891330347e+00,9.123892107141e-02
-3.068843466841e+00,1.756761515720e+00,9.123849151991e-02
-3.068747572435e+00,2.143192911661e+00,9.123855717310e-02
-3.068656392062e+00,4.752276888933e+00,9.123947296222e-02
-3.068566441215e+00,5.157470005211e+00,9.123782021943e-02
-3.068421002051e+00,1.370330119778e+00,9.123741569014e-02
-3.068346556321e+00,6.697806287580e+00,9.123184861891e-02
-3.068168682552e+00,5.565926564994e+00,9.123559275867e-02
-3.068143678304e+00,6.497786221599e+00,9.123216045278e-02
-3.068135857632e+00,7.016687843799e+00,9.089366137984e-02
-3.068133318833e+00,2.529624307603e+00,9.123761271089e-02
-3.068083216912e+00,3.624513262776e+00,9.123823061320e-02
-3.067911728456e+00,3.978742042391e+00,9.123812792419e-02
-3.067796044935e+00,6.216366106670e+00,9.123250212560e-02
-3.067779542771e+00,3.270284483160e+00,9.123740729063e-02
-3.067710590278e+00,7.608094311150e+00,8.949896887039e-02
-3.067646683643e+00,4.915166400245e+00,9.123693840884e-02
-3.067642007878e+00,9.499138311141e+00,7.188588369047e-02
-3.067265077404e+00,4.332970822006e+00,9.123709913592e-02
-3.067000706034e+00,2.916055703545e+00,9.123565725335e-02
-3.066819627513e+00,9.070569888675e+00,8.044484798745e-02
-3.066594910892e+00,5.282834037831e+00,9.123352778409e-02
-3.066500051309e+00,1.788964132048e+00,9.123394335194e-02
-3.066382558603e+00,2.175395527990e+00,9.123396695542e-02
-3.066330068598e+00,1.718750055004e-01,9.127054220605e-02
-3.066330068598e+00,2.343750075005e-01,9.125823682462e-02
-3.066330068598e+00,5.781250185001e-01,9.123309533445e-02
-3.066330068598e+00,6.093750195001e-01,9.123309533445e-02
-3.066330068598e+00,7.031250225002e-01,9.123309533445e-02
-3.066330068598e+00,7.343750235002e-01,9.123309533445e-02
-3.066330068598e+00,8.281250265000e-01,9.123309533445e-02
-3.066330068598e+00,9.218750295001e-01,9.123309533445e-02
-3.066330068598e+00,1.562500050003e-02,9.131154661958e-02
-3.066330068598e+00,4.687500150008e-02,9.130220174013e-02
-3.066330068598e+00,7.812500250012e-02,9.129342170586e-02
-3.066330068598e+00,1.093750035002e-01,9.128521388494e-02
-3.066330068598e+00,1.406250045003e-01,9.127758521889e-02
-3.066330068598e+00,2.031250065004e-01,9.126409088595e-02
-3.066330068598e+00,2.656250085005e-01,9.125298510092e-02
-3.066330068598e+00,2.968750095005e-01,9.124834029406e-02
-3.066330068598e+00,3.281250105004e-01,9.124430647210e-02
-3.066330068598e+00,3.593750115004e-01,9.124088718182e-02
-3.066330068598e+00,3.906250125003e-01,9.123808543973e-02
-3.066330068598e+00,4.218750135002e-01,9.123590372445e-02
-3.066330068598e+00,4.531250145001e-01,9.123434397041e-02
-3.066330068598e+00,4.843750155000e-01,9.123340756288e-02
-3.066330068598e+00,5.156250165000e-01,9.123309533445e-02
-3.066330068598e+00,5.468750175000e-01,9.123309533445e-02
-3.066330068598e+00,6.406250205001e-01,9.123309533445e-02
-3.066330068598e+00,6.718750215001e-01,9.123309533445e-02
-3.066330068598e+00,7.656250245001e-01,9.123309533445e-02
-3.066330068598e+00,7.968750255001e-01,9.123309533445e-02
-3.066330068598e+00,8.593750275001e-01,9.123309533445e-02
-3.066330068598e+00,8.906250285001e-01,9.123309533445e-02
-3.066330068598e+00,9.531250305000e-01,9.123309533445e-02
-3.066330068598e+00,9.843750315000e-01,9.123309533445e-02
-3.066123303082e+00,7.999529015040e+00,8.818866355627e-02
-3.066099184818e+00,1.402532736107e+00,9.123290817339e-02
-3.065835062164e+00,6.900873769439e+00,9.111266387860e-02
-3.065816775293e+00,5.488024863166e+00,9.123129155369e-02
-3.065746706700e+00,2.561826923931e+00,9.123297900584e-02
-3.065631809880e+00,3.656715879105e+00,9.123347134614e-02
-3.065444968098e+00,9.206801754085e+00,7.842587864849e-02
-3.065438723124e+00,4.010944658720e+00,9.123332635706e-02
-3.065349734039e+00,3.302487099489e+00,9.123268897736e-02
-3.065271441386e+00,6.300914895271e+00,9.122727563349e-02
-3.065198294300e+00,7.728739946944e+00,8.914033659099e-02
-3.065179959132e+00,1.016101340164e+00,9.123086045449e-02
-3.064835959352e+00,4.798363098940e+00,9.123187013978e-02
-3.064794861963e+00,8.578635813647e+00,8.517514541485e-02
-3.064770473772e+00,4.365173438335e+00,9.123225388619e-02
-3.064613272965e+00,9.951223638044e+00,4.366663847672e-02
-3.064592495602e+00,2.948258319874e+00,9.123097858197e-02
-3.064584260265e+00,8.425697579664e+00,8.614925015376e-02
-3.064423974174e+00,9.792383729200e+00,5.868164186250e-02
-3.064156635776e+00,1.821166748377e+00,9.122938882125e-02
-3.064017544770e+00,2.207598144318e+00,9.122937025671e-02
-3.063952532944e+00,8.732441994452e+00,8.400961728784e-02
-3.063811585216e+00,6.584482254758e+00,9.122341434614e-02
-3.063777367585e+00,1.434735352435e+00,9.122839440800e-02
-3.063666318076e+00,4.639828619297e+00,9.123015238692e-02
-3.063368840136e+00,5.084182137165e+00,9.122798063667e-02
-3.063360094568e+00,2.594029540260e+00,9.122833869708e-02
-3.063327262320e+00,8.273645989888e+00,8.697746379949e-02
-3.063325487008e+00,1.011029896126e+01,1.009013130334e-02
-3.063180402848e+00,3.688918495433e+00,9.122870511196e-02
-3.063151986284e+00,9.341028628681e+00,7.591648618305e-02
-3.062965717793e+00,4.043147275048e+00,9.122851769843e-02
-3.062950146730e+00,5.410914548017e+00,9.122594312383e-02
-3.062919925307e+00,3.334689715818e+00,9.122796381708e-02
-3.062879740199e+00,1.048303956493e+00,9.122638608895e-02
-3.062826737102e+00,4.963168679055e+00,9.122732397124e-02
-3.062759945718e+00,9.633789871814e+00,6.718707579707e-02
-3.062753204815e+00,6.785916215954e+00,9.122057536053e-02
-3.062297899098e+00,5.208017470669e+00,9.122547098794e-02
-3.062275870141e+00,4.397376054664e+00,9.122740141619e-02
-3.062184285170e+00,2.980460936202e+00,9.122629317964e-02
-3.062179096236e+00,6.386148815648e+00,9.122096446532e-02
-3.062078509253e+00,5.860411156990e+00,9.122260632593e-02
-3.062050854535e+00,8.887097383182e+00,8.259576247718e-02
-3.061863544811e+00,7.850139231232e+00,8.874497243462e-02
-3.061859487969e+00,5.941979481155e+00,9.122195505946e-02
-3.061813220243e+00,1.853369364705e+00,9.122482791353e-02
-3.061756096925e+00,5.779582673548e+00,9.122232988589e-02
-3.061652530938e+00,2.239800760647e+00,9.122476706228e-02
-3.061455550353e+00,1.466937968764e+00,9.122387438007e-02
-3.061392834885e+00,7.342433033095e+00,9.020103486649e-02
-3.061378539020e+00,7.224252976346e+00,9.047136341860e-02
-3.061093757741e+00,6.024277005199e+00,9.122008726433e-02
-3.061030518326e+00,8.122499699446e+00,8.769007483745e-02
-3.060973482436e+00,2.626232156588e+00,9.122369176951e-02
-3.060897592116e+00,5.699504638253e+00,9.122087775251e-02
-3.060728995816e+00,3.721121111762e+00,9.122393189426e-02
-3.060711893579e+00,4.845045220318e+00,9.122361378514e-02
-3.060602408345e+00,7.461412256391e+00,8.990702777830e-02
-3.060579521266e+00,1.080506572821e+00,9.122190557130e-02
-3.060565439861e+00,7.106886780750e+00,9.072127984907e-02
-3.060513116445e+00,4.684548797755e+00,9.122380307030e-02
-3.060492712461e+00,4.075349891377e+00,9.122370193149e-02
-3.060490116575e+00,3.366892332146e+00,9.122323179385e-02
-3.059781266509e+00,4.429578670992e+00,9.122254170865e-02
-3.059776109212e+00,6.107293055261e+00,9.121722756021e-02
-3.059776074738e+00,3.012663552531e+00,9.122160103080e-02
-3.059623611232e+00,9.475452685509e+00,7.265780211405e-02
-3.059574458529e+00,5.334606057282e+00,9.121968455167e-02
-3.059508401546e+00,5.620187624741e+00,9.121850479652e-02
-3.059469804711e+00,1.885571981034e+00,9.122026061445e-02
-3.059287517105e+00,2.272003376975e+00,9.122015735739e-02
-3.059133733120e+00,1.499140585092e+00,9.121934807565e-02
-3.059083524095e+00,9.042583200099e+00,8.084658335163e-02
-3.059001431197e+00,7.581175914286e+00,8.958660542010e-02
-3.058959547309e+00,6.990349103001e+00,9.095292537232e-02
-3.058896560953e+00,6.671829725756e+00,9.121347769278e-02
-3.058586870303e+00,2.658434772916e+00,9.121903820796e-02
-3.058514071433e+00,6.472057062949e+00,9.121340564280e-02
-3.058279302333e+00,1.112709189150e+00,9.121741888795e-02
-3.058277588784e+00,3.753323728090e+00,9.121915167663e-02
-3.058060307843e+00,3.399094948475e+00,9.121849289166e-02
-3.058019707129e+00,4.107552507706e+00,9.121887903936e-02
-3.057901399179e+00,6.191016924845e+00,9.121325288929e-02
-3.057700793713e+00,7.972277320628e+00,8.830804810751e-02
-3.057690094190e+00,5.011745477939e+00,9.121712722413e-02
-3.057593997318e+00,5.541642172482e+00,9.121497094492e-02
-3.057508530870e+00,5.134032688428e+00,9.121629589020e-02
-3.057367864305e+00,3.044866168860e+00,9.121690211987e-02
-3.057286662878e+00,4.461781287321e+00,9.121767474623e-02
-3.057194514319e+00,9.183196234510e+00,7.885998944881e-02
-3.057126389178e+00,1.917774597362e+00,9.121568690963e-02
-3.057065455197e+00,4.729879376913e+00,9.121694945857e-02
-3.056944409454e+00,9.927422123124e+00,4.691858852293e-02
-3.056922503273e+00,2.304205993303e+00,9.121554112725e-02
-3.056811915887e+00,1.531343201421e+00,9.121481548074e-02
-3.056761654552e+00,8.550956770073e+00,8.538548825200e-02
-3.056638410338e+00,9.768620273484e+00,6.041201804224e-02
-3.056584166478e+00,7.701709237973e+00,8.923615070655e-02
-3.056566961854e+00,6.874654561340e+00,9.116805355289e-02
-3.056452983443e+00,8.398123539816e+00,8.632749933301e-02
-3.056280028284e+00,4.892316523249e+00,9.121479413553e-02
-3.056200258171e+00,2.690637389245e+00,9.121437799723e-02
-3.056017881385e+00,8.704659173350e+00,8.426193968675e-02
-3.055979083400e+00,1.144911805478e+00,9.121292602529e-02
-3.055826181752e+00,3.785526344419e+00,9.121436444258e-02
-3.055773509385e+00,1.008645995892e+01,1.829754074125e-02
-3.055695436967e+00,5.259109793023e+00,9.121227415174e-02
-3.055630499111e+00,3.431297564804e+00,9.121374709445e-02
-3.055546701798e+00,4.139755124035e+00,9.121404900512e-02
-3.055464550800e+00,6.275437875204e+00,9.120812131313e-02
-3.055159916733e+00,5.463878786389e+00,9.121054195635e-02
-3.055098408239e+00,8.246178177685e+00,8.713061660427e-02
-3.055017462723e+00,9.317382772058e+00,7.646926463185e-02
-3.054959653873e+00,3.077068785189e+00,9.121219643121e-02
-3.054857869907e+00,9.610065046171e+00,6.825825499985e-02
-3.054792059246e+00,4.493983903650e+00,9.121280051154e-02
-3.054782973645e+00,1.949977213691e+00,9.121110678466e-02
-3.054557489440e+00,2.336408609632e+00,9.121091835705e-02
-3.054490098654e+00,1.563545817749e+00,9.121027658132e-02
-3.054271495883e+00,6.558628801243e+00,9.120475016276e-02
-3.054215239550e+00,8.859212013004e+00,8.290319762420e-02
-3.053813646039e+00,2.722840005573e+00,9.120971112207e-02
-3.053678864467e+00,1.177114421807e+00,9.120842696966e-02
-3.053393874304e+00,6.759817735054e+00,9.120229012319e-02
-3.053374774721e+00,3.817728960748e+00,9.120957017559e-02
-3.053344968776e+00,7.822997422275e+00,8.885042475231e-02
-3.053319079474e+00,4.775813682688e+00,9.120935591748e-02
-3.053200690379e+00,3.463500181132e+00,9.120899438613e-02
-3.053073696466e+00,4.171957740363e+00,9.120921181181e-02
-3.052704584834e+00,8.095139336499e+00,8.782272683347e-02
-3.052551443441e+00,3.109271401517e+00,9.120748394912e-02
-3.052495197441e+00,7.315742887024e+00,9.027368121327e-02
-3.052460553777e+00,6.360545135722e+00,9.120193946337e-02
-3.052439558113e+00,1.982179830019e+00,9.120652022507e-02
-3.052387465719e+00,7.197678764006e+00,9.053868063095e-02
-3.052297455615e+00,4.526186519978e+00,9.120791898716e-02
-3.052232719649e+00,5.060889987098e+00,9.120618460221e-02
-3.052211762049e+00,5.386907936458e+00,9.120495959297e-02
-3.052192475608e+00,2.368611225960e+00,9.120628903191e-02
-3.052168281421e+00,1.595748434078e+00,9.120573136332e-02
-3.051929403716e+00,4.617738246966e+00,9.120719788709e-02
-3.051838881895e+00,5.835585056076e+00,9.120259781648e-02
-3.051798744181e+00,7.434607381314e+00,8.998589881289e-02
-3.051705189233e+00,5.917020856475e+00,9.120204724720e-02
-3.051605214586e+00,9.451767059878e+00,7.338504946140e-02
-3.051536238853e+00,4.940170252070e+00,9.120525602907e-02
-3.051481473736e+00,7.080429704349e+00,9.078386144998e-02
-3.051431761194e+00,5.754890260648e+00,9.120211525505e-02
-3.051427033906e+00,2.755042621902e+00,9.120503756720e-02
-3.051378645534e+00,1.209317038136e+00,9.120392170737e-02
-3.051347420676e+00,9.014596511523e+00,8.122918950407e-02
-3.051318872704e+00,5.184436121263e+00,9.120394877721e-02
-3.051025402445e+00,5.999187023882e+00,9.120041999325e-02
-3.050923367689e+00,3.849931577077e+00,9.120476885907e-02
-3.050770881647e+00,3.495702797461e+00,9.120423475055e-02
-3.050600691134e+00,4.204160356692e+00,9.120436744239e-02
-3.050489173680e+00,5.674947074714e+00,9.120051946484e-02
-3.050292272117e+00,7.554257517421e+00,8.967236857383e-02
-3.050143233009e+00,3.141474017846e+00,9.120276465788e-02
-3.050096142580e+00,2.014382446348e+00,9.120192721637e-02
-3.049846464189e+00,1.627951050406e+00,9.120117981262e-02
-3.049827461775e+00,2.400813842289e+00,9.120165313693e-02
-3.049802851983e+00,4.558389136307e+00,9.120303015559e-02
-3.049794306729e+00,6.082072887287e+00,9.119765839502e-02
-3.049783236986e+00,6.964010362203e+00,9.101116417788e-02
-3.049446565585e+00,6.645853163933e+00,9.119496841757e-02
-3.049278284345e+00,7.945025626217e+00,8.842443508921e-02
-3.049275545943e+00,9.903620608204e+00,4.980310771697e-02
-3.049269775937e+00,4.822345014650e+00,9.120127821890e-02
-3.049078426601e+00,1.241519654464e+00,9.119941022469e-02
-3.049040421774e+00,2.787245238231e+00,9.120035731728e-02
-3.049016531479e+00,5.595766068984e+00,9.119793091099e-02
-3.048944060540e+00,9.159590714934e+00,7.927496786631e-02
-3.048884464562e+00,6.446327904299e+00,9.119456718239e-02
-3.048852846501e+00,9.744856817768e+00,6.199618182955e-02
-3.048848833028e+00,4.662304301482e+00,9.120102741752e-02
-3.048755200281e+00,5.310740057398e+00,9.119844232300e-02
-3.048728447141e+00,8.523277726499e+00,8.558857130972e-02
-3.048471960657e+00,3.882134193405e+00,9.119996047641e-02
-3.048341072915e+00,3.527905413790e+00,9.119946817151e-02
-3.048321706622e+00,8.370549499969e+00,8.650028464159e-02
-3.048221531761e+00,1.006262095659e+01,2.510402812534e-02
-3.048127685802e+00,4.236362973021e+00,9.119951587979e-02
-3.048083229826e+00,8.676876352248e+00,8.450508736228e-02
-3.048006753423e+00,6.165667743020e+00,9.119389319620e-02
-3.047970038655e+00,7.674678529002e+00,8.932978507516e-02
-3.047752727047e+00,2.046585062676e+00,9.119732774401e-02
-3.047735022577e+00,3.173676634175e+00,9.119803854170e-02
-3.047524646956e+00,1.660153666735e+00,9.119662191509e-02
-3.047462447943e+00,2.433016458617e+00,9.119701065716e-02
-3.047308248351e+00,4.590591752636e+00,9.119813399929e-02
-3.047298861545e+00,6.848435353241e+00,9.118992857091e-02
-3.047019312085e+00,5.517357779971e+00,9.119425547676e-02
-3.046955794097e+00,9.586340220527e+00,6.925710259392e-02
-3.046882939162e+00,9.293736915435e+00,7.699472525449e-02
-3.046869554158e+00,8.218710365482e+00,8.727940549444e-02
-3.046778207668e+00,1.273722270792e+00,9.119489250784e-02
-3.046653809642e+00,2.819447854559e+00,9.119567035692e-02
-3.046476442648e+00,4.988599625531e+00,9.119514049047e-02
-3.046450620525e+00,5.110595371644e+00,9.119467519446e-02
-3.046379624565e+00,8.831326642825e+00,8.319836149355e-02
-3.046020553625e+00,3.914336809734e+00,9.119514501093e-02
-3.045911264183e+00,3.560108030119e+00,9.119469463277e-02
-3.045657660213e+00,6.249960855136e+00,9.118888072763e-02
-3.045654680471e+00,4.268565589349e+00,9.119465710687e-02
-3.045474518332e+00,4.707481864892e+00,9.119415594046e-02
-3.045409311515e+00,2.078787679004e+00,9.119272179340e-02
-3.045326812144e+00,3.205879250503e+00,9.119330558475e-02
-3.045202829723e+00,1.692356283063e+00,9.119205765652e-02
-3.045097434110e+00,2.465219074946e+00,9.119236157759e-02
-3.044913372925e+00,4.869466646253e+00,9.119244902737e-02
-3.044826392742e+00,7.795855613317e+00,8.895338832408e-02
-3.044795963041e+00,5.235385548215e+00,9.119092468652e-02
-3.044731406550e+00,6.532775347727e+00,9.118600237632e-02
-3.044503058174e+00,5.439732709611e+00,9.118956564995e-02
-3.044477988735e+00,1.305924887121e+00,9.119036854300e-02
-3.044378651342e+00,8.067778973552e+00,8.795187044717e-02
-3.044267197509e+00,2.851650470888e+00,9.119097667070e-02
-3.044034543793e+00,6.733719254154e+00,9.118392400501e-02
-3.043611317258e+00,8.986609822947e+00,8.159487990393e-02
-3.043597559997e+00,7.289052740953e+00,9.034492719052e-02
-3.043586817941e+00,9.428081434247e+00,7.407137882586e-02
-3.043569146593e+00,3.946539426062e+00,9.119032244588e-02
-3.043481455451e+00,3.592310646447e+00,9.118991411804e-02
-3.043396392419e+00,7.171104551665e+00,9.060475364216e-02
-3.043181675139e+00,4.300768205678e+00,9.118979110647e-02
-3.043065895982e+00,2.110990295333e+00,9.118810934992e-02
-3.042995080017e+00,7.407802506238e+00,9.006317474688e-02
-3.042918601712e+00,3.238081866832e+00,9.118856577117e-02
-3.042881012490e+00,1.724558899391e+00,9.118748702269e-02
-3.042742011318e+00,6.334941455796e+00,9.118279391899e-02
-3.042732420278e+00,2.497421691274e+00,9.118770588319e-02
-3.042397507610e+00,7.053972627947e+00,9.084533316374e-02
-3.042177769802e+00,1.338127503449e+00,9.118583831634e-02
-3.041880585377e+00,2.883853087217e+00,9.118627624315e-02
-3.041802199597e+00,4.753264266436e+00,9.118674211106e-02
-3.041606682432e+00,9.879819093284e+00,5.237907143535e-02
-3.041599254535e+00,5.810758955161e+00,9.118249879286e-02
-3.041583113036e+00,7.527339120557e+00,8.975631839339e-02
-3.041550890497e+00,5.892062231796e+00,9.118204853328e-02
-3.041473377368e+00,5.362901324900e+00,9.118388107409e-02
-3.041117739561e+00,3.978742042391e+00,9.118549276451e-02
-3.041107425462e+00,5.730197847748e+00,9.118176649659e-02
-3.041096599162e+00,5.037597837032e+00,9.118429020198e-02
-3.041067282664e+00,9.721093362051e+00,6.345187706906e-02
-3.041051646719e+00,3.624513262776e+00,9.118512661098e-02
-3.040957047150e+00,5.974097042566e+00,9.118064273681e-02
-3.040855774976e+00,7.917773931805e+00,8.853793554551e-02
-3.040722480449e+00,2.143192911661e+00,9.118349039890e-02
-3.040708669807e+00,4.332970822006e+00,9.118491786134e-02
-3.040695239730e+00,8.495598682925e+00,8.578502889022e-02
-3.040693606761e+00,9.135985195359e+00,7.967204387049e-02
-3.040669554138e+00,1.003878195425e+01,3.083992118753e-02
-3.040606926662e+00,6.937671621405e+00,9.106841544979e-02
-3.040559195257e+00,1.756761515720e+00,9.118290999932e-02
-3.040510391280e+00,3.270284483160e+00,9.118381908503e-02
-3.040367406445e+00,2.529624307603e+00,9.118304355887e-02
-3.040339846311e+00,5.160854771856e+00,9.118232861376e-02
-3.040245740605e+00,4.917171825086e+00,9.118308971248e-02
-3.040190429801e+00,8.342975460121e+00,8.666785052098e-02
-3.040148578267e+00,8.649093531146e+00,8.473954568596e-02
-3.040080755244e+00,5.650389511176e+00,9.118006886728e-02
-3.039996570217e+00,6.619876602109e+00,9.117631073833e-02
-3.039877550869e+00,1.370330119778e+00,9.118130181396e-02
-3.039812504247e+00,6.056852719312e+00,9.117800042736e-02
-3.039493973245e+00,2.916055703545e+00,9.118156905876e-02
-3.039355910832e+00,7.647647820031e+00,8.942134724975e-02
-3.039254857691e+00,6.420598745648e+00,9.117562727209e-02
-3.039053718287e+00,9.562615394883e+00,7.019068322966e-02
-3.038748415601e+00,9.270091058812e+00,7.749483384508e-02
-3.038666332529e+00,4.010944658720e+00,9.118065594998e-02
-3.038640700078e+00,8.191242553279e+00,8.742401274947e-02
-3.038621837987e+00,3.656715879105e+00,9.118033209519e-02
-3.038544009580e+00,8.803441272647e+00,8.348196439392e-02
-3.038524661413e+00,5.571344513226e+00,9.117722378495e-02
-3.038379064917e+00,2.175395527990e+00,9.117886492562e-02
-3.038237378025e+00,1.788964132048e+00,9.117832657211e-02
-3.038235664476e+00,4.365173438335e+00,9.118003735419e-02
-3.038112107667e+00,6.140318561196e+00,9.117433395932e-02
-3.038102180848e+00,3.302487099489e+00,9.117906551036e-02
-3.038030761236e+00,6.822216145142e+00,9.117164729847e-02
-3.038002392613e+00,2.561826923931e+00,9.117837458950e-02
-3.037935942033e+00,5.286874057513e+00,9.117709668907e-02
-3.037827658296e+00,4.799644808981e+00,9.117869597280e-02
-3.037577331936e+00,1.402532736107e+00,9.117675902193e-02
-3.037538236969e+00,2.031250065004e-01,9.120824704808e-02
-3.037538236969e+00,2.968750095005e-01,9.119207169511e-02
-3.037538236969e+00,6.718750215001e-01,9.117641333655e-02
-3.037538236969e+00,9.531250305000e-01,9.117641333655e-02
-3.037538236969e+00,1.562500050003e-02,9.125696820209e-02
-3.037538236969e+00,4.687500150008e-02,9.124737583849e-02
-3.037538236969e+00,7.812500250012e-02,9.123836252100e-02
-3.037538236969e+00,1.093750035002e-01,9.122993595511e-02
-3.037538236969e+00,1.406250045003e-01,9.122210340168e-02
-3.037538236969e+00,1.718750055004e-01,9.121487165940e-02
-3.037538236969e+00,2.343750075005e-01,9.120223539309e-02
-3.037538236969e+00,2.656250085005e-01,9.119684201078e-02
-3.037538236969e+00,3.281250105004e-01,9.118792870552e-02
-3.037538236969e+00,3.593750115004e-01,9.118441675600e-02
-3.037538236969e+00,3.906250125003e-01,9.118153900560e-02
-3.037538236969e+00,4.218750135002e-01,9.117929805028e-02
-3.037538236969e+00,4.531250145001e-01,9.117769591614e-02
-3.037538236969e+00,4.843750155000e-01,9.117673405419e-02
-3.037538236969e+00,5.156250165000e-01,9.117641333655e-02
-3.037538236969e+00,5.468750175000e-01,9.117641333655e-02
-3.037538236969e+00,5.781250185001e-01,9.117641333655e-02
-3.037538236969e+00,6.093750195001e-01,9.117641333655e-02
-3.037538236969e+00,6.406250205001e-01,9.117641333655e-02
-3.037538236969e+00,7.031250225001e-01,9.117641333655e-02
-3.037538236969e+00,7.343750235002e-01,9.117641333655e-02
-3.037538236969e+00,7.656250245001e-01,9.117641333655e-02
-3.037538236969e+00,7.968750255001e-01,9.117641333655e-02
-3.037538236969e+00,8.281250265000e-01,9.117641333655e-02
-3.037538236969e+00,8.593750275001e-01,9.117641333655e-02
-3.037538236969e+00,8.906250285001e-01,9.117641333655e-02
-3.037538236969e+00,9.218750295001e-01,9.117641333655e-02
-3.037538236969e+00,9.843750315000e-01,9.117641333655e-02
-3.037184549612e+00,4.640059805209e+00,9.117800566850e-02
-3.037107361112e+00,2.948258319874e+00,9.117685510195e-02
-3.036444626851e+00,5.493073387460e+00,9.117344612484e-02
-3.036398926652e+00,1.016101340164e+00,9.117416079793e-02
-3.036307816708e+00,7.768713804359e+00,8.905395038424e-02
-3.036214925498e+00,4.043147275048e+00,9.117581198540e-02
-3.036192029255e+00,3.688918495433e+00,9.117553055424e-02
-3.036052717850e+00,8.040418610605e+00,8.807764192713e-02
-3.036035649384e+00,2.207598144318e+00,9.117423291533e-02
-3.035915560792e+00,1.821166748377e+00,9.117373672669e-02
-3.035875213840e+00,8.958623134371e+00,8.194473488320e-02
-3.035850769627e+00,6.224483835069e+00,9.116955354093e-02
-3.035762659144e+00,4.397376054664e+00,9.117514956770e-02
-3.035693970416e+00,3.334689715818e+00,9.117430503114e-02
-3.035637378780e+00,2.594029540260e+00,9.117369895991e-02
-3.035568421295e+00,9.404395808615e+00,7.472013453304e-02
-3.035392710180e+00,5.087158054861e+00,9.117280149931e-02
-3.035277113003e+00,1.434735352435e+00,9.117220992629e-02
-3.035262791106e+00,4.965453773123e+00,9.117296909898e-02
-3.035191317217e+00,6.506921894211e+00,9.116717062972e-02
-3.034720748980e+00,2.980460936202e+00,9.117213435712e-02
-3.034699922554e+00,7.262362594881e+00,9.041481388612e-02
-3.034675213282e+00,6.707620773254e+00,9.116546215939e-02
-3.034405319119e+00,7.144530339324e+00,9.066961776190e-02
-3.034191415853e+00,7.380997631162e+00,9.013890440932e-02
-3.034120306019e+00,1.048303956493e+00,9.116965107417e-02
-3.033937818922e+00,9.856017578365e+00,5.469341476339e-02
-3.033896489115e+00,5.211661303407e+00,9.116938816634e-02
-3.033883581467e+00,4.685084352872e+00,9.117126129228e-02
-3.033846199614e+00,5.415586632834e+00,9.116849317590e-02
-3.033763518466e+00,4.075349891377e+00,9.117096085385e-02
-3.033762220523e+00,3.721121111762e+00,9.117072197164e-02
-3.033692233851e+00,2.239800760647e+00,9.116959435323e-02
-3.033593743559e+00,1.853369364705e+00,9.116914044868e-02
-3.033546717566e+00,4.846616769257e+00,9.117000374210e-02
-3.033313541485e+00,7.027515551545e+00,9.090571453415e-02
-3.033289653812e+00,4.429578670992e+00,9.117025448446e-02
-3.033285759983e+00,3.366892332146e+00,9.116953763132e-02
-3.033281718828e+00,9.697329906335e+00,6.479408845264e-02
-3.033272364948e+00,2.626232156588e+00,9.116901665489e-02
-3.033117576514e+00,1.001494295191e+01,3.573926420583e-02
-3.033023468860e+00,6.309337775870e+00,9.116356171237e-02
-3.032976894070e+00,1.466937968764e+00,9.116765451301e-02
-3.032873953956e+00,7.500420723693e+00,8.983851248505e-02
-3.032662032319e+00,8.467919639351e+00,8.597517542611e-02
-3.032443152982e+00,9.112379675783e+00,8.005214802320e-02
-3.032433265607e+00,7.890522237393e+00,8.864865523432e-02
-3.032334136848e+00,3.012663552531e+00,9.116740680862e-02
-3.032213926708e+00,8.621310710044e+00,8.496576674713e-02
-3.032059152980e+00,8.315401420273e+00,8.683042728242e-02
-3.031841685386e+00,1.080506572821e+00,9.116513514368e-02
-3.031430616339e+00,6.911332880607e+00,9.112470534055e-02
-3.031396591760e+00,5.867103607117e+00,9.116195860494e-02
-3.031359627177e+00,5.785932854246e+00,9.116221863454e-02
-3.031348818319e+00,2.272003376975e+00,9.116494922449e-02
-3.031332411791e+00,3.753323728090e+00,9.116590633084e-02
-3.031312111434e+00,4.107552507706e+00,9.116610253834e-02
-3.031271926326e+00,1.885571981034e+00,9.116453772364e-02
-3.031151642476e+00,9.538890569240e+00,7.106517080678e-02
-3.030907351115e+00,2.658434772916e+00,9.116432765916e-02
-3.030888691854e+00,5.949007061249e+00,9.116065433870e-02
-3.030877549551e+00,3.399094948475e+00,9.116476329477e-02
-3.030816648481e+00,4.461781287321e+00,9.116535208703e-02
-3.030783089730e+00,5.705505434848e+00,9.116132458361e-02
-3.030741783009e+00,7.620617111060e+00,8.951090566474e-02
-3.030734992687e+00,5.338894713341e+00,9.116262441320e-02
-3.030708394596e+00,8.775555902468e+00,8.375466344957e-02
-3.030676675137e+00,1.499140585092e+00,9.116309276807e-02
-3.030613892040e+00,9.246445202189e+00,7.797137217350e-02
-3.030546574849e+00,6.593900040286e+00,9.115756919232e-02
-3.030411845997e+00,8.163774741076e+00,8.756461081163e-02
-3.030285319719e+00,4.730714850185e+00,9.116398716367e-02
-3.029960478675e+00,5.014305686965e+00,9.116229735965e-02
-3.029947524715e+00,3.044866168860e+00,9.116267244073e-02
-3.029830701764e+00,6.031632551338e+00,9.115825333205e-02
-3.029672336808e+00,5.625831947638e+00,9.115944732340e-02
-3.029625250820e+00,6.394869586998e+00,9.115649002832e-02
-3.029563064753e+00,1.112709189150e+00,9.116061299279e-02
-3.029360819917e+00,5.137273422449e+00,9.116061036015e-02
-3.029005402786e+00,2.304205993303e+00,9.116029751422e-02
-3.028955242356e+00,4.894173398102e+00,9.116070046445e-02
-3.028950109093e+00,1.917774597362e+00,9.115992853709e-02
-3.028902603059e+00,3.785526344419e+00,9.116108361527e-02
-3.028860704402e+00,4.139755124035e+00,9.116123702184e-02
-3.028762660926e+00,6.795996937043e+00,9.115328494445e-02
-3.028542337283e+00,2.690637389245e+00,9.115963195743e-02
-3.028469339119e+00,3.431297564804e+00,9.115998200535e-02
-3.028376456205e+00,1.531343201421e+00,9.115852467736e-02
-3.028343643149e+00,4.493983903650e+00,9.116044235792e-02
-3.028217461911e+00,6.114969379371e+00,9.115468541537e-02
-3.028139110422e+00,8.930636445794e+00,8.227974584828e-02
-3.028032791346e+00,5.546922957468e+00,9.115642175873e-02
-3.027789240674e+00,7.741571995401e+00,8.915219424321e-02
-3.027726784358e+00,8.013058247659e+00,8.820017071787e-02
-3.027560912583e+00,3.077068785189e+00,9.115793123773e-02
-3.027550024649e+00,9.380710182984e+00,7.533430632051e-02
-3.027284444120e+00,1.144911805478e+00,9.115608460778e-02
-3.027116683785e+00,5.263008057629e+00,9.115565366750e-02
-3.026661987254e+00,2.336408609632e+00,9.115563920749e-02
-3.026628291860e+00,1.949977213691e+00,9.115531287451e-02
-3.026472794327e+00,3.817728960748e+00,9.115625380827e-02
-3.026409297370e+00,4.171957740363e+00,9.115636428726e-02
-3.026385540655e+00,4.776944603313e+00,9.115596874305e-02
-3.026268955411e+00,9.832216063445e+00,5.678401339854e-02
-3.026177323450e+00,2.722840005573e+00,9.115492953435e-02
-3.026076237271e+00,1.563545817749e+00,9.115395022675e-02
-3.026061128687e+00,3.463500181132e+00,9.115519374684e-02
-3.026043879040e+00,6.199006815002e+00,9.115008506268e-02
-3.025870637817e+00,4.526186519978e+00,9.115552527957e-02
-3.025869941617e+00,5.468788994949e+00,9.115241141186e-02
-3.025802285110e+00,7.235672448810e+00,9.048338086124e-02
-3.025651227884e+00,6.481068440696e+00,9.114825456894e-02
-3.025565598891e+00,9.991103949570e+00,3.997251604085e-02
-3.025520266196e+00,4.617815308936e+00,9.115482771715e-02
-3.025496154991e+00,9.673566450619e+00,6.603555776583e-02
-3.025414245819e+00,7.117956126984e+00,9.073330703273e-02
-3.025387751688e+00,7.354192756086e+00,9.021303037120e-02
-3.025315882771e+00,6.681522292353e+00,9.114681003175e-02
-3.025174300451e+00,3.109271401517e+00,9.115318318380e-02
-3.025005823486e+00,1.177114421807e+00,9.115154997489e-02
-3.024628824908e+00,8.440240595777e+00,8.615930608096e-02
-3.024499864793e+00,9.086533528948e+00,8.044542724257e-02
-3.024334799835e+00,5.063720738078e+00,9.115080700475e-02
-3.024318571721e+00,2.368611225960e+00,9.115097428933e-02
-3.024306474628e+00,1.982179830019e+00,9.115069072134e-02
-3.024279275149e+00,8.593527888942e+00,8.518417214008e-02
-3.024229575359e+00,7.001058475143e+00,9.096493332052e-02
-3.024164794876e+00,7.473502326829e+00,8.991900612233e-02
-3.024049139564e+00,4.942307920715e+00,9.115069730350e-02
-3.024042985595e+00,3.849931577077e+00,9.115141689317e-02
-3.024010756238e+00,7.863270542982e+00,8.875669493527e-02
-3.023957890338e+00,4.204160356692e+00,9.115148431747e-02
-3.023927876158e+00,8.287827380426e+00,8.698823210508e-02
-3.023812309618e+00,2.755042621902e+00,9.115022037451e-02
-3.023776018338e+00,1.595748434078e+00,9.114936940209e-02
-3.023652918255e+00,3.495702797461e+00,9.115039850298e-02
-3.023397632485e+00,4.558389136307e+00,9.115060083437e-02
-3.023383785137e+00,1.015021945934e+01,6.608629177256e-06
-3.023304926400e+00,6.283734095944e+00,9.114424249078e-02
-3.023249566666e+00,9.515165743596e+00,7.188598457794e-02
-3.023189341054e+00,5.391440556057e+00,9.114732430916e-02
-3.022997015190e+00,5.187937058599e+00,9.114767231366e-02
-3.022872779611e+00,8.747670532290e+00,8.401706744470e-02
-3.022787688318e+00,3.141474017846e+00,9.114842826312e-02
-3.022727202853e+00,1.209317038136e+00,9.114700908034e-02
-3.022479368479e+00,9.222799345566e+00,7.842595902945e-02
-3.022292644602e+00,4.662686840851e+00,9.114826563430e-02
-3.022254306016e+00,6.884994139809e+00,9.113988617244e-02
-3.022182991917e+00,8.136306928873e+00,8.770129438341e-02
-3.022180062207e+00,4.823766892261e+00,9.114745829636e-02
-3.022127655186e+00,7.593586402089e+00,8.959852586952e-02
-3.021984657395e+00,2.014382446348e+00,9.114606206297e-02
-3.021975156188e+00,2.400813842289e+00,9.114630274474e-02
-3.021613176863e+00,3.882134193405e+00,9.114657285323e-02
-3.021506483306e+00,4.236362973021e+00,9.114659709528e-02
-3.021475799406e+00,1.627951050406e+00,9.114478218916e-02
-3.021447295785e+00,2.787245238231e+00,9.114550446247e-02
-3.021244707822e+00,3.527905413790e+00,9.114559625748e-02
-3.021242293024e+00,5.842144982437e+00,9.114177715620e-02
-3.021119999818e+00,5.761106753332e+00,9.114178646147e-02
-3.021096579481e+00,6.567923478463e+00,9.113874341018e-02
-3.020924627154e+00,4.590591752636e+00,9.114566900468e-02
-3.020820336558e+00,5.923917079932e+00,9.114057408938e-02
-3.020458753999e+00,5.680813021948e+00,9.114078923122e-02
-3.020448582220e+00,1.241519654464e+00,9.114246191029e-02
-3.020403007004e+00,8.902649757218e+00,8.260082413544e-02
-3.020401076186e+00,3.173676634175e+00,9.114366645979e-02
-3.019996608006e+00,5.314888101782e+00,9.114118663718e-02
-3.019995643949e+00,6.369140428348e+00,9.113726576602e-02
-3.019848899281e+00,6.006412383364e+00,9.113838703146e-02
-3.019662840162e+00,2.046585062676e+00,9.114142688477e-02
-3.019631740656e+00,2.433016458617e+00,9.114162455864e-02
-3.019531628004e+00,9.357024557352e+00,7.591657512246e-02
-3.019494560617e+00,6.769777728944e+00,9.113484114590e-02
-3.019400850866e+00,7.985697884712e+00,8.831957987510e-02
-3.019270664639e+00,7.714430186444e+00,8.924798340687e-02
-3.019263918373e+00,5.601274384100e+00,9.113865422169e-02
-3.019183368131e+00,3.914336809734e+00,9.114172167165e-02
-3.019175580473e+00,1.660153666735e+00,9.114018857371e-02
-3.019082281953e+00,2.819447854559e+00,9.114078178276e-02
-3.019055076274e+00,4.268565589349e+00,9.114170260343e-02
-3.018836497390e+00,3.560108030119e+00,9.114078699398e-02
-3.018824358188e+00,4.991013536899e+00,9.114005675412e-02
-3.018768439841e+00,4.708165433933e+00,9.114097509310e-02
-3.018600091900e+00,9.808414548525e+00,5.868176884038e-02
-3.018381793523e+00,5.113692073043e+00,9.113875009672e-02
-3.018322816155e+00,6.089620197546e+00,9.113494721894e-02
-3.018169961587e+00,1.273722270792e+00,9.113790845088e-02
-3.018014464054e+00,3.205879250503e+00,9.113889775788e-02
-3.018013621267e+00,9.967264947232e+00,4.366677048587e-02
-3.017710591154e+00,9.649802994902e+00,6.718718840540e-02
-3.017664744107e+00,4.871174971118e+00,9.113814646190e-02
-3.017540921279e+00,5.522501401711e+00,9.113552457770e-02
-3.017341022929e+00,2.078787679004e+00,9.113678517204e-02
-3.017288325123e+00,2.465219074946e+00,9.113693971595e-02
-3.016904647666e+00,7.208982302739e+00,9.055066621942e-02
-3.016875361540e+00,1.692356283063e+00,9.113558854145e-02
-3.016863742194e+00,9.058446754853e+00,8.084796241402e-02
-3.016753559399e+00,3.946539426062e+00,9.113686333160e-02
-3.016717268120e+00,2.851650470888e+00,9.113605231983e-02
-3.016603669243e+00,4.300768205678e+00,9.113680082465e-02
-3.016595617497e+00,8.412561552203e+00,8.633769818843e-02
-3.016584087524e+00,7.327387881010e+00,9.028564842828e-02
-3.016428286958e+00,3.592310646447e+00,9.113597069607e-02
-3.016423172519e+00,7.091381914643e+00,9.079585428545e-02
-3.016344623590e+00,8.565745067840e+00,8.539470440843e-02
-3.016297425536e+00,5.239142057744e+00,9.113411308529e-02
-3.016236988454e+00,6.173529794935e+00,9.113044587963e-02
-3.016111138551e+00,6.455214987180e+00,9.112917884876e-02
-3.015956552260e+00,6.655423811453e+00,9.112807380411e-02
-3.015948876165e+00,1.012634354228e+01,1.009018116236e-02
-3.015891340954e+00,1.305924887121e+00,9.113334868819e-02
-3.015796599337e+00,8.260253340579e+00,8.714146995148e-02
-3.015627851921e+00,3.238081866832e+00,9.113412214140e-02
-3.015588246869e+00,7.836018848570e+00,8.886215073675e-02
-3.015455635795e+00,7.446583929964e+00,8.999785236149e-02
-3.015347490855e+00,9.491440917953e+00,7.265790103677e-02
-3.015295256383e+00,5.444504602438e+00,9.113124959455e-02
-3.015145609234e+00,6.974601398742e+00,9.102313715868e-02
-3.015037164626e+00,8.719785162111e+00,8.426974115311e-02
-3.015019205696e+00,2.110990295333e+00,9.113213691006e-02
-3.014944909590e+00,2.497421691274e+00,9.113224820151e-02
-3.014943423013e+00,4.754244397645e+00,9.113313962293e-02
-3.014575142607e+00,1.724558899391e+00,9.113098207804e-02
-3.014352254288e+00,2.883853087217e+00,9.113131605811e-02
-3.014344844918e+00,9.199153488942e+00,7.886006844321e-02
-3.014323750667e+00,3.978742042391e+00,9.113199781618e-02
-3.014152262211e+00,4.332970822006e+00,9.113189174158e-02
-3.014020076526e+00,3.624513262776e+00,9.113114734730e-02
-3.013954137836e+00,8.108839116670e+00,8.783399406406e-02
-3.013612720321e+00,1.338127503449e+00,9.112878260827e-02
-3.013586383942e+00,6.258130416018e+00,9.112483590551e-02
-3.013513527363e+00,7.566555693118e+00,8.968427067714e-02
-3.013276889490e+00,5.040283421294e+00,9.112871220138e-02
-3.013241239789e+00,3.270284483160e+00,9.112933959433e-02
-3.013077995692e+00,6.858655399011e+00,9.112152641324e-02
-3.012835488021e+00,4.919162068307e+00,9.112832505754e-02
-3.012697388464e+00,2.143192911661e+00,9.112748208405e-02
-3.012666903586e+00,8.874663068642e+00,8.290880884470e-02
-3.012601494058e+00,2.529624307603e+00,9.112755000014e-02
-3.012532482495e+00,5.367294479280e+00,9.112605040632e-02
-3.012274923674e+00,1.756761515720e+00,9.112636916913e-02
-3.012097541264e+00,5.164212813790e+00,9.112585668880e-02
-3.011987240455e+00,2.916055703545e+00,9.112657298198e-02
-3.011893941935e+00,4.010944658720e+00,9.112712510846e-02
-3.011700855179e+00,4.365173438335e+00,9.112697533681e-02
-3.011646584113e+00,6.541946916640e+00,9.111983302522e-02
-3.011611866094e+00,3.656715879105e+00,9.112631693118e-02
-3.011513231358e+00,9.333338931721e+00,7.646935193896e-02
-3.011334099688e+00,1.370330119778e+00,9.112421019714e-02
-3.011087994288e+00,5.817186357757e+00,9.112142664989e-02
-3.011074917374e+00,7.958337521765e+00,8.843598645121e-02
-3.010931228389e+00,9.784613033605e+00,6.041214299105e-02
-3.010880372459e+00,5.736280652417e+00,9.112126004987e-02
-3.010854627656e+00,3.302487099489e+00,9.112455010059e-02
-3.010813406848e+00,4.800917015265e+00,9.112463387633e-02
-3.010752088605e+00,7.687288377486e+00,8.934160808806e-02
-3.010751981262e+00,5.898827098615e+00,9.112040165837e-02
-3.010701707737e+00,4.640289328831e+00,9.112501381243e-02
-3.010461643644e+00,9.943425944893e+00,4.691872186638e-02
-3.010375571231e+00,2.175395527990e+00,9.112282067919e-02
-3.010366037078e+00,6.343411269697e+00,9.111795411698e-02
-3.010258078525e+00,2.561826923931e+00,9.112284509661e-02
-3.010226460308e+00,6.743558520846e+00,9.111621477311e-02
-3.010134418267e+00,5.656120609048e+00,9.112011591297e-02
-3.009974704741e+00,1.788964132048e+00,9.112174980028e-02
-3.009925027317e+00,9.626039539186e+00,6.825836539725e-02
-3.009867096798e+00,5.981192215390e+00,9.111831683755e-02
-3.009622226623e+00,2.948258319874e+00,9.112182307576e-02
-3.009464133203e+00,4.043147275048e+00,9.112224519143e-02
-3.009258223325e+00,5.290881490223e+00,9.111964995545e-02
-3.009249448147e+00,4.397376054664e+00,9.112205159291e-02
-3.009227619595e+00,9.030359980758e+00,8.123143738531e-02
-3.009203655662e+00,3.688918495433e+00,9.112147943115e-02
-3.009055479054e+00,1.402532736107e+00,9.111963144076e-02
-3.008855499937e+00,5.576716820561e+00,9.111776500177e-02
-3.008746405339e+00,1.562500050003e-02,9.120147076992e-02
-3.008746405339e+00,4.687500150008e-02,9.119162185946e-02
-3.008746405339e+00,2.031250065004e-01,9.115143747209e-02
-3.008746405339e+00,2.343750075005e-01,9.114526233779e-02
-3.008746405339e+00,3.281250105004e-01,9.113056520049e-02
-3.008746405339e+00,3.593750115003e-01,9.112695710360e-02
-3.008746405339e+00,5.156250165000e-01,9.111873412845e-02
-3.008746405339e+00,5.468750175000e-01,9.111873412845e-02
-3.008746405339e+00,8.906250285001e-01,9.111873412845e-02
-3.008746405339e+00,9.531250305000e-01,9.111873412845e-02
-3.008746405339e+00,7.812500250012e-02,9.118236668253e-02
-3.008746405339e+00,1.406250045003e-01,9.116566931085e-02
-3.008746405339e+00,1.718750055004e-01,9.115824182951e-02
-3.008746405339e+00,2.656250085005e-01,9.113972199373e-02
-3.008746405339e+00,2.968750095005e-01,9.113482146077e-02
-3.008746405339e+00,3.906250125003e-01,9.112400047979e-02
-3.008746405339e+00,4.218750135002e-01,9.112169804902e-02
-3.008746405339e+00,4.531250145001e-01,9.112005193430e-02
-3.008746405339e+00,4.843750155000e-01,9.111906365614e-02
-3.008746405339e+00,5.781250185001e-01,9.111873412845e-02
-3.008746405339e+00,6.093750195001e-01,9.111873412845e-02
-3.008746405339e+00,6.406250205001e-01,9.111873412845e-02
-3.008746405339e+00,6.718750215001e-01,9.111873412845e-02
-3.008746405339e+00,7.031250225001e-01,9.111873412845e-02
-3.008746405339e+00,7.343750235002e-01,9.111873412845e-02
-3.008746405339e+00,7.656250245001e-01,9.111873412845e-02
-3.008746405339e+00,7.968750255001e-01,9.111873412845e-02
-3.008746405339e+00,8.281250265000e-01,9.111873412845e-02
-3.008746405339e+00,8.593750275001e-01,9.111873412845e-02
-3.008746405339e+00,9.218750295001e-01,9.111873412845e-02
-3.008746405339e+00,9.843750315000e-01,9.111873412845e-02
-3.008746405339e+00,1.093750035002e-01,9.117371330040e-02
-3.008562410086e+00,8.384882508629e+00,8.651061256595e-02
-3.008513967194e+00,1.010246762521e+01,1.829762271957e-02
-3.008468015524e+00,3.334689715818e+00,9.111975364406e-02
-3.008428170399e+00,6.064271015721e+00,9.111511902968e-02
-3.008409972031e+00,8.537962246738e+00,8.559799540496e-02
-3.008053753998e+00,2.207598144318e+00,9.111815268064e-02
-3.008007010222e+00,7.182292156668e+00,9.061670667208e-02
-3.007914662992e+00,2.594029540260e+00,9.111813347563e-02
-3.007780423360e+00,7.300583005934e+00,9.035686510036e-02
-3.007688237701e+00,4.967721386832e+00,9.111768016661e-02
-3.007674485808e+00,1.821166748377e+00,9.111712395706e-02
-3.007665322516e+00,8.232679300731e+00,8.729033440825e-02
-3.007617894172e+00,1.016101340164e+00,9.111646358306e-02
-3.007445415045e+00,9.467716092309e+00,7.338514647236e-02
-3.007432099219e+00,7.064807702302e+00,9.085729119174e-02
-3.007402767129e+00,5.090110723636e+00,9.111665585537e-02
-3.007257212790e+00,2.980460936202e+00,9.111706632375e-02
-3.007251559964e+00,4.685616017681e+00,9.111785946649e-02
-3.007201549642e+00,8.691899791933e+00,8.451320921542e-02
-3.007165737500e+00,7.808767154158e+00,8.896511430332e-02
-3.007049051212e+00,5.498079845953e+00,9.111445556828e-02
-3.007034324470e+00,4.075349891377e+00,9.111735804807e-02
-3.006798041115e+00,4.429578670992e+00,9.111712049235e-02
-3.006795445229e+00,3.721121111762e+00,9.111663483062e-02
-3.006776858421e+00,1.434735352435e+00,9.111504632508e-02
-3.006746476715e+00,7.419665533100e+00,9.007510215035e-02
-3.006597221749e+00,6.629325330553e+00,9.110925309577e-02
-3.006571049218e+00,6.429361533664e+00,9.110996193861e-02
-3.006430097867e+00,6.148052774867e+00,9.111071657001e-02
-3.006374245859e+00,4.848176544134e+00,9.111549009743e-02
-3.006210321357e+00,9.175507632319e+00,7.927504551546e-02
-3.006081403392e+00,3.366892332146e+00,9.111495020856e-02
-3.006061643108e+00,6.948144322340e+00,9.108035315797e-02
-3.005731936765e+00,2.239800760647e+00,9.111347807348e-02
-3.005725283756e+00,8.081371304467e+00,8.796317868487e-02
-3.005571247460e+00,2.626232156588e+00,9.111341512189e-02
-3.005478167288e+00,5.215276057859e+00,9.111230429122e-02
-3.005374266875e+00,1.853369364705e+00,9.111249162495e-02
-3.005360871839e+00,1.048303956493e+00,9.111191780432e-02
-3.004930800168e+00,8.846676380066e+00,8.320447378416e-02
-3.004899399541e+00,7.539524984147e+00,8.976820030394e-02
-3.004892198958e+00,3.012663552531e+00,9.111230271017e-02
-3.004720571149e+00,5.420220209926e+00,9.110999001220e-02
-3.004604515738e+00,4.107552507706e+00,9.111246366126e-02
-3.004498237788e+00,1.466937968764e+00,9.111045483597e-02
-3.004387234797e+00,3.753323728090e+00,9.111178311292e-02
-3.004346634083e+00,4.461781287321e+00,9.111218201758e-02
-3.003901685369e+00,6.832316658213e+00,9.110308502471e-02
-3.003867841483e+00,6.232526736092e+00,9.110525202468e-02
-3.003694791260e+00,3.399094948475e+00,9.111013977787e-02
-3.003501305372e+00,4.731544191976e+00,9.111014910080e-02
-3.003494834713e+00,9.309653306090e+00,7.699481097824e-02
-3.003410119533e+00,2.272003376975e+00,9.110879684279e-02
-3.003262364878e+00,9.760811518685e+00,6.199630462862e-02
-3.003227831927e+00,2.658434772916e+00,9.110869002001e-02
-3.003103849506e+00,1.080506572821e+00,9.110736576353e-02
-3.003074047942e+00,1.885571981034e+00,9.110785278943e-02
-3.002909666020e+00,9.919586942555e+00,4.980324125578e-02
-3.002748983882e+00,7.930977158818e+00,8.854950185347e-02
-3.002527185125e+00,3.044866168860e+00,9.110753221922e-02
-3.002233512571e+00,7.660146568528e+00,8.943315808695e-02
-3.002219617155e+00,1.499140585092e+00,9.110585695930e-02
-3.002218979145e+00,5.016846104511e+00,9.110649757095e-02
-3.002196588745e+00,6.515970354817e+00,9.110082863213e-02
-3.002174707007e+00,4.139755124035e+00,9.110756201387e-02
-3.002139463481e+00,9.602276083470e+00,6.925721081465e-02
-3.001979024365e+00,3.785526344419e+00,9.110692426137e-02
-3.001895227052e+00,4.493983903650e+00,9.110723615099e-02
-3.001875623935e+00,5.343148402503e+00,9.110452024500e-02
-3.001621836479e+00,4.896016215899e+00,9.110568569433e-02
-3.001591496996e+00,9.002273206663e+00,8.159791764352e-02
-3.001308179127e+00,3.431297564804e+00,9.110532233572e-02
-3.001198067338e+00,5.140488568982e+00,9.110394113352e-02
-3.001088302300e+00,2.304205993303e+00,9.110410897356e-02
-3.001079058222e+00,1.007859170814e+01,2.510413099764e-02
-3.000958359998e+00,6.717339312747e+00,9.109748280643e-02
-3.000933695551e+00,5.792227733078e+00,9.110091007466e-02
-3.000884416394e+00,2.690637389245e+00,9.110395815459e-02
-3.000846827172e+00,1.112709189150e+00,9.110280744692e-02
-3.000773829009e+00,1.917774597362e+00,9.110320743592e-02
-3.000736430207e+00,6.317682111047e+00,9.109855471657e-02
-3.000683625967e+00,5.873737117299e+00,9.110013672153e-02
-3.000640745100e+00,5.711454551503e+00,9.110063909369e-02
-3.000529202675e+00,8.357203465055e+00,8.667829471510e-02
-3.000475320472e+00,8.510179425636e+00,8.579464196458e-02
-3.000162171293e+00,3.077068785189e+00,9.110275483504e-02
-2.999940996522e+00,1.531343201421e+00,9.110125268087e-02
-2.999885294315e+00,5.955972047416e+00,9.109815386184e-02
-2.999810082536e+00,5.631428196148e+00,9.109923607773e-02
-2.999744898274e+00,4.171957740363e+00,9.110265308869e-02
-2.999570813933e+00,3.817728960748e+00,9.110205825922e-02
-2.999543339235e+00,9.443991266666e+00,7.407147397846e-02
-2.999534045695e+00,8.205105260883e+00,8.743500845892e-02
-2.999446751489e+00,4.778067138269e+00,9.110169021238e-02
-2.999443820020e+00,4.526186519978e+00,9.110228287490e-02
-2.999365934657e+00,8.664014421755e+00,8.474795961699e-02
-2.999110770872e+00,4.617891816810e+00,9.110160896777e-02
-2.999109372779e+00,7.155602010596e+00,9.068153760046e-02
-2.998976759196e+00,7.273778130858e+00,9.042672156604e-02
-2.998921566995e+00,3.463500181132e+00,9.110049786579e-02
-2.998766485067e+00,2.336408609632e+00,9.109941445076e-02
-2.998743228132e+00,7.781515459747e+00,8.906567312531e-02
-2.998589804839e+00,1.144911805478e+00,9.109824284066e-02
-2.998541000862e+00,2.722840005573e+00,9.109921951017e-02
-2.998533524643e+00,6.038921833896e+00,9.109515787623e-02
-2.998519838644e+00,5.266874878665e+00,9.109801416279e-02
-2.998473610076e+00,1.949977213691e+00,9.109855554978e-02
-2.998447081501e+00,5.552159257023e+00,9.109677938442e-02
-2.998441025919e+00,7.038233489962e+00,9.091761785803e-02
-2.998075797796e+00,9.151861775696e+00,7.967212021426e-02
-2.998037317634e+00,7.392747136236e+00,9.015080443081e-02
-2.997797157460e+00,3.109271401517e+00,9.109797054174e-02
-2.997662375889e+00,1.563545817749e+00,9.109664198646e-02
-2.997496429675e+00,8.053903492264e+00,8.808898497964e-02
-2.997315089542e+00,4.204160356692e+00,9.109773686847e-02
-2.997237891238e+00,6.603226849653e+00,9.109034752833e-02
-2.997194696750e+00,8.818689691490e+00,8.348853363874e-02
-2.997162603501e+00,3.849931577077e+00,9.109718508966e-02
-2.997030959885e+00,6.403508080148e+00,9.109065730917e-02
-2.996992412988e+00,4.558389136307e+00,9.109732217160e-02
-2.996977676983e+00,6.921687245938e+00,9.108861302529e-02
-2.996623207281e+00,6.122575754800e+00,9.109089677405e-02
-2.996557181145e+00,5.473658290196e+00,9.109320390871e-02
-2.996552117214e+00,4.944429236765e+00,9.109520110548e-02
-2.996534954862e+00,3.495702797461e+00,9.109566635172e-02
-2.996444667834e+00,2.368611225960e+00,9.109471325934e-02
-2.996423740736e+00,5.066529374230e+00,9.109445948428e-02
-2.996332782506e+00,1.177114421807e+00,9.109367193091e-02
-2.996285271718e+00,7.512494275176e+00,8.985037250082e-02
-2.996197585329e+00,2.755042621902e+00,9.109447407124e-02
-2.996173391143e+00,1.982179830019e+00,9.109389711637e-02
-2.995734680086e+00,4.663066601429e+00,9.109464037256e-02
-2.995593501368e+00,9.737010003765e+00,6.345199764614e-02
-2.995476438067e+00,9.285967680458e+00,7.749491803306e-02
-2.995432143628e+00,3.141474017846e+00,9.109317932336e-02
-2.995383755256e+00,1.595748434078e+00,9.109202486179e-02
-2.995357688397e+00,9.895747940216e+00,5.237920436266e-02
-2.995083747610e+00,4.825178117150e+00,9.109271709802e-02
-2.994885280810e+00,4.236362973020e+00,9.109281333591e-02
-2.994754393068e+00,3.882134193405e+00,9.109230473584e-02
-2.994725375046e+00,6.805977917415e+00,9.108449048295e-02
-2.994658909040e+00,5.191410057974e+00,9.109039137382e-02
-2.994541005956e+00,4.590591752636e+00,9.109235402331e-02
-2.994423050391e+00,7.903616795871e+00,8.866023217721e-02
-2.994353899644e+00,9.578512627753e+00,7.019078931533e-02
-2.994149299024e+00,6.206923056166e+00,9.108553140950e-02
-2.994148342730e+00,3.527905413790e+00,9.109082777710e-02
-2.994145885916e+00,5.395935817415e+00,9.108863242292e-02
-2.994122850601e+00,2.400813842289e+00,9.109000538415e-02
-2.994075760172e+00,1.209317038136e+00,9.108909470377e-02
-2.993955374398e+00,8.974186432568e+00,8.194849122051e-02
-2.993873172210e+00,2.014382446348e+00,9.108923212097e-02
-2.993854169796e+00,2.787245238231e+00,9.108972182226e-02
-2.993714936536e+00,7.633004759571e+00,8.952270202457e-02
-2.993644149251e+00,1.005471579107e+01,3.084003762285e-02
-2.993105134623e+00,1.627951050406e+00,9.108740129256e-02
-2.993067129795e+00,3.173676634175e+00,9.108838116390e-02
-2.992746593377e+00,6.489993792993e+00,9.108161832901e-02
-2.992540668913e+00,8.482396604534e+00,8.598496001777e-02
-2.992495995263e+00,8.329524421481e+00,8.684097592009e-02
-2.992455472078e+00,4.268565589349e+00,9.108788247365e-02
-2.992346182636e+00,3.914336809734e+00,9.108741718086e-02
-2.992059187730e+00,4.708843986308e+00,9.108691501727e-02
-2.991818737839e+00,1.241519654464e+00,9.108451114532e-02
-2.991801033369e+00,2.433016458617e+00,9.108529081005e-02
-2.991761730598e+00,3.560108030119e+00,9.108598212545e-02
-2.991690259689e+00,6.691120104648e+00,9.107866614367e-02
-2.991641263424e+00,9.420266441023e+00,7.472022788055e-02
-2.991572953277e+00,2.046585062676e+00,9.108456054884e-02
-2.991530319672e+00,8.636129051576e+00,8.497444681355e-02
-2.991510754264e+00,2.819447854559e+00,9.108496274763e-02
-2.991402768873e+00,8.177531221036e+00,8.757566519508e-02
-2.991218765375e+00,5.319002325726e+00,9.108288969556e-02
-2.991161068800e+00,4.993408787727e+00,9.108401676238e-02
-2.991106823337e+00,6.291952952396e+00,9.107906720389e-02
-2.990826513989e+00,1.660153666735e+00,9.108277126442e-02
-2.990779396815e+00,5.767269108398e+00,9.108029819972e-02
-2.990702115963e+00,3.205879250503e+00,9.108357604733e-02
-2.990615270671e+00,5.848647135982e+00,9.107971080789e-02
-2.990408184937e+00,4.872870363491e+00,9.108291934899e-02
-2.990401117741e+00,5.686628450588e+00,9.107990967578e-02
-2.990320718763e+00,7.754263765335e+00,8.916391075174e-02
-2.990298593412e+00,5.116764324174e+00,9.108181435591e-02
-2.990211735335e+00,7.128911864525e+00,9.074519311435e-02
-2.990173095031e+00,7.246973255782e+00,9.049525747164e-02
-2.990025663346e+00,4.300768205678e+00,9.108294426428e-02
-2.989941274235e+00,9.128215919073e+00,8.005222310285e-02
-2.989937972204e+00,3.946539426062e+00,9.108252240777e-02
-2.989903491832e+00,5.930751879442e+00,9.107789775663e-02
-2.989561715506e+00,1.273722270792e+00,9.107992124158e-02
-2.989485746804e+00,5.606735783248e+00,9.107825893302e-02
-2.989479216136e+00,2.465219074946e+00,9.108056952183e-02
-2.989458593332e+00,8.790703002914e+00,8.376164946061e-02
-2.989449952618e+00,7.011659277621e+00,9.097680212116e-02
-2.989375118465e+00,3.592310646447e+00,9.108112938027e-02
-2.989328158554e+00,7.365828739371e+00,9.022488556487e-02
-2.989272734344e+00,2.078787679004e+00,9.107988238519e-02
-2.989267575595e+00,8.026435680061e+00,8.821154284253e-02
-2.989167338731e+00,2.851650470888e+00,9.108019683172e-02
-2.988638878888e+00,6.013572652072e+00,9.107500458951e-02
-2.988547893356e+00,1.692356283063e+00,9.107813476296e-02
-2.988337102130e+00,3.238081866832e+00,9.107876395756e-02
-2.988080096130e+00,4.755217261273e+00,9.107864233021e-02
-2.988038663065e+00,5.527601693485e+00,9.107567244048e-02
-2.987924637857e+00,9.713208488845e+00,6.479420677139e-02
-2.987893710857e+00,6.895230169536e+00,9.107017277876e-02
-2.987878560727e+00,6.577128368754e+00,9.107135672587e-02
-2.987805710773e+00,9.871908937878e+00,5.469354650824e-02
-2.987781453963e+00,5.242868267106e+00,9.107620116002e-02
-2.987671143895e+00,7.485463566205e+00,8.993084267665e-02
-2.987595854614e+00,4.332970822006e+00,9.107799869033e-02
-2.987529761772e+00,3.978742042391e+00,9.107762039956e-02
-2.987490870552e+00,6.377654626633e+00,9.107126458100e-02
-2.987458041421e+00,9.262282054827e+00,7.797145487190e-02
-2.987304693172e+00,1.305924887121e+00,9.107532497855e-02
-2.987157398903e+00,2.497421691274e+00,9.107584150424e-02
-2.986988506333e+00,3.624513262776e+00,9.107626952499e-02
-2.986972515411e+00,2.110990295333e+00,9.107519761517e-02
-2.986823923198e+00,2.883853087217e+00,9.107542405884e-02
-2.986816316694e+00,6.097098734733e+00,9.107098613675e-02
-2.986568335807e+00,9.554749172037e+00,7.106527480420e-02
-2.986319251799e+00,8.946099658473e+00,8.228415636214e-02
-2.986269272723e+00,1.724558899391e+00,9.107349177377e-02
-2.986209240279e+00,1.003083987400e+01,3.573938929525e-02
-2.986097116899e+00,7.876256432925e+00,8.876827851582e-02
-2.986065311078e+00,5.449236734438e+00,9.107185314308e-02
-2.985972088298e+00,3.270284483160e+00,9.107394487843e-02
-2.985549064722e+00,6.779639176617e+00,9.106576158780e-02
-2.985444714342e+00,5.042948024823e+00,9.107216084413e-02
-2.985415996727e+00,4.921137086699e+00,9.107260022526e-02
-2.985196360502e+00,7.605862950613e+00,8.961030562477e-02
-2.985166045882e+00,4.365173438335e+00,9.107304573430e-02
-2.985121551340e+00,4.010944658720e+00,9.107271113918e-02
-2.985047670839e+00,1.338127503449e+00,9.107072234218e-02
-2.984835581670e+00,2.529624307603e+00,9.107110674198e-02
-2.984672296478e+00,2.143192911661e+00,9.107050622393e-02
-2.984606017354e+00,8.454613783432e+00,8.616924609657e-02
-2.984601894201e+00,3.656715879105e+00,9.107140254301e-02
-2.984480507666e+00,2.916055703545e+00,9.107064441326e-02
-2.984462787852e+00,8.301845377907e+00,8.699887425393e-02
-2.984430756565e+00,6.181319376241e+00,9.106571986328e-02
-2.984217800209e+00,4.640517185178e+00,9.107115473234e-02
-2.983990652090e+00,1.756761515720e+00,9.106884228237e-02
-2.983839650792e+00,5.167544058090e+00,9.106837684896e-02
-2.983793249362e+00,4.802179690165e+00,9.106966004283e-02
-2.983739187614e+00,9.396541615379e+00,7.533439791561e-02
-2.983694704688e+00,8.608243681398e+00,8.519309454484e-02
-2.983607074465e+00,3.302487099489e+00,9.106911879377e-02
-2.983571200682e+00,5.371651424904e+00,9.106707300168e-02
-2.983296598009e+00,6.464017231170e+00,9.106232001058e-02
-2.983271492052e+00,8.149957181188e+00,8.771238324651e-02
-2.982790648506e+00,1.370330119778e+00,9.106611331838e-02
-2.982736237150e+00,4.397376054664e+00,9.106808537861e-02
-2.982713340907e+00,4.043147275048e+00,9.106779460953e-02
-2.982513764437e+00,2.561826923931e+00,9.106636521972e-02
-2.982422159380e+00,6.664900896549e+00,9.105976439565e-02
-2.982372077545e+00,2.175395527990e+00,9.106580819653e-02
-2.982215282068e+00,3.688918495433e+00,9.106652841765e-02
-2.982137092133e+00,2.948258319874e+00,9.106585787920e-02
-2.982106173317e+00,9.102300178480e+00,8.044600178459e-02
-2.981898209394e+00,7.727012070923e+00,8.925967698959e-02
-2.981722489914e+00,8.762716314338e+00,8.402443356582e-02
-2.981712031457e+00,1.788964132048e+00,9.106418627423e-02
-2.981477216466e+00,6.266223793746e+00,9.105936097544e-02
-2.981369430867e+00,7.220168380706e+00,9.056251100070e-02
-2.981314097891e+00,7.102221718454e+00,9.080770610775e-02
-2.981242060633e+00,3.334689715818e+00,9.106428568734e-02
-2.981038721514e+00,7.998967867858e+00,8.833097574614e-02
-2.980625098079e+00,5.742310483719e+00,9.105959069854e-02
-2.980618999473e+00,7.338910342507e+00,9.029747527839e-02
-2.980617070089e+00,4.686143780639e+00,9.106357492854e-02
-2.980561906816e+00,5.294856248949e+00,9.106115852137e-02
-2.980546915375e+00,5.823557154665e+00,9.105910875168e-02
-2.980533626173e+00,1.402532736107e+00,9.106149789301e-02
-2.980458879318e+00,6.985085065280e+00,9.103497109636e-02
-2.980306428418e+00,4.429578670992e+00,9.106311760564e-02
-2.980305130475e+00,4.075349891377e+00,9.106287079343e-02
-2.980255774346e+00,9.689406973925e+00,6.603567381643e-02
-2.980253733150e+00,9.848069935539e+00,5.678414355961e-02
-2.980191947204e+00,2.594029540260e+00,9.106161692206e-02
-2.980161490382e+00,5.661802349673e+00,9.105894225405e-02
-2.980103158454e+00,4.969971470944e+00,9.106143150737e-02
-2.980071858612e+00,2.207598144318e+00,9.106110351802e-02
-2.979954573709e+00,1.562500050003e-02,9.114502960424e-02
-2.979954573709e+00,5.156250165000e-01,9.106002937288e-02
-2.979954573709e+00,5.468750175000e-01,9.106002937288e-02
-2.979954573709e+00,7.031250225001e-01,9.106002937288e-02
-2.979954573709e+00,4.687500150008e-02,9.113491467262e-02
-2.979954573709e+00,7.812500250012e-02,9.112540866867e-02
-2.979954573709e+00,1.406250045003e-01,9.110825670706e-02
-2.979954573709e+00,1.718750055004e-01,9.110062615308e-02
-2.979954573709e+00,2.031250065004e-01,9.109363529526e-02
-2.979954573709e+00,2.343750075005e-01,9.108729052206e-02
-2.979954573709e+00,2.656250085005e-01,9.108159766560e-02
-2.979954573709e+00,3.281250105004e-01,9.107218816002e-02
-2.979954573709e+00,3.593750115003e-01,9.106848026370e-02
-2.979954573709e+00,3.906250125003e-01,9.106544176650e-02
-2.979954573709e+00,4.218750135002e-01,9.106307551949e-02
-2.979954573709e+00,4.531250145001e-01,9.106138374820e-02
-2.979954573709e+00,5.781250185001e-01,9.106002937288e-02
-2.979954573709e+00,7.343750235002e-01,9.106002937288e-02
-2.979954573709e+00,7.968750255001e-01,9.106002937288e-02
-2.979954573709e+00,8.593750275001e-01,9.106002937288e-02
-2.979954573709e+00,8.906250285001e-01,9.106002937288e-02
-2.979954573709e+00,9.531250305000e-01,9.106002937288e-02
-2.979954573709e+00,9.843750315000e-01,9.106002937288e-02
-2.979954573709e+00,1.093750035002e-01,9.111652002901e-02
-2.979954573709e+00,2.968750095005e-01,9.107656198650e-02
-2.979954573709e+00,4.843750155000e-01,9.106036804663e-02
-2.979954573709e+00,6.093750195001e-01,9.106002937288e-02
-2.979954573709e+00,6.406250205001e-01,9.106002937288e-02
-2.979954573709e+00,6.718750215001e-01,9.106002937288e-02
-2.979954573709e+00,7.656250245001e-01,9.106002937288e-02
-2.979954573709e+00,8.281250265000e-01,9.106002937288e-02
-2.979954573709e+00,9.218750295001e-01,9.106002937288e-02
-2.979921689350e+00,5.905531711468e+00,9.105754818022e-02
-2.979828669936e+00,3.721121111762e+00,9.106164713220e-02
-2.979793676600e+00,2.980460936203e+00,9.106106444084e-02
-2.979439644776e+00,9.238596429196e+00,7.842604028298e-02
-2.979433410824e+00,1.821166748377e+00,9.105952373481e-02
-2.979399119487e+00,5.093040079366e+00,9.105951669782e-02
-2.979194533395e+00,4.849724511083e+00,9.106004843676e-02
-2.979161411073e+00,5.582043370348e+00,9.105718417575e-02
-2.979057016072e+00,7.458432857234e+00,9.000966401450e-02
-2.978877046800e+00,3.366892332146e+00,9.105944554286e-02
-2.978836861692e+00,1.016101340164e+00,9.105774046466e-02
-2.978809744732e+00,6.868773093135e+00,9.105160138007e-02
-2.978782771971e+00,9.530985716321e+00,7.188608653734e-02
-2.978774331308e+00,1.000696395693e+01,3.997264643204e-02
-2.978744233132e+00,5.988223470247e+00,9.105475760859e-02
-2.978683129200e+00,8.918012884378e+00,8.260583049310e-02
-2.978519230217e+00,6.551029887854e+00,9.105220200270e-02
-2.978276603839e+00,1.434735352435e+00,9.105687605192e-02
-2.977950781220e+00,6.351801173117e+00,9.105178337796e-02
-2.977896920043e+00,4.107552507706e+00,9.105793967369e-02
-2.977876619686e+00,4.461781287321e+00,9.105814239771e-02
-2.977870129972e+00,2.626232156588e+00,9.105686183359e-02
-2.977771639679e+00,2.239800760647e+00,9.105639217339e-02
-2.977771183407e+00,7.848896069978e+00,8.887373724952e-02
-2.977630244630e+00,5.503044129947e+00,9.105433034025e-02
-2.977450261068e+00,3.012663552531e+00,9.105626408231e-02
-2.977442057804e+00,3.753323728090e+00,9.105675866991e-02
-2.977154790191e+00,1.853369364705e+00,9.105485464951e-02
-2.977043069282e+00,5.218861655547e+00,9.105419092056e-02
-2.977009426108e+00,6.071621714665e+00,9.105092403592e-02
-2.976713440771e+00,4.732367384277e+00,9.105541199062e-02
-2.976677784468e+00,7.578721141655e+00,8.969603186369e-02
-2.976671365795e+00,8.426830962330e+00,8.634777878627e-02
-2.976601437659e+00,1.048303956493e+00,9.105315791830e-02
-2.976512032968e+00,3.399094948475e+00,9.105459834400e-02
-2.976429580441e+00,8.274166334334e+00,8.715219550113e-02
-2.976372754399e+00,6.753300435819e+00,9.104694780829e-02
-2.976019581506e+00,1.466937968764e+00,9.105224778090e-02
-2.975859089703e+00,8.580358311220e+00,8.540381575086e-02
-2.975837111804e+00,9.372816789736e+00,7.591666501699e-02
-2.975815320570e+00,1.016607837705e+01,6.608629160189e-06
-2.975573441011e+00,5.424815178680e+00,9.105040300175e-02
-2.975548312739e+00,2.658434772916e+00,9.105209993883e-02
-2.975488709611e+00,4.139755124035e+00,9.105300123305e-02
-2.975471420746e+00,2.272003376975e+00,9.105167414759e-02
-2.975446810954e+00,4.493983903650e+00,9.105315973710e-02
-2.975140215231e+00,8.122383141341e+00,8.784512943799e-02
-2.975106845535e+00,3.044866168860e+00,9.105145678768e-02
-2.975055445671e+00,3.785526344419e+00,9.105186301396e-02
-2.974876169558e+00,1.885571981034e+00,9.105017900368e-02
-2.974712214106e+00,6.155715696315e+00,9.104581701243e-02
-2.974570495040e+00,9.074114553918e+00,8.084932697489e-02
-2.974465687948e+00,5.019366675416e+00,9.104968496131e-02
-2.974366013625e+00,1.080506572821e+00,9.104856905384e-02
-2.974279876240e+00,4.897844936632e+00,9.104972471600e-02
-2.974147019135e+00,3.431297564804e+00,9.104974407438e-02
-2.973986386496e+00,8.734729625762e+00,8.427745390943e-02
-2.973846602641e+00,6.438040669346e+00,9.104293328370e-02
-2.973762559173e+00,1.499140585092e+00,9.104761306568e-02
-2.973475700025e+00,7.699760376511e+00,8.935329161576e-02
-2.973226495506e+00,2.690637389245e+00,9.104733122226e-02
-2.973171201813e+00,2.304205993303e+00,9.104694942554e-02
-2.973154059070e+00,6.638681688451e+00,9.104077717527e-02
-2.973080499179e+00,4.171957740363e+00,9.104805545418e-02
-2.973020392544e+00,5.143678058205e+00,9.104625945349e-02
-2.973017002222e+00,4.526186519978e+00,9.104816960601e-02
-2.972996515448e+00,5.347367032393e+00,9.104534827276e-02
-2.972809867434e+00,7.971500055655e+00,8.844740112967e-02
-2.972763430002e+00,3.077068785189e+00,9.104664254100e-02
-2.972701755526e+00,9.824230933201e+00,5.868189713943e-02
-2.972700920331e+00,4.617967768926e+00,9.104751947630e-02
-2.972668833539e+00,3.817728960748e+00,9.104696014749e-02
-2.972597548924e+00,1.917774597362e+00,9.104549678264e-02
-2.972586910835e+00,9.665605459005e+00,6.718730219765e-02
-2.972565766703e+00,7.193363505630e+00,9.062851893970e-02
-2.972502751113e+00,4.779181263181e+00,9.104649644048e-02
-2.972416460448e+00,7.075531572383e+00,9.086910831166e-02
-2.972130589592e+00,1.112709189150e+00,9.104397385739e-02
-2.971909840393e+00,7.311991945643e+00,9.036866261569e-02
-2.971847609595e+00,6.240494635096e+00,9.103955735780e-02
-2.971782005303e+00,3.463500181132e+00,9.104488271756e-02
-2.971505536839e+00,1.531343201421e+00,9.104297189199e-02
-2.971467806018e+00,6.958510852939e+00,9.103606751676e-02
-2.971421248130e+00,9.214910803564e+00,7.886014829512e-02
-2.971339422336e+00,9.983088039861e+00,4.366690385454e-02
-2.971047006601e+00,8.889926110283e+00,8.291435814462e-02
-2.970997208134e+00,9.507222260605e+00,7.265800101053e-02
-2.970904678273e+00,2.722840005574e+00,9.104255566831e-02
-2.970870982880e+00,2.336408609632e+00,9.104221799209e-02
-2.970672288747e+00,4.204160356692e+00,9.104310231972e-02
-2.970587193490e+00,4.558389136307e+00,9.104317198661e-02
-2.970478560079e+00,5.798467173348e+00,9.103841035660e-02
-2.970470799343e+00,5.717351859039e+00,9.103878725200e-02
-2.970442888249e+00,7.431402148263e+00,9.008688758096e-02
-2.970420014470e+00,3.109271401517e+00,9.104182132626e-02
-2.970318928291e+00,1.949977213691e+00,9.104080797167e-02
-2.970282221407e+00,3.849931577077e+00,9.104205005358e-02
-2.969939886867e+00,5.880311543494e+00,9.103704154940e-02
-2.969921863023e+00,5.636976248759e+00,9.103787635740e-02
-2.969905048256e+00,5.270710172171e+00,9.103932649834e-02
-2.969895165558e+00,1.144911805478e+00,9.103937231506e-02
-2.969725778606e+00,6.842316016733e+00,9.103287423801e-02
-2.969445249915e+00,7.821535707031e+00,8.897670031455e-02
-2.969416991470e+00,3.495702797461e+00,9.104001425708e-02
-2.969248514506e+00,1.563545817749e+00,9.103832424550e-02
-2.969174952448e+00,4.663443574971e+00,9.104012889139e-02
-2.969159899706e+00,6.524931406954e+00,9.103290913552e-02
-2.969045248109e+00,4.946534154160e+00,9.103874169032e-02
-2.968849587376e+00,5.962874288422e+00,9.103441656914e-02
-2.968837075341e+00,5.557350957448e+00,9.103601151180e-02
-2.968736714236e+00,8.399048141227e+00,8.652082005034e-02
-2.968582861040e+00,2.755042621902e+00,9.103777326137e-02
-2.968570763947e+00,2.368611225960e+00,9.103747983207e-02
-2.968499645561e+00,5.069315834558e+00,9.103711495524e-02
-2.968497660213e+00,1.014216611883e+01,1.009023152978e-02
-2.968410691887e+00,6.325947719601e+00,9.103217364201e-02
-2.968396373030e+00,8.246487290760e+00,8.730113400489e-02
-2.968264078314e+00,4.236362973020e+00,9.103814181225e-02
-2.968159208434e+00,7.551579332697e+00,8.977994111022e-02
-2.968157384758e+00,4.590591752636e+00,9.103816686100e-02
-2.968076598937e+00,3.141474017846e+00,9.103699312739e-02
-2.968040307658e+00,1.982179830019e+00,9.103611255601e-02
-2.968023474718e+00,8.552472941041e+00,8.560731159777e-02
-2.967980881852e+00,4.826578658675e+00,9.103702807514e-02
-2.967935035993e+00,9.349091964092e+00,7.646944018364e-02
-2.967895609274e+00,3.882134193405e+00,9.103713271528e-02
-2.967659741525e+00,1.177114421807e+00,9.103476441288e-02
-2.967221826194e+00,5.478486566409e+00,9.103288782319e-02
-2.967202535521e+00,6.046144694598e+00,9.103068627142e-02
-2.967196444076e+00,6.726961695022e+00,9.102804874528e-02
-2.967051977638e+00,3.527905413790e+00,9.103513867640e-02
-2.967034816764e+00,9.045928929355e+00,8.123366139345e-02
-2.967008938410e+00,8.094809101493e+00,8.797435398278e-02
-2.966991492173e+00,1.595748434078e+00,9.103367011183e-02
-2.966304684601e+00,5.194855043989e+00,9.103207743677e-02
-2.966270545014e+00,2.400813842289e+00,9.103273493024e-02
-2.966261043808e+00,2.787245238231e+00,9.103298398580e-02
-2.966250283078e+00,8.706742937186e+00,8.452123800219e-02
-2.965855867882e+00,4.268565589349e+00,9.103317391429e-02
-2.965761687025e+00,2.014382446348e+00,9.103141052083e-02
-2.965733183404e+00,3.173676634175e+00,9.103215792829e-02
-2.965508997142e+00,3.914336809734e+00,9.103220811556e-02
-2.965424317491e+00,1.209317038136e+00,9.103015013687e-02
-2.965346785412e+00,4.709517507282e+00,9.103195235580e-02
-2.965149777903e+00,9.800391930862e+00,6.041226923988e-02
-2.965081570944e+00,5.400393622923e+00,9.102881959518e-02
-2.965053190657e+00,7.672508682100e+00,8.944482911450e-02
-2.964993671647e+00,6.130112016389e+00,9.102582248772e-02
-2.964918047324e+00,9.641803944085e+00,6.825847695530e-02
-2.964734469840e+00,1.627951050406e+00,9.102900947657e-02
-2.964686963805e+00,3.560108030119e+00,9.103025595895e-02
-2.964581013353e+00,7.944032243452e+00,8.856093075956e-02
-2.964396607273e+00,6.412064107523e+00,9.102345775807e-02
-2.963970326081e+00,2.433016458617e+00,9.102798327136e-02
-2.963939226575e+00,2.819447854559e+00,9.102818782588e-02
-2.963904513365e+00,9.959212122792e+00,4.691885658305e-02
-2.963885958761e+00,6.612462480352e+00,9.102167890583e-02
-2.963762102539e+00,7.166558630554e+00,9.069331674041e-02
-2.963518823004e+00,7.048841426311e+00,9.092938240450e-02
-2.963486661554e+00,4.995785326010e+00,9.102699401624e-02
-2.963483066392e+00,2.046585062676e+00,9.102670185129e-02
-2.963447657450e+00,4.300768205678e+00,9.102819860833e-02
-2.963410884002e+00,8.861839336188e+00,8.321051797958e-02
-2.963402851484e+00,9.191225177933e+00,7.927512400752e-02
-2.963389767872e+00,3.205879250503e+00,9.102731571281e-02
-2.963211644297e+00,9.483458804889e+00,7.338524451404e-02
-2.963200681312e+00,7.285073548779e+00,9.043848884482e-02
-2.963188893458e+00,1.241519654464e+00,9.102552947299e-02
-2.963143755753e+00,4.874552786566e+00,9.102674250075e-02
-2.963122385010e+00,3.946539426062e+00,9.102727623736e-02
-2.962477447506e+00,1.660153666735e+00,9.102434232527e-02
-2.962476732718e+00,6.931936640599e+00,9.101751028447e-02
-2.962421830214e+00,5.323082639881e+00,9.102352144064e-02
-2.962321949973e+00,3.592310646447e+00,9.102536608810e-02
-2.962218002724e+00,6.214765476445e+00,9.101966201914e-02
-2.962201134296e+00,5.119812058320e+00,9.102386067624e-02
-2.961828760426e+00,7.404371439292e+00,9.016256242919e-02
-2.961670107148e+00,2.465219074946e+00,9.102322484010e-02
-2.961617409342e+00,2.851650470888e+00,9.102338476588e-02
-2.961212252865e+00,4.756182836197e+00,9.102322627002e-02
-2.961204445759e+00,2.078787679004e+00,9.102198653250e-02
-2.961179999856e+00,1.011825386061e+01,1.829770553373e-02
-2.961119316423e+00,7.794175344084e+00,8.907725545424e-02
-2.961046352339e+00,3.238081866832e+00,9.102246646474e-02
-2.961039447018e+00,4.332970822006e+00,9.102321587678e-02
-2.960953469425e+00,1.273722270792e+00,9.102090240718e-02
-2.960802062677e+00,8.371265320125e+00,8.668861644085e-02
-2.960735772877e+00,3.978742042391e+00,9.102233706355e-02
-2.960641812481e+00,6.815858940331e+00,9.101406204841e-02
-2.960410204784e+00,5.773377192032e+00,9.101761527621e-02
-2.960363165619e+00,8.218808247185e+00,8.744587344575e-02
-2.960316500606e+00,5.692393234360e+00,9.101774468015e-02
-2.960220425173e+00,1.692356283063e+00,9.101966864343e-02
-2.960187859733e+00,8.524587570863e+00,8.580414425730e-02
-2.960032960183e+00,9.325367138449e+00,7.699489762255e-02
-2.959958084384e+00,5.855091375519e+00,9.101635284134e-02
-2.959956936140e+00,3.624513262776e+00,9.102046904718e-02
-2.959800569195e+00,6.498832926054e+00,9.101352758518e-02
-2.959682235664e+00,5.612150147844e+00,9.101671165957e-02
-2.959640632399e+00,7.524437523740e+00,8.986209125800e-02
-2.959499138488e+00,9.017743304793e+00,8.160092276041e-02
-2.959369888215e+00,2.497421691274e+00,9.101845962110e-02
-2.959295592109e+00,2.883853087217e+00,9.101857479000e-02
-2.959248189696e+00,5.246564095394e+00,9.101723110884e-02
-2.958954941620e+00,5.937525106598e+00,9.101398111239e-02
-2.958925825126e+00,2.110990295333e+00,9.101726454952e-02
-2.958877661588e+00,8.067235061646e+00,8.810019409490e-02
-2.958870602554e+00,6.300094266085e+00,9.101237745980e-02
-2.958718045391e+00,1.305924887121e+00,9.101626892533e-02
-2.958702936806e+00,3.270284483160e+00,9.101761016785e-02
-2.958631236586e+00,4.365173438335e+00,9.101822570201e-02
-2.958514179660e+00,8.678756248610e+00,8.475627642315e-02
-2.958512739610e+00,5.532658544548e+00,9.101460222779e-02
-2.958349160745e+00,4.010944658720e+00,9.101739057698e-02
-2.958020133753e+00,6.700622954224e+00,9.100906400141e-02
-2.957987337764e+00,4.923096837377e+00,9.101588430371e-02
-2.957963402840e+00,1.724558899391e+00,9.101498841652e-02
-2.957732834806e+00,4.640743369303e+00,9.101640559717e-02
-2.957600171635e+00,5.045591589750e+00,9.101460896584e-02
-2.957597800279e+00,9.776552928524e+00,6.199642870531e-02
-2.957591922308e+00,3.656715879105e+00,9.101556481946e-02
-2.957395644935e+00,6.020667674531e+00,9.101035391780e-02
-2.957249183814e+00,9.618002429165e+00,6.925732017311e-02
-2.957069669282e+00,2.529624307603e+00,9.101368759897e-02
-2.956973774876e+00,2.916055703545e+00,9.101375788239e-02
-2.956813407758e+00,5.453929002870e+00,9.101134459273e-02
-2.956767230310e+00,4.803432806267e+00,9.101374983991e-02
-2.956647204493e+00,2.143192911661e+00,9.101253588736e-02
-2.956630681288e+00,7.645256987688e+00,8.953435829117e-02
-2.956482621358e+00,1.338127503449e+00,9.101162901328e-02
-2.956469604393e+00,9.935336205723e+00,4.980337616978e-02
-2.956359521274e+00,3.302487099489e+00,9.101274680581e-02
-2.956352159273e+00,7.916564431249e+00,8.867167106479e-02
-2.956223026153e+00,4.397376054664e+00,9.101322806633e-02
-2.955962548613e+00,4.043147275048e+00,9.101243676042e-02
-2.955774761404e+00,8.833752562093e+00,8.349502903081e-02
-2.955706380506e+00,1.756761515720e+00,9.101030162996e-02
-2.955566299920e+00,5.170848432430e+00,9.100986049413e-02
-2.955426080461e+00,9.459695349173e+00,7.407157014204e-02
-2.955384454839e+00,9.167539552301e+00,7.967219738678e-02
-2.955275129188e+00,6.104508336463e+00,9.100565304371e-02
-2.955226908475e+00,3.688918495433e+00,9.101065338817e-02
-2.954958438375e+00,7.139753755477e+00,9.075693857886e-02
-2.954946611905e+00,6.386087545700e+00,9.100389304647e-02
-2.954769450350e+00,2.561826923931e+00,9.100890875825e-02
-2.954651957643e+00,2.948258319874e+00,9.100893402717e-02
-2.954621185560e+00,7.022151280240e+00,9.098853224323e-02
-2.954617858452e+00,6.586243272254e+00,9.100239048308e-02
-2.954589700877e+00,5.375972067165e+00,9.100700027039e-02
-2.954491522232e+00,7.258155151914e+00,9.050699369603e-02
-2.954368583859e+00,2.175395527990e+00,9.100780053101e-02
-2.954247197324e+00,1.370330119778e+00,9.100698265685e-02
-2.954016105741e+00,3.334689715818e+00,9.100787636230e-02
-2.953980130053e+00,4.686667630286e+00,9.100838424303e-02
-2.953862339500e+00,1.009434160239e+01,2.510423491875e-02
-2.953814815721e+00,4.429578670992e+00,9.100822295200e-02
-2.953575936480e+00,4.075349891377e+00,9.100747559659e-02
-2.953485659418e+00,6.905362428258e+00,9.099878345081e-02
-2.953449358173e+00,1.788964132048e+00,9.100560826914e-02
-2.953214632603e+00,7.377340730321e+00,9.023660085033e-02
-2.952867411118e+00,8.343482499023e+00,8.685140020592e-02
-2.952861894643e+00,3.721121111762e+00,9.100573473648e-02
-2.952793382931e+00,7.766814981138e+00,8.917547593378e-02
-2.952588395853e+00,6.189036317795e+00,9.099967457242e-02
-2.952507635161e+00,4.972203976603e+00,9.100419654243e-02
-2.952469231416e+00,2.594029540260e+00,9.100412308347e-02
-2.952352244749e+00,8.496702200684e+00,8.599463114533e-02
-2.952330140411e+00,2.980460936203e+00,9.100410320842e-02
-2.952329958208e+00,8.191129203611e+00,8.758658755800e-02
-2.952130884373e+00,9.301642312805e+00,7.749500312512e-02
-2.952089963226e+00,2.207598144318e+00,9.100305846539e-02
-2.952011773291e+00,1.402532736107e+00,9.100232984181e-02
-2.952007635266e+00,4.851260636499e+00,9.100365349312e-02
-2.951963460211e+00,8.989557680231e+00,8.195220676979e-02
-2.951847144981e+00,5.298798247370e+00,9.100159224998e-02
-2.951672690208e+00,3.366892332146e+00,9.100299882093e-02
-2.951557846355e+00,6.789401863930e+00,9.099516440297e-02
-2.951406605289e+00,4.461781287321e+00,9.100321034123e-02
-2.951381876048e+00,5.095946058436e+00,9.100135604335e-02
-2.951192335840e+00,1.821166748377e+00,9.100090831939e-02
-2.951189324348e+00,4.107552507706e+00,9.100250706817e-02
-2.951162742079e+00,1.406250045003e-01,9.104983842943e-02
-2.951162742079e+00,4.218750135002e-01,9.100340122910e-02
-2.951162742079e+00,5.468750175000e-01,9.100026969344e-02
-2.951162742079e+00,9.531250305000e-01,9.100026969344e-02
-2.951162742079e+00,9.843750315000e-01,9.100026969344e-02
-2.951162742079e+00,1.562500050003e-02,9.108761914768e-02
-2.951162742079e+00,7.812500250012e-02,9.106746207550e-02
-2.951162742079e+00,1.093750035002e-01,9.105832934674e-02
-2.951162742079e+00,1.718750055004e-01,9.104199712729e-02
-2.951162742079e+00,2.031250065004e-01,9.103481269871e-02
-2.951162742079e+00,2.343750075005e-01,9.102829183784e-02
-2.951162742079e+00,2.656250085005e-01,9.102244065692e-02
-2.951162742079e+00,2.968750095005e-01,9.101726467008e-02
-2.951162742079e+00,3.281250105004e-01,9.101276877859e-02
-2.951162742079e+00,3.593750115003e-01,9.100895725757e-02
-2.951162742079e+00,3.906250125003e-01,9.100583374447e-02
-2.951162742079e+00,4.531250145001e-01,9.100166204545e-02
-2.951162742079e+00,4.843750155000e-01,9.100061786526e-02
-2.951162742079e+00,5.781250185001e-01,9.100026969344e-02
-2.951162742079e+00,6.093750195001e-01,9.100026969344e-02
-2.951162742079e+00,6.406250205001e-01,9.100026969344e-02
-2.951162742079e+00,6.718750215001e-01,9.100026969344e-02
-2.951162742079e+00,7.031250225001e-01,9.100026969344e-02
-2.951162742079e+00,7.343750235001e-01,9.100026969344e-02
-2.951162742079e+00,7.656250245001e-01,9.100026969344e-02
-2.951162742079e+00,7.968750255001e-01,9.100026969344e-02
-2.951162742079e+00,8.281250265000e-01,9.100026969344e-02
-2.951162742079e+00,8.593750275001e-01,9.100026969344e-02
-2.951162742079e+00,8.906250285001e-01,9.100026969344e-02
-2.951162742079e+00,9.218750295001e-01,9.100026969344e-02
-2.951162742079e+00,4.687500150008e-02,9.107722828678e-02
-2.951162742079e+00,5.156250165000e-01,9.100026969344e-02
-2.951122056365e+00,7.497295714782e+00,8.994253784954e-02
-2.950778076242e+00,8.650769560034e+00,8.498302597549e-02
-2.950746384767e+00,8.039661021798e+00,8.822278011336e-02
-2.950496880810e+00,3.753323728090e+00,9.100080884752e-02
-2.950441238684e+00,6.472734445154e+00,9.099405694831e-02
-2.950341849488e+00,5.748287210715e+00,9.099672317103e-02
-2.950169012484e+00,2.626232156588e+00,9.099933055908e-02
-2.950162201870e+00,5.667434609680e+00,9.099658910767e-02
-2.950055829212e+00,1.016101340164e+00,9.099796205816e-02
-2.950045822656e+00,9.752713926185e+00,6.345211947772e-02
-2.950008323178e+00,3.012663552531e+00,9.099926541014e-02
-2.949976281901e+00,5.829871207545e+00,9.099556677642e-02
-2.949921754616e+00,4.733184409213e+00,9.099975175450e-02
-2.949811342593e+00,2.239800760647e+00,9.099830967540e-02
-2.949776349257e+00,1.434735352435e+00,9.099767055388e-02
-2.949580320303e+00,9.594200914245e+00,7.019089651629e-02
-2.949442608305e+00,5.587324046929e+00,9.099544784270e-02
-2.949330513221e+00,6.274240812569e+00,9.099248918396e-02
-2.949329274676e+00,3.399094948475e+00,9.099811416523e-02
-2.949060295864e+00,5.912175924773e+00,9.099338819145e-02
-2.949034695422e+00,9.911460288654e+00,5.237933865881e-02
-2.948998394857e+00,4.493983903650e+00,9.099819021617e-02
-2.948935313506e+00,1.853369364705e+00,9.099620176601e-02
-2.948843823429e+00,6.674284213426e+00,9.098999318123e-02
-2.948802712216e+00,4.139755124035e+00,9.099753115779e-02
-2.948591331137e+00,5.222418018617e+00,9.099501856698e-02
-2.948208171919e+00,7.618005293277e+00,8.962194504185e-02
-2.948188403878e+00,5.507966131648e+00,9.099306729015e-02
-2.948138638805e+00,8.805665787997e+00,8.376855625176e-02
-2.948131866978e+00,3.785526344419e+00,9.099587570435e-02
-2.948123305192e+00,7.889096619046e+00,8.877972344890e-02
-2.947868793551e+00,2.658434772916e+00,9.099453116949e-02
-2.947842003479e+00,1.048303956493e+00,9.099334201513e-02
-2.947686505945e+00,3.044866168860e+00,9.099442061631e-02
-2.947640516624e+00,9.435931893457e+00,7.472032221983e-02
-2.947588754349e+00,5.995190654464e+00,9.098992659461e-02
-2.947540925224e+00,1.466937968764e+00,9.099300477877e-02
-2.947532721960e+00,2.272003376975e+00,9.099355414588e-02
-2.947366058193e+00,9.143853926670e+00,8.005229899751e-02
-2.946985859143e+00,3.431297564804e+00,9.099322237873e-02
-2.946929427419e+00,4.899659520593e+00,9.099279153515e-02
-2.946700697710e+00,5.021867344942e+00,9.099186576229e-02
-2.946678291173e+00,1.885571981034e+00,9.099148859426e-02
-2.946590184425e+00,4.526186519978e+00,9.099316255892e-02
-2.946544679143e+00,1.007042934417e+01,3.084015524516e-02
-2.946416100083e+00,4.171957740363e+00,9.099254784800e-02
-2.946404989322e+00,5.429371439332e+00,9.098970036247e-02
-2.946290717165e+00,4.618043163634e+00,9.099253633331e-02
-2.946154774211e+00,7.112948880402e+00,9.081941741126e-02
-2.945782363152e+00,7.231236755050e+00,9.057421543168e-02
-2.945766853145e+00,3.817728960748e+00,9.099093529002e-02
-2.945723548117e+00,6.995461134169e+00,9.098217851508e-02
-2.945628177745e+00,1.080506572821e+00,9.098871559721e-02
-2.945568574618e+00,2.690637389245e+00,9.098972489909e-02
-2.945556586729e+00,6.078904656537e+00,9.098532932750e-02
-2.945553578768e+00,4.780286953860e+00,9.099036271526e-02
-2.945496616537e+00,6.360110983877e+00,9.098414743181e-02
-2.945364688712e+00,3.077068785189e+00,9.098956881086e-02
-2.945349758143e+00,6.560024064155e+00,9.098301313500e-02
-2.945305501190e+00,1.499140585092e+00,9.098833250210e-02
-2.945254101327e+00,2.304205993303e+00,9.098879186164e-02
-2.944932759559e+00,8.315699677921e+00,8.700939030391e-02
-2.944827915238e+00,5.146841820871e+00,9.098746756260e-02
-2.944642443610e+00,3.463500181132e+00,9.098832344488e-02
-2.944600504780e+00,7.350310021349e+00,9.030916217845e-02
-2.944516629764e+00,8.468816830506e+00,8.617907015064e-02
-2.944494586118e+00,6.878788215917e+00,9.097997142960e-02
-2.944467449439e+00,7.739454618191e+00,8.927123175284e-02
-2.944427781935e+00,8.961372055669e+00,8.228851847072e-02
-2.944421268840e+00,1.917774597362e+00,9.098676878935e-02
-2.944296750797e+00,8.163450160038e+00,8.772334153262e-02
-2.944228808562e+00,9.277917487162e+00,7.797153845837e-02
-2.944181973993e+00,4.558389136307e+00,9.098812735152e-02
-2.944097830811e+00,5.351550511407e+00,9.098507739816e-02
-2.944029487951e+00,4.204160356692e+00,9.098755712133e-02
-2.943414352011e+00,1.112709189150e+00,9.098408279042e-02
-2.943401839313e+00,3.849931577077e+00,9.098598758747e-02
-2.943268355685e+00,2.722840005574e+00,9.098491173221e-02
-2.943070077157e+00,1.531343201421e+00,9.098365370950e-02
-2.943042871479e+00,3.109271401517e+00,9.098470997767e-02
-2.943041972824e+00,8.622782871458e+00,8.520191252672e-02
-2.942975480694e+00,2.336408609632e+00,9.098402280742e-02
-2.942958788982e+00,6.163307159145e+00,9.097959463470e-02
-2.942615107946e+00,8.012086981951e+00,8.834223592318e-02
-2.942613474694e+00,4.663817753290e+00,9.098470767679e-02
-2.942603480331e+00,7.470153905824e+00,9.002133419299e-02
-2.942493845033e+00,9.728874923847e+00,6.479432632112e-02
-2.942473880230e+00,6.762944787528e+00,9.097618089490e-02
-2.942299028078e+00,3.495702797461e+00,9.098341734709e-02
-2.942164246507e+00,1.949977213691e+00,9.098204233644e-02
-2.941911456792e+00,9.570399399326e+00,7.106537989494e-02
-2.941773763560e+00,4.590591752636e+00,9.098308457595e-02
-2.941642875818e+00,4.236362973020e+00,9.098255896024e-02
-2.941599786450e+00,9.887584371585e+00,5.469367960974e-02
-2.941528608767e+00,4.948622627196e+00,9.098129239901e-02
-2.941272459747e+00,5.274513854859e+00,9.097948695346e-02
-2.941200526278e+00,1.144911805478e+00,9.097944358075e-02
-2.941081908173e+00,6.446635964253e+00,9.097449682418e-02
-2.941036825480e+00,3.882134193405e+00,9.098103257965e-02
-2.940968136752e+00,2.755042621902e+00,9.098009165311e-02
-2.940871514779e+00,4.827968486432e+00,9.098038083331e-02
-2.940834653123e+00,1.563545817749e+00,9.097896838653e-02
-2.940721054247e+00,3.141474017846e+00,9.097984410056e-02
-2.940696860061e+00,2.368611225960e+00,9.097924696796e-02
-2.940562617800e+00,5.072080058551e+00,9.097874535361e-02
-2.940502516206e+00,8.777579013902e+00,8.403171546531e-02
-2.940273494192e+00,5.723197229398e+00,9.097561426144e-02
-2.940007903134e+00,5.642475985001e+00,9.097533357096e-02
-2.939994479418e+00,5.804651039571e+00,9.097468298888e-02
-2.939955612545e+00,3.527905413790e+00,9.097850406873e-02
-2.939907224173e+00,1.982179830019e+00,9.097730922068e-02
-2.939894451111e+00,7.861628806843e+00,8.888518458061e-02
-2.939854952788e+00,9.412168437741e+00,7.533449048387e-02
-2.939790423888e+00,6.248387359053e+00,9.097250841094e-02
-2.939785662550e+00,7.590753598865e+00,8.970765250373e-02
-2.939667513106e+00,6.647945472628e+00,9.097072864664e-02
-2.939639471765e+00,9.117869494938e+00,8.044657158387e-02
-2.939256263686e+00,4.268565589349e+00,9.097755334714e-02
-2.939227018786e+00,1.004651708594e+01,3.573951565983e-02
-2.939202980946e+00,5.562497946015e+00,9.097399197873e-02
-2.939165650108e+00,5.886826742948e+00,9.097261156772e-02
-2.938986700544e+00,1.177114421807e+00,9.097479795414e-02
-2.938671811648e+00,3.914336809734e+00,9.097607024940e-02
-2.938667917819e+00,2.787245238231e+00,9.097526464604e-02
-2.938631256367e+00,4.710185982229e+00,9.097606295005e-02
-2.938599229090e+00,1.595748434078e+00,9.097427651872e-02
-2.938418239428e+00,2.400813842289e+00,9.097446432791e-02
-2.938399237014e+00,3.173676634175e+00,9.097497116332e-02
-2.937934472577e+00,5.198271941840e+00,9.097270093398e-02
-2.937864068146e+00,5.483273718749e+00,9.097143033138e-02
-2.937781863762e+00,5.969713634397e+00,9.096940392660e-02
-2.937650201840e+00,2.014382446348e+00,9.097256942714e-02
-2.937612197012e+00,3.560108030119e+00,9.097358359310e-02
-2.937351110046e+00,7.086144005325e+00,9.088078502703e-02
-2.937073204071e+00,7.204318358186e+00,9.064019091224e-02
-2.936998108000e+00,8.287916856819e+00,8.716279333326e-02
-2.936892103658e+00,8.933186431106e+00,8.261078134188e-02
-2.936869651554e+00,4.300768205678e+00,9.097254026438e-02
-2.936825910673e+00,6.968770988097e+00,9.096345042129e-02
-2.936772874811e+00,1.209317038136e+00,9.097014589650e-02
-2.936681014779e+00,8.440931460327e+00,8.635774109913e-02
-2.936367698886e+00,2.819447854559e+00,9.097043069520e-02
-2.936363805057e+00,1.627951050406e+00,9.096957809155e-02
-2.936326732752e+00,9.254192661519e+00,7.842612240907e-02
-2.936306797815e+00,3.946539426062e+00,9.097110057957e-02
-2.936263543386e+00,8.135771116464e+00,8.785613308207e-02
-2.936141515947e+00,7.712094255244e+00,8.936483597225e-02
-2.936139618794e+00,2.433016458617e+00,9.096967487190e-02
-2.936081657833e+00,6.533804856056e+00,9.096354644615e-02
-2.936077419781e+00,3.205879250503e+00,9.097009114969e-02
-2.936046621169e+00,6.334134422053e+00,9.096426559976e-02
-2.935996570886e+00,5.404813875794e+00,9.096781942657e-02
-2.935986376958e+00,7.323279312378e+00,9.038032016298e-02
-2.935871517074e+00,4.876222203810e+00,9.096958984191e-02
-2.935838044270e+00,6.053300976611e+00,9.096491014401e-02
-2.935801223784e+00,4.998143100134e+00,9.096896106657e-02
-2.935503512817e+00,6.852214003577e+00,9.096107380418e-02
-2.935393179507e+00,2.046585062676e+00,9.096782294087e-02
-2.935305869406e+00,8.594796182882e+00,8.541282214755e-02
-2.935268781480e+00,3.592310646447e+00,9.096865590346e-02
-2.934941867409e+00,9.705035921509e+00,6.603579107440e-02
-2.934559049077e+00,1.241519654464e+00,9.096548739371e-02
-2.934483831125e+00,7.984512942103e+00,8.845867934617e-02
-2.934483039421e+00,4.332970822006e+00,9.096751969428e-02
-2.934339927226e+00,4.757141101452e+00,9.096686665028e-02
-2.934242593281e+00,9.546597884406e+00,7.188618956862e-02
-2.934164877479e+00,9.863708454516e+00,5.678427506098e-02
-2.934128381023e+00,1.660153666735e+00,9.096487309046e-02
-2.934089530557e+00,5.122835209312e+00,9.096486013700e-02
-2.934084904296e+00,7.443012096867e+00,9.009853147210e-02
-2.934067479953e+00,2.851650470888e+00,9.096558978471e-02
-2.933941783983e+00,3.978742042391e+00,9.096612355290e-02
-2.933860998161e+00,2.465219074946e+00,9.096487858451e-02
-2.933755602548e+00,3.238081866832e+00,9.096520404335e-02
-2.933605960744e+00,5.327128955650e+00,9.096305069277e-02
-2.933389914104e+00,6.736487711126e+00,9.095711111898e-02
-2.933329182111e+00,6.137578000494e+00,9.095931113367e-02
-2.933136157174e+00,2.078787679004e+00,9.096306974687e-02
-2.932925365947e+00,3.624513262776e+00,9.096372098303e-02
-2.932866393607e+00,8.749492239808e+00,8.428507778426e-02
-2.932345223343e+00,1.273722270792e+00,9.096082243159e-02
-2.932204695554e+00,9.089586257106e+00,8.085067694732e-02
-2.932096427289e+00,4.365173438335e+00,9.096249161908e-02
-2.932069388951e+00,9.388404982025e+00,7.591675586660e-02
-2.931909358429e+00,1.002260482772e+01,3.997277815237e-02
-2.931892956990e+00,1.692356283063e+00,9.096016150087e-02
-2.931767261020e+00,2.883853087217e+00,9.096074189868e-02
-2.931722577662e+00,6.420537483353e+00,9.095483351177e-02
-2.931665597031e+00,7.834160994640e+00,8.898814666465e-02
-2.931582377528e+00,2.497421691274e+00,9.096007545027e-02
-2.931576770150e+00,4.010944658720e+00,9.096113915211e-02
-2.931433785315e+00,3.270284483160e+00,9.096030982794e-02
-2.931363153181e+00,7.563501904453e+00,8.979154119630e-02
-2.931246819335e+00,4.640967876294e+00,9.096074279999e-02
-2.930879134840e+00,2.110990295333e+00,9.095830983009e-02
-2.930697774513e+00,5.250229462348e+00,9.095717514414e-02
-2.930581950415e+00,3.656715879105e+00,9.095877881497e-02
-2.930549582373e+00,4.925041277790e+00,9.095817293166e-02
-2.930491202783e+00,6.621606731830e+00,9.095135438089e-02
-2.930250334555e+00,6.222533905537e+00,9.095243474074e-02
-2.930205138896e+00,5.698107248081e+00,9.095436799174e-02
-2.930131397610e+00,1.305924887121e+00,9.095615099592e-02
-2.930012676935e+00,5.779430871597e+00,9.095370111949e-02
-2.929853604398e+00,5.617517360321e+00,9.095397772913e-02
-2.929743359552e+00,5.048214058666e+00,9.095602321856e-02
-2.929735394292e+00,4.804676336366e+00,9.095687777468e-02
-2.929709815157e+00,4.397376054664e+00,9.095745602097e-02
-2.929657532956e+00,1.724558899391e+00,9.095544330812e-02
-2.929467042087e+00,2.916055703545e+00,9.095588702116e-02
-2.929356425382e+00,8.905000806544e+00,8.291984531305e-02
-2.929303756895e+00,2.529624307603e+00,9.095526545369e-02
-2.929271004352e+00,5.861477561124e+00,9.095173658946e-02
-2.929211756318e+00,4.043147275048e+00,9.095614735988e-02
-2.929111968082e+00,3.302487099489e+00,9.095540848706e-02
-2.929063456440e+00,8.260134035717e+00,8.731180438627e-02
-2.928963353587e+00,5.537671845100e+00,9.095236384970e-02
-2.928845399795e+00,8.413046090149e+00,8.653090708996e-02
-2.928622112507e+00,2.143192911661e+00,9.095354317545e-02
-2.928547445882e+00,7.059339130249e+00,9.094100863615e-02
-2.928424656942e+00,9.230467835875e+00,7.886022900454e-02
-2.928364044991e+00,7.177399961322e+00,9.070495565894e-02
-2.928238534882e+00,3.688918495433e+00,9.095382938238e-02
-2.928230335975e+00,8.108092072890e+00,8.798539648826e-02
-2.928173114050e+00,1.018171436896e+01,6.608629154559e-06
-2.927974973176e+00,5.944236614329e+00,9.094871886589e-02
-2.927928273229e+00,6.942080842026e+00,9.094463702132e-02
-2.927917571876e+00,1.338127503449e+00,9.095147307246e-02
-2.927815582455e+00,7.684733892297e+00,8.945636066177e-02
-2.927569765988e+00,8.566809494306e+00,8.561651977750e-02
-2.927539732415e+00,5.458581305848e+00,9.094969103832e-02
-2.927422108923e+00,1.756761515720e+00,9.095071849754e-02
-2.927389889786e+00,9.681196919170e+00,6.718741717375e-02
-2.927372249135e+00,7.296248603407e+00,9.045011616013e-02
-2.927340758119e+00,4.687187555244e+00,9.095226317094e-02
-2.927323203024e+00,4.429578670992e+00,9.095241288210e-02
-2.927277614018e+00,5.174125865063e+00,9.095027797436e-02
-2.927166823154e+00,2.948258319874e+00,9.095102513615e-02
-2.927025136262e+00,2.561826923931e+00,9.095044857920e-02
-2.926846742485e+00,4.075349891377e+00,9.095114815880e-02
-2.926813557524e+00,6.507585647957e+00,9.094399000333e-02
-2.926790150850e+00,3.334689715818e+00,9.095050000423e-02
-2.926729968507e+00,9.839832537447e+00,5.868202675957e-02
-2.926596625801e+00,6.308157860230e+00,9.094429092340e-02
-2.926573729771e+00,9.522796369486e+00,7.265810203530e-02
-2.926512439517e+00,6.825639791236e+00,9.094209015908e-02
-2.926365090174e+00,2.175395527990e+00,9.094876976782e-02
-2.926352554303e+00,7.956938902256e+00,8.857222250390e-02
-2.926119501811e+00,6.027697296685e+00,9.094439509722e-02
-2.925895119349e+00,3.721121111762e+00,9.094887266834e-02
-2.925703746143e+00,1.370330119778e+00,9.094678864691e-02
-2.925588152451e+00,5.380256312255e+00,9.094580002574e-02
-2.925566328262e+00,7.415870287909e+00,9.017417884979e-02
-2.925230271008e+00,8.721405465713e+00,8.452917356756e-02
-2.925186684889e+00,1.788964132048e+00,9.094598705440e-02
-2.924936590892e+00,4.461781287321e+00,9.094736218455e-02
-2.924901749858e+00,4.974418855326e+00,9.094594774057e-02
-2.924866604221e+00,2.980460936203e+00,9.094615622762e-02
-2.924813606729e+00,4.852784887026e+00,9.094627910990e-02
-2.924769919344e+00,9.061303019275e+00,8.123586139968e-02
-2.924746515629e+00,2.594029540260e+00,9.094562481120e-02
-2.924591698073e+00,9.998692569500e+00,4.366703858265e-02
-2.924481728652e+00,4.107552507706e+00,9.094614153143e-02
-2.924468333617e+00,3.366892332146e+00,9.094558436296e-02
-2.924305947979e+00,6.710030634725e+00,9.093788691863e-02
-2.924283825114e+00,9.364641526308e+00,7.646952936587e-02
-2.924108067840e+00,2.207598144318e+00,9.094398959203e-02
-2.923699575240e+00,6.111848841844e+00,9.093889990179e-02
-2.923551703816e+00,3.753323728090e+00,9.094390865584e-02
-2.923489920409e+00,1.402532736107e+00,9.094209770495e-02
-2.923436742950e+00,7.806693182437e+00,8.908869769432e-02
-2.923351145876e+00,5.098828597754e+00,9.094214488853e-02
-2.923126275683e+00,4.733995249044e+00,9.094314348029e-02
-2.923114090677e+00,5.302707399892e+00,9.094091988005e-02
-2.922951260856e+00,1.821166748377e+00,9.094124896395e-02
-2.922940643813e+00,7.536250210041e+00,8.987366915409e-02
-2.922566385288e+00,3.012663552531e+00,9.094128027945e-02
-2.922549978760e+00,4.493983903650e+00,9.094230391035e-02
-2.922467894996e+00,2.626232156588e+00,9.094079413405e-02
-2.922370910449e+00,1.562500050003e-02,9.102921296987e-02
-2.922370910449e+00,4.687500150008e-02,9.101853581400e-02
-2.922370910449e+00,1.093750035002e-01,9.099911351838e-02
-2.922370910449e+00,6.406250205001e-01,9.093942462704e-02
-2.922370910449e+00,6.718750215001e-01,9.093942462704e-02
-2.922370910449e+00,7.968750255001e-01,9.093942462704e-02
-2.922370910449e+00,8.281250265000e-01,9.093942462704e-02
-2.922370910449e+00,8.593750275000e-01,9.093942462704e-02
-2.922370910449e+00,8.906250285001e-01,9.093942462704e-02
-2.922370910449e+00,9.531250305000e-01,9.093942462704e-02
-2.922370910449e+00,9.843750315000e-01,9.093942462704e-02
-2.922370910449e+00,7.812500250012e-02,9.100849957970e-02
-2.922370910449e+00,1.406250045003e-01,9.099038635568e-02
-2.922370910449e+00,1.718750055004e-01,9.098232626886e-02
-2.922370910449e+00,2.031250065004e-01,9.097494086535e-02
-2.922370910449e+00,2.343750075005e-01,9.096823716252e-02
-2.922370910449e+00,2.656250085005e-01,9.096222156890e-02
-2.922370910449e+00,2.968750095005e-01,9.095689986681e-02
-2.922370910449e+00,3.281250105004e-01,9.095227719661e-02
-2.922370910449e+00,3.593750115003e-01,9.094835804255e-02
-2.922370910449e+00,3.906250125003e-01,9.094514622040e-02
-2.922370910449e+00,4.218750135002e-01,9.094264486682e-02
-2.922370910449e+00,4.531250145001e-01,9.094085643063e-02
-2.922370910449e+00,4.843750155000e-01,9.093978266589e-02
-2.922370910449e+00,5.468750175000e-01,9.093942462704e-02
-2.922370910449e+00,6.093750195001e-01,9.093942462704e-02
-2.922370910449e+00,7.031250225001e-01,9.093942462704e-02
-2.922370910449e+00,7.343750235001e-01,9.093942462704e-02
-2.922370910449e+00,7.656250245001e-01,9.093942462704e-02
-2.922370910449e+00,9.218750295001e-01,9.093942462704e-02
-2.922370910449e+00,5.156250165000e-01,9.093942462704e-02
-2.922370910449e+00,5.781250185000e-01,9.093942462704e-02
-2.922363247151e+00,6.394439002453e+00,9.093495733983e-02
-2.922146516384e+00,3.399094948475e+00,9.094066154670e-02
-2.922116714820e+00,4.139755124035e+00,9.094112746028e-02
-2.921851045507e+00,2.239800760647e+00,9.093920263285e-02
-2.921820747106e+00,8.876815181982e+00,8.321649387100e-02
-2.921314892459e+00,6.595267991033e+00,9.093189055126e-02
-2.921276094675e+00,1.434735352435e+00,9.093740023220e-02
-2.921274796732e+00,1.016101340164e+00,9.093709789201e-02
-2.921208288284e+00,3.785526344419e+00,9.093893732785e-02
-2.921128804881e+00,8.232351214615e+00,8.745660783341e-02
-2.921009784810e+00,8.385160719970e+00,8.669881571599e-02
-2.920972879468e+00,1.015776634404e+01,1.009028240560e-02
-2.920715836822e+00,1.853369364705e+00,9.093650421137e-02
-2.920710245222e+00,6.196680452022e+00,9.093226682547e-02
-2.920522581131e+00,9.206743010232e+00,7.927520334248e-02
-2.920266166355e+00,3.044866168860e+00,9.093639727553e-02
-2.920197128564e+00,8.080413029316e+00,8.811126944036e-02
-2.920189274362e+00,2.658434772916e+00,9.093595653207e-02
-2.920163366627e+00,4.526186519978e+00,9.093723804149e-02
-2.920136783601e+00,5.673017266764e+00,9.093302061940e-02
-2.920123089279e+00,5.225945069836e+00,9.093475665009e-02
-2.920030874452e+00,5.754210703623e+00,9.093252082338e-02
-2.919880163976e+00,4.618117999298e+00,9.093663585132e-02
-2.919837912162e+00,9.657357916832e+00,6.825858967395e-02
-2.919833662569e+00,8.538822805730e+00,8.581353567935e-02
-2.919824699151e+00,3.431297564804e+00,9.093573153883e-02
-2.919751700987e+00,4.171957740363e+00,9.093610592780e-02
-2.919743781718e+00,7.032534255173e+00,9.092683473728e-02
-2.919699305661e+00,5.592558735642e+00,9.093247101864e-02
-2.919654885910e+00,7.150481564458e+00,9.076854391304e-02
-2.919594023174e+00,2.272003376975e+00,9.093440887503e-02
-2.919570555979e+00,4.901459928383e+00,9.093485923341e-02
-2.919489648963e+00,7.657373529351e+00,8.954587480880e-02
-2.919376358596e+00,5.836128379299e+00,9.093076287223e-02
-2.919295059536e+00,9.815956620378e+00,6.041239678867e-02
-2.919082569298e+00,1.048303956493e+00,9.093243960638e-02
-2.919062268942e+00,1.466937968764e+00,9.093269621424e-02
-2.919030635786e+00,6.915390695955e+00,9.092573789087e-02
-2.918924101304e+00,5.024348058782e+00,9.093301161637e-02
-2.918904866260e+00,9.498994854567e+00,7.338534358641e-02
-2.918864872751e+00,3.817728960748e+00,9.093395866727e-02
-2.918758121312e+00,7.269217894436e+00,9.051858998293e-02
-2.918723726228e+00,5.512845744185e+00,9.093063242077e-02
-2.918599273805e+00,4.781384186299e+00,9.093326346193e-02
-2.918480412789e+00,1.885571981034e+00,9.093175278181e-02
-2.918221277482e+00,7.929364862408e+00,8.868297215522e-02
-2.918168082589e+00,5.918759594262e+00,9.092785296875e-02
-2.917965947422e+00,3.077068785189e+00,9.093150719967e-02
-2.917910653729e+00,2.690637389245e+00,9.093111198950e-02
-2.917776754495e+00,4.558389136307e+00,9.093216455989e-02
-2.917594148410e+00,8.693318691618e+00,8.476449596740e-02
-2.917545457215e+00,6.481366439859e+00,9.092434339573e-02
-2.917521366217e+00,6.799065578895e+00,9.092302008014e-02
-2.917502881918e+00,3.463500181132e+00,9.093079432270e-02
-2.917386687155e+00,4.204160356692e+00,9.093107691639e-02
-2.917337000840e+00,2.304205993303e+00,9.092960830326e-02
-2.917335143133e+00,9.033019781443e+00,8.160389509453e-02
-2.917274037716e+00,9.974780311278e+00,4.691899267284e-02
-2.917215396683e+00,5.433888892948e+00,9.092777858822e-02
-2.917146630433e+00,6.282181298406e+00,9.092422298694e-02
-2.917047752228e+00,7.388728478951e+00,9.024817663329e-02
-2.916890341865e+00,1.080506572821e+00,9.092777488831e-02
-2.916848443208e+00,1.499140585092e+00,9.092798563663e-02
-2.916620755458e+00,5.149979788286e+00,9.092760253537e-02
-2.916521457218e+00,3.849931577077e+00,9.092897265696e-02
-2.916498261278e+00,9.340878070593e+00,7.699498518740e-02
-2.916400959352e+00,6.002093616759e+00,9.092378379587e-02
-2.916244988755e+00,1.917774597362e+00,9.092699466039e-02
-2.916050259870e+00,4.664189128260e+00,9.092835240889e-02
-2.915665728489e+00,3.109271401517e+00,9.092661003562e-02
-2.915632033096e+00,2.722840005574e+00,9.092626049058e-02
-2.915390142363e+00,4.590591752636e+00,9.092708344740e-02
-2.915221981853e+00,6.683573558323e+00,9.091851447317e-02
-2.915207888870e+00,7.779225370234e+00,8.918690036924e-02
-2.915181064685e+00,3.495702797461e+00,9.092584988161e-02
-2.915179734015e+00,5.355698748717e+00,9.092367535108e-02
-2.915079978507e+00,2.336408609632e+00,9.092480090220e-02
-2.915021673322e+00,4.236362973020e+00,9.092604040839e-02
-2.914698114431e+00,1.112709189150e+00,9.092310372372e-02
-2.914634617474e+00,1.531343201421e+00,9.092326848486e-02
-2.914518134444e+00,7.508998515630e+00,8.995409205143e-02
-2.914285068829e+00,8.848629557419e+00,8.350145036740e-02
-2.914178041686e+00,3.882134193405e+00,9.092397927973e-02
-2.914069968369e+00,6.086119683194e+00,9.091839234055e-02
-2.914009564722e+00,1.949977213691e+00,9.092222983216e-02
-2.914002275932e+00,4.950694610518e+00,9.092282561789e-02
-2.913772644886e+00,1.013381831912e+01,1.829778918373e-02
-2.913755696384e+00,4.829347570243e+00,9.092274906557e-02
-2.913365509556e+00,3.141474017846e+00,9.092170576711e-02
-2.913353412463e+00,2.755042621902e+00,9.092140201947e-02
-2.913194153322e+00,8.204568393512e+00,8.759737804505e-02
-2.913174169825e+00,8.357275349792e+00,8.686170018009e-02
-2.913003916640e+00,6.368340521553e+00,9.091498801553e-02
-2.912859247453e+00,3.527905413790e+00,9.092089819880e-02
-2.912822956174e+00,2.368611225960e+00,9.091998665644e-02
-2.912656659490e+00,4.268565589349e+00,9.092099638611e-02
-2.912622220610e+00,5.278285844135e+00,9.091852126540e-02
-2.912620505321e+00,9.183018184588e+00,7.967227538802e-02
-2.912612761195e+00,5.074821986195e+00,9.091932159290e-02
-2.912505886997e+00,1.144911805478e+00,9.091842609850e-02
-2.912420791741e+00,1.563545817749e+00,9.091854474440e-02
-2.912285934539e+00,9.633518914493e+00,6.925743066928e-02
-2.912163921153e+00,8.052733985742e+00,8.823388271750e-02
-2.912138582136e+00,6.568929250235e+00,9.091233673305e-02
-2.912097559151e+00,8.510836117154e+00,8.600418874179e-02
-2.911912624141e+00,4.710849396636e+00,9.091922180563e-02
-2.911860150564e+00,9.792080703309e+00,6.199655405957e-02
-2.911834626153e+00,3.914336809734e+00,9.091897851833e-02
-2.911774140689e+00,1.982179830019e+00,9.091745828215e-02
-2.911236002749e+00,9.475193339647e+00,7.407166731654e-02
-2.911170155889e+00,6.170826998506e+00,9.091186316920e-02
-2.911163715472e+00,7.630013166404e+00,8.963344447951e-02
-2.911074791830e+00,2.787245238231e+00,9.091653656030e-02
-2.911065290623e+00,3.173676634175e+00,9.091679437782e-02
-2.910945726830e+00,7.123563167594e+00,9.083098869201e-02
-2.910940117554e+00,7.005729380097e+00,9.090801828802e-02
-2.910565933841e+00,2.400813842289e+00,9.091516555055e-02
-2.910537430220e+00,3.560108030119e+00,9.091593925747e-02
-2.910313659563e+00,1.177114421807e+00,9.091374199850e-02
-2.910291645657e+00,4.300768205678e+00,9.091594483176e-02
-2.910206966007e+00,1.595748434078e+00,9.091381440067e-02
-2.910143993489e+00,7.242187185465e+00,9.058577997135e-02
-2.910132998342e+00,6.888700549883e+00,9.090675260657e-02
-2.910090000661e+00,7.901790822561e+00,8.879103001029e-02
-2.910068428305e+00,5.647927285447e+00,9.091157178116e-02
-2.910049071970e+00,5.728990535649e+00,9.091118273674e-02
-2.909958025811e+00,8.665231917523e+00,8.499150411517e-02
-2.909956377359e+00,9.950868053056e+00,4.980351245886e-02
-2.909900366923e+00,9.004736543612e+00,8.195588134878e-02
-2.909548404046e+00,5.201660677325e+00,9.091223120159e-02
-2.909545006925e+00,5.567600110962e+00,9.091074882503e-02
-2.909538716655e+00,2.014382446348e+00,9.091267999534e-02
-2.909491210621e+00,3.946539426062e+00,9.091397035545e-02
-2.909481712840e+00,5.810779197474e+00,9.090969003764e-02
-2.908796171197e+00,2.819447854559e+00,9.091166409715e-02
-2.908765071690e+00,3.205879250503e+00,9.091187585136e-02
-2.908712697441e+00,9.317114614876e+00,7.749508912122e-02
-2.908591529585e+00,4.877878578976e+00,9.091143437082e-02
-2.908530292917e+00,6.772491366555e+00,9.090382719026e-02
-2.908529176193e+00,7.361586669993e+00,9.032070954594e-02
-2.908484098869e+00,5.488019643271e+00,9.090879735276e-02
-2.908361192003e+00,5.893282574195e+00,9.090688773897e-02
-2.908308911507e+00,2.433016458617e+00,9.091033756905e-02
-2.908277356906e+00,6.455147231760e+00,9.090452936879e-02
-2.908215612987e+00,3.592310646447e+00,9.091097304077e-02
-2.908121432130e+00,1.209317038136e+00,9.090905140952e-02
-2.908104843055e+00,5.000482058897e+00,9.090988947174e-02
-2.907993140274e+00,1.627951050406e+00,9.090907743906e-02
-2.907926631825e+00,4.332970822006e+00,9.091088572754e-02
-2.907696635065e+00,6.256204736583e+00,9.090406137788e-02
-2.907463153318e+00,4.758092036233e+00,9.090953781388e-02
-2.907303292622e+00,2.046585062676e+00,9.090789495667e-02
-2.907147795088e+00,3.978742042391e+00,9.090895477376e-02
-2.906979034789e+00,7.751757558031e+00,8.928264799815e-02
-2.906891060952e+00,5.409196480049e+00,9.090566206342e-02
-2.906749390553e+00,8.820443932857e+00,8.377538362970e-02
-2.906682416893e+00,5.976489936833e+00,9.090300045439e-02
-2.906572410304e+00,1.010987029420e+01,2.510433988865e-02
-2.906517550564e+00,2.851650470888e+00,9.090678461405e-02
-2.906464852757e+00,3.238081866832e+00,9.090695017131e-02
-2.906138015728e+00,6.657116481922e+00,9.089905226957e-02
-2.906095625075e+00,7.481746821218e+00,9.003286331992e-02
-2.906051889174e+00,2.465219074946e+00,9.090550269641e-02
-2.905963896898e+00,5.125833711509e+00,9.090478275360e-02
-2.905929204696e+00,1.241519654464e+00,9.090435431732e-02
-2.905893795754e+00,3.624513262776e+00,9.090599953180e-02
-2.905779314540e+00,1.660153666735e+00,9.090433384490e-02
-2.905561617992e+00,4.365173438335e+00,9.090581905558e-02
-2.905338554840e+00,8.329389979613e+00,8.701978031738e-02
-2.905259501763e+00,8.176785572410e+00,8.773416935230e-02
-2.905067868588e+00,2.078787679004e+00,9.090310315102e-02
-2.904804379555e+00,4.010944658720e+00,9.090393175584e-02
-2.904771315579e+00,5.331141185179e+00,9.090144509819e-02
-2.904759761622e+00,4.641190701276e+00,9.090414192503e-02
-2.904733956915e+00,9.609679912155e+00,7.019100483250e-02
-2.904718429511e+00,9.159293358944e+00,8.005237570717e-02
-2.904440361498e+00,6.060390524543e+00,9.089778803883e-02
-2.904425241593e+00,9.768204786240e+00,6.345224256374e-02
-2.904361455733e+00,8.482849428577e+00,8.618877819844e-02
-2.904238929931e+00,2.883853087217e+00,9.090189809499e-02
-2.904164633824e+00,3.270284483160e+00,9.090201732119e-02
-2.904130713742e+00,8.025054942168e+00,8.835336061262e-02
-2.903794866841e+00,2.497421691274e+00,9.090066091705e-02
-2.903736977262e+00,1.273722270792e+00,9.089965070763e-02
-2.903644586129e+00,6.342242040653e+00,9.089492510849e-02
-2.903571978521e+00,3.656715879105e+00,9.090101871360e-02
-2.903567139239e+00,9.451391824727e+00,7.472041755087e-02
-2.903565488806e+00,1.692356283063e+00,9.089958360349e-02
-2.903196604160e+00,4.397376054664e+00,9.090074479796e-02
-2.903102802007e+00,4.926970365709e+00,9.089943831111e-02
-2.902962271813e+00,6.542590509437e+00,9.089269250360e-02
-2.902837781980e+00,7.602652803457e+00,8.971913297005e-02
-2.902832444555e+00,2.110990295333e+00,9.089830456326e-02
-2.902697786039e+00,4.805910253459e+00,9.089901745633e-02
-2.902638717003e+00,9.926955794834e+00,5.237947432371e-02
-2.902465590712e+00,8.976453305780e+00,8.229283197734e-02
-2.902460964023e+00,4.043147275048e+00,9.089890128424e-02
-2.902321903212e+00,8.637145143428e+00,8.521062598820e-02
-2.902236567750e+00,7.096644770729e+00,9.088889426426e-02
-2.902136453390e+00,6.978924505021e+00,9.088911600238e-02
-2.902130350543e+00,5.253864288377e+00,9.089600162768e-02
-2.901960309297e+00,2.916055703545e+00,9.089700452390e-02
-2.901958723840e+00,7.874216782713e+00,8.889649302292e-02
-2.901874376514e+00,5.050815374636e+00,9.089632385166e-02
-2.901864414891e+00,3.302487099489e+00,9.089707728448e-02
-2.901630066556e+00,6.144973544990e+00,9.089136276649e-02
-2.901544749828e+00,1.305924887121e+00,9.089494056614e-02
-2.901537844508e+00,2.529624307603e+00,9.089581221536e-02
-2.901529865666e+00,7.215156476494e+00,9.065172305878e-02
-2.901351663073e+00,1.724558899391e+00,9.089482670008e-02
-2.901250161288e+00,3.688918495433e+00,9.089603056915e-02
-2.901235360898e+00,6.862010403812e+00,9.088768074605e-02
-2.900927133605e+00,9.293351159160e+00,7.797162293289e-02
-2.900831590327e+00,4.429578670992e+00,9.089566293669e-02
-2.900698972599e+00,4.687703544228e+00,9.089518663516e-02
-2.900597020521e+00,2.143192911661e+00,9.089349917818e-02
-2.900117548490e+00,4.075349891377e+00,9.089386334145e-02
-2.900067269487e+00,5.703770367675e+00,9.088974243274e-02
-2.900010600159e+00,7.334444861036e+00,9.039183817107e-02
-2.900000073009e+00,5.622837304131e+00,9.089000973758e-02
-2.899681688664e+00,2.948258319874e+00,9.089210388468e-02
-2.899587067085e+00,5.785430015650e+00,9.088843305237e-02
-2.899564195958e+00,3.334689715818e+00,9.089213004462e-02
-2.899539219617e+00,6.745917154214e+00,9.088445516419e-02
-2.899390708189e+00,5.542641486283e+00,9.088892208068e-02
-2.899372175721e+00,1.008592226927e+01,3.084027405446e-02
-2.899352522395e+00,1.338127503449e+00,9.089022387850e-02
-2.899280822174e+00,2.561826923931e+00,9.089095657568e-02
-2.899213712277e+00,8.792258308294e+00,8.403891296204e-02
-2.899137837339e+00,1.756761515720e+00,9.089006311989e-02
-2.899009256596e+00,6.428928023661e+00,9.088456448921e-02
-2.898973718812e+00,5.177376284814e+00,9.088955776821e-02
-2.898928344056e+00,3.721121111762e+00,9.089103508142e-02
-2.898750180709e+00,7.724289745828e+00,8.937624147466e-02
-2.898554301417e+00,5.867805554128e+00,9.088582277396e-02
-2.898466576495e+00,4.461781287321e+00,9.089057345374e-02
-2.898361596488e+00,2.175395527990e+00,9.088868698055e-02
-2.898246639697e+00,6.230228174759e+00,9.088376632331e-02
-2.898244471511e+00,5.463193542356e+00,9.088684966233e-02
-2.897774132957e+00,4.107552507706e+00,9.088881790992e-02
-2.897673115706e+00,7.454495126806e+00,9.011003425886e-02
-2.897612503192e+00,4.854297229570e+00,9.088789820182e-02
-2.897502939855e+00,8.301504609435e+00,8.717326353223e-02
-2.897403068031e+00,2.980460936203e+00,9.088719616117e-02
-2.897324850204e+00,8.149002751308e+00,8.786700512757e-02
-2.897285584807e+00,4.976616059012e+00,9.088665657567e-02
-2.897263977025e+00,3.366892332146e+00,9.088717558497e-02
-2.897181979292e+00,9.585840909816e+00,7.106548607897e-02
-2.897160294961e+00,1.370330119778e+00,9.088550063030e-02
-2.897100680520e+00,9.133241140231e+00,8.044713661125e-02
-2.897054049602e+00,6.630659405520e+00,9.087949987256e-02
-2.897023799841e+00,2.594029540260e+00,9.088609398229e-02
-2.896990332621e+00,9.744328869172e+00,6.479444710177e-02
-2.896963874434e+00,5.950886256908e+00,9.088204383117e-02
-2.896924011605e+00,1.788964132048e+00,9.088529284810e-02
-2.896625352315e+00,8.454862740001e+00,8.636758510470e-02
-2.896606526823e+00,3.753323728090e+00,9.088603223329e-02
-2.896566725220e+00,5.384504067148e+00,9.088343885691e-02
-2.896327032831e+00,4.734799886166e+00,9.088556138634e-02
-2.896126172455e+00,2.207598144318e+00,9.088386795509e-02
-2.896101562662e+00,4.493983903650e+00,9.088547633103e-02
-2.896097506330e+00,7.997375898594e+00,8.846982132586e-02
-2.895898275728e+00,9.427590309808e+00,7.533458402525e-02
-2.895430717424e+00,4.139755124035e+00,9.088376497203e-02
-2.895321056646e+00,9.903043536612e+00,5.469381406777e-02
-2.895307038339e+00,5.101687634731e+00,9.088185316365e-02
-2.895124447398e+00,3.012663552531e+00,9.088228133717e-02
-2.895030814502e+00,8.948170067948e+00,8.261567647723e-02
-2.894968067527e+00,1.402532736107e+00,9.088077080711e-02
-2.894963758092e+00,3.399094948475e+00,9.088221388888e-02
-2.894810754627e+00,6.034661365893e+00,9.087708658993e-02
-2.894766777508e+00,2.626232156588e+00,9.088122441944e-02
-2.894710185872e+00,1.821166748377e+00,9.088051586983e-02
-2.894685780613e+00,8.609058369333e+00,8.542172347230e-02
-2.894511848488e+00,7.575292440510e+00,8.980300094856e-02
-2.894362897143e+00,5.306583621641e+00,9.087903017632e-02
-2.894285255618e+00,6.316143559753e+00,9.087476819112e-02
-2.894284709590e+00,3.785526344419e+00,9.088102200761e-02
-2.893890748421e+00,2.239800760647e+00,9.087904208647e-02
-2.893827447018e+00,7.846642742866e+00,8.899945366314e-02
-2.893785961490e+00,6.516251768640e+00,9.087294544928e-02
-2.893736548830e+00,4.526186519978e+00,9.088037155041e-02
-2.893579078819e+00,8.281250265000e-01,9.087746257371e-02
-2.893579078819e+00,4.687500150008e-02,9.095880943190e-02
-2.893579078819e+00,1.406250045003e-01,9.092987136030e-02
-2.893579078819e+00,1.718750055004e-01,9.092158407091e-02
-2.893579078819e+00,2.343750075005e-01,9.090709631368e-02
-2.893579078819e+00,2.656250085005e-01,9.090090992719e-02
-2.893579078819e+00,3.593750115003e-01,9.088665146341e-02
-2.893579078819e+00,6.093750195001e-01,9.087746257371e-02
-2.893579078819e+00,6.406250205001e-01,9.087746257371e-02
-2.893579078819e+00,6.718750215001e-01,9.087746257371e-02
-2.893579078819e+00,7.031250225001e-01,9.087746257371e-02
-2.893579078819e+00,7.968750255000e-01,9.087746257371e-02
-2.893579078819e+00,8.593750275000e-01,9.087746257371e-02
-2.893579078819e+00,8.906250285001e-01,9.087746257371e-02
-2.893579078819e+00,1.562500050003e-02,9.096978373121e-02
-2.893579078819e+00,7.812500250012e-02,9.094849289938e-02
-2.893579078819e+00,1.093750035002e-01,9.093884382719e-02
-2.893579078819e+00,2.031250065004e-01,9.091398993560e-02
-2.893579078819e+00,2.968750095005e-01,9.089543684230e-02
-2.893579078819e+00,3.281250105004e-01,9.089068245248e-02
-2.893579078819e+00,4.218750135002e-01,9.088077499354e-02
-2.893579078819e+00,4.531250145001e-01,9.087893537536e-02
-2.893579078819e+00,4.843750155000e-01,9.087783086645e-02
-2.893579078819e+00,5.156250165000e-01,9.087746257371e-02
-2.893579078819e+00,5.468750175000e-01,9.087746257371e-02
-2.893579078819e+00,5.781250185000e-01,9.087746257371e-02
-2.893579078819e+00,7.343750235001e-01,9.087746257371e-02
-2.893579078819e+00,7.656250245001e-01,9.087746257371e-02
-2.893579078819e+00,9.218750295001e-01,9.087746257371e-02
-2.893579078819e+00,9.531250305000e-01,9.087746257371e-02
-2.893579078819e+00,9.843750315000e-01,9.087746257371e-02
-2.893579078819e+00,3.906250125003e-01,9.088334787970e-02
-2.893527408669e+00,7.069726373865e+00,9.087007297375e-02
-2.893469263373e+00,4.618192274292e+00,9.087979353176e-02
-2.893332789225e+00,6.952119629945e+00,9.087012744976e-02
-2.893141569768e+00,9.269587703444e+00,7.842620540769e-02
-2.893087301892e+00,4.171957740363e+00,9.087870451011e-02
-2.892915737843e+00,7.188125767523e+00,9.071645483487e-02
-2.892845826765e+00,3.044866168860e+00,9.087735939644e-02
-2.892775840093e+00,1.434735352435e+00,9.087603439445e-02
-2.892663539159e+00,3.431297564804e+00,9.087724493961e-02
-2.892509755174e+00,2.658434772916e+00,9.087634787134e-02
-2.892496360138e+00,1.853369364705e+00,9.087573217016e-02
-2.892493764252e+00,1.016101340164e+00,9.087511635752e-02
-2.892337723454e+00,6.835320257741e+00,9.086850984594e-02
-2.892203328081e+00,4.903246120901e+00,9.087589992751e-02
-2.892171941139e+00,1.006197424435e+01,3.573964329956e-02
-2.892089977223e+00,6.119120091474e+00,9.087076518773e-02
-2.891962892357e+00,3.817728960748e+00,9.087600438716e-02
-2.891678034000e+00,8.764072683732e+00,8.429261261103e-02
-2.891655324388e+00,2.272003376975e+00,9.087420935933e-02
-2.891639875694e+00,4.782472936676e+00,9.087517220546e-02
-2.891638480476e+00,5.229442732619e+00,9.087337344609e-02
-2.891492024125e+00,7.307303052078e+00,9.046160395184e-02
-2.891371534997e+00,4.558389136307e+00,9.087525909368e-02
-2.891135991833e+00,5.026808763078e+00,9.087309313122e-02
-2.890743886359e+00,4.204160356692e+00,9.087363650644e-02
-2.890583612659e+00,1.466937968764e+00,9.087129137782e-02
-2.890567206132e+00,3.077068785189e+00,9.087243032266e-02
-2.890548146317e+00,6.719342941873e+00,9.086499321237e-02
-2.890521326628e+00,7.696821933625e+00,8.946775306103e-02
-2.890363320226e+00,3.463500181132e+00,9.087226872041e-02
-2.890323135118e+00,1.048303956493e+00,9.087041906592e-02
-2.890282534405e+00,1.885571981034e+00,9.087094173414e-02
-2.890252732841e+00,2.690637389245e+00,9.087146432212e-02
-2.890085467004e+00,5.678550199701e+00,9.086819952645e-02
-2.889931717713e+00,5.597747322814e+00,9.086819250304e-02
-2.889767258348e+00,9.104861528447e+00,8.085201224551e-02
-2.889741156287e+00,6.402708815563e+00,9.086450574167e-02
-2.889692421329e+00,5.760080833825e+00,9.086700192982e-02
-2.889667324871e+00,8.273619239256e+00,8.732234565840e-02
-2.889641075124e+00,3.849931577077e+00,9.087097935469e-02
-2.889630001668e+00,9.562001907478e+00,7.188629367176e-02
-2.889555423650e+00,9.720452952103e+00,6.603590953968e-02
-2.889485321057e+00,4.664557691820e+00,9.087103792754e-02
-2.889419900354e+00,2.304205993303e+00,9.086936975824e-02
-2.889390198645e+00,8.121219930206e+00,8.799630635289e-02
-2.889250606337e+00,7.427243432395e+00,9.018565413942e-02
-2.889236409453e+00,5.517682861603e+00,9.086699042111e-02
-2.889006521165e+00,4.590591752636e+00,9.087013894259e-02
-2.888889248897e+00,8.426876051425e+00,8.654087368495e-02
-2.888796644329e+00,6.204251612936e+00,9.086327256683e-02
-2.888747410830e+00,5.842328534061e+00,9.086465767678e-02
-2.888400470826e+00,4.236362973020e+00,9.086856094324e-02
-2.888399033578e+00,5.153091892303e+00,9.086663336192e-02
-2.888391385226e+00,1.499140585092e+00,9.086654174264e-02
-2.888288585499e+00,3.109271401517e+00,9.086749409951e-02
-2.888229412217e+00,9.403788794888e+00,7.591684767126e-02
-2.888152505984e+00,1.080506572821e+00,9.086571528356e-02
-2.888068708671e+00,1.917774597362e+00,9.086614454678e-02
-2.888064298919e+00,7.969696855020e+00,8.858337732993e-02
-2.888063101293e+00,3.495702797461e+00,9.086728521444e-02
-2.888004844151e+00,5.438367441441e+00,9.086463531062e-02
-2.888003396289e+00,9.879131278390e+00,5.678440790254e-02
-2.887995710508e+00,2.722840005574e+00,9.086657375591e-02
-2.887970083477e+00,6.604202329119e+00,9.085985684853e-02
-2.887596038291e+00,8.919886830116e+00,8.292527014307e-02
-2.887319257891e+00,3.882134193405e+00,9.086594689288e-02
-2.887245331975e+00,5.925282576982e+00,9.086098691590e-02
-2.887184476321e+00,2.336408609632e+00,9.086452326776e-02
-2.887049658014e+00,8.580971595238e+00,8.562561983893e-02
-2.886633476798e+00,4.830715880163e+00,9.086410553004e-02
-2.886466326559e+00,4.952750059128e+00,9.086330305988e-02
-2.886242389488e+00,5.359811654249e+00,9.086110863492e-02
-2.886199157792e+00,1.531343201421e+00,9.086178547432e-02
-2.886185914996e+00,7.547932077563e+00,8.988510658859e-02
-2.886057055294e+00,4.268565589349e+00,9.086347780270e-02
-2.886009964865e+00,3.141474017846e+00,9.086255071057e-02
-2.885981876850e+00,1.112709189150e+00,9.086100499626e-02
-2.885854882938e+00,1.949977213691e+00,9.086134059303e-02
-2.885762882360e+00,3.527905413790e+00,9.086229440485e-02
-2.885738688174e+00,2.755042621902e+00,9.086167615676e-02
-2.885696170197e+00,7.819068703018e+00,8.910000017124e-02
-2.885356005931e+00,9.245824247728e+00,7.886031057142e-02
-2.885190912344e+00,4.711507736100e+00,9.086140305628e-02
-2.885181147756e+00,6.008932207243e+00,9.085619851947e-02
-2.884997440659e+00,3.914336809734e+00,9.086090698437e-02
-2.884971706557e+00,1.003802621943e+01,3.997291120182e-02
-2.884949052287e+00,2.368611225960e+00,9.085966987238e-02
-2.884925925107e+00,6.290045078853e+00,9.085451683883e-02
-2.884818249589e+00,7.042807977001e+00,9.085116575967e-02
-2.884650179779e+00,5.077541557954e+00,9.085881351797e-02
-2.884609651167e+00,6.489913027842e+00,9.085298394870e-02
-2.884529125061e+00,6.925314754869e+00,9.085105220034e-02
-2.884301610021e+00,7.161095058552e+00,9.078000960512e-02
-2.884142355724e+00,8.735887059170e+00,8.453701576143e-02
-2.884006930358e+00,1.563545817749e+00,9.085702255821e-02
-2.883954478707e+00,5.282026058102e+00,9.085640899981e-02
-2.883811247717e+00,1.144911805478e+00,9.085628818981e-02
-2.883731344232e+00,3.173676634175e+00,9.085760013941e-02
-2.883713639761e+00,4.300768205678e+00,9.085838706693e-02
-2.883641057204e+00,1.982179830019e+00,9.085652985781e-02
-2.883481665841e+00,2.787245238231e+00,9.085677150868e-02
-2.883462663427e+00,3.560108030119e+00,9.085729627472e-02
-2.883440086011e+00,6.808630111670e+00,9.084913670237e-02
-2.882973448091e+00,7.280161243120e+00,9.053004678278e-02
-2.882713628254e+00,2.400813842289e+00,9.085480955654e-02
-2.882675623426e+00,3.946539426062e+00,9.085585961174e-02
-2.882549887890e+00,6.093266637958e+00,9.085007000721e-02
-2.882433836176e+00,9.076481916664e+00,8.123803727693e-02
-2.882292472548e+00,7.669354121422e+00,8.955725192443e-02
-2.882120514678e+00,9.696577035034e+00,6.718753333364e-02
-2.882078024045e+00,9.538162905140e+00,7.265820411104e-02
-2.881831709886e+00,8.245733869078e+00,8.746721174924e-02
-2.881814702924e+00,1.595748434078e+00,9.085225297964e-02
-2.881640618583e+00,1.177114421807e+00,9.085156484995e-02
-2.881557073016e+00,6.692768729533e+00,9.084544088985e-02
-2.881455547086e+00,8.093437109104e+00,8.812221118751e-02
-2.881452723599e+00,3.205879250503e+00,9.085264236954e-02
-2.881427231470e+00,2.014382446348e+00,9.085171232599e-02
-2.881370224229e+00,4.332970822006e+00,9.085328871798e-02
-2.881303854155e+00,4.879521876093e+00,9.085224811854e-02
-2.881224643508e+00,2.819447854559e+00,9.085185979565e-02
-2.881162444494e+00,3.592310646447e+00,9.085229080707e-02
-2.881153145479e+00,8.398889362849e+00,8.670889256301e-02
-2.881146610409e+00,5.205021176862e+00,9.085063642996e-02
-2.880828096968e+00,7.399991737983e+00,9.025961332190e-02
-2.880685735933e+00,9.855219020168e+00,5.868215770071e-02
-2.880581965348e+00,4.759035619892e+00,9.085121320112e-02
-2.880560548706e+00,9.379987279968e+00,7.646961948561e-02
-2.880478204220e+00,2.433016458617e+00,9.084994230467e-02
-2.880473055978e+00,6.376489607464e+00,9.084435268466e-02
-2.880458210247e+00,1.019712709222e+01,6.608629168666e-06
-2.880397607152e+00,5.002802151519e+00,9.084974975284e-02
-2.880353806193e+00,3.978742042391e+00,9.085080475753e-02
-2.880161262081e+00,8.891603592285e+00,8.322240125381e-02
-2.880103664521e+00,5.653330031727e+00,9.084655364014e-02
-2.880031091508e+00,7.942017811446e+00,8.869413570979e-02
-2.879863362418e+00,5.572657341497e+00,9.084626949381e-02
-2.879797775573e+00,5.734731652000e+00,9.084546749798e-02
-2.879622475491e+00,1.627951050406e+00,9.084747672388e-02
-2.879469989449e+00,1.209317038136e+00,9.084683496238e-02
-2.879413535416e+00,8.552884821143e+00,8.582281614706e-02
-2.879346648961e+00,6.178275051113e+00,9.084268124571e-02
-2.879213405737e+00,2.046585062676e+00,9.084688798240e-02
-2.879174102966e+00,3.238081866832e+00,9.084767738443e-02
-2.879082110716e+00,5.492724236924e+00,9.084495349058e-02
-2.879026808696e+00,4.365173438335e+00,9.084818273788e-02
-2.878967621175e+00,2.851650470888e+00,9.084694100159e-02
-2.878940520244e+00,5.816851513993e+00,9.084331843324e-02
-2.878886117351e+00,6.577745252717e+00,9.084012276568e-02
-2.878862225561e+00,3.624513262776e+00,9.084727798488e-02
-2.878271669514e+00,4.641411839412e+00,9.084657771312e-02
-2.878242780187e+00,2.465219074946e+00,9.084506810111e-02
-2.878031988960e+00,4.010944658720e+00,9.084574240420e-02
-2.877859981504e+00,7.520571714617e+00,8.996550569458e-02
-2.877824348344e+00,5.128807499791e+00,9.084359742886e-02
-2.877771471975e+00,1.001407819451e+01,4.366717467017e-02
-2.877765216793e+00,5.413541340527e+00,9.084231290101e-02
-2.877570442095e+00,9.222060792012e+00,7.927528352030e-02
-2.877564893376e+00,7.791494663171e+00,8.919818695637e-02
-2.877526789516e+00,5.899678897056e+00,9.083982928846e-02
-2.877430248057e+00,1.660153666735e+00,9.084269377616e-02
-2.877299360315e+00,1.241519654464e+00,9.084209851277e-02
-2.876999580003e+00,2.078787679004e+00,9.084205681182e-02
-2.876895482333e+00,3.270284483160e+00,9.084270516747e-02
-2.876710598841e+00,2.883853087217e+00,9.084201511036e-02
-2.876683393163e+00,4.397376054664e+00,9.084306910858e-02
-2.876606677448e+00,8.707701434608e+00,8.477261811761e-02
-2.876562006628e+00,3.656715879105e+00,9.084225779110e-02
-2.876109090508e+00,7.015889580136e+00,9.083217218486e-02
-2.876007356154e+00,2.497421691274e+00,9.084018693020e-02
-2.875918053757e+00,5.335119241349e+00,9.083867107425e-02
-2.875725460897e+00,6.898509879792e+00,9.083188982515e-02
-2.875710171727e+00,4.043147275048e+00,9.084067253420e-02
-2.875687482198e+00,7.134064349581e+00,9.083075698021e-02
-2.875654450404e+00,4.807134530756e+00,9.084014155670e-02
-2.875647068311e+00,4.928884059243e+00,9.083965163854e-02
-2.875566594596e+00,6.263946597953e+00,9.083408692704e-02
-2.875551540886e+00,5.983203048592e+00,9.083514962140e-02
-2.875433340843e+00,6.463574287044e+00,9.083292832970e-02
-2.875238020623e+00,1.692356283063e+00,9.083790412167e-02
-2.875128731181e+00,1.273722270792e+00,9.083735548673e-02
-2.875100414005e+00,9.048102304881e+00,8.160683448816e-02
-2.874785754269e+00,2.110990295333e+00,9.083721879900e-02
-2.874685605707e+00,9.672701117965e+00,6.825870355313e-02
-2.874616861700e+00,3.302487099489e+00,9.083772570204e-02
-2.874542448567e+00,6.781939965598e+00,9.082967349006e-02
-2.874526046421e+00,9.514323902802e+00,7.338544368943e-02
-2.874454872056e+00,7.253019434163e+00,9.059720508042e-02
-2.874453576508e+00,2.916055703545e+00,9.083708210580e-02
-2.874339977631e+00,4.429578670992e+00,9.083794781197e-02
-2.874261787695e+00,3.688918495433e+00,9.083723020858e-02
-2.874063618467e+00,7.641886309219e+00,8.964480429893e-02
-2.874054791857e+00,4.688215586033e+00,9.083712868445e-02
-2.873996094901e+00,8.217848498899e+00,8.760803680448e-02
-2.873993321219e+00,5.053395481177e+00,9.083553352528e-02
-2.873771932120e+00,2.529624307603e+00,9.083529877619e-02
-2.873546060271e+00,5.257468494564e+00,9.083367772719e-02
-2.873520895527e+00,8.065654288002e+00,8.824485084588e-02
-2.873417042061e+00,8.370902674273e+00,8.687187588732e-02
-2.873388354495e+00,4.075349891377e+00,9.083559512988e-02
-2.873375575792e+00,1.017314387591e+01,1.009033378984e-02
-2.873368075576e+00,9.831306761947e+00,6.041252563733e-02
-2.873045793189e+00,1.724558899391e+00,9.083310774557e-02
-2.873009798557e+00,6.067413184442e+00,9.082927680325e-02
-2.872958102047e+00,1.305924887121e+00,9.083260586985e-02
-2.872891685196e+00,9.356185765048e+00,7.699507367276e-02
-2.872726485870e+00,8.863320354453e+00,8.350779745019e-02
-2.872571928536e+00,2.143192911661e+00,9.083237392863e-02
-2.872565999716e+00,6.666194517192e+00,9.082579775298e-02
-2.872405587600e+00,7.372740043571e+00,9.033211780053e-02
-2.872338241067e+00,3.334689715818e+00,9.083273897144e-02
-2.872196554175e+00,2.948258319874e+00,9.083214197168e-02
-2.871997884097e+00,7.914338767872e+00,8.880219847860e-02
-2.871996562098e+00,4.461781287321e+00,9.083281882991e-02
-2.871961568762e+00,3.721121111762e+00,9.083219522016e-02
-2.871777412817e+00,8.524798047048e+00,8.601363274535e-02
-2.871536508087e+00,2.561826923931e+00,9.083040362332e-02
-2.871204955669e+00,6.350270399365e+00,9.082410487920e-02
-2.871066537262e+00,4.107552507706e+00,9.083051017358e-02
-2.870853565756e+00,1.756761515720e+00,9.082830463297e-02
-2.870787472913e+00,1.338127503449e+00,9.082784964767e-02
-2.870654740342e+00,5.180599621104e+00,9.082767031431e-02
-2.870571237392e+00,9.990130169583e+00,4.691913013574e-02
-2.870404380230e+00,4.855797631285e+00,9.082848271388e-02
-2.870358102802e+00,2.175395527990e+00,9.082752218538e-02
-2.870121862038e+00,5.628109863752e+00,9.082466407749e-02
-2.870059620433e+00,3.366892332146e+00,9.082774495895e-02
-2.869939531841e+00,2.980460936203e+00,9.082719469174e-02
-2.869903129817e+00,5.709382470175e+00,9.082382935089e-02
-2.869896653593e+00,6.152298489289e+00,9.082199191658e-02
-2.869802151226e+00,6.551288176316e+00,9.082020870211e-02
-2.869795007122e+00,5.547567360180e+00,9.082424032088e-02
-2.869784878258e+00,9.198297336296e+00,7.967235421795e-02
-2.869661349829e+00,3.753323728090e+00,9.082715280862e-02
-2.869659222471e+00,4.978795539960e+00,9.082629348193e-02
-2.869653146565e+00,4.493983903650e+00,9.082768214418e-02
-2.869534048012e+00,7.493211351670e+00,9.004425181986e-02
-2.869524055003e+00,4.735598303109e+00,9.082697878367e-02
-2.869433616555e+00,7.763920623323e+00,8.929392603015e-02
-2.869301084053e+00,2.594029540260e+00,9.082550145576e-02
-2.869133629657e+00,5.791374493926e+00,9.082179295554e-02
-2.869070999171e+00,8.679515810045e+00,8.499988111969e-02
-2.868927811980e+00,5.467765612244e+00,9.082269057462e-02
-2.868744720029e+00,4.139755124035e+00,9.082541764756e-02
-2.868661338322e+00,1.788964132048e+00,9.082349476891e-02
-2.868616843779e+00,1.370330119778e+00,9.082308680569e-02
-2.868144277069e+00,2.207598144318e+00,9.082266355384e-02
-2.867808247057e+00,5.874075217130e+00,9.081857053393e-02
-2.867780999800e+00,3.399094948475e+00,9.082274364777e-02
-2.867766991833e+00,9.019722693098e+00,8.195951477814e-02
-2.867682509508e+00,3.012663552531e+00,9.082224024967e-02
-2.867525589434e+00,5.388715239612e+00,9.081988207116e-02
-2.867399931428e+00,6.988971183272e+00,9.081309181273e-02
-2.867361130896e+00,3.785526344419e+00,9.082210295669e-02
-2.867309731032e+00,4.526186519978e+00,9.082253773651e-02
-2.867250696735e+00,9.648825200896e+00,6.925754230309e-02
-2.867249663111e+00,5.104523107280e+00,9.082044968393e-02
-2.867073354375e+00,7.107033640610e+00,9.081184294314e-02
-2.867065660020e+00,2.626232156588e+00,9.082059225765e-02
-2.867058017972e+00,4.618265987004e+00,9.082198403032e-02
-2.866974068798e+00,9.490484900464e+00,7.407176550195e-02
-2.866921796733e+00,6.871705004716e+00,9.081251772027e-02
-2.866469110888e+00,1.821166748377e+00,9.081867813844e-02
-2.866446214645e+00,1.402532736107e+00,9.081831732936e-02
-2.866422902796e+00,4.171957740363e+00,9.082031753402e-02
-2.866292941336e+00,1.014916065960e+01,1.829787366958e-02
-2.866257030520e+00,6.437235546246e+00,9.081277813793e-02
-2.866207264085e+00,6.237848117053e+00,9.081350121542e-02
-2.866160479917e+00,8.189963128721e+00,8.774486682056e-02
-2.866050415219e+00,9.807394503725e+00,6.199668069132e-02
-2.865936296022e+00,7.225877625205e+00,9.066311584992e-02
-2.865930451335e+00,2.239800760647e+00,9.081779801858e-02
-2.865921934015e+00,5.957473889942e+00,9.081399948983e-02
-2.865834764387e+00,7.614418497016e+00,8.973047363762e-02
-2.865680938643e+00,8.342915985697e+00,8.703004436109e-02
-2.865644811123e+00,6.755249819527e+00,9.081011975517e-02
-2.865593718025e+00,5.310426828449e+00,9.081595100066e-02
-2.865586243968e+00,8.037871466899e+00,8.836435002435e-02
-2.865502379167e+00,3.431297564804e+00,9.081773502108e-02
-2.865425487175e+00,3.044866168860e+00,9.081727862908e-02
-2.865291709659e+00,8.835037116621e+00,8.378213140571e-02
-2.865222821685e+00,9.332384250129e+00,7.749517602133e-02
-2.865060911963e+00,3.817728960748e+00,9.081704564702e-02
-2.864966315500e+00,4.558389136307e+00,9.081738558859e-02
-2.864830235986e+00,2.658434772916e+00,9.081567601308e-02
-2.864827810063e+00,4.905018059358e+00,9.081588472611e-02
-2.864787247189e+00,2.343750075005e-01,9.084483800119e-02
-2.864787247189e+00,2.656250085005e-01,9.083847413289e-02
-2.864787247189e+00,6.718750215001e-01,9.081435074359e-02
-2.864787247189e+00,8.281250265000e-01,9.081435074359e-02
-2.864787247189e+00,1.406250045003e-01,9.086826327046e-02
-2.864787247189e+00,2.968750095005e-01,9.083284372259e-02
-2.864787247189e+00,3.281250105004e-01,9.082795243187e-02
-2.864787247189e+00,3.593750115003e-01,9.082380520096e-02
-2.864787247189e+00,3.906250125003e-01,9.082040623455e-02
-2.864787247189e+00,4.218750135002e-01,9.081775898966e-02
-2.864787247189e+00,4.531250145001e-01,9.081586616559e-02
-2.864787247189e+00,4.843750155000e-01,9.081472969606e-02
-2.864787247189e+00,5.156250165000e-01,9.081435074359e-02
-2.864787247189e+00,5.468750175000e-01,9.081435074359e-02
-2.864787247189e+00,6.093750195000e-01,9.081435074359e-02
-2.864787247189e+00,6.406250205000e-01,9.081435074359e-02
-2.864787247189e+00,7.031250225001e-01,9.081435074359e-02
-2.864787247189e+00,7.968750255000e-01,9.081435074359e-02
-2.864787247189e+00,8.593750275000e-01,9.081435074359e-02
-2.864787247189e+00,8.906250285001e-01,9.081435074359e-02
-2.864787247189e+00,1.562500050003e-02,9.090930314491e-02
-2.864787247189e+00,4.687500150008e-02,9.089802034412e-02
-2.864787247189e+00,7.812500250012e-02,9.088741275291e-02
-2.864787247189e+00,1.093750035002e-01,9.087749053224e-02
-2.864787247189e+00,1.718750055004e-01,9.085973995758e-02
-2.864787247189e+00,2.031250065004e-01,9.085192896073e-02
-2.864787247189e+00,5.781250185000e-01,9.081435074359e-02
-2.864787247189e+00,7.343750235001e-01,9.081435074359e-02
-2.864787247189e+00,7.656250245001e-01,9.081435074359e-02
-2.864787247189e+00,9.218750295001e-01,9.081435074359e-02
-2.864787247189e+00,9.531250305000e-01,9.081435074359e-02
-2.864787247189e+00,9.843750315000e-01,9.081435074359e-02
-2.864675424011e+00,4.783553181350e+00,9.081606153097e-02
-2.864276883454e+00,1.853369364705e+00,9.081385472652e-02
-2.864275585511e+00,1.434735352435e+00,9.081354120411e-02
-2.864141290218e+00,8.496711272953e+00,8.619837020032e-02
-2.864101085563e+00,4.204160356692e+00,9.081520981514e-02
-2.863983078231e+00,7.345488349159e+00,9.040321707082e-02
-2.863964676686e+00,7.886659724298e+00,8.890766287193e-02
-2.863716625601e+00,2.272003376975e+00,9.081292556414e-02
-2.863712731772e+00,1.016101340164e+00,9.081198465587e-02
-2.863574926416e+00,6.639620304852e+00,9.080606335959e-02
-2.863469709224e+00,6.041559730927e+00,9.080827723132e-02
-2.863371002810e+00,9.966182144661e+00,4.980365012302e-02
-2.863336462660e+00,5.029249404400e+00,9.081207983275e-02
-2.863223758534e+00,3.463500181132e+00,9.081271906198e-02
-2.863168464841e+00,3.077068785189e+00,9.081230981359e-02
-2.863137641836e+00,5.232910931026e+00,9.081083603464e-02
-2.862918671370e+00,4.664923435966e+00,9.081273819599e-02
-2.862760693030e+00,3.849931577077e+00,9.081198086226e-02
-2.862622899967e+00,4.590591752636e+00,9.081222568204e-02
-2.862594811953e+00,2.690637389245e+00,9.081075270609e-02
-2.862104956377e+00,1.466937968764e+00,9.080875841531e-02
-2.862084656020e+00,1.885571981034e+00,9.080902451810e-02
-2.861999314421e+00,9.174533880579e+00,8.005245323180e-02
-2.861936855359e+00,6.324051191266e+00,9.080376188903e-02
-2.861779268330e+00,4.236362973020e+00,9.081009447301e-02
-2.861563700938e+00,1.048303956493e+00,9.080724757692e-02
-2.861535320895e+00,8.651330185483e+00,8.521923483657e-02
-2.861502799868e+00,2.304205993303e+00,9.080804617497e-02
-2.861302339733e+00,7.736346583476e+00,8.938750844295e-02
-2.861208114520e+00,7.465850988723e+00,9.012139637771e-02
-2.860945137901e+00,3.495702797461e+00,9.080769575354e-02
-2.860911442508e+00,3.109271401517e+00,9.080733378672e-02
-2.860718185101e+00,6.524831099914e+00,9.080015502383e-02
-2.860460474097e+00,3.882134193405e+00,9.080690858496e-02
-2.860446658225e+00,6.126321927466e+00,9.080120413957e-02
-2.860433569661e+00,8.991343081314e+00,8.229709668865e-02
-2.860359387919e+00,2.722840005574e+00,9.080582232068e-02
-2.860162870275e+00,5.156178065347e+00,9.080452787091e-02
-2.860140059555e+00,5.602889695778e+00,9.080264374886e-02
-2.860008484061e+00,5.684033288351e+00,9.080208708929e-02
-2.859934327243e+00,1.499140585092e+00,9.080396894830e-02
-2.859892428587e+00,1.917774597362e+00,9.080418749806e-02
-2.859815787763e+00,9.624949283826e+00,7.019111426390e-02
-2.859726651826e+00,5.522477378864e+00,9.080210460337e-02
-2.859504906304e+00,4.832073386477e+00,9.080442200845e-02
-2.859457451098e+00,4.268565589349e+00,9.080497148969e-02
-2.859422091175e+00,9.466645898125e+00,7.472051387362e-02
-2.859414670104e+00,1.080506572821e+00,9.080250394812e-02
-2.859326739071e+00,5.765897473859e+00,9.080016309849e-02
-2.859288974134e+00,2.336408609632e+00,9.080315983552e-02
-2.859210306881e+00,1.012517744329e+01,2.510444590734e-02
-2.858920837790e+00,4.954788928402e+00,9.080266466694e-02
-2.858773513244e+00,5.442806987565e+00,9.080026818121e-02
-2.858732754862e+00,9.783482245502e+00,6.345236690409e-02
-2.858690772347e+00,6.962052786408e+00,9.079392420726e-02
-2.858666517268e+00,3.527905413790e+00,9.080266507877e-02
-2.858654420175e+00,3.141474017846e+00,9.080235053196e-02
-2.858466144658e+00,4.712160986326e+00,9.080257992598e-02
-2.858459226552e+00,7.080002931639e+00,9.079284246938e-02
-2.858324864932e+00,8.162077758542e+00,8.787774571000e-02
-2.858160255164e+00,3.914336809734e+00,9.080182879763e-02
-2.858123963886e+00,2.755042621902e+00,9.080088484078e-02
-2.858118132568e+00,6.844900129640e+00,9.079305159982e-02
-2.858089704598e+00,5.848471537204e+00,9.079714318276e-02
-2.857944835225e+00,8.314929297121e+00,8.718360618650e-02
-2.857856933449e+00,8.806753878790e+00,8.404602587964e-02
-2.857763698109e+00,1.531343201421e+00,9.079917278838e-02
-2.857700201153e+00,1.949977213691e+00,9.079934365127e-02
-2.857651592409e+00,8.010088645797e+00,8.848082729716e-02
-2.857605910306e+00,7.586950684813e+00,8.981432075532e-02
-2.857553958174e+00,9.308582735209e+00,7.797170829542e-02
-2.857417719988e+00,7.198735816247e+00,9.072781474833e-02
-2.857285962075e+00,5.363889138697e+00,9.079734246866e-02
-2.857265639270e+00,1.112709189150e+00,9.079775375517e-02
-2.857135633865e+00,4.300768205678e+00,9.079984084717e-02
-2.857080720197e+00,6.410896805449e+00,9.079253292111e-02
-2.857075148401e+00,2.368611225960e+00,9.079826653017e-02
-2.856847933574e+00,6.211749636153e+00,9.079281713456e-02
-2.856747173680e+00,6.728559673456e+00,9.079047504487e-02
-2.856674977877e+00,5.080238714769e+00,9.079718468731e-02
-2.856505167619e+00,8.468624498857e+00,8.637731078556e-02
-2.856397397842e+00,3.173676634175e+00,9.079736003277e-02
-2.856387896635e+00,3.560108030119e+00,9.079762702065e-02
-2.856292327144e+00,5.931744731292e+00,9.079274768762e-02
-2.856170768228e+00,9.942234119738e+00,5.237961135735e-02
-2.855931469275e+00,7.858980680724e+00,8.901062162190e-02
-2.855888539852e+00,2.787245238231e+00,9.079594025031e-02
-2.855860036231e+00,3.946539426062e+00,9.079674148276e-02
-2.855593068975e+00,1.563545817749e+00,9.079436992078e-02
-2.855560568862e+00,7.318236654748e+00,9.047295266155e-02
-2.855507973719e+00,1.982179830019e+00,9.079449296253e-02
-2.855269382293e+00,5.285734415549e+00,9.079311616475e-02
-2.855116608436e+00,1.144911805478e+00,9.079299698376e-02
-2.854861322667e+00,2.400813842289e+00,9.079336624326e-02
-2.854813816632e+00,4.332970822006e+00,9.079470252740e-02
-2.854583853116e+00,6.613046092512e+00,9.078619965777e-02
-2.854490721533e+00,9.148414780559e+00,8.044769683794e-02
-2.854140375508e+00,3.205879250503e+00,9.079236227253e-02
-2.854109276001e+00,3.592310646447e+00,9.079258156208e-02
-2.854008551815e+00,4.881152059474e+00,9.079200210554e-02
-2.853999642618e+00,8.623144560921e+00,8.543051960422e-02
-2.853929619891e+00,6.015706277411e+00,9.078713441231e-02
-2.853696397617e+00,4.759971831943e+00,9.079186531005e-02
-2.853653115819e+00,2.819447854559e+00,9.079098853313e-02
-2.853559817298e+00,3.978742042391e+00,9.079164662274e-02
-2.853422439841e+00,1.595748434078e+00,9.078956033074e-02
-2.853315746285e+00,2.014382446348e+00,9.078963541659e-02
-2.853171062912e+00,7.708772543628e+00,8.947900664714e-02
-2.853100147490e+00,8.962963469531e+00,8.262051569824e-02
-2.852967577602e+00,1.177114421807e+00,9.078823361953e-02
-2.852882181028e+00,7.438490625776e+00,9.019698593484e-02
-2.852729223400e+00,5.208353367487e+00,9.078786635449e-02
-2.852679604100e+00,5.005103327623e+00,9.078851134670e-02
-2.852668755050e+00,6.297831983167e+00,9.078318900657e-02
-2.852647496933e+00,2.433016458617e+00,9.078845895910e-02
-2.852491999399e+00,4.365173438335e+00,9.078955651227e-02
-2.852380878792e+00,9.601073366758e+00,7.106559335622e-02
-2.852127672425e+00,1.010119422698e+01,3.084039405075e-02
-2.851883353175e+00,3.238081866832e+00,9.078735723459e-02
-2.851870113551e+00,9.442806895787e+00,7.533467853972e-02
-2.851830655368e+00,3.624513262776e+00,9.078752868593e-02
-2.851782550884e+00,4.641631285900e+00,9.078802402534e-02
-2.851634218975e+00,6.498374023513e+00,9.078000654266e-02
-2.851417691786e+00,2.851650470888e+00,9.078602967303e-02
-2.851415094506e+00,9.759569987280e+00,6.479456911325e-02
-2.851259598365e+00,4.010944658720e+00,9.078654419994e-02
-2.851251810708e+00,1.627951050406e+00,9.078474400340e-02
-2.851123518852e+00,2.046585062676e+00,9.078477099819e-02
-2.850996662857e+00,6.100345365643e+00,9.078031747859e-02
-2.850818546768e+00,1.209317038136e+00,9.078346364806e-02
-2.850489249947e+00,8.134192388364e+00,8.800708373225e-02
-2.850433671200e+00,2.465219074946e+00,9.078354466192e-02
-2.850422157238e+00,8.778470640958e+00,8.430005822797e-02
-2.850208731807e+00,8.286942608544e+00,8.733275793121e-02
-2.850170182166e+00,4.397376054664e+00,9.078440278360e-02
-2.850158257073e+00,5.577669527804e+00,9.078051603464e-02
-2.850113838305e+00,5.658684106526e+00,9.078013158868e-02
-2.849981613267e+00,6.935134389544e+00,9.077455511586e-02
-2.849885094664e+00,9.284781220289e+00,7.842628927880e-02
-2.849845098729e+00,7.052972222668e+00,9.077375511618e-02
-2.849716940850e+00,7.982305824695e+00,8.859439548413e-02
-2.849671000209e+00,5.131756509589e+00,9.078127190163e-02
-2.849658296530e+00,5.497387397547e+00,9.077979761596e-02
-2.849626330842e+00,3.270284483160e+00,9.078234490224e-02
-2.849552034735e+00,3.656715879105e+00,9.078246837500e-02
-2.849519848484e+00,5.740420453792e+00,9.077842843576e-02
-2.849377056226e+00,7.559482872610e+00,8.989640396277e-02
-2.849314468404e+00,6.818095254564e+00,9.077349482833e-02
-2.849182267752e+00,2.883853087217e+00,9.078106365378e-02
-2.849081181574e+00,1.660153666735e+00,9.077992092391e-02
-2.848970533645e+00,9.918286094815e+00,5.469394988233e-02
-2.848959379432e+00,4.043147275048e+00,9.078143419667e-02
-2.848931291418e+00,2.078787679004e+00,9.077989969199e-02
-2.848899143954e+00,7.171594007290e+00,9.077110136276e-02
-2.848869045020e+00,8.440537724762e+00,8.655071984014e-02
-2.848669515934e+00,1.241519654464e+00,9.077868705493e-02
-2.848619214508e+00,5.417848362885e+00,9.077773599419e-02
-2.848605432378e+00,4.808349141669e+00,9.078022176874e-02
-2.848371162139e+00,5.822867857278e+00,9.077552192932e-02
-2.848219845466e+00,2.497421691274e+00,9.077862333594e-02
-2.848182453109e+00,4.930782316843e+00,9.077878305944e-02
-2.847904409874e+00,6.384558064651e+00,9.077219222929e-02
-2.847898261864e+00,7.831301637150e+00,8.911116321277e-02
-2.847849536236e+00,6.701869527385e+00,9.077073890748e-02
-2.847848364933e+00,4.429578670992e+00,9.077924132318e-02
-2.847488603063e+00,6.185651155253e+00,9.077203422776e-02
-2.847408234313e+00,4.688723669542e+00,9.077806245527e-02
-2.847369308508e+00,3.302487099489e+00,9.077732525874e-02
-2.847273414102e+00,3.688918495433e+00,9.077740061206e-02
-2.847259099593e+00,9.119940036234e+00,8.085333278476e-02
-2.847138059493e+00,7.290984960336e+00,9.054136454764e-02
-2.847046334716e+00,5.339063037783e+00,9.077459891598e-02
-2.846946843719e+00,2.916055703545e+00,9.077609045909e-02
-2.846910552440e+00,1.692356283063e+00,9.077509107734e-02
-2.846739063984e+00,2.110990295333e+00,9.077502148263e-02
-2.846662720273e+00,5.906015572641e+00,9.077139378246e-02
-2.846659160499e+00,4.075349891377e+00,9.077631659516e-02
-2.846520485100e+00,1.273722270792e+00,9.077390382565e-02
-2.846463964342e+00,8.594958936359e+00,8.563461168210e-02
-2.846100292643e+00,5.055954322258e+00,9.077362072539e-02
-2.846006019733e+00,2.529624307603e+00,9.077369496532e-02
-2.845766725318e+00,8.934583857747e+00,8.293063243173e-02
-2.845592779816e+00,6.586471880171e+00,9.076614657933e-02
-2.845526547701e+00,4.461781287321e+00,9.077407211272e-02
-2.845112286175e+00,3.334689715818e+00,9.077229828728e-02
-2.845045037970e+00,1.007721101067e+01,3.573977221440e-02
-2.845039786091e+00,7.681198503781e+00,8.956848998735e-02
-2.844994793469e+00,3.721121111762e+00,9.077232537982e-02
-2.844945969820e+00,9.577197449689e+00,7.188639884668e-02
-2.844945046562e+00,5.261042002649e+00,9.077016936039e-02
-2.844739923306e+00,1.724558899391e+00,9.077025444875e-02
-2.844711419685e+00,2.948258319874e+00,9.077111007262e-02
-2.844556247537e+00,7.411130262829e+00,9.027091132641e-02
-2.844546836550e+00,2.143192911661e+00,9.077013635470e-02
-2.844389530558e+00,5.989852823895e+00,9.076588943551e-02
-2.844371454266e+00,1.305924887121e+00,9.076911394569e-02
-2.844358941566e+00,4.107552507706e+00,9.077119137764e-02
-2.844318135928e+00,9.418967893449e+00,7.591694043093e-02
-2.844097434149e+00,9.735657729059e+00,6.603602921217e-02
-2.843792193999e+00,2.561826923931e+00,9.076875953417e-02
-2.843400654741e+00,6.271612775069e+00,9.076250939031e-02
-2.843204730468e+00,4.493983903650e+00,9.076889513390e-02
-2.843189293567e+00,4.857286059589e+00,9.076798904235e-02
-2.842987381028e+00,8.750187403127e+00,8.454476443845e-02
-2.842855263842e+00,3.366892332147e+00,9.076726397101e-02
-2.842717371223e+00,4.736390482536e+00,9.076736803607e-02
-2.842716172836e+00,3.753323728090e+00,9.076724266094e-02
-2.842653634962e+00,8.106307018185e+00,8.813301951157e-02
-2.842569294172e+00,1.756761515720e+00,9.076541102311e-02
-2.842550252850e+00,6.471916947111e+00,9.075976279412e-02
-2.842475995652e+00,2.980460936203e+00,9.076612247801e-02
-2.842472628389e+00,8.258955919968e+00,8.747768532423e-02
-2.842354609117e+00,2.175395527990e+00,9.076524429275e-02
-2.842320804964e+00,5.183795803949e+00,9.076461711452e-02
-2.842222423431e+00,1.338127503449e+00,9.076431740048e-02
-2.842216231153e+00,9.260979705370e+00,7.886039299575e-02
-2.842058722633e+00,4.139755124035e+00,9.076605852623e-02
-2.842022745541e+00,4.980957250846e+00,9.076482780668e-02
-2.841782289291e+00,7.954523003593e+00,8.870516199254e-02
-2.841770299063e+00,9.894338069893e+00,5.678454208429e-02
-2.841578368265e+00,2.594029540260e+00,9.076381702655e-02
-2.841546667489e+00,6.074368803819e+00,9.075919928996e-02
-2.841272454186e+00,6.908215992679e+00,9.075508430664e-02
-2.841232922421e+00,8.412450950667e+00,8.671884700892e-02
-2.841230970907e+00,7.025941513697e+00,9.075458044116e-02
-2.841148202145e+00,7.532015060407e+00,8.997677919275e-02
-2.840882913235e+00,4.526186519978e+00,9.076371036832e-02
-2.840646430397e+00,4.618339135833e+00,9.076318112047e-02
-2.840598241508e+00,3.399094948475e+00,9.076222229302e-02
-2.840510804240e+00,6.791290379489e+00,9.075384694459e-02
-2.840437552202e+00,3.785526344419e+00,9.076215243801e-02
-2.840398665038e+00,1.788964132048e+00,9.076056078540e-02
-2.840380567919e+00,7.144452198332e+00,9.075209199196e-02
-2.840240571618e+00,3.012663552531e+00,9.076112765880e-02
-2.840219192549e+00,5.633334924701e+00,9.075801278013e-02
-2.840176454590e+00,5.552449359830e+00,9.075828052960e-02
-2.840162381683e+00,2.207598144318e+00,9.076034528127e-02
-2.840073392597e+00,1.370330119778e+00,9.075951417543e-02
-2.840027477653e+00,9.091465291910e+00,8.124018889992e-02
-2.839865054453e+00,7.803622593576e+00,8.920933598696e-02
-2.839758503700e+00,4.171957740363e+00,9.076091802303e-02
-2.839712957898e+00,5.714943433724e+00,9.075658854721e-02
-2.839589941235e+00,5.472297416230e+00,9.075727434782e-02
-2.839364542532e+00,2.626232156588e+00,9.075886742650e-02
-2.839179130142e+00,5.107334953831e+00,9.075790209802e-02
-2.838951898792e+00,6.675179381314e+00,9.075091089258e-02
-2.838928286066e+00,8.566773311796e+00,8.583198558186e-02
-2.838728099550e+00,6.358219323853e+00,9.075170733911e-02
-2.838715550124e+00,7.263733265925e+00,9.060849122095e-02
-2.838652619681e+00,5.797264177352e+00,9.075379524745e-02
-2.838561096002e+00,4.558389136307e+00,9.075851779755e-02
-2.838464915771e+00,5.392889738205e+00,9.075509363276e-02
-2.838433303146e+00,8.906204245964e+00,8.322823992766e-02
-2.838341219175e+00,3.431297564804e+00,9.075717323636e-02
-2.838228035904e+00,1.821166748377e+00,9.075570372053e-02
-2.838158931569e+00,3.817728960748e+00,9.075705469360e-02
-2.838129272552e+00,6.159552674353e+00,9.075115204152e-02
-2.838005147585e+00,3.044866168860e+00,9.075612559853e-02
-2.837970154249e+00,2.239800760647e+00,9.075543930471e-02
-2.837962403515e+00,1.005322779436e+01,3.997304558040e-02
-2.837924361763e+00,1.402532736107e+00,9.075470425589e-02
-2.837705958452e+00,4.784624896861e+00,9.075590304220e-02
-2.837511060849e+00,9.553321532620e+00,7.265830723768e-02
-2.837458284767e+00,4.204160356692e+00,9.075576985009e-02
-2.837444068428e+00,4.906775705284e+00,9.075478368433e-02
-2.837150716798e+00,2.658434772916e+00,9.075391071798e-02
-2.837033113402e+00,5.880286413991e+00,9.074987217930e-02
-2.836908509270e+00,7.653624463933e+00,8.965602486342e-02
-2.836806707357e+00,5.314236936868e+00,9.075165992953e-02
-2.836779773792e+00,9.711745470837e+00,6.718765067725e-02
-2.836766158304e+00,9.395128891111e+00,7.646971054284e-02
-2.836601706516e+00,6.559897667831e+00,9.074599849859e-02
-2.836350323968e+00,4.665286352759e+00,9.075342622772e-02
-2.836239278769e+00,4.590591752636e+00,9.075331740307e-02
-2.836230314045e+00,7.383769899883e+00,9.034338736384e-02
-2.836084196842e+00,3.463500181132e+00,9.075211678404e-02
-2.836057406770e+00,1.853369364705e+00,9.075083981337e-02
-2.835995415560e+00,4.531250145001e-01,9.075161484577e-02
-2.835995415560e+00,5.156250165000e-01,9.075005510091e-02
-2.835995415560e+00,4.687500150008e-02,9.083613873869e-02
-2.835995415560e+00,4.218750135002e-01,9.075356299970e-02
-2.835995415560e+00,4.843750155000e-01,9.075044513902e-02
-2.835995415560e+00,1.562500050003e-02,9.084774193717e-02
-2.835995415560e+00,7.812500250012e-02,9.082522881573e-02
-2.835995415560e+00,1.093750035002e-01,9.081502282357e-02
-2.835995415560e+00,1.406250045003e-01,9.080553081966e-02
-2.835995415560e+00,1.718750055004e-01,9.079676223615e-02
-2.835995415560e+00,2.031250065004e-01,9.078872585368e-02
-2.835995415560e+00,2.343750075005e-01,9.078142977683e-02
-2.835995415560e+00,2.656250085005e-01,9.077488141108e-02
-2.835995415560e+00,2.968750095005e-01,9.076908744168e-02
-2.835995415560e+00,3.281250105004e-01,9.076405381431e-02
-2.835995415560e+00,3.593750115003e-01,9.075978571783e-02
-2.835995415560e+00,3.906250125003e-01,9.075628756904e-02
-2.835995415560e+00,5.468750175000e-01,9.075005510091e-02
-2.835995415560e+00,6.093750195000e-01,9.075005510091e-02
-2.835995415560e+00,6.406250205000e-01,9.075005510091e-02
-2.835995415560e+00,6.718750215001e-01,9.075005510091e-02
-2.835995415560e+00,7.031250225001e-01,9.075005510091e-02
-2.835995415560e+00,7.343750235001e-01,9.075005510091e-02
-2.835995415560e+00,7.656250245001e-01,9.075005510091e-02
-2.835995415560e+00,7.968750255000e-01,9.075005510091e-02
-2.835995415560e+00,8.281250265000e-01,9.075005510091e-02
-2.835995415560e+00,8.593750275000e-01,9.075005510091e-02
-2.835995415560e+00,8.906250285001e-01,9.075005510091e-02
-2.835995415560e+00,9.218750295001e-01,9.075005510091e-02
-2.835995415560e+00,9.531250305000e-01,9.075005510091e-02
-2.835995415560e+00,9.843750315000e-01,9.075005510091e-02
-2.835995415560e+00,5.781250185000e-01,9.075005510091e-02
-2.835880310936e+00,3.849931577077e+00,9.075194941020e-02
-2.835777926815e+00,2.272003376975e+00,9.075052634749e-02
-2.835775330929e+00,1.434735352435e+00,9.074988762716e-02
-2.835769723551e+00,3.077068785189e+00,9.075111628067e-02
-2.835552604817e+00,8.721904165295e+00,8.478064274641e-02
-2.835525607409e+00,5.031669929747e+00,9.074994011553e-02
-2.835158065834e+00,4.236362973020e+00,9.075061398937e-02
-2.834936891064e+00,2.690637389245e+00,9.074894688493e-02
-2.834931699292e+00,1.016101340164e+00,9.074766874197e-02
-2.834849441225e+00,5.963999370379e+00,9.074454184733e-02
-2.834818019977e+00,8.078421648007e+00,8.825568469292e-02
-2.834736524970e+00,8.230969231392e+00,8.761856398801e-02
-2.834620710830e+00,5.236349589749e+00,9.074711024281e-02
-2.834570064481e+00,9.870390044970e+00,5.868228996283e-02
-2.834547367642e+00,9.237178190450e+00,7.927536454095e-02
-2.834132554431e+00,6.245393566970e+00,9.074173061318e-02
-2.833886777636e+00,1.885571981034e+00,9.074596904875e-02
-2.833847637732e+00,7.926740182491e+00,8.881322913499e-02
-2.833827174508e+00,3.495702797461e+00,9.074705291899e-02
-2.833626300095e+00,1.466937968764e+00,9.074506427452e-02
-2.833601690303e+00,3.882134193405e+00,9.074683657028e-02
-2.833596799823e+00,8.384364176572e+00,8.688192737661e-02
-2.833585699381e+00,2.304205993303e+00,9.074560639398e-02
-2.833534299518e+00,3.109271401517e+00,9.074609968864e-02
-2.833466286724e+00,6.445459870709e+00,9.073942331562e-02
-2.832919348065e+00,7.504547248204e+00,9.005550011864e-02
-2.832857846902e+00,4.268565589349e+00,9.074545042282e-02
-2.832804266758e+00,1.048303956493e+00,9.074289107574e-02
-2.832795855713e+00,9.062990547586e+00,8.160974078594e-02
-2.832723065331e+00,2.722840005574e+00,9.074397591123e-02
-2.832671655441e+00,1.021231620885e+01,6.608629177750e-06
-2.832616843084e+00,6.998910804726e+00,9.073520392718e-02
-2.832563295106e+00,6.881297595815e+00,9.073552273943e-02
-2.832370035319e+00,4.833420059704e+00,9.074366926249e-02
-2.832096672121e+00,6.048392241996e+00,9.073796080528e-02
-2.831912386528e+00,5.159238240411e+00,9.074125267543e-02
-2.831861991885e+00,7.117310389374e+00,9.073299567648e-02
-2.831831847042e+00,7.775943550002e+00,8.930506615622e-02
-2.831738344829e+00,4.712809133130e+00,9.074272468895e-02
-2.831716148502e+00,1.917774597362e+00,9.074109141145e-02
-2.831707140076e+00,6.764485504412e+00,9.073410748824e-02
-2.831570152175e+00,3.527905413790e+00,9.074198162412e-02
-2.831477269261e+00,1.499140585092e+00,9.074023418319e-02
-2.831393471948e+00,2.336408609632e+00,9.074067942849e-02
-2.831392607789e+00,8.538587687234e+00,8.602296309924e-02
-2.831365886981e+00,4.956811174069e+00,9.074091741886e-02
-2.831323069670e+00,3.914336809734e+00,9.074171615621e-02
-2.831298875484e+00,3.141474017846e+00,9.074107580583e-02
-2.831099880975e+00,8.877824634181e+00,8.351407008528e-02
-2.830879769059e+00,1.002924457805e+01,4.366731211710e-02
-2.830676834224e+00,1.080506572821e+00,9.073810679975e-02
-2.830557627969e+00,4.300768205678e+00,9.074027913231e-02
-2.830509239597e+00,2.755042621902e+00,9.073899778070e-02
-2.830324546793e+00,5.607985742877e+00,9.073578538969e-02
-2.830293040756e+00,7.236481571513e+00,9.067436975741e-02
-2.830194652107e+00,5.527229191856e+00,9.073592509058e-02
-2.830076151878e+00,9.529445615552e+00,7.338554482303e-02
-2.830054261349e+00,6.648489235243e+00,9.073086224609e-02
-2.829906067312e+00,5.689466413657e+00,9.073456185971e-02
-2.829551789227e+00,6.331880583055e+00,9.073103122842e-02
-2.829545519368e+00,1.949977213691e+00,9.073620688621e-02
-2.829521585939e+00,5.447207434913e+00,9.073463994293e-02
-2.829462113436e+00,9.687833212615e+00,6.825881859278e-02
-2.829328238427e+00,1.531343201421e+00,9.073539733837e-02
-2.829313129842e+00,3.560108030119e+00,9.073690288227e-02
-2.829214180681e+00,9.371289888773e+00,7.699516307860e-02
-2.829201244514e+00,2.368611225960e+00,9.073574543530e-02
-2.829063451451e+00,3.173676634175e+00,9.073604461554e-02
-2.829044449037e+00,3.946539426062e+00,9.073658815034e-02
-2.828934077222e+00,5.771660497427e+00,9.073196269107e-02
-2.828777232448e+00,7.626050424086e+00,8.974167488330e-02
-2.828769942041e+00,6.133454193453e+00,9.073015836811e-02
-2.828687260075e+00,5.082913398074e+00,9.073434552449e-02
-2.828549401690e+00,1.112709189150e+00,9.073331589961e-02
-2.828310617035e+00,5.367931113526e+00,9.073232303079e-02
-2.828295413864e+00,2.787245238231e+00,9.073401247714e-02
-2.828257409035e+00,4.332970822006e+00,9.073510009966e-02
-2.828117828607e+00,8.693620927464e+00,8.500815688084e-02
-2.827904380553e+00,7.356409536936e+00,9.041445729475e-02
-2.827610633216e+00,6.533323455490e+00,9.072575493987e-02
-2.827403506531e+00,5.854557255341e+00,9.072815362697e-02
-2.827374890234e+00,1.982179830019e+00,9.073131545773e-02
-2.827369829899e+00,9.846442020048e+00,6.041265578582e-02
-2.827179207593e+00,1.563545817749e+00,9.073055372519e-02
-2.827056107509e+00,3.592310646447e+00,9.073181667624e-02
-2.827009017080e+00,2.400813842289e+00,9.073080439865e-02
-2.827000421552e+00,8.202982542816e+00,8.775543405660e-02
-2.826982404993e+00,8.050536277828e+00,8.837520437155e-02
-2.826878504131e+00,9.213376675530e+00,7.967243387653e-02
-2.826828027417e+00,3.205879250503e+00,9.073100610108e-02
-2.826806484527e+00,4.760900652053e+00,9.073146565474e-02
-2.826765828404e+00,3.978742042391e+00,9.073145253498e-02
-2.826705683746e+00,4.882769093725e+00,9.073066629616e-02
-2.826567079998e+00,5.289410835953e+00,9.072860746172e-02
-2.826421969155e+00,1.144911805478e+00,9.072851836089e-02
-2.826081588130e+00,2.819447854559e+00,9.072901998430e-02
-2.825960677224e+00,8.356277402477e+00,8.704018250584e-02
-2.825957190102e+00,4.365173438335e+00,9.072991330662e-02
-2.825912986173e+00,7.898957361389e+00,8.891869442541e-02
-2.825706792652e+00,1.018829837732e+01,1.009038568246e-02
-2.825564233773e+00,9.034515803261e+00,8.196310688132e-02
-2.825309351892e+00,5.938145916864e+00,9.072309119860e-02
-2.825292413623e+00,4.641849035975e+00,9.072845380464e-02
-2.825204261100e+00,2.014382446348e+00,9.072641711067e-02
-2.825030176759e+00,1.595748434078e+00,9.072570332877e-02
-2.824950922175e+00,5.007385537235e+00,9.072614255609e-02
-2.824864454122e+00,6.219174358871e+00,9.072085220559e-02
-2.824816789646e+00,2.433016458617e+00,9.072585630270e-02
-2.824799085175e+00,3.624513262776e+00,9.072672298877e-02
-2.824690493984e+00,7.477079436000e+00,9.013261826615e-02
-2.824592603384e+00,3.238081866832e+00,9.072596024565e-02
-2.824487207770e+00,4.010944658720e+00,9.072630929235e-02
-2.824382320599e+00,6.419002794308e+00,9.071898764660e-02
-2.824296375099e+00,5.211657176849e+00,9.072383687939e-02
-2.824294536621e+00,1.177114421807e+00,9.072371416912e-02
-2.824002715261e+00,6.971880095755e+00,9.071572651762e-02
-2.823867762396e+00,2.851650470888e+00,9.072402028586e-02
-2.823856929513e+00,8.510402062672e+00,8.620784612146e-02
-2.823854136026e+00,6.854379198951e+00,9.071586994541e-02
-2.823798639631e+00,7.748264506428e+00,8.939863719963e-02
-2.823797134604e+00,1.000526136174e+01,4.691926897171e-02
-2.823766458803e+00,8.849445022397e+00,8.378879939561e-02
-2.823656971170e+00,4.397376054664e+00,9.072471873491e-02
-2.823343415851e+00,7.090168580417e+00,9.071381196818e-02
-2.823033631967e+00,2.046585062676e+00,9.072151182964e-02
-2.822903475912e+00,6.737680629336e+00,9.071427599987e-02
-2.822881145925e+00,1.627951050406e+00,9.072084613416e-02
-2.822646676753e+00,6.022415680173e+00,9.071661925491e-02
-2.822641242906e+00,9.505569698483e+00,7.407186469819e-02
-2.822624562213e+00,2.465219074946e+00,9.072090113161e-02
-2.822542062842e+00,3.656715879105e+00,9.072162180255e-02
-2.822357179351e+00,3.270284483160e+00,9.072090703245e-02
-2.822208587137e+00,4.043147275048e+00,9.072115840464e-02
-2.822167104087e+00,1.209317038136e+00,9.071890330980e-02
-2.822144453079e+00,9.663920954393e+00,6.925765507447e-02
-2.821870531387e+00,7.209229877101e+00,9.070987233366e-02
-2.821662203058e+00,9.347450886434e+00,7.749526382542e-02
-2.821653936663e+00,2.883853087217e+00,9.071901336547e-02
-2.821550777071e+00,4.809554059820e+00,9.071922876268e-02
-2.821503968092e+00,5.134680676873e+00,9.071777269242e-02
-2.821356752237e+00,4.429578670992e+00,9.071951636619e-02
-2.821156623905e+00,6.621799089172e+00,9.071071310363e-02
-2.820863002833e+00,2.078787679004e+00,9.071659959919e-02
-2.820759318435e+00,4.689227783723e+00,9.071796013182e-02
-2.820732115090e+00,1.660153666735e+00,9.071598212638e-02
-2.820709028421e+00,4.932665097291e+00,9.071680162055e-02
-2.820683052396e+00,8.665337689632e+00,8.522773898376e-02
-2.820645955627e+00,7.598476384238e+00,8.982550100656e-02
-2.820432334779e+00,2.497421691274e+00,9.071593886947e-02
-2.820429901038e+00,5.582636561052e+00,9.071344898847e-02
-2.820375478904e+00,6.305541842257e+00,9.071025566195e-02
-2.820285040509e+00,3.688918495433e+00,9.071651310023e-02
-2.820212849624e+00,5.502009023882e+00,9.071329994564e-02
-2.820169595316e+00,9.822493995125e+00,6.199680860051e-02
-2.820121755317e+00,3.302487099489e+00,9.071584644460e-02
-2.820099176725e+00,5.663989393590e+00,9.071234330366e-02
-2.820039671553e+00,1.241519654464e+00,9.071408576837e-02
-2.819929966504e+00,4.075349891377e+00,9.071599985397e-02
-2.819578447061e+00,7.329049173989e+00,9.048416273236e-02
-2.819453230643e+00,5.422117453596e+00,9.071189399292e-02
-2.819440110929e+00,2.916055703545e+00,9.071399920672e-02
-2.819410611530e+00,6.107355712552e+00,9.070892584253e-02
-2.819264318134e+00,8.174995854240e+00,8.788835496880e-02
-2.819215534763e+00,5.746056817501e+00,9.071002381981e-02
-2.819209640621e+00,9.189575160610e+00,8.005253157135e-02
-2.819146790008e+00,8.022650907650e+00,8.849169749151e-02
-2.819056533304e+00,4.461781287321e+00,9.071430618206e-02
-2.818741929863e+00,1.016428054578e+01,1.829795899125e-02
-2.818692373699e+00,2.110990295333e+00,9.071168040386e-02
-2.818619559916e+00,6.506749243150e+00,9.070541542894e-02
-2.818583084256e+00,1.692356283063e+00,9.071111129041e-02
-2.818332611833e+00,9.006041058936e+00,8.230131241451e-02
-2.818324554625e+00,8.328190628382e+00,8.719382138844e-02
-2.818240107345e+00,2.529624307603e+00,9.071096950032e-02
-2.818195390008e+00,5.058491842316e+00,9.071055275686e-02
-2.818156318299e+00,5.342972488846e+00,9.070927919076e-02
-2.818028018175e+00,3.721121111762e+00,9.071139686439e-02
-2.817978334614e+00,7.871174540287e+00,8.902165085483e-02
-2.817912239018e+00,1.273722270792e+00,9.070926153026e-02
-2.817886331284e+00,3.334689715818e+00,9.071077846518e-02
-2.817773899660e+00,5.828828096690e+00,9.070632861723e-02
-2.817651345871e+00,4.107552507706e+00,9.071083362244e-02
-2.817226285196e+00,2.948258319874e+00,9.070897779318e-02
-2.816756314371e+00,4.493983903650e+00,9.070908816404e-02
-2.816714500149e+00,9.981278145431e+00,4.980378916224e-02
-2.816521744565e+00,2.143192911661e+00,9.070675422812e-02
-2.816461639904e+00,7.449611623797e+00,9.020817314002e-02
-2.816434053422e+00,1.724558899391e+00,9.070623361117e-02
-2.816433036631e+00,8.821065410614e+00,8.405305404632e-02
-2.816327452639e+00,5.264584735039e+00,9.070544113572e-02
-2.816321251237e+00,8.482216438109e+00,8.638691812898e-02
-2.816047879911e+00,2.561826923931e+00,9.070599300817e-02
-2.815967299065e+00,4.858762482167e+00,9.070637866391e-02
-2.815907010601e+00,4.737176407245e+00,9.070670051812e-02
-2.815784806484e+00,1.305924887121e+00,9.070443058081e-02
-2.815770995842e+00,3.753323728090e+00,9.070627307757e-02
-2.815769262559e+00,5.912292463348e+00,9.070146888806e-02
-2.815765432220e+00,7.720585462854e+00,8.949012175725e-02
-2.815650907250e+00,3.366892332147e+00,9.070570307722e-02
-2.815596353813e+00,6.192955150773e+00,9.069987370086e-02
-2.815388587438e+00,6.944849386784e+00,9.069615826285e-02
-2.815372725238e+00,4.139755124035e+00,9.070565969205e-02
-2.815298354474e+00,6.392545717906e+00,9.069834390683e-02
-2.815206333935e+00,9.481693781414e+00,7.472061118802e-02
-2.815144976945e+00,6.827460802087e+00,9.069612545630e-02
-2.815012459462e+00,2.980460936203e+00,9.070394910833e-02
-2.814826792722e+00,9.640008696171e+00,7.019122481040e-02
-2.814824839816e+00,7.063026771459e+00,9.069441719921e-02
-2.814456095438e+00,4.526186519978e+00,9.070386229364e-02
-2.814376236942e+00,4.983101144724e+00,9.070222776059e-02
-2.814351115431e+00,2.175395527990e+00,9.070182105640e-02
-2.814285022588e+00,1.756761515720e+00,9.070134907356e-02
-2.814234503278e+00,4.618411719192e+00,9.070335765504e-02
-2.814110225434e+00,9.323611884096e+00,7.797179454593e-02
-2.814099811748e+00,6.710875754260e+00,9.069425965305e-02
-2.813972039367e+00,5.186964763949e+00,9.070036360409e-02
-2.813855652477e+00,2.594029540260e+00,9.070100937696e-02
-2.813657373950e+00,1.338127503449e+00,9.069959290538e-02
-2.813513973509e+00,3.785526344419e+00,9.070114172225e-02
-2.813448022018e+00,7.181978182690e+00,9.069076495323e-02
-2.813415483217e+00,3.399094948475e+00,9.070062026370e-02
-2.813248276186e+00,8.637054451800e+00,8.543921042759e-02
-2.813196681385e+00,5.996439118349e+00,9.069517416935e-02
-2.813094104605e+00,4.171957740363e+00,9.070047804478e-02
-2.812969360734e+00,9.798545970203e+00,6.345249249876e-02
-2.812798633728e+00,3.012663552531e+00,9.069891313564e-02
-2.812514678806e+00,7.570902344391e+00,8.990756167930e-02
-2.812258986461e+00,6.595108943101e+00,9.069046830184e-02
-2.812180486297e+00,2.207598144318e+00,9.069688087310e-02
-2.812155876505e+00,4.558389136307e+00,9.069862855228e-02
-2.812135991754e+00,1.788964132048e+00,9.069645766244e-02
-2.811810518213e+00,9.163390086455e+00,8.044816245051e-02
-2.811777067074e+00,1.014026271424e+01,2.510455297479e-02
-2.811663425044e+00,2.626232156588e+00,9.069601859061e-02
-2.811529941416e+00,1.370330119778e+00,9.069474848924e-02
-2.811528214716e+00,8.147009165664e+00,8.801772878563e-02
-2.811311175023e+00,7.994765537471e+00,8.860527721575e-02
-2.811256951175e+00,3.817728960748e+00,9.069600278088e-02
-2.811252513569e+00,7.301688811042e+00,9.055254373075e-02
-2.811199168581e+00,6.279203101459e+00,9.068938015530e-02
-2.811180059183e+00,3.431297564804e+00,9.069553000756e-02
-2.811100989892e+00,8.977566314612e+00,8.262529880761e-02
-2.811095549657e+00,5.110123113334e+00,9.069417683360e-02
-2.810815483972e+00,4.204160356692e+00,9.069528866255e-02
-2.810731518823e+00,4.785688059935e+00,9.069466731753e-02
-2.810688432026e+00,8.300103854287e+00,8.734304131825e-02
-2.810584807995e+00,3.044866168860e+00,9.069386985850e-02
-2.810535255282e+00,5.557287379227e+00,9.069100315496e-02
-2.810292286139e+00,5.638512373523e+00,9.069001499396e-02
-2.810231047141e+00,5.476788855908e+00,9.069056234992e-02
-2.810052169862e+00,4.908519020514e+00,9.069256575582e-02
-2.810051281019e+00,6.081257231652e+00,9.068758984736e-02
-2.810043683055e+00,7.843391719184e+00,8.912218714850e-02
-2.810009857163e+00,2.239800760647e+00,9.069193366255e-02
-2.809986960920e+00,1.821166748377e+00,9.069155936259e-02
-2.809855657572e+00,4.590591752636e+00,9.069338692133e-02
-2.809780292042e+00,4.665646434317e+00,9.069306605643e-02
-2.809631865693e+00,9.957294929121e+00,5.237974975971e-02
-2.809628486616e+00,6.480175030809e+00,9.068497949326e-02
-2.809496992304e+00,5.720453137575e+00,9.068792042873e-02
-2.809471197610e+00,2.658434772916e+00,9.069102063298e-02
-2.809402508881e+00,1.402532736107e+00,9.068989731763e-02
-2.809384875347e+00,5.397027472280e+00,9.068903609841e-02
-2.809099614460e+00,8.792685798831e+00,8.430741447793e-02
-2.808999928842e+00,3.849931577077e+00,9.069085623582e-02
-2.808944635150e+00,3.463500181132e+00,9.069043229167e-02
-2.808785572960e+00,8.454030813547e+00,8.656044556485e-02
-2.808536863338e+00,4.236362973020e+00,9.069009152721e-02
-2.808370982261e+00,3.077068785189e+00,9.068881926029e-02
-2.808232785823e+00,7.422143811594e+00,9.028207105885e-02
-2.808144292789e+00,5.803098938040e+00,9.068439668485e-02
-2.808002019563e+00,5.318013864167e+00,9.068612039087e-02
-2.807839228029e+00,2.272003376975e+00,9.068697940906e-02
-2.807837930086e+00,1.853369364705e+00,9.068665415879e-02
-2.807771424963e+00,9.457817864345e+00,7.533477402722e-02
-2.807732224809e+00,7.692906419280e+00,8.957958934892e-02
-2.807703519941e+00,5.034070286559e+00,9.068664119030e-02
-2.807509132365e+00,9.616096437949e+00,7.106570172661e-02
-2.807278970176e+00,2.690637389245e+00,9.068601548788e-02
-2.807275076347e+00,1.434735352435e+00,9.068503937577e-02
-2.807203583930e+00,5.468750175000e-01,9.068454030471e-02
-2.807203583930e+00,7.968750255000e-01,9.068454030471e-02
-2.807203583930e+00,8.281250265000e-01,9.068454030471e-02
-2.807203583930e+00,9.218750295001e-01,9.068454030471e-02
-2.807203583930e+00,1.718750055004e-01,9.073261804670e-02
-2.807203583930e+00,2.343750075005e-01,9.071683798108e-02
-2.807203583930e+00,2.656250085005e-01,9.071009775635e-02
-2.807203583930e+00,3.593750115003e-01,9.069455820113e-02
-2.807203583930e+00,3.906250125003e-01,9.069095688113e-02
-2.807203583930e+00,4.843750155000e-01,9.068494187566e-02
-2.807203583930e+00,6.093750195000e-01,9.068454030471e-02
-2.807203583930e+00,6.406250205000e-01,9.068454030471e-02
-2.807203583930e+00,7.656250245001e-01,9.068454030471e-02
-2.807203583930e+00,8.593750275000e-01,9.068454030471e-02
-2.807203583930e+00,8.906250285001e-01,9.068454030471e-02
-2.807203583930e+00,9.531250305000e-01,9.068454030471e-02
-2.807203583930e+00,9.843750315000e-01,9.068454030471e-02
-2.807203583930e+00,1.562500050003e-02,9.078506980542e-02
-2.807203583930e+00,4.687500150008e-02,9.077313374443e-02
-2.807203583930e+00,7.812500250012e-02,9.076190967485e-02
-2.807203583930e+00,1.093750035002e-01,9.075140877499e-02
-2.807203583930e+00,1.406250045003e-01,9.074164159884e-02
-2.807203583930e+00,2.031250065004e-01,9.072434733723e-02
-2.807203583930e+00,2.968750095005e-01,9.070413368590e-02
-2.807203583930e+00,3.281250105004e-01,9.069895201665e-02
-2.807203583930e+00,4.218750135002e-01,9.068815187377e-02
-2.807203583930e+00,4.531250145001e-01,9.068614616003e-02
-2.807203583930e+00,5.156250165000e-01,9.068454030471e-02
-2.807203583930e+00,5.781250185000e-01,9.068454030471e-02
-2.807203583930e+00,6.718750215001e-01,9.068454030471e-02
-2.807203583930e+00,7.031250225001e-01,9.068454030471e-02
-2.807203583930e+00,7.343750235001e-01,9.068454030471e-02
-2.806774459615e+00,6.917818677812e+00,9.067649868711e-02
-2.806742906509e+00,3.882134193405e+00,9.068570206942e-02
-2.806709211116e+00,3.495702797461e+00,9.068532709885e-02
-2.806558247811e+00,9.299772881758e+00,7.842637402236e-02
-2.806435817865e+00,6.800542405223e+00,9.067628880449e-02
-2.806328253503e+00,6.166735942674e+00,9.067874751513e-02
-2.806306263782e+00,7.035884962501e+00,9.067493114856e-02
-2.806258242705e+00,4.268565589349e+00,9.068488662058e-02
-2.806229173226e+00,5.886439009832e+00,9.067965140983e-02
-2.806214388348e+00,6.366088641505e+00,9.067757045848e-02
-2.806157156527e+00,3.109271401517e+00,9.068376132429e-02
-2.806150666812e+00,1.016101340164e+00,9.068213326531e-02
-2.806087825280e+00,5.239758634124e+00,9.068215793007e-02
-2.805813499975e+00,8.608771213969e+00,8.564349521210e-02
-2.805769126152e+00,9.774597945280e+00,6.479469235554e-02
-2.805688899252e+00,1.885571981034e+00,9.068174203575e-02
-2.805668598895e+00,2.304205993303e+00,9.068201809687e-02
-2.805296147583e+00,6.684070879184e+00,9.067410783793e-02
-2.805228914384e+00,4.834755870608e+00,9.068181698766e-02
-2.805147643813e+00,1.466937968764e+00,9.068017464881e-02
-2.805086742742e+00,2.722840005574e+00,9.068100313909e-02
-2.805025512649e+00,7.154726488278e+00,9.067155222220e-02
-2.805007536675e+00,4.713452162437e+00,9.068180862752e-02
-2.804812204285e+00,1.011624488271e+01,3.084051523397e-02
-2.804681136907e+00,9.134821453066e+00,8.085463848156e-02
-2.804485884176e+00,3.914336809734e+00,9.068054026393e-02
-2.804473787083e+00,3.527905413790e+00,9.068021441189e-02
-2.804383401985e+00,7.543328304543e+00,8.998791296085e-02
-2.804044832578e+00,1.048303956493e+00,9.067731419268e-02
-2.803979622072e+00,4.300768205678e+00,9.067967392439e-02
-2.803943330794e+00,3.141474017846e+00,9.067869603378e-02
-2.803869367952e+00,8.949091570287e+00,8.293593197998e-02
-2.803801551708e+00,4.958816752213e+00,9.067802930860e-02
-2.803792111298e+00,8.119022477088e+00,8.814369459122e-02
-2.803746686017e+00,5.970462556526e+00,9.067362508314e-02
-2.803647703635e+00,5.162272351049e+00,9.067677311575e-02
-2.803539868418e+00,1.917774597362e+00,9.067682297815e-02
-2.803497969761e+00,2.336408609632e+00,9.067704971020e-02
-2.803475560039e+00,7.966880167293e+00,8.871605127005e-02
-2.803361349018e+00,6.568418797030e+00,9.067012735585e-02
-2.803052309427e+00,8.272017080192e+00,8.748802869282e-02
-2.803020211279e+00,1.499140585092e+00,9.067530312187e-02
-2.802926580077e+00,7.274328448096e+00,9.061963885603e-02
-2.802894515309e+00,2.755042621902e+00,9.067598357031e-02
-2.802549231238e+00,9.933311712811e+00,5.469408705339e-02
-2.802238363049e+00,3.560108030119e+00,9.067509421351e-02
-2.802228861842e+00,3.946539426062e+00,9.067537080159e-02
-2.802109031496e+00,7.815608898082e+00,8.922034775551e-02
-2.802022858257e+00,6.252864360662e+00,9.066840422644e-02
-2.801938998344e+00,1.080506572821e+00,9.067248844956e-02
-2.801766192288e+00,8.764306187048e+00,8.455241945797e-02
-2.801729505060e+00,3.173676634175e+00,9.067362337196e-02
-2.801701001439e+00,4.332970822006e+00,9.067445342035e-02
-2.801390837584e+00,1.949977213691e+00,9.067189697062e-02
-2.801327340627e+00,2.368611225960e+00,9.067207423321e-02
-2.801249894684e+00,8.425845188984e+00,8.672867908503e-02
-2.800892778744e+00,1.531343201421e+00,9.067042478004e-02
-2.800702287875e+00,2.787245238231e+00,9.067095676522e-02
-2.800691950508e+00,6.055158750752e+00,9.066614989427e-02
-2.800687131221e+00,5.085565549796e+00,9.067032137698e-02
-2.800640609526e+00,5.531938197402e+00,9.066831235263e-02
-2.800637413316e+00,6.453600818468e+00,9.066440728971e-02
-2.800485395552e+00,5.613035353456e+00,9.066757647883e-02
-2.800336515992e+00,9.433941947277e+00,7.591703414557e-02
-2.800249244659e+00,5.451568687934e+00,9.066771186828e-02
-2.800191472009e+00,9.592184179727e+00,7.188650509332e-02
-2.800003931743e+00,7.394675999391e+00,9.035451865895e-02
-2.800002939016e+00,3.592310646447e+00,9.066996648639e-02
-2.799971839509e+00,3.978742042391e+00,9.067019366457e-02
-2.799912260574e+00,4.761822060050e+00,9.066996490500e-02
-2.799833164109e+00,1.112709189150e+00,9.066765602146e-02
-2.799778449845e+00,5.694849457649e+00,9.066560074937e-02
-2.799699017398e+00,7.665227375706e+00,8.966710653808e-02
-2.799515679327e+00,3.205879250503e+00,9.066854332199e-02
-2.799422380806e+00,4.365173438335e+00,9.066922509009e-02
-2.799395311302e+00,4.884372943737e+00,9.066820955054e-02
-2.799316520052e+00,5.371937490963e+00,9.066594306068e-02
-2.799241806750e+00,1.982179830019e+00,9.066696399774e-02
-2.799156711493e+00,2.400813842289e+00,9.066709165002e-02
-2.799006270187e+00,9.275933879420e+00,7.886047627748e-02
-2.798801265648e+00,4.642065084910e+00,9.066783903561e-02
-2.798765346210e+00,1.563545817749e+00,9.066553960835e-02
-2.798568891570e+00,9.750649920357e+00,6.603615009186e-02
-2.798514685918e+00,5.777369779390e+00,9.066235736987e-02
-2.798510060441e+00,2.819447854559e+00,9.066592270746e-02
-2.798378723765e+00,8.580487976137e+00,8.584104391016e-02
-2.798160331792e+00,6.890787968841e+00,9.065674731496e-02
-2.797847720826e+00,5.293055239487e+00,9.066284622313e-02
-2.797847341497e+00,1.009222705117e+01,3.573990240436e-02
-2.797787687748e+00,7.008743153543e+00,9.065535418345e-02
-2.797767514982e+00,3.624513262776e+00,9.066483121316e-02
-2.797727329875e+00,1.144911805478e+00,9.066281689384e-02
-2.797726658784e+00,6.773624008359e+00,9.065629468581e-02
-2.797714817176e+00,4.010944658720e+00,9.066500883497e-02
-2.797551755602e+00,9.106252819676e+00,8.124231614518e-02
-2.797301853593e+00,3.238081866832e+00,9.066345586698e-02
-2.797211649874e+00,5.009648730801e+00,9.066261049728e-02
-2.797143760173e+00,4.397376054664e+00,9.066398891521e-02
-2.797130422223e+00,6.339631565103e+00,9.065669679848e-02
-2.797092775915e+00,2.014382446348e+00,9.066202404405e-02
-2.797060153194e+00,6.140516734575e+00,9.065741639544e-02
-2.796986082359e+00,2.433016458617e+00,9.066210194469e-02
-2.796689083893e+00,5.860585556316e+00,9.065772646442e-02
-2.796637913676e+00,1.595748434078e+00,9.066064759179e-02
-2.796637746012e+00,8.920616825962e+00,8.323400969632e-02
-2.796603003280e+00,7.127474793866e+00,9.065214584189e-02
-2.796492483419e+00,6.657266004109e+00,9.065386020910e-02
-2.796317833007e+00,2.851650470888e+00,9.066088138059e-02
-2.796252125163e+00,7.515754264696e+00,9.006660864304e-02
-2.796056007880e+00,8.091035788511e+00,8.826638445625e-02
-2.795848197921e+00,5.214932533209e+00,9.065857533047e-02
-2.795639945054e+00,7.938994797114e+00,8.882412226287e-02
-2.795621495640e+00,1.177114421807e+00,9.065797105213e-02
-2.795532090949e+00,3.656715879105e+00,9.065968837638e-02
-2.795466596783e+00,9.909328496501e+00,5.678467760620e-02
-2.795457794842e+00,4.043147275048e+00,9.065981629487e-02
-2.795416186829e+00,8.243930306097e+00,8.762895975053e-02
-2.795088027859e+00,3.270284483160e+00,9.065836099000e-02
-2.794943745081e+00,2.046585062676e+00,9.065707709406e-02
-2.794865139540e+00,4.429578670992e+00,9.065874487722e-02
-2.794815453225e+00,2.465219074946e+00,9.065710510125e-02
-2.794600646585e+00,7.246968085149e+00,9.064701215208e-02
-2.794510481142e+00,1.627951050406e+00,9.065574871532e-02
-2.794490529703e+00,4.810749259049e+00,9.065713213990e-02
-2.794463711574e+00,6.541728650958e+00,9.064968978211e-02
-2.794432770116e+00,8.735926575264e+00,8.478856973109e-02
-2.794296690649e+00,5.944485994703e+00,9.065189528151e-02
-2.794174379936e+00,7.787826076980e+00,8.931606868616e-02
-2.794125605573e+00,2.883853087217e+00,9.065583276814e-02
-2.794108062750e+00,4.689727917628e+00,9.065679290375e-02
-2.793714216407e+00,8.397659564422e+00,8.689185470111e-02
-2.793515661406e+00,1.209317038136e+00,9.065311848171e-02
-2.793323367904e+00,5.137579938149e+00,9.065306504624e-02
-2.793296666915e+00,3.688918495433e+00,9.065453795857e-02
-2.793226866474e+00,4.934532359702e+00,9.065367521935e-02
-2.793200772509e+00,4.075349891377e+00,9.065461602626e-02
-2.792901607021e+00,9.410066030208e+00,7.646980253750e-02
-2.792874202126e+00,3.302487099489e+00,9.065325867405e-02
-2.792873811652e+00,9.568271921505e+00,7.265841141516e-02
-2.792846547934e+00,6.226525619864e+00,9.064732739598e-02
-2.792794714247e+00,2.078787679004e+00,9.065212313223e-02
-2.792644824092e+00,2.497421691274e+00,9.065210110368e-02
-2.792586518907e+00,4.461781287321e+00,9.065349295760e-02
-2.792383048607e+00,1.660153666735e+00,9.065084296384e-02
-2.791933378140e+00,2.916055703545e+00,9.065077685361e-02
-2.791775077662e+00,7.367208187188e+00,9.042555927668e-02
-2.791665809987e+00,7.637548332132e+00,8.975273708550e-02
-2.791646340016e+00,6.427026606128e+00,9.064363469786e-02
-2.791454292564e+00,9.252094877081e+00,7.927544640441e-02
-2.791409827171e+00,1.241519654464e+00,9.064825916793e-02
-2.791368656987e+00,9.726701895435e+00,6.718776920453e-02
-2.791332619997e+00,6.029060269852e+00,9.064460549835e-02
-2.791061242882e+00,3.721121111762e+00,9.064937994220e-02
-2.790943947554e+00,8.552204738305e+00,8.603217975148e-02
-2.790943750176e+00,4.107552507706e+00,9.064940801111e-02
-2.790882478708e+00,1.006820921964e+01,3.997318128804e-02
-2.790745963770e+00,5.506589015578e+00,9.064547047984e-02
-2.790678504966e+00,5.587558333388e+00,9.064502731325e-02
-2.790660376392e+00,3.334689715818e+00,9.064814890210e-02
-2.790645683413e+00,2.110990295333e+00,9.064716214295e-02
-2.790474194958e+00,2.529624307603e+00,9.064708993592e-02
-2.790422374297e+00,9.077684186286e+00,8.161261383484e-02
-2.790307898273e+00,4.493983903650e+00,9.064823313778e-02
-2.790278712785e+00,5.061007986258e+00,9.064629568828e-02
-2.790267442176e+00,5.426348519959e+00,9.064474807394e-02
-2.790255616073e+00,1.692356283063e+00,9.064593032222e-02
-2.790059907386e+00,5.669245777723e+00,9.064317016819e-02
-2.789741150706e+00,2.948258319874e+00,9.064571362041e-02
-2.789546203969e+00,6.863757259870e+00,9.063690367136e-02
-2.789406124072e+00,8.892142081638e+00,8.352026808310e-02
-2.789303992937e+00,1.273722270792e+00,9.064339309609e-02
-2.789269111714e+00,6.981601344586e+00,9.063568582192e-02
-2.789248164756e+00,5.346847509646e+00,9.064267714223e-02
-2.789093002326e+00,4.737956060166e+00,9.064494657086e-02
-2.789017499704e+00,6.746705611494e+00,9.063613844115e-02
-2.788885079047e+00,5.751640620739e+00,9.064017147709e-02
-2.788825818848e+00,3.753323728090e+00,9.064421430969e-02
-2.788738452742e+00,4.860226866960e+00,9.064364149758e-02
-2.788686727842e+00,4.139755124035e+00,9.064419223130e-02
-2.788496652579e+00,2.143192911661e+00,9.064219411059e-02
-2.788446550658e+00,3.366892332147e+00,9.064303165706e-02
-2.788383962327e+00,9.885345280192e+00,5.868242354591e-02
-2.788319904462e+00,8.063049099935e+00,8.838592387034e-02
-2.788303565824e+00,2.561826923931e+00,9.064207158185e-02
-2.788180493912e+00,7.100223099455e+00,9.063264898162e-02
-2.788128183539e+00,1.724558899391e+00,9.064101077528e-02
-2.788120848342e+00,7.488180224848e+00,9.014370036239e-02
-2.788046456097e+00,6.313174488701e+00,9.063572243071e-02
-2.788029277640e+00,4.526186519978e+00,9.064296539909e-02
-2.787822239254e+00,4.618483735503e+00,9.064248552585e-02
-2.787804330069e+00,7.911109426936e+00,8.892958798315e-02
-2.787792052885e+00,6.114297526476e+00,9.063598094337e-02
-2.787780064230e+00,8.215843532002e+00,8.776587118354e-02
-2.787693422090e+00,5.268096614808e+00,9.063945628978e-02
-2.787688819255e+00,6.630461129033e+00,9.063351627198e-02
-2.787548923272e+00,2.980460936203e+00,9.064064305194e-02
-2.787198158703e+00,1.305924887121e+00,9.063852025146e-02
-2.787148994560e+00,5.834732102800e+00,9.063569356807e-02
-2.787099347945e+00,8.707546963481e+00,8.501633129502e-02
-2.786719779807e+00,4.985227175043e+00,9.063843932380e-02
-2.786590394815e+00,3.785526344419e+00,9.063904104341e-02
-2.786429705509e+00,4.171957740363e+00,9.063896866870e-02
-2.786347621745e+00,2.175395527990e+00,9.063721901948e-02
-2.786274713093e+00,7.219607722202e+00,9.062775793109e-02
-2.786239728377e+00,7.760043255878e+00,8.940962806936e-02
-2.786232724925e+00,3.399094948475e+00,9.063790692179e-02
-2.786178538131e+00,8.369473939860e+00,8.705019482638e-02
-2.786132936690e+00,2.594029540260e+00,9.063704602531e-02
-2.786000751004e+00,1.756761515720e+00,9.063608430781e-02
-2.785750657007e+00,4.558389136307e+00,9.063768972286e-02
-2.785608570562e+00,5.190106432295e+00,9.063487388786e-02
-2.785566074131e+00,6.515038504887e+00,9.062915509846e-02
-2.785556151295e+00,9.544359663284e+00,7.338564698715e-02
-2.785466698049e+00,9.386190113139e+00,7.699525340486e-02
-2.785356695838e+00,3.012663552531e+00,9.063556513153e-02
-2.785092324468e+00,1.338127503449e+00,9.063364061924e-02
-2.784846695281e+00,5.918509432879e+00,9.062997714511e-02
-2.784814497537e+00,1.022728138578e+01,6.608629178447e-06
-2.784354970782e+00,3.817728960748e+00,9.063386012565e-02
-2.784198590911e+00,2.207598144318e+00,9.063223685390e-02
-2.784172683176e+00,4.204160356692e+00,9.063373730508e-02
-2.784168422405e+00,9.702753870512e+00,6.825893479284e-02
-2.784018899191e+00,3.431297564804e+00,9.063277467909e-02
-2.783962307556e+00,2.626232156588e+00,9.063201325008e-02
-2.783917615919e+00,1.004419138810e+01,4.366745092338e-02
-2.783902314940e+00,9.228255874743e+00,7.967251436375e-02
-2.783873318470e+00,1.788964132048e+00,9.063115090454e-02
-2.783752145022e+00,4.786742647490e+00,9.063232386371e-02
-2.783670237611e+00,6.200186879066e+00,9.062606049811e-02
-2.783632602576e+00,7.609869288558e+00,8.983654209358e-02
-2.783546223581e+00,7.339740374985e+00,9.049523460843e-02
-2.783509171344e+00,8.523921500474e+00,8.621720593173e-02
-2.783472036374e+00,4.590591752636e+00,9.063240609033e-02
-2.783292992992e+00,9.049115552897e+00,8.196665748462e-02
-2.783208588824e+00,4.666003672820e+00,9.063163650294e-02
-2.783164468405e+00,3.044866168860e+00,9.063047984248e-02
-2.782999032172e+00,5.112887525249e+00,9.062921717218e-02
-2.782986490234e+00,1.370330119778e+00,9.062875418463e-02
-2.782655266716e+00,6.400452393787e+00,9.062276165831e-02
-2.782652181240e+00,4.910247967190e+00,9.062919874219e-02
-2.782174502132e+00,8.863667337313e+00,8.379538741964e-02
-2.782119546748e+00,3.849931577077e+00,9.062867153870e-02
-2.782049560077e+00,2.239800760647e+00,9.062724759806e-02
-2.781973289486e+00,6.002961788952e+00,9.062295617838e-02
-2.781915660842e+00,4.236362973020e+00,9.062849812218e-02
-2.781805073458e+00,3.463500181132e+00,9.062763491173e-02
-2.781791678422e+00,2.658434772916e+00,9.062697323993e-02
-2.781745885936e+00,1.821166748377e+00,9.062621055016e-02
-2.781301327872e+00,9.861362063882e+00,6.041278723415e-02
-2.780972240971e+00,3.077068785189e+00,9.062538716801e-02
-2.780932076147e+00,6.836726550899e+00,9.061692135745e-02
-2.780880655999e+00,1.402532736107e+00,9.062386093275e-02
-2.780871614379e+00,5.562081313321e+00,9.062227771490e-02
-2.780851318014e+00,5.481239833753e+00,9.062251440913e-02
-2.780750535679e+00,6.954459535628e+00,9.061592558203e-02
-2.780583801044e+00,8.035062411359e+00,8.850243214308e-02
-2.780341364927e+00,5.643642097797e+00,9.062062821117e-02
-2.780308340624e+00,6.719787214630e+00,9.061588625321e-02
-2.780285639693e+00,5.401128351985e+00,9.062161953569e-02
-2.780143941631e+00,8.187756757907e+00,8.789883304712e-02
-2.779989571521e+00,7.460606185001e+00,9.021922249501e-02
-2.779968715084e+00,7.883224056757e+00,8.903254167765e-02
-2.779900529243e+00,2.272003376975e+00,9.062225123616e-02
-2.779884122715e+00,3.882134193405e+00,9.062347526473e-02
-2.779870294349e+00,5.036450422720e+00,9.062214902868e-02
-2.779765925773e+00,8.679167351698e+00,8.523613834617e-02
-2.779757984543e+00,7.072971405043e+00,9.061306115406e-02
-2.779658638509e+00,4.268565589349e+00,9.062325110169e-02
-2.779621049288e+00,2.690637389245e+00,9.062192597855e-02
-2.779618453402e+00,1.853369364705e+00,9.062126322933e-02
-2.779591247724e+00,3.495702797461e+00,9.062248760242e-02
-2.779255472177e+00,5.725911462089e+00,9.061774918914e-02
-2.779179809460e+00,5.321757528329e+00,9.061929438033e-02
-2.778962489972e+00,6.286717412300e+00,9.061464686115e-02
-2.778885155091e+00,6.603656253957e+00,9.061307553293e-02
-2.778780013537e+00,3.109271401517e+00,9.062028709132e-02
-2.778774821765e+00,1.434735352435e+00,9.061896084871e-02
-2.778642859855e+00,8.341288315298e+00,8.720390923405e-02
-2.778523952576e+00,6.088078318377e+00,9.061444065605e-02
-2.778411752300e+00,1.562500050003e-02,9.072125537436e-02
-2.778411752300e+00,4.687500150008e-02,9.070897338501e-02
-2.778411752300e+00,1.093750035002e-01,9.068661529439e-02
-2.778411752300e+00,6.406250205000e-01,9.061776964624e-02
-2.778411752300e+00,7.656250245001e-01,9.061776964624e-02
-2.778411752300e+00,7.968750255000e-01,9.061776964624e-02
-2.778411752300e+00,8.906250285001e-01,9.061776964624e-02
-2.778411752300e+00,7.812500250012e-02,9.069742278103e-02
-2.778411752300e+00,1.406250045003e-01,9.067656200494e-02
-2.778411752300e+00,1.718750055004e-01,9.066727330895e-02
-2.778411752300e+00,2.031250065004e-01,9.065875888924e-02
-2.778411752300e+00,2.343750075005e-01,9.065102768697e-02
-2.778411752300e+00,2.656250085005e-01,9.064408787535e-02
-2.778411752300e+00,2.968750095005e-01,9.063794683531e-02
-2.778411752300e+00,3.593750115003e-01,9.062808650187e-02
-2.778411752300e+00,3.906250125003e-01,9.062437782133e-02
-2.778411752300e+00,4.218750135002e-01,9.062148910566e-02
-2.778411752300e+00,4.843750155000e-01,9.061818321978e-02
-2.778411752300e+00,5.156250165000e-01,9.061776964624e-02
-2.778411752300e+00,5.468750175000e-01,9.061776964624e-02
-2.778411752300e+00,5.781250185000e-01,9.061776964624e-02
-2.778411752300e+00,6.093750195000e-01,9.061776964624e-02
-2.778411752300e+00,6.718750215001e-01,9.061776964624e-02
-2.778411752300e+00,7.031250225001e-01,9.061776964624e-02
-2.778411752300e+00,7.343750235001e-01,9.061776964624e-02
-2.778411752300e+00,8.281250265000e-01,9.061776964624e-02
-2.778411752300e+00,8.593750275000e-01,9.061776964624e-02
-2.778411752300e+00,9.218750295000e-01,9.061776964624e-02
-2.778411752300e+00,9.531250305000e-01,9.061776964624e-02
-2.778411752300e+00,9.843750315000e-01,9.061776964624e-02
-2.778411752300e+00,3.281250105004e-01,9.063261113339e-02
-2.778411752300e+00,4.531250145001e-01,9.061942348975e-02
-2.778305076819e+00,7.732260434776e+00,8.950109873044e-02
-2.778273744078e+00,4.714090060281e+00,9.061980198778e-02
-2.778238490939e+00,9.520447405062e+00,7.407196490519e-02
-2.778081594183e+00,4.836080790183e+00,9.061883376473e-02
-2.778031789078e+00,9.362314196070e+00,7.749535253344e-02
-2.777967575138e+00,1.020322951601e+01,1.009043808349e-02
-2.777948779601e+00,7.192247359256e+00,9.060833847922e-02
-2.777751498409e+00,2.304205993303e+00,9.061724775234e-02
-2.777648698681e+00,3.914336809734e+00,9.061827128592e-02
-2.777608905227e+00,5.808878649284e+00,9.061355224185e-02
-2.777539123354e+00,5.243137990128e+00,9.061585748844e-02
-2.777491020868e+00,1.885571981034e+00,9.061630892665e-02
-2.777450420154e+00,2.722840005574e+00,9.061687144958e-02
-2.777401616176e+00,4.300768205678e+00,9.061799622523e-02
-2.777377421990e+00,3.527905413790e+00,9.061733273381e-02
-2.777369634332e+00,1.016101340164e+00,9.061534150722e-02
-2.776968187823e+00,9.678805845589e+00,6.925776898337e-02
-2.776952753130e+00,1.002017355657e+01,4.691940918074e-02
-2.776668987531e+00,1.466937968764e+00,9.061405391755e-02
-2.776668436687e+00,6.488348358816e+00,9.060840657274e-02
-2.776587786103e+00,3.141474017846e+00,9.061517959555e-02
-2.776350337317e+00,9.204416872405e+00,8.005261072581e-02
-2.776227909740e+00,4.960805619286e+00,9.061396712946e-02
-2.776163611687e+00,9.020546919507e+00,8.230547896802e-02
-2.776074395133e+00,8.495638262642e+00,8.639640712671e-02
-2.775602467575e+00,2.336408609632e+00,9.061223713069e-02
-2.775599395164e+00,7.582190244985e+00,8.991858014191e-02
-2.775413274648e+00,3.946539426062e+00,9.061305958435e-02
-2.775396699913e+00,5.892532871056e+00,9.060795055011e-02
-2.775368943203e+00,5.165280331380e+00,9.061105319886e-02
-2.775363588333e+00,1.917774597362e+00,9.061134762669e-02
-2.775317369501e+00,7.312272562782e+00,9.056358478625e-02
-2.775285398398e+00,1.048303956493e+00,9.061048018925e-02
-2.775279791020e+00,2.755042621902e+00,9.061180963663e-02
-2.775163596257e+00,3.560108030119e+00,9.061217028850e-02
-2.775144593843e+00,4.332970822006e+00,9.061273347436e-02
-2.774942880192e+00,8.835192592989e+00,8.405999729485e-02
-2.774563153296e+00,1.499140585092e+00,9.060914012429e-02
-2.774493927287e+00,6.173848138268e+00,9.060462872093e-02
-2.774395558670e+00,3.173676634175e+00,9.061006466380e-02
-2.774218693416e+00,9.837378847572e+00,6.199693778714e-02
-2.773664193415e+00,6.373878181447e+00,9.060178766197e-02
-2.773453436741e+00,2.368611225960e+00,9.060721935526e-02
-2.773236155799e+00,1.949977213691e+00,9.060637931395e-02
-2.773201162463e+00,1.080506572821e+00,9.060561213922e-02
-2.773177850614e+00,3.978742042391e+00,9.060784014208e-02
-2.773109161886e+00,2.787245238231e+00,9.060674052327e-02
-2.773013760341e+00,4.762736035932e+00,9.060734808658e-02
-2.772949770523e+00,3.592310646447e+00,9.060700024906e-02
-2.772887571509e+00,4.365173438335e+00,9.060746283061e-02
-2.772847697626e+00,8.007075722783e+00,8.861602277651e-02
-2.772674696441e+00,5.088195112349e+00,9.060507711833e-02
-2.772613958975e+00,5.976863308052e+00,9.060111175492e-02
-2.772507819032e+00,8.159669983812e+00,8.802824167577e-02
-2.772457319062e+00,1.531343201421e+00,9.060421945389e-02
-2.772432503601e+00,8.650787739915e+00,8.544779583170e-02
-2.772317948324e+00,6.809695841928e+00,9.059675878294e-02
-2.772309114898e+00,4.642279428012e+00,9.060615070193e-02
-2.772231959645e+00,6.927317726670e+00,9.059607298202e-02
-2.772203331236e+00,3.205879250503e+00,9.060494227909e-02
-2.772133100100e+00,7.855338686579e+00,8.913307230954e-02
-2.772077496007e+00,4.885963574679e+00,9.060459957399e-02
-2.771858294700e+00,7.433032145153e+00,9.029309293266e-02
-2.771599181543e+00,6.692868817766e+00,9.059553761852e-02
-2.771335475174e+00,7.045719710631e+00,9.059338187163e-02
-2.771304405906e+00,2.400813842289e+00,9.060219441005e-02
-2.771120652739e+00,1.017917764625e+01,1.829804514873e-02
-2.771116926529e+00,1.112709189150e+00,9.060073734254e-02
-2.771108723265e+00,1.982179830019e+00,9.060140397293e-02
-2.771107181578e+00,8.313102690735e+00,8.735319593651e-02
-2.771064723793e+00,5.536604293254e+00,9.059933036447e-02
-2.770956672258e+00,5.455890651928e+00,9.059944368712e-02
-2.770942426581e+00,4.010944658720e+00,9.060261294109e-02
-2.770938532752e+00,2.819447854559e+00,9.060166409299e-02
-2.770920830582e+00,9.496535146840e+00,7.472070949400e-02
-2.770735944789e+00,3.624513262776e+00,9.060182259798e-02
-2.770630549176e+00,4.397376054664e+00,9.060218427543e-02
-2.770622822468e+00,5.618038417872e+00,9.059797441052e-02
-2.770596880106e+00,9.338438279002e+00,7.797188168436e-02
-2.770370425259e+00,7.704477613674e+00,8.959055036218e-02
-2.770351484827e+00,1.563545817749e+00,9.059929189128e-02
-2.770303837210e+00,5.375908184011e+00,9.059824559343e-02
-2.770081490927e+00,6.576851378881e+00,9.059253749935e-02
-2.770011103802e+00,3.238081866832e+00,9.059981242443e-02
-2.769987890341e+00,9.996155725031e+00,4.980392957645e-02
-2.769878523846e+00,6.260260335898e+00,9.059346959813e-02
-2.769767953241e+00,9.654857820667e+00,7.019133647198e-02
-2.769625865306e+00,5.700182303439e+00,9.059521487380e-02
-2.769622846109e+00,7.164886996309e+00,9.058882851420e-02
-2.769461875913e+00,5.011892859181e+00,9.059788104447e-02
-2.769255852266e+00,6.061859110279e+00,9.059279503370e-02
-2.769155375072e+00,2.433016458617e+00,9.059716227902e-02
-2.769111454164e+00,5.296667547012e+00,9.059579434621e-02
-2.769060995472e+00,9.178166732765e+00,8.044855775905e-02
-2.769034230382e+00,8.991978286117e+00,8.263002561164e-02
-2.769032690594e+00,1.144911805478e+00,9.059585578457e-02
-2.768981290730e+00,2.014382446348e+00,9.059642158804e-02
-2.768767903618e+00,2.851650470888e+00,9.059658032925e-02
-2.768707002547e+00,4.043147275048e+00,9.059737796332e-02
-2.768639618923e+00,8.467355024810e+00,8.657005087274e-02
-2.768522119056e+00,3.656715879105e+00,9.059663731771e-02
-2.768373526843e+00,4.429578670992e+00,9.059689779022e-02
-2.768245650593e+00,1.595748434078e+00,9.059435742135e-02
-2.768068815894e+00,5.783025195769e+00,9.059127775304e-02
-2.767818876368e+00,3.270284483160e+00,9.059467508275e-02
-2.767770799243e+00,6.461658212745e+00,9.058753275976e-02
-2.767711258252e+00,8.806717848664e+00,8.431468120836e-02
-2.767566187753e+00,7.554511201411e+00,8.999890741467e-02
-2.767454485830e+00,4.690224060396e+00,9.059453092171e-02
-2.767424735623e+00,4.811934713406e+00,9.059390038415e-02
-2.767384824617e+00,5.218179365449e+00,9.059204451880e-02
-2.767136058961e+00,9.813395631262e+00,6.345261934773e-02
-2.767088515420e+00,7.284804750579e+00,9.058237624545e-02
-2.767006344238e+00,2.465219074946e+00,9.059212294608e-02
-2.766948454660e+00,1.177114421807e+00,9.059096745062e-02
-2.766853858196e+00,2.046585062676e+00,9.059143214368e-02
-2.766597274484e+00,2.883853087217e+00,9.059148921548e-02
-2.766471578514e+00,4.075349891377e+00,9.059213519066e-02
-2.766308293322e+00,3.688918495433e+00,9.059144439065e-02
-2.766139816358e+00,1.627951050406e+00,9.058941602894e-02
-2.766116504509e+00,4.461781287321e+00,9.059160335632e-02
-2.765946704545e+00,5.866556309233e+00,9.058581499483e-02
-2.765736039673e+00,4.936384063528e+00,9.058937055076e-02
-2.765626648934e+00,3.302487099489e+00,9.058953023695e-02
-2.765317616964e+00,6.147509397470e+00,9.058309176228e-02
-2.765129315844e+00,5.140454230465e+00,9.058711287186e-02
-2.765111594208e+00,7.979089034207e+00,8.872680381112e-02
-2.765099081430e+00,8.622408128131e+00,8.565227033891e-02
-2.764871696433e+00,8.131583209716e+00,8.815423660837e-02
-2.764864218725e+00,1.209317038136e+00,9.058607232597e-02
-2.764857313404e+00,2.497421691274e+00,9.058707639509e-02
-2.764726425662e+00,2.078787679004e+00,9.058643562418e-02
-2.764673120115e+00,6.347303969106e+00,9.058071220140e-02
-2.764426645350e+00,2.916055703545e+00,9.058639073504e-02
-2.764297485115e+00,7.827453316400e+00,8.923122255887e-02
-2.764273730340e+00,1.015512577648e+01,2.510466109100e-02
-2.764236154480e+00,4.107552507706e+00,9.058688460493e-02
-2.764094467589e+00,3.721121111762e+00,9.058624379916e-02
-2.764033982124e+00,1.660153666735e+00,9.058446769884e-02
-2.763859482176e+00,4.493983903650e+00,9.058630095503e-02
-2.763727017878e+00,7.405458105306e+00,9.036551211021e-02
-2.763713383611e+00,6.900175917712e+00,9.057609167137e-02
-2.763703820501e+00,6.782665132957e+00,9.057650015827e-02
-2.763603170226e+00,9.472622888618e+00,7.533487048768e-02
-2.763571503302e+00,8.284917066173e+00,8.749824199259e-02
-2.763434421501e+00,3.334689715818e+00,9.058437786987e-02
-2.763254628464e+00,5.950764827152e+00,9.057909112128e-02
-2.763161971135e+00,9.314562361933e+00,7.842645963834e-02
-2.763023027552e+00,9.972137893495e+00,5.237988953072e-02
-2.762912965805e+00,7.018468016220e+00,9.057361064659e-02
-2.762890022463e+00,6.665950420902e+00,9.057509203425e-02
-2.762779982790e+00,1.241519654464e+00,9.058117039585e-02
-2.762708282570e+00,2.529624307603e+00,9.058202260987e-02
-2.762598993128e+00,2.110990295333e+00,9.058143201384e-02
-2.762567718658e+00,9.630909795744e+00,7.106581119012e-02
-2.762435773700e+00,7.676694792572e+00,8.967804968947e-02
-2.762350360709e+00,5.063502699449e+00,9.058081429366e-02
-2.762275375660e+00,4.738729424373e+00,9.058207545516e-02
-2.762256016216e+00,2.948258319874e+00,9.058128487123e-02
-2.762034289407e+00,9.149505455825e+00,8.085592925342e-02
-2.762000730447e+00,4.139755124035e+00,9.058162618791e-02
-2.761928147890e+00,1.692356283063e+00,9.057951241581e-02
-2.761904849077e+00,8.963409652727e+00,8.294116859266e-02
-2.761880641855e+00,3.753323728090e+00,9.058103552551e-02
-2.761602459843e+00,4.526186519978e+00,9.058099056759e-02
-2.761502810773e+00,4.861679182168e+00,9.057974505762e-02
-2.761409640972e+00,4.618555183204e+00,9.058053562107e-02
-2.761296912618e+00,7.137526633362e+00,9.056922754391e-02
-2.761277826763e+00,6.550046503805e+00,9.057184265399e-02
-2.761257833206e+00,5.511127273187e+00,9.057626753176e-02
-2.761242194067e+00,3.366892332147e+00,9.057921796429e-02
-2.761204842712e+00,8.439071786979e+00,8.673838882675e-02
-2.761062026502e+00,5.430541470103e+00,9.057625786850e-02
-2.760904280009e+00,5.592434737946e+00,9.057516087769e-02
-2.760794557721e+00,6.233803259497e+00,9.057205335964e-02
-2.760695746856e+00,1.273722270792e+00,9.057626164546e-02
-2.760559251736e+00,2.561826923931e+00,9.057696157418e-02
-2.760479636312e+00,8.778243104340e+00,8.455998068390e-02
-2.760471560593e+00,2.143192911661e+00,9.057642129692e-02
-2.760322034727e+00,5.350688016037e+00,9.057475336492e-02
-2.760085387082e+00,2.980460936203e+00,9.057617160733e-02
-2.760053424506e+00,9.789412414953e+00,6.479481682860e-02
-2.759996258435e+00,5.674453144789e+00,9.057256803545e-02
-2.759987751957e+00,6.035639902180e+00,9.057104357983e-02
-2.759822313655e+00,1.724558899391e+00,9.057455016456e-02
-2.759765306414e+00,4.171957740363e+00,9.057635992132e-02
-2.759666816121e+00,3.785526344419e+00,9.057581955196e-02
-2.759532980342e+00,7.526832157837e+00,9.007757782047e-02
-2.759345437509e+00,4.558389136307e+00,9.057567217516e-02
-2.759053457478e+00,4.987335295643e+00,9.057341306339e-02
-2.759049966633e+00,3.399094948475e+00,9.057405050296e-02
-2.759043098869e+00,5.271577565695e+00,9.057217662106e-02
-2.758873161800e+00,6.434968066674e+00,9.056655777472e-02
-2.758859661340e+00,7.257336938376e+00,9.056294128825e-02
-2.758611510921e+00,1.305924887121e+00,9.057134605995e-02
-2.758528726561e+00,5.757171742253e+00,9.056875126043e-02
-2.758410220902e+00,2.594029540260e+00,9.057189327177e-02
-2.758344128059e+00,2.175395527990e+00,9.057140345762e-02
-2.757914757948e+00,3.012663552531e+00,9.057105092655e-02
-2.757765659258e+00,8.594028516348e+00,8.584999106312e-02
-2.757716479421e+00,1.756761515720e+00,9.056958092976e-02
-2.757529882380e+00,4.204160356692e+00,9.057108578682e-02
-2.757452990388e+00,3.817728960748e+00,9.057059586069e-02
-2.757426807942e+00,1.013107390672e+01,3.084063760415e-02
-2.757375490790e+00,7.951102345631e+00,8.883487814767e-02
-2.757235573834e+00,8.103496435621e+00,8.827695033651e-02
-2.757230525881e+00,5.193220740769e+00,9.056811067637e-02
-2.757088415176e+00,4.590591752636e+00,9.057034575885e-02
-2.756857739199e+00,3.431297564804e+00,9.056887546857e-02
-2.756767877063e+00,4.787788636629e+00,9.056884106707e-02
-2.756635227582e+00,4.666358060512e+00,9.056910760312e-02
-2.756527274987e+00,1.338127503449e+00,9.056642362444e-02
-2.756496709177e+00,5.840579747409e+00,9.056356998195e-02
-2.756461870130e+00,7.799567946222e+00,8.932693393194e-02
-2.756285509869e+00,9.448710630396e+00,7.591712881509e-02
-2.756261190068e+00,2.626232156588e+00,9.056681768629e-02
-2.756216695525e+00,2.207598144318e+00,9.056637848010e-02
-2.756141306641e+00,6.121170656672e+00,9.056144910525e-02
-2.756058164764e+00,9.948120061960e+00,5.469422558089e-02
-2.756035825025e+00,8.256731441610e+00,8.763922424985e-02
-2.755744128814e+00,3.044866168860e+00,9.056592281207e-02
-2.755727062163e+00,9.290686444864e+00,7.886056041656e-02
-2.755682046815e+00,6.320729756766e+00,9.055953477103e-02
-2.755610645186e+00,1.788964132048e+00,9.056460469604e-02
-2.755595741057e+00,7.377884065458e+00,9.043652345144e-02
-2.755367484076e+00,9.606961770822e+00,7.188661241164e-02
-2.755294458347e+00,4.236362973020e+00,9.056580376602e-02
-2.755244169607e+00,4.911962507770e+00,9.056464923951e-02
-2.755239164654e+00,3.849931577077e+00,9.056536443382e-02
-2.755194807576e+00,6.873034108755e+00,9.055592072538e-02
-2.755089692678e+00,6.755634423986e+00,9.055614497194e-02
-2.755007583341e+00,9.120844178885e+00,8.124441889089e-02
-2.754889688485e+00,5.115628129551e+00,9.056295558725e-02
-2.754775467772e+00,8.934841019337e+00,8.323971036764e-02
-2.754665511765e+00,3.463500181132e+00,9.056369284375e-02
-2.754501122141e+00,7.648911971469e+00,8.976366062387e-02
-2.754490456436e+00,6.991216321808e+00,9.055374699110e-02
-2.754443039052e+00,1.370330119778e+00,9.056149432398e-02
-2.754180863383e+00,6.639032024038e+00,9.055454899830e-02
-2.754112159234e+00,2.658434772916e+00,9.056173480137e-02
-2.754089262991e+00,2.239800760647e+00,9.056134634848e-02
-2.753895297953e+00,5.924666346252e+00,9.055696105516e-02
-2.753770066502e+00,8.410788549147e+00,8.690165791783e-02
-2.753573499681e+00,3.077068785189e+00,9.056078724700e-02
-2.753504810952e+00,1.821166748377e+00,9.055962144797e-02
-2.753248014372e+00,8.749768360015e+00,8.479639895346e-02
-2.753059034313e+00,4.268565589349e+00,9.056051384048e-02
-2.753025338920e+00,3.882134193405e+00,9.056012525346e-02
-2.752970979126e+00,7.110166270415e+00,9.054953507578e-02
-2.752970790050e+00,9.765429198643e+00,6.603627217871e-02
-2.752474162599e+00,6.523241628730e+00,9.055096650981e-02
-2.752473284332e+00,3.495702797461e+00,9.055850261109e-02
-2.752358803118e+00,1.402532736107e+00,9.055655814361e-02
-2.752026024978e+00,5.038810286549e+00,9.055642830469e-02
-2.751963128400e+00,2.690637389245e+00,9.055664460061e-02
-2.751961830457e+00,2.272003376975e+00,9.055630704682e-02
-2.751710591595e+00,6.207346183095e+00,9.055051875728e-02
-2.751536990979e+00,4.714722812814e+00,9.055667393278e-02
-2.751499772931e+00,7.499153114262e+00,9.015464310508e-02
-2.751450942620e+00,5.485650253120e+00,9.055308873760e-02
-2.751402870547e+00,3.109271401517e+00,9.055564421441e-02
-2.751398976718e+00,1.853369364705e+00,9.055463117009e-02
-2.751185737550e+00,5.566831058020e+00,9.055210673349e-02
-2.751167380746e+00,5.405192288279e+00,9.055279244293e-02
-2.750928125539e+00,4.837394789657e+00,9.055468700851e-02
-2.750823610280e+00,4.300768205678e+00,9.055521599169e-02
-2.750811513187e+00,3.914336809734e+00,9.055487830161e-02
-2.750719651648e+00,6.009420694081e+00,9.054907703655e-02
-2.750630807259e+00,7.229869126174e+00,9.054341579757e-02
-2.750579885543e+00,1.010702203695e+01,3.574003386938e-02
-2.750432237087e+00,8.565648904565e+00,8.604128265472e-02
-2.750366651564e+00,5.648723986138e+00,9.054980818425e-02
-2.750340232244e+00,5.325467848063e+00,9.055114239131e-02
-2.750281056898e+00,3.527905413790e+00,9.055330475313e-02
-2.750274567183e+00,1.434735352435e+00,9.055161506831e-02
-2.749975524356e+00,6.408277920603e+00,9.054548109788e-02
-2.749834397922e+00,2.304205993303e+00,9.055126055916e-02
-2.749814097565e+00,2.722840005574e+00,9.055154706753e-02
-2.749639387372e+00,7.923115657055e+00,8.894034384670e-02
-2.749619920670e+00,4.687500150008e-02,9.064362453076e-02
-2.749619920670e+00,6.718750215001e-01,9.054970498256e-02
-2.749619920670e+00,1.562500050003e-02,9.065626614995e-02
-2.749619920670e+00,7.812500250012e-02,9.063173439846e-02
-2.749619920670e+00,1.093750035002e-01,9.062060807144e-02
-2.749619920670e+00,5.781250185000e-01,9.054970498256e-02
-2.749619920670e+00,6.406250205000e-01,9.054970498256e-02
-2.749619920670e+00,7.343750235001e-01,9.054970498256e-02
-2.749619920670e+00,8.593750275000e-01,9.054970498256e-02
-2.749619920670e+00,8.906250285001e-01,9.054970498256e-02
-2.749619920670e+00,2.343750075005e-01,9.058396264083e-02
-2.749619920670e+00,2.656250085005e-01,9.057681512608e-02
-2.749619920670e+00,2.968750095005e-01,9.057048990172e-02
-2.749619920670e+00,3.281250105004e-01,9.056499387354e-02
-2.749619920670e+00,3.593750115003e-01,9.056033307086e-02
-2.749619920670e+00,3.906250125003e-01,9.055651262782e-02
-2.749619920670e+00,4.218750135002e-01,9.055353676729e-02
-2.749619920670e+00,4.843750155000e-01,9.055013105239e-02
-2.749619920670e+00,5.156250165000e-01,9.054970498256e-02
-2.749619920670e+00,5.468750175000e-01,9.054970498256e-02
-2.749619920670e+00,7.031250225001e-01,9.054970498256e-02
-2.749619920670e+00,7.656250245000e-01,9.054970498256e-02
-2.749619920670e+00,7.968750255000e-01,9.054970498256e-02
-2.749619920670e+00,8.281250265000e-01,9.054970498256e-02
-2.749619920670e+00,9.531250305000e-01,9.054970498256e-02
-2.749619920670e+00,9.843750315000e-01,9.054970498256e-02
-2.749619920670e+00,1.406250045003e-01,9.061025718670e-02
-2.749619920670e+00,1.718750055004e-01,9.060069266623e-02
-2.749619920670e+00,2.031250065004e-01,9.059192468501e-02
-2.749619920670e+00,4.531250145001e-01,9.055140878766e-02
-2.749619920670e+00,6.093750195000e-01,9.054970498256e-02
-2.749619920670e+00,9.218750295000e-01,9.054970498256e-02
-2.749599451236e+00,8.075409661526e+00,8.839650873960e-02
-2.749293142483e+00,1.885571981034e+00,9.054963384691e-02
-2.749232241413e+00,3.141474017846e+00,9.055049369732e-02
-2.749093301975e+00,9.924102230424e+00,5.678481446821e-02
-2.748988637228e+00,5.731318288737e+00,9.054611163640e-02
-2.748974743573e+00,5.246487584379e+00,9.054825345248e-02
-2.748967849512e+00,9.424798372175e+00,7.646989546951e-02
-2.748645039042e+00,4.962777732105e+00,9.054869641881e-02
-2.748626255145e+00,7.771682576043e+00,8.942048137871e-02
-2.748597687453e+00,3.946539426062e+00,9.054962356027e-02
-2.748588601852e+00,1.016101340164e+00,9.054725531453e-02
-2.748588186246e+00,4.332970822006e+00,9.054991020110e-02
-2.748500146749e+00,8.228545817048e+00,8.777617832823e-02
-2.748292153192e+00,9.266810527795e+00,7.927552911061e-02
-2.748190331248e+00,1.466937968764e+00,9.054666508302e-02
-2.748167249494e+00,9.583013745899e+00,7.265851664343e-02
-2.748088829464e+00,3.560108030119e+00,9.054809925234e-02
-2.747980877275e+00,9.092182901945e+00,8.161545348410e-02
-2.747706965388e+00,2.336408609632e+00,9.054620686947e-02
-2.747665066731e+00,2.755042621902e+00,9.054644218563e-02
-2.747646086466e+00,8.906272385947e+00,8.352639125831e-02
-2.747464464236e+00,7.350310025611e+00,9.050616873470e-02
-2.747187308249e+00,1.917774597362e+00,9.054462946286e-02
-2.747076227145e+00,5.168262116090e+00,9.054405553447e-02
-2.747061612279e+00,3.173676634175e+00,9.054533567872e-02
-2.747046713809e+00,5.814603185586e+00,9.054120049062e-02
-2.746964996317e+00,6.094831915875e+00,9.053970023568e-02
-2.746690973515e+00,6.294155544425e+00,9.053821360966e-02
-2.746676231542e+00,6.845892299797e+00,9.053565364311e-02
-2.746566470582e+00,7.621129150367e+00,8.984744440867e-02
-2.746525964218e+00,1.048303956493e+00,9.054235089180e-02
-2.746475564855e+00,6.728603715015e+00,9.053569271274e-02
-2.746383861720e+00,3.978742042391e+00,9.054436101134e-02
-2.746352762213e+00,4.365173438335e+00,9.054459645009e-02
-2.746335290291e+00,8.382505311315e+00,8.706008140106e-02
-2.746111018504e+00,4.763642559851e+00,9.054358655150e-02
-2.746106095314e+00,1.499140585092e+00,9.054170817264e-02
-2.746067947068e+00,6.963964627396e+00,9.053375547517e-02
-2.746016392432e+00,8.721293615691e+00,8.502440426310e-02
-2.745896602030e+00,3.592310646447e+00,9.054288609116e-02
-2.745888155595e+00,9.741445982333e+00,6.718788891549e-02
-2.745815969334e+00,4.642492060627e+00,9.054335874162e-02
-2.745579532854e+00,2.368611225960e+00,9.054114596169e-02
-2.745516035897e+00,2.787245238231e+00,9.054132993833e-02
-2.745471704302e+00,6.612113627174e+00,9.053389776445e-02
-2.745081474014e+00,1.949977213691e+00,9.053961800236e-02
-2.744890983145e+00,3.205879250503e+00,9.054017014150e-02
-2.744752299540e+00,4.887540952013e+00,9.053980286333e-02
-2.744650061126e+00,5.090802028636e+00,9.053857626887e-02
-2.744645045634e+00,7.082805907468e+00,9.052975061686e-02
-2.744535967442e+00,5.898567865352e+00,9.053472103749e-02
-2.744463326583e+00,1.080506572821e+00,9.053743967460e-02
-2.744170035986e+00,4.010944658720e+00,9.053909063669e-02
-2.744117338179e+00,4.397376054664e+00,9.053927472000e-02
-2.744021859379e+00,1.531343201421e+00,9.053674432204e-02
-2.743732963144e+00,1.008297016718e+01,3.997331832473e-02
-2.743704374597e+00,3.624513262776e+00,9.053766525197e-02
-2.743670498435e+00,6.496436753653e+00,9.052998900943e-02
-2.743466565520e+00,7.471474070689e+00,9.023013440333e-02
-2.743452100319e+00,2.400813842289e+00,9.053607781969e-02
-2.743367005063e+00,2.819447854559e+00,9.053621030903e-02
-2.743098814915e+00,8.537269292781e+00,8.622644960544e-02
-2.742975639780e+00,1.982179830019e+00,9.053459944976e-02
-2.742720354011e+00,3.238081866832e+00,9.053499706855e-02
-2.742626625470e+00,6.180889106693e+00,9.052887813737e-02
-2.742401953179e+00,7.202401313971e+00,9.052379927707e-02
-2.742400688948e+00,1.112709189150e+00,9.053252164821e-02
-2.742128439186e+00,9.900084398889e+00,5.868255844989e-02
-2.741963328637e+00,8.047322887431e+00,8.851303148853e-02
-2.741956210252e+00,4.043147275048e+00,9.053381241815e-02
-2.741937623445e+00,1.563545817749e+00,9.053177351603e-02
-2.741903283954e+00,7.895128968479e+00,8.904329440753e-02
-2.741881914146e+00,4.429578670992e+00,9.053394499209e-02
-2.741701689246e+00,5.014117873649e+00,9.053191877135e-02
-2.741650189156e+00,9.400886113953e+00,7.699534465147e-02
-2.741644052034e+00,5.460173233052e+00,9.052979351025e-02
-2.741512147163e+00,3.656715879105e+00,9.053243671710e-02
-2.741467195091e+00,5.541227378094e+00,9.052893584921e-02
-2.741451551338e+00,5.983201485983e+00,9.052695195822e-02
-2.741324667785e+00,2.433016458617e+00,9.053100242733e-02
-2.741272734990e+00,5.379843106454e+00,9.052918975434e-02
-2.741217974229e+00,2.851650470888e+00,9.053108328107e-02
-2.741077886913e+00,6.381587774531e+00,9.052430221093e-02
-2.740967014912e+00,9.559065720977e+00,7.338575018176e-02
-2.740964468473e+00,8.200360192486e+00,8.790918009159e-02
-2.740954171210e+00,9.063521625004e+00,8.197016641709e-02
-2.740869805546e+00,2.014382446348e+00,9.052957378938e-02
-2.740857244220e+00,9.242934610727e+00,7.967259567954e-02
-2.740798606298e+00,4.690716201256e+00,9.053114325041e-02
-2.740790640161e+00,7.743797205865e+00,8.951193790745e-02
-2.740737044693e+00,5.622994827488e+00,9.052692531216e-02
-2.740549724877e+00,3.270284483160e+00,9.052981644269e-02
-2.740516705161e+00,8.877703752558e+00,8.380189530246e-02
-2.740358429761e+00,5.300247680089e+00,9.052741222293e-02
-2.740353440305e+00,4.813110397145e+00,9.052950081030e-02
-2.740338051314e+00,1.144911805478e+00,9.052759679790e-02
-2.739853387510e+00,1.595748434078e+00,9.052679573937e-02
-2.739742384519e+00,4.075349891377e+00,9.052852633745e-02
-2.739646490112e+00,4.461781287321e+00,9.052860724759e-02
-2.739448547895e+00,5.705464835221e+00,9.052335836449e-02
-2.739333187415e+00,7.322735985763e+00,9.051589782667e-02
-2.739319919729e+00,3.688918495433e+00,9.052720046882e-02
-2.739197235251e+00,2.465219074946e+00,9.052591976840e-02
-2.739068943395e+00,2.883853087217e+00,9.052594883775e-02
-2.738906388277e+00,5.221397603062e+00,9.052420579666e-02
-2.738900514081e+00,8.354222073484e+00,8.721386982281e-02
-2.738805521139e+00,9.717462766023e+00,6.825905215332e-02
-2.738784770492e+00,8.692818871366e+00,8.524443284459e-02
-2.738763971311e+00,2.046585062676e+00,9.052454100549e-02
-2.738631819023e+00,7.593346329265e+00,8.992945975514e-02
-2.738379095743e+00,3.302487099489e+00,9.052462824669e-02
-2.738275413679e+00,1.177114421807e+00,9.052266510886e-02
-2.738236620606e+00,4.938220168567e+00,9.052385305075e-02
-2.738157655508e+00,6.818750490840e+00,9.051528990577e-02
-2.737861437032e+00,6.701573006045e+00,9.051514286992e-02
-2.737788685994e+00,6.068493175077e+00,9.051784464234e-02
-2.737769151575e+00,1.627951050406e+00,9.052181097679e-02
-2.737699900215e+00,6.267581332084e+00,9.051668020403e-02
-2.737645437699e+00,6.936712932985e+00,9.051357397658e-02
-2.737596718441e+00,5.788626623763e+00,9.051856808493e-02
-2.737528558785e+00,4.107552507706e+00,9.052323237630e-02
-2.737411066079e+00,4.493983903650e+00,9.052326146765e-02
-2.737127692295e+00,3.721121111762e+00,9.052195648935e-02
-2.737069802717e+00,2.497421691274e+00,9.052082982663e-02
-2.736921928409e+00,5.143303491410e+00,9.051987867776e-02
-2.736919912561e+00,2.916055703545e+00,9.052080696231e-02
-2.736887786021e+00,1.024202229483e+01,6.608629157023e-06
-2.736886040745e+00,1.005891829742e+01,4.366759108900e-02
-2.736762545222e+00,6.585195230310e+00,9.051301757084e-02
-2.736658137077e+00,2.078787679004e+00,9.051950108233e-02
-2.736319112142e+00,7.055445544522e+00,9.050987367390e-02
-2.736212776044e+00,1.209317038136e+00,9.051772656627e-02
-2.736208466609e+00,3.334689715818e+00,9.051943246326e-02
-2.735765392743e+00,8.508889680998e+00,8.640577777481e-02
-2.735684915641e+00,1.660153666735e+00,9.051681921299e-02
-2.735454159944e+00,4.739496483074e+00,9.051805530244e-02
-2.735433358109e+00,7.443795027115e+00,9.030397736238e-02
-2.735314733052e+00,4.139755124035e+00,9.051793051636e-02
-2.735176636931e+00,5.872469384452e+00,9.051237055316e-02
-2.735175642045e+00,4.526186519978e+00,9.051790763338e-02
-2.735163576397e+00,9.876066567353e+00,6.041291998225e-02
-2.734996711086e+00,4.618626060742e+00,9.051747778035e-02
-2.734942370182e+00,2.529624307603e+00,9.051573258574e-02
-2.734935464861e+00,3.753323728090e+00,9.051670476086e-02
-2.734866834271e+00,6.469631878578e+00,9.050890962185e-02
-2.734770881727e+00,2.948258319874e+00,9.051565763794e-02
-2.734552302842e+00,2.110990295333e+00,9.051445400406e-02
-2.734410433767e+00,5.065975927721e+00,9.051407199067e-02
-2.734332528799e+00,9.376973855731e+00,7.749544214531e-02
-2.734327206038e+00,8.019236113336e+00,8.862663242037e-02
-2.734260429473e+00,4.863119396255e+00,9.051465564121e-02
-2.734173099098e+00,7.174933501768e+00,9.050409122975e-02
-2.734167180536e+00,7.867142279902e+00,8.914381902827e-02
-2.734150138409e+00,1.241519654464e+00,9.051278115524e-02
-2.734037837475e+00,3.366892332147e+00,9.051422907508e-02
-2.733927465144e+00,9.034860348064e+00,8.230959616551e-02
-2.733766780329e+00,9.535117696055e+00,7.407206612293e-02
-2.733600679706e+00,1.692356283063e+00,9.051182043261e-02
-2.733542659344e+00,6.154432030292e+00,9.050713096944e-02
-2.733428790196e+00,8.172174567923e+00,8.803862256865e-02
-2.733422335249e+00,9.219058693657e+00,8.005269069512e-02
-2.733387323856e+00,8.849135119168e+00,8.406685546243e-02
-2.733100907318e+00,4.171957740363e+00,9.051262073922e-02
-2.732955025176e+00,7.715911835686e+00,8.960137338160e-02
-2.732940218012e+00,4.558389136307e+00,9.051254572583e-02
-2.732814937648e+00,2.561826923931e+00,9.051062802937e-02
-2.732743237428e+00,3.785526344419e+00,9.051144526547e-02
-2.732621850893e+00,2.980460936203e+00,9.051050084779e-02
-2.732446468608e+00,2.143192911661e+00,9.050939975484e-02
-2.732183451029e+00,5.956982277884e+00,9.050471649017e-02
-2.732180249469e+00,6.354897628460e+00,9.050302059713e-02
-2.732087500775e+00,1.273722270792e+00,9.050782886087e-02
-2.731867208341e+00,3.399094948475e+00,9.050901806476e-02
-2.731837161447e+00,5.434696212985e+00,9.050628314383e-02
-2.731748652632e+00,5.515623698168e+00,9.050564772064e-02
-2.731722886684e+00,9.693479549713e+00,6.925788402980e-02
-2.731553148552e+00,8.664344127042e+00,8.545627571068e-02
-2.731516443772e+00,1.724558899391e+00,9.050681462024e-02
-2.731465737870e+00,8.325938835652e+00,8.736322190622e-02
-2.731378089235e+00,5.354493924629e+00,9.050546688020e-02
-2.731377353514e+00,4.989425460749e+00,9.050714687435e-02
-2.731201910593e+00,7.295161945916e+00,9.049635426420e-02
-2.731107437822e+00,5.597265668838e+00,9.050376294122e-02
-2.730887081584e+00,4.204160356692e+00,9.050730302640e-02
-2.730704793979e+00,4.590591752636e+00,9.050717572597e-02
-2.730697167464e+00,7.565563508163e+00,9.000976297057e-02
-2.730687505114e+00,2.594029540260e+00,9.050551614114e-02
-2.730551009994e+00,3.817728960748e+00,9.050617798524e-02
-2.730472820059e+00,3.012663552531e+00,9.050533657497e-02
-2.730376627279e+00,5.275027512115e+00,9.050346800691e-02
-2.730340634373e+00,2.175395527990e+00,9.050433831874e-02
-2.730158969914e+00,1.021793696465e+01,1.009049099288e-02
-2.730060221617e+00,4.666709589697e+00,9.050544830295e-02
-2.730039118346e+00,1.003486642765e+01,4.691955076279e-02
-2.730024863140e+00,1.305924887121e+00,9.050286966818e-02
-2.729908458562e+00,5.679611381706e+00,9.050049093346e-02
-2.729778755072e+00,4.788826004634e+00,9.050418614202e-02
-2.729696579207e+00,3.431297564804e+00,9.050379941487e-02
-2.729639079474e+00,6.791608681882e+00,9.049482899460e-02
-2.729432207837e+00,1.756761515720e+00,9.050180176044e-02
-2.729247309210e+00,6.674542297074e+00,9.049449493323e-02
-2.729222928330e+00,6.909461238573e+00,9.049329627447e-02
-2.728838032981e+00,5.196307621745e+00,9.050003521833e-02
-2.728708826915e+00,6.241007119744e+00,9.049504050259e-02
-2.728673255851e+00,4.236362973020e+00,9.050197735941e-02
-2.728612375671e+00,6.042154434279e+00,9.049574809208e-02
-2.728560072580e+00,2.626232156588e+00,9.050039690459e-02
-2.728431970571e+00,8.480510069214e+00,8.657953578155e-02
-2.728358782560e+00,3.849931577077e+00,9.050090290217e-02
-2.728323789225e+00,3.044866168860e+00,9.050016480251e-02
-2.728234800139e+00,2.207598144318e+00,9.049926967982e-02
-2.728198713608e+00,9.852048735817e+00,6.199706825116e-02
-2.728146723073e+00,5.762650061939e+00,9.049582146444e-02
-2.728053386142e+00,6.558276833446e+00,9.049203586552e-02
-2.727993178650e+00,7.028085181575e+00,9.048986030543e-02
-2.727962225505e+00,1.338127503449e+00,9.049790356219e-02
-2.727828202170e+00,4.913662605028e+00,9.049888258190e-02
-2.727525950073e+00,3.463500181132e+00,9.049857310792e-02
-2.727400150698e+00,7.416115983541e+00,9.037636814280e-02
-2.727347971903e+00,1.788964132048e+00,9.049678183773e-02
-2.727014868442e+00,9.353061597510e+00,7.797196971066e-02
-2.726900759078e+00,9.006199071124e+00,8.263469592016e-02
-2.726767629673e+00,5.118344866731e+00,9.049540391486e-02
-2.726691083439e+00,7.991149339241e+00,8.873741988654e-02
-2.726566545747e+00,9.511169671132e+00,7.472080879154e-02
-2.726459430117e+00,4.268565589349e+00,9.049664371965e-02
-2.726432640046e+00,2.658434772916e+00,9.049527030324e-02
-2.726431077118e+00,7.839155591326e+00,8.924196069601e-02
-2.726257942551e+00,8.820566485778e+00,8.432185827116e-02
-2.726243079748e+00,9.192744398641e+00,8.044894840932e-02
-2.726174758390e+00,3.077068785189e+00,9.049498551343e-02
-2.726166555126e+00,3.882134193405e+00,9.049561999823e-02
-2.726128965905e+00,2.239800760647e+00,9.049419382207e-02
-2.726063170106e+00,6.442827003502e+00,9.048772781707e-02
-2.725944245018e+00,7.147465689565e+00,9.048429115804e-02
-2.725899587870e+00,1.370330119778e+00,9.049293052786e-02
-2.725893111920e+00,8.143988943361e+00,8.816464574791e-02
-2.725817306420e+00,5.846370903552e+00,9.048989932335e-02
-2.725355320939e+00,3.495702797461e+00,9.049333912638e-02
-2.725263735968e+00,1.821166748377e+00,9.049175483656e-02
-2.725119410191e+00,7.688026465508e+00,8.968885468534e-02
-2.724797301385e+00,4.715350406297e+00,9.049239249313e-02
-2.724640252229e+00,9.669496333404e+00,7.019144924863e-02
-2.724458693219e+00,6.127974953890e+00,9.048527672541e-02
-2.724321526612e+00,8.635869382717e+00,8.566093697730e-02
-2.724305207511e+00,2.690637389245e+00,9.049013632056e-02
-2.724245604383e+00,4.300768205678e+00,9.049130208850e-02
-2.724170806408e+00,5.041149826807e+00,9.048944233295e-02
-2.724030961660e+00,8.297655597820e+00,8.750832536416e-02
-2.724025727556e+00,3.109271401517e+00,9.048979869066e-02
-2.724023131670e+00,2.272003376975e+00,9.048911072946e-02
-2.723974327692e+00,3.914336809734e+00,9.049032925532e-02
-2.723836950236e+00,1.402532736107e+00,9.048795055008e-02
-2.723768559406e+00,4.838697840497e+00,9.048934291359e-02
-2.723430153806e+00,1.019385163447e+01,1.829813214200e-02
-2.723282612025e+00,6.328207482389e+00,9.048153317126e-02
-2.723192195947e+00,1.001081455789e+01,4.980407136565e-02
-2.723184691805e+00,3.527905413790e+00,9.048809745266e-02
-2.723179500033e+00,1.853369364705e+00,9.048672074136e-02
-2.723070633772e+00,7.267587906069e+00,9.047671965942e-02
-2.722915350720e+00,5.930763069785e+00,9.048237009655e-02
-2.722762515905e+00,7.537780687061e+00,9.008840807868e-02
-2.722177774977e+00,2.722840005574e+00,9.048499493996e-02
-2.722031778650e+00,4.332970822006e+00,9.048595244727e-02
-2.722030270861e+00,5.409219192918e+00,9.048256887952e-02
-2.722030110173e+00,5.490020018242e+00,9.048224185041e-02
-2.721917297436e+00,2.304205993303e+00,9.048402038588e-02
-2.721876696722e+00,3.141474017846e+00,9.048460431711e-02
-2.721782100259e+00,3.946539426062e+00,9.048503065529e-02
-2.721774312601e+00,1.434735352435e+00,9.048296361375e-02
-2.721483443479e+00,5.329144742805e+00,9.048162334094e-02
-2.721477830951e+00,5.571536510187e+00,9.048048259784e-02
-2.721233850819e+00,9.828030904282e+00,6.345274745095e-02
-2.721120503439e+00,6.764466872924e+00,9.047427039097e-02
-2.721098548400e+00,8.452130457431e+00,8.674797627342e-02
-2.721095264099e+00,1.885571981034e+00,9.048167953653e-02
-2.721053017783e+00,4.964733047849e+00,9.048218139880e-02
-2.721014062671e+00,3.560108030119e+00,9.048284806911e-02
-2.720828089040e+00,4.687500150008e-02,9.057705284793e-02
-2.720828089040e+00,7.812500250012e-02,9.056480955182e-02
-2.720828089040e+00,2.656250085005e-01,9.050824145370e-02
-2.720828089040e+00,2.968750095005e-01,9.050172446308e-02
-2.720828089040e+00,6.718750215000e-01,9.048030666633e-02
-2.720828089040e+00,8.906250285001e-01,9.048030666633e-02
-2.720828089040e+00,1.562500050003e-02,9.059006847099e-02
-2.720828089040e+00,1.093750035002e-01,9.055335152244e-02
-2.720828089040e+00,2.343750075005e-01,9.051560519959e-02
-2.720828089040e+00,3.281250105004e-01,9.049606149385e-02
-2.720828089040e+00,3.593750115003e-01,9.049125889090e-02
-2.720828089040e+00,3.906250125003e-01,9.048732205775e-02
-2.720828089040e+00,4.218750135002e-01,9.048425543938e-02
-2.720828089040e+00,4.531250145001e-01,9.048206250793e-02
-2.720828089040e+00,4.843750155000e-01,9.048074575154e-02
-2.720828089040e+00,5.156250165000e-01,9.048030666633e-02
-2.720828089040e+00,5.468750175000e-01,9.048030666633e-02
-2.720828089040e+00,5.781250185000e-01,9.048030666633e-02
-2.720828089040e+00,6.093750195000e-01,9.048030666633e-02
-2.720828089040e+00,6.406250205000e-01,9.048030666633e-02
-2.720828089040e+00,7.031250225001e-01,9.048030666633e-02
-2.720828089040e+00,7.343750235001e-01,9.048030666633e-02
-2.720828089040e+00,7.656250245000e-01,9.048030666633e-02
-2.720828089040e+00,7.968750255000e-01,9.048030666633e-02
-2.720828089040e+00,8.281250265000e-01,9.048030666633e-02
-2.720828089040e+00,8.593750275000e-01,9.048030666633e-02
-2.720828089040e+00,9.218750295000e-01,9.048030666633e-02
-2.720828089040e+00,9.531250305000e-01,9.048030666633e-02
-2.720828089040e+00,9.843750315000e-01,9.048030666633e-02
-2.720828089040e+00,1.406250045003e-01,9.054269098744e-02
-2.720828089040e+00,2.031250065004e-01,9.052380753627e-02
-2.720828089040e+00,1.718750055004e-01,9.053283942635e-02
-2.720800418961e+00,6.882209544161e+00,9.047292184349e-02
-2.720633181387e+00,6.647511588103e+00,9.047363872702e-02
-2.720394824796e+00,5.249807344140e+00,9.047930575077e-02
-2.720368369229e+00,5.653757928190e+00,9.047750883756e-02
-2.720050342443e+00,2.755042621902e+00,9.047984614481e-02
-2.719874053013e+00,8.977537794183e+00,8.294634207840e-02
-2.719817952916e+00,4.365173438335e+00,9.048059477723e-02
-2.719811463201e+00,2.336408609632e+00,9.047892277521e-02
-2.719807569372e+00,1.016101340164e+00,9.047783502933e-02
-2.719727665888e+00,3.173676634175e+00,9.047940237562e-02
-2.719717753614e+00,6.214432907403e+00,9.047329395984e-02
-2.719711674966e+00,1.466937968764e+00,9.047796970368e-02
-2.719697208086e+00,9.329149339288e+00,7.842654612666e-02
-2.719667245158e+00,7.000724818628e+00,9.046966593504e-02
-2.719589872825e+00,3.978742042391e+00,9.047972417992e-02
-2.719436065348e+00,6.015815693481e+00,9.047351651140e-02
-2.719366943287e+00,7.388436939967e+00,9.044735025451e-02
-2.719366311165e+00,9.487221646210e+00,7.533496792108e-02
-2.719344227061e+00,6.531358436582e+00,9.047095210718e-02
-2.719321836936e+00,4.642702978138e+00,9.047943199986e-02
-2.719319477718e+00,9.163991725676e+00,8.085720501899e-02
-2.719204069838e+00,4.764541612123e+00,9.047864735316e-02
-2.719128561246e+00,8.791997852389e+00,8.456744798459e-02
-2.719054960840e+00,7.963062565146e+00,8.884549707652e-02
-2.719011028164e+00,1.917774597362e+00,9.047663120637e-02
-2.718843433537e+00,3.592310646447e+00,9.047759095805e-02
-2.718769677686e+00,5.171217640428e+00,9.047574126727e-02
-2.718696727705e+00,5.736673500116e+00,9.047296009247e-02
-2.718694973699e+00,7.811168902750e+00,8.933766220733e-02
-2.718357433643e+00,8.115803318798e+00,8.828738253703e-02
-2.717922909908e+00,2.787245238231e+00,9.047468991842e-02
-2.717766530037e+00,1.048303956493e+00,9.047288662125e-02
-2.717715390937e+00,7.119997877362e+00,9.046439856386e-02
-2.717705628967e+00,2.368611225960e+00,9.047381788125e-02
-2.717649037331e+00,1.499140585092e+00,9.047296880468e-02
-2.717604127183e+00,4.397376054664e+00,9.047522905957e-02
-2.717578635054e+00,3.205879250503e+00,9.047419284900e-02
-2.717557617773e+00,9.645513117094e+00,7.106592174673e-02
-2.717419783734e+00,4.889105041490e+00,9.047377731913e-02
-2.717397645391e+00,4.010944658720e+00,9.047440981096e-02
-2.717283795207e+00,7.660141095329e+00,8.977444587902e-02
-2.717259505942e+00,6.416022128426e+00,9.046644306627e-02
-2.717089904672e+00,8.607394638393e+00,8.585882697656e-02
-2.716926792230e+00,1.949977213691e+00,9.047157573520e-02
-2.716701337699e+00,1.016976630429e+01,2.510477025591e-02
-2.716672804403e+00,3.624513262776e+00,9.047232610173e-02
-2.716613330936e+00,5.093386242051e+00,9.047078093055e-02
-2.716596185449e+00,8.269372359988e+00,8.764935764657e-02
-2.716457975909e+00,5.820272422652e+00,9.046715918227e-02
-2.716345273548e+00,9.986762688120e+00,5.238003067038e-02
-2.715795477374e+00,2.819447854559e+00,9.046952624406e-02
-2.715725490703e+00,1.080506572821e+00,9.046793135541e-02
-2.715599794733e+00,2.400813842289e+00,9.046870568777e-02
-2.715586399697e+00,1.531343201420e+00,9.046796090147e-02
-2.715429604220e+00,3.238081866832e+00,9.046897571999e-02
-2.715390301449e+00,4.429578670992e+00,9.046985527543e-02
-2.715374727093e+00,6.101517877488e+00,9.046330858820e-02
-2.715205417957e+00,4.043147275048e+00,9.046908753009e-02
-2.714939356951e+00,7.240013866221e+00,9.045699351145e-02
-2.714842556295e+00,1.982179830019e+00,9.046651310726e-02
-2.714827864346e+00,7.509997865959e+00,9.016544693297e-02
-2.714502175270e+00,3.656715879105e+00,9.046705348234e-02
-2.714384974581e+00,6.301517336318e+00,9.045989308419e-02
-2.714268988030e+00,9.804013072746e+00,6.479494253241e-02
-2.714140442825e+00,4.691204329520e+00,9.046659781916e-02
-2.713931179050e+00,5.016323725892e+00,9.046468688905e-02
-2.713765126228e+00,8.423750845648e+00,8.691133708750e-02
-2.713684451368e+00,1.112709189150e+00,9.046296921698e-02
-2.713668044840e+00,2.851650470888e+00,9.046435510497e-02
-2.713647250411e+00,5.904543861687e+00,9.045991224503e-02
-2.713523762062e+00,1.563545817749e+00,9.046294597877e-02
-2.713493960498e+00,2.433016458617e+00,9.046358617851e-02
-2.713280573386e+00,3.270284483160e+00,9.046375097130e-02
-2.713276689339e+00,4.814276284740e+00,9.046389950989e-02
-2.713176475715e+00,4.461781287321e+00,9.046447340592e-02
-2.713013190524e+00,4.075349891377e+00,9.046375731895e-02
-2.712847346947e+00,8.948876517243e+00,8.324534175352e-02
-2.712758320361e+00,2.014382446348e+00,9.046144330674e-02
-2.712601927405e+00,6.737325063967e+00,9.045361357649e-02
-2.712395875688e+00,9.135239052712e+00,8.124649701702e-02
-2.712379547729e+00,9.305237081066e+00,7.886064541293e-02
-2.712377909592e+00,6.854957849750e+00,9.045245015806e-02
-2.712331546136e+00,3.688918495433e+00,9.046177308205e-02
-2.712311567714e+00,5.464416338317e+00,9.045868183368e-02
-2.712223380274e+00,5.383742172851e+00,9.045873302044e-02
-2.712166076583e+00,9.463273621288e+00,7.591722443947e-02
-2.712019053564e+00,6.620480879132e+00,9.045265096731e-02
-2.711999179941e+00,8.763429218999e+00,8.480413029972e-02
-2.711848224080e+00,5.545807351537e+00,9.045708375352e-02
-2.711643412033e+00,1.144911805478e+00,9.045800019111e-02
-2.711588797723e+00,5.303795560980e+00,9.045765431091e-02
-2.711540612306e+00,2.883853087217e+00,9.045917648430e-02
-2.711461124427e+00,1.595748434078e+00,9.045792402123e-02
-2.711418838241e+00,7.934975791051e+00,8.895096231908e-02
-2.711388126264e+00,2.465219074946e+00,9.045845933712e-02
-2.711341311666e+00,6.973364455681e+00,9.044937531102e-02
-2.711333735876e+00,7.360757896393e+00,9.044758454363e-02
-2.711131542552e+00,3.302487099489e+00,9.045851858556e-02
-2.710962649982e+00,4.493983903650e+00,9.045908343204e-02
-2.710958870281e+00,7.783182214174e+00,8.943119745586e-02
-2.710828279896e+00,5.627904474674e+00,9.045426088872e-02
-2.710821755367e+00,8.087617694236e+00,8.840695920067e-02
-2.710820963090e+00,4.107552507706e+00,9.045841915910e-02
-2.710728682051e+00,4.940040634949e+00,9.045708683688e-02
-2.710726680314e+00,6.187858695063e+00,9.045144003222e-02
-2.710674084426e+00,2.046585062676e+00,9.045636631780e-02
-2.710635067981e+00,6.504440039718e+00,9.044976575515e-02
-2.710474983318e+00,9.621529900784e+00,7.188672080163e-02
-2.710413022313e+00,5.224587176166e+00,9.045501898615e-02
-2.710259755025e+00,5.989476952684e+00,9.045117359963e-02
-2.710160917002e+00,3.721121111762e+00,9.045648488295e-02
-2.709972521591e+00,1.014568097411e+01,3.084076116121e-02
-2.709858282732e+00,8.578919894068e+00,8.605027176612e-02
-2.709602372698e+00,1.177114421807e+00,9.045302426289e-02
-2.709498351149e+00,9.962710818354e+00,5.469436546482e-02
-2.709486536857e+00,7.092530065158e+00,9.044435122205e-02
-2.709448180222e+00,7.632255725151e+00,8.985820834487e-02
-2.709413179771e+00,2.916055703545e+00,9.045399036519e-02
-2.709398486792e+00,1.627951050406e+00,9.045289501347e-02
-2.709282292029e+00,2.497421691274e+00,9.045332514726e-02
-2.709246732337e+00,5.710696938293e+00,9.044998343705e-02
-2.709161409238e+00,8.241089122157e+00,8.778635562092e-02
-2.708982511718e+00,3.334689715818e+00,9.045327854538e-02
-2.708748824248e+00,4.526186519978e+00,9.045368533478e-02
-2.708701322390e+00,5.146127659111e+00,9.045126511903e-02
-2.708629384604e+00,4.740257219612e+00,9.045285306272e-02
-2.708628735656e+00,4.139755124035e+00,9.045307303206e-02
-2.708589848492e+00,2.078787679004e+00,9.045128212456e-02
-2.708583452255e+00,4.618696366579e+00,9.045328074751e-02
-2.708455841778e+00,6.389217253350e+00,9.044503311006e-02
-2.707990287868e+00,3.753323728090e+00,9.045118886707e-02
-2.707561333363e+00,1.209317038136e+00,9.044804141737e-02
-2.707335849158e+00,1.660153666735e+00,9.044785894006e-02
-2.707304125242e+00,9.779995241211e+00,6.603639547269e-02
-2.707285747237e+00,2.948258319874e+00,9.044879673072e-02
-2.707176457795e+00,2.529624307603e+00,9.044818359248e-02
-2.707098645398e+00,5.794173941752e+00,9.044430376267e-02
-2.707011365298e+00,4.864547477952e+00,9.044833827131e-02
-2.706893212787e+00,7.482215044856e+00,9.024090926945e-02
-2.706833480883e+00,3.366892332147e+00,9.044803083330e-02
-2.706808080130e+00,7.212439826374e+00,9.043717531864e-02
-2.706534998514e+00,4.558389136307e+00,9.044827909505e-02
-2.706505612557e+00,2.110990295333e+00,9.044619071108e-02
-2.706459032200e+00,5.068427617372e+00,9.044603077539e-02
-2.706436508222e+00,4.171957740363e+00,9.044771891931e-02
-2.706431704056e+00,8.395371233864e+00,8.706984231176e-02
-2.706290760968e+00,6.075060801087e+00,9.044108002258e-02
-2.705820640881e+00,8.920215240303e+00,8.353243942978e-02
-2.705819658734e+00,3.785526344419e+00,9.044588501642e-02
-2.705520294028e+00,1.241519654464e+00,9.044305163958e-02
-2.705487337138e+00,6.274827190247e+00,9.043814590155e-02
-2.705472273658e+00,9.106486379747e+00,8.161825958529e-02
-2.705273211523e+00,1.692356283063e+00,9.044281578553e-02
-2.705158314703e+00,2.980460936203e+00,9.044359556390e-02
-2.705070623561e+00,2.561826923931e+00,9.044303465634e-02
-2.705061887372e+00,9.281324822844e+00,7.927561265950e-02
-2.704965842001e+00,9.439325596365e+00,7.646998933885e-02
-2.704869798636e+00,8.734860585609e+00,8.503237569022e-02
-2.704684450049e+00,3.399094948475e+00,9.044277543182e-02
-2.704421376622e+00,2.143192911661e+00,9.044109206138e-02
-2.704379150101e+00,5.878324653588e+00,9.043733219253e-02
-2.704321172781e+00,4.590591752636e+00,9.044286469371e-02
-2.704244280788e+00,4.204160356692e+00,9.044235680225e-02
-2.704083351371e+00,6.710183255009e+00,9.043278074256e-02
-2.703955400224e+00,6.827706155338e+00,9.043188069245e-02
-2.703782715643e+00,7.906889016956e+00,8.905390936290e-02
-2.703691551691e+00,4.991497624977e+00,9.043960370812e-02
-2.703649029600e+00,3.817728960748e+00,9.044057331293e-02
-2.703483584265e+00,4.667058252743e+00,9.044062640883e-02
-2.703479254693e+00,1.273722270792e+00,9.043805491448e-02
-2.703404925741e+00,6.593450170162e+00,9.043156101591e-02
-2.703392348862e+00,9.597546684475e+00,7.265862292250e-02
-2.703300528465e+00,7.333078852819e+00,9.042792919427e-02
-2.703286077091e+00,8.059432069674e+00,8.852349576672e-02
-2.703243705484e+00,1.012159564393e+01,3.574016660942e-02
-2.703222766863e+00,7.755195525598e+00,8.952263963040e-02
-2.703210573888e+00,1.724558899391e+00,9.043776553436e-02
-2.703030882169e+00,3.012663552531e+00,9.043838684771e-02
-2.703015378174e+00,6.946004092735e+00,9.042898790215e-02
-2.702964789326e+00,2.594029540260e+00,9.043787832231e-02
-2.702784819272e+00,4.789854728982e+00,9.043832507658e-02
-2.702651428750e+00,9.938658948588e+00,5.678495267031e-02
-2.702626660791e+00,8.550445149743e+00,8.623557712123e-02
-2.702593025256e+00,5.438812658391e+00,9.043485475463e-02
-2.702535419215e+00,3.431297564804e+00,9.043751232337e-02
-2.702416489688e+00,5.358265152783e+00,9.043477505797e-02
-2.702337140688e+00,2.175395527990e+00,9.043598615943e-02
-2.702218617209e+00,5.520078192887e+00,9.043356588605e-02
-2.702052053355e+00,4.236362973020e+00,9.043698666223e-02
-2.701925908900e+00,6.477521642854e+00,9.042847626958e-02
-2.701735607014e+00,6.161284482722e+00,9.042947817824e-02
-2.701726633028e+00,8.212805884325e+00,8.791939625200e-02
-2.701694151967e+00,5.278446379155e+00,9.043337653950e-02
-2.701612565237e+00,7.604370354972e+00,8.994020092403e-02
-2.701478400466e+00,3.849931577077e+00,9.043525373847e-02
-2.701438215358e+00,1.305924887121e+00,9.043305122700e-02
-2.701288190564e+00,5.602051021158e+00,9.043086955933e-02
-2.701257682776e+00,7.065062252955e+00,9.042414152373e-02
-2.701147936253e+00,1.756761515720e+00,9.043270817100e-02
-2.701083444701e+00,5.963138211886e+00,9.042871880468e-02
-2.700903449634e+00,3.044866168860e+00,9.043317056508e-02
-2.700858955092e+00,2.626232156588e+00,9.043271457383e-02
-2.700431219830e+00,5.199367008192e+00,9.043060722896e-02
-2.700404346320e+00,4.915348222049e+00,9.043186278191e-02
-2.700386388381e+00,3.463500181132e+00,9.043224149035e-02
-2.700339262453e+00,9.755977409675e+00,6.718800981006e-02
-2.700252904753e+00,2.207598144318e+00,9.043087298917e-02
-2.699859825921e+00,4.268565589349e+00,9.043160848055e-02
-2.699796736969e+00,5.684720376469e+00,9.042689097121e-02
-2.699652177614e+00,6.362412378274e+00,9.042339115238e-02
-2.699397176023e+00,1.338127503449e+00,9.042804056203e-02
-2.699307771332e+00,3.882134193405e+00,9.042992627488e-02
-2.699098281885e+00,8.366991622081e+00,8.722370325742e-02
-2.699085298619e+00,1.788964132048e+00,9.042764367985e-02
-2.698958561228e+00,7.454432223754e+00,9.031472476333e-02
-2.698793934816e+00,8.891553963362e+00,8.380832287298e-02
-2.698776017100e+00,3.077068785189e+00,9.042794669889e-02
-2.698753120857e+00,2.658434772916e+00,9.042754339431e-02
-2.698676803308e+00,7.184865786526e+00,9.041726457866e-02
-2.698632967094e+00,5.121037677795e+00,9.042652287843e-02
-2.698548671628e+00,9.077733706783e+00,8.197363351060e-02
-2.698237357547e+00,3.495702797461e+00,9.042696291510e-02
-2.698168668819e+00,2.239800760647e+00,9.042575253447e-02
-2.698054699370e+00,4.715972827101e+00,9.042692451494e-02
-2.697765607418e+00,9.415377571443e+00,7.699543681840e-02
-2.697744227016e+00,9.257412564623e+00,7.967267782385e-02
-2.697740417330e+00,8.706291952220e+00,8.525262240399e-02
-2.697739314887e+00,5.768075460852e+00,9.042133250830e-02
-2.697667598487e+00,4.300768205678e+00,9.042622223845e-02
-2.697356136689e+00,1.370330119778e+00,9.042302290442e-02
-2.697206794842e+00,6.048603724685e+00,9.041873976987e-02
-2.697137142198e+00,3.914336809734e+00,9.042459090394e-02
-2.697022660984e+00,1.821166748377e+00,9.042257204525e-02
-2.696648584566e+00,3.109271401517e+00,9.042271523196e-02
-2.696647286623e+00,2.690637389245e+00,9.042236476707e-02
-2.696602946863e+00,4.839989914413e+00,9.042276639720e-02
-2.696589699694e+00,6.248137044176e+00,9.041629106551e-02
-2.696514889376e+00,1.009751031375e+01,3.997345669041e-02
-2.696309714407e+00,9.573563468165e+00,7.338585440683e-02
-2.696304733464e+00,5.043468992692e+00,9.042115300326e-02
-2.696146593044e+00,7.878802242861e+00,8.915442763805e-02
-2.696088326713e+00,3.527905413790e+00,9.042167657989e-02
-2.696084432884e+00,2.272003376975e+00,9.042062477918e-02
-2.695804506352e+00,9.914607078822e+00,5.868269467475e-02
-2.695750398814e+00,8.031246445111e+00,8.863710640326e-02
-2.695564775337e+00,6.683041446052e+00,9.041178492194e-02
-2.695532890855e+00,6.800454460926e+00,9.041121292092e-02
-2.695486663445e+00,7.727208837022e+00,8.961205876278e-02
-2.695475371053e+00,4.332970822006e+00,9.042082791711e-02
-2.695395038851e+00,8.521970405419e+00,8.641503007344e-02
-2.695315097354e+00,1.402532736107e+00,9.041799823896e-02
-2.695267321054e+00,7.305399809245e+00,9.040818229664e-02
-2.695111049792e+00,5.852105445489e+00,9.041448237811e-02
-2.694966513064e+00,3.946539426062e+00,9.041924760735e-02
-2.694960023349e+00,1.853369364705e+00,9.041749325151e-02
-2.694790797919e+00,6.566419461191e+00,9.041036832245e-02
-2.694689444683e+00,6.918643729788e+00,9.040850317671e-02
-2.694541452389e+00,2.722840005574e+00,9.041717867542e-02
-2.694521152032e+00,3.141474017846e+00,9.041747614707e-02
-2.694291856817e+00,8.184522646493e+00,8.804887163316e-02
-2.694000196950e+00,2.304205993303e+00,9.041548970709e-02
-2.693939295879e+00,3.560108030119e+00,9.041638246698e-02
-2.693776950252e+00,7.576484984794e+00,9.002048004516e-02
-2.693451924331e+00,4.966671524063e+00,9.041438491346e-02
-2.693374399664e+00,9.731959578139e+00,6.825917067416e-02
-2.693283143619e+00,4.365173438335e+00,9.041542549766e-02
-2.693274058019e+00,1.434735352435e+00,9.041296655041e-02
-2.693216749820e+00,6.450603245990e+00,9.040708311157e-02
-2.693028828696e+00,7.037594440752e+00,9.040383553714e-02
-2.692897385715e+00,1.885571981034e+00,9.041240728290e-02
-2.692874482797e+00,5.413208978465e+00,9.041090470156e-02
-2.692826725705e+00,4.642912175966e+00,9.041433817913e-02
-2.692795883930e+00,3.978742042391e+00,9.041389636680e-02
-2.692744533714e+00,6.134710270381e+00,9.040736458003e-02
-2.692609599101e+00,5.332788132716e+00,9.041069449168e-02
-2.692589010339e+00,5.494349034236e+00,9.040992847977e-02
-2.692435618154e+00,2.755042621902e+00,9.041198510259e-02
-2.692393719497e+00,3.173676634175e+00,9.041222942696e-02
-2.692292949205e+00,4.765433173225e+00,9.041249631188e-02
-2.692036257410e+00,1.562500050003e-02,9.052262745828e-02
-2.692036257410e+00,4.687500150008e-02,9.050922274536e-02
-2.692036257410e+00,7.812500250012e-02,9.049661197048e-02
-2.692036257410e+00,1.093750035002e-01,9.048480873224e-02
-2.692036257410e+00,1.406250045003e-01,9.047382588477e-02
-2.692036257410e+00,2.031250065004e-01,9.045436882683e-02
-2.692036257410e+00,2.343750075005e-01,9.044591626464e-02
-2.692036257410e+00,2.656250085005e-01,9.043832732267e-02
-2.692036257410e+00,2.968750095005e-01,9.043161059416e-02
-2.692036257410e+00,3.281250105004e-01,9.042577372814e-02
-2.692036257410e+00,3.593750115003e-01,9.042082340493e-02
-2.692036257410e+00,3.906250125003e-01,9.041676531450e-02
-2.692036257410e+00,4.218750135002e-01,9.041360413795e-02
-2.692036257410e+00,4.531250145001e-01,9.041134353222e-02
-2.692036257410e+00,4.843750155000e-01,9.040998611805e-02
-2.692036257410e+00,5.156250165000e-01,9.040953347136e-02
-2.692036257410e+00,5.468750175000e-01,9.040953347136e-02
-2.692036257410e+00,5.781250185000e-01,9.040953347136e-02
-2.692036257410e+00,6.093750195000e-01,9.040953347136e-02
-2.692036257410e+00,6.406250205000e-01,9.040953347136e-02
-2.692036257410e+00,6.718750215000e-01,9.040953347136e-02
-2.692036257410e+00,7.031250225001e-01,9.040953347136e-02
-2.692036257410e+00,7.343750235001e-01,9.040953347136e-02
-2.692036257410e+00,7.656250245000e-01,9.040953347136e-02
-2.692036257410e+00,7.968750255000e-01,9.040953347136e-02
-2.692036257410e+00,8.281250265000e-01,9.040953347136e-02
-2.692036257410e+00,8.593750275000e-01,9.040953347136e-02
-2.692036257410e+00,8.906250285001e-01,9.040953347136e-02
-2.692036257410e+00,9.218750295000e-01,9.040953347136e-02
-2.692036257410e+00,9.531250305000e-01,9.040953347136e-02
-2.692036257410e+00,9.843750315000e-01,9.040953347136e-02
-2.692036257410e+00,1.718750055004e-01,9.046367549918e-02
-2.691915961015e+00,2.336408609632e+00,9.041034730193e-02
-2.691907134378e+00,5.936799471088e+00,9.040615157755e-02
-2.691799506211e+00,5.253097197330e+00,9.040897270935e-02
-2.691790265045e+00,3.592310646447e+00,9.041108055853e-02
-2.691767228750e+00,8.862892686422e+00,8.407362839059e-02
-2.691764859713e+00,8.338612010298e+00,8.737311935059e-02
-2.691748101231e+00,5.576197567642e+00,9.040735849746e-02
-2.691625069597e+00,9.048981033818e+00,8.231366382647e-02
-2.691233018684e+00,1.466937968764e+00,9.040792782350e-02
-2.691090916186e+00,4.397376054664e+00,9.041001496116e-02
-2.691026536892e+00,1.016101340164e+00,9.040703941448e-02
-2.691023909669e+00,7.426649402652e+00,9.038708718249e-02
-2.690848513450e+00,6.335607503198e+00,9.040164188083e-02
-2.690834748080e+00,1.917774597362e+00,9.040731412364e-02
-2.690625254796e+00,4.010944658720e+00,9.040853716389e-02
-2.690611036025e+00,8.677723318830e+00,8.546464996341e-02
-2.690565372836e+00,9.391429546521e+00,7.749553266101e-02
-2.690545526487e+00,7.157291746679e+00,9.039717063101e-02
-2.690449417347e+00,5.174146840218e+00,9.040607000528e-02
-2.690426566659e+00,9.233500306401e+00,8.005277147924e-02
-2.690346741601e+00,5.658743814646e+00,9.040356094089e-02
-2.690329783920e+00,2.787245238231e+00,9.040678403180e-02
-2.690266286963e+00,3.205879250503e+00,9.040697505428e-02
-2.690080010588e+00,4.890655809149e+00,9.040645686075e-02
-2.689831725080e+00,2.368611225960e+00,9.040519754740e-02
-2.689786073269e+00,1.007342498356e+01,4.366773261389e-02
-2.689641234211e+00,3.624513262776e+00,9.040577083668e-02
-2.689227079952e+00,9.549580251856e+00,7.407216835140e-02
-2.689191979349e+00,1.499140585092e+00,9.040288204290e-02
-2.689007095857e+00,1.048303956493e+00,9.040204611857e-02
-2.688957583952e+00,9.890555209055e+00,6.041305403008e-02
-2.688898688752e+00,4.429578670992e+00,9.040459628864e-02
-2.688892571859e+00,1.025653861275e+01,6.608629151622e-06
-2.688772110445e+00,1.949977213691e+00,9.040221375790e-02
-2.688564611798e+00,5.095947696478e+00,9.040165171798e-02
-2.688510470445e+00,7.850715468766e+00,8.925256246768e-02
-2.688454625662e+00,4.043147275048e+00,9.040316998017e-02
-2.688379984376e+00,5.741976979952e+00,9.039824486712e-02
-2.688223949685e+00,2.819447854559e+00,9.040157544619e-02
-2.688214720538e+00,8.003060820549e+00,8.874789976884e-02
-2.688163416911e+00,8.493495661094e+00,8.658890031295e-02
-2.688138854429e+00,3.238081866832e+00,9.040171301167e-02
-2.688122828717e+00,6.022146648284e+00,9.039628725972e-02
-2.687750560027e+00,7.699222148446e+00,8.969952189437e-02
-2.687747489146e+00,2.400813842289e+00,9.040004042716e-02
-2.687692062250e+00,6.221446898104e+00,9.039432801985e-02
-2.687492203376e+00,3.656715879105e+00,9.040045328350e-02
-2.687480014136e+00,4.691688434589e+00,9.040086136965e-02
-2.687234113642e+00,7.277720765671e+00,9.038834334554e-02
-2.687150940014e+00,1.531343201420e+00,9.039782919324e-02
-2.687110381486e+00,6.773202766515e+00,9.039039221097e-02
-2.687046199302e+00,6.655899637095e+00,9.039068679579e-02
-2.686987654822e+00,1.080506572821e+00,9.039704590072e-02
-2.686857080607e+00,8.156239408662e+00,8.817492219741e-02
-2.686709472810e+00,1.982179830019e+00,9.039710616982e-02
-2.686706461318e+00,4.461781287321e+00,9.039916946105e-02
-2.686409536875e+00,9.707941746604e+00,6.925800021369e-02
-2.686363511191e+00,6.891283366841e+00,9.038792060261e-02
-2.686283996528e+00,4.075349891377e+00,9.039779479715e-02
-2.686194528427e+00,4.815432350875e+00,9.039706129388e-02
-2.686176670096e+00,6.539388752220e+00,9.038907233702e-02
-2.686150434727e+00,5.018510368012e+00,9.039608838217e-02
-2.686118115451e+00,2.851650470888e+00,9.039635932886e-02
-2.686011421894e+00,3.270284483160e+00,9.039644328170e-02
-2.685941335268e+00,7.548599614615e+00,9.009909984549e-02
-2.685842949483e+00,5.825886237390e+00,9.039151624018e-02
-2.685663253211e+00,2.433016458617e+00,9.039487592482e-02
-2.685343172542e+00,3.688918495433e+00,9.039512788101e-02
-2.685109900679e+00,1.563545817749e+00,9.039276925910e-02
-2.684968213787e+00,1.112709189150e+00,9.039203874597e-02
-2.684799974615e+00,7.010126628550e+00,9.038343272580e-02
-2.684740522684e+00,8.834231409482e+00,8.432894552261e-02
-2.684701467567e+00,9.020228360853e+00,8.263930954649e-02
-2.684646835176e+00,2.014382446348e+00,9.039199134347e-02
-2.684514233884e+00,4.493983903650e+00,9.039373445929e-02
-2.684507590740e+00,6.423684849126e+00,9.038548823352e-02
-2.684431437541e+00,8.310232398514e+00,8.751827895088e-02
-2.684113367394e+00,4.107552507706e+00,9.039241159627e-02
-2.684012281216e+00,2.883853087217e+00,9.039113566286e-02
-2.683883989360e+00,3.302487099489e+00,9.039116584690e-02
-2.683753460414e+00,6.108136058041e+00,9.038502595587e-02
-2.683579017277e+00,2.465219074946e+00,9.038970402392e-02
-2.683481654720e+00,8.649154685440e+00,8.566949504662e-02
-2.683365138254e+00,9.367481521598e+00,7.797205862479e-02
-2.683357698973e+00,9.207122767550e+00,8.044933437111e-02
-2.683212296973e+00,4.941845423148e+00,9.038903464531e-02
-2.683194141708e+00,3.721121111762e+00,9.038979461119e-02
-2.683155940338e+00,5.387605298539e+00,9.038683113768e-02
-2.683089258110e+00,7.398866581550e+00,9.037736538503e-02
-2.683068861344e+00,1.595748434078e+00,9.038770222503e-02
-2.683057257161e+00,1.004933965338e+01,4.691969371777e-02
-2.682959403468e+00,5.468619875586e+00,9.038601000239e-02
-2.682948772752e+00,1.144911805478e+00,9.038702463938e-02
-2.682802708515e+00,5.307311112649e+00,9.038638290614e-02
-2.682730824055e+00,5.910460730290e+00,9.038345524964e-02
-2.682584197541e+00,2.046585062676e+00,9.038686926290e-02
-2.682414249666e+00,7.129717706831e+00,9.037694301249e-02
-2.682322006450e+00,4.526186519978e+00,9.038829126419e-02
-2.682282025119e+00,1.023242040078e+01,1.009054441065e-02
-2.682208011898e+00,5.550344114127e+00,9.038372715678e-02
-2.682169867146e+00,4.618766099189e+00,9.038791212062e-02
-2.682144445497e+00,9.525597035546e+00,7.472090908062e-02
-2.682110661554e+00,9.866503339289e+00,6.199719999252e-02
-2.682044849286e+00,6.308802628122e+00,9.037978472451e-02
-2.681942738260e+00,4.139755124035e+00,9.038702035893e-02
-2.681906446982e+00,2.916055703545e+00,9.038590443119e-02
-2.681904860455e+00,5.227748015506e+00,9.038444230346e-02
-2.681801079138e+00,4.741011617467e+00,9.038643444969e-02
-2.681756556826e+00,3.334689715818e+00,9.038588068974e-02
-2.681494781342e+00,2.497421691274e+00,9.038452470797e-02
-2.681045110874e+00,3.753323728090e+00,9.038445345595e-02
-2.681027822009e+00,1.627951050406e+00,9.038262807554e-02
-2.680931794971e+00,8.465020916770e+00,8.675744146807e-02
-2.680929331717e+00,1.177114421807e+00,9.038200356591e-02
-2.680896746233e+00,5.632767252822e+00,9.038005697770e-02
-2.680874347846e+00,7.822628694671e+00,8.934825382769e-02
-2.680679042262e+00,7.974875195986e+00,8.885597933804e-02
-2.680521559906e+00,2.078787679004e+00,9.038173991209e-02
-2.680467614864e+00,5.148926672244e+00,9.038126445379e-02
-2.680129779017e+00,4.558389136307e+00,9.038283985655e-02
-2.680014456609e+00,7.671235459870e+00,8.978509323223e-02
-2.679800612748e+00,2.948258319874e+00,9.038066561681e-02
-2.679772109127e+00,4.171957740363e+00,9.038162106645e-02
-2.679755674856e+00,4.865963396249e+00,9.038075663638e-02
-2.679629124292e+00,3.366892332147e+00,9.038058779263e-02
-2.679444674086e+00,9.683923915068e+00,7.019156314028e-02
-2.679422304396e+00,8.127956170830e+00,8.829768126360e-02
-2.679410545407e+00,2.529624307603e+00,9.037933796044e-02
-2.679200906231e+00,7.250041722097e+00,9.036841058866e-02
-2.679038862591e+00,5.995689571882e+00,9.037372192435e-02
-2.679020653865e+00,5.715878499052e+00,9.037504029160e-02
-2.678986782674e+00,1.660153666735e+00,9.037754679507e-02
-2.678909890682e+00,1.209317038136e+00,9.037697551051e-02
-2.678896080040e+00,3.785526344419e+00,9.037910439716e-02
-2.678794424807e+00,6.194756752033e+00,9.037225621013e-02
-2.678687872117e+00,6.745951072103e+00,9.036938616816e-02
-2.678527623268e+00,6.628757828137e+00,9.036948580495e-02
-2.678496256503e+00,5.070857715161e+00,9.037665115322e-02
-2.678458922271e+00,2.110990295333e+00,9.037660327501e-02
-2.678105720283e+00,7.520714244437e+00,9.017611228467e-02
-2.678037577699e+00,6.863923003894e+00,9.036723964747e-02
-2.677937551583e+00,4.590591752636e+00,9.037738021707e-02
-2.677777865537e+00,8.991475687889e+00,8.295145224961e-02
-2.677713816619e+00,8.805570132542e+00,8.457482123273e-02
-2.677694778513e+00,2.980460936203e+00,9.037541920261e-02
-2.677601479993e+00,4.204160356692e+00,9.037621370011e-02
-2.677562542273e+00,6.512358043249e+00,9.036767251027e-02
-2.677501691758e+00,3.399094948475e+00,9.037528713794e-02
-2.677326309473e+00,2.561826923931e+00,9.037414376474e-02
-2.677098015370e+00,8.281852786731e+00,8.765936010377e-02
-2.676945743340e+00,1.692356283063e+00,9.037245836805e-02
-2.676905328903e+00,4.667404042078e+00,9.037460853512e-02
-2.676890449647e+00,1.241519654464e+00,9.037194045808e-02
-2.676747049206e+00,3.817728960748e+00,9.037374741662e-02
-2.676574849173e+00,5.799667029292e+00,9.036843320352e-02
-2.676571120535e+00,6.982658816346e+00,9.036293255254e-02
-2.676537623956e+00,9.178279948072e+00,8.085846569803e-02
-2.676396284637e+00,2.143192911661e+00,9.037145933554e-02
-2.676352273415e+00,8.620586052051e+00,8.586755159072e-02
-2.676328441054e+00,1.002525432320e+01,4.980421452975e-02
-2.676164903672e+00,9.343533496676e+00,7.842663348730e-02
-2.675996135991e+00,4.993551743333e+00,9.037074507501e-02
-2.675798431659e+00,6.396766452262e+00,9.036373524434e-02
-2.675786109991e+00,4.790874787337e+00,9.037122257499e-02
-2.675671478380e+00,1.020830218880e+01,1.829821997103e-02
-2.675588944279e+00,3.012663552531e+00,9.037016517147e-02
-2.675430850859e+00,4.236362973020e+00,9.037079824115e-02
-2.675374259223e+00,3.431297564804e+00,9.036997870800e-02
-2.675263739155e+00,9.842451469523e+00,6.345287680838e-02
-2.675242073538e+00,2.594029540260e+00,9.036894210424e-02
-2.675154606551e+00,7.371083760448e+00,9.035759496132e-02
-2.675061811041e+00,9.501613819237e+00,7.533506632739e-02
-2.674904704005e+00,1.724558899391e+00,9.036736277884e-02
-2.674871008612e+00,1.273722270792e+00,9.036689839348e-02
-2.674762387114e+00,6.081561845700e+00,9.036257474734e-02
-2.674598018372e+00,3.849931577077e+00,9.036838249608e-02
-2.674333647002e+00,2.175395527990e+00,9.036630807756e-02
-2.674282972845e+00,7.102143666984e+00,9.035661908491e-02
-2.673700173031e+00,8.436546172445e+00,8.692089227432e-02
-2.673554513732e+00,5.884121989492e+00,9.036049370642e-02
-2.673483110044e+00,3.044866168860e+00,9.036490350616e-02
-2.673437397879e+00,5.362001618613e+00,9.036263353365e-02
-2.673329796597e+00,5.442890716936e+00,9.036194442031e-02
-2.673260221725e+00,4.268565589349e+00,9.036537467071e-02
-2.673246826689e+00,3.463500181132e+00,9.036466248507e-02
-2.673241185121e+00,6.281997753046e+00,9.035781911369e-02
-2.673238225248e+00,7.794541920576e+00,8.944177663033e-02
-2.673157837604e+00,2.626232156588e+00,9.036373296226e-02
-2.673143363985e+00,7.946689571424e+00,8.896144370454e-02
-2.672995817928e+00,5.281834092582e+00,9.036186100069e-02
-2.672972669614e+00,4.917019322233e+00,9.036355246735e-02
-2.672863664670e+00,1.756761515720e+00,9.036226001176e-02
-2.672851567577e+00,1.305924887121e+00,9.036184930153e-02
-2.672667922565e+00,5.524490660611e+00,9.035997499695e-02
-2.672479811297e+00,9.659906083532e+00,7.106603339639e-02
-2.672448987538e+00,3.882134193405e+00,9.036300961725e-02
-2.672278353191e+00,7.643248771293e+00,8.986883429566e-02
-2.672271009367e+00,2.207598144318e+00,9.036114948486e-02
-2.672010214699e+00,5.202398833681e+00,9.035978481421e-02
-2.671987528186e+00,8.099672932998e+00,8.841727547709e-02
-2.671446750865e+00,5.606790690999e+00,9.035643207446e-02
-2.671377275810e+00,3.077068785189e+00,9.035963418946e-02
-2.671309209071e+00,4.716590061709e+00,9.036023560478e-02
-2.671167698820e+00,7.222362678523e+00,9.034825809538e-02
-2.671119394155e+00,3.495702797461e+00,9.035933845135e-02
-2.671089592591e+00,4.300768205678e+00,9.035994296991e-02
-2.671073601669e+00,2.658434772916e+00,9.035851632206e-02
-2.670854263507e+00,8.962723014924e+00,8.325090366983e-02
-2.670832126542e+00,1.338127503449e+00,9.035679316700e-02
-2.670822625335e+00,1.788964132048e+00,9.035715005110e-02
-2.670687110553e+00,8.776908855601e+00,8.481176366037e-02
-2.670485812382e+00,5.123706504270e+00,9.035627164444e-02
-2.670299956704e+00,3.914336809734e+00,9.035762876177e-02
-2.670270105298e+00,7.492828874258e+00,9.025154749856e-02
-2.670265362748e+00,6.718699377692e+00,9.034827772865e-02
-2.670208371733e+00,2.239800760647e+00,9.035598354121e-02
-2.670009047234e+00,6.601616019180e+00,9.034818139035e-02
-2.669954896466e+00,5.969232495481e+00,9.035104319866e-02
-2.669896787363e+00,6.168066605962e+00,9.034998802625e-02
-2.669764593198e+00,8.253473174947e+00,8.779640319508e-02
-2.669717548940e+00,9.149437128594e+00,8.124855040531e-02
-2.669711644207e+00,6.836562640948e+00,9.034641939483e-02
-2.669661323354e+00,5.689780018152e+00,9.035162183841e-02
-2.669599624946e+00,1.000116899302e+01,5.238017317860e-02
-2.669431339125e+00,4.841270983350e+00,9.035492103869e-02
-2.669271441575e+00,3.109271401517e+00,9.035435720406e-02
-2.669222892110e+00,8.592017418661e+00,8.605914704709e-02
-2.669060931641e+00,1.018418397683e+01,2.510488046951e-02
-2.668991961620e+00,3.527905413790e+00,9.035400658901e-02
-2.668989365735e+00,2.690637389245e+00,9.035329216687e-02
-2.668964669090e+00,9.319585471754e+00,7.886073126657e-02
-2.668948414450e+00,6.485327334278e+00,9.034613597225e-02
-2.668918963457e+00,4.332970822006e+00,9.035450311981e-02
-2.668812685507e+00,1.370330119778e+00,9.035172997462e-02
-2.668781586000e+00,1.821166748377e+00,9.035203288110e-02
-2.668427901207e+00,5.045767733844e+00,9.035152071136e-02
-2.668416816756e+00,9.818399599757e+00,6.479506946692e-02
-2.668342266454e+00,6.955191004143e+00,9.034233447959e-02
-2.668150925869e+00,3.946539426062e+00,9.035223991124e-02
-2.668145734098e+00,2.272003376975e+00,9.035081023033e-02
-2.667979176586e+00,9.477630602927e+00,7.591732101871e-02
-2.667306748864e+00,5.773447821193e+00,9.034523269669e-02
-2.667219954992e+00,7.343300939346e+00,9.033773248607e-02
-2.667165607341e+00,3.141474017846e+00,9.034907253262e-02
-2.667089272579e+00,6.369848055398e+00,9.034187417323e-02
-2.666905129800e+00,2.722840005574e+00,9.034806047986e-02
-2.666864529086e+00,3.560108030119e+00,9.034866688016e-02
-2.666793244472e+00,1.402532736107e+00,9.034665970908e-02
-2.666748334323e+00,4.365173438335e+00,9.034905510140e-02
-2.666740546665e+00,1.853369364705e+00,9.034690848595e-02
-2.666468551091e+00,8.408071428120e+00,8.707947764362e-02
-2.666330643669e+00,4.643119649567e+00,9.034804378672e-02
-2.666151696023e+00,7.074569627136e+00,9.033619830719e-02
-2.666083096463e+00,2.304205993303e+00,9.034562953589e-02
-2.666001895035e+00,3.978742042391e+00,9.034684304719e-02
-2.665841837255e+00,4.968593118653e+00,9.034526836228e-02
-2.665771313814e+00,6.054987633360e+00,9.034001036929e-02
-2.665607685709e+00,7.918503946862e+00,8.906438686318e-02
-2.665602102649e+00,7.766455146481e+00,8.953320424249e-02
-2.665514948509e+00,9.635888251997e+00,7.188683026324e-02
-2.665377691555e+00,4.766317223799e+00,9.034509795698e-02
-2.665059773107e+00,3.173676634175e+00,9.034378015773e-02
-2.664820893866e+00,2.755042621902e+00,9.034282124416e-02
-2.664773803437e+00,1.434735352435e+00,9.034158235502e-02
-2.664737096552e+00,3.592310646447e+00,9.034331930685e-02
-2.664699507330e+00,1.885571981034e+00,9.034177684978e-02
-2.664577705189e+00,4.397376054664e+00,9.034359889561e-02
-2.664552751975e+00,8.071389695167e+00,8.853382521848e-02
-2.664542249773e+00,7.615262082717e+00,8.995080405383e-02
-2.664437520957e+00,6.255192877970e+00,9.033574447996e-02
-2.664378203408e+00,5.857783248695e+00,9.033741481250e-02
-2.664020458828e+00,2.336408609632e+00,9.034044144152e-02
-2.663930661477e+00,8.933970341959e+00,8.353841242048e-02
-2.663852864201e+00,4.010944658720e+00,9.034143815109e-02
-2.663718855420e+00,5.336397938687e+00,9.033828826511e-02
-2.663700189726e+00,5.417161558285e+00,9.033775394958e-02
-2.663660404487e+00,8.748247578661e+00,8.504024548579e-02
-2.663244425780e+00,1.562500050003e-02,9.045390696117e-02
-2.663244425780e+00,4.687500150008e-02,9.044009731833e-02
-2.663244425780e+00,7.812500250012e-02,9.042710402980e-02
-2.663244425780e+00,1.093750035002e-01,9.041494139301e-02
-2.663244425780e+00,1.406250045003e-01,9.040362292695e-02
-2.663244425780e+00,1.718750055004e-01,9.039316133078e-02
-2.663244425780e+00,2.031250065004e-01,9.038356844453e-02
-2.663244425780e+00,2.343750075005e-01,9.037485521178e-02
-2.663244425780e+00,2.656250085005e-01,9.036703164497e-02
-2.663244425780e+00,2.968750095005e-01,9.036010679310e-02
-2.663244425780e+00,3.281250105004e-01,9.035408871243e-02
-2.663244425780e+00,3.593750115003e-01,9.034898444002e-02
-2.663244425780e+00,3.906250125003e-01,9.034479997056e-02
-2.663244425780e+00,4.218750135002e-01,9.034154023640e-02
-2.663244425780e+00,4.531250145001e-01,9.033920909113e-02
-2.663244425780e+00,4.843750155000e-01,9.033780929660e-02
-2.663244425780e+00,5.156250165000e-01,9.033734251368e-02
-2.663244425780e+00,5.468750175000e-01,9.033734251368e-02
-2.663244425780e+00,5.781250185000e-01,9.033734251368e-02
-2.663244425780e+00,6.093750195000e-01,9.033734251368e-02
-2.663244425780e+00,6.406250205000e-01,9.033734251368e-02
-2.663244425780e+00,6.718750215000e-01,9.033734251368e-02
-2.663244425780e+00,7.031250225001e-01,9.033734251368e-02
-2.663244425780e+00,7.343750235001e-01,9.033734251368e-02
-2.663244425780e+00,7.656250245000e-01,9.033734251368e-02
-2.663244425780e+00,7.968750255000e-01,9.033734251368e-02
-2.663244425780e+00,8.281250265000e-01,9.033734251368e-02
-2.663244425780e+00,8.593750275000e-01,9.033734251368e-02
-2.663244425780e+00,8.906250285001e-01,9.033734251368e-02
-2.663244425780e+00,9.218750295000e-01,9.033734251368e-02
-2.663244425780e+00,9.531250305000e-01,9.033734251368e-02
-2.663244425780e+00,9.843750315000e-01,9.033734251368e-02
-2.663188927342e+00,5.256357072514e+00,9.033721097164e-02
-2.663134491409e+00,7.194683634949e+00,9.032800982866e-02
-2.663127833232e+00,5.498637207095e+00,9.033599577476e-02
-2.662953938872e+00,3.205879250503e+00,9.033848006196e-02
-2.662897473924e+00,9.120594309116e+00,8.162103199226e-02
-2.662870808839e+00,9.977083662842e+00,5.469450670510e-02
-2.662754362402e+00,1.466937968764e+00,9.033649789704e-02
-2.662736657931e+00,2.787245238231e+00,9.033757444284e-02
-2.662733042255e+00,4.892193221319e+00,9.033783909027e-02
-2.662658467995e+00,1.917774597362e+00,9.033663795671e-02
-2.662609664018e+00,3.624513262776e+00,9.033796385109e-02
-2.662450384902e+00,1.016006576486e+01,3.084088590512e-02
-2.662434490313e+00,7.464943504080e+00,9.032496252292e-02
-2.662431171026e+00,8.225093563164e+00,8.792948168110e-02
-2.662407076055e+00,4.429578670992e+00,9.033813448333e-02
-2.662245504412e+00,1.016101340164e+00,9.033482557470e-02
-2.662115568943e+00,5.177049651856e+00,9.033497107728e-02
-2.662093510805e+00,8.563448785271e+00,8.624458846184e-02
-2.661996755497e+00,5.580814129176e+00,9.033268566149e-02
-2.661957821194e+00,2.368611225960e+00,9.033524593078e-02
-2.661842853380e+00,6.691447683280e+00,9.032706632530e-02
-2.661764434507e+00,9.295637446831e+00,7.927569705105e-02
-2.661703833367e+00,4.043147275048e+00,9.033602520439e-02
-2.661569894357e+00,9.794347729991e+00,6.603651997377e-02
-2.661490471200e+00,6.574474210222e+00,9.032677299316e-02
-2.661385710715e+00,6.809202278001e+00,9.032540081580e-02
-2.660999149919e+00,6.141376459891e+00,9.032753693058e-02
-2.660896542131e+00,9.453647386618e+00,7.647008414552e-02
-2.660870930341e+00,5.942775419079e+00,9.032822275209e-02
-2.660848104638e+00,3.238081866832e+00,9.033317222779e-02
-2.660817339004e+00,4.692168505952e+00,9.033389940076e-02
-2.660734921367e+00,1.499140585092e+00,9.033140631971e-02
-2.660652421996e+00,2.819447854559e+00,9.033232005893e-02
-2.660617428661e+00,1.949977213691e+00,9.033149179080e-02
-2.660504009899e+00,5.098486336296e+00,9.033114768539e-02
-2.660482231483e+00,3.656715879105e+00,9.033260049481e-02
-2.660334286628e+00,6.458296625307e+00,9.032437746083e-02
-2.660301992843e+00,5.663681537252e+00,9.032800347106e-02
-2.660247661677e+00,1.048303956493e+00,9.032978646583e-02
-2.660236446921e+00,4.461781287321e+00,9.033266184538e-02
-2.660113412374e+00,6.927723191940e+00,9.032163796864e-02
-2.659895183559e+00,2.400813842289e+00,9.033004298723e-02
-2.659554802533e+00,4.075349891377e+00,9.033060418844e-02
-2.659285303433e+00,7.315518118244e+00,9.031772614413e-02
-2.659236929151e+00,8.379596683796e+00,8.723340964363e-02
-2.659107003393e+00,4.816578570450e+00,9.032894963205e-02
-2.658742270403e+00,3.270284483160e+00,9.032785663768e-02
-2.658715480331e+00,1.531343201420e+00,9.032630760755e-02
-2.658576389326e+00,1.982179830019e+00,9.032633833605e-02
-2.658568186062e+00,2.851650470888e+00,9.032705807541e-02
-2.658550085720e+00,9.611870420462e+00,7.265873025230e-02
-2.658380113499e+00,6.342929658533e+00,9.031990443811e-02
-2.658359545911e+00,5.020677752527e+00,9.032613450532e-02
-2.658354798949e+00,3.688918495433e+00,9.032722921991e-02
-2.658249818942e+00,1.080506572821e+00,9.032474036992e-02
-2.658072007432e+00,7.890318322299e+00,8.916489847299e-02
-2.658065817787e+00,4.493983903650e+00,9.032718096252e-02
-2.658038648555e+00,5.747228613094e+00,9.032191415225e-02
-2.658020419202e+00,7.046995587289e+00,9.031568013733e-02
-2.657965980050e+00,7.738368372385e+00,8.962260686219e-02
-2.657832545924e+00,2.433016458617e+00,9.032483259432e-02
-2.657405771699e+00,4.107552507706e+00,9.032517508456e-02
-2.657117975765e+00,8.043106457335e+00,8.864744498282e-02
-2.657007059447e+00,8.905217668995e+00,8.381466996432e-02
-2.656806146355e+00,7.587275394141e+00,9.003105905508e-02
-2.656780240514e+00,6.028413421019e+00,9.031733223874e-02
-2.656696039297e+00,1.563545817749e+00,9.032120174501e-02
-2.656636436169e+00,3.302487099489e+00,9.032253327402e-02
-2.656633698421e+00,8.719586301721e+00,8.526070695349e-02
-2.656535349991e+00,2.014382446348e+00,9.032117757643e-02
-2.656483950127e+00,2.883853087217e+00,9.032178847520e-02
-2.656251976207e+00,1.112709189150e+00,9.031968727190e-02
-2.656227366415e+00,3.721121111762e+00,9.032185000825e-02
-2.656141992731e+00,9.952998332662e+00,5.678509221241e-02
-2.656077398908e+00,9.091751489638e+00,8.197705859973e-02
-2.655895188653e+00,4.526186519978e+00,9.032169181546e-02
-2.655839838162e+00,1.013594755289e+01,3.574030062446e-02
-2.655769908289e+00,2.465219074946e+00,9.031961473551e-02
-2.655755958435e+00,4.618835257056e+00,9.032133829927e-02
-2.655687538519e+00,4.943634493974e+00,9.031965776425e-02
-2.655633856793e+00,6.228388002894e+00,9.031356025637e-02
-2.655256740865e+00,4.139755124035e+00,9.031973787402e-02
-2.655201893085e+00,5.831444507897e+00,9.031421797430e-02
-2.655101283998e+00,7.167004591376e+00,9.030766524451e-02
-2.655097748855e+00,8.196713951381e+00,8.805898904095e-02
-2.654969273119e+00,4.741759660260e+00,9.031876388276e-02
-2.654964129500e+00,8.534880151881e+00,8.642416402673e-02
-2.654722971958e+00,9.770295860224e+00,6.718813188821e-02
-2.654676598261e+00,1.595748434078e+00,9.031608871654e-02
-2.654598875329e+00,7.437058133901e+00,9.030516566915e-02
-2.654564199925e+00,9.271689421908e+00,7.967276079665e-02
-2.654530601934e+00,3.334689715818e+00,9.031720211916e-02
-2.654494310656e+00,2.046585062676e+00,9.031600949586e-02
-2.654399714193e+00,2.916055703545e+00,9.031651124118e-02
-2.654254133471e+00,1.144911805478e+00,9.031462715670e-02
-2.654099933881e+00,3.753323728090e+00,9.031646284159e-02
-2.654070582855e+00,5.391432399635e+00,9.031343803285e-02
-2.654000312961e+00,5.310794258761e+00,9.031364714280e-02
-2.653813907675e+00,9.429664170308e+00,7.699552990565e-02
-2.653724559519e+00,4.558389136307e+00,9.031619438485e-02
-2.653707270655e+00,2.497421691274e+00,9.031438939418e-02
-2.653587743899e+00,5.472783753579e+00,9.031181320123e-02
-2.653420344011e+00,6.664195988869e+00,9.030575139076e-02
-2.653382036756e+00,5.230880052447e+00,9.031243227864e-02
-2.653107710031e+00,4.171957740363e+00,9.031429253800e-02
-2.653059777223e+00,6.781841915054e+00,9.030427976944e-02
-2.652971895166e+00,6.547332401264e+00,9.030526005491e-02
-2.652657157226e+00,1.627951050406e+00,9.031096850651e-02
-2.652546760129e+00,5.554837567353e+00,9.030881717451e-02
-2.652493414896e+00,4.867367120404e+00,9.031187302652e-02
-2.652453271321e+00,2.078787679004e+00,9.031083407821e-02
-2.652424767700e+00,3.366892332147e+00,9.031186315539e-02
-2.652315478258e+00,2.948258319874e+00,9.031122635619e-02
-2.652256290736e+00,1.177114421807e+00,9.030956000918e-02
-2.652220923187e+00,5.151700470032e+00,9.030985583860e-02
-2.652101512476e+00,6.114686313820e+00,9.030497236623e-02
-2.652005307211e+00,8.351121939471e+00,8.738288839564e-02
-2.651972501346e+00,3.785526344419e+00,9.031106770169e-02
-2.651884558293e+00,6.900255379737e+00,9.030080605516e-02
-2.651786964215e+00,5.916318342678e+00,9.030514730513e-02
-2.651720158805e+00,6.431265916336e+00,9.030251070173e-02
-2.651644633020e+00,2.529624307603e+00,9.030915655367e-02
-2.651585222931e+00,9.587852588926e+00,7.338595966233e-02
-2.651553930385e+00,4.590591752636e+00,9.031068865128e-02
-2.651350651874e+00,7.287735297142e+00,9.029755013311e-02
-2.650958679197e+00,4.204160356692e+00,9.030883905767e-02
-2.650942662332e+00,5.637583056352e+00,9.030426297899e-02
-2.650637716191e+00,1.660153666735e+00,9.030584109928e-02
-2.650536329156e+00,7.862132697737e+00,8.926302817619e-02
-2.650522207416e+00,5.073266168322e+00,9.030589206567e-02
-2.650412231986e+00,2.110990295333e+00,9.030565130733e-02
-2.650329857451e+00,7.710281598290e+00,8.971005168582e-02
-2.650325468938e+00,4.667746950194e+00,9.030736004884e-02
-2.650318933466e+00,3.399094948475e+00,9.030651636497e-02
-2.650258448001e+00,1.209317038136e+00,9.030448581418e-02
-2.650231242323e+00,2.980460936203e+00,9.030593380300e-02
-2.650083457417e+00,8.876464996030e+00,8.408031592514e-02
-2.649889142381e+00,7.019421547441e+00,9.029506403249e-02
-2.649845068812e+00,3.817728960748e+00,9.030566457021e-02
-2.649683199554e+00,8.014823219503e+00,8.875824373197e-02
-2.649670954418e+00,6.316011261669e+00,9.029782545777e-02
-2.649606992356e+00,8.690925024781e+00,8.547291849337e-02
-2.649581995385e+00,2.561826923931e+00,9.030391619727e-02
-2.649413176623e+00,9.928913002481e+00,5.868283222042e-02
-2.649257323892e+00,9.062908670160e+00,8.231768177354e-02
-2.649229291423e+00,1.011182934091e+01,3.997359638503e-02
-2.649070042937e+00,7.559288705565e+00,9.010965354850e-02
-2.648809648363e+00,4.236362973020e+00,9.030337741411e-02
-2.648782667662e+00,4.791886157550e+00,9.030284199687e-02
-2.648770548246e+00,5.721009404996e+00,9.029840060405e-02
-2.648618275156e+00,1.692356283063e+00,9.030070647912e-02
-2.648371192651e+00,2.143192911661e+00,9.030046116698e-02
-2.648291190615e+00,4.995587771211e+00,9.030053097400e-02
-2.648260605266e+00,1.241519654464e+00,9.029940455648e-02
-2.648213099231e+00,3.431297564804e+00,9.030116173006e-02
-2.648147006389e+00,3.012663552531e+00,9.030063356434e-02
-2.647876049559e+00,9.746243990458e+00,6.825929035533e-02
-2.647834748195e+00,8.506311518491e+00,8.659814449234e-02
-2.647789167214e+00,6.001839208679e+00,9.029453977504e-02
-2.647764326683e+00,8.168334339597e+00,8.818506614693e-02
-2.647717636278e+00,3.849931577077e+00,9.030025342878e-02
-2.647519357750e+00,2.594029540260e+00,9.029866830823e-02
-2.647363965343e+00,9.247741396986e+00,8.005285307812e-02
-2.647068076587e+00,7.139325547802e+00,9.028722379779e-02
-2.646830192629e+00,6.201583127818e+00,9.029112787034e-02
-2.646763260344e+00,7.409172763723e+00,9.028527677514e-02
-2.646731273220e+00,9.405680953999e+00,7.749562408054e-02
-2.646660617529e+00,4.268565589349e+00,9.029790758834e-02
-2.646598834121e+00,1.724558899391e+00,9.029556463030e-02
-2.646330153316e+00,2.175395527990e+00,9.029526364090e-02
-2.646262762531e+00,1.273722270792e+00,9.029431622082e-02
-2.646107264997e+00,3.463500181132e+00,9.029579923282e-02
-2.646062770454e+00,3.044866168860e+00,9.029532562289e-02
-2.646025582762e+00,5.805105767099e+00,9.029090260159e-02
-2.645590203744e+00,3.882134193405e+00,9.029483425897e-02
-2.645533239782e+00,4.918675869294e+00,9.029391281466e-02
-2.645456720116e+00,2.626232156588e+00,9.029341286974e-02
-2.644997834642e+00,6.636944294458e+00,9.028433235761e-02
-2.644773685271e+00,8.322647195146e+00,8.752810289865e-02
-2.644733843731e+00,6.754481552108e+00,9.028305568144e-02
-2.644620360142e+00,9.563834757391e+00,7.407227159054e-02
-2.644579393086e+00,1.756761515720e+00,9.029041553702e-02
-2.644560854684e+00,4.717202096722e+00,9.029229007154e-02
-2.644511586694e+00,4.300768205678e+00,9.029242956136e-02
-2.644453319131e+00,6.520190592307e+00,9.028351797460e-02
-2.644440975984e+00,5.365703240985e+00,9.028899612001e-02
-2.644289113981e+00,2.207598144318e+00,9.029005871280e-02
-2.644281770502e+00,5.285190578835e+00,9.028887638296e-02
-2.644264919795e+00,1.305924887121e+00,9.028922079191e-02
-2.644047654566e+00,5.446930300064e+00,9.028750438955e-02
-2.644001430762e+00,3.495702797461e+00,9.029042885532e-02
-2.643978534520e+00,3.077068785189e+00,9.029000996128e-02
-2.643655704213e+00,6.872787567535e+00,9.027977247465e-02
-2.643575146169e+00,5.205403032380e+00,9.028752439038e-02
-2.643462771209e+00,3.914336809734e+00,9.028940704229e-02
-2.643416000315e+00,7.259952476040e+00,9.027727835460e-02
-2.643394082481e+00,2.658434772916e+00,9.028814986495e-02
-2.643203875032e+00,6.087996167748e+00,9.028229373373e-02
-2.643159855387e+00,8.847712323066e+00,8.433594282324e-02
-2.643106030982e+00,6.404235207365e+00,9.028053510158e-02
-2.643096764761e+00,5.528861005529e+00,9.028477166857e-02
-2.643000650880e+00,7.833947073175e+00,8.935870910970e-02
-2.642702998090e+00,5.889861266276e+00,9.028195349712e-02
-2.642693734852e+00,7.682194824195e+00,8.979560306518e-02
-2.642684360516e+00,9.904827672300e+00,6.041318937758e-02
-2.642618744684e+00,1.008771112894e+01,4.366787549800e-02
-2.642580286290e+00,8.662263747841e+00,8.567794447070e-02
-2.642559952051e+00,1.788964132048e+00,9.028525918345e-02
-2.642437248876e+00,9.034065850682e+00,8.264386630747e-02
-2.642362555860e+00,4.332970822006e+00,9.028694331407e-02
-2.642326277431e+00,5.126351288207e+00,9.028460774526e-02
-2.642267077060e+00,1.338127503449e+00,9.028411825440e-02
-2.642253787537e+00,4.842541019489e+00,9.028576901560e-02
-2.642248423344e+00,7.986539981671e+00,8.886632522208e-02
-2.642248074647e+00,2.239800760647e+00,9.028484636630e-02
-2.641895596528e+00,3.527905413790e+00,9.028505057961e-02
-2.641894298585e+00,3.109271401517e+00,9.028468656208e-02
-2.641757865560e+00,6.991847507594e+00,9.027434944909e-02
-2.641583331821e+00,5.611484575452e+00,9.028039976988e-02
-2.641335338675e+00,3.946539426062e+00,9.028397176022e-02
-2.641333939519e+00,7.531302016989e+00,9.018663959833e-02
-2.641331444846e+00,2.690637389245e+00,9.028287927697e-02
-2.641029127160e+00,9.722192120692e+00,6.925811753501e-02
-2.640961795338e+00,6.289092864805e+00,9.027563665201e-02
-2.640829907431e+00,1.027083002125e+01,6.608629176707e-06
-2.640705366889e+00,8.477742885101e+00,8.676678445727e-02
-2.640540511016e+00,1.821166748377e+00,9.028009555371e-02
-2.640540404933e+00,5.048046000348e+00,9.028050428564e-02
-2.640430904511e+00,8.139954727814e+00,8.830784672423e-02
-2.640405782626e+00,9.221301527263e+00,8.044971561466e-02
-2.640269234325e+00,1.370330119778e+00,9.027900859291e-02
-2.640213525026e+00,4.365173438335e+00,9.028144882734e-02
-2.640207035312e+00,2.272003376975e+00,9.027962658501e-02
-2.639833598871e+00,4.643325394437e+00,9.028051407918e-02
-2.639810062651e+00,3.141474017846e+00,9.027935540783e-02
-2.639789762293e+00,3.560108030119e+00,9.027966438765e-02
-2.639648638765e+00,9.381697737689e+00,7.797214842674e-02
-2.639502447936e+00,5.694790196897e+00,9.027466593782e-02
-2.639268807212e+00,2.722840005574e+00,9.027760108883e-02
-2.639207906141e+00,3.978742042391e+00,9.027852839414e-02
-2.639034869176e+00,7.111646504228e+00,9.026668494225e-02
-2.638927645359e+00,7.381287393544e+00,9.026518253669e-02
-2.638798093914e+00,5.975264996338e+00,9.027158695220e-02
-2.638521069981e+00,1.853369364705e+00,9.027492463186e-02
-2.638458331930e+00,4.767193744650e+00,9.027641546573e-02
-2.638271391590e+00,1.402532736107e+00,9.027389179202e-02
-2.638222835320e+00,4.970497789894e+00,9.027479162986e-02
-2.638165995977e+00,2.304205993303e+00,9.027439935248e-02
-2.638064494192e+00,4.397376054664e+00,9.027594608197e-02
-2.638026528465e+00,6.174778252742e+00,9.026856177241e-02
-2.637725826716e+00,3.173676634175e+00,9.027401648099e-02
-2.637683928059e+00,3.592310646447e+00,9.027427026138e-02
-2.637655497353e+00,9.539816925856e+00,7.472101036120e-02
-2.637542063331e+00,8.294172450822e+00,8.766923178686e-02
-2.637206169577e+00,2.755042621902e+00,9.027231528354e-02
-2.637080473606e+00,4.010944658720e+00,9.027307692542e-02
-2.636849272438e+00,5.778767026301e+00,9.026746810767e-02
-2.636575325273e+00,6.609692600046e+00,9.026280865845e-02
-2.636501628946e+00,1.885571981034e+00,9.026974640194e-02
-2.636407910239e+00,6.727121189161e+00,9.026172797702e-02
-2.636273548855e+00,1.434735352435e+00,9.026876783624e-02
-2.636236253357e+00,8.818959650101e+00,8.458210030529e-02
-2.636124956642e+00,2.336408609632e+00,9.026916465220e-02
-2.636008197945e+00,1.006359291697e+01,4.691983804568e-02
-2.635955544408e+00,9.880742342120e+00,6.199733301117e-02
-2.635934743097e+00,6.493048783349e+00,9.026164357906e-02
-2.635915463358e+00,4.429578670992e+00,9.027043505871e-02
-2.635641590781e+00,3.205879250503e+00,9.026866976400e-02
-2.635617173860e+00,9.005223031204e+00,8.295649892242e-02
-2.635578093825e+00,3.624513262776e+00,9.026886818266e-02
-2.635553580224e+00,8.633602470900e+00,8.587616485019e-02
-2.635481348756e+00,7.232169654938e+00,9.025691026129e-02
-2.635464972603e+00,7.805761448612e+00,8.945221923267e-02
-2.635426850132e+00,6.845319755332e+00,9.025863637477e-02
-2.635378941046e+00,4.893717244615e+00,9.026788494759e-02
-2.635143531942e+00,2.787245238231e+00,9.026702184405e-02
-2.635057612254e+00,7.654108050100e+00,8.987932265469e-02
-2.634953041072e+00,4.043147275048e+00,9.026761733534e-02
-2.634813647133e+00,7.958256743840e+00,8.897178830831e-02
-2.634811369113e+00,5.339974082334e+00,9.026429301229e-02
-2.634563228043e+00,5.259586898910e+00,9.026397541349e-02
-2.634507565233e+00,5.421076846548e+00,9.026306875523e-02
-2.634491903159e+00,6.377204498394e+00,9.025845006749e-02
-2.634482187911e+00,1.917774597362e+00,9.026456084793e-02
-2.634452594150e+00,1.562500050003e-02,9.038386950141e-02
-2.634452594150e+00,4.687500150008e-02,9.036963828955e-02
-2.634452594150e+00,7.812500250012e-02,9.035624668925e-02
-2.634452594150e+00,1.093750035002e-01,9.034370973966e-02
-2.634452594150e+00,1.406250045003e-01,9.033204166570e-02
-2.634452594150e+00,1.718750055004e-01,9.032125583373e-02
-2.634452594150e+00,2.031250065004e-01,9.031136470930e-02
-2.634452594150e+00,2.343750075005e-01,9.030237981719e-02
-2.634452594150e+00,2.656250085005e-01,9.029431170403e-02
-2.634452594150e+00,2.968750095005e-01,9.028716990367e-02
-2.634452594150e+00,3.281250105004e-01,9.028096290562e-02
-2.634452594150e+00,3.593750115003e-01,9.027569812666e-02
-2.634452594150e+00,3.906250125003e-01,9.027138188582e-02
-2.634452594150e+00,4.218750135002e-01,9.026801938297e-02
-2.634452594150e+00,4.531250145001e-01,9.026561468106e-02
-2.634452594150e+00,4.843750155000e-01,9.026417069224e-02
-2.634452594150e+00,5.156250165000e-01,9.026368916782e-02
-2.634452594150e+00,5.781250185000e-01,9.026368916782e-02
-2.634452594150e+00,6.093750195000e-01,9.026368916782e-02
-2.634452594150e+00,6.406250205000e-01,9.026368916782e-02
-2.634452594150e+00,6.718750215000e-01,9.026368916782e-02
-2.634452594150e+00,7.031250225001e-01,9.026368916782e-02
-2.634452594150e+00,7.343750235001e-01,9.026368916782e-02
-2.634452594150e+00,7.656250245000e-01,9.026368916782e-02
-2.634452594150e+00,7.968750255000e-01,9.026368916782e-02
-2.634452594150e+00,8.281250265000e-01,9.026368916782e-02
-2.634452594150e+00,8.593750275000e-01,9.026368916782e-02
-2.634452594150e+00,8.906250285001e-01,9.026368916782e-02
-2.634452594150e+00,9.218750295000e-01,9.026368916782e-02
-2.634452594150e+00,9.531250305000e-01,9.026368916782e-02
-2.634452594150e+00,9.843750315000e-01,9.026368916782e-02
-2.634452594150e+00,5.468750175000e-01,9.026368916782e-02
-2.634337790311e+00,1.024667950690e+01,1.009059833679e-02
-2.634306237589e+00,6.061306021677e+00,9.025950043544e-02
-2.634275706119e+00,1.466937968764e+00,9.026363671007e-02
-2.634182204761e+00,9.698140250926e+00,7.019167814692e-02
-2.634152436248e+00,4.692644533184e+00,9.026567611035e-02
-2.634083917307e+00,2.368611225960e+00,9.026392246765e-02
-2.633768255583e+00,5.179926012313e+00,9.026236831615e-02
-2.633766432524e+00,4.461781287321e+00,9.026491573825e-02
-2.633689651775e+00,9.192369812740e+00,8.085971121141e-02
-2.633646769393e+00,5.502884443706e+00,9.026047051211e-02
-2.633626588739e+00,6.964273467746e+00,9.025349326875e-02
-2.633619031964e+00,5.863404189875e+00,9.025864071677e-02
-2.633597836101e+00,7.503315328413e+00,9.025082514346e-02
-2.633575985584e+00,8.449174251712e+00,8.693032354580e-02
-2.633557354847e+00,3.238081866832e+00,9.026331523922e-02
-2.633472259590e+00,3.656715879105e+00,9.026345813331e-02
-2.633464471932e+00,1.016101340164e+00,9.026114887280e-02
-2.633097482340e+00,8.111575116030e+00,8.842745779438e-02
-2.633080894307e+00,2.819447854559e+00,9.026172075328e-02
-2.632825608538e+00,4.075349891377e+00,9.026214960515e-02
-2.632566004310e+00,9.357714521379e+00,7.842672172024e-02
-2.632462746876e+00,1.949977213691e+00,9.025936795378e-02
-2.632431631676e+00,5.101002106382e+00,9.025922624923e-02
-2.632277863384e+00,1.499140585092e+00,9.025849839795e-02
-2.632252636257e+00,6.262174467941e+00,9.025329989021e-02
-2.632224001311e+00,5.585386094552e+00,9.025641325628e-02
-2.632042877972e+00,2.400813842289e+00,9.025867278222e-02
-2.632014160178e+00,4.817714918575e+00,9.025952658884e-02
-2.631617401690e+00,4.493983903650e+00,9.025938810122e-02
-2.631488227497e+00,1.048303956493e+00,9.025606300241e-02
-2.631473118912e+00,3.270284483160e+00,9.025795288898e-02
-2.631366425356e+00,3.688918495433e+00,9.025804009511e-02
-2.631092030374e+00,7.353402023366e+00,9.024497999936e-02
-2.631018256673e+00,2.851650470888e+00,9.025641199405e-02
-2.631001661765e+00,7.083967460654e+00,9.024604813063e-02
-2.630698176004e+00,4.107552507706e+00,9.025667371602e-02
-2.630690634565e+00,9.515799094320e+00,7.533516570658e-02
-2.630558602450e+00,5.022825832373e+00,9.025478837984e-02
-2.630443305841e+00,1.982179830019e+00,9.025416770336e-02
-2.630310441390e+00,8.265697706497e+00,8.780632118712e-02
-2.630280020649e+00,1.531343201420e+00,9.025335288428e-02
-2.630234347627e+00,5.668570988798e+00,9.025080798401e-02
-2.630001838637e+00,2.433016458617e+00,9.025341557928e-02
-2.629807020613e+00,5.948690783998e+00,9.024839530488e-02
-2.629511983062e+00,1.080506572821e+00,9.025097007892e-02
-2.629468370856e+00,4.526186519978e+00,9.025385212818e-02
-2.629397651206e+00,1.003947470500e+01,4.980435906871e-02
-2.629388882978e+00,3.302487099489e+00,9.025258269555e-02
-2.629341728804e+00,4.618903838679e+00,9.025352442899e-02
-2.629312651327e+00,8.790206977137e+00,8.481929893013e-02
-2.629260591121e+00,3.721121111762e+00,9.025261404975e-02
-2.629226728301e+00,9.856657011939e+00,6.345300741996e-02
-2.629222864301e+00,6.147973377666e+00,9.024588133370e-02
-2.628955619038e+00,2.883853087217e+00,9.025109554920e-02
-2.628797098844e+00,8.976380211726e+00,8.325639593634e-02
-2.628570743469e+00,4.139755124035e+00,9.025118964909e-02
-2.628526874159e+00,8.604941193960e+00,8.606790846324e-02
-2.628423864806e+00,2.014382446348e+00,9.024896008053e-02
-2.628282177914e+00,1.563545817749e+00,9.024820015341e-02
-2.628154480024e+00,4.945407808577e+00,9.024891596341e-02
-2.628152815905e+00,6.582440905635e+00,9.024110404972e-02
-2.628133996199e+00,4.742501331750e+00,9.024980442571e-02
-2.628081976748e+00,6.699760826215e+00,9.024029608098e-02
-2.627960799302e+00,2.465219074946e+00,9.024815084214e-02
-2.627929294327e+00,7.777575824050e+00,8.954363208777e-02
-2.627845673191e+00,1.022252899255e+01,1.829830863585e-02
-2.627672962115e+00,5.752428285504e+00,9.024385244289e-02
-2.627546697197e+00,7.204386833835e+00,9.023644530453e-02
-2.627535738626e+00,1.112709189150e+00,9.024587008719e-02
-2.627421489655e+00,7.626021276005e+00,8.996126954977e-02
-2.627416167063e+00,6.465906974392e+00,9.023966019519e-02
-2.627378870923e+00,7.929973506008e+00,8.907472722853e-02
-2.627335282362e+00,9.674088381160e+00,7.106614613908e-02
-2.627319340021e+00,4.558389136307e+00,9.024830779965e-02
-2.627304647043e+00,3.334689715818e+00,9.024720464114e-02
-2.627197996052e+00,6.817851943129e+00,9.023739717481e-02
-2.627154756887e+00,3.753323728090e+00,9.024717997891e-02
-2.626973520924e+00,9.163438098216e+00,8.125057893917e-02
-2.626892981403e+00,2.916055703545e+00,9.024577140145e-02
-2.626446604279e+00,8.420605618322e+00,8.708898748482e-02
-2.626443310935e+00,4.171957740363e+00,9.024569738541e-02
-2.626404423771e+00,2.046585062676e+00,9.024374506909e-02
-2.626284335179e+00,1.595748434078e+00,9.024304018966e-02
-2.625919759967e+00,2.497421691274e+00,9.024287855406e-02
-2.625877775336e+00,6.350173789423e+00,9.023625500719e-02
-2.625861732683e+00,7.475328639837e+00,9.023084668930e-02
-2.625764060168e+00,8.083195504247e+00,8.854402008636e-02
-2.625559494191e+00,1.144911805478e+00,9.024076301200e-02
-2.625495311917e+00,6.936699427899e+00,9.023244207147e-02
-2.625483369854e+00,9.333731305070e+00,7.886081797747e-02
-2.625408600145e+00,6.034615875606e+00,9.023659187569e-02
-2.625224642310e+00,4.868758619935e+00,9.024164826596e-02
-2.625220411108e+00,3.366892332147e+00,9.024181870792e-02
-2.625181762242e+00,5.314244923684e+00,9.023940027950e-02
-2.625170309187e+00,4.590591752636e+00,9.024275509609e-02
-2.625048922652e+00,3.785526344419e+00,9.024173786417e-02
-2.624967475900e+00,5.395223393032e+00,9.023850572030e-02
-2.624844685584e+00,5.233983218984e+00,9.023894367052e-02
-2.624830343768e+00,2.948258319874e+00,9.024043953353e-02
-2.624535065839e+00,5.836947113473e+00,9.023520835565e-02
-2.624384982736e+00,2.078787679004e+00,9.023852265279e-02
-2.624315878401e+00,4.204160356692e+00,9.024019690601e-02
-2.624286492443e+00,1.627951050406e+00,9.023787297728e-02
-2.624196774025e+00,5.476907881882e+00,9.023604179513e-02
-2.623961364996e+00,5.154448992246e+00,9.023699520901e-02
-2.623878720632e+00,2.529624307603e+00,9.023759869827e-02
-2.623744017812e+00,4.668086969646e+00,9.023884501110e-02
-2.623725771776e+00,9.491781262785e+00,7.591741855275e-02
-2.623583249755e+00,1.177114421807e+00,9.023564883812e-02
-2.623543477177e+00,6.235256071077e+00,9.023073071288e-02
-2.623256415390e+00,7.325516653188e+00,9.022468170970e-02
-2.623136175174e+00,3.399094948475e+00,9.023642487801e-02
-2.623078819450e+00,8.237222962173e+00,8.793943653437e-02
-2.622968454354e+00,7.056288417080e+00,9.022531281467e-02
-2.622943088418e+00,3.817728960748e+00,9.023628768710e-02
-2.622864670799e+00,5.559287613652e+00,9.023229563576e-02
-2.622787104466e+00,1.001535649302e+01,5.238031705533e-02
-2.622767706134e+00,2.980460936203e+00,9.023509992808e-02
-2.622536985920e+00,5.075652924557e+00,9.023371081287e-02
-2.622497912193e+00,9.832571681758e+00,6.479519763206e-02
-2.622389049296e+00,8.761454304172e+00,8.504801356328e-02
-2.622365541701e+00,2.110990295333e+00,9.023329281535e-02
-2.622288649708e+00,1.660153666735e+00,9.023269850051e-02
-2.622188445867e+00,4.236362973020e+00,9.023468819184e-02
-2.621977023827e+00,8.947537392247e+00,8.354431005745e-02
-2.621837681298e+00,2.561826923931e+00,9.023231125793e-02
-2.621774532819e+00,4.792888817660e+00,9.023314529306e-02
-2.621607005320e+00,1.209317038136e+00,9.023052755025e-02
-2.621500168093e+00,8.576279917019e+00,8.625348361402e-02
-2.621353556071e+00,1.019837847820e+01,2.510499173181e-02
-2.621051939239e+00,3.431297564804e+00,9.023102313347e-02
-2.620966247318e+00,5.642351780699e+00,9.022682612838e-02
-2.620837254184e+00,3.849931577077e+00,9.023082942918e-02
-2.620815947313e+00,5.922116571657e+00,9.022508430215e-02
-2.620705068499e+00,3.012663552531e+00,9.022975256771e-02
-2.620576799967e+00,4.997605664399e+00,9.022891981833e-02
-2.620488359963e+00,9.650036511394e+00,7.188694079644e-02
-2.620419200136e+00,6.121168502590e+00,9.022308594092e-02
-2.620393616051e+00,7.749390199488e+00,8.963301803690e-02
-2.620346100665e+00,2.143192911661e+00,9.022805554042e-02
-2.620290806973e+00,1.692356283063e+00,9.022751674353e-02
-2.620257390072e+00,9.134506383693e+00,8.162377056112e-02
-2.620061013332e+00,4.268565589349e+00,9.022917122380e-02
-2.619944094712e+00,7.901690268176e+00,8.917523186770e-02
-2.619796641963e+00,2.594029540260e+00,9.022701621616e-02
-2.619785367056e+00,7.597934501910e+00,9.004150041669e-02
-2.619756043256e+00,6.672400463268e+00,9.021875941789e-02
-2.619730306536e+00,6.555189211223e+00,9.021921989710e-02
-2.619630760885e+00,1.241519654464e+00,9.022539913308e-02
-2.619612045638e+00,7.176604012733e+00,9.021588293438e-02
-2.619317222974e+00,8.392036984932e+00,8.724298909003e-02
-2.618969141971e+00,6.790384130926e+00,9.021605429329e-02
-2.618967703305e+00,3.463500181132e+00,9.022561345629e-02
-2.618897591029e+00,6.438765165434e+00,9.021756721949e-02
-2.618731419949e+00,3.882134193405e+00,9.022536307184e-02
-2.618642430864e+00,3.044866168860e+00,9.022439743497e-02
-2.618496651792e+00,5.726089544706e+00,9.021999945674e-02
-2.618430637996e+00,8.054815892464e+00,8.865764841816e-02
-2.618400735399e+00,9.309748088760e+00,7.927578228525e-02
-2.618326659631e+00,2.175395527990e+00,9.022281081161e-02
-2.618292964238e+00,1.724558899391e+00,9.022232769045e-02
-2.618125629265e+00,7.447341951261e+00,9.021070966038e-02
-2.618086124728e+00,4.920317827260e+00,9.022290347818e-02
-2.617933580798e+00,4.300768205678e+00,9.022364598273e-02
-2.617809660467e+00,4.717808918850e+00,9.022305086501e-02
-2.617755602628e+00,2.626232156588e+00,9.022171355603e-02
-2.617654516449e+00,1.273722270792e+00,9.022026357121e-02
-2.617364035096e+00,6.909125388051e+00,9.021128831952e-02
-2.617263647514e+00,6.323143080452e+00,9.021394932914e-02
-2.616883467370e+00,3.495702797461e+00,9.022019582845e-02
-2.616760908987e+00,9.467763431249e+00,7.647017988945e-02
-2.616625585715e+00,3.914336809734e+00,9.021988859648e-02
-2.616579793229e+00,3.077068785189e+00,9.021903451235e-02
-2.616510962701e+00,6.007925729535e+00,9.021349797870e-02
-2.616307218595e+00,2.207598144318e+00,9.021755861251e-02
-2.616295121503e+00,1.756761515720e+00,9.021713132539e-02
-2.616176557727e+00,9.991238281050e+00,5.469464930168e-02
-2.615847197510e+00,8.208748217848e+00,8.806897496610e-02
-2.615806148264e+00,4.332970822006e+00,9.021811244941e-02
-2.615769096086e+00,9.808486351577e+00,6.603664568187e-02
-2.615714563293e+00,2.658434772916e+00,9.021640326058e-02
-2.615678272014e+00,1.305924887121e+00,9.021512084924e-02
-2.615552155371e+00,5.288515765034e+00,9.021437582491e-02
-2.615465447266e+00,8.732701631208e+00,8.526868642616e-02
-2.615451099713e+00,5.810490037071e+00,9.021165580842e-02
-2.615427386567e+00,5.369369939516e+00,9.021375899910e-02
-2.615420800405e+00,7.297631283009e+00,9.020428711755e-02
-2.615156948811e+00,8.918694572769e+00,8.382093641378e-02
-2.615126143125e+00,5.208379539058e+00,9.021377175218e-02
-2.615070343574e+00,4.843799995256e+00,9.021527103598e-02
-2.614935246943e+00,7.028609373506e+00,9.020441923355e-02
-2.614861438951e+00,1.017422796385e+01,3.084101183591e-02
-2.614834318096e+00,6.208337674213e+00,9.020804696171e-02
-2.614799231435e+00,3.527905413790e+00,9.021477023184e-02
-2.614746778657e+00,5.450931320059e+00,9.021148490682e-02
-2.614519751480e+00,3.946539426062e+00,9.021440598443e-02
-2.614517155595e+00,3.109271401517e+00,9.021366378232e-02
-2.614473462027e+00,8.547618640079e+00,8.643317964255e-02
-2.614297278767e+00,1.788964132048e+00,9.021192763237e-02
-2.614287777560e+00,2.239800760647e+00,9.021229892663e-02
-2.614154474410e+00,5.128971972178e+00,9.021148699719e-02
-2.613702027579e+00,1.338127503449e+00,9.020997095172e-02
-2.613678715729e+00,4.365173438335e+00,9.021257060458e-02
-2.613673523958e+00,2.690637389245e+00,9.021108531277e-02
-2.613641437565e+00,9.625984641628e+00,7.265883863282e-02
-2.613541259221e+00,9.105574669170e+00,8.198044152184e-02
-2.613505340289e+00,5.533189132752e+00,9.020787417414e-02
-2.613335599376e+00,4.643529406107e+00,9.021171300370e-02
-2.612857937774e+00,7.721204574925e+00,8.972044442937e-02
-2.612714995501e+00,3.560108030119e+00,9.020933664831e-02
-2.612642340164e+00,5.050303742733e+00,9.020800527231e-02
-2.612509318502e+00,7.873407030345e+00,8.927335812511e-02
-2.612454517960e+00,3.141474017846e+00,9.020828522726e-02
-2.612413917246e+00,3.978742042391e+00,9.020891521695e-02
-2.612299436032e+00,1.821166748377e+00,9.020671659540e-02
-2.612268336525e+00,2.272003376975e+00,9.020703173745e-02
-2.612187841669e+00,8.363468351542e+00,8.739252916998e-02
-2.612149244457e+00,7.569847727815e+00,9.012006961481e-02
-2.611824874013e+00,5.895542359316e+00,9.020165331555e-02
-2.611725783143e+00,1.370330119778e+00,9.020481386313e-02
-2.611698147009e+00,5.616132572601e+00,9.020271976101e-02
-2.611677394079e+00,7.148821191631e+00,9.019522259968e-02
-2.611632484623e+00,2.722840005574e+00,9.020575969552e-02
-2.611615535972e+00,6.094363627514e+00,9.020017498225e-02
-2.611551283195e+00,4.397376054664e+00,9.020702042889e-02
-2.611534905460e+00,4.768062716745e+00,9.020641059857e-02
-2.611430109764e+00,6.645040100322e+00,9.019708060471e-02
-2.611318100943e+00,9.285764872451e+00,7.967284459793e-02
-2.611307797167e+00,6.527937516812e+00,9.019722663604e-02
-2.611097215825e+00,8.026436280680e+00,8.876845205116e-02
-2.610740287891e+00,6.762916318723e+00,9.019460714807e-02
-2.610630759566e+00,3.592310646447e+00,9.020389505966e-02
-2.610594997485e+00,4.972385496425e+00,9.020291301133e-02
-2.610391880325e+00,3.173676634175e+00,9.020289882954e-02
-2.610389525846e+00,7.419355262684e+00,9.019047745308e-02
-2.610379014995e+00,6.411623356477e+00,9.019536404866e-02
-2.610308083012e+00,4.010944658720e+00,9.020341627526e-02
-2.610301593297e+00,1.853369364705e+00,9.020149819843e-02
-2.610248895490e+00,2.304205993303e+00,9.020175702839e-02
-2.609796046198e+00,9.443745599714e+00,7.699562391316e-02
-2.609749538708e+00,1.402532736107e+00,9.019964956794e-02
-2.609591445288e+00,2.755042621902e+00,9.020042639173e-02
-2.609566010988e+00,9.967120069078e+00,5.678523309448e-02
-2.609423850661e+00,4.429578670992e+00,9.020146190296e-02
-2.609320341469e+00,5.699750803908e+00,9.019602204089e-02
-2.609232758275e+00,6.881551348204e+00,9.019003142647e-02
-2.609040279978e+00,9.784401021397e+00,6.718825514987e-02
-2.608649519691e+00,6.296112371481e+00,9.019142943756e-02
-2.608615575570e+00,8.180273473523e+00,8.819507778872e-02
-2.608546523632e+00,3.624513262776e+00,9.019844544762e-02
-2.608541845236e+00,8.703948958243e+00,8.548108120840e-02
-2.608369321831e+00,1.015007744950e+01,3.574043591449e-02
-2.608336873795e+00,8.889851753291e+00,8.408691791611e-02
-2.608329242690e+00,3.205879250503e+00,9.019750457144e-02
-2.608303750562e+00,1.885571981034e+00,9.019627242537e-02
-2.608229454455e+00,2.336408609632e+00,9.019647478283e-02
-2.608202248777e+00,4.043147275048e+00,9.019790914052e-02
-2.608017769432e+00,4.895227845943e+00,9.019655383901e-02
-2.607773294273e+00,1.434735352435e+00,9.019447805055e-02
-2.607613325258e+00,5.981235583464e+00,9.019018771046e-02
-2.607585185420e+00,7.269745912831e+00,9.018379567125e-02
-2.607550405953e+00,2.787245238231e+00,9.019508538420e-02
-2.607485324735e+00,4.693116505950e+00,9.019615433362e-02
-2.607446755962e+00,8.518957363139e+00,8.660726834869e-02
-2.607296418127e+00,4.461781287321e+00,9.019589500735e-02
-2.606902039532e+00,7.000930329932e+00,9.018334765499e-02
-2.606825128370e+00,9.076642954646e+00,8.232164983245e-02
-2.606794515166e+00,9.601932771862e+00,7.338606594822e-02
-2.606462287697e+00,3.656715879105e+00,9.019298779389e-02
-2.606367133588e+00,5.784032960670e+00,9.018793063585e-02
-2.606305907826e+00,1.917774597362e+00,9.019103926008e-02
-2.606266605056e+00,3.238081866832e+00,9.019210243521e-02
-2.606210013420e+00,2.368611225960e+00,9.019118498412e-02
-2.606125159016e+00,6.181419277349e+00,9.018524800912e-02
-2.606096414543e+00,4.075349891377e+00,9.019239379384e-02
-2.605922548500e+00,5.262786606383e+00,9.018921905306e-02
-2.605887297234e+00,5.343516486000e+00,9.018874291513e-02
-2.605797049837e+00,1.466937968764e+00,9.018929929534e-02
-2.605660762520e+00,1.562500050003e-02,9.031247621408e-02
-2.605660762520e+00,4.687500150008e-02,9.029780594688e-02
-2.605660762520e+00,1.406250045003e-01,9.025904008527e-02
-2.605660762520e+00,2.343750075005e-01,9.022844617901e-02
-2.605660762520e+00,2.656250085005e-01,9.022012307427e-02
-2.605660762520e+00,2.968750095005e-01,9.021275503281e-02
-2.605660762520e+00,3.281250105004e-01,9.020635100543e-02
-2.605660762520e+00,3.593750115003e-01,9.020091881327e-02
-2.605660762520e+00,3.906250125003e-01,9.019646512084e-02
-2.605660762520e+00,4.218750135002e-01,9.019299541301e-02
-2.605660762520e+00,4.531250145001e-01,9.019051397582e-02
-2.605660762520e+00,4.843750155000e-01,9.018902388156e-02
-2.605660762520e+00,5.781250185000e-01,9.018852697794e-02
-2.605660762520e+00,6.093750195000e-01,9.018852697794e-02
-2.605660762520e+00,7.031250225001e-01,9.018852697794e-02
-2.605660762520e+00,7.343750235001e-01,9.018852697794e-02
-2.605660762520e+00,7.656250245000e-01,9.018852697794e-02
-2.605660762520e+00,9.218750295000e-01,9.018852697794e-02
-2.605660762520e+00,9.531250305000e-01,9.018852697794e-02
-2.605660762520e+00,9.843750315000e-01,9.018852697794e-02
-2.605660762520e+00,1.718750055004e-01,9.024791631353e-02
-2.605660762520e+00,2.031250065004e-01,9.023771429712e-02
-2.605660762520e+00,5.156250165000e-01,9.018852697794e-02
-2.605660762520e+00,6.406250205000e-01,9.018852697794e-02
-2.605660762520e+00,7.968750255000e-01,9.018852697794e-02
-2.605660762520e+00,8.281250265000e-01,9.018852697794e-02
-2.605660762520e+00,8.593750275000e-01,9.018852697794e-02
-2.605660762520e+00,7.812500250012e-02,9.028399942714e-02
-2.605660762520e+00,1.093750035002e-01,9.027107248164e-02
-2.605660762520e+00,5.468750175000e-01,9.018852697794e-02
-2.605660762520e+00,6.718750215000e-01,9.018852697794e-02
-2.605660762520e+00,8.906250285001e-01,9.018852697794e-02
-2.605509366618e+00,2.819447854559e+00,9.018973665572e-02
-2.605407600666e+00,5.182775859132e+00,9.018827261096e-02
-2.605322259498e+00,7.693018950363e+00,8.980597575970e-02
-2.605296783289e+00,5.424954758236e+00,9.018679924221e-02
-2.605168985592e+00,4.493983903650e+00,9.019031972254e-02
-2.605074542291e+00,7.845123792513e+00,8.936902837104e-02
-2.605058460364e+00,8.334899718152e+00,8.753779735576e-02
-2.604916044837e+00,4.818841370576e+00,9.018875275557e-02
-2.604683439452e+00,1.016101340164e+00,9.018596284082e-02
-2.604513121858e+00,7.541760953720e+00,9.017440367314e-02
-2.604378051763e+00,3.688918495433e+00,9.018752208010e-02
-2.604347583823e+00,5.103494952111e+00,9.018584310615e-02
-2.604308065091e+00,1.949977213691e+00,9.018579868639e-02
-2.604235466488e+00,9.261781656141e+00,8.005293549174e-02
-2.604203967421e+00,3.270284483160e+00,9.018669240304e-02
-2.604190572385e+00,2.400813842289e+00,9.018588761552e-02
-2.604146009778e+00,5.507090651852e+00,9.018332385554e-02
-2.603990580308e+00,4.107552507706e+00,9.018687021626e-02
-2.603820805402e+00,1.499140585092e+00,9.018411328662e-02
-2.603763793653e+00,7.998056668897e+00,8.887653501947e-02
-2.603742742520e+00,7.121038370529e+00,9.017446374814e-02
-2.603468327284e+00,2.851650470888e+00,9.018438018902e-02
-2.603104176272e+00,6.617679737375e+00,9.017518440476e-02
-2.603041553058e+00,4.526186519978e+00,9.018473602896e-02
-2.602955464249e+00,9.943001857105e+00,5.868297108684e-02
-2.602927180940e+00,4.618971842569e+00,9.018443434245e-02
-2.602885287799e+00,6.500685822400e+00,9.017512365341e-02
-2.602833800713e+00,5.868968146976e+00,9.017810171906e-02
-2.602831183410e+00,9.419727768179e+00,7.749571640384e-02
-2.602811871808e+00,6.067558752438e+00,9.017714784751e-02
-2.602747694408e+00,5.024954560908e+00,9.018200687589e-02
-2.602728793317e+00,1.048303956493e+00,9.018082923607e-02
-2.602653422428e+00,7.391368574108e+00,9.017014951659e-02
-2.602511433810e+00,6.735448506520e+00,9.017305515646e-02
-2.602430046699e+00,5.589913364502e+00,9.017848827660e-02
-2.602311463871e+00,9.760315691216e+00,6.825941119676e-02
-2.602310222356e+00,1.982179830019e+00,9.018055068806e-02
-2.602293815828e+00,3.721121111762e+00,9.018204828783e-02
-2.602171131350e+00,2.433016458617e+00,9.018058266029e-02
-2.602141329786e+00,3.302487099489e+00,9.018127445707e-02
-2.601884746074e+00,4.139755124035e+00,9.018133838878e-02
-2.601877204711e+00,1.012592693514e+01,3.997373740863e-02
-2.601860438960e+00,6.384481547519e+00,9.017305007975e-02
-2.601844560966e+00,1.531343201420e+00,9.017892000869e-02
-2.601618243206e+00,8.675196285279e+00,8.568628517763e-02
-2.601516798779e+00,8.861008933813e+00,8.434285003780e-02
-2.601427287949e+00,2.883853087217e+00,9.017901596677e-02
-2.601383953630e+00,8.151798729199e+00,8.831787912894e-02
-2.601295278101e+00,4.743236615831e+00,9.017951772193e-02
-2.601101481454e+00,6.853977308356e+00,9.016867080489e-02
-2.600914120524e+00,4.558389136307e+00,9.017914390701e-02
-2.600774147181e+00,1.080506572821e+00,9.017568851122e-02
-2.600613195002e+00,4.947165328451e+00,9.017676741933e-02
-2.600420049896e+00,8.490296086198e+00,8.677600529093e-02
-2.600312379621e+00,2.014382446348e+00,9.017529524881e-02
-2.600209579893e+00,3.753323728090e+00,9.017656639860e-02
-2.600151690315e+00,2.465219074946e+00,9.017527010161e-02
-2.600144031145e+00,5.673412063110e+00,9.017191955989e-02
-2.600108997519e+00,9.047711240123e+00,8.264836602331e-02
-2.600078692151e+00,3.334689715818e+00,9.017584857941e-02
-2.600035391868e+00,6.269081662510e+00,9.016874067046e-02
-2.599947592767e+00,9.577880902096e+00,7.407237584033e-02
-2.599868316531e+00,1.563545817749e+00,9.017371944577e-02
-2.599778911839e+00,4.171957740363e+00,9.017579829233e-02
-2.599749570435e+00,7.241860542652e+00,9.016320681771e-02
-2.599386248614e+00,2.916055703545e+00,9.017364397160e-02
-2.598868832121e+00,6.973251286358e+00,9.016217350142e-02
-2.598819501046e+00,1.112709189150e+00,9.017054065102e-02
-2.598786687990e+00,4.590591752636e+00,9.017354333698e-02
-2.598715687814e+00,5.954545437393e+00,9.016675710751e-02
-2.598314536886e+00,2.046585062676e+00,9.017003235233e-02
-2.598132249280e+00,2.497421691274e+00,9.016994992262e-02
-2.598125343959e+00,3.785526344419e+00,9.017107639389e-02
-2.598016054517e+00,3.366892332147e+00,9.017041475206e-02
-2.597949414137e+00,4.870137864626e+00,9.017004164161e-02
-2.597929079058e+00,8.306331084763e+00,8.767897286333e-02
-2.597892072096e+00,1.595748434078e+00,9.016851158206e-02
-2.597786581221e+00,7.664833325801e+00,8.988967381554e-02
-2.597673077605e+00,4.204160356692e+00,9.017024990779e-02
-2.597639766081e+00,7.816840554681e+00,8.946252559426e-02
-2.597415999936e+00,6.154500880485e+00,9.016233322847e-02
-2.597388261575e+00,9.235280369901e+00,8.045009211060e-02
-2.597345209279e+00,2.948258319874e+00,9.016826418608e-02
-2.597283167462e+00,5.757575884268e+00,9.016395718033e-02
-2.597160989004e+00,4.668424093050e+00,9.016902611533e-02
-2.596876999259e+00,7.513674179625e+00,9.015423366277e-02
-2.596864854910e+00,1.144911805478e+00,9.016538564014e-02
-2.596430371481e+00,7.969677057114e+00,8.898199643638e-02
-2.596347207901e+00,5.317663032485e+00,9.016359362933e-02
-2.596344917510e+00,9.918883645132e+00,6.041332602471e-02
-2.596316694150e+00,2.078787679004e+00,9.016476198225e-02
-2.596292941629e+00,5.237057447733e+00,9.016392937643e-02
-2.596112808245e+00,2.529624307603e+00,9.016462210641e-02
-2.596041108024e+00,3.817728960748e+00,9.016557825511e-02
-2.595953416882e+00,3.399094948475e+00,9.016497295703e-02
-2.595915827660e+00,1.627951050406e+00,9.016329640170e-02
-2.595866320621e+00,9.395709936643e+00,7.797223911647e-02
-2.595846787921e+00,5.398978196412e+00,9.016198420257e-02
-2.595808090960e+00,7.093255549427e+00,9.015351906044e-02
-2.595689058207e+00,5.157172179206e+00,9.016263670156e-02
-2.595582647763e+00,9.736230361035e+00,6.925823599371e-02
-2.595567243371e+00,4.236362973020e+00,9.016469321598e-02
-2.595385087591e+00,1.010177642079e+01,4.366801974137e-02
-2.595304169944e+00,2.980460936203e+00,9.016287659275e-02
-2.594917319010e+00,7.363381885532e+00,9.014972529836e-02
-2.594910208775e+00,1.177114421807e+00,9.016022346321e-02
-2.594786679267e+00,5.480992170952e+00,9.015864404362e-02
-2.594778242780e+00,6.590319374429e+00,9.015317900097e-02
-2.594761746101e+00,4.793882745897e+00,9.016207569831e-02
-2.594696723763e+00,8.832166114335e+00,8.458928508336e-02
-2.594694641176e+00,8.646443612314e+00,8.588466670367e-02
-2.594540693237e+00,5.078017932044e+00,9.016006297131e-02
-2.594462778430e+00,6.473434127989e+00,9.015291033592e-02
-2.594318851415e+00,2.110990295333e+00,9.015948412216e-02
-2.594282579730e+00,6.707980694317e+00,9.015139003651e-02
-2.594152331690e+00,8.123323984874e+00,8.843750637981e-02
-2.594093367210e+00,2.561826923931e+00,9.015928663604e-02
-2.594008207644e+00,6.040753877362e+00,9.015390371022e-02
-2.593956872090e+00,3.849931577077e+00,9.016007196362e-02
-2.593939583225e+00,1.660153666735e+00,9.015807388880e-02
-2.593890779247e+00,3.431297564804e+00,9.015952317625e-02
-2.593842727413e+00,5.842393934636e+00,9.015442888932e-02
-2.593461409136e+00,4.268565589349e+00,9.015912819766e-02
-2.593393343830e+00,8.461634809258e+00,8.693963097258e-02
-2.593392866667e+00,9.018779525600e+00,8.296148191663e-02
-2.593341862926e+00,6.357339738561e+00,9.015060617017e-02
-2.593263130609e+00,3.012663552531e+00,9.015748117408e-02
-2.593161946390e+00,5.563694156403e+00,9.015398026631e-02
-2.593100670368e+00,9.553829032330e+00,7.472111263323e-02
-2.592970204632e+00,6.826403268509e+00,9.014720586645e-02
-2.592955562639e+00,1.209317038136e+00,9.015505410485e-02
-2.592853048652e+00,4.999605379083e+00,9.015586835670e-02
-2.592700846676e+00,1.028489620693e+01,6.608629171279e-06
-2.592321008680e+00,2.143192911661e+00,9.015419875559e-02
-2.592073926175e+00,2.594029540260e+00,9.015394349449e-02
-2.591963338789e+00,1.692356283063e+00,9.015284402742e-02
-2.591913955451e+00,7.213975172474e+00,9.014252000242e-02
-2.591872636155e+00,3.882134193405e+00,9.015455750073e-02
-2.591828141612e+00,3.463500181132e+00,9.015406539158e-02
-2.591421264045e+00,6.242050953540e+00,9.014593649218e-02
-2.591355574902e+00,4.300768205678e+00,9.015355483354e-02
-2.591222091274e+00,3.044866168860e+00,9.015207791249e-02
-2.591055650742e+00,4.718410514916e+00,9.015247951089e-02
-2.591000916504e+00,1.241519654464e+00,9.014987754958e-02
-2.590967720822e+00,5.647073322313e+00,9.014769138207e-02
-2.590835624710e+00,6.945572242784e+00,9.014089618138e-02
-2.590799697753e+00,8.277762451373e+00,8.781610973624e-02
-2.590776486203e+00,9.206261013731e+00,8.086094148109e-02
-2.590631392519e+00,4.921945160477e+00,9.015045104427e-02
-2.590323165945e+00,2.175395527990e+00,9.014890586604e-02
-2.590250902945e+00,7.636647701238e+00,8.997159781673e-02
-2.590204989870e+00,7.788557316850e+00,8.955392351082e-02
-2.590054485140e+00,2.626232156588e+00,9.014859266471e-02
-2.589987094354e+00,1.724558899391e+00,9.014760680156e-02
-2.589818050370e+00,5.927855291322e+00,9.014320552481e-02
-2.589788400220e+00,3.914336809734e+00,9.014903484768e-02
-2.589765503978e+00,3.495702797461e+00,9.014859958486e-02
-2.589734370770e+00,9.894765433160e+00,6.199746730705e-02
-2.589249740667e+00,4.332970822006e+00,9.014797310427e-02
-2.589240876660e+00,7.485587405530e+00,9.013396850582e-02
-2.589181051939e+00,3.077068785189e+00,9.014666679035e-02
-2.589096949310e+00,7.941297445330e+00,8.908493077959e-02
-2.589046270368e+00,1.273722270792e+00,9.014469378194e-02
-2.588901457832e+00,9.371692105108e+00,7.842681082544e-02
-2.588892970471e+00,1.007762590645e+01,4.691998374650e-02
-2.588853831656e+00,9.712145030854e+00,7.019179426848e-02
-2.588706840855e+00,6.127582483620e+00,9.013930199428e-02
-2.588325323209e+00,2.207598144318e+00,9.014360543696e-02
-2.588199201337e+00,5.731118807867e+00,9.013985817268e-02
-2.588035044105e+00,2.658434772916e+00,9.014323412960e-02
-2.588010849919e+00,1.756761515720e+00,9.014236219521e-02
-2.587881058841e+00,4.845047883310e+00,9.014338626676e-02
-2.587876648747e+00,8.803323294857e+00,8.482673600774e-02
-2.587873439402e+00,7.065472728325e+00,9.013242418730e-02
-2.587771039146e+00,8.617690939350e+00,8.607655598411e-02
-2.587704164286e+00,3.946539426062e+00,9.014350398567e-02
-2.587702866343e+00,3.527905413790e+00,9.014312573786e-02
-2.587181215592e+00,7.335395196956e+00,9.012920424422e-02
-2.587143906433e+00,4.365173438335e+00,9.014238299042e-02
-2.587140012604e+00,3.109271401517e+00,9.014124778999e-02
-2.587091624233e+00,1.305924887121e+00,9.013950278638e-02
-2.586920709750e+00,8.094849240549e+00,8.855408061442e-02
-2.586836653272e+00,4.643731680150e+00,9.014160313613e-02
-2.586807118568e+00,5.291809578969e+00,9.013831051563e-02
-2.586676735816e+00,8.989847811076e+00,8.326181837669e-02
-2.586663334758e+00,5.211328289083e+00,9.013840106651e-02
-2.586452309289e+00,6.562959011482e+00,9.013106377152e-02
-2.586396792553e+00,5.373001634589e+00,9.013686296959e-02
-2.586366637765e+00,8.432973532318e+00,8.709837192646e-02
-2.586327480474e+00,2.239800760647e+00,9.013829745174e-02
-2.586327316593e+00,1.026071397040e+01,1.009065277130e-02
-2.586253747969e+00,9.529777162564e+00,7.533526605861e-02
-2.586053725650e+00,6.680512882115e+00,9.012947933150e-02
-2.586040269061e+00,6.446182433577e+00,9.013058607025e-02
-2.586034605483e+00,1.788964132048e+00,9.013711019227e-02
-2.586015603070e+00,2.690637389245e+00,9.013786787200e-02
-2.585970515748e+00,5.131568499280e+00,9.013686341365e-02
-2.585640228708e+00,3.560108030119e+00,9.013764383230e-02
-2.585619928351e+00,3.978742042391e+00,9.013796489584e-02
-2.585427348756e+00,5.454893690052e+00,9.013383410727e-02
-2.585204543480e+00,6.013949002286e+00,9.013047227405e-02
-2.585136978097e+00,1.338127503449e+00,9.013430454733e-02
-2.585098973269e+00,3.141474017846e+00,9.013582089368e-02
-2.585038072198e+00,4.397376054664e+00,9.013678447255e-02
-2.584851654113e+00,5.815819722295e+00,9.013058642616e-02
-2.584838927811e+00,6.798829228662e+00,9.012563602196e-02
-2.584823286892e+00,6.330197929604e+00,9.012791049062e-02
-2.584733802651e+00,5.052540911977e+00,9.013401607167e-02
-2.584607447365e+00,4.768924121217e+00,9.013504363074e-02
-2.584329637739e+00,2.272003376975e+00,9.013298189373e-02
-2.584164710831e+00,9.177241657561e+00,8.125258250381e-02
-2.584078340466e+00,7.186089802295e+00,9.012173466956e-02
-2.584058361048e+00,1.821166748377e+00,9.013185077664e-02
-2.583996162035e+00,2.722840005574e+00,9.013249387473e-02
-2.583893846081e+00,5.537474948305e+00,9.012930651592e-02
-2.583670316448e+00,8.249193817983e+00,8.794926096981e-02
-2.583577591073e+00,3.592310646447e+00,9.013215384983e-02
-2.583535692417e+00,4.010944658720e+00,9.013241755927e-02
-2.583182331961e+00,1.370330119778e+00,9.012909904917e-02
-2.583123824031e+00,9.870647221187e+00,6.345313928564e-02
-2.583057933934e+00,3.173676634175e+00,9.013038608364e-02
-2.582958402896e+00,4.974256197259e+00,9.012958913343e-02
-2.582932237964e+00,4.429578670992e+00,9.013117753111e-02
-2.582807136222e+00,6.215020244569e+00,9.012301626259e-02
-2.582802417299e+00,6.917893199210e+00,9.011951510215e-02
-2.582770213660e+00,7.760274079018e+00,8.964329264429e-02
-2.582715224669e+00,7.608462076676e+00,9.005180454583e-02
-2.582400853351e+00,1.005347539210e+01,4.980450498256e-02
-2.582331795004e+00,2.304205993303e+00,9.012765874625e-02
-2.582125015548e+00,9.688059700674e+00,7.106625997472e-02
-2.582082116613e+00,1.853369364705e+00,9.012658393214e-02
-2.581976721000e+00,2.755042621902e+00,9.012711212052e-02
-2.581936595043e+00,9.347674273573e+00,7.886090554557e-02
-2.581791410499e+00,5.620734581515e+00,9.012333687984e-02
-2.581763527138e+00,7.912917833547e+00,8.918542815704e-02
-2.581604754062e+00,7.457500631435e+00,9.011360764965e-02
-2.581514953439e+00,3.624513262776e+00,9.012665577206e-02
-2.581451456482e+00,4.043147275049e+00,9.012686195699e-02
-2.581227685826e+00,1.402532736107e+00,9.012388627624e-02
-2.581056573731e+00,8.774480475379e+00,8.505567984015e-02
-2.581016894599e+00,3.205879250503e+00,9.012494334203e-02
-2.580920412927e+00,5.901165145251e+00,9.011953231933e-02
-2.580847437116e+00,8.588938266385e+00,8.626226256826e-02
-2.580826403730e+00,4.461781287321e+00,9.012556214653e-02
-2.580816023383e+00,4.693584414001e+00,9.012529547802e-02
-2.580649590036e+00,4.896724992502e+00,9.012380356167e-02
-2.580333952269e+00,2.336408609632e+00,9.012232799254e-02
-2.580105872177e+00,1.885571981034e+00,9.012130964256e-02
-2.579997681775e+00,6.100664086756e+00,9.011615368234e-02
-2.579960604965e+00,8.960916096553e+00,8.355013217172e-02
-2.579957279964e+00,2.787245238231e+00,9.012172259208e-02
-2.579953786509e+00,1.023653173386e+01,1.829839813643e-02
-2.579938787842e+00,7.037689907223e+00,9.011122673211e-02
-2.579689087810e+00,8.066374496225e+00,8.866771696966e-02
-2.579452315804e+00,3.656715879105e+00,9.012114958056e-02
-2.579445112174e+00,7.307408508380e+00,9.010858579839e-02
-2.579406825570e+00,9.505725292798e+00,7.591751704156e-02
-2.579367220547e+00,4.075349891377e+00,9.012129806996e-02
-2.579339931699e+00,8.404312255377e+00,8.725244170784e-02
-2.579273039690e+00,1.434735352435e+00,9.011866621281e-02
-2.579115235212e+00,5.704661731465e+00,9.011563295692e-02
-2.578975855265e+00,3.238081866832e+00,9.011949265097e-02
-2.578720569495e+00,4.493983903650e+00,9.011993829915e-02
-2.578336109533e+00,2.368611225960e+00,9.011698961581e-02
-2.578129627742e+00,1.917774597362e+00,9.011602789164e-02
-2.578126375797e+00,6.535598648535e+00,9.010883809408e-02
-2.577937838930e+00,2.819447854559e+00,9.011632527205e-02
-2.577824871569e+00,6.653045069912e+00,9.010745934964e-02
-2.577812703545e+00,4.819957901993e+00,9.011658717863e-02
-2.577617759692e+00,6.418930739166e+00,9.010815024319e-02
-2.577552935460e+00,9.148222301391e+00,8.162647515028e-02
-2.577389678169e+00,3.688918495433e+00,9.011563525683e-02
-2.577318393555e+00,1.466937968764e+00,9.011343884316e-02
-2.577282984613e+00,4.107552507706e+00,9.011572587910e-02
-2.577267029235e+00,5.265956125453e+00,9.011289295508e-02
-2.577033727888e+00,5.185599130432e+00,9.011263633403e-02
-2.576946797185e+00,5.347025072766e+00,9.011158736746e-02
-2.576934815930e+00,3.270284483160e+00,9.011403399253e-02
-2.576868930890e+00,1.562500050003e-02,9.023968678547e-02
-2.576868930890e+00,4.687500150008e-02,9.022455907795e-02
-2.576868930890e+00,1.093750035002e-01,9.019698673105e-02
-2.576868930890e+00,1.406250045003e-01,9.018457452746e-02
-2.576868930890e+00,1.718750055004e-01,9.017309839080e-02
-2.576868930890e+00,2.031250065004e-01,9.016257215944e-02
-2.576868930890e+00,2.343750075005e-01,9.015300863433e-02
-2.576868930890e+00,2.656250085005e-01,9.014441953576e-02
-2.576868930890e+00,2.968750095005e-01,9.013681546329e-02
-2.576868930890e+00,3.281250105004e-01,9.013020585917e-02
-2.576868930890e+00,3.593750115003e-01,9.012459897541e-02
-2.576868930890e+00,3.906250125003e-01,9.012000184479e-02
-2.576868930890e+00,4.218750135002e-01,9.011642025597e-02
-2.576868930890e+00,4.531250145001e-01,9.011385873286e-02
-2.576868930890e+00,4.843750155000e-01,9.011232051851e-02
-2.576868930890e+00,5.156250165000e-01,9.011180756341e-02
-2.576868930890e+00,5.468750175000e-01,9.011180756341e-02
-2.576868930890e+00,5.781250185000e-01,9.011180756341e-02
-2.576868930890e+00,6.093750195000e-01,9.011180756341e-02
-2.576868930890e+00,6.406250205000e-01,9.011180756341e-02
-2.576868930890e+00,6.718750215000e-01,9.011180756341e-02
-2.576868930890e+00,7.031250225000e-01,9.011180756341e-02
-2.576868930890e+00,7.343750235000e-01,9.011180756341e-02
-2.576868930890e+00,7.656250245000e-01,9.011180756341e-02
-2.576868930890e+00,7.968750255000e-01,9.011180756341e-02
-2.576868930890e+00,8.281250265000e-01,9.011180756341e-02
-2.576868930890e+00,8.593750275000e-01,9.011180756341e-02
-2.576868930890e+00,8.906250285000e-01,9.011180756341e-02
-2.576868930890e+00,9.218750295000e-01,9.011180756341e-02
-2.576868930890e+00,9.531250305000e-01,9.011180756341e-02
-2.576868930890e+00,9.843750315000e-01,9.011180756341e-02
-2.576868930890e+00,7.812500250012e-02,9.021032017194e-02
-2.576707650990e+00,6.771255188814e+00,9.010396068154e-02
-2.576614735261e+00,4.526186519978e+00,9.011430596928e-02
-2.576540935143e+00,8.220625184593e+00,8.807882958498e-02
-2.576513277292e+00,9.846529009214e+00,6.479532702779e-02
-2.576512317540e+00,4.619039267250e+00,9.011403049732e-02
-2.576400879316e+00,5.987144127210e+00,9.010691953808e-02
-2.576338266798e+00,2.400813842289e+00,9.011164359923e-02
-2.576304710857e+00,6.303056120646e+00,9.010509922464e-02
-2.576251973289e+00,5.105964819354e+00,9.011095214594e-02
-2.576242725481e+00,7.158204432117e+00,9.010072454933e-02
-2.576153383307e+00,1.949977213691e+00,9.011073866307e-02
-2.576068018245e+00,5.428795209151e+00,9.010889342094e-02
-2.575918397894e+00,2.851650470888e+00,9.011092014304e-02
-2.575908736231e+00,1.002932487774e+01,5.238046230062e-02
-2.575902406972e+00,1.016101340164e+00,9.010921908559e-02
-2.575860580813e+00,5.789245509954e+00,9.010649022115e-02
-2.575396199441e+00,9.663974370493e+00,7.188705240117e-02
-2.575363747419e+00,1.499140585092e+00,9.010820415148e-02
-2.575335437449e+00,7.731990841186e+00,8.973070049477e-02
-2.575327040534e+00,3.721121111762e+00,9.011011278230e-02
-2.575198748678e+00,4.139755124035e+00,9.011014536526e-02
-2.575179546392e+00,7.580276452113e+00,9.009567667477e-02
-2.574971732254e+00,9.323656442037e+00,7.927586836206e-02
-2.574926912064e+00,5.027063891909e+00,9.010774511952e-02
-2.574893776595e+00,3.302487099489e+00,9.010856734870e-02
-2.574769209888e+00,6.890214155636e+00,9.009802966990e-02
-2.574625745771e+00,5.511255740206e+00,9.010450197572e-02
-2.574508901026e+00,4.558389136307e+00,9.010866513714e-02
-2.574453148628e+00,4.743965496538e+00,9.010786392575e-02
-2.574430104966e+00,7.884538221764e+00,8.928355261900e-02
-2.574340424063e+00,2.433016458617e+00,9.010628992591e-02
-2.574236498714e+00,8.745637655901e+00,8.527656075891e-02
-2.574193008399e+00,6.187989535598e+00,9.009997934218e-02
-2.574177138871e+00,1.982179830019e+00,9.010544194052e-02
-2.573969359137e+00,1.048303956493e+00,9.010403674850e-02
-2.573968631463e+00,7.429413857339e+00,9.009315053980e-02
-2.573923835086e+00,8.560185593420e+00,8.644207693238e-02
-2.573898956859e+00,2.883853087217e+00,9.010550718759e-02
-2.573580256426e+00,1.021234949733e+01,2.510510404278e-02
-2.573409101284e+00,1.531343201420e+00,9.010296212192e-02
-2.573264402900e+00,3.753323728090e+00,9.010458213838e-02
-2.573244474114e+00,8.931984382029e+00,8.382712206272e-02
-2.573114512744e+00,4.171957740363e+00,9.010455650924e-02
-2.573063757140e+00,4.948907015434e+00,9.010316863624e-02
-2.572852737260e+00,3.334689715818e+00,9.010309270146e-02
-2.572615100176e+00,5.594395840717e+00,9.009874302357e-02
-2.572559903171e+00,9.481673423032e+00,7.647027657063e-02
-2.572457465870e+00,8.037899751900e+00,8.877852500261e-02
-2.572403066792e+00,4.590591752636e+00,9.010301578292e-02
-2.572342581328e+00,2.465219074946e+00,9.010092857891e-02
-2.572313225633e+00,8.375650978437e+00,8.740204180462e-02
-2.572200894436e+00,2.014382446348e+00,9.010013770756e-02
-2.572036311301e+00,1.080506572821e+00,9.009884722335e-02
-2.572022775483e+00,5.874474999179e+00,9.009573685027e-02
-2.572004136283e+00,7.009907086120e+00,9.008992609899e-02
-2.571879515824e+00,2.916055703545e+00,9.010008638821e-02
-2.571709008756e+00,7.279421819804e+00,9.008786940353e-02
-2.571454455148e+00,1.563545817749e+00,9.009771273862e-02
-2.571288522695e+00,6.073745689892e+00,9.009274963978e-02
-2.571201765265e+00,3.785526344419e+00,9.009904330639e-02
-2.571030276809e+00,4.204160356692e+00,9.009895929179e-02
-2.570941160088e+00,9.119202945221e+00,8.198378211700e-02
-2.570811697925e+00,3.366892332147e+00,9.009761003270e-02
-2.570667787553e+00,4.871504824528e+00,9.009701082725e-02
-2.570576396024e+00,4.668758313087e+00,9.009786462184e-02
-2.570344738593e+00,2.497421691274e+00,9.009555954125e-02
-2.570224650001e+00,2.046585062676e+00,9.009482594777e-02
-2.570103263465e+00,1.112709189150e+00,9.009365049475e-02
-2.570031269086e+00,5.678204655064e+00,9.009128088032e-02
-2.569902730553e+00,9.822410797241e+00,6.603677259694e-02
-2.569860074789e+00,2.948258319874e+00,9.009465772734e-02
-2.569800442305e+00,6.508238285589e+00,9.008650134595e-02
-2.569596017489e+00,6.625577257709e+00,9.008532946129e-02
-2.569499809013e+00,1.595748434078e+00,9.009245598563e-02
-2.569416619111e+00,1.000517436339e+01,5.469479325459e-02
-2.569411553838e+00,8.192056551203e+00,8.820495731711e-02
-2.569195250324e+00,6.391679044754e+00,9.008550226981e-02
-2.569139127630e+00,3.817728960748e+00,9.009349626762e-02
-2.568946040875e+00,4.236362973020e+00,9.009335369358e-02
-2.568770658590e+00,3.399094948475e+00,9.009211932428e-02
-2.568667383333e+00,9.639889040313e+00,7.265894806398e-02
-2.568576374169e+00,6.743681148967e+00,9.008204419871e-02
-2.568407110497e+00,7.130319061938e+00,9.007960331954e-02
-2.568346895857e+00,2.529624307603e+00,9.009018279589e-02
-2.568248405565e+00,2.078787679004e+00,9.008950664466e-02
-2.568170215630e+00,1.144911805478e+00,9.008844654726e-02
-2.568006869465e+00,9.299638610502e+00,7.967292922765e-02
-2.567900661239e+00,7.703707603355e+00,8.981621169747e-02
-2.567840633754e+00,2.980460936203e+00,9.008922118737e-02
-2.567786134823e+00,6.275914311689e+00,9.008217171975e-02
-2.567744348249e+00,4.794867920676e+00,9.008959445440e-02
-2.567726939902e+00,5.240102671937e+00,9.008734019026e-02
-2.567643868116e+00,7.552090827551e+00,9.007537515122e-02
-2.567597215151e+00,5.960339252135e+00,9.008324484122e-02
-2.567545162877e+00,1.627951050406e+00,9.008719184699e-02
-2.567496801817e+00,5.321048510942e+00,9.008617645846e-02
-2.567416423698e+00,8.716794836423e+00,8.548913802067e-02
-2.567404121017e+00,5.159869971782e+00,9.008673256180e-02
-2.567206726342e+00,1.018816726080e+01,3.084113895354e-02
-2.567096682795e+00,7.856158609980e+00,8.937921193018e-02
-2.567076489995e+00,3.849931577077e+00,9.008794100330e-02
-2.567000233056e+00,8.531432920456e+00,8.661627191435e-02
-2.566869507513e+00,5.762671297614e+00,9.008226736022e-02
-2.566861804940e+00,4.268565589349e+00,9.008773969524e-02
-2.566736002477e+00,6.862535112062e+00,9.007643928971e-02
-2.566729619255e+00,3.431297564804e+00,9.008662055800e-02
-2.566708687734e+00,5.402696728251e+00,9.008371745707e-02
-2.566533430830e+00,5.080361139429e+00,9.008490230669e-02
-2.566528343262e+00,8.903052667506e+00,8.409343421756e-02
-2.566349053122e+00,2.561826923931e+00,9.008479832575e-02
-2.566332508864e+00,7.401327083244e+00,9.007259662000e-02
-2.566272161130e+00,2.110990295333e+00,9.008417978168e-02
-2.566237167794e+00,1.177114421807e+00,9.008323536540e-02
-2.565821192719e+00,3.012663552531e+00,9.008377675066e-02
-2.565712980773e+00,9.457621553267e+00,7.699571884092e-02
-2.565590516742e+00,1.660153666735e+00,9.008192030668e-02
-2.565578880577e+00,6.160958826627e+00,9.007682509225e-02
-2.565357645462e+00,5.485036532107e+00,9.007956598924e-02
-2.565286519568e+00,8.346989701497e+00,8.754736247259e-02
-2.565225843930e+00,8.009425007575e+00,8.888660902179e-02
-2.565120021478e+00,5.001586871842e+00,9.008133158968e-02
-2.565013852361e+00,3.882134193405e+00,9.008237749460e-02
-2.564777569005e+00,4.300768205678e+00,9.008211727734e-02
-2.564688579920e+00,3.463500181132e+00,9.008111371560e-02
-2.564351210387e+00,2.594029540260e+00,9.007940611370e-02
-2.564329384717e+00,9.090183589051e+00,8.232556783210e-02
-2.564304119958e+00,1.209317038136e+00,9.007801693365e-02
-2.564298849892e+00,4.719006871858e+00,9.008053604204e-02
-2.564295916694e+00,2.143192911661e+00,9.007884534225e-02
-2.564069484724e+00,6.982124265018e+00,9.006852169061e-02
-2.563972905338e+00,7.251435131228e+00,9.006701278516e-02
-2.563801751684e+00,3.044866168860e+00,9.007832439950e-02
-2.563635870606e+00,1.692356283063e+00,9.007664134863e-02
-2.563438789852e+00,5.568057099919e+00,9.007394387535e-02
-2.563292183813e+00,9.798292585268e+00,6.718837959501e-02
-2.563169111384e+00,4.923557833609e+00,9.007652073904e-02
-2.563125138039e+00,5.847784853108e+00,9.007176889828e-02
-2.562951214726e+00,3.914336809734e+00,9.007680572262e-02
-2.562924501992e+00,9.981023849044e+00,5.678537531652e-02
-2.562693333071e+00,4.332970822006e+00,9.007648642039e-02
-2.562647540585e+00,3.495702797461e+00,9.007559877878e-02
-2.562579363614e+00,6.046827293028e+00,9.006919435964e-02
-2.562371072123e+00,1.241519654464e+00,9.007279123644e-02
-2.562353367652e+00,2.626232156588e+00,9.007400614256e-02
-2.562319672259e+00,2.175395527990e+00,9.007350330974e-02
-2.562282172533e+00,8.163487917814e+00,8.832777868948e-02
-2.561938567226e+00,9.615803710132e+00,7.338617326445e-02
-2.561782310649e+00,3.077068785189e+00,9.007286411614e-02
-2.561681224471e+00,1.724558899391e+00,9.007135495674e-02
-2.561474508813e+00,6.480877922642e+00,9.006405290417e-02
-2.561367163408e+00,6.598109445506e+00,9.006308903598e-02
-2.561042006677e+00,9.275620778966e+00,8.005301872010e-02
-2.560947302961e+00,5.651747578662e+00,9.006680129371e-02
-2.560888577091e+00,3.946539426062e+00,9.007122566844e-02
-2.560833196259e+00,1.016398502426e+01,3.574057247950e-02
-2.560772740955e+00,6.364427350342e+00,9.006268186179e-02
-2.560685985070e+00,4.846284656554e+00,9.007007225781e-02
-2.560609097136e+00,4.365173438335e+00,9.007084710484e-02
-2.560606501251e+00,3.527905413790e+00,9.007007572916e-02
-2.560596348682e+00,8.687952016945e+00,8.569451709967e-02
-2.560571495512e+00,7.102433691760e+00,9.005837951239e-02
-2.560465885028e+00,7.675424365523e+00,8.989988817142e-02
-2.560445097347e+00,6.716107109120e+00,9.006000703545e-02
-2.560438024287e+00,1.273722270792e+00,9.006755825816e-02
-2.560355524917e+00,2.658434772916e+00,9.006859839510e-02
-2.560343427824e+00,2.207598144318e+00,9.006815366747e-02
-2.560336768665e+00,4.643932212172e+00,9.007014561544e-02
-2.560108189840e+00,7.523905202989e+00,9.005497796423e-02
-2.560076631026e+00,8.502680247491e+00,8.678510402210e-02
-2.559812212411e+00,8.874120952983e+00,8.434966703510e-02
-2.559763260623e+00,7.827778998197e+00,8.947269604700e-02
-2.559762869614e+00,3.109271401517e+00,9.006739588276e-02
-2.559726578335e+00,1.756761515720e+00,9.006606111485e-02
-2.559267558789e+00,6.248772502731e+00,9.005912732368e-02
-2.558866058374e+00,9.433569683501e+00,7.749580963089e-02
-2.558825939456e+00,3.978742042391e+00,9.006563731304e-02
-2.558793550987e+00,5.933534377059e+00,9.005944752401e-02
-2.558702795065e+00,6.834856068488e+00,9.005474336567e-02
-2.558696386265e+00,7.373240309149e+00,9.005194533227e-02
-2.558565461916e+00,3.560108030119e+00,9.006454454835e-02
-2.558524861202e+00,4.397376054664e+00,9.006519931108e-02
-2.558504976451e+00,1.305924887121e+00,9.006231798316e-02
-2.558367183388e+00,2.239800760647e+00,9.006279639872e-02
-2.558357682181e+00,2.690637389245e+00,9.006318285405e-02
-2.558259813502e+00,8.318328424556e+00,8.768858350259e-02
-2.558186850569e+00,5.214249218421e+00,9.006144536393e-02
-2.558046806449e+00,5.295071949119e+00,9.006062959320e-02
-2.557994221990e+00,7.980950263251e+00,8.899206839522e-02
-2.557878434212e+00,5.736097085273e+00,9.005791716752e-02
-2.557774514146e+00,5.134140813132e+00,9.006068911292e-02
-2.557771932200e+00,1.788964132048e+00,9.006075980676e-02
-2.557743428579e+00,3.141474017846e+00,9.006191968150e-02
-2.557717609345e+00,9.061164232881e+00,8.265280851766e-02
-2.557675992954e+00,4.769777939359e+00,9.006227327977e-02
-2.557349357223e+00,5.376598247351e+00,9.005831391262e-02
-2.556964752754e+00,6.133928117656e+00,9.005353816379e-02
-2.556814888372e+00,5.054757459503e+00,9.005850506804e-02
-2.556763301822e+00,4.010944658720e+00,9.006004063738e-02
-2.556681637074e+00,9.774174373296e+00,6.825953319840e-02
-2.556571928615e+00,1.338127503449e+00,9.005707039575e-02
-2.556524422581e+00,3.592310646447e+00,9.005900521786e-02
-2.556440625267e+00,4.429578670992e+00,9.005954301944e-02
-2.556432384872e+00,9.956873334694e+00,5.868311127404e-02
-2.556390938953e+00,2.272003376975e+00,9.005743148671e-02
-2.556359839446e+00,2.722840005574e+00,9.005775950207e-02
-2.556236801920e+00,7.223448442652e+00,9.004596394889e-02
-2.556134833165e+00,6.954341443916e+00,9.004701290829e-02
-2.556089545153e+00,5.458817324008e+00,9.005449790497e-02
-2.555817286064e+00,1.821166748377e+00,9.005545101624e-02
-2.555723987544e+00,3.173676634175e+00,9.005643549445e-02
-2.555313130891e+00,4.976109851775e+00,9.005477487070e-02
-2.555209751118e+00,9.591718379952e+00,7.407248110070e-02
-2.555152791228e+00,8.134919284424e+00,8.844742146214e-02
-2.554700664187e+00,4.043147275049e+00,9.005443562235e-02
-2.554638880780e+00,1.370330119778e+00,9.005181548019e-02
-2.554483383246e+00,3.624513262776e+00,9.005345771917e-02
-2.554459666176e+00,1.013980278773e+01,3.997387976114e-02
-2.554414694517e+00,2.304205993303e+00,9.005205891462e-02
-2.554361996711e+00,2.755042621902e+00,9.005232832178e-02
-2.554356389332e+00,4.461781287321e+00,9.005387821021e-02
-2.554306068071e+00,9.249058991941e+00,8.045046382991e-02
-2.554262479529e+00,5.541718359122e+00,9.004901266510e-02
-2.554227500596e+00,5.821094707037e+00,9.004754753054e-02
-2.554144551156e+00,4.694048247178e+00,9.005305945432e-02
-2.553870204534e+00,6.019908896164e+00,9.004551682792e-02
-2.553862639929e+00,1.853369364705e+00,9.005013472698e-02
-2.553776273666e+00,8.659109197467e+00,8.589305710388e-02
-2.553704546509e+00,3.205879250503e+00,9.005094330366e-02
-2.553274465628e+00,4.898208651784e+00,9.004959022345e-02
-2.553153028995e+00,8.473927574526e+00,8.694881462823e-02
-2.553148575321e+00,6.453517559696e+00,9.004145950180e-02
-2.553138309328e+00,6.570641633303e+00,9.004073744257e-02
-2.553096081560e+00,8.845189238460e+00,8.459637545208e-02
-2.553031108818e+00,7.647141127691e+00,8.998178925909e-02
-2.552735880527e+00,7.074548321581e+00,9.003705252818e-02
-2.552705832944e+00,1.402532736107e+00,9.004655322068e-02
-2.552638026552e+00,4.075349891377e+00,9.004882224877e-02
-2.552572511563e+00,7.495719578426e+00,9.003448455779e-02
-2.552442343911e+00,3.656715879105e+00,9.004790203371e-02
-2.552438450082e+00,2.336408609632e+00,9.004667866559e-02
-2.552429838451e+00,7.799399386413e+00,8.956407885656e-02
-2.552364153976e+00,2.787245238231e+00,9.004688929576e-02
-2.552350231586e+00,6.337175655931e+00,9.003974505989e-02
-2.552313820526e+00,6.688533069273e+00,9.003785990587e-02
-2.552272153398e+00,4.493983903650e+00,9.004820486358e-02
-2.552019135975e+00,9.409517813735e+00,7.797233069395e-02
-2.551907993793e+00,1.885571981034e+00,9.004481092266e-02
-2.551863336835e+00,5.625290502261e+00,9.004211472812e-02
-2.551685105474e+00,3.238081866832e+00,9.004544309110e-02
-2.551233107436e+00,8.289667147616e+00,8.782576898415e-02
-2.551105833973e+00,9.032144876711e+00,8.296640105572e-02
-2.551060263666e+00,7.345153535054e+00,9.003119611691e-02
-2.550772785108e+00,1.434735352435e+00,9.004128360140e-02
-2.550762600050e+00,7.952475518926e+00,8.909499783730e-02
-2.550748982755e+00,6.221630693774e+00,9.003596538450e-02
-2.550704182588e+00,4.821064488580e+00,9.004298728342e-02
-2.550669587654e+00,6.807177024915e+00,9.003281561876e-02
-2.550575388917e+00,4.107552507706e+00,9.004320049743e-02
-2.550462205647e+00,2.368611225960e+00,9.004129072268e-02
-2.550401304576e+00,3.688918495433e+00,9.004233814284e-02
-2.550366311240e+00,2.819447854559e+00,9.004144240652e-02
-2.550187917463e+00,4.526186519978e+00,9.004252295973e-02
-2.550097141306e+00,4.619106111257e+00,9.004227391057e-02
-2.550071090335e+00,9.750056161323e+00,6.925835558973e-02
-2.549989886823e+00,5.906729501983e+00,9.003552692881e-02
-2.549953347658e+00,1.917774597362e+00,9.003947958688e-02
-2.549940267751e+00,9.932722820343e+00,6.041346397147e-02
-2.549665664439e+00,3.270284483161e+00,9.003993483870e-02
-2.548887360912e+00,5.709522872933e+00,9.003343896997e-02
-2.548839737273e+00,1.466937968764e+00,9.003600660648e-02
-2.548646761236e+00,5.188395764905e+00,9.003540987316e-02
-2.548596811081e+00,5.269095387295e+00,9.003494612906e-02
-2.548512751283e+00,4.139755124035e+00,9.003757034904e-02
-2.548500698502e+00,7.195461754076e+00,9.002481315130e-02
-2.548485961211e+00,2.400813842289e+00,9.003589506895e-02
-2.548480935011e+00,9.567633049771e+00,7.472121589668e-02
-2.548368468505e+00,2.851650470888e+00,9.003598763654e-02
-2.548360265241e+00,3.721121111762e+00,9.003676602787e-02
-2.548350624931e+00,6.106897408685e+00,9.002997873037e-02
-2.548200181606e+00,6.926558622814e+00,9.002539915204e-02
-2.548144907275e+00,5.108411654482e+00,9.003450535913e-02
-2.548103681529e+00,4.558389136307e+00,9.003683247874e-02
-2.548086136092e+00,1.011562055119e+01,4.366816534393e-02
-2.548077099260e+00,4.687500150008e-02,9.014985490107e-02
-2.548077099260e+00,2.031250065004e-01,9.008589143792e-02
-2.548077099260e+00,2.343750075005e-01,9.007601967118e-02
-2.548077099260e+00,2.656250085005e-01,9.006715298376e-02
-2.548077099260e+00,2.968750095005e-01,9.005930256101e-02
-2.548077099260e+00,3.281250105004e-01,9.005247836908e-02
-2.548077099260e+00,3.906250125003e-01,9.004194223767e-02
-2.548077099260e+00,4.218750135002e-01,9.003824383646e-02
-2.548077099260e+00,5.468750175000e-01,9.003348051854e-02
-2.548077099260e+00,5.781250185000e-01,9.003348051854e-02
-2.548077099260e+00,6.093750195000e-01,9.003348051854e-02
-2.548077099260e+00,7.031250225000e-01,9.003348051854e-02
-2.548077099260e+00,7.343750235000e-01,9.003348051854e-02
-2.548077099260e+00,8.906250285000e-01,9.003348051854e-02
-2.548077099260e+00,9.218750295000e-01,9.003348051854e-02
-2.548077099260e+00,9.531250305000e-01,9.003348051854e-02
-2.548077099260e+00,1.562500050003e-02,9.016545938776e-02
-2.548077099260e+00,7.812500250012e-02,9.013516522964e-02
-2.548077099260e+00,1.093750035002e-01,9.012140792670e-02
-2.548077099260e+00,1.406250045003e-01,9.010859961241e-02
-2.548077099260e+00,1.718750055004e-01,9.009675591890e-02
-2.548077099260e+00,3.593750115003e-01,9.004668911945e-02
-2.548077099260e+00,4.531250145001e-01,9.003559869356e-02
-2.548077099260e+00,4.843750155000e-01,9.003401023419e-02
-2.548077099260e+00,5.156250165000e-01,9.003348051854e-02
-2.548077099260e+00,6.406250205000e-01,9.003348051854e-02
-2.548077099260e+00,6.718750215000e-01,9.003348051854e-02
-2.548077099260e+00,7.656250245000e-01,9.003348051854e-02
-2.548077099260e+00,7.968750255000e-01,9.003348051854e-02
-2.548077099260e+00,8.281250265000e-01,9.003348051854e-02
-2.548077099260e+00,8.593750275000e-01,9.003348051854e-02
-2.548077099260e+00,9.843750315000e-01,9.003348051854e-02
-2.548023409923e+00,8.106350651034e+00,8.856400704797e-02
-2.547998701522e+00,1.949977213691e+00,9.003414070323e-02
-2.547990026712e+00,5.350499766451e+00,9.003277361267e-02
-2.547799053649e+00,9.219953249426e+00,8.086215643013e-02
-2.547646223403e+00,3.302487099489e+00,9.003441852835e-02
-2.547607637658e+00,4.744687958043e+00,9.003480162985e-02
-2.547121374492e+00,1.016101340164e+00,9.003086718838e-02
-2.547096345912e+00,5.029153779577e+00,9.003195640421e-02
-2.546956198650e+00,8.630266377988e+00,8.608508958307e-02
-2.546906689437e+00,1.499140585092e+00,9.003072222001e-02
-2.546821444843e+00,5.432598115910e+00,9.002926162888e-02
-2.546509716776e+00,2.433016458617e+00,9.003049168737e-02
-2.546450113648e+00,4.171957740363e+00,9.003193178425e-02
-2.546379950709e+00,8.816257523936e+00,8.483407479593e-02
-2.546370625770e+00,2.883853087217e+00,9.003052496824e-02
-2.546319225906e+00,3.753323728090e+00,9.003118567005e-02
-2.546229426965e+00,8.445174901562e+00,8.710763106232e-02
-2.546044055386e+00,1.982179830019e+00,9.002879425523e-02
-2.546019445594e+00,4.590591752636e+00,9.003113340065e-02
-2.545626782368e+00,3.334689715818e+00,9.002889414186e-02
-2.545596332607e+00,7.618857889860e+00,9.001461507363e-02
-2.545506240305e+00,4.950632831708e+00,9.002807436214e-02
-2.545329863152e+00,5.794404560966e+00,9.002319842071e-02
-2.545209924957e+00,1.048303956493e+00,9.002563509495e-02
-2.545172213576e+00,9.385465943969e+00,7.842690080288e-02
-2.545161045453e+00,5.992990499300e+00,9.002171636805e-02
-2.545096416280e+00,7.771019774630e+00,8.965343104183e-02
-2.545086169206e+00,5.515379618324e+00,9.002394871179e-02
-2.545036833287e+00,7.467533953864e+00,9.001389437401e-02
-2.544973641601e+00,1.531343201420e+00,9.002543042601e-02
-2.544909455247e+00,6.543173821101e+00,9.001827404932e-02
-2.544900265542e+00,7.046662951403e+00,9.001562176557e-02
-2.544822641830e+00,6.426157196749e+00,9.001862770847e-02
-2.544533472341e+00,2.465219074946e+00,9.002508056087e-02
-2.544506445065e+00,1.029873686133e+01,6.608629151442e-06
-2.544494058602e+00,9.003125520541e+00,8.326717081835e-02
-2.544387476013e+00,4.204160356692e+00,9.002628478368e-02
-2.544372783035e+00,2.916055703545e+00,9.002505438398e-02
-2.544278186571e+00,3.785526344419e+00,9.002559705060e-02
-2.544206401370e+00,8.261005870676e+00,8.795895514771e-02
-2.544182543705e+00,6.660959029426e+00,9.001560217225e-02
-2.544089409251e+00,2.014382446348e+00,9.002344022635e-02
-2.543990252420e+00,4.669089622499e+00,9.002532028868e-02
-2.543927722217e+00,6.309923961519e+00,9.001669120026e-02
-2.543607341333e+00,3.366892332147e+00,9.002336166101e-02
-2.543530978110e+00,7.924000774602e+00,8.919548767593e-02
-2.543460543596e+00,9.725937949350e+00,7.019191150490e-02
-2.543448150631e+00,9.908572305993e+00,6.199760288019e-02
-2.543424141068e+00,7.317066760959e+00,9.001024348956e-02
-2.543379819872e+00,4.872859469959e+00,9.002251180332e-02
-2.543298475421e+00,1.080506572821e+00,9.002039574449e-02
-2.543040593766e+00,1.563545817749e+00,9.002013120849e-02
-2.542779370710e+00,5.598833425859e+00,9.001718807800e-02
-2.542636380243e+00,6.779497981341e+00,9.001075850417e-02
-2.542557227905e+00,2.497421691274e+00,9.001966167236e-02
-2.542374940300e+00,2.948258319874e+00,9.001957586608e-02
-2.542324838379e+00,4.236362973020e+00,9.002062932787e-02
-2.542237147236e+00,3.817728960748e+00,9.002000015065e-02
-2.542230406720e+00,6.194488884816e+00,9.001268525078e-02
-2.542134763115e+00,2.046585062676e+00,9.001807860002e-02
-2.541752118903e+00,9.543547719591e+00,7.533536738343e-02
-2.541712606009e+00,1.009143831466e+01,4.692013082019e-02
-2.541587900298e+00,3.399094948475e+00,9.001782106752e-02
-2.541387025885e+00,1.112709189150e+00,9.001514912148e-02
-2.541292039227e+00,9.190847506911e+00,8.125456098610e-02
-2.541186222659e+00,5.879924626907e+00,9.001142484840e-02
-2.541107545930e+00,1.595748434078e+00,9.001482455140e-02
-2.540894028617e+00,8.077782017644e+00,8.867765089869e-02
-2.540764595084e+00,7.167475065500e+00,9.000355979129e-02
-2.540722380105e+00,4.795844320606e+00,9.001567212456e-02
-2.540580983470e+00,2.529624307603e+00,9.001423500466e-02
-2.540377097564e+00,2.980460936203e+00,9.001408939681e-02
-2.540265530047e+00,6.898775801712e+00,9.000367982064e-02
-2.540262200744e+00,4.268565589349e+00,9.001496539731e-02
-2.540196107901e+00,3.849931577077e+00,9.001439495130e-02
-2.540180116980e+00,2.078787679004e+00,9.001270935964e-02
-2.540136123634e+00,8.601423558510e+00,8.627092531869e-02
-2.539896287612e+00,5.682948660592e+00,9.000883209749e-02
-2.539736497108e+00,6.079866699714e+00,9.000629679832e-02
-2.539663819858e+00,8.787325809413e+00,8.506324423771e-02
-2.539568459263e+00,3.431297564804e+00,9.001227234305e-02
-2.539475576349e+00,1.144911805478e+00,9.000989521037e-02
-2.539305824935e+00,8.416422228597e+00,8.726176761073e-02
-2.539174498094e+00,1.627951050406e+00,9.000951043864e-02
-2.539146815713e+00,5.243118825472e+00,9.000902167100e-02
-2.539106671903e+00,5.162542311390e+00,9.000923304647e-02
-2.538630696201e+00,5.324401285551e+00,9.000709587830e-02
-2.538604739035e+00,2.561826923931e+00,9.000880054058e-02
-2.538515300404e+00,5.082682495831e+00,9.000810854065e-02
-2.538379254829e+00,3.012663552531e+00,9.000859495839e-02
-2.538325291177e+00,9.361414074203e+00,7.886099397086e-02
-2.538251656596e+00,1.027452348358e+01,1.009070771412e-02
-2.538225470844e+00,2.110990295333e+00,9.000733248853e-02
-2.538199563109e+00,4.300768205678e+00,9.000929297241e-02
-2.538161556397e+00,7.590574652028e+00,8.999417800486e-02
-2.538155068567e+00,3.882134193405e+00,9.000878143357e-02
-2.537882283230e+00,8.974106164371e+00,8.355587859822e-02
-2.537762994108e+00,7.742640162847e+00,8.974082025162e-02
-2.537564126813e+00,1.177114421807e+00,9.000463399555e-02
-2.537553344534e+00,5.406378907811e+00,9.000372837337e-02
-2.537549018228e+00,3.463500181132e+00,9.000671546922e-02
-2.537539282362e+00,4.719597976726e+00,9.000717892566e-02
-2.537501155010e+00,7.439348329302e+00,8.999320685310e-02
-2.537377803454e+00,5.003550099651e+00,9.000526268104e-02
-2.537241450259e+00,1.660153666735e+00,9.000418885407e-02
-2.537179695305e+00,8.232344593735e+00,8.808855307602e-02
-2.537064650558e+00,7.018777581224e+00,8.999408662165e-02
-2.536956033511e+00,9.884421791643e+00,6.345327240542e-02
-2.536849996857e+00,9.701819737377e+00,7.106637490327e-02
-2.536680601167e+00,6.515706008898e+00,8.999569822401e-02
-2.536628494599e+00,2.594029540260e+00,9.000335826283e-02
-2.536496708338e+00,6.398796833802e+00,8.999567939603e-02
-2.536451886373e+00,5.966072102436e+00,8.999779230467e-02
-2.536432225708e+00,5.767714414895e+00,8.999872087373e-02
-2.536381412094e+00,3.044866168860e+00,9.000309253297e-02
-2.536299356169e+00,7.895526030277e+00,8.929361196320e-02
-2.536270824709e+00,2.143192911661e+00,9.000194797000e-02
-2.536136925474e+00,4.332970822006e+00,9.000361203356e-02
-2.536114029232e+00,3.914336809734e+00,9.000315957845e-02
-2.536051266884e+00,6.633384989578e+00,8.999323319583e-02
-2.535909858883e+00,5.489040877526e+00,8.999875133873e-02
-2.535788018469e+00,7.288979986864e+00,8.998916169816e-02
-2.535699349718e+00,4.925155811640e+00,9.000108695770e-02
-2.535652677277e+00,1.209317038136e+00,8.999936546138e-02
-2.535529577193e+00,3.495702797461e+00,9.000115042758e-02
-2.535505212848e+00,6.282672267108e+00,8.999351961891e-02
-2.535339075926e+00,1.006725607813e+01,4.980465227123e-02
-2.535308402423e+00,1.692356283063e+00,8.999885978150e-02
-2.535023302796e+00,9.519462389410e+00,7.591761648509e-02
-2.534785024805e+00,9.161741764396e+00,8.162914562040e-02
-2.534652250164e+00,2.626232156588e+00,8.999790815413e-02
-2.534603172832e+00,6.751818937767e+00,8.998859138230e-02
-2.534383569359e+00,3.077068785189e+00,8.999758210267e-02
-2.534316178573e+00,2.175395527990e+00,8.999655578727e-02
-2.534074287840e+00,4.365173438335e+00,8.999792256106e-02
-2.534072989897e+00,3.946539426062e+00,8.999752936685e-02
-2.533835953683e+00,4.644130997819e+00,8.999730007437e-02
-2.533764647312e+00,8.049213384254e+00,8.878846286331e-02
-2.533741227741e+00,1.241519654464e+00,8.999408959218e-02
-2.533711830686e+00,6.167347075859e+00,8.998921937467e-02
-2.533695404584e+00,5.572376349457e+00,8.999212811666e-02
-2.533510136158e+00,3.527905413790e+00,8.999557719964e-02
-2.533485174117e+00,4.847510288135e+00,8.999528486153e-02
-2.533375354587e+00,1.724558899391e+00,8.999352320470e-02
-2.533316048618e+00,8.572580739032e+00,8.645085591109e-02
-2.533028491666e+00,7.139488376924e+00,8.998220326590e-02
-2.532947689006e+00,8.758394094890e+00,8.528432649351e-02
-2.532676005728e+00,2.658434772916e+00,8.999245019711e-02
-2.532385726624e+00,3.109271401517e+00,8.999206364956e-02
-2.532382558495e+00,5.853119751831e+00,8.998707576899e-02
-2.532382222905e+00,8.387669555633e+00,8.741142643279e-02
-2.532361532438e+00,2.207598144318e+00,8.999115592356e-02
-2.532330878488e+00,6.870992980610e+00,8.998172708017e-02
-2.532031950562e+00,3.978742042391e+00,8.999189077964e-02
-2.532011650205e+00,4.397376054664e+00,8.999222453516e-02
-2.531996868126e+00,1.025031010582e+01,1.829848847268e-02
-2.531829778206e+00,1.273722270792e+00,8.998880637221e-02
-2.531490695123e+00,3.560108030119e+00,8.998999576685e-02
-2.531478368778e+00,9.337362204437e+00,7.927595528145e-02
-2.531442306751e+00,1.756761515720e+00,8.998817910739e-02
-2.531270507858e+00,8.945086808201e+00,8.383322675645e-02
-2.531122369285e+00,6.052835990743e+00,8.998249167540e-02
-2.530905214312e+00,5.656374448252e+00,8.998404559356e-02
-2.530740577622e+00,4.770624152632e+00,8.998805662874e-02
-2.530726780186e+00,7.562291414196e+00,8.997364475607e-02
-2.530699761293e+00,2.690637389245e+00,8.998698437436e-02
-2.530463916392e+00,9.860271277292e+00,6.479545765412e-02
-2.530429571936e+00,7.714260551063e+00,8.982631125985e-02
-2.530406886302e+00,2.239800760647e+00,8.998574836199e-02
-2.530387883888e+00,3.141474017846e+00,8.998653715563e-02
-2.530239450117e+00,9.677701525405e+00,7.188716507738e-02
-2.530152989239e+00,8.203683316795e+00,8.821470492818e-02
-2.529990911227e+00,4.010944658720e+00,8.998624379764e-02
-2.529965476734e+00,7.411162704739e+00,8.997237338119e-02
-2.529949012570e+00,4.429578670992e+00,8.998651793606e-02
-2.529918328670e+00,1.305924887121e+00,8.998351578571e-02
-2.529696820345e+00,5.217142263649e+00,8.998285307899e-02
-2.529566582570e+00,5.136688857874e+00,8.998291422021e-02
-2.529509258916e+00,1.788964132048e+00,8.998282747326e-02
-2.529471254088e+00,3.592310646447e+00,8.998440611059e-02
-2.529271365690e+00,5.298302804651e+00,8.998128003663e-02
-2.529229035573e+00,6.990892211046e+00,8.997244649199e-02
-2.529067734229e+00,7.867051285952e+00,8.938926010609e-02
-2.528965545842e+00,1.004307384159e+01,5.238060891437e-02
-2.528885693533e+00,5.056953337181e+00,8.998142376187e-02
-2.528723516858e+00,2.722840005574e+00,8.998151066843e-02
-2.528452240167e+00,2.272003376975e+00,8.998033308568e-02
-2.528451747086e+00,6.488238196695e+00,8.997287753686e-02
-2.528390041153e+00,3.173676634175e+00,8.998100260284e-02
-2.528294486688e+00,9.495377059230e+00,7.647037418899e-02
-2.528285244225e+00,5.380159699712e+00,8.997805694267e-02
-2.528278010383e+00,9.132636021881e+00,8.198708022796e-02
-2.528170774846e+00,6.371436470856e+00,8.997261389011e-02
-2.528151895870e+00,7.260893212769e+00,8.996797797181e-02
-2.528006879134e+00,1.338127503449e+00,8.997821781685e-02
-2.527949871892e+00,4.043147275049e+00,8.998058840158e-02
-2.527919990063e+00,6.605810949731e+00,8.997075233700e-02
-2.527886374935e+00,4.461781287321e+00,8.998080274389e-02
-2.527742727293e+00,5.939153705572e+00,8.997374396388e-02
-2.527659260995e+00,4.977946419725e+00,8.997842325667e-02
-2.527576211080e+00,1.821166748377e+00,8.997746828594e-02
-2.527534588265e+00,5.741024268824e+00,8.997411419679e-02
-2.527470927066e+00,4.694507995409e+00,8.997940460363e-02
-2.527451813053e+00,3.624513262776e+00,8.997880821222e-02
-2.527082703480e+00,6.255420572696e+00,8.997022965195e-02
-2.526747272422e+00,2.755042621902e+00,8.997602906180e-02
-2.526733548559e+00,5.462702136728e+00,8.997341987389e-02
-2.526635266007e+00,8.020644750865e+00,8.889654752115e-02
-2.526569965421e+00,6.724139894193e+00,8.996631360896e-02
-2.526497594031e+00,2.304205993303e+00,8.997491007768e-02
-2.526495973602e+00,8.543737919554e+00,8.662515522488e-02
-2.526392198418e+00,3.205879250503e+00,8.997545997310e-02
-2.526231558155e+00,8.729462380367e+00,8.549708884649e-02
-2.526095429598e+00,1.370330119778e+00,8.997291244977e-02
-2.525908832557e+00,4.075349891377e+00,8.997492457216e-02
-2.525892459132e+00,4.899678791573e+00,8.997386815802e-02
-2.525823737301e+00,4.493983903650e+00,8.997507893872e-02
-2.525742079656e+00,1.022609672806e+01,2.510521740232e-02
-2.525643163244e+00,1.853369364705e+00,8.997210152899e-02
-2.525458620875e+00,8.358916882668e+00,8.755679840153e-02
-2.525432372018e+00,3.656715879105e+00,8.997320205302e-02
-2.525292388248e+00,7.111501688348e+00,8.996074297034e-02
-2.525193254652e+00,6.140205266901e+00,8.996553126010e-02
-2.524771027987e+00,2.787245238231e+00,8.997053953691e-02
-2.524658732487e+00,8.916067452031e+00,8.409986468761e-02
-2.524631446379e+00,9.313310334671e+00,7.967301468578e-02
-2.524611438459e+00,5.545919273056e+00,8.996693413932e-02
-2.524542947896e+00,2.336408609632e+00,8.996947932098e-02
-2.524396226929e+00,6.843210159508e+00,8.995964707864e-02
-2.524394355683e+00,3.238081866832e+00,8.996990924826e-02
-2.524183980062e+00,1.402532736107e+00,8.996759966857e-02
-2.523971799272e+00,9.836120762942e+00,6.603690071901e-02
-2.523867793222e+00,4.107552507706e+00,8.996925229002e-02
-2.523761099666e+00,4.526186519978e+00,8.996934650057e-02
-2.523710115409e+00,1.885571981034e+00,8.996672718598e-02
-2.523681654947e+00,4.619172373140e+00,8.996912408897e-02
-2.523628903378e+00,9.653583313432e+00,7.265905854575e-02
-2.523590528361e+00,4.822161106310e+00,8.996790879372e-02
-2.523578894331e+00,5.826314876755e+00,8.996259787792e-02
-2.523412930983e+00,3.688918495433e+00,8.996758761421e-02
-2.523292003975e+00,7.534008176364e+00,8.995301476811e-02
-2.523126283173e+00,8.175022039855e+00,8.833754561918e-02
-2.523096149765e+00,7.685880939280e+00,8.990996611499e-02
-2.522794783552e+00,2.819447854559e+00,8.996504207616e-02
-2.522592015759e+00,1.001889160506e+01,5.469493856376e-02
-2.522588301760e+00,2.368611225960e+00,8.996404079854e-02
-2.522508241463e+00,6.025805281772e+00,8.995856267007e-02
-2.522429798458e+00,7.382977080177e+00,8.995135641367e-02
-2.522396512947e+00,3.270284483161e+00,8.996435041011e-02
-2.522272530526e+00,1.434735352435e+00,8.996227945729e-02
-2.521914141012e+00,5.629800235911e+00,8.995898919702e-02
-2.521836112289e+00,7.838576541628e+00,8.948273092308e-02
-2.521826753887e+00,4.139755124035e+00,8.996357153574e-02
-2.521777067573e+00,1.917774597362e+00,8.996134524039e-02
-2.521770995961e+00,9.103530279366e+00,8.232943560439e-02
-2.521698462031e+00,4.558389136307e+00,8.996360540939e-02
-2.521565670581e+00,9.471291729050e+00,7.699581468886e-02
-2.521393489948e+00,3.721121111762e+00,8.996196487697e-02
-2.521393420588e+00,6.963006840867e+00,8.995070077076e-02
-2.520818539116e+00,2.851650470888e+00,8.995953666189e-02
-2.520758775139e+00,4.745403984658e+00,8.996028778831e-02
-2.520633655625e+00,2.400813842289e+00,8.995859449328e-02
-2.520515773271e+00,7.232806438674e+00,8.994669170687e-02
-2.520398670212e+00,3.302487099489e+00,8.995878344040e-02
-2.520361080990e+00,1.466937968764e+00,8.995695179994e-02
-2.520246824977e+00,5.191165701825e+00,8.995654152787e-02
-2.520222893006e+00,6.460770384492e+00,8.994991531149e-02
-2.520026493237e+00,5.110835404358e+00,8.995645273892e-02
-2.519912035179e+00,5.272204323751e+00,8.995532145246e-02
-2.519844841354e+00,6.344076107909e+00,8.994943051582e-02
-2.519844019737e+00,1.949977213691e+00,8.995595567566e-02
-2.519788713242e+00,6.578236909884e+00,8.994815895533e-02
-2.519785714552e+00,4.171957740363e+00,8.995788228984e-02
-2.519675898586e+00,8.514895100076e+00,8.679408070684e-02
-2.519635824396e+00,4.590591752636e+00,8.995785564506e-02
-2.519515427304e+00,8.700530665843e+00,8.570264017305e-02
-2.519505884702e+00,7.992076117475e+00,8.900200449163e-02
-2.519487291186e+00,1.020188335030e+01,3.084126725788e-02
-2.519374048913e+00,3.753323728090e+00,8.995633382243e-02
-2.519285267630e+00,4.687500150008e-02,9.007364899262e-02
-2.519285267630e+00,2.031250065004e-01,9.000762337417e-02
-2.519285267630e+00,3.906250125003e-01,8.996223438638e-02
-2.519285267630e+00,4.218750135002e-01,8.995841396919e-02
-2.519285267630e+00,4.531250145001e-01,8.995568147726e-02
-2.519285267630e+00,5.468750175000e-01,8.995349330584e-02
-2.519285267630e+00,6.718750215000e-01,8.995349330584e-02
-2.519285267630e+00,7.812500250012e-02,9.005848920731e-02
-2.519285267630e+00,1.093750035002e-01,9.004428975385e-02
-2.519285267630e+00,1.406250045003e-01,9.003106815480e-02
-2.519285267630e+00,1.718750055004e-01,9.001884089682e-02
-2.519285267630e+00,2.343750075005e-01,8.999742983532e-02
-2.519285267630e+00,2.656250085005e-01,8.998827333278e-02
-2.519285267630e+00,2.968750095005e-01,8.998016567659e-02
-2.519285267630e+00,3.281250105004e-01,8.997311739179e-02
-2.519285267630e+00,4.843750155000e-01,8.995404053037e-02
-2.519285267630e+00,5.156250165000e-01,8.995349330584e-02
-2.519285267630e+00,5.781250185000e-01,8.995349330584e-02
-2.519285267630e+00,6.406250205000e-01,8.995349330584e-02
-2.519285267630e+00,7.031250225000e-01,8.995349330584e-02
-2.519285267630e+00,9.531250305000e-01,8.995349330584e-02
-2.519285267630e+00,9.843750315000e-01,8.995349330584e-02
-2.519285267630e+00,1.562500050003e-02,9.008975061024e-02
-2.519285267630e+00,3.593750115003e-01,8.996713768015e-02
-2.519285267630e+00,6.093750195000e-01,8.995349330584e-02
-2.519285267630e+00,7.343750235000e-01,8.995349330584e-02
-2.519285267630e+00,7.656250245000e-01,8.995349330584e-02
-2.519285267630e+00,7.968750255000e-01,8.995349330584e-02
-2.519285267630e+00,8.281250265000e-01,8.995349330584e-02
-2.519285267630e+00,8.593750275000e-01,8.995349330584e-02
-2.519285267630e+00,8.906250285000e-01,8.995349330584e-02
-2.519285267630e+00,9.218750295000e-01,8.995349330584e-02
-2.519256086662e+00,5.031224178530e+00,8.995459209687e-02
-2.519033568212e+00,5.912235308708e+00,8.994949864603e-02
-2.519017143916e+00,5.353940491614e+00,8.995224662925e-02
-2.518842294681e+00,2.883853087217e+00,8.995402327638e-02
-2.518679009489e+00,2.433016458617e+00,8.995314038803e-02
-2.518660194111e+00,6.228168878285e+00,8.994682063566e-02
-2.518636950821e+00,5.714334122752e+00,8.994937769963e-02
-2.518536758010e+00,6.696460850620e+00,8.994392453865e-02
-2.518535018845e+00,8.330164209703e+00,8.769806387577e-02
-2.518449631455e+00,1.499140585092e+00,8.995161668049e-02
-2.518400827477e+00,3.334689715818e+00,8.995320832083e-02
-2.518340342012e+00,1.016101340164e+00,8.995085459823e-02
-2.518046957115e+00,8.887048095861e+00,8.435639368795e-02
-2.517940718536e+00,4.952342739799e+00,8.995143749974e-02
-2.517910971902e+00,1.982179830019e+00,8.995055847520e-02
-2.517784523981e+00,9.289258464905e+00,8.005308366354e-02
-2.517744675218e+00,4.204160356692e+00,8.995218453278e-02
-2.517557238236e+00,5.436363395930e+00,8.994778398968e-02
-2.517556284830e+00,7.083514999771e+00,8.993917829807e-02
-2.517479682152e+00,9.811970248592e+00,6.718850522363e-02
-2.517402571771e+00,4.669418014092e+00,8.995135129836e-02
-2.517354607877e+00,3.785526344419e+00,8.995069443164e-02
-2.517018356639e+00,9.629465101460e+00,7.338628161097e-02
-2.516866050245e+00,2.916055703545e+00,8.994850190187e-02
-2.516724363354e+00,2.465219074946e+00,8.994767846563e-02
-2.516674678618e+00,6.113063457943e+00,8.994171973333e-02
-2.516538181919e+00,1.531343201420e+00,8.994627408284e-02
-2.516461575370e+00,6.815427338406e+00,8.993745704574e-02
-2.516450490776e+00,1.048303956493e+00,8.994557169748e-02
-2.516402984742e+00,3.366892332147e+00,8.994762503302e-02
-2.516218485675e+00,9.994709368524e+00,5.678551887849e-02
-2.516099577108e+00,8.146360762914e+00,8.845720327146e-02
-2.516085568545e+00,4.874201771506e+00,8.994649877174e-02
-2.515977924066e+00,2.014382446348e+00,8.994515362235e-02
-2.515857227765e+00,7.505724938533e+00,8.993228132243e-02
-2.515762727593e+00,7.657501327497e+00,8.993112069016e-02
-2.515703635883e+00,4.236362973020e+00,8.994647824495e-02
-2.515527472333e+00,5.519462196654e+00,8.994160544493e-02
-2.515335166843e+00,3.817728960748e+00,8.994504668561e-02
-2.515263981539e+00,9.074424536850e+00,8.265719361753e-02
-2.514894120181e+00,7.354791455615e+00,8.993023814824e-02
-2.514889805810e+00,2.948258319874e+00,8.994297252054e-02
-2.514836854474e+00,9.447206398869e+00,7.749590376163e-02
-2.514775230166e+00,5.799510001679e+00,8.993799046154e-02
-2.514769717218e+00,2.497421691274e+00,8.994220870881e-02
-2.514626732383e+00,1.563545817749e+00,8.994092399088e-02
-2.514604490349e+00,7.810101797303e+00,8.957409846993e-02
-2.514560639540e+00,1.080506572821e+00,8.994028146969e-02
-2.514405142006e+00,3.399094948475e+00,8.994203355856e-02
-2.514044876230e+00,2.046585062676e+00,8.993974110043e-02
-2.513894113640e+00,5.998774572801e+00,8.993450909162e-02
-2.513695882605e+00,4.796811924485e+00,8.994026420868e-02
-2.513662596548e+00,4.268565589349e+00,8.994076340672e-02
-2.513557805603e+00,6.935121470689e+00,8.992870871671e-02
-2.513315725807e+00,3.849931577077e+00,8.993939056530e-02
-2.513232502716e+00,1.017766997255e+01,3.574071031932e-02
-2.512923067712e+00,5.603226023571e+00,8.993379826196e-02
-2.512913561375e+00,2.980460936203e+00,8.993743511454e-02
-2.512879650672e+00,7.204719664579e+00,8.992530229759e-02
-2.512855823569e+00,8.486052280597e+00,8.695787458904e-02
-2.512815071082e+00,2.529624307603e+00,8.993673110030e-02
-2.512799296453e+00,8.671598951320e+00,8.590133600733e-02
-2.512715282847e+00,1.595748434078e+00,8.993556638841e-02
-2.512670788304e+00,1.112709189150e+00,8.993498389923e-02
-2.512407299271e+00,3.431297564804e+00,8.993643387898e-02
-2.512376503397e+00,7.963507484085e+00,8.910492872264e-02
-2.512111828395e+00,2.078787679004e+00,8.993432089268e-02
-2.511994038926e+00,6.433302572289e+00,8.992683578491e-02
-2.511657436421e+00,6.550662870036e+00,8.992536939196e-02
-2.511621557213e+00,4.300768205678e+00,8.993503999837e-02
-2.511611416815e+00,8.301411536739e+00,8.783529907490e-02
-2.511518907862e+00,6.316715744962e+00,8.992612859796e-02
-2.511435181744e+00,8.858028739691e+00,8.460337130052e-02
-2.511296284772e+00,3.882134193405e+00,8.993372605159e-02
-2.511160135853e+00,9.262637094180e+00,8.045083074396e-02
-2.510987565032e+00,9.787819734242e+00,6.825965636028e-02
-2.510937316939e+00,3.012663552531e+00,8.993188966594e-02
-2.510860424947e+00,2.561826923931e+00,8.993124562275e-02
-2.510803833311e+00,1.627951050406e+00,8.993020125923e-02
-2.510796829609e+00,5.165189140002e+00,8.993008631962e-02
-2.510780937068e+00,1.144911805478e+00,8.992967897042e-02
-2.510776972656e+00,4.720183816684e+00,8.993236498621e-02
-2.510552704668e+00,5.246105842851e+00,8.992901822624e-02
-2.510503550599e+00,6.668781807046e+00,8.992142352469e-02
-2.510486403904e+00,5.084981950842e+00,8.992969233309e-02
-2.510409456536e+00,3.463500181132e+00,8.993082597576e-02
-2.510407809900e+00,9.605346889487e+00,7.407258737162e-02
-2.510324409132e+00,5.885316911844e+00,8.992501916749e-02
-2.510237684742e+00,6.200917183873e+00,8.992316454310e-02
-2.510178780559e+00,2.110990295333e+00,8.992889298233e-02
-2.509844955592e+00,9.970527131990e+00,5.868325278196e-02
-2.509820181411e+00,7.055528311195e+00,8.991750864083e-02
-2.509749043606e+00,5.327721283515e+00,8.992629673089e-02
-2.509739313378e+00,5.687643976681e+00,8.992448364116e-02
-2.509626479791e+00,5.005495019880e+00,8.992761286360e-02
-2.509580517878e+00,4.332970822006e+00,8.992930800012e-02
-2.509276843737e+00,3.914336809734e+00,8.992805312534e-02
-2.509072871042e+00,8.117699485974e+00,8.857379963337e-02
-2.508961072504e+00,3.044866168860e+00,8.992633615678e-02
-2.508905778811e+00,2.594029540260e+00,8.992575225878e-02
-2.508892383775e+00,1.660153666735e+00,8.992482858707e-02
-2.508891085832e+00,1.177114421807e+00,8.992436666754e-02
-2.508756967117e+00,9.045318794335e+00,8.297125616670e-02
-2.508526923811e+00,6.787644517304e+00,8.991515633154e-02
-2.508429305421e+00,7.629121715713e+00,8.991054391072e-02
-2.508422451554e+00,7.477441700701e+00,8.991132482439e-02
-2.508411613801e+00,3.495702797461e+00,8.992520983032e-02
-2.508380927913e+00,5.410024655133e+00,8.992197954219e-02
-2.508245732723e+00,2.143192911661e+00,8.992345735252e-02
-2.508222176077e+00,4.926739059873e+00,8.992410230518e-02
-2.508156102584e+00,6.085921648986e+00,8.991778408805e-02
-2.508108038366e+00,9.423121068689e+00,7.797242315913e-02
-2.507539478543e+00,4.365173438335e+00,8.992356739214e-02
-2.507372868409e+00,7.781627052979e+00,8.966343358683e-02
-2.507358441905e+00,7.326605831053e+00,8.990901798134e-02
-2.507334216475e+00,4.644328032775e+00,8.992302456597e-02
-2.507257402702e+00,3.946539426062e+00,8.992237176731e-02
-2.507001234596e+00,1.209317038136e+00,8.991904697482e-02
-2.506984828069e+00,3.077068785189e+00,8.992077456902e-02
-2.506980934239e+00,1.692356283063e+00,8.991944835562e-02
-2.506977714247e+00,1.015345659479e+01,3.997402344243e-02
-2.506951132676e+00,2.626232156588e+00,8.992025099094e-02
-2.506443506208e+00,5.493005120253e+00,8.991614133646e-02
-2.506413771066e+00,3.527905413790e+00,8.991958542403e-02
-2.506312684887e+00,2.175395527990e+00,8.991801398639e-02
-2.506278677959e+00,4.848724751439e+00,8.991897814753e-02
-2.506083165601e+00,8.642667236797e+00,8.609350923715e-02
-2.506035748553e+00,8.457209461119e+00,8.711676498870e-02
-2.505971566002e+00,5.772705126603e+00,8.991325280797e-02
-2.505722190619e+00,6.907236100510e+00,8.990660272748e-02
-2.505498439208e+00,4.397376054664e+00,8.991781815454e-02
-2.505279985817e+00,5.971743863831e+00,8.991033025043e-02
-2.505247122092e+00,7.934938850695e+00,8.920541075908e-02
-2.505243528074e+00,7.176632890484e+00,8.990380913630e-02
-2.505237961667e+00,3.978742042391e+00,8.991668195824e-02
-2.505111383360e+00,1.241519654464e+00,8.991371987645e-02
-2.505069484704e+00,1.724558899391e+00,8.991406054852e-02
-2.505008583633e+00,3.109271401517e+00,8.991520488461e-02
-2.504996486540e+00,2.658434772916e+00,8.991474180174e-02
-2.504823406372e+00,8.829009383521e+00,8.484131520130e-02
-2.504758281996e+00,9.233446222498e+00,8.086335598273e-02
-2.504687814785e+00,8.272658863774e+00,8.796851923042e-02
-2.504495447912e+00,9.763669219891e+00,6.925847632309e-02
-2.504415928330e+00,3.560108030119e+00,8.991395273820e-02
-2.504379637052e+00,2.207598144318e+00,8.991256286700e-02
-2.503931994412e+00,5.576651811230e+00,8.990847206058e-02
-2.503801236849e+00,4.771462742661e+00,8.991234904488e-02
-2.503797263161e+00,9.581228677515e+00,7.472132015149e-02
-2.503765184845e+00,6.405834760086e+00,8.990363827240e-02
-2.503526159599e+00,6.523088830189e+00,8.990239066494e-02
-2.503471425508e+00,9.946344895456e+00,6.041360321781e-02
-2.503457399873e+00,4.429578670992e+00,8.991206026737e-02
-2.503221532124e+00,1.273722270792e+00,8.990838535658e-02
-2.503218520632e+00,4.010944658720e+00,8.991098367880e-02
-2.503192974370e+00,6.289355382016e+00,8.990270746107e-02
-2.503158035168e+00,1.756761515720e+00,8.990866514937e-02
-2.503041840405e+00,2.690637389245e+00,8.990922467365e-02
-2.503032339198e+00,3.141474017846e+00,8.990962708542e-02
-2.502470343188e+00,6.641102763473e+00,8.989880991929e-02
-2.502446589216e+00,2.239800760647e+00,8.990710397735e-02
-2.502418085595e+00,3.592310646447e+00,8.990831175408e-02
-2.502249952695e+00,9.016213051820e+00,8.327245309249e-02
-2.502084077994e+00,7.027541622619e+00,8.989571292334e-02
-2.502046164976e+00,8.089038209034e+00,8.868745046746e-02
-2.501815175373e+00,6.173665489462e+00,8.989934465616e-02
-2.501615250052e+00,5.858398514980e+00,8.990040982332e-02
-2.501416360538e+00,4.461781287321e+00,8.990629371063e-02
-2.501379222259e+00,9.399035738508e+00,7.842699165250e-02
-2.501346834241e+00,5.139212578179e+00,8.990348676355e-02
-2.501331680888e+00,1.305924887121e+00,8.990304339932e-02
-2.501246585632e+00,1.788964132048e+00,8.990326214172e-02
-2.501199079597e+00,4.043147275049e+00,8.990527690958e-02
-2.501193374157e+00,5.220007361951e+00,8.990257045224e-02
-2.501095883250e+00,7.600742103930e+00,8.988987043491e-02
-2.501087194269e+00,2.722840005574e+00,8.990369958908e-02
-2.501056094762e+00,3.173676634175e+00,8.990404115325e-02
-2.500987675344e+00,7.449158462869e+00,8.989026767197e-02
-2.500946314571e+00,5.059128497327e+00,8.990272163183e-02
-2.500841675934e+00,5.660953830610e+00,8.989929511073e-02
-2.500795170173e+00,4.694963648709e+00,8.990428762014e-02
-2.500722925777e+00,1.012924321703e+01,4.366831230554e-02
-2.500592272252e+00,6.759861696202e+00,8.989274428455e-02
-2.500513541380e+00,2.272003376975e+00,8.990163730044e-02
-2.500480943297e+00,5.301502075416e+00,8.990020655105e-02
-2.500420242860e+00,3.624513262776e+00,8.990266245289e-02
-2.500141246469e+00,7.753152308654e+00,8.975080406915e-02
-2.499996872920e+00,4.979765861230e+00,8.990048538949e-02
-2.499822763628e+00,7.298420206490e+00,8.988769530719e-02
-2.499637526549e+00,6.058779840028e+00,8.989372361823e-02
-2.499441829652e+00,1.338127503449e+00,8.989769398873e-02
-2.499375321203e+00,4.493983903650e+00,8.990051846423e-02
-2.499367034750e+00,8.613735522273e+00,8.627947186293e-02
-2.499335136096e+00,1.821166748377e+00,8.989785150908e-02
-2.499215673537e+00,8.428366641641e+00,8.727096691467e-02
-2.499204617590e+00,5.383685914335e+00,8.989603479215e-02
-2.499179638562e+00,4.075349891377e+00,8.989956163115e-02
-2.499132548134e+00,2.755042621902e+00,8.989816653038e-02
-2.499079850327e+00,3.205879250503e+00,8.989844706989e-02
-2.498580493545e+00,2.304205993303e+00,8.989616281917e-02
-2.498503633618e+00,4.901135379947e+00,8.989658983470e-02
-2.498422400125e+00,3.656715879105e+00,8.989700481577e-02
-2.498356428139e+00,9.204255350815e+00,8.125651427468e-02
-2.498211631001e+00,8.799990027351e+00,8.507070668100e-02
-2.498117740786e+00,7.906370217305e+00,8.930353646357e-02
-2.498003330792e+00,9.739518705541e+00,7.019202985622e-02
-2.497886575634e+00,6.879350730332e+00,8.988438669771e-02
-2.497764212755e+00,8.243906190809e+00,8.809814561945e-02
-2.497607405475e+00,7.148546116389e+00,8.988221161337e-02
-2.497551978416e+00,1.370330119778e+00,8.989233710881e-02
-2.497423686560e+00,1.853369364705e+00,8.989243323490e-02
-2.497359540083e+00,5.466548043851e+00,8.989043202213e-02
-2.497334281868e+00,4.526186519978e+00,8.989473450806e-02
-2.497265861179e+00,4.619238051458e+00,8.989453895549e-02
-2.497186716422e+00,9.557110465542e+00,7.533546968099e-02
-2.497177901998e+00,2.787245238231e+00,8.989262547986e-02
-2.497167901838e+00,5.745900251527e+00,8.988838420741e-02
-2.497160197527e+00,4.107552507706e+00,8.989383782401e-02
-2.497103605892e+00,3.238081866832e+00,8.989284481706e-02
-2.497097895425e+00,9.922162658923e+00,6.199773973050e-02
-2.496665857994e+00,5.944713154860e+00,8.988593208602e-02
-2.496647445709e+00,2.336408609632e+00,8.989068051643e-02
-2.496471787373e+00,4.823247731371e+00,8.989130564622e-02
-2.496424557390e+00,3.688918495433e+00,8.989133882380e-02
-2.496247759458e+00,1.031235168094e+01,6.608629129694e-06
-2.495742938273e+00,8.987107309305e+00,8.356154917577e-02
-2.495662127180e+00,1.402532736107e+00,8.988697274354e-02
-2.495536330765e+00,6.378366947883e+00,8.988032208850e-02
-2.495512237024e+00,1.885571981034e+00,8.988700730260e-02
-2.495394882778e+00,6.495514790342e+00,8.987929455431e-02
-2.495293242534e+00,4.558389136307e+00,8.988894182191e-02
-2.495223255863e+00,2.819447854559e+00,8.988707641979e-02
-2.495140756492e+00,4.139755124035e+00,8.988810546858e-02
-2.495127361456e+00,3.270284483161e+00,8.988723437640e-02
-2.495019458911e+00,8.060376932093e+00,8.879826591081e-02
-2.494940921112e+00,5.550077598890e+00,8.988300986824e-02
-2.494867040878e+00,6.261995019069e+00,8.987913862278e-02
-2.494714397873e+00,2.368611225960e+00,8.988519037503e-02
-2.494650406151e+00,9.374950408328e+00,7.886108325328e-02
-2.494468137307e+00,1.010502983927e+01,4.692027926660e-02
-2.494437135777e+00,6.613423719899e+00,8.987603838450e-02
-2.494426714654e+00,3.721121111762e+00,8.988566445803e-02
-2.494347974575e+00,6.999554934043e+00,8.987368705986e-02
-2.493906591093e+00,4.746113560836e+00,8.988427763505e-02
-2.493772275944e+00,1.434735352435e+00,8.988160087685e-02
-2.493762461078e+00,7.572362492146e+00,8.986899039035e-02
-2.493600787489e+00,1.917774597362e+00,8.988157369555e-02
-2.493552899133e+00,7.420875225037e+00,8.986910926250e-02
-2.493392666005e+00,6.146413795050e+00,8.987540045381e-02
-2.493268609727e+00,2.851650470888e+00,8.988151933236e-02
-2.493252203199e+00,4.590591752636e+00,8.988314038555e-02
-2.493151117021e+00,3.302487099489e+00,8.988161572953e-02
-2.493121315457e+00,4.171957740363e+00,8.988236454526e-02
-2.492909624529e+00,7.724677564329e+00,8.983627482754e-02
-2.492906090971e+00,5.831480118116e+00,8.987566988187e-02
-2.492781350038e+00,2.400813842289e+00,8.987969237775e-02
-2.492657620693e+00,6.732078875100e+00,8.987022025185e-02
-2.492650903899e+00,8.584803807750e+00,8.645951659685e-02
-2.492428871919e+00,3.753323728090e+00,8.987998169945e-02
-2.492395598521e+00,8.399523822163e+00,8.742068318975e-02
-2.492287085352e+00,7.270234581928e+00,8.986626951782e-02
-2.491954574283e+00,9.175064479132e+00,8.163178183435e-02
-2.491944038490e+00,5.634263684539e+00,8.987397083517e-02
-2.491896838873e+00,5.113236016355e+00,8.987671918539e-02
-2.491882424708e+00,1.466937968764e+00,8.987622149262e-02
-2.491834043646e+00,5.193908881051e+00,8.987597739911e-02
-2.491689337953e+00,1.949977213691e+00,8.987613239706e-02
-2.491599855629e+00,8.770970671182e+00,8.529198418964e-02
-2.491511213672e+00,9.715368191191e+00,7.106649092475e-02
-2.491406225238e+00,5.033275043811e+00,8.987560153806e-02
-2.491313963591e+00,2.883853087217e+00,8.987595419975e-02
-2.491212842988e+00,5.275282867317e+00,8.987385957854e-02
-2.491174872585e+00,3.334689715818e+00,8.987598885800e-02
-2.491118950515e+00,6.031638031071e+00,8.986953761839e-02
-2.491101874422e+00,4.204160356692e+00,8.987661503435e-02
-2.490988359481e+00,7.877801583916e+00,8.939917321804e-02
-2.490848302202e+00,2.433016458617e+00,8.987418650733e-02
-2.490840610724e+00,8.215153517845e+00,8.822432081960e-02
-2.490813367690e+00,4.669743480735e+00,8.987591418022e-02
-2.490724365342e+00,9.897980422389e+00,6.345340677926e-02
-2.490576169682e+00,9.532992253570e+00,7.591771688329e-02
-2.490493436000e+00,1.093750035002e-01,8.996558405941e-02
-2.490493436000e+00,9.531250305000e-01,8.987179114253e-02
-2.490493436000e+00,1.562500050003e-02,9.001251538695e-02
-2.490493436000e+00,4.687500150008e-02,8.999589521039e-02
-2.490493436000e+00,7.812500250012e-02,8.998024493232e-02
-2.490493436000e+00,1.406250045003e-01,8.995193107526e-02
-2.490493436000e+00,1.718750055004e-01,8.993930337687e-02
-2.490493436000e+00,2.031250065004e-01,8.992771721395e-02
-2.490493436000e+00,2.343750075005e-01,8.991718763128e-02
-2.490493436000e+00,2.656250085005e-01,8.990772841469e-02
-2.490493436000e+00,2.968750095005e-01,8.989935204089e-02
-2.490493436000e+00,3.281250105004e-01,8.989206963150e-02
-2.490493436000e+00,3.593750115003e-01,8.988589091181e-02
-2.490493436000e+00,3.906250125003e-01,8.988082417425e-02
-2.490493436000e+00,4.218750135002e-01,8.987687624709e-02
-2.490493436000e+00,4.531250145001e-01,8.987405246850e-02
-2.490493436000e+00,4.843750155000e-01,8.987235666615e-02
-2.490493436000e+00,5.156250165000e-01,8.987179114253e-02
-2.490493436000e+00,5.468750175000e-01,8.987179114253e-02
-2.490493436000e+00,5.781250185000e-01,8.987179114253e-02
-2.490493436000e+00,6.093750195000e-01,8.987179114253e-02
-2.490493436000e+00,6.406250205000e-01,8.987179114253e-02
-2.490493436000e+00,6.718750215000e-01,8.987179114253e-02
-2.490493436000e+00,7.031250225000e-01,8.987179114253e-02
-2.490493436000e+00,7.343750235000e-01,8.987179114253e-02
-2.490493436000e+00,7.656250245000e-01,8.987179114253e-02
-2.490493436000e+00,7.968750255000e-01,8.987179114253e-02
-2.490493436000e+00,8.281250264999e-01,8.987179114253e-02
-2.490493436000e+00,8.593750275000e-01,8.987179114253e-02
-2.490493436000e+00,8.906250285000e-01,8.987179114253e-02
-2.490493436000e+00,9.218750295000e-01,8.987179114253e-02
-2.490493436000e+00,9.843750315000e-01,8.987179114253e-02
-2.490431029184e+00,3.785526344419e+00,8.987429052896e-02
-2.490367266049e+00,4.954036702579e+00,8.987317378951e-02
-2.490111864337e+00,1.028810774367e+01,1.009076316523e-02
-2.490050960649e+00,6.851465360154e+00,8.986205997245e-02
-2.490028307266e+00,5.357347173537e+00,8.986994900893e-02
-2.489992573472e+00,1.499140585092e+00,8.987083457468e-02
-2.489971282876e+00,7.120459342294e+00,8.986050911728e-02
-2.489777888417e+00,1.982179830019e+00,8.987068339040e-02
-2.489559309532e+00,1.016101340164e+00,8.986912651839e-02
-2.489359317456e+00,2.916055703545e+00,8.987038100403e-02
-2.489235923851e+00,8.958001566790e+00,8.383925034425e-02
-2.489198628150e+00,3.366892332147e+00,8.987035374333e-02
-2.489082433387e+00,4.236362973020e+00,8.987085691611e-02
-2.488915254366e+00,2.465219074946e+00,8.986867274644e-02
-2.488785091159e+00,4.875531700021e+00,8.986892406567e-02
-2.488433186449e+00,3.817728960748e+00,8.986859092745e-02
-2.488364237674e+00,5.719095376451e+00,8.986337456768e-02
-2.488275573957e+00,5.440090967449e+00,8.986449252333e-02
-2.488213348837e+00,1.008081646152e+01,4.980480093458e-02
-2.488102722236e+00,1.531343201420e+00,8.986544010682e-02
-2.488051730172e+00,5.917682445889e+00,8.986131937939e-02
-2.487992752845e+00,8.031715655153e+00,8.890635080998e-02
-2.487921590044e+00,9.350865078147e+00,7.927604304337e-02
-2.487866438881e+00,2.014382446348e+00,8.986522665880e-02
-2.487691056596e+00,1.048303956493e+00,8.986379173135e-02
-2.487404671320e+00,2.948258319874e+00,8.986479972728e-02
-2.487307476684e+00,6.350899135680e+00,8.985688654715e-02
-2.487263605957e+00,6.467940750494e+00,8.985608036651e-02
-2.487222383715e+00,3.399094948475e+00,8.986471036695e-02
-2.487062992352e+00,4.268565589349e+00,8.986509017077e-02
-2.486982206531e+00,2.497421691274e+00,8.986315107770e-02
-2.486664896786e+00,4.797770711304e+00,8.986332440905e-02
-2.486611871157e+00,6.971568245467e+00,8.985155181703e-02
-2.486541107386e+00,6.234634656123e+00,8.985530820812e-02
-2.486435343713e+00,3.849931577077e+00,8.986288287571e-02
-2.486429038906e+00,7.543982880363e+00,8.984798983382e-02
-2.486403928366e+00,6.585744676325e+00,8.985304038273e-02
-2.486212871000e+00,1.563545817749e+00,8.986003807279e-02
-2.486118122923e+00,7.392591987206e+00,8.984784899091e-02
-2.485954989345e+00,2.046585062676e+00,8.985976218544e-02
-2.485949847812e+00,5.523503386549e+00,8.985741096370e-02
-2.485934773048e+00,8.555872093226e+00,8.663391831886e-02
-2.485822803660e+00,1.080506572821e+00,8.985844954621e-02
-2.485678002589e+00,7.696202820005e+00,8.984508982884e-02
-2.485575523505e+00,8.370681002685e+00,8.756610529674e-02
-2.485552720426e+00,9.145873607450e+00,8.199033570017e-02
-2.485450025185e+00,2.980460936203e+00,8.985921035149e-02
-2.485246139279e+00,3.431297564804e+00,8.985905871025e-02
-2.485049158695e+00,2.529624307603e+00,8.985762148369e-02
-2.485043551317e+00,4.300768205678e+00,8.985931477845e-02
-2.485019096552e+00,9.691217676841e+00,7.188727882508e-02
-2.484988080257e+00,8.741951315012e+00,8.550493360618e-02
-2.484970156636e+00,6.119162100639e+00,8.985133121609e-02
-2.484751407076e+00,7.242048957366e+00,8.984474000313e-02
-2.484722969134e+00,6.704296053998e+00,8.984758357912e-02
-2.484437500978e+00,3.882134193405e+00,8.985716635452e-02
-2.484350835258e+00,9.873798185855e+00,6.479558951099e-02
-2.484323019764e+00,1.595748434078e+00,8.985462845629e-02
-2.484196931891e+00,5.804561721252e+00,8.985079861287e-02
-2.484043539809e+00,2.078787679004e+00,8.985428995344e-02
-2.484011945337e+00,4.720764379011e+00,8.985604932364e-02
-2.483975969216e+00,1.026386380640e+01,1.829857964456e-02
-2.483965622943e+00,9.508874041597e+00,7.647047274451e-02
-2.483954550724e+00,1.112709189150e+00,8.985309994723e-02
-2.483917008694e+00,8.186400844880e+00,8.834718013268e-02
-2.483858978176e+00,7.849232950526e+00,8.949263055475e-02
-2.483495379049e+00,3.012663552531e+00,8.985361285861e-02
-2.483269894844e+00,3.463500181132e+00,8.985339875459e-02
-2.483116110859e+00,2.561826923931e+00,8.985208394695e-02
-2.483046401047e+00,5.607573538468e+00,8.984851006439e-02
-2.483024110281e+00,4.332970822006e+00,8.985353071924e-02
-2.482728909429e+00,8.928895824275e+00,8.410620918831e-02
-2.482600374481e+00,6.004496222113e+00,8.984522538371e-02
-2.482474713135e+00,5.167810400151e+00,8.984923834201e-02
-2.482446843505e+00,5.087259454532e+00,8.984960819493e-02
-2.482439658243e+00,3.914336809734e+00,8.985144134456e-02
-2.482433168528e+00,1.627951050406e+00,8.984921124097e-02
-2.482335160277e+00,7.092372568199e+00,8.983864333990e-02
-2.482215345665e+00,6.823579989975e+00,8.983962189497e-02
-2.482132090273e+00,2.110990295333e+00,8.984880994590e-02
-2.482086297788e+00,1.144911805478e+00,8.984774291859e-02
-2.481958560368e+00,1.005660308376e+01,5.238075689646e-02
-2.481944742678e+00,5.249063659219e+00,8.984727392941e-02
-2.481866135905e+00,5.007421590295e+00,8.984833133922e-02
-2.481540732914e+00,3.044866168860e+00,8.984800723053e-02
-2.481293650408e+00,3.495702797461e+00,8.984773048123e-02
-2.481192773936e+00,9.326779747966e+00,7.967310097227e-02
-2.481183063023e+00,2.594029540260e+00,8.984653844996e-02
-2.481004669246e+00,4.365173438335e+00,8.984773797316e-02
-2.480966046779e+00,8.003054378213e+00,8.901180503245e-02
-2.480851996943e+00,5.331008432739e+00,8.984372146684e-02
-2.480831565208e+00,4.644523312761e+00,8.984727548588e-02
-2.480737659179e+00,4.928307543929e+00,8.984551743102e-02
-2.480543317292e+00,1.660153666735e+00,8.984378641045e-02
-2.480441815508e+00,3.946539426062e+00,8.984570782648e-02
-2.480220640738e+00,2.143192911661e+00,8.984332214583e-02
-2.480218044852e+00,1.177114421807e+00,8.984237844446e-02
-2.479586086778e+00,3.077068785189e+00,8.984239344911e-02
-2.479560573510e+00,5.692290501375e+00,8.983805137021e-02
-2.479437602349e+00,5.890651736918e+00,8.983657576777e-02
-2.479317405973e+00,3.527905413790e+00,8.984205387141e-02
-2.479250015188e+00,2.626232156588e+00,8.984098497514e-02
-2.479218642196e+00,8.526940378703e+00,8.680293540400e-02
-2.479191607832e+00,5.413633891048e+00,8.983841132924e-02
-2.479150866569e+00,9.116682735767e+00,8.233325298430e-02
-2.479132329136e+00,6.440366710647e+00,8.983274740690e-02
-2.479095616734e+00,7.515603268580e+00,8.982688866914e-02
-2.479078622604e+00,6.323431323478e+00,8.983333096178e-02
-2.479066548700e+00,4.849928020096e+00,8.984110431214e-02
-2.478985228211e+00,4.397376054664e+00,8.984193652019e-02
-2.478875767739e+00,6.943581556891e+00,8.982930653763e-02
-2.478755448489e+00,8.341838183207e+00,8.770741415549e-02
-2.478683346712e+00,7.364308749374e+00,8.982648624974e-02
-2.478653466056e+00,1.692356283063e+00,8.983835394828e-02
-2.478526979432e+00,9.667067162491e+00,7.265917007813e-02
-2.478446380649e+00,7.667728075680e+00,8.982427215024e-02
-2.478443972772e+00,3.978742042391e+00,8.983996578086e-02
-2.478376304886e+00,8.712931958842e+00,8.571065433793e-02
-2.478370720955e+00,6.558065632751e+00,8.982992493777e-02
-2.478349791915e+00,1.209317038136e+00,8.983700650895e-02
-2.478309191202e+00,2.175395527990e+00,8.983782653623e-02
-2.478215173895e+00,6.207274293176e+00,8.983135331693e-02
-2.477977305175e+00,9.849615949321e+00,6.603703004800e-02
-2.477840074095e+00,1.023961986913e+01,2.510533181036e-02
-2.477631440643e+00,3.109271401517e+00,8.983677149612e-02
-2.477355076204e+00,9.484755829625e+00,7.699591145695e-02
-2.477341161538e+00,3.560108030119e+00,8.983636890631e-02
-2.477316967352e+00,2.658434772916e+00,8.983542350486e-02
-2.477215728799e+00,7.213863332803e+00,8.982310615093e-02
-2.476993406664e+00,8.157648171915e+00,8.846685203891e-02
-2.476965787176e+00,4.429578670992e+00,8.983612634022e-02
-2.476958774512e+00,5.496929174208e+00,8.983162163372e-02
-2.476858006200e+00,4.772293691237e+00,8.983510409330e-02
-2.476788317575e+00,6.676513232897e+00,8.982481646962e-02
-2.476763614820e+00,1.724558899391e+00,8.983291383799e-02
-2.476729596871e+00,7.820664317136e+00,8.958398269575e-02
-2.476547647267e+00,6.091910406227e+00,8.982713622306e-02
-2.476481538979e+00,1.241519654464e+00,8.983162709612e-02
-2.476446130037e+00,4.010944658720e+00,8.983421518823e-02
-2.476397741666e+00,2.207598144318e+00,8.983232310003e-02
-2.476221895007e+00,8.899790081760e+00,8.436302987308e-02
-2.475703771898e+00,1.003238970600e+01,5.469508522903e-02
-2.475676794507e+00,3.141474017846e+00,8.983114135331e-02
-2.475487772810e+00,5.777643324388e+00,8.982579528759e-02
-2.475383919517e+00,2.690637389245e+00,8.982985402147e-02
-2.475364917102e+00,3.592310646447e+00,8.983067556704e-02
-2.474946346141e+00,4.461781287321e+00,8.983030741311e-02
-2.474873763584e+00,1.756761515720e+00,8.982746606304e-02
-2.474699037678e+00,7.064285794104e+00,8.981658477249e-02
-2.474613286043e+00,1.273722270792e+00,8.982624018999e-02
-2.474486292130e+00,2.239800760647e+00,8.982681182013e-02
-2.474463957829e+00,9.302694417786e+00,8.005299982686e-02
-2.474448287302e+00,4.043147275049e+00,8.982845602906e-02
-2.474379730680e+00,6.795694619797e+00,8.981707180682e-02
-2.474148763603e+00,5.580883392397e+00,8.982291205092e-02
-2.474117299581e+00,4.695415197186e+00,8.982766346919e-02
-2.474081798447e+00,5.977354413156e+00,8.982066423025e-02
-2.473939340714e+00,7.974393101272e+00,8.911472375641e-02
-2.473722148372e+00,3.173676634175e+00,8.982550300237e-02
-2.473450871681e+00,2.722840005574e+00,8.982427650723e-02
-2.473388672667e+00,3.624513262776e+00,8.982497383466e-02
-2.473115382624e+00,5.141711919251e+00,8.982235256306e-02
-2.472996848137e+00,5.061282892709e+00,8.982234602887e-02
-2.472983912348e+00,1.788964132048e+00,8.982201060686e-02
-2.472926905106e+00,4.493983903650e+00,8.982447971863e-02
-2.472749012712e+00,9.087491864084e+00,8.266152115324e-02
-2.472745033107e+00,1.305924887121e+00,8.982084577456e-02
-2.472676642369e+00,5.222844451120e+00,8.982054141317e-02
-2.472574842594e+00,2.272003376975e+00,8.982129267936e-02
-2.472502511345e+00,8.498008664179e+00,8.696681093393e-02
-2.472450444567e+00,4.075349891377e+00,8.982268828375e-02
-2.472326046572e+00,4.981568136779e+00,8.982091033177e-02
-2.472034862312e+00,9.642916648141e+00,7.338639098779e-02
-2.471935373472e+00,8.312995363729e+00,8.784470015465e-02
-2.471767502236e+00,3.205879250503e+00,8.981985642492e-02
-2.471764529514e+00,8.683912602672e+00,8.590950337428e-02
-2.471762194563e+00,7.487223656796e+00,8.980568629261e-02
-2.471704178975e+00,1.021537593186e+01,3.084139674886e-02
-2.471675686620e+00,5.304669691941e+00,8.981732951070e-02
-2.471603775091e+00,9.825433712787e+00,6.718863203567e-02
-2.471517823845e+00,2.755042621902e+00,8.981869094437e-02
-2.471412428232e+00,3.656715879105e+00,8.981926369020e-02
-2.471248570502e+00,7.336025511543e+00,8.980502042926e-02
-2.471214758709e+00,7.639253331356e+00,8.980332350799e-02
-2.471139664321e+00,6.915594868315e+00,8.980695056235e-02
-2.471108052308e+00,4.902578385279e+00,8.981770576281e-02
-2.471094061112e+00,1.821166748377e+00,8.981654745282e-02
-2.471001052315e+00,6.412792670800e+00,8.980929497983e-02
-2.470907464071e+00,4.526186519978e+00,8.981864323650e-02
-2.470876780171e+00,1.338127503449e+00,8.981544383374e-02
-2.470849768523e+00,6.295963511275e+00,8.980954961518e-02
-2.470849762725e+00,4.619303144787e+00,8.981847477131e-02
-2.470823474526e+00,5.863621027947e+00,8.981170050212e-02
-2.470756909346e+00,5.665485626299e+00,8.981259124049e-02
-2.470744529465e+00,9.460637617652e+00,7.749599879602e-02
-2.470663393058e+00,2.304205993303e+00,8.981576566052e-02
-2.470452601832e+00,4.107552507706e+00,8.981691193266e-02
-2.470337513544e+00,6.530386589177e+00,8.980669134816e-02
-2.470107641706e+00,5.387176814646e+00,8.981218768171e-02
-2.470069804634e+00,8.128895498951e+00,8.858345861784e-02
-2.469889240403e+00,6.179913930229e+00,8.980727321664e-02
-2.469812856100e+00,3.238081866832e+00,8.981420160255e-02
-2.469714880585e+00,8.870684339245e+00,8.461027252163e-02
-2.469680050523e+00,7.185677708241e+00,8.980136734698e-02
-2.469600215566e+00,7.792095683746e+00,8.967330063621e-02
-2.469584776009e+00,2.787245238231e+00,8.981309731507e-02
-2.469448983428e+00,1.000817632824e+01,5.678566378021e-02
-2.469436183796e+00,3.688918495433e+00,8.981354511459e-02
-2.469348006241e+00,4.824324340170e+00,8.981312989979e-02
-2.469204209876e+00,1.853369364705e+00,8.981107658427e-02
-2.469008527235e+00,1.370330119778e+00,8.981003435143e-02
-2.468888023036e+00,4.558389136307e+00,8.981279794641e-02
-2.468853666016e+00,6.648730411795e+00,8.980179623712e-02
-2.468751943522e+00,2.336408609632e+00,8.981023074635e-02
-2.468454759096e+00,4.139755124035e+00,8.981112695608e-02
-2.468125137898e+00,6.064658711816e+00,8.980281475492e-02
-2.467967701211e+00,5.470354961868e+00,8.980554489814e-02
-2.467951400006e+00,9.276014381783e+00,8.045119282456e-02
-2.467858209965e+00,3.270284483161e+00,8.980853851678e-02
-2.467651728174e+00,2.819447854559e+00,8.980749560145e-02
-2.467459939361e+00,3.721121111762e+00,8.980781808873e-02
-2.467314358640e+00,1.885571981034e+00,8.980559798447e-02
-2.467140274298e+00,1.402532736107e+00,8.980461731147e-02
-2.467062915080e+00,7.036199020009e+00,8.979441684467e-02
-2.467051115613e+00,4.746816671170e+00,8.980672459737e-02
-2.466912634648e+00,7.945731824332e+00,8.921519774081e-02
-2.466868582001e+00,4.590591752636e+00,8.980694382793e-02
-2.466840493987e+00,2.368611225960e+00,8.980468791955e-02
-2.466778613730e+00,5.750724927523e+00,8.980065917915e-02
-2.466544115695e+00,6.767809249619e+00,8.979440904795e-02
-2.466456916361e+00,4.171957740363e+00,8.980533333426e-02
-2.466347158856e+00,9.058300992401e+00,8.297604708014e-02
-2.465903563829e+00,3.302487099489e+00,8.980286714908e-02
-2.465786380494e+00,8.469076949656e+00,8.712577380424e-02
-2.465718680338e+00,2.851650470888e+00,8.980188578558e-02
-2.465568283854e+00,1.019113199459e+01,3.574084943389e-02
-2.465563222412e+00,5.950212604198e+00,8.979591532188e-02
-2.465542745192e+00,9.618766133790e+00,7.407269465309e-02
-2.465483694925e+00,3.753323728091e+00,8.980208259347e-02
-2.465424507404e+00,1.917774597362e+00,8.980011163667e-02
-2.465272021362e+00,1.434735352435e+00,8.979919269768e-02
-2.465251126159e+00,5.554193246326e+00,8.979717605009e-02
-2.465230245008e+00,9.801251476253e+00,6.825978068232e-02
-2.465152754143e+00,8.654893246502e+00,8.610181492688e-02
-2.465115298456e+00,8.284152544250e+00,8.797795338217e-02
-2.464929044451e+00,2.400813842289e+00,8.979913716275e-02
-2.464459073626e+00,4.204160356692e+00,8.979953104736e-02
-2.464428772391e+00,7.458844045013e+00,8.978438209805e-02
-2.464222653825e+00,4.670066015362e+00,8.979896372825e-02
-2.464133982726e+00,9.436519405680e+00,7.797251651197e-02
-2.463983136769e+00,7.610778587031e+00,8.978227490840e-02
-2.463948917694e+00,3.334689715818e+00,8.979718748087e-02
-2.463813794291e+00,7.307742273711e+00,8.978345091741e-02
-2.463785632502e+00,2.883853087217e+00,8.979626784948e-02
-2.463756052113e+00,5.115613438351e+00,8.979520699628e-02
-2.463546852769e+00,5.035306330885e+00,8.979493193583e-02
-2.463534656168e+00,1.949977213691e+00,8.979461752406e-02
-2.463507450490e+00,3.785526344419e+00,8.979633860959e-02
-2.463408542060e+00,5.196625243021e+00,8.979366127187e-02
-2.463403768426e+00,1.466937968764e+00,8.979376049379e-02
-2.463403560903e+00,6.887608179739e+00,8.978448322990e-02
-2.463207866163e+00,8.841578596730e+00,8.484845713418e-02
-2.463194194958e+00,9.983962950487e+00,5.868339561043e-02
-2.463146202604e+00,8.100142825986e+00,8.869711593874e-02
-2.463017594915e+00,2.433016458617e+00,8.979357845856e-02
-2.462869775493e+00,6.385218630952e+00,8.978572238877e-02
-2.462785957239e+00,4.955714683263e+00,8.979323941717e-02
-2.462620914443e+00,6.268495699072e+00,8.978558169268e-02
-2.462499376296e+00,5.278330951144e+00,8.979060417825e-02
-2.462470834261e+00,7.763527050356e+00,8.976065231598e-02
-2.462461230891e+00,4.236362973020e+00,8.979372007550e-02
-2.462304306133e+00,6.502707545604e+00,8.978333891101e-02
-2.462209346703e+00,5.836590318976e+00,8.978669283433e-02
-2.462144372247e+00,7.157492083678e+00,8.977941524060e-02
-2.461994271558e+00,3.366892332147e+00,8.979149949351e-02
-2.461953245182e+00,5.638680751223e+00,8.978699340689e-02
-2.461852584667e+00,2.916055703545e+00,8.979064177513e-02
-2.461701604371e+00,1.562500050003e-02,8.993370692052e-02
-2.461701604371e+00,4.687500150008e-02,8.991654561278e-02
-2.461701604371e+00,7.812500250012e-02,8.990038336699e-02
-2.461701604371e+00,1.093750035002e-01,8.988524076238e-02
-2.461701604371e+00,1.406250045003e-01,8.987113730651e-02
-2.461701604371e+00,2.343750075005e-01,8.983523941736e-02
-2.461701604371e+00,2.656250085005e-01,8.982546387057e-02
-2.461701604371e+00,2.968750095005e-01,8.981680665391e-02
-2.461701604371e+00,3.281250105004e-01,8.980927952634e-02
-2.461701604371e+00,3.593750115003e-01,8.980289277253e-02
-2.461701604371e+00,3.906250125003e-01,8.979765516341e-02
-2.461701604371e+00,4.218750135002e-01,8.979357392232e-02
-2.461701604371e+00,4.531250145001e-01,8.979065469695e-02
-2.461701604371e+00,4.843750155000e-01,8.978890153728e-02
-2.461701604371e+00,5.156250165000e-01,8.978831687965e-02
-2.461701604371e+00,6.093750195000e-01,8.978831687965e-02
-2.461701604371e+00,6.406250205000e-01,8.978831687965e-02
-2.461701604371e+00,6.718750215000e-01,8.978831687965e-02
-2.461701604371e+00,7.031250225000e-01,8.978831687965e-02
-2.461701604371e+00,7.343750235000e-01,8.978831687965e-02
-2.461701604371e+00,7.656250245000e-01,8.978831687965e-02
-2.461701604371e+00,8.281250264999e-01,8.978831687965e-02
-2.461701604371e+00,8.593750275000e-01,8.978831687965e-02
-2.461701604371e+00,8.906250285000e-01,8.978831687965e-02
-2.461701604371e+00,9.218750295000e-01,8.978831687965e-02
-2.461701604371e+00,9.531250305000e-01,8.978831687965e-02
-2.461701604371e+00,9.843750315000e-01,8.978831687965e-02
-2.461701604371e+00,1.718750055004e-01,8.985809136692e-02
-2.461701604371e+00,2.031250065004e-01,8.984612010569e-02
-2.461701604371e+00,5.468750175000e-01,8.978831687965e-02
-2.461701604371e+00,5.781250185000e-01,8.978831687965e-02
-2.461701604371e+00,7.968750255000e-01,8.978831687965e-02
-2.461655100468e+00,9.246739639959e+00,8.086454006415e-02
-2.461644804932e+00,1.982179830019e+00,8.978911562978e-02
-2.461563306911e+00,6.152553567283e+00,8.978306717417e-02
-2.461535515490e+00,1.499140585092e+00,8.978832068352e-02
-2.461531206055e+00,3.817728960748e+00,8.979058611782e-02
-2.461478445437e+00,4.876849226628e+00,8.978973805353e-02
-2.461106145379e+00,2.465219074946e+00,8.978801178951e-02
-2.461023675581e+00,5.360719738245e+00,8.978582082682e-02
-2.460919014457e+00,6.620947590693e+00,8.977865852226e-02
-2.460778277052e+00,1.016101340164e+00,8.978562578538e-02
-2.460463388155e+00,4.268565589349e+00,8.978790039875e-02
-2.460039625423e+00,3.399094948475e+00,8.978580316831e-02
-2.459945304999e+00,9.029110120719e+00,8.327766503405e-02
-2.459919536831e+00,2.948258319874e+00,8.978500754444e-02
-2.459885928582e+00,7.917070547392e+00,8.931331357694e-02
-2.459754953696e+00,2.014382446347e+00,8.978360593693e-02
-2.459702628530e+00,6.037407017404e+00,8.977836609220e-02
-2.459667262554e+00,1.531343201420e+00,8.978287325054e-02
-2.459629463782e+00,4.798720660244e+00,8.978480453894e-02
-2.459554961619e+00,3.849931577077e+00,8.978482509882e-02
-2.459432388733e+00,1.016688805733e+01,3.997416845240e-02
-2.459426792481e+00,7.008112245914e+00,8.977213889567e-02
-2.459194695843e+00,2.497421691274e+00,8.978243713812e-02
-2.459070249642e+00,8.440145235133e+00,8.728003973771e-02
-2.459050628072e+00,9.594615619440e+00,7.472142539767e-02
-2.458976627911e+00,5.443780749527e+00,8.977932510027e-02
-2.458931622416e+00,1.048303956493e+00,8.978023800407e-02
-2.458856714925e+00,9.777069239719e+00,6.925859819373e-02
-2.458708500710e+00,6.739923879441e+00,8.977163220922e-02
-2.458540978771e+00,8.625873890332e+00,8.628790220185e-02
-2.458465545420e+00,4.300768205678e+00,8.978207199709e-02
-2.458295223440e+00,8.255309724772e+00,8.810760739713e-02
-2.458084979287e+00,3.431297564804e+00,8.978009848653e-02
-2.458069454650e+00,5.723806530659e+00,8.977520105756e-02
-2.457986488995e+00,2.980460936203e+00,8.977936513927e-02
-2.457865102460e+00,2.046585062676e+00,8.977808842855e-02
-2.457799009617e+00,1.563545817749e+00,8.977741817846e-02
-2.457578717184e+00,3.882134193405e+00,8.977905553321e-02
-2.457523435987e+00,9.412401193707e+00,7.842708337427e-02
-2.457283246307e+00,2.529624307603e+00,8.977685448681e-02
-2.457244225027e+00,4.721339651103e+00,8.977818522675e-02
-2.457095350219e+00,7.430464433229e+00,8.976297547677e-02
-2.457084967780e+00,1.080506572821e+00,8.977484275253e-02
-2.457044646378e+00,5.923070795241e+00,8.977103448276e-02
-2.456939406488e+00,9.959749572729e+00,6.041374376357e-02
-2.456751514829e+00,7.582303842706e+00,8.976112574981e-02
-2.456700851741e+00,8.812472854215e+00,8.507806709872e-02
-2.456467702685e+00,4.332970822006e+00,8.977623485048e-02
-2.456379018081e+00,7.279459035880e+00,8.976177709993e-02
-2.456353488716e+00,5.527503100255e+00,8.977129976377e-02
-2.456222600574e+00,8.071390153021e+00,8.880793442299e-02
-2.456130333152e+00,3.463500181132e+00,8.977438542937e-02
-2.456053441159e+00,3.012663552531e+00,8.977371454143e-02
-2.455975251224e+00,2.078787679004e+00,8.977256308764e-02
-2.455930756681e+00,1.595748434078e+00,8.977195545086e-02
-2.455667457485e+00,6.859621491163e+00,8.976190387702e-02
-2.455602472749e+00,3.914336809734e+00,8.977327740154e-02
-2.455371796771e+00,2.561826923931e+00,8.977126381799e-02
-2.455358800929e+00,9.217464898134e+00,8.125844225989e-02
-2.455341452956e+00,7.734958416967e+00,8.975618277086e-02
-2.455238313143e+00,1.112709189150e+00,8.976944001488e-02
-2.454738498672e+00,6.357644591105e+00,8.976200536438e-02
-2.454608693970e+00,7.129306459116e+00,8.975732036229e-02
-2.454469859950e+00,4.365173438335e+00,8.977038893878e-02
-2.454396721602e+00,5.089514957451e+00,8.976780138406e-02
-2.454392060362e+00,6.241027886869e+00,8.976148842108e-02
-2.454328008069e+00,4.644716833537e+00,8.977000748983e-02
-2.454271098722e+00,6.475028502030e+00,8.975986692210e-02
-2.454175687016e+00,3.495702797461e+00,8.976866397797e-02
-2.454140441751e+00,5.170406034923e+00,8.976663275364e-02
-2.454120393324e+00,3.044866168860e+00,8.976805573270e-02
-2.454096857401e+00,5.009329769062e+00,8.976736517248e-02
-2.454085399988e+00,2.110990295333e+00,8.976702989716e-02
-2.454062503745e+00,1.627951050406e+00,8.976648505126e-02
-2.453626228313e+00,3.946539426062e+00,8.976749068432e-02
-2.453595218880e+00,5.809559610005e+00,8.976155201745e-02
-2.453543451142e+00,8.999919249036e+00,8.356714374699e-02
-2.453460347236e+00,2.594029540260e+00,8.976566511400e-02
-2.453391658507e+00,1.144911805478e+00,8.976402977521e-02
-2.453323065973e+00,5.251992210346e+00,8.976373042318e-02
-2.453296493612e+00,1.014264412006e+01,4.366846062609e-02
-2.453245867906e+00,4.929861229747e+00,8.976528092791e-02
-2.453237373419e+00,6.125193204336e+00,8.975873445609e-02
-2.453149581018e+00,5.611875876148e+00,8.976125709983e-02
-2.452984362898e+00,6.593164769591e+00,8.975540261656e-02
-2.452859222516e+00,7.888409270451e+00,8.940895158539e-02
-2.452558510952e+00,9.570465105091e+00,7.533557295131e-02
-2.452483184841e+00,9.752887003185e+00,7.019214932235e-02
-2.452472017214e+00,4.397376054664e+00,8.976453424182e-02
-2.452354118791e+00,8.411213520609e+00,8.742981221258e-02
-2.452221040881e+00,3.527905413790e+00,8.976293411341e-02
-2.452195548752e+00,2.143192911661e+00,8.976148884001e-02
-2.452194250809e+00,1.660153666735e+00,8.976100696315e-02
-2.452187345488e+00,3.077068785189e+00,8.976238869476e-02
-2.451939709455e+00,5.334262661843e+00,8.975931001526e-02
-2.451929203399e+00,8.596854534162e+00,8.646805901088e-02
-2.451848838566e+00,4.851120067978e+00,8.976161358228e-02
-2.451790669882e+00,6.980025471819e+00,8.974975026248e-02
-2.451649983878e+00,3.978742042391e+00,8.976169536198e-02
-2.451548897700e+00,2.626232156588e+00,8.976005835714e-02
-2.451545003871e+00,1.177114421807e+00,8.975861201753e-02
-2.451475148424e+00,8.226466905294e+00,8.823380519041e-02
-2.451280119161e+00,6.010155322993e+00,8.975363123758e-02
-2.450912889247e+00,9.388282981735e+00,7.886117339279e-02
-2.450872885726e+00,6.712038509263e+00,8.974858660809e-02
-2.450684618019e+00,9.935536194972e+00,6.199787785786e-02
-2.450474174479e+00,4.429578670992e+00,8.975867073936e-02
-2.450325997873e+00,1.692356283063e+00,8.975552116996e-02
-2.450305697516e+00,2.175395527990e+00,8.975593989903e-02
-2.450266394745e+00,3.560108030119e+00,8.975719581675e-02
-2.450254297652e+00,3.109271401517e+00,8.975671340928e-02
-2.450193837319e+00,8.783367111700e+00,8.529953879682e-02
-2.449985554611e+00,5.417206537187e+00,8.975296145529e-02
-2.449910921323e+00,4.773116980318e+00,8.975627344544e-02
-2.449761928048e+00,7.402084821446e+00,8.974146581768e-02
-2.449698349234e+00,1.209317038136e+00,8.975318672584e-02
-2.449673739442e+00,4.010944658720e+00,8.975589141491e-02
-2.449637448164e+00,2.658434772916e+00,8.975444352965e-02
-2.449519892889e+00,7.553829098382e+00,8.973987542790e-02
-2.449360295569e+00,5.696888133795e+00,8.974960241024e-02
-2.449298998544e+00,8.042637480057e+00,8.891601918083e-02
-2.449062501391e+00,9.188190156310e+00,8.163438365729e-02
-2.448944241870e+00,7.251175798048e+00,8.973996916472e-02
-2.448526070344e+00,5.895928986283e+00,8.974602094707e-02
-2.448476331744e+00,4.461781287321e+00,8.975279841110e-02
-2.448457744937e+00,1.724558899391e+00,8.975002765508e-02
-2.448415846280e+00,2.207598144318e+00,8.975038305705e-02
-2.448321249817e+00,3.141474017846e+00,8.975102985787e-02
-2.448311748610e+00,3.592310646447e+00,8.975144906894e-02
-2.448212071651e+00,7.706389783577e+00,8.973518189357e-02
-2.447931354067e+00,6.831634802587e+00,8.973921183860e-02
-2.447925848000e+00,1.032574036722e+01,6.608629157945e-06
-2.447851694598e+00,1.241519654464e+00,8.974775388407e-02
-2.447725998628e+00,2.690637389245e+00,8.974882061372e-02
-2.447697495007e+00,4.043147275049e+00,8.975007882344e-02
-2.447455851272e+00,5.500812954184e+00,8.974508345234e-02
-2.447437334440e+00,4.695862631035e+00,8.974948530041e-02
-2.447160598492e+00,1.011840018279e+01,4.692042908564e-02
-2.447141597286e+00,8.970728377353e+00,8.384519267924e-02
-2.447073015694e+00,7.101120834554e+00,8.973511615176e-02
-2.446607221851e+00,6.330070551257e+00,8.973802186067e-02
-2.446589492000e+00,1.756761515720e+00,8.974452640185e-02
-2.446525995044e+00,2.239800760647e+00,8.974481829682e-02
-2.446478489009e+00,4.493983903650e+00,8.974691723667e-02
-2.446388201981e+00,3.173676634175e+00,8.974533802205e-02
-2.446357102474e+00,3.624513262776e+00,8.974569385092e-02
-2.446237891311e+00,6.447349458456e+00,8.973627467597e-02
-2.446163206282e+00,6.213560074666e+00,8.973726905543e-02
-2.446109654758e+00,9.728704766651e+00,7.106660803909e-02
-2.446066393832e+00,9.546314590740e+00,7.591781823618e-02
-2.446005039962e+00,1.273722270792e+00,8.974231347613e-02
-2.445832516451e+00,7.859747993511e+00,8.950239527410e-02
-2.445814549092e+00,2.722840005574e+00,8.974318959151e-02
-2.445721250572e+00,4.075349891377e+00,8.974425756782e-02
-2.445637987940e+00,8.382281806086e+00,8.757528331397e-02
-2.445317428028e+00,8.567835177992e+00,8.664256123777e-02
-2.445049711339e+00,6.565381948489e+00,8.973202780981e-02
-2.445037391091e+00,5.063416476551e+00,8.974024206356e-02
-2.444981091058e+00,5.782528901034e+00,8.973627730586e-02
-2.444911439927e+00,6.097832841389e+00,8.973427432882e-02
-2.444872341441e+00,5.144186826824e+00,8.973945511318e-02
-2.444721239064e+00,1.788964132048e+00,8.973901739356e-02
-2.444655073408e+00,8.197624085816e+00,8.835668244574e-02
-2.444646862033e+00,4.983353207239e+00,8.973964500402e-02
-2.444636143808e+00,2.272003376975e+00,8.973924560104e-02
-2.444480646274e+00,4.526186519978e+00,8.974102719564e-02
-2.444455154145e+00,3.205879250503e+00,8.973963788334e-02
-2.444433362314e+00,4.619367651712e+00,8.974088605321e-02
-2.444429829549e+00,9.911322817215e+00,6.345354240700e-02
-2.444402456339e+00,3.656715879105e+00,8.973993014356e-02
-2.444345916853e+00,5.585071001072e+00,8.973538155199e-02
-2.444302342508e+00,9.364164769762e+00,7.927613164779e-02
-2.444158385325e+00,1.305924887121e+00,8.973686548587e-02
-2.444154547283e+00,6.951938697724e+00,8.972725027984e-02
-2.444146755650e+00,5.225653469548e+00,8.973670745543e-02
-2.443903099556e+00,2.755042621902e+00,8.973755044508e-02
-2.443745006136e+00,4.107552507706e+00,8.973842762827e-02
-2.443705778573e+00,4.904007776232e+00,8.973716438995e-02
-2.443686822896e+00,8.754261369185e+00,8.551267222396e-02
-2.443037270741e+00,6.684153139084e+00,8.972542350357e-02
-2.442857609792e+00,5.982903628581e+00,8.972874300567e-02
-2.442855743330e+00,5.307805585442e+00,8.973251141389e-02
-2.442852986128e+00,1.821166748377e+00,8.973350061347e-02
-2.442766201853e+00,9.158915414486e+00,8.199354838179e-02
-2.442746292572e+00,2.304205993303e+00,8.973366495237e-02
-2.442522106310e+00,3.238081866832e+00,8.973392942317e-02
-2.442482803538e+00,4.558389136307e+00,8.973512826754e-02
-2.442447810203e+00,3.688918495433e+00,8.973415792766e-02
-2.442428505876e+00,7.373705209663e+00,8.971985250723e-02
-2.442375396514e+00,8.013884807092e+00,8.902147032439e-02
-2.442311730689e+00,1.338127503449e+00,8.973140989708e-02
-2.442288270949e+00,7.525354354057e+00,8.971852333576e-02
-2.442219231695e+00,4.825390909328e+00,8.973333163921e-02
-2.441991650021e+00,2.787245238231e+00,8.973190315650e-02
-2.441908995123e+00,1.030146645289e+01,1.009081912464e-02
-2.441768761701e+00,4.139755124035e+00,8.973258898494e-02
-2.441509465660e+00,7.222892560216e+00,8.971794283520e-02
-2.441082690346e+00,7.677821150187e+00,8.971408111030e-02
-2.441024703371e+00,1.009415624552e+01,4.980495097249e-02
-2.440994481311e+00,5.390632324846e+00,8.972645318196e-02
-2.440984733192e+00,1.853369364705e+00,8.972797604478e-02
-2.440856441336e+00,2.336408609632e+00,8.972807633343e-02
-2.440739743429e+00,8.941537505670e+00,8.411246758557e-02
-2.440651136489e+00,5.669969736931e+00,8.972386486942e-02
-2.440589058474e+00,3.270284483161e+00,8.972821262292e-02
-2.440493164067e+00,3.721121111762e+00,8.972837718397e-02
-2.440484960803e+00,4.590591752636e+00,8.972922043182e-02
-2.440465076053e+00,1.370330119778e+00,8.972594669356e-02
-2.440195250649e+00,6.803648114011e+00,8.971640644775e-02
-2.440192378864e+00,4.747513300392e+00,8.972758020415e-02
-2.440080200485e+00,2.819447854559e+00,8.972624770774e-02
-2.440007494310e+00,5.868787177326e+00,8.972087394950e-02
-2.439792517265e+00,4.171957740363e+00,8.972674161791e-02
-2.439736124674e+00,9.704522530117e+00,7.188739364422e-02
-2.439574276712e+00,9.522164076390e+00,7.647057223718e-02
-2.439537337418e+00,7.072935209991e+00,8.971280194529e-02
-2.439116480256e+00,1.885571981034e+00,8.972244367064e-02
-2.438966590100e+00,2.368611225960e+00,8.972247972678e-02
-2.438921857089e+00,8.353350091563e+00,8.771663451576e-02
-2.438805810385e+00,7.831086716571e+00,8.959373187841e-02
-2.438705652656e+00,8.538815821822e+00,8.681166817511e-02
-2.438656010638e+00,3.302487099489e+00,8.972248746394e-02
-2.438618421416e+00,1.402532736107e+00,8.972047585899e-02
-2.438558213828e+00,5.474122808112e+00,8.971872273601e-02
-2.438538517932e+00,3.753323728091e+00,8.972258789321e-02
-2.438475945030e+00,6.302496511410e+00,8.971391289846e-02
-2.438204683900e+00,6.419670414882e+00,8.971256146606e-02
-2.438175041079e+00,9.887109439457e+00,6.479572259825e-02
-2.438168750949e+00,2.851650470888e+00,8.972058408075e-02
-2.437934352201e+00,6.186092262463e+00,8.971292284998e-02
-2.437834998392e+00,8.168781266338e+00,8.847636799653e-02
-2.437816272830e+00,4.204160356692e+00,8.972088550722e-02
-2.437691795769e+00,9.340046557789e+00,7.967318808709e-02
-2.437630443854e+00,4.670385610968e+00,8.972045291380e-02
-2.437248227320e+00,1.917774597362e+00,8.971690347415e-02
-2.437179808475e+00,8.725155626670e+00,8.571855953812e-02
-2.437115059780e+00,6.537599127387e+00,8.970853339011e-02
-2.437076738864e+00,2.400813842289e+00,8.971687511492e-02
-2.436771766780e+00,1.434735352435e+00,8.971499737707e-02
-2.436722962802e+00,3.334689715818e+00,8.971675392749e-02
-2.436585506435e+00,6.070472478443e+00,8.970966386271e-02
-2.436583871796e+00,3.785526344419e+00,8.971679003600e-02
-2.436518424684e+00,6.923851923629e+00,8.970463828036e-02
-2.436469902315e+00,9.129640672661e+00,8.233701980983e-02
-2.436366963235e+00,5.755498192063e+00,8.971068463462e-02
-2.436257301413e+00,2.883853087217e+00,8.971491225740e-02
-2.435892142246e+00,1.027719253856e+01,1.829867165209e-02
-2.435840028395e+00,4.236362973020e+00,8.971502063284e-02
-2.435678060580e+00,5.037317995651e+00,8.971252825287e-02
-2.435604241132e+00,5.117967618725e+00,8.971192085031e-02
-2.435542252689e+00,5.558266125996e+00,8.970936599865e-02
-2.435451794484e+00,7.985132134128e+00,8.912438325907e-02
-2.435379974383e+00,1.949977213691e+00,8.971135543839e-02
-2.435201655757e+00,6.656267768906e+00,8.970214218099e-02
-2.435196866665e+00,4.957376645415e+00,8.971160563454e-02
-2.435186887628e+00,2.433016458617e+00,8.971126248033e-02
-2.435095083704e+00,7.345325597880e+00,8.969813492956e-02
-2.435056649008e+00,7.496879609732e+00,8.969706886386e-02
-2.434970445327e+00,5.199314728750e+00,8.970953449024e-02
-2.434925112144e+00,1.466937968764e+00,8.970951123141e-02
-2.434888808250e+00,1.006991230825e+01,5.238090624676e-02
-2.434789914967e+00,3.366892332147e+00,8.971101199480e-02
-2.434629225661e+00,3.817728960748e+00,8.971098359294e-02
-2.434435100423e+00,5.955651934170e+00,8.970372182993e-02
-2.434345851877e+00,2.916055703545e+00,8.970923221953e-02
-2.434337889572e+00,8.912346633988e+00,8.436957547104e-02
-2.434165689240e+00,4.878154322716e+00,8.970888903717e-02
-2.434074689449e+00,7.194609322384e+00,8.969580787291e-02
-2.433953309040e+00,7.649252516797e+00,8.969287981918e-02
-2.433863783959e+00,4.268565589349e+00,8.970914697468e-02
-2.433771777204e+00,5.281348509040e+00,8.970549448445e-02
-2.433511721447e+00,1.982179830019e+00,8.970579954635e-02
-2.433362594591e+00,9.680340293583e+00,7.265928266107e-02
-2.433297036392e+00,2.465219074946e+00,8.970564180540e-02
-2.433082159592e+00,9.498013562040e+00,7.699600914518e-02
-2.433078457507e+00,1.499140585092e+00,8.970401740561e-02
-2.432909772741e+00,1.562500050003e-02,8.985327660194e-02
-2.432909772741e+00,4.687500150008e-02,8.983555037365e-02
-2.432909772741e+00,7.812500250012e-02,8.981885351865e-02
-2.432909772741e+00,1.093750035002e-01,8.980320775903e-02
-2.432909772741e+00,1.406250045003e-01,8.978863369410e-02
-2.432909772741e+00,2.343750075005e-01,8.975152929420e-02
-2.432909772741e+00,2.656250085005e-01,8.974142303573e-02
-2.432909772741e+00,2.968750095005e-01,8.973247216678e-02
-2.432909772741e+00,3.281250105004e-01,8.972468912757e-02
-2.432909772741e+00,3.593750115003e-01,8.971808480091e-02
-2.432909772741e+00,4.218750135002e-01,8.970844777946e-02
-2.432909772741e+00,4.843750155000e-01,8.970361554758e-02
-2.432909772741e+00,5.156250165000e-01,8.970301087325e-02
-2.432909772741e+00,5.468750175000e-01,8.970301087325e-02
-2.432909772741e+00,6.406250205000e-01,8.970301087325e-02
-2.432909772741e+00,6.718750215000e-01,8.970301087325e-02
-2.432909772741e+00,7.031250225000e-01,8.970301087325e-02
-2.432909772741e+00,7.343750235000e-01,8.970301087325e-02
-2.432909772741e+00,7.656250245000e-01,8.970301087325e-02
-2.432909772741e+00,7.968750255000e-01,8.970301087325e-02
-2.432909772741e+00,1.718750055004e-01,8.977515072674e-02
-2.432909772741e+00,4.531250145001e-01,8.970542870952e-02
-2.432909772741e+00,5.781250185000e-01,8.970301087325e-02
-2.432909772741e+00,8.281250264999e-01,8.970301087325e-02
-2.432909772741e+00,8.906250285000e-01,8.970301087325e-02
-2.432909772741e+00,9.218750295000e-01,8.970301087325e-02
-2.432909772741e+00,2.031250065004e-01,8.976277699282e-02
-2.432909772741e+00,3.906250125003e-01,8.971266846954e-02
-2.432909772741e+00,6.093750195000e-01,8.970301087325e-02
-2.432909772741e+00,8.593750275000e-01,8.970301087325e-02
-2.432909772741e+00,9.531250305000e-01,8.970301087325e-02
-2.432909772741e+00,9.843750315000e-01,8.970301087325e-02
-2.432856867131e+00,3.399094948475e+00,8.970526164704e-02
-2.432674579525e+00,3.849931577077e+00,8.970516854454e-02
-2.432589624824e+00,4.799661750677e+00,8.970465442562e-02
-2.432459147231e+00,6.775661425435e+00,8.969333622807e-02
-2.432434402341e+00,2.948258319874e+00,8.970354394892e-02
-2.432205726237e+00,8.324418377039e+00,8.785397237146e-02
-2.432093877285e+00,8.509796465652e+00,8.697562374419e-02
-2.432003408011e+00,5.364058112506e+00,8.969979950291e-02
-2.432001659141e+00,7.044749585429e+00,8.969037707669e-02
-2.431997244572e+00,1.016101340164e+00,8.970029274022e-02
-2.431941977409e+00,5.643051340067e+00,8.969798764415e-02
-2.431920252609e+00,9.862896061700e+00,6.603716058377e-02
-2.431887539524e+00,4.300768205678e+00,8.970326451260e-02
-2.431779104319e+00,7.802425439631e+00,8.968303254626e-02
-2.431643468511e+00,2.014382446347e+00,8.970023578100e-02
-2.431488918275e+00,5.841645368368e+00,8.969559272542e-02
-2.431407185156e+00,2.497421691274e+00,8.970001307251e-02
-2.431231802871e+00,1.531343201420e+00,8.969851588319e-02
-2.431081249030e+00,9.315928345817e+00,8.005291680486e-02
-2.431014923376e+00,8.139938446859e+00,8.859298424919e-02
-2.430923819295e+00,3.431297564804e+00,8.969950286532e-02
-2.430719933390e+00,3.882134193405e+00,8.969934487129e-02
-2.430672794053e+00,8.696049884155e+00,8.591755916852e-02
-2.430522952805e+00,2.980460936203e+00,8.969784742729e-02
-2.430473836405e+00,4.721909620466e+00,8.969872408119e-02
-2.430344668208e+00,6.274922471563e+00,8.968967772212e-02
-2.430173602777e+00,9.100365930837e+00,8.266579095842e-02
-2.430172188236e+00,1.048303956493e+00,8.969485082654e-02
-2.430171476489e+00,6.391991371308e+00,8.968860715074e-02
-2.429911295089e+00,4.332970822006e+00,8.969737322638e-02
-2.429875289369e+00,1.025291862423e+01,2.510544726692e-02
-2.429775215575e+00,2.046585062676e+00,8.969466412526e-02
-2.429705498121e+00,6.158624450260e+00,8.968844905835e-02
-2.429660576385e+00,5.447432662041e+00,8.969221680415e-02
-2.429517333920e+00,2.529624307603e+00,8.969437626396e-02
-2.429385148235e+00,1.563545817749e+00,8.969300664764e-02
-2.429180408221e+00,6.509816306285e+00,8.968491864406e-02
-2.428990771460e+00,3.463500181132e+00,8.969373563071e-02
-2.428882302086e+00,6.895765149534e+00,8.968191359459e-02
-2.428765287254e+00,3.914336809734e+00,8.969351255358e-02
-2.428752913129e+00,1.004566837098e+01,5.469523325032e-02
-2.428611503269e+00,3.012663552531e+00,8.969214263632e-02
-2.428528192454e+00,7.956379461163e+00,8.922484895484e-02
-2.428347131899e+00,1.080506572821e+00,8.968940136940e-02
-2.428259572943e+00,6.043112115496e+00,8.968476618169e-02
-2.427936035716e+00,8.883155762305e+00,8.461707901210e-02
-2.427935050653e+00,4.365173438335e+00,8.969147309576e-02
-2.427906962639e+00,2.078787679004e+00,8.968908456200e-02
-2.427825027068e+00,7.468404865408e+00,8.967551140014e-02
-2.427823553267e+00,4.644908590901e+00,8.969117340624e-02
-2.427761661533e+00,7.316945986096e+00,8.967620593623e-02
-2.427752835412e+00,5.728467483092e+00,8.968494465330e-02
-2.427627482684e+00,2.561826923931e+00,8.968873136202e-02
-2.427538493598e+00,1.595748434078e+00,8.968748968241e-02
-2.427366040772e+00,6.628382398728e+00,8.967874192367e-02
-2.427057723624e+00,3.495702797461e+00,8.968795992420e-02
-2.426989064508e+00,9.656158057050e+00,7.338650139485e-02
-2.426823927735e+00,7.620683883407e+00,8.967157741565e-02
-2.426810641119e+00,3.946539426062e+00,8.968767157178e-02
-2.426738588525e+00,5.531461250920e+00,8.968305261024e-02
-2.426700053734e+00,3.044866168860e+00,8.968642955763e-02
-2.426639913239e+00,7.166326084553e+00,8.967356361438e-02
-2.426590042473e+00,9.473863047690e+00,7.749609473408e-02
-2.426522075563e+00,1.112709189150e+00,8.968394435280e-02
-2.426336140823e+00,5.091748410626e+00,8.968421480331e-02
-2.426318730069e+00,5.011219514751e+00,8.968465917759e-02
-2.426038709703e+00,2.110990295333e+00,8.968349707404e-02
-2.426012591055e+00,5.928400239758e+00,8.967856692833e-02
-2.425958806218e+00,4.397376054664e+00,8.968556410041e-02
-2.425794135003e+00,5.172975987952e+00,8.968221074852e-02
-2.425746871297e+00,4.931400083592e+00,8.968333922384e-02
-2.425737631448e+00,2.594029540260e+00,8.968307834889e-02
-2.425691838962e+00,1.627951050406e+00,8.968196497091e-02
-2.425665464140e+00,9.838682683942e+00,6.718876003099e-02
-2.425489595386e+00,8.295486662516e+00,8.798725776884e-02
-2.425482101913e+00,8.480777109482e+00,8.713465760974e-02
-2.425124675788e+00,3.527905413790e+00,8.968217572675e-02
-2.424855994983e+00,3.978742042391e+00,8.968182190618e-02
-2.424788604198e+00,3.077068785189e+00,8.968070817280e-02
-2.424752398254e+00,7.773764162690e+00,8.966446092103e-02
-2.424723043813e+00,6.747674736859e+00,8.967014443053e-02
-2.424697019226e+00,1.144911805478e+00,8.967847976067e-02
-2.424687811079e+00,5.254891432638e+00,8.967832678666e-02
-2.424680796991e+00,9.289190564271e+00,8.045155004387e-02
-2.424625599907e+00,4.852300869200e+00,8.968045411338e-02
-2.424465980865e+00,7.016563960866e+00,8.966784087741e-02
-2.424194848359e+00,8.111095627381e+00,8.870664757568e-02
-2.424170456766e+00,2.143192911661e+00,8.967790164414e-02
-2.424165779630e+00,8.666944141640e+00,8.611000663618e-02
-2.423982561782e+00,4.429578670992e+00,8.967964621994e-02
-2.423877303238e+00,9.071091189012e+00,8.298077363015e-02
-2.423858436492e+00,1.022864470990e+01,3.084152742649e-02
-2.423847780212e+00,2.626232156588e+00,8.967741720674e-02
-2.423845184326e+00,1.660153666735e+00,8.967643249647e-02
-2.423232818328e+00,5.616132943203e+00,8.967196994520e-02
-2.423191627952e+00,3.560108030119e+00,8.967638301924e-02
-2.423012334711e+00,5.337483900165e+00,8.967294372740e-02
-2.422970342241e+00,5.814503559411e+00,8.967017651114e-02
-2.422960017953e+00,4.773932592027e+00,8.967580678180e-02
-2.422901348848e+00,4.010944658720e+00,8.967596353701e-02
-2.422877154662e+00,3.109271401517e+00,8.967497846333e-02
-2.422871962890e+00,1.177114421807e+00,8.967300757693e-02
-2.422617018008e+00,1.002142443371e+01,5.678581002160e-02
-2.422302203830e+00,2.175395527990e+00,8.967229825503e-02
-2.422213391387e+00,6.247348431716e+00,8.966531557477e-02
-2.422138269078e+00,6.364312327734e+00,8.966447977099e-02
-2.422006317347e+00,4.461781287321e+00,8.967371943389e-02
-2.421998529689e+00,1.692356283063e+00,8.967089224241e-02
-2.421957928976e+00,2.658434772916e+00,8.967174791767e-02
-2.421604590424e+00,7.927626788198e+00,8.932295419919e-02
-2.421534181859e+00,8.853964890622e+00,8.485550050857e-02
-2.421476644040e+00,6.131156638057e+00,8.966384693363e-02
-2.421258580117e+00,3.592310646447e+00,8.967058178252e-02
-2.421246179487e+00,6.867678375439e+00,8.965907238558e-02
-2.421245756663e+00,6.482033485183e+00,8.966118285677e-02
-2.421046906553e+00,1.209317038136e+00,8.966752778544e-02
-2.420965705126e+00,3.141474017846e+00,8.966924041068e-02
-2.420946702712e+00,4.043147275049e+00,8.967009644447e-02
-2.420762938941e+00,5.420742515970e+00,8.966556484901e-02
-2.420755293946e+00,4.696305940541e+00,8.966970435551e-02
-2.420615534424e+00,9.631975820516e+00,7.407280294506e-02
-2.420593405128e+00,7.439930121083e+00,8.965385033003e-02
-2.420433950894e+00,2.207598144318e+00,8.966668688938e-02
-2.420428239361e+00,7.288566374313e+00,8.965413553761e-02
-2.420151875053e+00,1.724558899391e+00,8.966534419198e-02
-2.420097925353e+00,9.449712533340e+00,7.797261075247e-02
-2.420068077740e+00,2.690637389245e+00,8.966607046374e-02
-2.420030072912e+00,4.493983903650e+00,8.966778372177e-02
-2.419933639452e+00,6.015751752550e+00,8.965973535270e-02
-2.419694546430e+00,7.592115250018e+00,8.965017329240e-02
-2.419530425787e+00,6.600497028549e+00,8.965522201294e-02
-2.419410675670e+00,9.814469306185e+00,6.825990616439e-02
-2.419325532281e+00,3.624513262776e+00,8.966477199736e-02
-2.419221850217e+00,1.241519654464e+00,8.966204037000e-02
-2.419205137028e+00,7.138042846721e+00,8.965120939345e-02
-2.419138707589e+00,5.701436774122e+00,8.965906460677e-02
-2.419054255590e+00,3.173676634175e+00,8.966349399627e-02
-2.418992056576e+00,4.075349891377e+00,8.966422060866e-02
-2.418870326541e+00,8.451757753312e+00,8.728898619981e-02
-2.418773464535e+00,8.266554947992e+00,8.811693859232e-02
-2.418565697958e+00,2.239800760647e+00,8.966106752982e-02
-2.418490439654e+00,9.259833213152e+00,8.086570860083e-02
-2.418305220417e+00,1.756761515720e+00,8.965978832839e-02
-2.418178226504e+00,2.722840005574e+00,8.966038482695e-02
-2.418053828476e+00,4.526186519978e+00,8.966183906299e-02
-2.418016662681e+00,4.619431570834e+00,8.966172548598e-02
-2.417934924361e+00,5.504656375844e+00,8.965654850300e-02
-2.417841583615e+00,1.020437079557e+01,3.574098982321e-02
-2.417725692188e+00,7.745102885750e+00,8.964330365426e-02
-2.417658765208e+00,8.637838399125e+00,8.629621633954e-02
-2.417590081686e+00,5.901148545347e+00,8.965327751889e-02
-2.417581003700e+00,9.041816447188e+00,8.328280648157e-02
-2.417396793880e+00,1.273722270792e+00,8.965654531439e-02
-2.417392484445e+00,3.656715879105e+00,8.965895364448e-02
-2.417374773343e+00,8.082252807903e+00,8.881746867788e-02
-2.417142806054e+00,3.205879250503e+00,8.965773920145e-02
-2.417068040514e+00,5.065529202528e+00,8.965635248628e-02
-2.417037410441e+00,4.107552507706e+00,8.965833600965e-02
-2.416986940395e+00,6.719688048284e+00,8.964683440449e-02
-2.416959399558e+00,4.985121033851e+00,8.965663407136e-02
-2.416930302588e+00,6.988378336304e+00,8.964519267651e-02
-2.416697445022e+00,2.272003376975e+00,8.965544015892e-02
-2.416617824680e+00,5.146637247155e+00,8.965465576573e-02
-2.416481122888e+00,9.997180496444e+00,5.868353975937e-02
-2.416458565780e+00,1.788964132048e+00,8.965422463482e-02
-2.416296875929e+00,4.905423521769e+00,8.965491199389e-02
-2.416288375268e+00,2.755042621902e+00,8.965469098926e-02
-2.416077584041e+00,4.558389136307e+00,8.965588543692e-02
-2.415603844954e+00,5.228434356237e+00,8.965100750385e-02
-2.415571737544e+00,1.305924887121e+00,8.965104260233e-02
-2.415459436610e+00,3.688918495433e+00,8.965312670456e-02
-2.415231356518e+00,3.238081866832e+00,8.965197600752e-02
-2.415132328002e+00,8.824774018940e+00,8.508532542308e-02
-2.415085510575e+00,4.826447415684e+00,8.965182456452e-02
-2.415082764305e+00,4.139755124035e+00,8.965244262745e-02
-2.414829192086e+00,2.304205993303e+00,8.964980475921e-02
-2.414680988393e+00,7.898874115234e+00,8.941859552728e-02
-2.414611911144e+00,1.821166748377e+00,8.964865309437e-02
-2.414523659248e+00,5.589214546339e+00,8.964581098534e-02
-2.414451766207e+00,5.787361750453e+00,8.964443978080e-02
-2.414398524032e+00,2.787245238231e+00,8.964898893257e-02
-2.414242004341e+00,9.607793583983e+00,7.472153163517e-02
-2.414105061667e+00,6.336633284161e+00,8.964022608572e-02
-2.414101339605e+00,4.590591752636e+00,8.964992282286e-02
-2.414082114566e+00,6.219774391868e+00,8.964082569847e-02
-2.414021261411e+00,5.310909687825e+00,8.964578152572e-02
-2.413746681207e+00,1.338127503449e+00,8.964553221751e-02
-2.413610056888e+00,6.839591601344e+00,8.963596590757e-02
-2.413605808233e+00,9.425562018990e+00,7.842717596819e-02
-2.413526388774e+00,3.721121111762e+00,8.964729115820e-02
-2.413361783188e+00,7.411455376759e+00,8.963202689599e-02
-2.413330411082e+00,4.748203433377e+00,8.964679398844e-02
-2.413319906983e+00,3.270284483161e+00,8.964620439573e-02
-2.413311105103e+00,6.454250664081e+00,8.963726771438e-02
-2.413247789960e+00,6.103688825855e+00,8.963904158703e-02
-2.413155887200e+00,9.790255928427e+00,6.925872120150e-02
-2.413128118170e+00,4.171957740363e+00,8.964654044199e-02
-2.413094817190e+00,7.260186762530e+00,8.963195655039e-02
-2.412960939149e+00,2.336408609632e+00,8.964416131316e-02
-2.412765256508e+00,1.853369364705e+00,8.964307369013e-02
-2.412565165125e+00,7.563546616628e+00,8.962866683946e-02
-2.412508672796e+00,2.819447854559e+00,8.964327863874e-02
-2.412300082316e+00,9.230475862033e+00,8.126034483379e-02
-2.412258551170e+00,8.422738397142e+00,8.743881364005e-02
-2.412057333684e+00,8.237623233469e+00,8.824315824081e-02
-2.411921624871e+00,1.370330119778e+00,8.964001414355e-02
-2.411865301497e+00,5.394052369899e+00,8.963876606612e-02
-2.411824730738e+00,1.018009688123e+01,3.997431479109e-02
-2.411770360818e+00,7.109759608889e+00,8.962874454134e-02
-2.411694810803e+00,6.572611658371e+00,8.963158172830e-02
-2.411607705960e+00,5.988391389603e+00,8.963457057851e-02
-2.411593340938e+00,3.753323728091e+00,8.964144698597e-02
-2.411408457447e+00,3.302487099489e+00,8.964042434726e-02
-2.411284704162e+00,9.012541705363e+00,8.357266215825e-02
-2.411173472034e+00,4.204160356692e+00,8.964062943316e-02
-2.411151750786e+00,8.608732656610e+00,8.647648317739e-02
-2.411092686213e+00,2.368611225960e+00,8.963850980320e-02
-2.411036751487e+00,4.670702260615e+00,8.964033279308e-02
-2.410918601871e+00,1.885571981034e+00,8.963748640510e-02
-2.410698986122e+00,7.716441608810e+00,8.962204593196e-02
-2.410618821560e+00,2.851650470888e+00,8.963756008956e-02
-2.410554698327e+00,8.053409988425e+00,8.892555292612e-02
-2.410524579766e+00,5.674406065151e+00,8.963304368338e-02
-2.410345227767e+00,9.972936559175e+00,6.041388560867e-02
-2.410096568535e+00,1.402532736107e+00,8.963448836406e-02
-2.409660293103e+00,3.785526344419e+00,8.963559416835e-02
-2.409497007911e+00,3.334689715818e+00,8.963463584325e-02
-2.409394624312e+00,6.960192711742e+00,8.962243180082e-02
-2.409250836977e+00,6.691701359708e+00,8.962340542758e-02
-2.409224433277e+00,2.400813842289e+00,8.963285021170e-02
-2.409218825899e+00,4.236362973020e+00,8.963470958079e-02
-2.409167572317e+00,5.873896850935e+00,8.962785281996e-02
-2.409131260197e+00,5.477851500768e+00,8.962989783565e-02
-2.409071947235e+00,1.917774597362e+00,8.963189122226e-02
-2.408730474146e+00,8.795583147257e+00,8.530699022397e-02
-2.408728970324e+00,2.883853087217e+00,8.963183326677e-02
-2.408271512198e+00,1.434735352435e+00,8.962895486256e-02
-2.407868474258e+00,9.583611347449e+00,7.533567719432e-02
-2.407799940204e+00,5.039309994429e+00,8.962833308645e-02
-2.407757386363e+00,7.870121442269e+00,8.951202541282e-02
-2.407727245267e+00,3.817728960748e+00,8.962973268578e-02
-2.407600069047e+00,4.959022552951e+00,8.962821674494e-02
-2.407585558375e+00,3.366892332147e+00,8.962883886479e-02
-2.407441514357e+00,5.120298506357e+00,8.962680132519e-02
-2.407356180341e+00,2.433016458617e+00,8.962718252099e-02
-2.407264179763e+00,4.268565589349e+00,8.962878086463e-02
-2.407225292599e+00,1.949977213691e+00,8.962628812455e-02
-2.407113691113e+00,9.401411504640e+00,7.886126438941e-02
-2.406901098730e+00,9.766042550670e+00,7.019226990318e-02
-2.406846880561e+00,4.879446959945e+00,8.962632314352e-02
-2.406839119088e+00,2.916055703545e+00,8.962609815208e-02
-2.406519878828e+00,5.201977279835e+00,8.962353582423e-02
-2.406446455861e+00,1.466937968764e+00,8.962341362257e-02
-2.406130161248e+00,7.382980632434e+00,8.961001618876e-02
-2.406109724978e+00,9.201118510914e+00,8.163695095660e-02
-2.406071854256e+00,6.308954240587e+00,8.961584532808e-02
-2.405973934289e+00,6.811504827249e+00,8.961274193012e-02
-2.405950837745e+00,6.192200352021e+00,8.961620733431e-02
-2.405933190173e+00,5.760219941496e+00,8.961855549277e-02
-2.405814500167e+00,5.562296149475e+00,8.961939429016e-02
-2.405807877861e+00,1.015582296690e+01,4.366861030564e-02
-2.405794197431e+00,3.849931577077e+00,8.962386251865e-02
-2.405761395018e+00,7.231807150746e+00,8.960966830927e-02
-2.405674108839e+00,3.399094948475e+00,8.962303339290e-02
-2.405646775798e+00,8.393719040972e+00,8.758433261038e-02
-2.405545421242e+00,4.800593962168e+00,8.962282180728e-02
-2.405487927405e+00,2.465219074946e+00,8.962150671336e-02
-2.405435783820e+00,7.534977983238e+00,8.960705744419e-02
-2.405378637962e+00,1.982179830019e+00,8.962067709484e-02
-2.405376453544e+00,6.426467842979e+00,8.961311898481e-02
-2.405341202832e+00,8.208691518945e+00,8.836605277504e-02
-2.405309533628e+00,4.300768205678e+00,8.962284326439e-02
-2.405030188110e+00,5.284335475484e+00,8.961846703040e-02
-2.405018935879e+00,6.076221013652e+00,8.961399885557e-02
-2.404988404624e+00,8.983266963539e+00,8.385105361832e-02
-2.404949267852e+00,2.948258319874e+00,8.962035472711e-02
-2.404644736364e+00,8.579626914095e+00,8.665108402580e-02
-2.404621399525e+00,1.499140585092e+00,8.961786462753e-02
-2.404335584607e+00,7.081476371058e+00,8.960616838672e-02
-2.404209332646e+00,9.948692621906e+00,6.199801726216e-02
-2.404117941111e+00,1.562500050003e-02,8.977117392613e-02
-2.404117941111e+00,4.687500150008e-02,8.975285769243e-02
-2.404117941111e+00,7.812500250012e-02,8.973560234437e-02
-2.404117941111e+00,1.093750035002e-01,8.971943082260e-02
-2.404117941111e+00,1.406250045003e-01,8.970436489119e-02
-2.404117941111e+00,1.718750055004e-01,8.969042505817e-02
-2.404117941111e+00,2.031250065004e-01,8.967763049942e-02
-2.404117941111e+00,2.343750075005e-01,8.966599898629e-02
-2.404117941111e+00,2.656250085005e-01,8.965554681753e-02
-2.404117941111e+00,2.968750095005e-01,8.964628875603e-02
-2.404117941111e+00,3.281250105004e-01,8.963823797084e-02
-2.404117941111e+00,3.593750115003e-01,8.963140598482e-02
-2.404117941111e+00,3.906250125003e-01,8.962580262853e-02
-2.404117941111e+00,4.218750135002e-01,8.962143600042e-02
-2.404117941111e+00,4.531250145001e-01,8.961831243400e-02
-2.404117941111e+00,4.843750155000e-01,8.961643647186e-02
-2.404117941111e+00,5.156250165000e-01,8.961581084706e-02
-2.404117941111e+00,5.468750175000e-01,8.961581084706e-02
-2.404117941111e+00,5.781250185000e-01,8.961581084706e-02
-2.404117941111e+00,6.093750195000e-01,8.961581084706e-02
-2.404117941111e+00,6.406250205000e-01,8.961581084706e-02
-2.404117941111e+00,6.718750215000e-01,8.961581084706e-02
-2.404117941111e+00,7.031250225000e-01,8.961581084706e-02
-2.404117941111e+00,7.343750235000e-01,8.961581084706e-02
-2.404117941111e+00,7.656250245000e-01,8.961581084706e-02
-2.404117941111e+00,7.968750254999e-01,8.961581084706e-02
-2.404117941111e+00,8.281250264999e-01,8.961581084706e-02
-2.404117941111e+00,8.593750275000e-01,8.961581084706e-02
-2.404117941111e+00,8.906250285000e-01,8.961581084706e-02
-2.404117941111e+00,9.218750295000e-01,8.961581084706e-02
-2.404117941111e+00,9.531250305000e-01,8.961581084706e-02
-2.404117941111e+00,9.843750315000e-01,8.961581084706e-02
-2.403861149596e+00,3.882134193405e+00,8.961798364728e-02
-2.403859195818e+00,6.544726288193e+00,8.960782034748e-02
-2.403762659303e+00,3.431297564804e+00,8.961721940855e-02
-2.403734623311e+00,8.024567168947e+00,8.903100067384e-02
-2.403700804211e+00,4.722474274727e+00,8.961761527184e-02
-2.403672280057e+00,7.687780331869e+00,8.960068714961e-02
-2.403619674469e+00,2.497421691274e+00,8.961582277101e-02
-2.403531983326e+00,2.014382446347e+00,8.961505811596e-02
-2.403354887492e+00,4.332970822006e+00,8.961689675972e-02
-2.403281772468e+00,5.961031026657e+00,8.960927106141e-02
-2.403216212092e+00,1.016101340164e+00,8.961306509102e-02
-2.403059416616e+00,2.980460936203e+00,8.961460297346e-02
-2.402967664054e+00,5.367362223828e+00,8.961181965450e-02
-2.402796343189e+00,1.531343201420e+00,8.961230786084e-02
-2.402328620289e+00,8.766392275575e+00,8.552030462778e-02
-2.401928101760e+00,3.914336809734e+00,8.961209605194e-02
-2.401910451943e+00,5.647375356180e+00,8.960688107270e-02
-2.401858946036e+00,6.932007087180e+00,8.959953458973e-02
-2.401851209767e+00,3.463500181132e+00,8.961139689266e-02
-2.401751421532e+00,2.529624307603e+00,8.961013067613e-02
-2.401685328690e+00,2.046585062676e+00,8.960943117070e-02
-2.401514733559e+00,6.663714671132e+00,8.959985677519e-02
-2.401494944174e+00,9.559429110915e+00,7.591792054370e-02
-2.401412754056e+00,1.048303956493e+00,8.960756787564e-02
-2.401400241356e+00,4.365173438335e+00,8.961094133019e-02
-2.401318209028e+00,4.645098580689e+00,8.961072414348e-02
-2.401169565380e+00,3.012663552531e+00,8.960884287267e-02
-2.400971286852e+00,1.563545817749e+00,8.960674330587e-02
-2.400833784333e+00,7.841368769305e+00,8.959104967428e-02
-2.400745062948e+00,5.846645156524e+00,8.960229143782e-02
-2.400646310260e+00,9.741829172913e+00,7.106672624617e-02
-2.400621573993e+00,9.377260990290e+00,7.927622109470e-02
-2.400327596033e+00,5.451046625692e+00,8.960309977484e-02
-2.399995053924e+00,3.946539426063e+00,8.960619971283e-02
-2.399939760232e+00,3.495702797461e+00,8.960556582610e-02
-2.399919367640e+00,9.171761159795e+00,8.199671812357e-02
-2.399883168596e+00,2.561826923931e+00,8.960443041085e-02
-2.399838674053e+00,2.078787679004e+00,8.960379624179e-02
-2.399791024984e+00,1.013154905257e+01,4.692058027731e-02
-2.399609296019e+00,1.080506572821e+00,8.960206304243e-02
-2.399541770241e+00,1.033890262662e+01,6.608629176559e-06
-2.399445595221e+00,4.397376054664e+00,8.960497695533e-02
-2.399279714144e+00,3.044866168860e+00,8.960307440621e-02
-2.399146230516e+00,1.595748434078e+00,8.960117094594e-02
-2.399035000426e+00,8.364699684802e+00,8.772572513171e-02
-2.398898539308e+00,7.354505888110e+00,8.958789760532e-02
-2.398692105085e+00,8.953992221715e+00,8.411863974907e-02
-2.398625071981e+00,8.179759804422e+00,8.848575137702e-02
-2.398531839895e+00,5.013090786330e+00,8.960015579808e-02
-2.398427972846e+00,7.203427538963e+00,8.958727014619e-02
-2.398337811690e+00,6.783418053154e+00,8.958939972843e-02
-2.398306402514e+00,7.506409349848e+00,8.958531810717e-02
-2.398265204034e+00,5.093959765559e+00,8.959878887310e-02
-2.398240738536e+00,4.932924072051e+00,8.959963646727e-02
-2.398137721942e+00,8.550521171580e+00,8.682027908415e-02
-2.398073437525e+00,9.924448684637e+00,6.345367928856e-02
-2.398062006088e+00,3.978742042391e+00,8.960029461010e-02
-2.398038646845e+00,6.281275197013e+00,8.959133672973e-02
-2.398028310696e+00,3.527905413790e+00,8.959972618965e-02
-2.398014915660e+00,2.594029540260e+00,8.959872195723e-02
-2.397992019417e+00,2.110990295333e+00,8.959815331191e-02
-2.397819560924e+00,6.164626312173e+00,8.959145972255e-02
-2.397805837982e+00,1.112709189150e+00,8.959655057525e-02
-2.397490949085e+00,4.429578670992e+00,8.959900361460e-02
-2.397441801985e+00,6.398685021877e+00,8.958884388414e-02
-2.397435912703e+00,5.175520203434e+00,8.959591094126e-02
-2.397414614139e+00,5.733078132538e+00,8.959252998455e-02
-2.397396885193e+00,4.853470398122e+00,8.959757188086e-02
-2.397389862908e+00,3.077068785189e+00,8.959729755551e-02
-2.397321174179e+00,1.627951050406e+00,8.959559076430e-02
-2.397105341087e+00,5.535377752611e+00,8.959274415872e-02
-2.396914548295e+00,7.995724349469e+00,8.913390755047e-02
-2.396900808397e+00,7.053193133226e+00,8.958348025573e-02
-2.396790081799e+00,6.048753201449e+00,8.958882200030e-02
-2.396645573991e+00,7.659119054929e+00,8.957922669989e-02
-2.396146662724e+00,2.626232156588e+00,8.959300529730e-02
-2.396145364781e+00,2.143192911661e+00,8.959250236370e-02
-2.396128958253e+00,4.010944658720e+00,8.959438072385e-02
-2.396116861160e+00,3.560108030119e+00,8.959387796408e-02
-2.396039114810e+00,5.257761263144e+00,8.959099939387e-02
-2.396023580833e+00,6.516840918015e+00,8.958393027946e-02
-2.396005331909e+00,4.774740508653e+00,8.959365168868e-02
-2.396002379946e+00,1.144911805478e+00,8.959103045794e-02
-2.395926766432e+00,8.737201403892e+00,8.572635572109e-02
-2.395536302950e+00,4.461781287321e+00,8.959302128739e-02
-2.395500011672e+00,3.109271401517e+00,8.959151230196e-02
-2.395496117842e+00,1.660153666735e+00,8.959000274419e-02
-2.395121414091e+00,9.535246874381e+00,7.647067266695e-02
-2.394955838976e+00,5.933670663710e+00,8.958383600337e-02
-2.394391521791e+00,9.717615795155e+00,7.188750953466e-02
-2.394323267759e+00,6.903821462617e+00,8.957639223994e-02
-2.394298710145e+00,2.175395527990e+00,8.958684337975e-02
-2.394278409788e+00,2.658434772917e+00,8.958728041302e-02
-2.394205411624e+00,3.592310646447e+00,8.958802113008e-02
-2.394198921909e+00,1.177114421807e+00,8.958550267426e-02
-2.394195910417e+00,4.043147275049e+00,8.958845803410e-02
-2.394129456873e+00,9.353110475940e+00,7.967325491139e-02
-2.394071197340e+00,4.696745116076e+00,8.958826987049e-02
-2.394070026610e+00,5.340672077757e+00,8.958453722047e-02
-2.393910182303e+00,7.812616096340e+00,8.956983146149e-02
-2.393778630141e+00,6.635727982556e+00,8.957618772059e-02
-2.393774172107e+00,1.010727513824e+01,4.980510238501e-02
-2.393729010302e+00,9.142403808676e+00,8.234073592196e-02
-2.393671061506e+00,1.692356283063e+00,8.958440686876e-02
-2.393644105658e+00,1.031459931839e+01,1.009087559239e-02
-2.393610160435e+00,3.141474017846e+00,8.958571862686e-02
-2.393581656814e+00,4.493983903650e+00,8.958702995306e-02
-2.393296324121e+00,5.620344647209e+00,8.958057596579e-02
-2.392452055508e+00,2.207598144318e+00,8.958117634260e-02
-2.392423225055e+00,8.335680328632e+00,8.786311587513e-02
-2.392410156852e+00,2.690637389245e+00,8.958154728632e-02
-2.392395805547e+00,8.924717479890e+00,8.437603036613e-02
-2.392395463873e+00,1.209317038136e+00,8.957996720795e-02
-2.392322553580e+00,5.819393462112e+00,8.957640121905e-02
-2.392293962088e+00,3.624513262776e+00,8.958215566827e-02
-2.392262862581e+00,4.075349891377e+00,8.958252652084e-02
-2.391937542404e+00,9.900204747368e+00,6.479585691582e-02
-2.391908941130e+00,8.150828089899e+00,8.860237677568e-02
-2.391846005170e+00,1.724558899391e+00,8.957880312116e-02
-2.391720309200e+00,3.173676634175e+00,8.957991651148e-02
-2.391666917368e+00,7.326031143785e+00,8.956567048205e-02
-2.391630707520e+00,8.521415429064e+00,8.698431310337e-02
-2.391627010679e+00,4.526186519978e+00,8.958102959086e-02
-2.391599666569e+00,4.619494900763e+00,8.958094382938e-02
-2.391523931868e+00,5.424241750616e+00,8.957615348979e-02
-2.391177021209e+00,7.477840716458e+00,8.956336203671e-02
-2.391094550675e+00,7.175047927179e+00,8.956476139030e-02
-2.390701689092e+00,6.755331279059e+00,8.956593857520e-02
-2.390605400872e+00,2.239800760647e+00,8.957550123473e-02
-2.390592005836e+00,1.241519654464e+00,8.957442404269e-02
-2.390541903915e+00,2.722840005574e+00,8.957580589906e-02
-2.390382512552e+00,3.656715879105e+00,8.957628155925e-02
-2.390329814745e+00,4.107552507706e+00,8.957658616397e-02
-2.390094473279e+00,7.966881529990e+00,8.923436473408e-02
-2.390020948833e+00,1.756761515720e+00,8.957319148445e-02
-2.390005439434e+00,6.253596153439e+00,8.956669952096e-02
-2.389830457963e+00,3.205879250503e+00,8.957410593705e-02
-2.389688284102e+00,6.137052272326e+00,8.956644694128e-02
-2.389672364543e+00,4.558389136307e+00,8.957502018001e-02
-2.389618867925e+00,7.630457777989e+00,8.955766397271e-02
-2.389524912575e+00,8.708010532209e+00,8.592550335724e-02
-2.389507150426e+00,6.370902200775e+00,8.956444163662e-02
-2.389466032186e+00,7.024909895394e+00,8.956067947205e-02
-2.389263739586e+00,4.986871578231e+00,8.957174932847e-02
-2.389088893710e+00,5.067621024761e+00,8.957061755949e-02
-2.388896038104e+00,5.705936323580e+00,8.956636242449e-02
-2.388881408025e+00,4.906825591150e+00,8.957089256762e-02
-2.388788547799e+00,1.273722270792e+00,8.956887316211e-02
-2.388758746236e+00,2.272003376975e+00,8.956981803859e-02
-2.388747884008e+00,9.511064637848e+00,7.699610775352e-02
-2.388673650979e+00,2.755042621902e+00,8.957005623307e-02
-2.388561227718e+00,6.021285389246e+00,8.956351020923e-02
-2.388471063016e+00,3.688918495433e+00,8.957039878353e-02
-2.388396766910e+00,4.139755124035e+00,8.957063694334e-02
-2.388396182007e+00,5.508459355747e+00,8.956594614511e-02
-2.388351946577e+00,5.149063127032e+00,8.956795077401e-02
-2.388195892497e+00,1.788964132048e+00,8.956757194168e-02
-2.388187965849e+00,6.488955547836e+00,8.955975706420e-02
-2.388136733321e+00,9.693402417398e+00,7.265939629444e-02
-2.387946889825e+00,4.827493836299e+00,8.956858050490e-02
-2.387940606728e+00,3.238081866832e+00,8.956828688470e-02
-2.387757319230e+00,1.008300122391e+01,5.238105696533e-02
-2.387746441076e+00,1.029029601017e+01,1.829876449531e-02
-2.387717718408e+00,4.590591752636e+00,8.956900169968e-02
-2.387637339753e+00,9.328959961589e+00,8.005283459757e-02
-2.387538652965e+00,9.113046457557e+00,8.267000286998e-02
-2.387048041510e+00,5.231187050803e+00,8.956337777265e-02
-2.386986580273e+00,7.783863423375e+00,8.954851284584e-02
-2.386985089762e+00,1.305924887121e+00,8.956331454983e-02
-2.386912091599e+00,2.304205993303e+00,8.956412673656e-02
-2.386805398043e+00,2.787245238231e+00,8.956429827009e-02
-2.386787589483e+00,6.875635838055e+00,8.955313241171e-02
-2.386629905484e+00,5.906310300763e+00,8.955826460628e-02
-2.386559613481e+00,3.721121111762e+00,8.956450732157e-02
-2.386465242576e+00,4.748887055137e+00,8.956431338392e-02
-2.386463719074e+00,4.171957740363e+00,8.956467883875e-02
-2.386370836160e+00,1.821166748377e+00,8.956194447582e-02
-2.386099506009e+00,8.895442738066e+00,8.462379067227e-02
-2.386050755492e+00,3.270284483161e+00,8.956245933556e-02
-2.386042526723e+00,6.607741293980e+00,8.955239753499e-02
-2.385811449683e+00,8.306660972462e+00,8.799643255780e-02
-2.385801647284e+00,9.875960810100e+00,6.603729232624e-02
-2.385192810279e+00,8.121896375375e+00,8.871604564163e-02
-2.385181631726e+00,1.338127503449e+00,8.955774818938e-02
-2.385172389166e+00,5.313981931685e+00,8.955707369354e-02
-2.385123693098e+00,8.492309686549e+00,8.714341650799e-02
-2.385065436963e+00,2.336408609632e+00,8.955842731099e-02
-2.384937145107e+00,2.819447854559e+00,8.955853199185e-02
-2.384682196298e+00,5.593313938238e+00,8.955404775002e-02
-2.384648163945e+00,3.753323728091e+00,8.955860715379e-02
-2.384545779824e+00,1.853369364705e+00,8.955630906982e-02
-2.384530671238e+00,4.204160356692e+00,8.955871182994e-02
-2.384441590469e+00,4.671015957426e+00,8.955855240885e-02
-2.384435295428e+00,7.297556399461e+00,8.954333415234e-02
-2.384160904255e+00,3.302487099489e+00,8.955662327067e-02
-2.384047639904e+00,7.449272083069e+00,8.954129880432e-02
-2.383900044211e+00,5.792141767701e+00,8.955036949168e-02
-2.383761128503e+00,7.146668315396e+00,8.954214136801e-02
-2.383378173689e+00,1.370330119778e+00,8.955217406427e-02
-2.383274398263e+00,7.938038710512e+00,8.933245920553e-02
-2.383218782326e+00,2.368611225960e+00,8.955271974416e-02
-2.383123058719e+00,8.678819660527e+00,8.611808435215e-02
-2.383068892171e+00,2.851650470888e+00,8.955275738000e-02
-2.383065566493e+00,6.727244504965e+00,8.954235774064e-02
-2.382736714409e+00,3.785526344419e+00,8.955269826054e-02
-2.382720723487e+00,1.885571981034e+00,8.955066570656e-02
-2.382720267704e+00,5.397436875540e+00,8.954905815260e-02
-2.382597623403e+00,4.236362973020e+00,8.955273589657e-02
-2.382592161859e+00,7.601796501048e+00,8.953598670075e-02
-2.382374353924e+00,9.486882401314e+00,7.749619157574e-02
-2.382271053019e+00,3.334689715818e+00,8.955077867101e-02
-2.382031255976e+00,6.996626657562e+00,8.953770937082e-02
-2.381972232023e+00,6.225917109866e+00,8.954193293079e-02
-2.381881944851e+00,9.669189039641e+00,7.338661283202e-02
-2.381848776493e+00,1.026599270195e+01,2.510556377206e-02
-2.381740466353e+00,1.005872730957e+01,5.469538262763e-02
-2.381574715653e+00,1.402532736107e+00,8.954659215797e-02
-2.381572498867e+00,6.343119379673e+00,8.953991146460e-02
-2.381557007281e+00,6.109478232479e+00,8.954125556104e-02
-2.381372127690e+00,2.400813842289e+00,8.954700401832e-02
-2.381349264625e+00,9.302165355528e+00,8.045190237451e-02
-2.381348295627e+00,9.083689106438e+00,8.298543565427e-02
-2.381200639235e+00,2.883853087217e+00,8.954697441615e-02
-2.380895667151e+00,1.917774597362e+00,8.954501436888e-02
-2.380825264873e+00,3.817728960748e+00,8.954678062210e-02
-2.380664575567e+00,4.268565589349e+00,8.954675101827e-02
-2.380381201783e+00,3.366892332147e+00,8.954492551753e-02
-2.380377462070e+00,5.678794514623e+00,8.954005198167e-02
-2.380352350864e+00,6.461070177658e+00,8.953545743533e-02
-2.380332373638e+00,5.993817577044e+00,8.953806266952e-02
-2.380062978243e+00,7.755110750411e+00,8.952709322316e-02
-2.379995639276e+00,4.960652370133e+00,8.954301465561e-02
-2.379912583387e+00,5.041282283964e+00,8.954228654046e-02
-2.379803206471e+00,8.866167996242e+00,8.486244524203e-02
-2.379771257616e+00,1.434735352435e+00,8.954100245388e-02
-2.379687022926e+00,5.481540958883e+00,8.953899939118e-02
-2.379665752163e+00,9.851716872831e+00,6.718888920951e-02
-2.379525473054e+00,2.433016458617e+00,8.954128011565e-02
-2.379522077514e+00,4.880727110250e+00,8.954198420938e-02
-2.379332386298e+00,2.916055703545e+00,8.954118308184e-02
-2.379267980452e+00,5.122606050631e+00,8.953978638605e-02
-2.379251911207e+00,6.847450213493e+00,8.952975437626e-02
-2.379199674312e+00,8.277641616291e+00,8.812613938953e-02
-2.379070610814e+00,1.949977213691e+00,8.953935503958e-02
-2.378913815337e+00,3.849931577077e+00,8.954085421871e-02
-2.378731527731e+00,4.300768205678e+00,8.954075717459e-02
-2.378616678676e+00,8.463203944034e+00,8.729780642271e-02
-2.378496894457e+00,4.801517274475e+00,8.953925222343e-02
-2.378491350547e+00,3.399094948475e+00,8.953906379112e-02
-2.378476679427e+00,8.092964660852e+00,8.882686895345e-02
-2.378306423305e+00,6.579754605404e+00,8.952848548763e-02
-2.378303971993e+00,5.878949937817e+00,8.953254037722e-02
-2.378056968210e+00,5.204612838462e+00,8.953560132768e-02
-2.377967799579e+00,1.466937968764e+00,8.953540493536e-02
-2.377678818417e+00,2.465219074946e+00,8.953554801829e-02
-2.377464133362e+00,2.948258319874e+00,8.953538335859e-02
-2.377245554478e+00,1.982179830019e+00,8.953368770139e-02
-2.377203673488e+00,7.269081655136e+00,8.952088794667e-02
-2.377002365801e+00,3.882134193405e+00,8.953491903056e-02
-2.376925153243e+00,4.723033601621e+00,8.953480607904e-02
-2.376918258599e+00,7.420703449679e+00,8.951912774871e-02
-2.376798479896e+00,4.332970822006e+00,8.953475434501e-02
-2.376721204862e+00,8.649628788844e+00,8.630441428308e-02
-2.376601499311e+00,3.431297564804e+00,8.953319347259e-02
-2.376454323247e+00,7.909195891034e+00,8.942810536253e-02
-2.376427706331e+00,7.118288703613e+00,8.951940940308e-02
-2.376274751723e+00,5.287291785614e+00,8.952945549903e-02
-2.376164341543e+00,1.499140585092e+00,8.952979958575e-02
-2.376068068475e+00,5.566283229267e+00,8.952724879696e-02
-2.376000823841e+00,9.462700164780e+00,7.797270588059e-02
-2.375951111911e+00,1.024168939372e+01,3.084165929085e-02
-2.375832163781e+00,2.497421691274e+00,8.952980770833e-02
-2.375723613476e+00,1.003445339524e+01,5.678595760268e-02
-2.375627156381e+00,9.644975661884e+00,7.407291224740e-02
-2.375595880426e+00,2.980460936203e+00,8.952957522784e-02
-2.375565455794e+00,7.573135224108e+00,8.951408003420e-02
-2.375477534842e+00,5.764890073289e+00,8.952419540473e-02
-2.375429443894e+00,6.699157730870e+00,8.951865649257e-02
-2.375420498141e+00,2.014382446347e+00,8.952801233703e-02
-2.375326109481e+00,2.968750095005e-01,8.955819398993e-02
-2.375326109481e+00,4.218750135002e-01,8.953247402032e-02
-2.375326109481e+00,4.531250145001e-01,8.952924103363e-02
-2.375326109481e+00,5.781250185000e-01,8.952665174594e-02
-2.375326109481e+00,6.093750195000e-01,8.952665174594e-02
-2.375326109481e+00,8.593750275000e-01,8.952665174594e-02
-2.375326109481e+00,1.562500050003e-02,8.968734640292e-02
-2.375326109481e+00,4.687500150008e-02,8.966841369927e-02
-2.375326109481e+00,7.812500250012e-02,8.965057465045e-02
-2.375326109481e+00,1.093750035002e-01,8.963385349722e-02
-2.375326109481e+00,1.406250045003e-01,8.961827324705e-02
-2.375326109481e+00,1.718750055004e-01,8.960385558846e-02
-2.375326109481e+00,2.031250065004e-01,8.959062080883e-02
-2.375326109481e+00,2.656250085005e-01,8.956777356531e-02
-2.375326109481e+00,3.281250105004e-01,8.954986293923e-02
-2.375326109481e+00,3.593750115003e-01,8.954279262151e-02
-2.375326109481e+00,3.906250125003e-01,8.953699345411e-02
-2.375326109481e+00,4.843750155000e-01,8.952729930966e-02
-2.375326109481e+00,6.406250205000e-01,8.952665174594e-02
-2.375326109481e+00,6.718750215000e-01,8.952665174594e-02
-2.375326109481e+00,7.031250225000e-01,8.952665174594e-02
-2.375326109481e+00,7.343750235000e-01,8.952665174594e-02
-2.375326109481e+00,7.968750254999e-01,8.952665174594e-02
-2.375326109481e+00,8.281250264999e-01,8.952665174594e-02
-2.375326109481e+00,8.906250285000e-01,8.952665174594e-02
-2.375326109481e+00,9.218750295000e-01,8.952665174594e-02
-2.375326109481e+00,9.531250305000e-01,8.952665174594e-02
-2.375326109481e+00,9.843750315000e-01,8.952665174594e-02
-2.375326109481e+00,2.343750075005e-01,8.957858771611e-02
-2.375326109481e+00,5.156250165000e-01,8.952665174594e-02
-2.375326109481e+00,7.656250244999e-01,8.952665174594e-02
-2.375326109481e+00,5.468750175000e-01,8.952665174594e-02
-2.375265231490e+00,9.272726657755e+00,8.086686152023e-02
-2.375157938289e+00,9.054331755319e+00,8.328787727721e-02
-2.375090916265e+00,3.914336809734e+00,8.952897503775e-02
-2.374865432060e+00,4.365173438335e+00,8.952874250897e-02
-2.374811983599e+00,4.645286798776e+00,8.952860859138e-02
-2.374711648075e+00,3.463500181132e+00,8.952731454273e-02
-2.374596479765e+00,6.968343419731e+00,8.951452728324e-02
-2.374435179612e+00,1.016101340164e+00,8.952387776643e-02
-2.374360883506e+00,1.531343201420e+00,8.952418638831e-02
-2.373985509145e+00,2.529624307603e+00,8.952405916780e-02
-2.373939024612e+00,6.198238066292e+00,8.951701125414e-02
-2.373916603540e+00,5.370632000464e+00,8.952170484937e-02
-2.373727627490e+00,3.012663552531e+00,8.952375867098e-02
-2.373637847308e+00,6.315336558571e+00,8.951525258867e-02
-2.373595441805e+00,2.046585062676e+00,8.952232892913e-02
-2.373529857042e+00,9.827472935562e+00,6.826003280640e-02
-2.373506906933e+00,8.836893254417e+00,8.509248158973e-02
-2.373425730460e+00,6.081904192631e+00,8.951592909049e-02
-2.373179466729e+00,3.946539426063e+00,8.952302222034e-02
-2.373139376213e+00,7.726358077446e+00,8.950557198644e-02
-2.372932384224e+00,4.397376054664e+00,8.952272164584e-02
-2.372821796839e+00,3.495702797461e+00,8.952142698224e-02
-2.372653319876e+00,1.048303956493e+00,8.951832404755e-02
-2.372587898940e+00,8.248622260121e+00,8.825238017199e-02
-2.372557425469e+00,1.563545817749e+00,8.951856532628e-02
-2.372516735879e+00,6.433184807479e+00,8.951103060916e-02
-2.372138854509e+00,2.561826923931e+00,8.951830237870e-02
-2.372109664254e+00,8.434098201519e+00,8.744768761243e-02
-2.372103519557e+00,5.966349764841e+00,8.951247856765e-02
-2.371859374553e+00,3.044866168860e+00,8.951793366934e-02
-2.371858886036e+00,5.651652705665e+00,8.951359782611e-02
-2.371770385468e+00,2.078787679004e+00,8.951663746029e-02
-2.371760548576e+00,8.064032946328e+00,8.893495233798e-02
-2.371716232930e+00,6.819264588931e+00,8.950625740203e-02
-2.371268017194e+00,3.978742042391e+00,8.951706055835e-02
-2.370999336389e+00,4.429578670992e+00,8.951669173493e-02
-2.370977863846e+00,5.454622562019e+00,8.951190304073e-02
-2.370931945603e+00,3.527905413790e+00,8.951553077179e-02
-2.370871460139e+00,1.080506572821e+00,8.951276263532e-02
-2.370753967433e+00,1.595748434078e+00,8.951293638283e-02
-2.370736273064e+00,5.014943543166e+00,8.951379497866e-02
-2.370727538967e+00,4.934433162034e+00,8.951411440512e-02
-2.370570319887e+00,6.551767916828e+00,8.950431684829e-02
-2.370319351005e+00,8.620437917161e+00,8.648478912335e-02
-2.370292199872e+00,2.594029540260e+00,8.951253732295e-02
-2.370184014326e+00,5.096148974229e+00,8.951146139557e-02
-2.370162747003e+00,4.854628629350e+00,8.951291056466e-02
-2.370053447329e+00,1.021738608550e+01,3.574113148736e-02
-2.369991121617e+00,3.077068785189e+00,8.951210020422e-02
-2.369978038501e+00,5.851589574870e+00,8.950650052938e-02
-2.369972051548e+00,7.240606910811e+00,8.949833119258e-02
-2.369945329132e+00,2.110990295333e+00,8.951093791307e-02
-2.369788877294e+00,7.392134816289e+00,8.949684820549e-02
-2.369706760599e+00,1.001017948091e+01,5.868368522878e-02
-2.369634248230e+00,7.880353071556e+00,8.949354667444e-02
-2.369627293758e+00,9.438517928246e+00,7.842726943421e-02
-2.369372367912e+00,9.620762284127e+00,7.472163886387e-02
-2.369356567658e+00,4.010944658720e+00,8.951109003170e-02
-2.369181198355e+00,9.243287959983e+00,8.126222189017e-02
-2.369094284160e+00,7.089909091830e+00,8.949656481661e-02
-2.369089600402e+00,1.112709189150e+00,8.950719351348e-02
-2.369066288553e+00,4.461781287321e+00,8.951065275548e-02
-2.369065894910e+00,5.178038626122e+00,8.950761014692e-02
-2.369046899089e+00,4.775540712652e+00,8.950975354836e-02
-2.369042094367e+00,3.560108030119e+00,8.950962589198e-02
-2.368967580951e+00,9.024974404200e+00,8.357810425956e-02
-2.368950509396e+00,1.627951050406e+00,8.950729954110e-02
-2.368538749728e+00,7.544473947167e+00,8.949206691927e-02
-2.368445545236e+00,2.626232156588e+00,8.950676398244e-02
-2.368122868681e+00,3.109271401517e+00,8.950625825685e-02
-2.368120272795e+00,2.143192911661e+00,8.950523026996e-02
-2.367793321295e+00,6.671070956775e+00,8.949483409650e-02
-2.367453940652e+00,5.539252520296e+00,8.950030066085e-02
-2.367445118122e+00,4.043147275049e+00,8.950511062028e-02
-2.367393961921e+00,9.803228998293e+00,6.925884534633e-02
-2.367385063910e+00,4.697180148105e+00,8.950512897161e-02
-2.367377114279e+00,5.260601639543e+00,8.950168176276e-02
-2.367307740665e+00,1.144911805478e+00,8.950161666570e-02
-2.367210607394e+00,8.807618512593e+00,8.531433838381e-02
-2.367161703555e+00,6.940060181899e+00,8.949122774848e-02
-2.367152243131e+00,3.592310646447e+00,8.950371232334e-02
-2.367147051359e+00,1.660153666735e+00,8.950165478418e-02
-2.367133240717e+00,4.493983903650e+00,8.950460468668e-02
-2.367055025473e+00,5.737638378878e+00,8.949787810723e-02
-2.366598890600e+00,2.658434772917e+00,8.950098233899e-02
-2.366295216459e+00,2.175395527990e+00,8.949951451342e-02
-2.366254615745e+00,3.141474017846e+00,8.950040780841e-02
-2.366215774183e+00,7.697605404481e+00,8.948393409013e-02
-2.365976123568e+00,8.219602903951e+00,8.837529133800e-02
-2.365905817201e+00,6.170559022718e+00,8.949180267356e-02
-2.365703195749e+00,6.287553737469e+00,8.949046422778e-02
-2.365602649832e+00,8.404992459004e+00,8.759325334439e-02
-2.365533668586e+00,4.075349891377e+00,8.949912230392e-02
-2.365525880928e+00,1.177114421807e+00,8.949603207565e-02
-2.365343593323e+00,1.692356283063e+00,8.949600209510e-02
-2.365294453639e+00,6.054330152784e+00,8.949046670340e-02
-2.365262391895e+00,3.624513262776e+00,8.949779004639e-02
-2.365200192881e+00,4.526186519978e+00,8.949854750766e-02
-2.365182376728e+00,4.619557640125e+00,8.949848981949e-02
-2.365112939376e+00,5.343827125388e+00,8.949408988723e-02
-2.365044417725e+00,8.035101231805e+00,8.904039638665e-02
-2.364752235963e+00,2.690637389245e+00,8.949519237439e-02
-2.364681120895e+00,6.405299437301e+00,8.948647579978e-02
-2.364470160122e+00,2.207598144318e+00,8.949379062583e-02
-2.364386362809e+00,3.173676634175e+00,8.949454884001e-02
-2.364180554654e+00,6.791078964369e+00,8.948264075479e-02
-2.364155782746e+00,1.019308277728e+01,3.997446245855e-02
-2.363917497148e+00,8.591247045478e+00,8.665948672968e-02
-2.363874665477e+00,5.938881952638e+00,8.948675708959e-02
-2.363744021192e+00,1.209317038136e+00,8.949043972692e-02
-2.363689907722e+00,9.985905566580e+00,6.041402875310e-02
-2.363622219050e+00,4.107552507706e+00,8.949312506237e-02
-2.363540135286e+00,1.724558899391e+00,8.949034145686e-02
-2.363372540659e+00,3.656715879105e+00,8.949185904154e-02
-2.363340310002e+00,5.624510896708e+00,8.948694942177e-02
-2.363267145046e+00,4.558389136307e+00,8.949248119746e-02
-2.363253763674e+00,9.414335691713e+00,7.886135624307e-02
-2.363117579442e+00,9.596548906370e+00,7.533578240991e-02
-2.363097165220e+00,9.213849262210e+00,8.163948360185e-02
-2.362905581327e+00,2.722840005574e+00,8.948939407037e-02
-2.362834216469e+00,6.523781228252e+00,8.947998937335e-02
-2.362814173214e+00,7.851510252078e+00,8.947216253595e-02
-2.362777223613e+00,8.995617053081e+00,8.385683302210e-02
-2.362740429608e+00,7.212132166487e+00,8.947566321477e-02
-2.362659495989e+00,7.363566182899e+00,8.947445950717e-02
-2.362645103786e+00,2.239800760647e+00,8.948805858957e-02
-2.362518109873e+00,3.205879250503e+00,8.948868133274e-02
-2.362268704765e+00,5.427704165155e+00,8.948465623977e-02
-2.361962161455e+00,1.241519654464e+00,8.948483960306e-02
-2.361760861988e+00,7.061529480046e+00,8.947350409291e-02
-2.361736677249e+00,1.756761515720e+00,8.948467285240e-02
-2.361710769514e+00,4.139755124035e+00,8.948711887535e-02
-2.361652105009e+00,5.824229211924e+00,8.948031806623e-02
-2.361559962740e+00,4.988604802368e+00,8.948499683190e-02
-2.361512043662e+00,7.515812670227e+00,8.946994669763e-02
-2.361482689423e+00,3.688918495433e+00,8.948591928916e-02
-2.361459438658e+00,4.908213953935e+00,8.948504769700e-02
-2.361334097210e+00,4.590591752636e+00,8.948640573509e-02
-2.361258066800e+00,9.778985061024e+00,7.019239159861e-02
-2.361100048201e+00,5.069691897828e+00,8.948297492171e-02
-2.361058926691e+00,2.755042621902e+00,8.948358740860e-02
-2.360914307856e+00,8.778343770769e+00,8.552783074924e-02
-2.360820047449e+00,2.272003376975e+00,8.948231838693e-02
-2.360803416492e+00,4.828530148450e+00,8.948354891264e-02
-2.360649856936e+00,3.238081866832e+00,8.948280526759e-02
-2.360180301718e+00,1.273722270792e+00,8.947923168758e-02
-2.360157198697e+00,6.642984182680e+00,8.947088981567e-02
-2.360074821610e+00,5.151464413781e+00,8.947929184761e-02
-2.359933219213e+00,1.788964132048e+00,8.947899626463e-02
-2.359799319978e+00,4.171957740363e+00,8.948110372249e-02
-2.359726927344e+00,6.911776944068e+00,8.946781003439e-02
-2.359596903721e+00,4.749564150828e+00,8.948008361486e-02
-2.359592838187e+00,3.721121111762e+00,8.947997076959e-02
-2.359364348197e+00,8.190583547781e+00,8.849500241355e-02
-2.359292172153e+00,7.668852731517e+00,8.946207141932e-02
-2.359212272054e+00,2.787245238231e+00,8.947777237070e-02
-2.359095635410e+00,8.375886716489e+00,8.773468617948e-02
-2.358994991113e+00,2.304205993303e+00,8.947657000016e-02
-2.358839812830e+00,5.512221811325e+00,8.947320245954e-02
-2.358781604000e+00,3.270284483161e+00,8.947692062553e-02
-2.358632516105e+00,5.710386684466e+00,8.947141674844e-02
-2.358479476835e+00,5.233911493472e+00,8.947375161419e-02
-2.358398441981e+00,1.305924887121e+00,8.947361596395e-02
-2.358328286873e+00,8.006169517282e+00,8.914329694973e-02
-2.358258118164e+00,1.016877946905e+01,4.366876134421e-02
-2.358129761176e+00,1.821166748377e+00,8.947331167639e-02
-2.357887870443e+00,4.204160356692e+00,8.947507958338e-02
-2.357872609790e+00,6.142879979144e+00,8.946645888291e-02
-2.357844974577e+00,4.671326694590e+00,8.947505868608e-02
-2.357768544190e+00,6.259770916367e+00,8.946554559935e-02
-2.357702986951e+00,3.753323728091e+00,8.947401346308e-02
-2.357673054845e+00,9.961631652249e+00,6.199815794342e-02
-2.357515643292e+00,8.562056173796e+00,8.682876819745e-02
-2.357365617418e+00,2.819447854559e+00,8.947194893824e-02
-2.357169934776e+00,2.336408609632e+00,8.947081341147e-02
-2.357163176818e+00,6.026756112937e+00,8.946486757234e-02
-2.357013132085e+00,9.184410564438e+00,8.199984477894e-02
-2.356913351064e+00,3.302487099489e+00,8.947102738747e-02
-2.356880233591e+00,9.390153455179e+00,7.927631138406e-02
-2.356862790972e+00,9.572335528613e+00,7.591802380574e-02
-2.356845505910e+00,6.377414067123e+00,8.946179221914e-02
-2.356644876378e+00,6.762893339807e+00,8.945890369765e-02
-2.356616582244e+00,1.338127503449e+00,8.946799241559e-02
-2.356586866275e+00,8.966259701962e+00,8.412472555221e-02
-2.356326303139e+00,1.853369364705e+00,8.946761907049e-02
-2.356309275212e+00,5.317022250312e+00,8.946631875938e-02
-2.355994098198e+00,7.822667432600e+00,8.945067744338e-02
-2.355976420907e+00,4.236362973020e+00,8.946904643753e-02
-2.355813135715e+00,3.785526344419e+00,8.946804734982e-02
-2.355645811396e+00,5.911414140435e+00,8.946085890253e-02
-2.355530114684e+00,7.334997549510e+00,8.945196098318e-02
-2.355518962781e+00,2.851650470888e+00,8.946611709274e-02
-2.355508807668e+00,7.183657422162e+00,8.945288333509e-02
-2.355344878440e+00,2.368611225960e+00,8.946504860299e-02
-2.355122171680e+00,9.754741123755e+00,7.106684554590e-02
-2.355098113051e+00,6.495794539676e+00,8.945553467205e-02
-2.355045098128e+00,3.334689715818e+00,8.946512553426e-02
-2.354834722507e+00,1.370330119778e+00,8.946236102587e-02
-2.354821733967e+00,5.597369087750e+00,8.945999868202e-02
-2.354618008318e+00,8.749069028944e+00,8.573404283771e-02
-2.354522845103e+00,1.885571981034e+00,8.946191842967e-02
-2.354485337597e+00,7.487151393287e+00,8.944771870772e-02
-2.354427439816e+00,7.033149868263e+00,8.945027821684e-02
-2.354064971371e+00,4.268565589349e+00,8.946300426442e-02
-2.353923284479e+00,3.817728960748e+00,8.946207240997e-02
-2.353672308145e+00,2.883853087217e+00,8.946027681565e-02
-2.353559545685e+00,5.400785768291e+00,8.945722515304e-02
-2.353519822103e+00,2.400813842289e+00,8.945927555685e-02
-2.353326171517e+00,5.796868848977e+00,8.945399211859e-02
-2.353176845192e+00,3.366892332147e+00,8.945921504668e-02
-2.353052862771e+00,1.402532736107e+00,8.945672177812e-02
-2.352752572825e+00,8.161564191611e+00,8.861163644579e-02
-2.352719387066e+00,1.917774597362e+00,8.945620973665e-02
-2.352588620988e+00,8.346780973974e+00,8.787213081699e-02
-2.352521076098e+00,6.614897408585e+00,8.944671720814e-02
-2.352383652417e+00,4.962266061570e+00,8.945593874793e-02
-2.352368570123e+00,7.640100058552e+00,8.944010301059e-02
-2.352360453582e+00,1.014447616083e+01,4.692073284169e-02
-2.352292151134e+00,6.883493706236e+00,8.944427340584e-02
-2.352191338348e+00,4.881994745836e+00,8.945581365882e-02
-2.352153521835e+00,4.300768205678e+00,8.945695304344e-02
-2.352033433243e+00,3.849931577077e+00,8.945608862361e-02
-2.352016082075e+00,5.043234821426e+00,8.945432608916e-02
-2.351825653509e+00,2.916055703545e+00,8.945442808841e-02
-2.351694765767e+00,2.433016458617e+00,8.945349425508e-02
-2.351656201968e+00,9.937357737917e+00,6.345381742394e-02
-2.351612156022e+00,7.977237802758e+00,8.924374541045e-02
-2.351444085981e+00,4.802431667550e+00,8.945388889836e-02
-2.351308592256e+00,3.399094948475e+00,8.945329590546e-02
-2.351271003034e+00,1.434735352435e+00,8.945107465561e-02
-2.351113789435e+00,8.532865302113e+00,8.699287909711e-02
-2.351096587230e+00,1.035183817047e+01,6.608629170658e-06
-2.351083748310e+00,5.124890201441e+00,8.945081124077e-02
-2.350929098949e+00,9.154971866665e+00,8.234440116466e-02
-2.350915929030e+00,1.949977213691e+00,8.945049297408e-02
-2.350608002503e+00,9.548122150855e+00,7.647077403371e-02
-2.350506703508e+00,9.365971218645e+00,7.967316764203e-02
-2.350396508938e+00,8.936902350843e+00,8.438239444629e-02
-2.350242072299e+00,4.332970822006e+00,8.945089275393e-02
-2.350225685007e+00,5.485191102354e+00,8.944595331221e-02
-2.350210006736e+00,5.683134990055e+00,8.944481047805e-02
-2.350146908353e+00,4.723587589005e+00,8.945024156830e-02
-2.350143582007e+00,3.882134193405e+00,8.945009597076e-02
-2.349978998872e+00,2.948258319874e+00,8.944857089235e-02
-2.349869709430e+00,2.465219074946e+00,8.944770467968e-02
-2.349839402379e+00,6.115200935570e+00,8.944097904390e-02
-2.349833892631e+00,6.231988095265e+00,8.944039155980e-02
-2.349581839392e+00,5.207221347401e+00,8.944566418681e-02
-2.349489143297e+00,1.466937968764e+00,8.944541964158e-02
-2.349440339319e+00,3.431297564804e+00,8.944736809131e-02
-2.349174023182e+00,7.793824613121e+00,8.942905547926e-02
-2.349112470993e+00,1.982179830019e+00,8.944476812457e-02
-2.349109198101e+00,6.734707715245e+00,8.943504549118e-02
-2.349031899997e+00,5.999182073090e+00,8.943913086881e-02
-2.349009890925e+00,6.349528696944e+00,8.943697907721e-02
-2.348986276559e+00,9.730497186487e+00,7.188762649633e-02
-2.348400733378e+00,7.306428916120e+00,8.942935195996e-02
-2.348330622763e+00,4.365173438335e+00,8.944482337517e-02
-2.348321708780e+00,8.719794287120e+00,8.593333591093e-02
-2.348304885244e+00,4.645473241074e+00,8.944477351655e-02
-2.348277185727e+00,7.155182677837e+00,8.942997814684e-02
-2.348253730771e+00,3.914336809734e+00,8.944409443140e-02
-2.348132344236e+00,2.980460936203e+00,8.944270520878e-02
-2.348044653094e+00,2.497421691274e+00,8.944190681261e-02
-2.347707283560e+00,1.499140585092e+00,8.943975671922e-02
-2.347572086383e+00,3.463500181132e+00,8.944143158483e-02
-2.347505611048e+00,5.290217375236e+00,8.943839056195e-02
-2.347458631531e+00,7.458490116346e+00,8.942538228474e-02
-2.347416957316e+00,5.883946328232e+00,8.943466594850e-02
-2.347362009633e+00,6.467807851100e+00,8.943095195116e-02
-2.347309012956e+00,2.014382446347e+00,8.943903517068e-02
-2.347094017645e+00,7.004770256479e+00,8.942693493340e-02
-2.346534277851e+00,2.968750095005e-01,8.946812268594e-02
-2.346534277851e+00,4.218750135002e-01,8.944149437363e-02
-2.346534277851e+00,4.531250145001e-01,8.943814675176e-02
-2.346534277851e+00,5.781250185000e-01,8.943546557945e-02
-2.346534277851e+00,8.593750275000e-01,8.943546557945e-02
-2.346534277851e+00,1.562500050003e-02,8.960173946337e-02
-2.346534277851e+00,4.687500150008e-02,8.958216235496e-02
-2.346534277851e+00,1.406250045003e-01,8.953029868888e-02
-2.346534277851e+00,1.718750055004e-01,8.951538104656e-02
-2.346534277851e+00,2.031250065004e-01,8.950168553461e-02
-2.346534277851e+00,2.656250085005e-01,8.947803893203e-02
-2.346534277851e+00,3.281250105004e-01,8.945949811708e-02
-2.346534277851e+00,3.593750115003e-01,8.945217816837e-02
-2.346534277851e+00,3.906250125003e-01,8.944617388618e-02
-2.346534277851e+00,4.843750155000e-01,8.943613612906e-02
-2.346534277851e+00,5.156250165000e-01,8.943546557945e-02
-2.346534277851e+00,6.093750195000e-01,8.943546557945e-02
-2.346534277851e+00,6.406250205000e-01,8.943546557945e-02
-2.346534277851e+00,7.031250225000e-01,8.943546557945e-02
-2.346534277851e+00,7.343750235000e-01,8.943546557945e-02
-2.346534277851e+00,7.656250244999e-01,8.943546557945e-02
-2.346534277851e+00,8.281250264999e-01,8.943546557945e-02
-2.346534277851e+00,8.906250285000e-01,8.943546557945e-02
-2.346534277851e+00,9.531250305000e-01,8.943546557945e-02
-2.346534277851e+00,9.843750315000e-01,8.943546557945e-02
-2.346534277851e+00,7.812500250012e-02,8.956371298612e-02
-2.346534277851e+00,1.093750035002e-01,8.954641698551e-02
-2.346534277851e+00,5.468750175000e-01,8.943546557945e-02
-2.346534277851e+00,6.718750215000e-01,8.943546557945e-02
-2.346534277851e+00,7.968750254999e-01,8.943546557945e-02
-2.346534277851e+00,9.218750295000e-01,8.943546557945e-02
-2.346534277851e+00,2.343750075005e-01,8.948923207022e-02
-2.346462788999e+00,1.012017285261e+01,4.980525517218e-02
-2.346419173227e+00,4.397376054664e+00,8.943874488638e-02
-2.346363879535e+00,3.946539426063e+00,8.943808398543e-02
-2.346303157933e+00,5.570227278793e+00,8.943289747815e-02
-2.346285689600e+00,3.012663552531e+00,8.943683101896e-02
-2.346219596757e+00,2.529624307603e+00,8.943610063575e-02
-2.346140797453e+00,8.132544835441e+00,8.872531039992e-02
-2.346081606566e+00,8.317675231459e+00,8.800547791772e-02
-2.345925423823e+00,1.531343201420e+00,8.943408587167e-02
-2.345703833447e+00,3.495702797461e+00,8.943548636660e-02
-2.345654147132e+00,1.016101340164e+00,8.943266275917e-02
-2.345639349091e+00,9.913083823585e+00,6.479599246370e-02
-2.345505554919e+00,2.046585062676e+00,8.943329409492e-02
-2.345444968092e+00,7.611347385587e+00,8.941802820912e-02
-2.345318254141e+00,1.032750605224e+01,1.009093256844e-02
-2.345000238025e+00,5.769508486031e+00,8.942752181681e-02
-2.344896025171e+00,7.948306088235e+00,8.934182894026e-02
-2.344884953499e+00,6.586810634490e+00,8.942235836495e-02
-2.344857374923e+00,6.855210468404e+00,8.942061712480e-02
-2.344850386605e+00,5.373867371426e+00,8.942945617938e-02
-2.344845065814e+00,9.125533168892e+00,8.267415672804e-02
-2.344711935578e+00,8.503674430430e+00,8.715205060367e-02
-2.344507723692e+00,4.429578670992e+00,8.943265726670e-02
-2.344474028299e+00,3.978742042391e+00,8.943206461271e-02
-2.344439034964e+00,3.044866168860e+00,8.943094830408e-02
-2.344394540421e+00,2.561826923931e+00,8.943028613096e-02
-2.344353214033e+00,9.523908773098e+00,7.699620728185e-02
-2.344206151600e+00,8.907544999724e+00,8.463040740605e-02
-2.344143564087e+00,1.563545817749e+00,8.942840708201e-02
-2.344133173424e+00,9.341788982111e+00,8.005275320501e-02
-2.343893885695e+00,1.048303956493e+00,8.942705130130e-02
-2.343835580511e+00,3.527905413790e+00,8.942953241713e-02
-2.343702096883e+00,2.078787679004e+00,8.942754487974e-02
-2.343207342094e+00,4.935927320772e+00,8.942671225261e-02
-2.342932115950e+00,5.016777745025e+00,8.942551402866e-02
-2.342923238039e+00,4.855775537738e+00,8.942641142634e-02
-2.342850381438e+00,9.706253249218e+00,7.265951097816e-02
-2.342596274156e+00,4.461781287321e+00,8.942656049524e-02
-2.342592380327e+00,3.077068785189e+00,8.942505704528e-02
-2.342584177063e+00,4.010944658720e+00,8.942603629302e-02
-2.342569484084e+00,2.594029540260e+00,8.942446328002e-02
-2.342361704350e+00,1.595748434078e+00,8.942272033331e-02
-2.342353948166e+00,7.764981793643e+00,8.940723122248e-02
-2.342133624258e+00,1.080506572821e+00,8.942143207336e-02
-2.342092675010e+00,5.098315989100e+00,8.942216740970e-02
-2.342084755470e+00,4.776333186650e+00,8.942405542226e-02
-2.342025409242e+00,8.690519545295e+00,8.612604806497e-02
-2.341967327575e+00,3.560108030119e+00,8.942356971687e-02
-2.341899241072e+00,6.204205274163e+00,8.941502757671e-02
-2.341898638846e+00,2.110990295333e+00,8.942178750757e-02
-2.341806194968e+00,6.087521891997e+00,8.941536231656e-02
-2.341787497367e+00,5.655883295643e+00,8.941803273381e-02
-2.341611557184e+00,5.458160393384e+00,8.941855233965e-02
-2.341573519825e+00,6.706522090683e+00,8.941106539342e-02
-2.341271352073e+00,7.277860282730e+00,8.940663176090e-02
-2.341174275940e+00,6.321643326766e+00,8.941203558201e-02
-2.341045563788e+00,7.126707933513e+00,8.940682087167e-02
-2.340900623175e+00,5.971608033242e+00,8.941325576344e-02
-2.340745725691e+00,3.109271401517e+00,8.941915722364e-02
-2.340744427748e+00,2.626232156588e+00,8.941863206469e-02
-2.340696912985e+00,4.697611027182e+00,8.942022656487e-02
-2.340694325827e+00,4.043147275049e+00,8.941999900609e-02
-2.340684824620e+00,4.493983903650e+00,8.942045455102e-02
-2.340684201948e+00,5.180531201330e+00,8.941724979925e-02
-2.340579844613e+00,1.627951050406e+00,8.941702560856e-02
-2.340565124417e+00,1.009586954438e+01,5.238120905218e-02
-2.340431925465e+00,7.429828839406e+00,8.940293676072e-02
-2.340373362821e+00,1.112709189150e+00,8.941580505896e-02
-2.340099074638e+00,3.592310646447e+00,8.941759824623e-02
-2.340095180810e+00,2.143192911661e+00,8.941602196077e-02
-2.339760595473e+00,6.976390644696e+00,8.940347350766e-02
-2.339625906215e+00,6.439821162524e+00,8.940624041502e-02
-2.339622496214e+00,9.888809909253e+00,6.603742527542e-02
-2.339574592144e+00,8.288569488944e+00,8.813520997430e-02
-2.339539921052e+00,1.030317393401e+01,1.829885817418e-02
-2.339529022082e+00,8.103525479271e+00,8.883613552742e-02
-2.339188103235e+00,5.856478516029e+00,8.940832928522e-02
-2.338919371411e+00,2.658434772917e+00,8.941279246663e-02
-2.338899071055e+00,3.141474017846e+00,8.941324882021e-02
-2.338804474591e+00,4.075349891377e+00,8.941395273161e-02
-2.338797984876e+00,1.660153666735e+00,8.941132289070e-02
-2.338773375084e+00,4.526186519978e+00,8.941433941301e-02
-2.338764795911e+00,4.619619787558e+00,8.941431006381e-02
-2.338761032679e+00,9.096094471119e+00,8.299003299346e-02
-2.338701946883e+00,5.263412500160e+00,8.941030439390e-02
-2.338613101384e+00,1.144911805478e+00,8.941017024166e-02
-2.338521366062e+00,7.582594712623e+00,8.939584635674e-02
-2.338310081722e+00,8.474483558747e+00,8.730650052970e-02
-2.338291722773e+00,2.175395527990e+00,8.941024822164e-02
-2.338230821702e+00,3.624513262776e+00,8.941161798554e-02
-2.338179894320e+00,7.919374373712e+00,8.939286966630e-02
-2.338098425563e+00,9.499695395341e+00,7.749628932091e-02
-2.338015794262e+00,8.878187648605e+00,8.486929125557e-02
-2.337957741973e+00,9.314938473835e+00,8.045224978943e-02
-2.337784581899e+00,5.543085469835e+00,8.940564490484e-02
-2.337422598713e+00,6.826927230573e+00,8.939684045040e-02
-2.337248830901e+00,6.558723860395e+00,8.939787228517e-02
-2.337094315075e+00,2.690637389245e+00,8.940694446751e-02
-2.337052416418e+00,3.173676634175e+00,8.940733181595e-02
-2.337016125139e+00,1.692356283063e+00,8.940561216266e-02
-2.336914623355e+00,4.107552507706e+00,8.940789744917e-02
-2.336861925548e+00,4.558389136307e+00,8.940821506011e-02
-2.336852839947e+00,1.177114421807e+00,8.940452760497e-02
-2.336714486317e+00,9.682009311949e+00,7.338672529924e-02
-2.336674304533e+00,5.742148123084e+00,8.940090629099e-02
-2.336488264736e+00,2.207598144318e+00,8.940446627246e-02
-2.336362568766e+00,3.656715879105e+00,8.940562891508e-02
-2.336141227524e+00,5.346948974562e+00,8.940152956862e-02
-2.335729109703e+00,8.661244803471e+00,8.631249604239e-02
-2.335533873150e+00,7.736138974165e+00,8.938530193303e-02
-2.335269258738e+00,2.722840005574e+00,8.940108804890e-02
-2.335234265402e+00,1.724558899391e+00,8.939989340728e-02
-2.335205761782e+00,3.205879250503e+00,8.940140619180e-02
-2.335092578510e+00,1.209317038136e+00,8.939887713236e-02
-2.335024772119e+00,4.139755124035e+00,8.940183313833e-02
-2.334950476012e+00,4.590591752636e+00,8.940208147117e-02
-2.334684806700e+00,2.239800760647e+00,8.939867609543e-02
-2.334667459834e+00,1.007156623616e+01,5.469553336102e-02
-2.334494315830e+00,3.688918495433e+00,8.939963101509e-02
-2.334141970768e+00,7.249291649341e+00,8.938379970646e-02
-2.334037841549e+00,6.678336466121e+00,8.938687274265e-02
-2.334031031771e+00,4.909588579974e+00,8.939731643035e-02
-2.333964589513e+00,6.176422453061e+00,8.938952744600e-02
-2.333848149824e+00,4.990320668623e+00,8.939631364428e-02
-2.333813941847e+00,7.098233189188e+00,8.938354696965e-02
-2.333772987557e+00,6.059842848423e+00,8.938960785937e-02
-2.333761587962e+00,1.027884181577e+01,2.510568132572e-02
-2.333655137730e+00,4.829556329639e+00,8.939667074065e-02
-2.333605643337e+00,9.864535994922e+00,6.718901957122e-02
-2.333452405666e+00,1.756761515720e+00,8.939416660737e-02
-2.333444202402e+00,2.755042621902e+00,8.939522319232e-02
-2.333405219400e+00,7.401167562466e+00,8.938038146448e-02
-2.333364987998e+00,5.628631601232e+00,8.939092707080e-02
-2.333359107145e+00,3.238081866832e+00,8.939547192862e-02
-2.333338660956e+00,6.293757956588e+00,8.938694699757e-02
-2.333332317074e+00,1.241519654464e+00,8.939321880726e-02
-2.333134920883e+00,4.171957740363e+00,8.939575977858e-02
-2.333101601710e+00,5.071741776760e+00,8.939335944234e-02
-2.333067577722e+00,8.259463746428e+00,8.826147118592e-02
-2.332997429361e+00,5.431129684413e+00,8.939099866450e-02
-2.332917246710e+00,8.074506123101e+00,8.894421770808e-02
-2.332881348663e+00,2.272003376975e+00,8.939287767271e-02
-2.332769346354e+00,5.944033993395e+00,8.938717186290e-02
-2.332725424959e+00,4.750234705750e+00,8.939404757906e-02
-2.332676999544e+00,9.066655773347e+00,8.329287726668e-02
-2.332626062894e+00,3.721121111762e+00,8.939362426573e-02
-2.332427173301e+00,6.948011032913e+00,8.937989320154e-02
-2.331980409156e+00,9.285419693816e+00,8.086799875097e-02
-2.331908227865e+00,8.445292687065e+00,8.745643427132e-02
-2.331889802797e+00,6.411834473948e+00,8.938139926560e-02
-2.331843637093e+00,9.475482017584e+00,7.797280189622e-02
-2.331825436924e+00,8.848830297486e+00,8.509953553762e-02
-2.331786564505e+00,5.153841055259e+00,8.938861145736e-02
-2.331670545929e+00,1.788964132048e+00,8.938843174569e-02
-2.331619146065e+00,2.787245238231e+00,8.938934987927e-02
-2.331597764032e+00,7.553842039658e+00,8.937355679194e-02
-2.331572055637e+00,1.273722270792e+00,8.938755261303e-02
-2.331512452509e+00,3.270284483161e+00,8.938952900722e-02
-2.331463763468e+00,7.890442659188e+00,8.937123933055e-02
-2.331246917617e+00,4.671634465358e+00,8.938979632091e-02
-2.331245069647e+00,4.204160356692e+00,8.938967734935e-02
-2.331077890626e+00,2.304205993303e+00,8.938707098642e-02
-2.330959249155e+00,5.829010703827e+00,8.938184802588e-02
-2.330757809957e+00,3.753323728091e+00,8.938760864711e-02
-2.330578591197e+00,9.657765374681e+00,7.407302256004e-02
-2.329987822502e+00,6.798643992741e+00,8.937294263896e-02
-2.329898282719e+00,5.236607625084e+00,8.938205935746e-02
-2.329888686192e+00,1.821166748377e+00,8.938268880496e-02
-2.329811794200e+00,1.305924887121e+00,8.938187853300e-02
-2.329794089729e+00,2.819447854559e+00,8.938346809117e-02
-2.329665797873e+00,3.302487099489e+00,8.938357740836e-02
-2.329612708302e+00,6.530637086300e+00,8.937325816920e-02
-2.329432810165e+00,8.631970061646e+00,8.649297687838e-02
-2.329355218411e+00,4.236362973020e+00,8.938358583001e-02
-2.329274432590e+00,2.336408609632e+00,8.938125601863e-02
-2.329266005865e+00,5.515943660878e+00,8.937824005746e-02
-2.328889557021e+00,3.785526344419e+00,8.938158413927e-02
-2.328769795252e+00,1.004726292794e+01,5.678610652348e-02
-2.328713798134e+00,7.707296154687e+00,8.936326696007e-02
-2.328348371041e+00,5.714787760137e+00,8.937414467121e-02
-2.328106826455e+00,1.853369364705e+00,8.937693776785e-02
-2.328051532763e+00,1.338127503449e+00,8.937619655048e-02
-2.327983254873e+00,1.025450969754e+01,3.084179234186e-02
-2.327969033392e+00,2.851650470888e+00,8.937757780938e-02
-2.327819143236e+00,3.334689715818e+00,8.937761711274e-02
-2.327588790460e+00,9.840262080590e+00,6.826016060837e-02
-2.327470974553e+00,2.368611225960e+00,8.937543275134e-02
-2.327465367175e+00,4.268565589349e+00,8.937748519986e-02
-2.327432068444e+00,5.320030577698e+00,8.937344438811e-02
-2.327021304085e+00,3.817728960748e+00,8.937555072223e-02
-2.327012589463e+00,7.220723015951e+00,8.936076595401e-02
-2.326592966409e+00,9.037217075574e+00,8.358346990461e-02
-2.326582319907e+00,7.069758444864e+00,8.936015570701e-02
-2.326560563300e+00,8.230358003913e+00,8.838439835257e-02
-2.326502163272e+00,6.650150841558e+00,8.936247880479e-02
-2.326378513334e+00,7.372506285526e+00,8.935771572174e-02
-2.326324966718e+00,1.885571981034e+00,8.937117861696e-02
-2.326305471339e+00,8.045486766931e+00,8.904965776793e-02
-2.326291271326e+00,1.370330119778e+00,8.937050664868e-02
-2.326143977056e+00,2.883853087217e+00,8.937167901524e-02
-2.326029937954e+00,6.148639631959e+00,8.936389031647e-02
-2.326003076338e+00,9.255900913797e+00,8.126407332449e-02
-2.325972488600e+00,3.366892332147e+00,8.937164810100e-02
-2.325739780146e+00,6.032163804849e+00,8.936371482940e-02
-2.325667516516e+00,2.400813842289e+00,8.936960116650e-02
-2.325635079587e+00,8.819472946367e+00,8.532158319268e-02
-2.325588848624e+00,9.451268639827e+00,7.842736377222e-02
-2.325575515939e+00,4.300768205678e+00,8.937137543815e-02
-2.325506374008e+00,8.416101815382e+00,8.760204567548e-02
-2.325503045971e+00,6.265872586409e+00,8.936155972074e-02
-2.325153051149e+00,3.849931577077e+00,8.936950837591e-02
-2.325093751130e+00,6.919631421130e+00,8.935619327385e-02
-2.324942478630e+00,5.601379906820e+00,8.936366968116e-02
-2.324854721447e+00,4.883249839177e+00,8.936775037259e-02
-2.324764183699e+00,4.963863592221e+00,8.936692573900e-02
-2.324747632617e+00,7.861510944665e+00,8.934944773324e-02
-2.324674162002e+00,7.525089366693e+00,8.935115884991e-02
-2.324638069533e+00,5.916459953548e+00,8.936082215433e-02
-2.324543106982e+00,1.917774597362e+00,8.936541133488e-02
-2.324531009889e+00,1.402532736107e+00,8.936480881081e-02
-2.324442696076e+00,9.633521437412e+00,7.472174708368e-02
-2.324387037421e+00,4.803337121540e+00,8.936667261702e-02
-2.324383301538e+00,5.404098975442e+00,8.936311043707e-02
-2.324318920719e+00,2.916055703545e+00,8.936577169001e-02
-2.324153699379e+00,6.383847785372e+00,8.935642770258e-02
-2.324125833964e+00,3.399094948475e+00,8.936567035375e-02
-2.324110528409e+00,5.045167564419e+00,8.936438643169e-02
-2.323864058480e+00,2.433016458617e+00,8.936376124604e-02
-2.323685664703e+00,4.332970822006e+00,8.936525652407e-02
-2.323366094448e+00,4.724136224850e+00,8.936386447302e-02
-2.323284798213e+00,3.882134193405e+00,8.936345708018e-02
-2.323136510627e+00,8.602695319822e+00,8.666776939859e-02
-2.322888927061e+00,5.127150909187e+00,8.935980818574e-02
-2.322872130670e+00,1.002295961971e+01,5.868383201872e-02
-2.322770748452e+00,1.434735352435e+00,8.935910302001e-02
-2.322761247245e+00,1.949977213691e+00,8.935963590411e-02
-2.322730395075e+00,5.801542891624e+00,8.935522128282e-02
-2.322553046292e+00,6.770360754910e+00,8.934892294408e-02
-2.322493864383e+00,2.948258319874e+00,8.935985581489e-02
-2.322279179327e+00,3.431297564804e+00,8.935968385150e-02
-2.322204921784e+00,1.023017757930e+01,3.574127442629e-02
-2.322060600443e+00,2.465219074946e+00,8.935791297180e-02
-2.321976585703e+00,6.502550312206e+00,8.934851521465e-02
-2.321893723117e+00,7.678453335209e+00,8.934112564932e-02
-2.321796922249e+00,4.645657903535e+00,8.935916345123e-02
-2.321795813467e+00,4.365173438335e+00,8.935912843674e-02
-2.321571937583e+00,9.815988166258e+00,6.925897062822e-02
-2.321416545277e+00,3.914336809734e+00,8.935739681486e-02
-2.321094618555e+00,5.209802750008e+00,8.935360236156e-02
-2.321010487015e+00,1.466937968764e+00,8.935338925938e-02
-2.320979387508e+00,1.982179830019e+00,8.935385230713e-02
-2.320747429830e+00,5.488801851920e+00,8.935068203237e-02
-2.320668808046e+00,2.980460936203e+00,8.935393137105e-02
-2.320508933274e+00,9.007778377801e+00,8.386253075485e-02
-2.320432524691e+00,3.463500181132e+00,8.935368857474e-02
-2.320257142407e+00,2.497421691274e+00,8.935205632560e-02
-2.320053548878e+00,8.201252261398e+00,8.850412133960e-02
-2.320025743520e+00,9.226382133778e+00,8.164198146484e-02
-2.320022437550e+00,5.687427397191e+00,8.934722792046e-02
-2.319905962231e+00,4.397376054664e+00,8.935299115522e-02
-2.319883208158e+00,7.192154382561e+00,8.933755617235e-02
-2.319693695967e+00,8.016467410761e+00,8.915255177500e-02
-2.319548292340e+00,3.946539426063e+00,8.935132755971e-02
-2.319444722249e+00,8.790115595248e+00,8.553525052343e-02
-2.319351807268e+00,7.343845008586e+00,8.933493885507e-02
-2.319350697967e+00,7.041283700539e+00,8.933664634659e-02
-2.319334060154e+00,9.427055262070e+00,7.886144895369e-02
-2.319250225578e+00,1.499140585092e+00,8.934766751197e-02
-2.319197527771e+00,2.014382446347e+00,8.934806052635e-02
-2.319104520151e+00,8.386910943699e+00,8.774351783604e-02
-2.318966484996e+00,6.621965216996e+00,8.933795763658e-02
-2.318843751710e+00,3.012663552531e+00,8.934799833959e-02
-2.318722909363e+00,5.293112180834e+00,8.934519970730e-02
-2.318585870055e+00,3.495702797461e+00,8.934768450388e-02
-2.318453684370e+00,2.529624307603e+00,8.934619128919e-02
-2.318306800955e+00,9.609277500144e+00,7.533588859802e-02
-2.318095286395e+00,6.120856810857e+00,8.933811533489e-02
-2.318031501766e+00,7.832579230141e+00,8.932755180138e-02
-2.318016110995e+00,4.429578670992e+00,8.934684465851e-02
-2.317760328958e+00,6.891251809346e+00,8.933237298037e-02
-2.317750559972e+00,7.496336693729e+00,8.932865186255e-02
-2.317742446221e+00,1.562500050003e-02,8.951429636096e-02
-2.317742446221e+00,4.687500150008e-02,8.949404534530e-02
-2.317742446221e+00,1.406250045003e-01,8.944037859645e-02
-2.317742446221e+00,1.718750055004e-01,8.942493753166e-02
-2.317742446221e+00,2.031250065004e-01,8.941075958344e-02
-2.317742446221e+00,2.656250085005e-01,8.938627572676e-02
-2.317742446221e+00,2.968750095005e-01,8.937600675880e-02
-2.317742446221e+00,3.281250105004e-01,8.936707463419e-02
-2.317742446221e+00,3.593750115003e-01,8.935949308373e-02
-2.317742446221e+00,3.906250125003e-01,8.935327382866e-02
-2.317742446221e+00,4.218750135002e-01,8.934842652994e-02
-2.317742446221e+00,4.531250145001e-01,8.934495874604e-02
-2.317742446221e+00,4.843750155000e-01,8.934287589983e-02
-2.317742446221e+00,5.156250165000e-01,8.934218125463e-02
-2.317742446221e+00,5.468750175000e-01,8.934218125463e-02
-2.317742446221e+00,5.781250185000e-01,8.934218125463e-02
-2.317742446221e+00,6.718750215000e-01,8.934218125463e-02
-2.317742446221e+00,7.031250225000e-01,8.934218125463e-02
-2.317742446221e+00,7.343750235000e-01,8.934218125463e-02
-2.317742446221e+00,7.656250244999e-01,8.934218125463e-02
-2.317742446221e+00,7.968750254999e-01,8.934218125463e-02
-2.317742446221e+00,8.281250264999e-01,8.934218125463e-02
-2.317742446221e+00,8.593750275000e-01,8.934218125463e-02
-2.317742446221e+00,8.906250285000e-01,8.934218125463e-02
-2.317742446221e+00,9.218750295000e-01,8.934218125463e-02
-2.317742446221e+00,9.531250305000e-01,8.934218125463e-02
-2.317742446221e+00,9.843750315000e-01,8.934218125463e-02
-2.317742446221e+00,7.812500250012e-02,8.947495753108e-02
-2.317742446221e+00,1.093750035002e-01,8.945706002959e-02
-2.317742446221e+00,2.343750075005e-01,8.939786585672e-02
-2.317742446221e+00,6.093750195000e-01,8.934218125463e-02
-2.317742446221e+00,6.406250205000e-01,8.934218125463e-02
-2.317706572735e+00,6.004484761276e+00,8.933768238249e-02
-2.317680039404e+00,3.978742042391e+00,8.934524929442e-02
-2.317667430986e+00,6.237987216231e+00,8.933603622626e-02
-2.317489964141e+00,1.531343201420e+00,8.934193776078e-02
-2.317415668034e+00,2.046585062676e+00,8.934226054416e-02
-2.317018695373e+00,3.044866168860e+00,8.934205670157e-02
-2.316974466087e+00,9.998656311491e+00,6.041417319693e-02
-2.316873114652e+00,1.016101340164e+00,8.933934895878e-02
-2.316840211089e+00,8.573420577997e+00,8.683713558349e-02
-2.316739215418e+00,3.527905413790e+00,8.934167161929e-02
-2.316650226333e+00,2.561826923931e+00,8.934031784427e-02
-2.316519969261e+00,5.574128212409e+00,8.933625963710e-02
-2.316506792712e+00,5.888885913700e+00,8.933432765420e-02
-2.316426588695e+00,1.020584546107e+01,3.997461145470e-02
-2.316417595961e+00,6.355861096796e+00,8.933132492351e-02
-2.316126259759e+00,4.461781287321e+00,8.934068892554e-02
-2.315811786468e+00,4.010944658720e+00,8.933916199864e-02
-2.315769173716e+00,5.377068266471e+00,8.933502561617e-02
-2.315729702704e+00,1.563545817749e+00,8.933619998879e-02
-2.315680217573e+00,4.937406515820e+00,8.933736655460e-02
-2.315678411124e+00,4.856911098379e+00,8.933801317834e-02
-2.315633808298e+00,2.078787679004e+00,8.933645234287e-02
-2.315555084706e+00,9.791714251926e+00,7.019251440865e-02
-2.315193639037e+00,3.077068785189e+00,8.933610643798e-02
-2.315134451515e+00,1.048303956493e+00,8.933367849139e-02
-2.315119455109e+00,5.018593352079e+00,8.933518497464e-02
-2.315118937111e+00,4.777117913442e+00,8.933649792660e-02
-2.315118270081e+00,6.742077517079e+00,8.932469345094e-02
-2.315073648101e+00,7.649610515731e+00,8.931887734310e-02
-2.314892560782e+00,3.560108030119e+00,8.933564990127e-02
-2.314846768296e+00,2.594029540260e+00,8.933443597249e-02
-2.314501540994e+00,5.774075079421e+00,8.932844816762e-02
-2.314424900138e+00,8.978339680029e+00,8.413072487199e-02
-2.314340463104e+00,6.474463538111e+00,8.932364261645e-02
-2.314236408523e+00,4.493983903650e+00,8.933452393519e-02
-2.314048410702e+00,9.196863353759e+00,8.200292820394e-02
-2.314006763937e+00,4.698037743950e+00,8.933350521850e-02
-2.313991289617e+00,5.100460763116e+00,8.933083903673e-02
-2.313969441267e+00,1.595748434078e+00,8.933045417888e-02
-2.313943533532e+00,4.043147275049e+00,8.933306565194e-02
-2.313851948561e+00,2.110990295333e+00,8.933063590475e-02
-2.313546534456e+00,8.172146518883e+00,8.862076350807e-02
-2.313395788378e+00,1.080506572821e+00,8.932800017600e-02
-2.313368582700e+00,3.109271401517e+00,8.933014752975e-02
-2.313254364911e+00,8.760758244129e+00,8.574162084224e-02
-2.313081920595e+00,7.987448054591e+00,8.925299131468e-02
-2.313079271684e+00,9.402841884312e+00,7.927640251578e-02
-2.313045906146e+00,3.592310646447e+00,8.932961933007e-02
-2.313043310260e+00,2.626232156588e+00,8.932854565545e-02
-2.312753826853e+00,7.163585749171e+00,8.931422981756e-02
-2.312702666295e+00,8.357720072016e+00,8.788101734972e-02
-2.312346926881e+00,4.619681341712e+00,8.932834892982e-02
-2.312346557287e+00,4.526186519978e+00,8.932834966626e-02
-2.312325101203e+00,7.315183731645e+00,8.931201841287e-02
-2.312290954391e+00,5.182997874933e+00,8.932480398372e-02
-2.312228853796e+00,5.461660042963e+00,8.932296992718e-02
-2.312209179830e+00,1.627951050406e+00,8.932470031394e-02
-2.312170905834e+00,9.585033562875e+00,7.591812802221e-02
-2.312119076027e+00,7.012808956214e+00,8.931301814795e-02
-2.312075280596e+00,4.075349891377e+00,8.932696023384e-02
-2.312070088824e+00,2.143192911661e+00,8.932481121203e-02
-2.311696504058e+00,5.660067034244e+00,8.931996402210e-02
-2.311657125241e+00,1.112709189150e+00,8.932231399609e-02
-2.311543526364e+00,3.141474017846e+00,8.932417995778e-02
-2.311430806720e+00,6.593779592434e+00,8.931330843287e-02
-2.311315370915e+00,7.803647515618e+00,8.930555088852e-02
-2.311239852223e+00,2.658434772917e+00,8.932264687469e-02
-2.311199251509e+00,3.624513262776e+00,8.932357988589e-02
-2.311076801505e+00,9.974353003268e+00,6.199829990167e-02
-2.310826957942e+00,7.467584020764e+00,8.930603515849e-02
-2.310648255605e+00,1.018151334284e+01,4.366891374172e-02
-2.310543911550e+00,8.544145836173e+00,8.700132181296e-02
-2.310456706051e+00,4.558389136307e+00,8.932216609751e-02
-2.310448918393e+00,1.660153666735e+00,8.931893837677e-02
-2.310426906786e+00,6.862872197563e+00,8.930843157388e-02
-2.310288229087e+00,2.175395527990e+00,8.931897824688e-02
-2.310207027660e+00,4.107552507706e+00,8.932084572380e-02
-2.310160634836e+00,6.093073989755e+00,8.931220164615e-02
-2.310013750283e+00,5.266193783970e+00,8.931679459816e-02
-2.309918462104e+00,1.144911805478e+00,8.931661993508e-02
-2.309831816002e+00,6.210101846053e+00,8.931037565288e-02
-2.309718470027e+00,3.173676634175e+00,8.931820370289e-02
-2.309673365324e+00,5.976805717702e+00,8.931140032193e-02
-2.309538231829e+00,9.767440337595e+00,7.106696593829e-02
-2.309436394187e+00,2.690637389245e+00,8.931673961172e-02
-2.309352596873e+00,3.656715879105e+00,8.931753154885e-02
-2.308688656956e+00,1.692356283063e+00,8.931316835014e-02
-2.308681492543e+00,6.327874408220e+00,8.930597615070e-02
-2.308566854814e+00,4.590591752636e+00,8.931597320762e-02
-2.308506369350e+00,2.207598144318e+00,8.931313699142e-02
-2.308375515890e+00,5.861311873853e+00,8.930768745875e-02
-2.308340867003e+00,8.948900982256e+00,8.438866760304e-02
-2.308338774723e+00,4.139755124035e+00,8.931472210121e-02
-2.308253573085e+00,7.620767696252e+00,8.929652138030e-02
-2.308179798967e+00,1.177114421807e+00,8.931091797635e-02
-2.308097459892e+00,5.546876517997e+00,8.930869601100e-02
-2.308071077884e+00,9.167344573739e+00,8.234801538484e-02
-2.307893413691e+00,3.205879250503e+00,8.931221874587e-02
-2.307683493871e+00,6.713794279248e+00,8.930026048727e-02
-2.307632936150e+00,2.722840005574e+00,8.931082384797e-02
-2.307505942237e+00,3.688918495433e+00,8.931147429903e-02
-2.307155045893e+00,5.350037557500e+00,8.930678075145e-02
-2.307064007573e+00,8.731400893010e+00,8.594105680318e-02
-2.307039520033e+00,8.143040776368e+00,8.873444211369e-02
-2.306928395519e+00,1.724558899391e+00,8.930739021678e-02
-2.306824483214e+00,9.378628506555e+00,7.967308120098e-02
-2.306724509614e+00,2.239800760647e+00,8.930728742772e-02
-2.306704340506e+00,6.446376764016e+00,8.929863956696e-02
-2.306596251448e+00,4.910949439418e+00,8.930763513958e-02
-2.306502100801e+00,4.830572357581e+00,8.930788437648e-02
-2.306470521787e+00,4.171957740363e+00,8.930858934541e-02
-2.306470145224e+00,7.958428698421e+00,8.928860192149e-02
-2.306441135830e+00,1.209317038136e+00,8.930520810323e-02
-2.306300812438e+00,8.328529200334e+00,8.801439401834e-02
-2.306272686914e+00,5.746607267218e+00,8.930152779137e-02
-2.306128381809e+00,4.992019139738e+00,8.930563384863e-02
-2.306068357354e+00,3.238081866832e+00,8.930622506743e-02
-2.306035010714e+00,9.560789625606e+00,7.647087633739e-02
-2.305850836802e+00,4.750898705343e+00,8.930614572324e-02
-2.305829478113e+00,2.755042621902e+00,8.930489956482e-02
-2.305659287600e+00,3.721121111762e+00,8.930540811644e-02
-2.305624445548e+00,7.135017115781e+00,8.929078615430e-02
-2.305298395137e+00,7.286522454705e+00,8.928886728504e-02
-2.305179136922e+00,9.950049695044e+00,6.345395681318e-02
-2.305168134082e+00,1.756761515720e+00,8.930160395935e-02
-2.305093652174e+00,5.073770617045e+00,8.930170306681e-02
-2.304942649877e+00,2.272003376975e+00,8.930142953782e-02
-2.304887454087e+00,6.984334211890e+00,8.928927036733e-02
-2.304869922516e+00,1.015718122461e+01,4.692088677869e-02
-2.304702472692e+00,1.241519654464e+00,8.929949029901e-02
-2.304647433426e+00,4.671939263050e+00,8.930270766261e-02
-2.304602268851e+00,4.204160356692e+00,8.930244743567e-02
-2.304599240063e+00,7.774715801095e+00,8.928344434476e-02
-2.304247612012e+00,8.514871094348e+00,8.716056000307e-02
-2.304243301018e+00,3.270284483161e+00,8.930022264824e-02
-2.304026020077e+00,2.787245238231e+00,8.929896674361e-02
-2.303903355912e+00,7.438831347800e+00,8.928330806311e-02
-2.303895128444e+00,6.565593967872e+00,8.928853038542e-02
-2.303812632964e+00,3.753323728091e+00,8.929933298104e-02
-2.303710277762e+00,5.434518234005e+00,8.929498765754e-02
-2.303521378952e+00,9.743166423263e+00,7.188774452923e-02
-2.303487290227e+00,5.156192999857e+00,8.929583900426e-02
-2.303407872645e+00,1.788964132048e+00,8.929580956048e-02
-2.303370570566e+00,5.632706671298e+00,8.929254715180e-02
-2.303160790140e+00,2.304205993303e+00,8.929556330366e-02
-2.303093484615e+00,6.834492585780e+00,8.928436830419e-02
-2.302963809555e+00,1.273722270792e+00,8.929376454693e-02
-2.302734015915e+00,4.236362973020e+00,8.929629635120e-02
-2.302591361338e+00,1.036454671512e+01,6.608629163400e-06
-2.302418244681e+00,3.302487099489e+00,8.929421146890e-02
-2.302256833868e+00,8.919462284483e+00,8.463692912085e-02
-2.302225983277e+00,6.065291168653e+00,8.928614839339e-02
-2.302222562040e+00,2.819447854559e+00,8.929302536563e-02
-2.302093745066e+00,9.137825793720e+00,8.267825237591e-02
-2.301996201017e+00,6.182216475874e+00,8.928457713693e-02
-2.301965978328e+00,3.785526344419e+00,8.929324887274e-02
-2.301647611208e+00,1.821166748377e+00,8.929000700274e-02
-2.301640157913e+00,5.949126674128e+00,8.928489003447e-02
-2.301433498069e+00,7.591924876774e+00,8.927405709643e-02
-2.301378930403e+00,2.336408609632e+00,8.928968870718e-02
-2.301304591203e+00,5.239275387106e+00,8.928822813542e-02
-2.301225146418e+00,1.305924887121e+00,8.928803083020e-02
-2.300945389125e+00,6.299887719644e+00,8.928042599030e-02
-2.300873650235e+00,8.702043541891e+00,8.613389776780e-02
-2.300865762979e+00,4.268565589349e+00,8.929013607117e-02
-2.300593188345e+00,3.334689715818e+00,8.928819150996e-02
-2.300569694745e+00,9.354415128798e+00,8.005267262726e-02
-2.300532505611e+00,8.113935033853e+00,8.884526867707e-02
-2.300419104003e+00,2.851650470888e+00,8.928707541210e-02
-2.300248717660e+00,6.685511041416e+00,8.927570031371e-02
-2.300244239069e+00,5.833737834006e+00,8.928090066284e-02
-2.300119323691e+00,3.817728960748e+00,8.928715577137e-02
-2.299899115593e+00,9.536545688338e+00,7.699630773009e-02
-2.299898958581e+00,8.299338328651e+00,8.814415053300e-02
-2.299887349771e+00,1.853369364705e+00,8.928419626866e-02
-2.299858369852e+00,7.929409342251e+00,8.926673341057e-02
-2.299674950523e+00,5.519624823586e+00,8.928097787560e-02
-2.299597070666e+00,2.368611225960e+00,8.928380573025e-02
-2.299486483281e+00,1.338127503449e+00,8.928228913195e-02
-2.299281472340e+00,9.925746386821e+00,6.479612924193e-02
-2.299091589427e+00,1.013284910637e+01,4.980540933390e-02
-2.299068217907e+00,6.418289989921e+00,8.927350525603e-02
-2.298997510042e+00,4.300768205678e+00,8.928396657465e-02
-2.298768132008e+00,3.366892332147e+00,8.928216275193e-02
-2.298615645967e+00,2.883853087217e+00,8.928111686419e-02
-2.298540918070e+00,5.323006848529e+00,8.927837488382e-02
-2.298495064243e+00,7.106448482392e+00,8.926722444376e-02
-2.298272669055e+00,3.849931577077e+00,8.928105365672e-02
-2.298271689071e+00,7.257861177765e+00,8.926560037402e-02
-2.298127088334e+00,1.885571981034e+00,8.927837734071e-02
-2.298043832833e+00,5.719139455015e+00,8.927445926484e-02
-2.297951312474e+00,8.485596352524e+00,8.731506864553e-02
-2.297883109212e+00,7.745784086571e+00,8.926123151665e-02
-2.297815210930e+00,2.400813842289e+00,8.927791435468e-02
-2.297747820144e+00,1.370330119778e+00,8.927653943529e-02
-2.297655832147e+00,6.955859467565e+00,8.926540225778e-02
-2.297512285323e+00,4.884492363016e+00,8.927773054888e-02
-2.297504526075e+00,9.718892508932e+00,7.265962671224e-02
-2.297325790478e+00,4.804233616783e+00,8.927754159291e-02
-2.297137308509e+00,4.965444927397e+00,8.927590953401e-02
-2.297129257106e+00,4.332970822006e+00,8.927778784067e-02
-2.296979753882e+00,7.410078674835e+00,8.926046989857e-02
-2.296943075672e+00,3.399094948475e+00,8.927612517524e-02
-2.296932500084e+00,1.034018637145e+01,1.009099005277e-02
-2.296812187930e+00,2.916055703545e+00,8.927514970303e-02
-2.296582736493e+00,4.724679497244e+00,8.927561506961e-02
-2.296426014419e+00,3.882134193405e+00,8.927494250850e-02
-2.296366826897e+00,1.917774597362e+00,8.927255020133e-02
-2.296359450167e+00,6.537408343310e+00,8.926362268304e-02
-2.296196014730e+00,5.047080470974e+00,8.927239933702e-02
-2.296172800733e+00,8.890023586711e+00,8.487603847355e-02
-2.296116412248e+00,9.108307013701e+00,8.299456549210e-02
-2.296033351193e+00,2.433016458617e+00,8.927201456223e-02
-2.296009157007e+00,1.402532736107e+00,8.927078172327e-02
-2.295760062443e+00,6.806112973997e+00,8.926008437871e-02
-2.295288102915e+00,4.645840782150e+00,8.927172057490e-02
-2.295261004170e+00,4.365173438335e+00,8.927159984821e-02
-2.295191701728e+00,5.407376425048e+00,8.926674171796e-02
-2.295118019335e+00,3.431297564804e+00,8.927007876028e-02
-2.295044637074e+00,5.605346308351e+00,8.926497636009e-02
-2.295008729893e+00,2.948258319874e+00,8.926917390968e-02
-2.294683626063e+00,5.129388124781e+00,8.926670644102e-02
-2.294683292898e+00,8.672686190772e+00,8.632046163014e-02
-2.294613423053e+00,7.563082057296e+00,8.925148382362e-02
-2.294606565460e+00,1.949977213691e+00,8.926671483290e-02
-2.294579359782e+00,3.914336809734e+00,8.926882230638e-02
-2.294507169369e+00,9.327509641859e+00,8.045259226204e-02
-2.294291331718e+00,6.037508347551e+00,8.925995471818e-02
-2.294270493870e+00,1.434735352435e+00,8.926501597891e-02
-2.294251491456e+00,2.465219074946e+00,8.926610633463e-02
-2.294160586032e+00,6.154331105696e+00,8.925863981239e-02
-2.294025491189e+00,8.084829291338e+00,8.895334932737e-02
-2.293763220472e+00,9.512301751069e+00,7.749638796950e-02
-2.293606950502e+00,5.921447630554e+00,8.925823388376e-02
-2.293497104725e+00,8.270147456968e+00,8.827043148516e-02
-2.293392751234e+00,4.397376054664e+00,8.926540257615e-02
-2.293383807758e+00,9.901443078598e+00,6.603755943134e-02
-2.293313256338e+00,1.010851698814e+01,5.238136250724e-02
-2.293292962999e+00,3.463500181132e+00,8.926402348737e-02
-2.293246594481e+00,7.900389986081e+00,8.924476061271e-02
-2.293209285707e+00,6.271901031068e+00,8.925473869812e-02
-2.293205271857e+00,2.980460936203e+00,8.926318946515e-02
-2.292846304023e+00,1.982179830019e+00,8.926087121774e-02
-2.292813941450e+00,6.657227803585e+00,8.925101212031e-02
-2.292732705146e+00,3.946539426063e+00,8.926269302997e-02
-2.292595432122e+00,5.212356990242e+00,8.925932818445e-02
-2.292531830732e+00,1.466937968764e+00,8.925924218517e-02
-2.292469631719e+00,2.497421691274e+00,8.926018965354e-02
-2.292112962248e+00,5.806163794158e+00,8.925396636020e-02
-2.291655012936e+00,8.456321610700e+00,8.746505375950e-02
-2.291524498298e+00,4.429578670992e+00,8.925919600335e-02
-2.291487673198e+00,9.694618594600e+00,7.338683879651e-02
-2.291467906662e+00,3.495702797461e+00,8.925795933677e-02
-2.291432095308e+00,6.390203215826e+00,8.924819369754e-02
-2.291401813820e+00,3.012663552531e+00,8.925719635040e-02
-2.291365682938e+00,7.077879849002e+00,8.924354394363e-02
-2.291273638830e+00,1.031582602779e+01,1.829895268865e-02
-2.291252441155e+00,5.492373129174e+00,8.925310430428e-02
-2.291244983006e+00,7.229199900824e+00,8.924221694710e-02
-2.291166978361e+00,7.716852372048e+00,8.923891174729e-02
-2.291086042586e+00,2.014382446347e+00,8.925501933813e-02
-2.290886050510e+00,3.978742042391e+00,8.925655465880e-02
-2.290793167595e+00,1.499140585092e+00,8.925346032496e-02
-2.290687771982e+00,2.529624307603e+00,8.925426450055e-02
-2.290424210207e+00,6.927384723241e+00,8.924141306913e-02
-2.290139079430e+00,9.078788233682e+00,8.329780629920e-02
-2.290088767598e+00,8.860584888938e+00,8.510648720890e-02
-2.290056151852e+00,7.381326001871e+00,8.923737928911e-02
-2.289926790247e+00,5.295976139558e+00,8.924980705594e-02
-2.289814978753e+00,5.691671642812e+00,8.924703619168e-02
-2.289656245361e+00,4.461781287321e+00,8.925298010858e-02
-2.289642850326e+00,3.527905413790e+00,8.925188628871e-02
-2.289598355783e+00,3.044866168860e+00,8.925119454634e-02
-2.289325781149e+00,2.046585062676e+00,8.924915917631e-02
-2.289054504458e+00,1.531343201420e+00,8.924767038116e-02
-2.289039395873e+00,4.010944658720e+00,8.925040717235e-02
-2.288950614591e+00,1.718750055004e-01,8.933245837356e-02
-2.288950614591e+00,1.562500050003e-02,8.942495806758e-02
-2.288950614591e+00,7.812500250012e-02,8.938424597655e-02
-2.288950614591e+00,1.093750035002e-01,8.936571878494e-02
-2.288950614591e+00,1.406250045003e-01,8.934844766908e-02
-2.288950614591e+00,2.031250065004e-01,8.931777500915e-02
-2.288950614591e+00,2.656250085005e-01,8.929241375763e-02
-2.288950614591e+00,2.968750095005e-01,8.928177505863e-02
-2.288950614591e+00,3.281250105004e-01,8.927252049951e-02
-2.288950614591e+00,3.593750115003e-01,8.926466465680e-02
-2.288950614591e+00,3.906250125003e-01,8.925821997638e-02
-2.288950614591e+00,4.218750135002e-01,8.925319671832e-02
-2.288950614591e+00,4.531250145001e-01,8.924960291100e-02
-2.288950614591e+00,4.843750155000e-01,8.924744431503e-02
-2.288950614591e+00,5.156250165000e-01,8.924672439726e-02
-2.288950614591e+00,5.468750175000e-01,8.924672439726e-02
-2.288950614591e+00,5.781250185000e-01,8.924672439726e-02
-2.288950614591e+00,6.093750195000e-01,8.924672439726e-02
-2.288950614591e+00,6.718750215000e-01,8.924672439726e-02
-2.288950614591e+00,7.031250225000e-01,8.924672439726e-02
-2.288950614591e+00,7.343750235000e-01,8.924672439726e-02
-2.288950614591e+00,7.656250244999e-01,8.924672439726e-02
-2.288950614591e+00,7.968750254999e-01,8.924672439726e-02
-2.288950614591e+00,8.281250264999e-01,8.924672439726e-02
-2.288950614591e+00,8.593750275000e-01,8.924672439726e-02
-2.288950614591e+00,8.906250285000e-01,8.924672439726e-02
-2.288950614591e+00,9.218750295000e-01,8.924672439726e-02
-2.288950614591e+00,9.531250305000e-01,8.924672439726e-02
-2.288950614591e+00,9.843750315000e-01,8.924672439726e-02
-2.288950614591e+00,4.687500150008e-02,8.940400196948e-02
-2.288950614591e+00,2.343750075005e-01,8.930441995351e-02
-2.288950614591e+00,6.406250205000e-01,8.924672439726e-02
-2.288905912246e+00,2.561826923931e+00,8.924833085725e-02
-2.288823771891e+00,6.509222718747e+00,8.923858451166e-02
-2.288636907087e+00,9.297912045740e+00,8.086912022279e-02
-2.288492935560e+00,8.643328839653e+00,8.650104647459e-02
-2.288428319197e+00,4.858035286615e+00,8.924763782208e-02
-2.288426640271e+00,6.777733362214e+00,8.923560825231e-02
-2.288149480154e+00,4.777894875986e+00,8.924701910002e-02
-2.288146235209e+00,4.938870715057e+00,8.924601103771e-02
-2.288092082172e+00,1.016101340164e+00,8.924386197283e-02
-2.287817793989e+00,3.560108030119e+00,8.924580432334e-02
-2.287794897747e+00,3.077068785189e+00,8.924518403380e-02
-2.287793348037e+00,7.534239237818e+00,8.922880089066e-02
-2.287787992425e+00,4.493983903650e+00,8.924675487056e-02
-2.287627325352e+00,9.488057813801e+00,7.797289879928e-02
-2.287565519712e+00,2.078787679004e+00,8.924329071446e-02
-2.287534923248e+00,1.008418486990e+01,5.469568545040e-02
-2.287518476767e+00,8.055723548823e+00,8.905878512190e-02
-2.287486143175e+00,9.877139770374e+00,6.718915111618e-02
-2.287315841321e+00,1.563545817749e+00,8.924187233657e-02
-2.287314636183e+00,4.698460289146e+00,8.924489310407e-02
-2.287298377286e+00,5.020390324903e+00,8.924277997086e-02
-2.287192741237e+00,4.043147275049e+00,8.924425055006e-02
-2.287124052509e+00,2.594029540260e+00,8.924238870512e-02
-2.287095250868e+00,8.240956585285e+00,8.839337403705e-02
-2.286718703582e+00,5.577985945404e+00,8.923725069707e-02
-2.286673125694e+00,5.380234616090e+00,8.923833428504e-02
-2.286634819109e+00,7.871370629911e+00,8.922268288272e-02
-2.286375017335e+00,1.048303956493e+00,8.923813118899e-02
-2.286356680159e+00,6.009725526449e+00,8.923346130887e-02
-2.286324971048e+00,6.126445735518e+00,8.923256281106e-02
-2.285992737653e+00,3.592310646447e+00,8.923971342074e-02
-2.285991439710e+00,3.109271401517e+00,8.923916479358e-02
-2.285928772404e+00,4.619742301250e+00,8.924054842638e-02
-2.285919739489e+00,4.526186519978e+00,8.924052026792e-02
-2.285879961899e+00,5.102583249705e+00,8.923740531510e-02
-2.285805258275e+00,2.110990295333e+00,8.923741393470e-02
-2.285614777576e+00,1.029146568412e+01,2.510579992783e-02
-2.285577178184e+00,1.595748434078e+00,8.923606617398e-02
-2.285573743091e+00,5.893768586980e+00,8.923143094961e-02
-2.285473182289e+00,6.243914342492e+00,8.922891340118e-02
-2.285470820321e+00,9.670344680269e+00,7.407313388298e-02
-2.285379165239e+00,6.628944565753e+00,8.922619509381e-02
-2.285358713398e+00,8.427046868875e+00,8.761070976408e-02
-2.285346086601e+00,4.075349891377e+00,8.923808477128e-02
-2.285342192772e+00,2.626232156588e+00,8.923643802562e-02
-2.284657952498e+00,1.080506572821e+00,8.923239247797e-02
-2.284450847510e+00,7.687920657524e+00,8.921648437630e-02
-2.284236301632e+00,7.049311215612e+00,8.921974390817e-02
-2.284218276940e+00,7.200538623884e+00,8.921871626790e-02
-2.284187981673e+00,3.141474017846e+00,8.923313680643e-02
-2.284167681316e+00,3.624513262776e+00,8.923361356096e-02
-2.284161746612e+00,9.049269453663e+00,8.358875895063e-02
-2.284051486553e+00,4.558389136307e+00,8.923427627928e-02
-2.284044996838e+00,2.143192911661e+00,8.923152881912e-02
-2.284004734463e+00,8.831146191166e+00,8.532872457052e-02
-2.283981685427e+00,5.778589754311e+00,8.922688364361e-02
-2.283886273042e+00,5.185438593378e+00,8.923019904263e-02
-2.283838515047e+00,1.627951050406e+00,8.923025187611e-02
-2.283795972709e+00,6.362116441731e+00,8.922261334055e-02
-2.283560333035e+00,2.658434772917e+00,8.923047880016e-02
-2.283499431964e+00,4.107552507706e+00,8.923190981531e-02
-2.283192588267e+00,6.898909978916e+00,8.921730204809e-02
-2.283132549822e+00,7.352573328906e+00,8.921416615419e-02
-2.282940887660e+00,1.112709189150e+00,8.922664582311e-02
-2.282829931786e+00,5.465121434763e+00,8.922501978693e-02
-2.282766644806e+00,9.268314449620e+00,8.126589903397e-02
-2.282384523637e+00,3.173676634175e+00,8.922710005301e-02
-2.282342624980e+00,3.656715879105e+00,8.922750472398e-02
-2.282302578222e+00,8.613971488534e+00,8.667593208394e-02
-2.282284735401e+00,2.175395527990e+00,8.922563534975e-02
-2.282183233617e+00,4.590591752636e+00,8.922802288313e-02
-2.282099851910e+00,1.660153666735e+00,8.922442942563e-02
-2.281778473298e+00,2.690637389245e+00,8.922451101008e-02
-2.281756590159e+00,1.005985275167e+01,5.678625678393e-02
-2.281652777328e+00,4.139755124035e+00,8.922572566139e-02
-2.281588478593e+00,9.852836462151e+00,6.826028957032e-02
-2.281586124672e+00,5.664203830609e+00,8.921945636463e-02
-2.281491430231e+00,9.463813876532e+00,7.842745898216e-02
-2.281312662424e+00,5.268945430587e+00,8.922107631249e-02
-2.281288093615e+00,6.481037094185e+00,8.921341505436e-02
-2.281223822823e+00,1.144911805478e+00,8.922089120770e-02
-2.281093218100e+00,6.749353750431e+00,8.921100494852e-02
-2.281011462345e+00,8.026617806308e+00,8.916167234329e-02
-2.280973273020e+00,7.505396418340e+00,8.920600762298e-02
-2.280693397011e+00,8.211765713602e+00,8.851310838875e-02
-2.280581065600e+00,3.205879250503e+00,8.922105451396e-02
-2.280524473964e+00,2.207598144318e+00,8.921973350857e-02
-2.280517568643e+00,3.688918495433e+00,8.922138688973e-02
-2.280361188773e+00,1.692356283063e+00,8.921859880518e-02
-2.280023043737e+00,7.842351273741e+00,8.920049957185e-02
-2.279996613561e+00,2.722840005574e+00,8.921853463667e-02
-2.279955916322e+00,1.026710534046e+01,3.084192657943e-02
-2.279806122691e+00,4.171957740363e+00,8.921953228871e-02
-2.279506757986e+00,1.177114421807e+00,8.921512861498e-02
-2.279453967444e+00,9.646070765937e+00,7.472185629463e-02
-2.279344353072e+00,4.831578210213e+00,8.921712550171e-02
-2.279155161909e+00,4.912296502716e+00,8.921593737197e-02
-2.279062413859e+00,8.397772127051e+00,8.775222027903e-02
-2.278973169831e+00,4.751556135188e+00,8.921631591034e-02
-2.278777607563e+00,3.238081866832e+00,8.921500016985e-02
-2.278764212527e+00,2.239800760647e+00,8.921382327751e-02
-2.278692512307e+00,3.721121111762e+00,8.921526003805e-02
-2.278622525635e+00,1.724558899391e+00,8.921275999733e-02
-2.278489356063e+00,6.098560365339e+00,8.920634526266e-02
-2.278422028600e+00,5.981942705347e+00,8.920678643715e-02
-2.278400739843e+00,4.993700178832e+00,8.921288856514e-02
-2.278392770091e+00,5.550625582458e+00,8.920936921267e-02
-2.278214753825e+00,2.755042621902e+00,8.921254966118e-02
-2.278184413794e+00,9.019750673644e+00,8.386814668441e-02
-2.278154549659e+00,5.353092807132e+00,8.920976437210e-02
-2.278046535874e+00,4.672241081047e+00,8.921373258796e-02
-2.277959468055e+00,4.204160356692e+00,8.921332967637e-02
-2.277944389029e+00,6.600661327922e+00,8.920124841775e-02
-2.277920701327e+00,8.801707493393e+00,8.554256388884e-02
-2.277789693149e+00,1.209317038136e+00,8.920935802815e-02
-2.277737078871e+00,6.215927653916e+00,8.920294922378e-02
-2.277734716658e+00,7.658988943001e+00,8.919394873981e-02
-2.277540535680e+00,5.866089543407e+00,8.920448031007e-02
-2.277191570874e+00,7.171877346944e+00,8.919509759639e-02
-2.277106920327e+00,7.020742582222e+00,8.919582358824e-02
-2.277076297734e+00,5.075778374629e+00,8.920793465123e-02
-2.277003951090e+00,2.272003376975e+00,8.920790463844e-02
-2.276974149527e+00,3.270284483161e+00,8.920893700118e-02
-2.276896382524e+00,9.238716853501e+00,8.164444441961e-02
-2.276883862498e+00,1.756761515720e+00,8.920691298461e-02
-2.276867455970e+00,3.753323728091e+00,8.920912414877e-02
-2.276432894088e+00,2.787245238231e+00,8.920655606479e-02
-2.276208947791e+00,7.323820655941e+00,8.919083729605e-02
-2.276159850110e+00,6.334029667636e+00,8.919689582300e-02
-2.276112813419e+00,4.236362973020e+00,8.920711780344e-02
-2.276112220884e+00,8.584614137415e+00,8.684538131279e-02
-2.276072628311e+00,1.241519654464e+00,8.920357943037e-02
-2.275978257070e+00,1.003552063344e+01,5.868398012910e-02
-2.275960966327e+00,6.870435234592e+00,8.919294523572e-02
-2.275850408606e+00,5.751015714464e+00,8.919965160502e-02
-2.275690814010e+00,9.828533153928e+00,6.925909704721e-02
-2.275355535110e+00,9.439569939263e+00,7.886154252118e-02
-2.275243689654e+00,2.304205993303e+00,8.920197757320e-02
-2.275177113962e+00,5.158520196514e+00,8.920090064358e-02
-2.275170691490e+00,3.302487099489e+00,8.920286498843e-02
-2.275145199361e+00,1.788964132048e+00,8.920105774952e-02
-2.275042399634e+00,3.785526344419e+00,8.920297920161e-02
-2.274651034351e+00,2.819447854559e+00,8.920055382864e-02
-2.274504447923e+00,7.997512063793e+00,8.918076879975e-02
-2.274407422417e+00,5.437869740351e+00,8.919660963485e-02
-2.274355563474e+00,1.273722270792e+00,8.919779280472e-02
-2.274297055068e+00,1.024274499679e+01,3.574141863984e-02
-2.274291543154e+00,8.182574841920e+00,8.862975821090e-02
-2.274266158782e+00,4.268565589349e+00,8.920089664890e-02
-2.274153198004e+00,7.476553598861e+00,8.918298489107e-02
-2.273759795928e+00,6.720974138648e+00,8.918627365335e-02
-2.273752415338e+00,6.452851469623e+00,8.918811349154e-02
-2.273483428217e+00,2.336408609632e+00,8.919604206356e-02
-2.273437114567e+00,9.621796851606e+00,7.533599575863e-02
-2.273411268366e+00,7.813331917571e+00,8.917821002780e-02
-2.273406536224e+00,1.821166748377e+00,8.919519427449e-02
-2.273367233453e+00,3.334689715818e+00,8.919678411199e-02
-2.273357270592e+00,5.636736018407e+00,8.919172136584e-02
-2.273217343297e+00,3.817728960748e+00,8.919682517627e-02
-2.272869174614e+00,2.851650470888e+00,8.919454293381e-02
-2.272766114321e+00,8.368497385226e+00,8.788975886043e-02
-2.272698534602e+00,5.241914721616e+00,8.919212068989e-02
-2.272638498637e+00,1.305924887121e+00,8.919199813429e-02
-2.272419504146e+00,4.300768205678e+00,8.919466619169e-02
-2.272207080976e+00,8.990231893625e+00,8.413663758901e-02
-2.271836668192e+00,8.772268795621e+00,8.574908969211e-02
-2.271723166780e+00,2.368611225960e+00,8.919009809124e-02
-2.271667873087e+00,1.853369364705e+00,8.918932254189e-02
-2.271563775417e+00,3.366892332147e+00,8.919069435220e-02
-2.271392286961e+00,3.849931577077e+00,8.919066205238e-02
-2.271087314877e+00,2.883853087217e+00,8.918852336132e-02
-2.271026120243e+00,9.209119257381e+00,8.200596825723e-02
-2.271018585807e+00,7.630057228478e+00,8.917130417055e-02
-2.270921433799e+00,1.338127503449e+00,8.918619540206e-02
-2.270653741078e+00,6.070674995161e+00,8.917996416739e-02
-2.270572849510e+00,4.332970822006e+00,8.918842641068e-02
-2.270509612819e+00,6.572378090090e+00,8.917617127246e-02
-2.270487377041e+00,5.954159884245e+00,8.917996464004e-02
-2.270260386946e+00,4.805121133812e+00,8.918643132716e-02
-2.270199923980e+00,1.001118851520e+01,6.041431894005e-02
-2.270164864809e+00,7.143216070003e+00,8.917136018893e-02
-2.270164088609e+00,4.885722290376e+00,8.918568755487e-02
-2.270066836599e+00,5.523265219511e+00,8.918133095686e-02
-2.270000975453e+00,6.187940965340e+00,8.917684528760e-02
-2.269977539022e+00,6.992173948832e+00,8.917178223134e-02
-2.269962905343e+00,2.400813842289e+00,8.918414563791e-02
-2.269929209950e+00,1.885571981034e+00,8.918344253407e-02
-2.269921863546e+00,8.555256786296e+00,8.700964134028e-02
-2.269796859508e+00,4.725217394390e+00,8.918543104449e-02
-2.269793149428e+00,9.804229845704e+00,7.019263833335e-02
-2.269760317380e+00,3.399094948475e+00,8.918459568935e-02
-2.269635973625e+00,5.325950998175e+00,8.918103099341e-02
-2.269567230624e+00,3.882134193405e+00,8.918448980950e-02
-2.269507328269e+00,5.838410499833e+00,8.917738104162e-02
-2.269503102399e+00,4.967010032761e+00,8.918282106871e-02
-2.269305455141e+00,2.916055703545e+00,8.918249509215e-02
-2.269285345761e+00,7.295067982977e+00,8.916739198148e-02
-2.269219639989e+00,9.415326001995e+00,7.927649448977e-02
-2.269204368962e+00,1.370330119778e+00,8.918038459102e-02
-2.268778435565e+00,4.646021872948e+00,8.918238458843e-02
-2.268729344387e+00,6.841960490267e+00,8.916842160215e-02
-2.268726194874e+00,4.365173438335e+00,8.918217728467e-02
-2.268638193815e+00,1.021838465313e+01,3.997476177945e-02
-2.268523727511e+00,6.305942893541e+00,8.917104026373e-02
-2.268272633570e+00,5.048973499553e+00,8.917829347821e-02
-2.268202643906e+00,2.433016458617e+00,8.917818468521e-02
-2.268190546813e+00,1.917774597362e+00,8.917755423332e-02
-2.267997433501e+00,7.968406321277e+00,8.915871375096e-02
-2.267956859343e+00,3.431297564804e+00,8.917848810368e-02
-2.267889689298e+00,8.153383970237e+00,8.874344104571e-02
-2.267742174288e+00,3.914336809734e+00,8.917830842714e-02
-2.267719131784e+00,5.723441674616e+00,8.917206661183e-02
-2.267523595404e+00,2.948258319874e+00,8.917645810721e-02
-2.267487304125e+00,1.402532736107e+00,8.917456568408e-02
-2.267420261690e+00,9.597522937274e+00,7.591823319314e-02
-2.267333122988e+00,7.447710779383e+00,8.915981966477e-02
-2.266879540237e+00,4.397376054664e+00,8.917591879240e-02
-2.266799492994e+00,7.784312561401e+00,8.915581359472e-02
-2.266469814783e+00,8.339222643402e+00,8.802318103032e-02
-2.266467954881e+00,5.131601799650e+00,8.917143197413e-02
-2.266451883675e+00,1.949977213691e+00,8.917165762186e-02
-2.266442382469e+00,2.465219074946e+00,8.917221521469e-02
-2.266426373757e+00,6.692594526865e+00,8.916141354931e-02
-2.266229748159e+00,8.960713113605e+00,8.439484973140e-02
-2.266216737062e+00,6.424665845060e+00,8.916251056204e-02
-2.266153401307e+00,3.463500181132e+00,8.917237157535e-02
-2.265984913048e+00,5.410618045940e+00,8.916803656297e-02
-2.265917117951e+00,3.946539426063e+00,8.917211788474e-02
-2.265770239287e+00,1.434735352435e+00,8.916873866411e-02
-2.265752635057e+00,8.742830097848e+00,8.594866601066e-02
-2.265741735667e+00,2.980460936203e+00,8.917041238736e-02
-2.265155857962e+00,9.179521661262e+00,8.235157843234e-02
-2.265128416511e+00,5.609268206204e+00,8.916383022387e-02
-2.265032885601e+00,4.429578670992e+00,8.916965091256e-02
-2.264713220538e+00,1.982179830019e+00,8.916575268190e-02
-2.264682121032e+00,2.497421691274e+00,8.916623720787e-02
-2.264421590891e+00,9.986856396971e+00,6.199844313685e-02
-2.264349943270e+00,3.495702797461e+00,8.916624608448e-02
-2.264302454956e+00,7.601125513954e+00,8.914854999778e-02
-2.264092061615e+00,3.978742042391e+00,8.916591816169e-02
-2.264084406779e+00,5.214884012645e+00,8.916282474052e-02
-2.264053174450e+00,1.466937968764e+00,8.916290351394e-02
-2.263959875930e+00,3.012663552531e+00,8.916435791342e-02
-2.263895484846e+00,9.779926537481e+00,7.106708742336e-02
-2.263731506209e+00,8.525899435177e+00,8.716894481406e-02
-2.263186230965e+00,4.461781287321e+00,8.916337362377e-02
-2.263138158743e+00,7.114554793063e+00,8.914750329830e-02
-2.263083744869e+00,9.391082064726e+00,7.967299558833e-02
-2.263074836608e+00,6.544094852258e+00,8.915096283519e-02
-2.262979332561e+00,1.019402430946e+01,4.366906749809e-02
-2.262974557401e+00,2.014382446347e+00,8.915983939557e-02
-2.262921859595e+00,2.529624307603e+00,8.916025064622e-02
-2.262848157717e+00,6.963605315443e+00,8.914761908167e-02
-2.262818126093e+00,6.042789624983e+00,8.915326755003e-02
-2.262552725482e+00,5.926377063143e+00,8.915299498150e-02
-2.262546485233e+00,3.527905413790e+00,8.916011161114e-02
-2.262361743731e+00,7.266315310012e+00,8.914382947347e-02
-2.262336109613e+00,1.499140585092e+00,8.915706021633e-02
-2.262267005278e+00,4.010944658720e+00,8.915970923731e-02
-2.262264872035e+00,6.159954276764e+00,8.915060071180e-02
-2.262178016193e+00,3.044866168860e+00,8.915829466614e-02
-2.261740903107e+00,5.495904856564e+00,8.915313497992e-02
-2.261497722447e+00,6.813485745943e+00,8.914377083373e-02
-2.261490419079e+00,7.939300578762e+00,8.913655381539e-02
-2.261487835441e+00,8.124193098554e+00,8.885426867907e-02
-2.261474120858e+00,5.810731456259e+00,8.915013221930e-02
-2.261403408814e+00,9.573249022943e+00,7.647097957799e-02
-2.261339576328e+00,4.493983903650e+00,8.915708690457e-02
-2.261235894264e+00,2.046585062676e+00,8.915391774494e-02
-2.261176420821e+00,4.778664057410e+00,8.915555426236e-02
-2.261173015309e+00,4.859148078035e+00,8.915519439292e-02
-2.261161598158e+00,2.561826923931e+00,8.915425551115e-02
-2.261117397591e+00,5.298809189217e+00,8.915213316459e-02
-2.260887604913e+00,6.277856119446e+00,8.914504577844e-02
-2.260743027197e+00,3.560108030119e+00,8.915396813531e-02
-2.260620549185e+00,4.698878653592e+00,8.915433322588e-02
-2.260619044776e+00,1.531343201420e+00,8.915120875402e-02
-2.260605464955e+00,4.940319886689e+00,8.915257645247e-02
-2.260513047972e+00,7.418867959905e+00,8.913653950521e-02
-2.260441948942e+00,4.043147275049e+00,8.915349109088e-02
-2.260396156456e+00,3.077068785189e+00,8.915222262621e-02
-2.260252415341e+00,8.931194333587e+00,8.464335572747e-02
-2.260187717623e+00,7.755293205231e+00,8.913330961325e-02
-2.260173515245e+00,8.309947901577e+00,8.815296125269e-02
-2.260158782961e+00,7.812500250012e-02,8.929151339947e-02
-2.260158782961e+00,1.718750055004e-01,8.923787398424e-02
-2.260158782961e+00,2.031250065004e-01,8.922266085747e-02
-2.260158782961e+00,2.343750075005e-01,8.920882214662e-02
-2.260158782961e+00,2.656250085005e-01,8.919637966419e-02
-2.260158782961e+00,7.031250225000e-01,8.914901716052e-02
-2.260158782961e+00,7.343750235000e-01,8.914901716052e-02
-2.260158782961e+00,7.656250244999e-01,8.914901716052e-02
-2.260158782961e+00,8.593750275000e-01,8.914901716052e-02
-2.260158782961e+00,8.906250285000e-01,8.914901716052e-02
-2.260158782961e+00,9.843750315000e-01,8.914901716052e-02
-2.260158782961e+00,1.562500050003e-02,8.933366316377e-02
-2.260158782961e+00,4.687500150008e-02,8.931196902227e-02
-2.260158782961e+00,1.093750035002e-01,8.927232668677e-02
-2.260158782961e+00,1.406250045003e-01,8.925443778436e-02
-2.260158782961e+00,2.968750095005e-01,8.918535319787e-02
-2.260158782961e+00,3.281250105004e-01,8.917576042343e-02
-2.260158782961e+00,3.593750115003e-01,8.916761682591e-02
-2.260158782961e+00,3.906250125003e-01,8.916093562993e-02
-2.260158782961e+00,4.218750135002e-01,8.915572773954e-02
-2.260158782961e+00,4.531250145001e-01,8.915200168832e-02
-2.260158782961e+00,4.843750155000e-01,8.914976360009e-02
-2.260158782961e+00,5.156250165000e-01,8.914901716052e-02
-2.260158782961e+00,5.468750175000e-01,8.914901716052e-02
-2.260158782961e+00,5.781250185000e-01,8.914901716052e-02
-2.260158782961e+00,6.093750195000e-01,8.914901716052e-02
-2.260158782961e+00,6.406250205000e-01,8.914901716052e-02
-2.260158782961e+00,6.718750215000e-01,8.914901716052e-02
-2.260158782961e+00,7.968750254999e-01,8.914901716052e-02
-2.260158782961e+00,8.281250264999e-01,8.914901716052e-02
-2.260158782961e+00,9.218750295000e-01,8.914901716052e-02
-2.260158782961e+00,9.531250305000e-01,8.914901716052e-02
-2.259668601922e+00,8.713391400075e+00,8.614163345656e-02
-2.259587854963e+00,5.695867634769e+00,8.914432016609e-02
-2.259510335256e+00,4.619802664849e+00,8.915084807759e-02
-2.259497231127e+00,2.078787679004e+00,8.914798771208e-02
-2.259492921692e+00,4.526186519978e+00,8.915079073345e-02
-2.259468969406e+00,5.022168624477e+00,8.914824439651e-02
-2.259401336721e+00,2.594029540260e+00,8.914825178402e-02
-2.259311049692e+00,1.016101340164e+00,8.914612393560e-02
-2.259285595680e+00,9.149924065142e+00,8.268228966009e-02
-2.259092951585e+00,6.664214915081e+00,8.913642381539e-02
-2.258939569160e+00,3.592310646447e+00,8.914781563695e-02
-2.258901979938e+00,1.563545817749e+00,8.914534910969e-02
-2.258681058785e+00,6.396480220498e+00,8.913675908201e-02
-2.258643257802e+00,9.962524278737e+00,6.345409745620e-02
-2.258616892605e+00,4.075349891377e+00,8.914726370160e-02
-2.258614296720e+00,3.109271401517e+00,8.914614177427e-02
-2.257997820263e+00,9.755623229258e+00,7.188786363339e-02
-2.257758795801e+00,5.104683402786e+00,8.914179202388e-02
-2.257758567990e+00,2.110990295333e+00,8.914204927895e-02
-2.257646267055e+00,4.558389136307e+00,8.914448508884e-02
-2.257641075284e+00,2.626232156588e+00,8.914223944613e-02
-2.257615583155e+00,1.048303956493e+00,8.914033149050e-02
-2.257586324105e+00,7.572193799431e+00,8.912556996908e-02
-2.257562403680e+00,5.383366351528e+00,8.913929955784e-02
-2.257541148871e+00,8.496542084058e+00,8.732351089620e-02
-2.257320471307e+00,1.016966396580e+01,4.692104208820e-02
-2.257184915101e+00,1.595748434078e+00,8.913948126597e-02
-2.257136111123e+00,3.624513262776e+00,8.914165409593e-02
-2.256947849748e+00,9.366838127457e+00,8.005259286438e-02
-2.256899562431e+00,5.581800394001e+00,8.913578196660e-02
-2.256832436983e+00,3.141474017846e+00,8.914005209092e-02
-2.256791836269e+00,4.107552507706e+00,8.914102704860e-02
-2.256111452677e+00,7.085893516123e+00,8.912352617373e-02
-2.256019904853e+00,2.143192911661e+00,8.913610242750e-02
-2.255920116617e+00,1.080506572821e+00,8.913453103777e-02
-2.255880813847e+00,2.658434772917e+00,8.913621847874e-02
-2.255799612419e+00,4.590591752636e+00,8.913816994911e-02
-2.255718776412e+00,6.935036682053e+00,8.912316998147e-02
-2.255640060398e+00,6.515811614427e+00,8.912562228018e-02
-2.255470278956e+00,5.187853303675e+00,8.913335789160e-02
-2.255467850264e+00,1.627951050406e+00,8.913360520545e-02
-2.255438141701e+00,7.237562637048e+00,8.912014903127e-02
-2.255386555937e+00,9.548975108611e+00,7.699640909826e-02
-2.255332653087e+00,3.656715879105e+00,8.913548349208e-02
-2.255085981584e+00,8.095002226872e+00,8.896234748599e-02
-2.255050577246e+00,3.173676634175e+00,8.913395355668e-02
-2.254983404657e+00,7.910194836247e+00,8.911428834573e-02
-2.254982511109e+00,6.014904254805e+00,8.912642390232e-02
-2.254966779932e+00,4.139755124035e+00,8.913478111097e-02
-2.254618073923e+00,5.898594242041e+00,8.912587652333e-02
-2.254528768616e+00,6.131967588188e+00,8.912421461318e-02
-2.254281241716e+00,2.175395527990e+00,8.913014713962e-02
-2.254275082523e+00,8.901675553568e+00,8.488268682362e-02
-2.254266100507e+00,6.785011001619e+00,8.911899211315e-02
-2.254224650080e+00,1.112709189150e+00,8.912872256060e-02
-2.254120552410e+00,2.690637389245e+00,8.913018886305e-02
-2.254027156172e+00,1.037702798190e+01,6.608629176235e-06
-2.253877215706e+00,8.280673159753e+00,8.827926127272e-02
-2.253750785426e+00,1.660153666735e+00,8.912772091067e-02
-2.253692972956e+00,7.390025140427e+00,8.911314368301e-02
-2.253584568787e+00,8.683952702303e+00,8.632831106156e-02
-2.253575942251e+00,7.726273849061e+00,8.911069742048e-02
-2.253529195050e+00,3.688918495433e+00,8.912930380517e-02
-2.253440913447e+00,5.783052412685e+00,8.912273291695e-02
-2.253415333398e+00,9.120326469022e+00,8.299903299787e-02
-2.253414969615e+00,5.468544493618e+00,8.912455787790e-02
-2.253268717509e+00,3.205879250503e+00,8.912784615202e-02
-2.253251482314e+00,6.249769345351e+00,8.911891147986e-02
-2.253141723596e+00,4.171957740363e+00,8.912852586773e-02
-2.252864924713e+00,9.938192160504e+00,6.479626725044e-02
-2.252598821557e+00,5.271667380260e+00,8.912306990285e-02
-2.252542578578e+00,2.207598144318e+00,8.912418339714e-02
-2.252529183542e+00,1.144911805478e+00,8.912290604213e-02
-2.252360290973e+00,2.722840005574e+00,8.912415058021e-02
-2.252181942008e+00,4.832573865695e+00,8.912432694203e-02
-2.252100155681e+00,9.731319921035e+00,7.265974349671e-02
-2.252092454695e+00,4.752206981009e+00,8.912449327806e-02
-2.252033720589e+00,1.692356283063e+00,8.912182836410e-02
-2.251759529413e+00,6.635835303298e+00,8.911130362718e-02
-2.251725737013e+00,3.721121111762e+00,8.912311501490e-02
-2.251707827511e+00,4.913629740618e+00,8.912215369205e-02
-2.251661610053e+00,1.014530362213e+01,4.980556487009e-02
-2.251486857772e+00,3.238081866832e+00,8.912172985737e-02
-2.251456578142e+00,5.668293594922e+00,8.911641731360e-02
-2.251444238861e+00,4.672539912794e+00,8.912280836742e-02
-2.251350791533e+00,8.467184732939e+00,8.747354622075e-02
-2.251316667259e+00,4.204160356692e+00,8.912226129783e-02
-2.251145380509e+00,6.368294595936e+00,8.911086954550e-02
-2.250998488473e+00,9.339878586641e+00,8.045292976612e-02
-2.250870193253e+00,7.543262084908e+00,8.910244658653e-02
-2.250833717005e+00,1.177114421807e+00,8.911708146549e-02
-2.250803915441e+00,2.239800760647e+00,8.911821118184e-02
-2.250665305242e+00,4.995363749401e+00,8.911800578324e-02
-2.250600029536e+00,2.755042621902e+00,8.911810361130e-02
-2.250316655752e+00,1.724558899391e+00,8.911592754819e-02
-2.249922278977e+00,3.753323728091e+00,8.911691710092e-02
-2.249704998035e+00,3.270284483161e+00,8.911560465308e-02
-2.249491610923e+00,4.236362973020e+00,8.911598738018e-02
-2.249369703060e+00,9.524701194280e+00,7.749648752153e-02
-2.249139894311e+00,5.356114657117e+00,8.911039760633e-02
-2.249138250467e+00,1.209317038136e+00,8.911124881372e-02
-2.249084746611e+00,7.057232239182e+00,8.909942806094e-02
-2.249065252304e+00,2.272003376975e+00,8.911223047546e-02
-2.249049636721e+00,5.077765005922e+00,8.911197978552e-02
-2.248839768099e+00,2.787245238231e+00,8.911204793736e-02
-2.248684127728e+00,8.065811355189e+00,8.906777875170e-02
-2.248670708350e+00,5.554332581798e+00,8.910757562135e-02
-2.248599590915e+00,1.756761515720e+00,8.911001844533e-02
-2.248589395107e+00,6.906468048663e+00,8.909859428649e-02
-2.248514539671e+00,7.208809964083e+00,8.909634991037e-02
-2.248487904238e+00,1.035263999806e+01,1.009104804536e-02
-2.248476390235e+00,7.881089093732e+00,8.909191669106e-02
-2.248297749705e+00,8.872156773548e+00,8.511333654888e-02
-2.248205284187e+00,6.487528376595e+00,8.910002528435e-02
-2.248118820940e+00,3.785526344419e+00,8.911071004283e-02
-2.247923138299e+00,3.302487099489e+00,8.910947051947e-02
-2.247666554586e+00,4.268565589349e+00,8.910970409359e-02
-2.247580916168e+00,8.251398417928e+00,8.840221860991e-02
-2.247545071117e+00,9.090728872903e+00,8.330266422742e-02
-2.247500535652e+00,8.654514004530e+00,8.650899794647e-02
-2.247442783930e+00,1.241519654464e+00,8.910540806984e-02
-2.247326589167e+00,2.304205993303e+00,8.910624125967e-02
-2.247146896124e+00,5.987018884626e+00,8.909943227558e-02
-2.247086591623e+00,9.913860042270e+00,6.603769479392e-02
-2.247079506662e+00,2.819447854559e+00,8.910598353939e-02
-2.247034478567e+00,6.756536257295e+00,8.909408461934e-02
-2.246964166879e+00,7.697254492891e+00,8.908797635002e-02
-2.246882526077e+00,1.788964132048e+00,8.910410103786e-02
-2.246872897940e+00,7.361182320949e+00,8.908963146486e-02
-2.246856151133e+00,5.160822594704e+00,8.910371909682e-02
-2.246792665198e+00,6.103980899613e+00,8.909759592471e-02
-2.246683422364e+00,5.870811420939e+00,8.909860832533e-02
-2.246315362904e+00,3.817728960748e+00,8.910449382014e-02
-2.246202491099e+00,9.707016612812e+00,7.338695332385e-02
-2.246141278562e+00,3.334689715818e+00,8.910332743678e-02
-2.246002748799e+00,1.012094327846e+01,5.238151733042e-02
-2.245841498250e+00,4.300768205678e+00,8.910341141686e-02
-2.245747317393e+00,1.273722270792e+00,8.909955921682e-02
-2.245615359715e+00,6.221682571256e+00,8.909263647779e-02
-2.245587926030e+00,2.336408609632e+00,8.910024351612e-02
-2.245407706036e+00,5.755373369112e+00,8.909497445448e-02
-2.245319245225e+00,2.851650470888e+00,8.909991039830e-02
-2.245235661043e+00,9.310203442278e+00,8.087022586654e-02
-2.245165461240e+00,1.821166748377e+00,8.909817530808e-02
-2.245160434195e+00,8.437827381820e+00,8.761924577135e-02
-2.245089036123e+00,5.441184130671e+00,8.909581590521e-02
-2.244511904867e+00,3.849931577077e+00,8.909826841234e-02
-2.244426107242e+00,6.607455691515e+00,8.908605215691e-02
-2.244359418825e+00,3.366892332147e+00,8.909717538519e-02
-2.244154062402e+00,7.514330370384e+00,8.907920905544e-02
-2.244080245522e+00,5.244525571302e+00,8.909364962777e-02
-2.244051850855e+00,1.305924887121e+00,8.909370223757e-02
-2.244016441913e+00,4.332970822006e+00,8.909710932868e-02
-2.243849262893e+00,2.368611225960e+00,8.909423722637e-02
-2.243609702233e+00,6.340108971374e+00,8.908484106070e-02
-2.243558983788e+00,2.883853087217e+00,8.909382849499e-02
-2.243448396403e+00,1.853369364705e+00,8.909224123822e-02
-2.243352850183e+00,9.500427279948e+00,7.797299658978e-02
-2.243325301321e+00,5.640719555075e+00,8.908835706217e-02
-2.243190868708e+00,4.805999653354e+00,8.909327445827e-02
-2.243008488570e+00,4.725749904607e+00,8.909324735239e-02
-2.242948652303e+00,1.032825201422e+01,1.829904803869e-02
-2.242810190068e+00,4.886939594547e+00,8.909155176826e-02
-2.242708446830e+00,3.882134193405e+00,8.909203379882e-02
-2.242577559088e+00,3.399094948475e+00,8.909101434485e-02
-2.242356384318e+00,1.338127503449e+00,8.908783711498e-02
-2.242320416887e+00,8.842637993529e+00,8.533576244067e-02
-2.242282273871e+00,8.036620483506e+00,8.906925791157e-02
-2.242267928538e+00,4.646201171997e+00,8.909109257994e-02
-2.242191385577e+00,4.365173438335e+00,8.909079780769e-02
-2.242110599756e+00,2.400813842289e+00,8.908822237195e-02
-2.242058040546e+00,7.028570962242e+00,8.907515269042e-02
-2.241969375813e+00,7.851983351217e+00,8.906943819688e-02
-2.241861641078e+00,4.968558874325e+00,8.908758814113e-02
-2.241798722351e+00,2.916055703545e+00,8.908773781026e-02
-2.241731331565e+00,1.885571981034e+00,8.908629881048e-02
-2.241674808835e+00,9.061131276783e+00,8.359397125835e-02
-2.241590937641e+00,7.180057291118e+00,8.907243136255e-02
-2.241460013801e+00,6.877899415274e+00,8.907389150734e-02
-2.241416502516e+00,8.625075306757e+00,8.668397483928e-02
-2.241308258534e+00,9.889527924037e+00,6.718928384429e-02
-2.241284616630e+00,8.222123676104e+00,8.852196379451e-02
-2.240904988793e+00,3.914336809734e+00,8.908578995894e-02
-2.240795699351e+00,3.431297564804e+00,8.908484429583e-02
-2.240770507977e+00,6.459245138764e+00,8.907423587450e-02
-2.240717384942e+00,5.328862962705e+00,8.908132969592e-02
-2.240660917780e+00,1.370330119778e+00,8.908196383185e-02
-2.240441854270e+00,5.526864769595e+00,8.907921021519e-02
-2.240371936619e+00,2.433016458617e+00,8.908219893435e-02
-2.240366329240e+00,4.397376054664e+00,8.908447683248e-02
-2.240352391508e+00,7.668235136721e+00,8.906501297311e-02
-2.240343887545e+00,1.009658293480e+01,5.469583889566e-02
-2.240340477640e+00,5.050846609058e+00,8.908191517650e-02
-2.240304826516e+00,9.682713304589e+00,7.407324621626e-02
-2.240052822924e+00,7.332339501471e+00,8.906600211355e-02
-2.240038460914e+00,2.948258319874e+00,8.908163832489e-02
-2.240014266728e+00,1.917774597362e+00,8.908034800700e-02
-2.239802856627e+00,6.728061512970e+00,8.906904752754e-02
-2.239472833613e+00,9.280528297916e+00,8.126769891751e-02
-2.239311281139e+00,5.959133514448e+00,8.907229171846e-02
-2.239101530757e+00,3.946539426063e+00,8.907953687198e-02
-2.239056561780e+00,6.075994211037e+00,8.907072717928e-02
-2.239013839615e+00,3.463500181132e+00,8.907866521815e-02
-2.238970076857e+00,8.408470030700e+00,8.776079368656e-02
-2.238965451243e+00,1.402532736107e+00,8.907608237098e-02
-2.238748770805e+00,5.843028599837e+00,8.907118944548e-02
-2.238633273482e+00,2.465219074946e+00,8.907616689497e-02
-2.238541272904e+00,4.429578670992e+00,8.907814638157e-02
-2.238297201891e+00,1.949977213691e+00,8.907438880988e-02
-2.238278199477e+00,2.980460936203e+00,8.907553001958e-02
-2.238242023310e+00,5.133791885733e+00,8.907390731174e-02
-2.237979237116e+00,6.193595797161e+00,8.906621987925e-02
-2.237437931551e+00,7.485398655861e+00,8.905585665079e-02
-2.237409400369e+00,1.030386403038e+01,2.510591957835e-02
-2.237374498625e+00,5.727694325538e+00,8.906705753723e-02
-2.237335997306e+00,9.476153365617e+00,7.842755506403e-02
-2.237298072720e+00,3.978742042391e+00,8.907327451718e-02
-2.237269984705e+00,1.434735352435e+00,8.907019271509e-02
-2.237231979878e+00,3.495702797461e+00,8.907247709178e-02
-2.237092685070e+00,6.579076079732e+00,8.906066857350e-02
-2.236894610344e+00,2.497421691274e+00,8.907012623519e-02
-2.236763102631e+00,5.413823767725e+00,8.906690856844e-02
-2.236716216567e+00,4.461781287321e+00,8.907180643341e-02
-2.236580137054e+00,1.982179830019e+00,8.906842120116e-02
-2.236517938040e+00,3.012663552531e+00,8.906941287500e-02
-2.236343084069e+00,8.813119213511e+00,8.554977078724e-02
-2.236074023956e+00,6.311923346812e+00,8.905867273244e-02
-2.235880420014e+00,8.007429611823e+00,8.904701018108e-02
-2.235804546554e+00,9.031533680664e+00,8.387368068216e-02
-2.235574518168e+00,1.466937968764e+00,8.906429484687e-02
-2.235561669488e+00,5.217383762345e+00,8.906401151867e-02
-2.235529925445e+00,9.865195805804e+00,6.826041969219e-02
-2.235494614684e+00,4.010944658720e+00,8.906700287369e-02
-2.235462361391e+00,7.822877608702e+00,8.904685220511e-02
-2.235450120141e+00,3.527905413790e+00,8.906627989660e-02
-2.235332469381e+00,8.595636608984e+00,8.685350545773e-02
-2.235194024500e+00,5.613145515227e+00,8.906013841831e-02
-2.235155947207e+00,2.529624307603e+00,8.906407693632e-02
-2.235031334480e+00,6.999909685302e+00,8.905064637626e-02
-2.234988317092e+00,8.192848934279e+00,8.863862080238e-02
-2.234891160231e+00,4.493983903650e+00,8.906545696639e-02
-2.234863072216e+00,2.014382446347e+00,8.906244516284e-02
-2.234757676603e+00,3.044866168860e+00,8.906328687174e-02
-2.234685026291e+00,1.007222259113e+01,5.678640838391e-02
-2.234667335611e+00,7.151304618154e+00,8.904839263591e-02
-2.234407161934e+00,9.658409996366e+00,7.472196649672e-02
-2.234330632496e+00,6.849330781884e+00,8.904906082402e-02
-2.234199795408e+00,4.779425441014e+00,8.906203586408e-02
-2.233924522444e+00,4.699292828206e+00,8.906176574571e-02
-2.233912552624e+00,4.860249448476e+00,8.906064816129e-02
-2.233879051630e+00,1.499140585092e+00,8.905838874894e-02
-2.233740616136e+00,7.639215780551e+00,8.904192517318e-02
-2.233710006183e+00,9.250853153553e+00,8.164687234235e-02
-2.233691156647e+00,4.043147275049e+00,8.906072192063e-02
-2.233668260404e+00,3.560108030119e+00,8.906007361247e-02
-2.233417284070e+00,2.561826923931e+00,8.905801897963e-02
-2.233335731766e+00,6.430961900932e+00,8.904830841280e-02
-2.233232747908e+00,7.303496681993e+00,8.904225488801e-02
-2.233146007379e+00,2.046585062676e+00,8.905646067685e-02
-2.233091618215e+00,4.619862431199e+00,8.905918478829e-02
-2.233066103894e+00,4.526186519978e+00,8.905909795883e-02
-2.233057976914e+00,4.941753999249e+00,8.905699040471e-02
-2.232997415166e+00,3.077068785189e+00,8.905715199035e-02
-2.232779719519e+00,8.379112679581e+00,8.789836399971e-02
-2.232571234687e+00,6.699586768646e+00,8.904388000930e-02
-2.232294875573e+00,5.301611268293e+00,8.905209481495e-02
-2.232213000189e+00,5.499396957392e+00,8.905051149906e-02
-2.232183585093e+00,1.531343201420e+00,8.905247440390e-02
-2.231887698610e+00,4.075349891377e+00,8.905443163703e-02
-2.231886400667e+00,3.592310646447e+00,8.905385821918e-02
-2.231870148435e+00,1.027947604654e+01,3.084206200354e-02
-2.231678620933e+00,2.594029540260e+00,8.905195234633e-02
-2.231631318560e+00,5.023928212193e+00,8.905150312850e-02
-2.231475666155e+00,5.931248144270e+00,8.904500127709e-02
-2.231428942542e+00,2.078787679004e+00,8.905046772509e-02
-2.231366951331e+00,1.562500050003e-02,8.924034772322e-02
-2.231366951331e+00,7.812500250012e-02,8.919669212923e-02
-2.231366951331e+00,1.093750035002e-01,8.917681430825e-02
-2.231366951331e+00,2.031250065004e-01,8.912534300064e-02
-2.231366951331e+00,2.343750075005e-01,8.911099695783e-02
-2.231366951331e+00,2.656250085005e-01,8.909809673858e-02
-2.231366951331e+00,2.968750095005e-01,8.908666336670e-02
-2.231366951331e+00,3.281250105004e-01,8.907671562793e-02
-2.231366951331e+00,3.593750115003e-01,8.906826998417e-02
-2.231366951331e+00,3.906250125003e-01,8.906134049757e-02
-2.231366951331e+00,4.218750135002e-01,8.905593876500e-02
-2.231366951331e+00,4.531250145001e-01,8.905207386369e-02
-2.231366951331e+00,4.843750155000e-01,8.904975230832e-02
-2.231366951331e+00,5.156250165000e-01,8.904897802014e-02
-2.231366951331e+00,5.468750175000e-01,8.904897802014e-02
-2.231366951331e+00,5.781250185000e-01,8.904897802014e-02
-2.231366951331e+00,6.093750195000e-01,8.904897802014e-02
-2.231366951331e+00,7.031250225000e-01,8.904897802014e-02
-2.231366951331e+00,7.343750234999e-01,8.904897802014e-02
-2.231366951331e+00,7.656250244999e-01,8.904897802014e-02
-2.231366951331e+00,7.968750254999e-01,8.904897802014e-02
-2.231366951331e+00,8.281250264999e-01,8.904897802014e-02
-2.231366951331e+00,8.593750274999e-01,8.904897802014e-02
-2.231366951331e+00,8.906250285000e-01,8.904897802014e-02
-2.231366951331e+00,9.218750295000e-01,8.904897802014e-02
-2.231366951331e+00,9.843750315000e-01,8.904897802014e-02
-2.231366951331e+00,4.687500150008e-02,8.921788066955e-02
-2.231366951331e+00,1.718750055004e-01,8.914111169992e-02
-2.231366951331e+00,6.406250204999e-01,8.904897802014e-02
-2.231366951331e+00,6.718750215000e-01,8.904897802014e-02
-2.231366951331e+00,9.531250305000e-01,8.904897802014e-02
-2.231366951331e+00,1.406250045003e-01,8.915827784826e-02
-2.231320458362e+00,6.048007522461e+00,8.904371037173e-02
-2.231319144429e+00,9.451879451285e+00,7.886163694555e-02
-2.231241047558e+00,4.558389136307e+00,8.905272938900e-02
-2.231237153729e+00,3.109271401517e+00,8.905100821131e-02
-2.230814119246e+00,5.815245778735e+00,8.904360840740e-02
-2.230721800700e+00,7.456466941337e+00,8.903238864356e-02
-2.230530017212e+00,1.016101340164e+00,8.904605330312e-02
-2.230488118555e+00,1.563545817749e+00,8.904655179429e-02
-2.230365751251e+00,8.783600433491e+00,8.575644934784e-02
-2.230343114518e+00,6.165509023066e+00,8.903966078856e-02
-2.230104540930e+00,3.624513262776e+00,8.904763369644e-02
-2.230084240573e+00,4.107552507706e+00,8.904813200189e-02
-2.229939957796e+00,2.626232156588e+00,8.904587701757e-02
-2.229934284272e+00,9.001936084544e+00,8.414246358732e-02
-2.229759262899e+00,6.550696467948e+00,8.903506011689e-02
-2.229751592355e+00,9.840863687570e+00,6.925922460322e-02
-2.229711877704e+00,2.110990295333e+00,8.904446628941e-02
-2.229627895488e+00,5.106761176762e+00,8.904392149416e-02
-2.229478566157e+00,7.978238740141e+00,8.902465695941e-02
-2.229476892292e+00,3.141474017846e+00,8.904485551507e-02
-2.229415991221e+00,4.590591752636e+00,8.904635123510e-02
-2.229341291214e+00,5.700015281964e+00,8.903898299230e-02
-2.229248436246e+00,8.566197911212e+00,8.701783777000e-02
-2.229026165038e+00,1.004786224747e+01,5.868412955982e-02
-2.228955346969e+00,7.793771866187e+00,8.902413105542e-02
-2.228856148974e+00,1.048303956493e+00,8.904019781257e-02
-2.228792652018e+00,1.595748434078e+00,8.904062090259e-02
-2.228692017553e+00,8.163574192455e+00,8.875230745818e-02
-2.228538345680e+00,6.283737722250e+00,8.903236366230e-02
-2.228509497352e+00,9.634106688143e+00,7.533610389177e-02
-2.228437169139e+00,5.386463404778e+00,8.903783482794e-02
-2.228322681194e+00,3.656715879105e+00,8.904140002393e-02
-2.228280782537e+00,4.139755124035e+00,8.904182299412e-02
-2.228201294659e+00,2.658434772917e+00,8.903979297446e-02
-2.228004628414e+00,6.971248408362e+00,8.902601385288e-02
-2.227994812867e+00,2.143192911661e+00,8.903845635159e-02
-2.227947178753e+00,9.221178009191e+00,8.200896480005e-02
-2.227743733581e+00,7.122551945189e+00,8.902423297491e-02
-2.227716630855e+00,3.173676634175e+00,8.903869388200e-02
-2.227201251191e+00,6.820762148494e+00,8.902410141257e-02
-2.227182280737e+00,1.080506572821e+00,8.903433423262e-02
-2.227128840764e+00,7.610196424381e+00,8.901872400186e-02
-2.227097185481e+00,1.627951050406e+00,8.903468171126e-02
-2.227062747679e+00,5.585571475380e+00,8.903176038750e-02
-2.227043093454e+00,5.190241953387e+00,8.903419981869e-02
-2.226589362182e+00,8.349755328462e+00,8.803183912508e-02
-2.226540821457e+00,3.688918495433e+00,8.903515718126e-02
-2.226477324500e+00,4.171957740363e+00,8.903550459257e-02
-2.226462631522e+00,2.690637389245e+00,8.903370019805e-02
-2.226412672892e+00,7.274653862515e+00,8.901838904331e-02
-2.226330896501e+00,1.025508806270e+01,3.574156412803e-02
-2.226277748030e+00,2.175395527990e+00,8.903243789337e-02
-2.225956369418e+00,3.205879250503e+00,8.903252329241e-02
-2.225900955556e+00,6.402678663101e+00,8.902224200091e-02
-2.225508412499e+00,1.112709189150e+00,8.902846254630e-02
-2.225401718943e+00,1.660153666735e+00,8.902873420267e-02
-2.225339612747e+00,6.671112024321e+00,8.901858123262e-02
-2.225302291552e+00,9.427605536954e+00,7.927640987641e-02
-2.225208722108e+00,4.752851228673e+00,8.903061008796e-02
-2.225014915181e+00,4.833559302405e+00,8.902941850715e-02
-2.224840556319e+00,4.672835751804e+00,8.902986952244e-02
-2.224758961720e+00,3.721121111762e+00,8.902890514797e-02
-2.224723968384e+00,2.722840005574e+00,8.902759866934e-02
-2.224673866464e+00,4.204160356692e+00,8.902917677606e-02
-2.224560683193e+00,2.207598144318e+00,8.902641089644e-02
-2.224388418433e+00,8.754081653472e+00,8.595616351288e-02
-2.224254312749e+00,4.914949124173e+00,8.902621151263e-02
-2.224196107981e+00,3.238081866832e+00,8.902634372658e-02
-2.224064021991e+00,8.972338488424e+00,8.440094072978e-02
-2.224005669848e+00,7.427535226814e+00,8.900880430073e-02
-2.223984146109e+00,5.471929145190e+00,8.902159716816e-02
-2.223973259266e+00,9.816531569337e+00,7.019276337261e-02
-2.223872366205e+00,5.274359573882e+00,8.902260413965e-02
-2.223834544262e+00,1.144911805478e+00,8.902258273664e-02
-2.223706252406e+00,1.692356283063e+00,8.902277835918e-02
-2.223640051170e+00,5.903362774091e+00,8.901755999520e-02
-2.223584354944e+00,6.020020833885e+00,8.901654453899e-02
-2.223367303784e+00,1.002350190380e+01,6.041446598238e-02
-2.223164403111e+00,8.536759213439e+00,8.717720514584e-02
-2.223076712301e+00,7.949047868458e+00,8.900219759729e-02
-2.222985305247e+00,2.755042621902e+00,8.902148836927e-02
-2.222977101983e+00,3.753323728091e+00,8.902264390356e-02
-2.222922159479e+00,4.997009815329e+00,8.902091018197e-02
-2.222879467687e+00,5.787462957634e+00,8.901567477622e-02
-2.222870408427e+00,4.236362973020e+00,8.902283952329e-02
-2.222843618355e+00,2.239800760647e+00,8.902037534245e-02
-2.222706991919e+00,6.137422248971e+00,8.901278888670e-02
-2.222611832769e+00,9.609803379920e+00,7.591833931853e-02
-2.222448332547e+00,7.764666123672e+00,8.900118427378e-02
-2.222435846544e+00,3.270284483161e+00,8.902015516471e-02
-2.222425840727e+00,6.522316856165e+00,8.900922857927e-02
-2.222395718015e+00,8.134299450631e+00,8.886313580930e-02
-2.222184351324e+00,9.191502864828e+00,8.235509015992e-02
-2.222160676024e+00,1.177114421807e+00,8.901669478660e-02
-2.222010785868e+00,1.724558899391e+00,8.901681416309e-02
-2.221308083803e+00,5.672336238390e+00,8.901074980742e-02
-2.221246642110e+00,2.787245238231e+00,8.901536927872e-02
-2.221195242246e+00,3.785526344419e+00,8.901637342746e-02
-2.221126553518e+00,2.272003376975e+00,8.901433121297e-02
-2.221066950390e+00,4.268565589349e+00,8.901649281296e-02
-2.221013767665e+00,5.079730467791e+00,8.901376060448e-02
-2.221002667404e+00,6.255552097687e+00,8.900591294864e-02
-2.220977922349e+00,6.942587131421e+00,8.900125430235e-02
-2.220820131551e+00,7.093799272224e+00,8.899982368236e-02
-2.220791644567e+00,1.023070007887e+01,3.997491343273e-02
-2.220675585107e+00,3.302487099489e+00,8.901395758695e-02
-2.220517065393e+00,7.581177068211e+00,8.899540873901e-02
-2.220486807786e+00,1.209317038136e+00,8.901079867911e-02
-2.220399004844e+00,8.320397977343e+00,8.816164232092e-02
-2.220315319331e+00,1.756761515720e+00,8.901084159663e-02
-2.220111235648e+00,5.359103041832e+00,8.900859364395e-02
-2.220071869886e+00,6.792193515105e+00,8.899901244513e-02
-2.219592597875e+00,7.245811043037e+00,8.899440383071e-02
-2.219507978973e+00,2.819447854559e+00,8.900924137852e-02
-2.219413382509e+00,3.817728960748e+00,8.901009369904e-02
-2.219409488681e+00,2.304205993303e+00,8.900827848954e-02
-2.219285438675e+00,9.403331622622e+00,7.967291080409e-02
-2.219263492353e+00,4.300768205678e+00,8.901013662367e-02
-2.218931470857e+00,5.557997435533e+00,8.900322197435e-02
-2.218915323670e+00,3.334689715818e+00,8.900775097339e-02
-2.218812939549e+00,1.241519654464e+00,8.900489439702e-02
-2.218619852793e+00,1.788964132048e+00,8.900486064201e-02
-2.218524517420e+00,5.163100144430e+00,8.900421345049e-02
-2.218466179345e+00,6.374395425269e+00,8.899603573679e-02
-2.218411085615e+00,8.724562873453e+00,8.614925512986e-02
-2.218194926177e+00,9.792199451103e+00,7.106721000105e-02
-2.218193759709e+00,8.942740892305e+00,8.464968714002e-02
-2.218107990807e+00,6.642637279997e+00,8.899315036193e-02
-2.217769315836e+00,2.851650470888e+00,8.900310464946e-02
-2.217708442530e+00,9.999141560136e+00,6.199858764883e-02
-2.217692423843e+00,2.336408609632e+00,8.900221715365e-02
-2.217631522773e+00,3.849931577077e+00,8.900380469760e-02
-2.217460034317e+00,4.332970822006e+00,8.900377093395e-02
-2.217289538997e+00,7.398603512291e+00,8.898510288527e-02
-2.217155062233e+00,3.366892332147e+00,8.900153530408e-02
-2.217139071311e+00,1.273722270792e+00,8.899898192318e-02
-2.217080369976e+00,8.507320515666e+00,8.733182740885e-02
-2.216924386256e+00,1.821166748377e+00,8.899887128138e-02
-2.216714168187e+00,9.585500071697e+00,7.647108375553e-02
-2.216674858444e+00,7.919856996775e+00,8.897963144183e-02
-2.216421523894e+00,9.161827720465e+00,8.268626843023e-02
-2.216217648808e+00,4.726277016333e+00,8.899899606512e-02
-2.216117277737e+00,4.806869156334e+00,8.899800060177e-02
-2.216099418477e+00,8.105024708806e+00,8.897121247304e-02
-2.216030652699e+00,2.883853087217e+00,8.899695907227e-02
-2.215975359006e+00,2.368611225960e+00,8.899614718671e-02
-2.215941318125e+00,7.735560381157e+00,8.897812559891e-02
-2.215849663036e+00,3.882134193405e+00,8.899750640240e-02
-2.215848251526e+00,5.992034145309e+00,8.898922871497e-02
-2.215804436185e+00,5.875477403913e+00,8.898996691428e-02
-2.215756590194e+00,4.646378675402e+00,8.899777888183e-02
-2.215755292028e+00,5.444461332987e+00,8.899251606317e-02
-2.215656576280e+00,4.365173438335e+00,8.899739572230e-02
-2.215465203073e+00,1.305924887121e+00,8.899306124036e-02
-2.215450648585e+00,4.888144249097e+00,8.899525040808e-02
-2.215449856836e+00,5.247107879471e+00,8.899279175975e-02
-2.215394800796e+00,3.399094948475e+00,8.899531055898e-02
-2.215252392632e+00,1.020631209503e+01,4.366922261325e-02
-2.215228919718e+00,1.853369364705e+00,8.899287349682e-02
-2.215092418555e+00,6.493937244382e+00,8.898325901115e-02
-2.215070869320e+00,6.109335474877e+00,8.898574342522e-02
-2.214944816128e+00,5.759680136532e+00,8.898758333844e-02
-2.214291989562e+00,2.916055703545e+00,8.899080462761e-02
-2.214258294169e+00,2.400813842289e+00,8.899006857012e-02
-2.214213000399e+00,4.970091418465e+00,8.899013523164e-02
-2.214208647506e+00,8.291040626224e+00,8.828796075182e-02
-2.214067803299e+00,3.914336809734e+00,8.899119879262e-02
-2.213951216283e+00,6.913925854481e+00,8.897636690259e-02
-2.213905290021e+00,7.552157712041e+00,8.897197866041e-02
-2.213896529520e+00,7.065046599260e+00,8.897525549345e-02
-2.213853118244e+00,4.397376054664e+00,8.899101096713e-02
-2.213791334836e+00,1.338127503449e+00,8.898713233128e-02
-2.213634539359e+00,3.431297564804e+00,8.898907671802e-02
-2.213533453181e+00,1.885571981034e+00,8.898686727040e-02
-2.213466989127e+00,6.227366473125e+00,8.897931968677e-02
-2.213274876392e+00,5.644657194817e+00,8.898235696849e-02
-2.213268585798e+00,9.379057708290e+00,8.005251391641e-02
-2.212942488581e+00,6.763624881716e+00,8.897379308997e-02
-2.212772522859e+00,7.216968223558e+00,8.897029849765e-02
-2.212553326425e+00,2.948258319874e+00,8.898464129609e-02
-2.212541229331e+00,2.433016458617e+00,8.898398128519e-02
-2.212433752797e+00,8.695044093434e+00,8.633604435437e-02
-2.212416593088e+00,9.767867332870e+00,7.188798380874e-02
-2.212399639842e+00,5.052699758820e+00,8.898324828521e-02
-2.212323497428e+00,8.913143296186e+00,8.488923623659e-02
-2.212285943562e+00,3.946539426063e+00,8.898488184739e-02
-2.212117466598e+00,1.370330119778e+00,8.898119517864e-02
-2.212049660207e+00,4.429578670992e+00,8.898461664679e-02
-2.212049581276e+00,9.974781216470e+00,6.345423935290e-02
-2.211874277922e+00,3.463500181132e+00,8.898283376105e-02
-2.211837986643e+00,1.917774597362e+00,8.898085258411e-02
-2.211785302156e+00,5.331742678885e+00,8.897918397692e-02
-2.211031403135e+00,6.346112187438e+00,8.896968871480e-02
-2.210996336840e+00,8.477881817894e+00,8.748191179975e-02
-2.210876368867e+00,6.614162535672e+00,8.896751225458e-02
-2.210824164494e+00,2.465219074946e+00,8.897788531319e-02
-2.210816503605e+00,9.561196763474e+00,7.699651138636e-02
-2.210814663287e+00,2.980460936203e+00,8.897846905827e-02
-2.210800194036e+00,5.530423395685e+00,8.897439186613e-02
-2.210658696464e+00,9.132152576102e+00,8.300343536176e-02
-2.210573408146e+00,7.369671797768e+00,8.896128365622e-02
-2.210504083825e+00,3.978742042391e+00,8.897855554578e-02
-2.210443598361e+00,1.402532736107e+00,8.897524976507e-02
-2.210273004587e+00,7.890666125092e+00,8.895687051563e-02
-2.210246202170e+00,4.461781287321e+00,8.897821273957e-02
-2.210142520106e+00,1.949977213691e+00,8.897482941990e-02
-2.210114016485e+00,3.495702797461e+00,8.897658166789e-02
-2.210005941385e+00,5.135958335472e+00,8.897405133805e-02
-2.209803118939e+00,8.075749966981e+00,8.895388829263e-02
-2.209713140698e+00,1.018192411119e+01,4.692119877016e-02
-2.209434303703e+00,7.706454638642e+00,8.895495432017e-02
-2.209107099657e+00,2.497421691274e+00,8.897178063535e-02
-2.209076000150e+00,3.012663552531e+00,8.897228789466e-02
-2.208769730123e+00,1.434735352435e+00,8.896929607316e-02
-2.208722224089e+00,4.010944658720e+00,8.897221986679e-02
-2.208447053569e+00,1.982179830019e+00,8.896879775965e-02
-2.208442744134e+00,4.493983903650e+00,8.897179922370e-02
-2.208353755048e+00,3.527905413790e+00,8.897032041828e-02
-2.208112148108e+00,5.964047456733e+00,8.896176193064e-02
-2.208018290168e+00,8.261683275105e+00,8.841093228964e-02
-2.207968821201e+00,5.847592033735e+00,8.896218946735e-02
-2.207758996384e+00,6.465557632599e+00,8.895715050856e-02
-2.207526437948e+00,5.416993520784e+00,8.896326711880e-02
-2.207434746721e+00,6.081248700782e+00,8.895854887582e-02
-2.207432642272e+00,9.352045039592e+00,8.045326227587e-02
-2.207390034820e+00,2.529624307603e+00,8.896566723284e-02
-2.207337337013e+00,3.044866168860e+00,8.896609778570e-02
-2.207293514650e+00,7.523138355871e+00,8.894843303776e-02
-2.207226575508e+00,4.699702803992e+00,8.896712247906e-02
-2.207219640293e+00,4.780179010262e+00,8.896639332560e-02
-2.207095861886e+00,1.466937968764e+00,8.896333408544e-02
-2.207027347467e+00,5.219856185059e+00,8.896280417262e-02
-2.207010164570e+00,5.731897315429e+00,8.895933306486e-02
-2.206972927490e+00,7.036293926295e+00,8.895056115835e-02
-2.206940364352e+00,4.043147275049e+00,8.896587478938e-02
-2.206924510217e+00,6.885264577541e+00,8.895135082736e-02
-2.206751587031e+00,2.014382446347e+00,8.896275758524e-02
-2.206672624068e+00,4.619921599001e+00,8.896549270093e-02
-2.206646984421e+00,4.861339374021e+00,8.896392595061e-02
-2.206639286097e+00,4.526186519978e+00,8.896537607733e-02
-2.206638259998e+00,9.743535214637e+00,7.265986133148e-02
-2.206593493611e+00,3.560108030119e+00,8.896404999190e-02
-2.206456419979e+00,8.665525313415e+00,8.651683133069e-02
-2.206453235146e+00,8.883545700066e+00,8.512008350584e-02
-2.206390720022e+00,9.950420872804e+00,6.479640648911e-02
-2.205952447843e+00,7.188125404080e+00,8.894601646395e-02
-2.205931310851e+00,6.199180848563e+00,8.895251908946e-02
-2.205813107276e+00,6.735056248326e+00,8.894844251155e-02
-2.205672969982e+00,2.561826923931e+00,8.895954508675e-02
-2.205598673876e+00,3.077068785189e+00,8.895989871178e-02
-2.205503841318e+00,4.943173021601e+00,8.895917717532e-02
-2.205421993648e+00,1.499140585092e+00,8.895736378441e-02
-2.205405036646e+00,1.038928169711e+01,6.608629179864e-06
-2.205241668980e+00,5.616978151243e+00,8.895380345986e-02
-2.205158504615e+00,4.075349891377e+00,8.895952029241e-02
-2.205056120494e+00,2.046585062676e+00,8.895670887843e-02
-2.204918839022e+00,9.536893455250e+00,7.749658797701e-02
-2.204912303705e+00,8.448443120121e+00,8.762765385909e-02
-2.204895869034e+00,9.102477431739e+00,8.330745090743e-02
-2.204835828060e+00,4.558389136307e+00,8.895894327856e-02
-2.204833232174e+00,3.592310646447e+00,8.895777036839e-02
-2.204173888764e+00,1.015753612735e+01,4.980572178066e-02
-2.203955905145e+00,2.594029540260e+00,8.895341417817e-02
-2.203871150731e+00,7.861475253410e+00,8.893394545338e-02
-2.203860010739e+00,3.109271401517e+00,8.895369065324e-02
-2.203857277295e+00,7.340740083244e+00,8.893734586865e-02
-2.203785512019e+00,5.025669049849e+00,8.895247754896e-02
-2.203748125410e+00,1.531343201420e+00,8.895138515251e-02
-2.203644746927e+00,6.585687791348e+00,8.894163415954e-02
-2.203596626924e+00,6.317828949606e+00,8.894320002577e-02
-2.203506819400e+00,8.046475225157e+00,8.893144151765e-02
-2.203459368664e+00,5.304382315938e+00,8.894960478774e-02
-2.203376644878e+00,4.107552507706e+00,8.895315635471e-02
-2.203360653956e+00,2.078787679004e+00,8.895065162100e-02
-2.203072970737e+00,3.624513262776e+00,8.895148152730e-02
-2.203032370024e+00,4.590591752636e+00,8.895250080543e-02
-2.202927289281e+00,7.677348896126e+00,8.893166972274e-02
-2.202668917215e+00,5.502849355838e+00,8.894530151913e-02
-2.202575119701e+00,7.812500250012e-02,8.909971160667e-02
-2.202575119701e+00,1.093750035002e-01,8.907910921016e-02
-2.202575119701e+00,2.031250065004e-01,8.902574396121e-02
-2.202575119701e+00,2.343750075005e-01,8.901086546076e-02
-2.202575119701e+00,2.656250085005e-01,8.899748473459e-02
-2.202575119701e+00,2.968750095005e-01,8.898562413560e-02
-2.202575119701e+00,3.281250105004e-01,8.897530364350e-02
-2.202575119701e+00,3.593750115003e-01,8.896654077141e-02
-2.202575119701e+00,3.906250125003e-01,8.895935048306e-02
-2.202575119701e+00,4.218750135002e-01,8.895374512137e-02
-2.202575119701e+00,4.531250145001e-01,8.894973434905e-02
-2.202575119701e+00,4.843750155000e-01,8.894732510185e-02
-2.202575119701e+00,5.156250165000e-01,8.894652155480e-02
-2.202575119701e+00,5.468750175000e-01,8.894652155480e-02
-2.202575119701e+00,5.781250185000e-01,8.894652155480e-02
-2.202575119701e+00,6.093750195000e-01,8.894652155480e-02
-2.202575119701e+00,6.406250204999e-01,8.894652155480e-02
-2.202575119701e+00,6.718750215000e-01,8.894652155480e-02
-2.202575119701e+00,7.031250225000e-01,8.894652155480e-02
-2.202575119701e+00,7.343750234999e-01,8.894652155480e-02
-2.202575119701e+00,7.656250244999e-01,8.894652155480e-02
-2.202575119701e+00,7.968750254999e-01,8.894652155480e-02
-2.202575119701e+00,8.281250264999e-01,8.894652155480e-02
-2.202575119701e+00,8.593750274999e-01,8.894652155480e-02
-2.202575119701e+00,8.906250285000e-01,8.894652155480e-02
-2.202575119701e+00,9.218750295000e-01,8.894652155480e-02
-2.202575119701e+00,9.531250305000e-01,8.894652155480e-02
-2.202575119701e+00,9.843750315000e-01,8.894652155480e-02
-2.202575119701e+00,1.562500050003e-02,8.914494519081e-02
-2.202575119701e+00,4.687500150008e-02,8.912166831676e-02
-2.202575119701e+00,1.406250045003e-01,8.905989363567e-02
-2.202575119701e+00,1.718750055004e-01,8.904209561311e-02
-2.202238840308e+00,2.626232156588e+00,8.894727448808e-02
-2.202121347602e+00,3.141474017846e+00,8.894747359036e-02
-2.202074257173e+00,1.563545817749e+00,8.894539817215e-02
-2.201827932830e+00,8.232325923986e+00,8.853068779013e-02
-2.201777608097e+00,9.322293616527e+00,8.087131561410e-02
-2.201748984732e+00,1.016101340164e+00,8.894356463358e-02
-2.201665187419e+00,2.110990295333e+00,8.894458579462e-02
-2.201594785141e+00,4.139755124035e+00,8.894678295503e-02
-2.201487365351e+00,5.108816526515e+00,8.894371240711e-02
-2.201312709300e+00,3.656715879105e+00,8.894518344815e-02
-2.200859926909e+00,9.719203096404e+00,7.338706888119e-02
-2.200731858768e+00,9.926060529139e+00,6.603783136307e-02
-2.200681739278e+00,7.494118999701e+00,8.892477113866e-02
-2.200582972865e+00,8.853948103947e+00,8.534268980047e-02
-2.200521775470e+00,2.658434772917e+00,8.894112599745e-02
-2.200479087161e+00,8.636006533396e+00,8.669189772012e-02
-2.200425574212e+00,6.437178020815e+00,8.893090216357e-02
-2.200400388935e+00,1.595748434078e+00,8.893940282565e-02
-2.200382684465e+00,3.173676634175e+00,8.894124750335e-02
-2.200376044690e+00,5.936060768157e+00,8.893414321423e-02
-2.200133206216e+00,5.819706663556e+00,8.893407824304e-02
-2.200096714794e+00,1.048303956493e+00,8.893764467239e-02
-2.200049325460e+00,7.007541253331e+00,8.892573985778e-02
-2.199985528655e+00,1.036486665902e+01,1.009110654619e-02
-2.199969720881e+00,2.143192911661e+00,8.893851138094e-02
-2.199897804152e+00,6.856603300601e+00,8.892620524636e-02
-2.199812925404e+00,4.171957740363e+00,8.894040007208e-02
-2.199798624123e+00,6.053161926687e+00,8.893120426156e-02
-2.199552447863e+00,3.688918495433e+00,8.893887611040e-02
-2.199297583867e+00,5.389525708581e+00,8.893384926899e-02
-2.199133041604e+00,9.072802287377e+00,8.359910669197e-02
-2.199132372827e+00,7.159282584602e+00,8.892150645881e-02
-2.199075513010e+00,5.704114494328e+00,8.893092292378e-02
-2.199021174440e+00,9.512590147027e+00,7.797309526775e-02
-2.198828270570e+00,8.419004422348e+00,8.776923823714e-02
-2.198804710633e+00,2.690637389245e+00,8.893496868716e-02
-2.198726520697e+00,1.627951050406e+00,8.893339909534e-02
-2.198683725971e+00,6.706487614937e+00,8.892295987055e-02
-2.198644021327e+00,3.205879250503e+00,8.893501237239e-02
-2.198634636830e+00,1.013314814351e+01,5.238167352163e-02
-2.198604838098e+00,5.192604490647e+00,8.893264026906e-02
-2.198444444856e+00,1.080506572821e+00,8.893171653866e-02
-2.198395632575e+00,6.170995224001e+00,8.892544124245e-02
-2.198322002850e+00,4.753488864191e+00,8.893459556450e-02
-2.198274254344e+00,2.175395527990e+00,8.893242836156e-02
-2.198235502208e+00,4.673128591651e+00,8.893484767338e-02
-2.198031065668e+00,4.204160356692e+00,8.893400768449e-02
-2.197843320257e+00,4.834534498945e+00,8.893232681984e-02
-2.197792186427e+00,3.721121111762e+00,8.893255949342e-02
-2.197469296874e+00,7.832284381727e+00,8.891090924818e-02
-2.197210519862e+00,8.017200483333e+00,8.890885918989e-02
-2.197208461569e+00,5.589299107669e+00,8.892508826446e-02
-2.197141146443e+00,7.311808368721e+00,8.891328877370e-02
-2.197087645796e+00,2.722840005574e+00,8.892880253807e-02
-2.197052652460e+00,1.660153666735e+00,8.892738696344e-02
-2.196905358190e+00,3.238081866832e+00,8.892876817758e-02
-2.196794682238e+00,4.916254624737e+00,8.892803491428e-02
-2.196792174919e+00,1.112709189150e+00,8.892578021530e-02
-2.196578787807e+00,2.207598144318e+00,8.892633671801e-02
-2.196420274859e+00,7.648243153611e+00,8.890827108767e-02
-2.196413124987e+00,6.557213047024e+00,8.891561806953e-02
-2.196249205931e+00,4.236362973020e+00,8.892760577081e-02
-2.196161850714e+00,6.289545711775e+00,8.891656875708e-02
-2.196122573922e+00,9.292542193463e+00,8.126947287568e-02
-2.196031924990e+00,3.753323728091e+00,8.892623357654e-02
-2.195637575493e+00,8.202968572867e+00,8.864735153010e-02
-2.195378784222e+00,1.692356283063e+00,8.892136641216e-02
-2.195370580959e+00,2.755042621902e+00,8.892262753097e-02
-2.195171384196e+00,4.998638340878e+00,8.892152293801e-02
-2.195166695053e+00,3.270284483161e+00,8.892251489896e-02
-2.195139904981e+00,1.144911805478e+00,8.891983568519e-02
-2.195133435172e+00,5.277021952992e+00,8.891962555266e-02
-2.195081593820e+00,9.694870978171e+00,7.407335955979e-02
-2.195072997514e+00,9.901700185473e+00,6.718941775546e-02
-2.194883321269e+00,2.239800760647e+00,8.892023643178e-02
-2.194712710583e+00,8.824350507827e+00,8.555687116353e-02
-2.194566020663e+00,1.034045162094e+01,1.829914422426e-02
-2.194537640394e+00,5.475275315991e+00,8.891604300735e-02
-2.194501754344e+00,8.606487753377e+00,8.686150809244e-02
-2.194467346194e+00,4.268565589349e+00,8.892119430956e-02
-2.194271663553e+00,3.785526344419e+00,8.891989833905e-02
-2.194069963906e+00,7.465099643531e+00,8.890099222665e-02
-2.193704915985e+00,1.724558899391e+00,8.891533742365e-02
-2.193653516121e+00,2.787245238231e+00,8.891644364659e-02
-2.193487635043e+00,1.177114421807e+00,8.891388293115e-02
-2.193428031916e+00,3.302487099489e+00,8.891625251655e-02
-2.193370214175e+00,9.043127143014e+00,8.387913262292e-02
-2.193187854732e+00,2.272003376975e+00,8.891412748431e-02
-2.193125723430e+00,6.978788580366e+00,8.890079076812e-02
-2.193123509858e+00,9.488286838804e+00,7.842765201785e-02
-2.193095384895e+00,1.010876015968e+01,5.469599369674e-02
-2.193092152040e+00,6.408798409032e+00,8.890451306429e-02
-2.192968789317e+00,5.081674717557e+00,8.891317349280e-02
-2.192871098086e+00,6.827942023661e+00,8.890092932520e-02
-2.192744237435e+00,8.389565724575e+00,8.790683943787e-02
-2.192685486457e+00,4.300768205678e+00,8.891477327919e-02
-2.192639941272e+00,5.908074079581e+00,8.890637159132e-02
-2.192511402116e+00,3.817728960748e+00,8.891355376013e-02
-2.192312297811e+00,7.130439765124e+00,8.889687118873e-02
-2.192297591231e+00,5.791821293378e+00,8.890580803381e-02
-2.192162501524e+00,6.025075152592e+00,8.890370860209e-02
-2.192031047747e+00,1.756761515720e+00,8.890929998002e-02
-2.191936451284e+00,2.819447854559e+00,8.891025086560e-02
-2.191835365105e+00,1.209317038136e+00,8.890792193597e-02
-2.191689368779e+00,3.334689715818e+00,8.890998101026e-02
-2.191554344666e+00,6.677918981547e+00,8.889727305100e-02
-2.191492388194e+00,2.304205993303e+00,8.890800985699e-02
-2.191140861452e+00,5.676331673226e+00,8.890235188122e-02
-2.191068729787e+00,5.362057896378e+00,8.890426144717e-02
-2.191067443017e+00,7.803093510044e+00,8.888776119515e-02
-2.190914220324e+00,7.987925741508e+00,8.888605871625e-02
-2.190903626720e+00,4.332970822006e+00,8.890834265806e-02
-2.190859954298e+00,6.142809599438e+00,8.889821427327e-02
-2.190751140679e+00,3.849931577077e+00,8.890719981896e-02
-2.190467539747e+00,9.262790770399e+00,8.164926511143e-02
-2.190425015592e+00,7.282876654197e+00,8.888910808423e-02
-2.190357179509e+00,1.788964132048e+00,8.890325406330e-02
-2.190219386447e+00,2.851650470888e+00,8.890404916864e-02
-2.190183095167e+00,1.241519654464e+00,8.890195268236e-02
-2.190182328730e+00,5.165352796236e+00,8.890229894037e-02
-2.189950705642e+00,3.366892332147e+00,8.890370035998e-02
-2.189913260437e+00,7.619137411096e+00,8.888475769183e-02
-2.189796921657e+00,2.336408609632e+00,8.890188353114e-02
-2.189447218155e+00,8.173611221748e+00,8.876104161259e-02
-2.189424365406e+00,4.726798718120e+00,8.890260621025e-02
-2.189414136261e+00,9.877339841807e+00,6.826055097385e-02
-2.189303260731e+00,9.670538859937e+00,7.472207768991e-02
-2.189244428908e+00,4.646554379311e+00,8.890237491837e-02
-2.189181503047e+00,6.528738302699e+00,8.888946307586e-02
-2.189175254159e+00,5.561620064095e+00,8.889611642067e-02
-2.189146512672e+00,1.031603658286e+01,2.510604027724e-02
-2.189121766984e+00,4.365173438335e+00,8.890190242450e-02
-2.189039656093e+00,4.807729623870e+00,8.890053617883e-02
-2.188990879242e+00,3.882134193405e+00,8.890083649461e-02
-2.188842448302e+00,8.794752911708e+00,8.576369977293e-02
-2.188727074503e+00,6.261262473943e+00,8.888979399278e-02
-2.188683311272e+00,1.821166748377e+00,8.889719965552e-02
-2.188530825230e+00,1.273722270792e+00,8.889597515301e-02
-2.188524421526e+00,8.576968973357e+00,8.702591119459e-02
-2.188502321609e+00,2.883853087217e+00,8.889783853628e-02
-2.188212042504e+00,3.399094948475e+00,8.889741054553e-02
-2.188101455119e+00,2.368611225960e+00,8.889574848804e-02
-2.188085523158e+00,4.889336227873e+00,8.889670735375e-02
-2.187607386745e+00,9.013451998651e+00,8.414820275440e-02
-2.187556132961e+00,1.008437217584e+01,5.678656132337e-02
-2.187458188535e+00,7.436080287361e+00,8.887709556126e-02
-2.187339907247e+00,4.397376054664e+00,8.889545255675e-02
-2.187230617805e+00,3.914336809734e+00,8.889446376610e-02
-2.187225845275e+00,9.463983530581e+00,7.886173222683e-02
-2.187009443034e+00,1.853369364705e+00,8.889113673861e-02
-2.186878555292e+00,1.305924887121e+00,8.888998933057e-02
-2.186807501680e+00,5.249661590045e+00,8.888945888993e-02
-2.186785256772e+00,2.916055703545e+00,8.889161894901e-02
-2.186660204299e+00,8.360127026803e+00,8.804036847461e-02
-2.186557256374e+00,4.971607631907e+00,8.889038331064e-02
-2.186473379367e+00,3.431297564804e+00,8.889111154667e-02
-2.186406363573e+00,5.447701276143e+00,8.888661524070e-02
-2.186405988582e+00,2.400813842289e+00,8.888960470893e-02
-2.186202121400e+00,6.950035907402e+00,8.887571306146e-02
-2.185844392020e+00,6.799280746721e+00,8.887552222551e-02
-2.185758729869e+00,6.380418797249e+00,8.887798229500e-02
-2.185558047510e+00,4.429578670992e+00,8.888899303301e-02
-2.185492222795e+00,7.101596945646e+00,8.887210983807e-02
-2.185470356368e+00,3.946539426063e+00,8.888808161241e-02
-2.185335574796e+00,1.885571981034e+00,8.888506529447e-02
-2.185226285354e+00,1.338127503449e+00,8.888399519760e-02
-2.185068191935e+00,2.948258319874e+00,8.888539038732e-02
-2.184903837854e+00,5.880087391005e+00,8.887838411947e-02
-2.184812505572e+00,9.233039347334e+00,8.201191769620e-02
-2.184734716230e+00,3.463500181132e+00,8.888480334310e-02
-2.184710522044e+00,2.433016458617e+00,8.888345217497e-02
-2.184665589160e+00,7.773902638361e+00,8.886450058519e-02
-2.184617920786e+00,7.958650999684e+00,8.886314853106e-02
-2.184526378925e+00,5.996988378497e+00,8.887606091380e-02
-2.184461976247e+00,5.763935923200e+00,8.887737779218e-02
-2.184450213283e+00,5.054532908600e+00,8.888222227097e-02
-2.184424963361e+00,6.649350348157e+00,8.887134373537e-02
-2.183776187773e+00,4.461781287321e+00,8.888252383140e-02
-2.183755275007e+00,9.852979498141e+00,6.925935329615e-02
-2.183727004681e+00,1.029162154478e+01,3.084219861411e-02
-2.183710094931e+00,3.978742042391e+00,8.888169001244e-02
-2.183708884741e+00,7.253944939674e+00,8.886464988729e-02
-2.183661706559e+00,1.917774597362e+00,8.887898530497e-02
-2.183574015416e+00,1.370330119778e+00,8.887799273667e-02
-2.183524927641e+00,9.646206741704e+00,7.533621299739e-02
-2.183406246015e+00,7.590031668581e+00,8.886112880796e-02
-2.183351127098e+00,2.980460936203e+00,8.887915283160e-02
-2.183324276022e+00,6.114623974876e+00,8.887083719538e-02
-2.183256860817e+00,8.144253870629e+00,8.885701342966e-02
-2.183206209893e+00,5.648548852124e+00,8.887361890110e-02
-2.183015055507e+00,2.465219074946e+00,8.887729086728e-02
-2.182996053093e+00,3.495702797461e+00,8.887848591447e-02
-2.182972186020e+00,8.765155315588e+00,8.596354929210e-02
-2.182839875707e+00,5.334590084175e+00,8.887450258654e-02
-2.182547088708e+00,8.547450193338e+00,8.718534110887e-02
-2.182016881027e+00,1.005998419200e+01,5.868428031080e-02
-2.181994328036e+00,4.493983903650e+00,8.887604492996e-02
-2.181987838321e+00,1.949977213691e+00,8.887289675189e-02
-2.181949881107e+00,6.500263558375e+00,8.886316826551e-02
-2.181949833494e+00,4.010944658720e+00,8.887528894502e-02
-2.181921745479e+00,1.402532736107e+00,8.887198193025e-02
-2.181844559315e+00,8.983776854289e+00,8.440694049993e-02
-2.181759819361e+00,5.138101101825e+00,8.887177907873e-02
-2.181634062260e+00,3.012663552531e+00,8.887290626220e-02
-2.181328180693e+00,9.439680222358e+00,7.927631965427e-02
-2.181319588970e+00,2.497421691274e+00,8.887112076695e-02
-2.181292298293e+00,6.232979236112e+00,8.886270893184e-02
-2.181257389956e+00,3.527905413790e+00,8.887215924036e-02
-2.181142046748e+00,5.533941020521e+00,8.886684619399e-02
-2.180846413163e+00,7.407060931191e+00,8.885308039791e-02
-2.180576171164e+00,8.330688329030e+00,8.817019392556e-02
-2.180526727962e+00,4.700108572049e+00,8.887033218529e-02
-2.180313970084e+00,1.982179830019e+00,8.886679961698e-02
-2.180269475541e+00,1.434735352435e+00,8.886596276079e-02
-2.180253355607e+00,4.619980166970e+00,8.886970304273e-02
-2.180235991929e+00,4.780924748793e+00,8.886855286565e-02
-2.180212468300e+00,4.526186519978e+00,8.886955630671e-02
-2.180189572057e+00,4.043147275049e+00,8.886887838895e-02
-2.179916997423e+00,3.044866168860e+00,8.886665065940e-02
-2.179624122432e+00,2.529624307603e+00,8.886494185496e-02
-2.179518726819e+00,3.560108030119e+00,8.886582330030e-02
-2.179376364077e+00,4.862417831009e+00,8.886495122227e-02
-2.179278519370e+00,6.921283234437e+00,8.885050590563e-02
-2.179157471398e+00,9.203287924269e+00,8.235855042318e-02
-2.178817685955e+00,6.770619469781e+00,8.884998310492e-02
-2.178672147779e+00,7.072754126168e+00,8.884722158668e-02
-2.178640101846e+00,2.014382446347e+00,8.886069388196e-02
-2.178617205603e+00,1.466937968764e+00,8.885993521069e-02
-2.178481568188e+00,5.222301227098e+00,8.885911429051e-02
-2.178430608563e+00,4.558389136307e+00,8.886305793955e-02
-2.178429310620e+00,4.075349891377e+00,8.886245832292e-02
-2.178425307697e+00,6.352039185466e+00,8.885130893619e-02
-2.178321621248e+00,7.929376257859e+00,8.884012793974e-02
-2.178307496689e+00,1.026720650669e+01,3.574171089077e-02
-2.178275086751e+00,5.420127236296e+00,8.885701712767e-02
-2.178263735304e+00,7.744711766679e+00,8.884112670499e-02
-2.178199932586e+00,3.077068785189e+00,8.886038600345e-02
-2.178096413753e+00,9.828619154476e+00,7.019288952635e-02
-2.177943128551e+00,4.944576922936e+00,8.885905752753e-02
-2.177928655895e+00,2.561826923931e+00,8.885875411230e-02
-2.177780063682e+00,3.592310646447e+00,8.885947807375e-02
-2.177746594552e+00,9.621874623471e+00,7.591844639833e-02
-2.177295582056e+00,6.620781714768e+00,8.884527647214e-02
-2.177167734436e+00,5.852100702429e+00,8.885009083343e-02
-2.177101923739e+00,8.735557719468e+00,8.615676278886e-02
-2.177066503479e+00,8.114896519510e+00,8.883433082560e-02
-2.176992753890e+00,7.225013225151e+00,8.884006730368e-02
-2.176966233608e+00,2.046585062676e+00,8.885457952846e-02
-2.176964935665e+00,1.499140585092e+00,8.885389926229e-02
-2.176899231593e+00,7.560925926066e+00,8.883738370462e-02
-2.176890256326e+00,5.968901604402e+00,8.884826020995e-02
-2.176669049183e+00,4.107552507706e+00,8.885602872561e-02
-2.176648748826e+00,4.590591752636e+00,8.885654980635e-02
-2.176626361262e+00,5.736050553021e+00,8.884878646772e-02
-2.176569755890e+00,8.517931413319e+00,8.734001831157e-02
-2.176482867748e+00,3.109271401517e+00,8.885411227452e-02
-2.176477629093e+00,1.003559620816e+01,6.041461432384e-02
-2.176233189357e+00,2.594029540260e+00,8.885255751986e-02
-2.176081731885e+00,8.954101709926e+00,8.465592327582e-02
-2.176041400544e+00,3.624513262776e+00,8.885312354013e-02
-2.175931637249e+00,5.027391099642e+00,8.885108534006e-02
-2.175788597746e+00,6.086438350314e+00,8.884330901844e-02
-2.175430516111e+00,9.415376914135e+00,7.967282684826e-02
-2.175312665728e+00,1.531343201420e+00,8.884785489789e-02
-2.175292365371e+00,2.078787679004e+00,8.884845653807e-02
-2.175271558333e+00,5.620766031022e+00,8.884472294542e-02
-2.174908787746e+00,4.139755124035e+00,8.884958957560e-02
-2.174765802911e+00,3.141474017846e+00,8.884782945273e-02
-2.174718259167e+00,6.471788814050e+00,8.883673272130e-02
-2.174611021626e+00,5.307122271973e+00,8.884443632484e-02
-2.174537722820e+00,2.626232156588e+00,8.884635205850e-02
-2.174492138029e+00,8.301249631257e+00,8.829653012579e-02
-2.174302737407e+00,3.656715879105e+00,8.884675967878e-02
-2.174234637792e+00,7.378041575021e+00,8.882894598807e-02
-2.173857522082e+00,6.204695998280e+00,8.883544557914e-02
-2.173783288071e+00,2.656250085005e-01,8.889445966359e-02
-2.173783288071e+00,7.656250244999e-01,8.884155821056e-02
-2.173783288071e+00,7.812500250012e-02,8.900049823466e-02
-2.173783288071e+00,1.093750035002e-01,8.897913578138e-02
-2.173783288071e+00,2.343750075005e-01,8.890834508464e-02
-2.173783288071e+00,2.968750095005e-01,8.888215024421e-02
-2.173783288071e+00,5.156250165000e-01,8.884155821056e-02
-2.173783288071e+00,5.468750175000e-01,8.884155821056e-02
-2.173783288071e+00,5.781250185000e-01,8.884155821056e-02
-2.173783288071e+00,6.406250204999e-01,8.884155821056e-02
-2.173783288071e+00,6.718750214999e-01,8.884155821056e-02
-2.173783288071e+00,7.343750234999e-01,8.884155821056e-02
-2.173783288071e+00,7.968750254999e-01,8.884155821056e-02
-2.173783288071e+00,8.906250285000e-01,8.884155821056e-02
-2.173783288071e+00,9.218750295000e-01,8.884155821056e-02
-2.173783288071e+00,9.531250305000e-01,8.884155821056e-02
-2.173783288071e+00,9.843750315000e-01,8.884155821056e-02
-2.173783288071e+00,1.562500050003e-02,8.904738625425e-02
-2.173783288071e+00,4.687500150008e-02,8.902326046993e-02
-2.173783288071e+00,1.406250045003e-01,8.895920762106e-02
-2.173783288071e+00,1.718750055004e-01,8.894074639369e-02
-2.173783288071e+00,2.031250065004e-01,8.892378272420e-02
-2.173783288071e+00,3.281250105004e-01,8.887143809169e-02
-2.173783288071e+00,3.593750115003e-01,8.886234185136e-02
-2.173783288071e+00,3.906250125003e-01,8.885487745837e-02
-2.173783288071e+00,4.218750135002e-01,8.884905805967e-02
-2.173783288071e+00,4.531250145001e-01,8.884489394915e-02
-2.173783288071e+00,4.843750155000e-01,8.884239251655e-02
-2.173783288071e+00,6.093750195000e-01,8.884155821056e-02
-2.173783288071e+00,7.031250225000e-01,8.884155821056e-02
-2.173783288071e+00,8.281250264999e-01,8.884155821056e-02
-2.173783288071e+00,8.593750274999e-01,8.884155821056e-02
-2.173660395790e+00,1.563545817749e+00,8.884180209974e-02
-2.173618497133e+00,2.110990295333e+00,8.884232489235e-02
-2.173502437223e+00,9.173536501205e+00,8.269018853904e-02
-2.173337309992e+00,5.110849407413e+00,8.884107957751e-02
-2.173148526309e+00,4.171957740363e+00,8.884314085143e-02
-2.173108839336e+00,5.506261976948e+00,8.883740642960e-02
-2.173048738074e+00,3.173676634175e+00,8.884153751814e-02
-2.172967952252e+00,1.016101340164e+00,8.883856835172e-02
-2.172887988698e+00,1.024279146861e+01,3.997506641449e-02
-2.172842256282e+00,2.658434772917e+00,8.884013770901e-02
-2.172564074270e+00,3.688918495433e+00,8.884038646898e-02
-2.172437552499e+00,9.804258810810e+00,7.106733367126e-02
-2.172354917340e+00,6.892530561473e+00,8.882516846424e-02
-2.172025321709e+00,7.900101516035e+00,8.881699624349e-02
-2.172008125852e+00,1.595748434078e+00,8.883574085005e-02
-2.171968261463e+00,9.597542505238e+00,7.647118886995e-02
-2.171944628896e+00,2.143192911661e+00,8.883618457280e-02
-2.171861881447e+00,7.715520894996e+00,8.881763883704e-02
-2.171852072762e+00,7.043911306689e+00,8.882220560992e-02
-2.171790979889e+00,6.741958192841e+00,8.882422755592e-02
-2.171629090519e+00,4.673418425978e+00,8.883767137710e-02
-2.171432327765e+00,4.754119873718e+00,8.883637572301e-02
-2.171388264872e+00,4.204160356692e+00,8.883668253155e-02
-2.171337280614e+00,1.048303956493e+00,8.883258245199e-02
-2.171331673236e+00,3.205879250503e+00,8.883523645077e-02
-2.171231661457e+00,8.705960123349e+00,8.634366152857e-02
-2.171146789745e+00,2.690637389245e+00,8.883391445215e-02
-2.171091885526e+00,6.323659573683e+00,8.882449206468e-02
-2.170938377159e+00,1.001120822432e+01,6.199873343756e-02
-2.170876146141e+00,8.085539168391e+00,8.881153746835e-02
-2.170825411133e+00,3.721121111762e+00,8.883400388997e-02
-2.170667204997e+00,4.835499434145e+00,8.883297513313e-02
-2.170592423072e+00,8.488412633300e+00,8.749015064185e-02
-2.170392217170e+00,7.531820183551e+00,8.881352164630e-02
-2.170355855914e+00,1.627951050406e+00,8.882967113096e-02
-2.170318904455e+00,8.924426565563e+00,8.489568664635e-02
-2.170276623038e+00,7.196081510627e+00,8.881535952211e-02
-2.170270760658e+00,2.175395527990e+00,8.883003556083e-02
-2.170166200751e+00,6.592213081378e+00,8.881907034861e-02
-2.170155634697e+00,5.194940864152e+00,8.882859061406e-02
-2.170143809930e+00,5.392553196449e+00,8.882724757561e-02
-2.169706608976e+00,1.080506572821e+00,8.882658829521e-02
-2.169628003435e+00,4.236362973020e+00,8.883021459438e-02
-2.169614608399e+00,3.238081866832e+00,8.882892623056e-02
-2.169532851528e+00,9.391073605911e+00,8.005243578332e-02
-2.169451323207e+00,2.722840005574e+00,8.882768226859e-02
-2.169431631018e+00,5.824114013853e+00,8.882163739384e-02
-2.169329000728e+00,4.917546213965e+00,8.882754445223e-02
-2.169254133728e+00,5.940814830307e+00,8.882030550078e-02
-2.169086747996e+00,3.753323728091e+00,8.882761192092e-02
-2.168790746277e+00,5.708165182843e+00,8.882003300722e-02
-2.168703585976e+00,1.660153666735e+00,8.882359292457e-02
-2.168596892420e+00,2.207598144318e+00,8.882387783786e-02
-2.168408104894e+00,8.271810933485e+00,8.841951529456e-02
-2.168252919469e+00,6.058252725752e+00,8.881562874835e-02
-2.168075937338e+00,1.112709189150e+00,8.882058586416e-02
-2.167897543562e+00,3.270284483161e+00,8.882260683741e-02
-2.167867741998e+00,4.268565589349e+00,8.882373701824e-02
-2.167847403048e+00,9.143785078140e+00,8.300777243804e-02
-2.167755856670e+00,2.755042621902e+00,8.882144113897e-02
-2.167622862420e+00,7.349022218851e+00,8.880456140147e-02
-2.167486637226e+00,6.443314069726e+00,8.881015552188e-02
-2.167468480706e+00,1.021837643053e+01,4.366937908714e-02
-2.167413061214e+00,5.000249290684e+00,8.881976152011e-02
-2.167348084859e+00,3.785526344419e+00,8.882121054092e-02
-2.167336906775e+00,5.592983209920e+00,8.881559841751e-02
-2.167051316039e+00,1.692356283063e+00,8.881750621294e-02
-2.166923024183e+00,2.239800760647e+00,8.881771138522e-02
-2.166778691245e+00,9.779898467145e+00,7.188810505519e-02
-2.166445265700e+00,1.144911805478e+00,8.881457514156e-02
-2.166422745872e+00,6.176412760448e+00,8.880803210009e-02
-2.166382167546e+00,5.279654459770e+00,8.881408718691e-02
-2.166189928374e+00,9.573210387005e+00,7.699661459435e-02
-2.166180478724e+00,3.302487099489e+00,8.881627825115e-02
-2.166107480561e+00,4.300768205678e+00,8.881724978142e-02
-2.166060390132e+00,2.787245238231e+00,8.881519104389e-02
-2.165729022171e+00,7.870826774210e+00,8.879375273925e-02
-2.165609421722e+00,3.817728960748e+00,8.881479972903e-02
-2.165460027590e+00,7.686330023313e+00,8.879403625960e-02
-2.165431315310e+00,6.863777888508e+00,8.879969989667e-02
-2.165399125224e+00,9.986820240486e+00,6.345438250321e-02
-2.165399046101e+00,1.724558899391e+00,8.881141097806e-02
-2.165361399176e+00,8.676362527229e+00,8.652454666603e-02
-2.165249155945e+00,2.272003376975e+00,8.881153618418e-02
-2.165075631925e+00,5.478582933374e+00,8.880779601348e-02
-2.165031997746e+00,7.015068487211e+00,8.879706107877e-02
-2.164914800623e+00,5.083597713002e+00,8.881007324394e-02
-2.164814594062e+00,1.177114421807e+00,8.880855611008e-02
-2.164764273823e+00,6.713296915901e+00,8.879824212051e-02
-2.164685788804e+00,8.056181817272e+00,8.878863511510e-02
-2.164615090254e+00,8.458893853281e+00,8.763593418951e-02
-2.164556077026e+00,8.894751421201e+00,8.512672803102e-02
-2.164463413887e+00,3.334689715818e+00,8.880994045155e-02
-2.164364923595e+00,2.819447854559e+00,8.880893196384e-02
-2.164347219124e+00,4.332970822006e+00,8.881075286213e-02
-2.163885202748e+00,7.502714441036e+00,8.878954189329e-02
-2.163870758584e+00,3.849931577077e+00,8.880837946423e-02
-2.163810575019e+00,9.364008736515e+00,8.045358976580e-02
-2.163758463354e+00,6.295279961900e+00,8.879744652753e-02
-2.163746776163e+00,1.756761515720e+00,8.880530720191e-02
-2.163575287708e+00,2.304205993303e+00,8.880535221599e-02
-2.163560492187e+00,7.167149796104e+00,8.879052572663e-02
-2.163183922424e+00,1.209317038136e+00,8.880252875237e-02
-2.163036819446e+00,6.563644447988e+00,8.879272444758e-02
-2.162746349050e+00,3.366892332147e+00,8.880359341833e-02
-2.162731453075e+00,4.646728279907e+00,8.880480904295e-02
-2.162669457058e+00,2.851650470888e+00,8.880266387932e-02
-2.162628663600e+00,4.727314998642e+00,8.880400359880e-02
-2.162586957687e+00,4.365173438335e+00,8.880424623851e-02
-2.162324071759e+00,8.242372235712e+00,8.853928060850e-02
-2.162192368873e+00,9.114033655075e+00,8.331216619863e-02
-2.162132095447e+00,3.882134193405e+00,8.880194972544e-02
-2.162094506225e+00,1.788964132048e+00,8.879919486636e-02
-2.162048972715e+00,1.019396139245e+01,4.692135682450e-02
-2.162012533109e+00,5.364979156601e+00,8.879730549093e-02
-2.161958045917e+00,4.808581037281e+00,8.880080423320e-02
-2.161901419470e+00,2.336408609632e+00,8.879915946182e-02
-2.161829701205e+00,5.167580501205e+00,8.879788672032e-02
-2.161695527600e+00,5.796127325277e+00,8.879302273553e-02
-2.161618011129e+00,5.912728056212e+00,8.879209354737e-02
-2.161553250786e+00,1.241519654464e+00,8.879649305101e-02
-2.161119829991e+00,9.755538123479e+00,7.265998021648e-02
-2.161029284213e+00,3.399094948475e+00,8.879723713116e-02
-2.161011087049e+00,7.320002862681e+00,8.878002490088e-02
-2.160973990520e+00,2.883853087217e+00,8.879638677073e-02
-2.160955131293e+00,5.680279812665e+00,8.879111635489e-02
-2.160826696250e+00,4.397376054664e+00,8.879772988865e-02
-2.160717241193e+00,6.030067101190e+00,8.878779538744e-02
-2.160714872905e+00,4.890515504994e+00,8.879580772318e-02
-2.160442236288e+00,1.821166748377e+00,8.879307395328e-02
-2.160411595285e+00,9.548878268771e+00,7.749668933588e-02
-2.160393432310e+00,3.914336809734e+00,8.879551049153e-02
-2.160255015286e+00,6.414839325401e+00,8.878343574185e-02
-2.160227551232e+00,2.368611225960e+00,8.879295790281e-02
-2.159922579148e+00,1.273722270792e+00,8.879044898855e-02
-2.159859873290e+00,9.962432256648e+00,6.479654695789e-02
-2.159491136894e+00,8.646764931110e+00,8.669970078381e-02
-2.159432722633e+00,7.841552032386e+00,8.877039671974e-02
-2.159402255215e+00,5.565200388818e+00,8.878614423622e-02
-2.159312219375e+00,3.431297564804e+00,8.879087156962e-02
-2.159278523983e+00,2.916055703545e+00,8.879010061842e-02
-2.159066434813e+00,4.429578670992e+00,8.879120379056e-02
-2.159058173734e+00,7.657139151630e+00,8.877031824677e-02
-2.158987969661e+00,6.148129522617e+00,8.878046749557e-02
-2.158894485180e+00,4.973107481727e+00,8.878824963254e-02
-2.158793249596e+00,8.865076276838e+00,8.534951002698e-02
-2.158789966350e+00,1.853369364705e+00,8.878694444448e-02
-2.158654769173e+00,3.946539426063e+00,8.878906174130e-02
-2.158637757436e+00,8.429375073262e+00,8.777755410944e-02
-2.158553682995e+00,2.400813842289e+00,8.878674752001e-02
-2.158507713280e+00,6.835025215544e+00,8.877409935819e-02
-2.158495431466e+00,8.026824466153e+00,8.876562307767e-02
-2.158291907510e+00,1.305924887121e+00,8.878439654746e-02
-2.158263686582e+00,9.334182305947e+00,8.087238939849e-02
-2.158211922730e+00,6.986225667733e+00,8.877178715973e-02
-2.158153313465e+00,5.252186647567e+00,8.878355851812e-02
-2.157737567758e+00,6.684635638960e+00,8.877211879437e-02
-2.157595154538e+00,3.463500181132e+00,8.878449671328e-02
-2.157583057445e+00,2.948258319874e+00,8.878380540271e-02
-2.157378188326e+00,7.473608698521e+00,8.876544370184e-02
-2.157306173376e+00,4.461781287321e+00,8.878466792221e-02
-2.157137696412e+00,1.885571981034e+00,8.878080632170e-02
-2.157042424514e+00,5.450903889800e+00,8.877801382953e-02
-2.156916106036e+00,3.978742042391e+00,8.878260345347e-02
-2.156879814757e+00,2.433016458617e+00,8.878052829446e-02
-2.156844361336e+00,7.138218081580e+00,8.876556509673e-02
-2.156726069006e+00,1.040130759204e+01,6.608629169188e-06
-2.156661235872e+00,1.338127503449e+00,8.877833571018e-02
-2.156629464723e+00,1.016954635436e+01,4.980588006558e-02
-2.156537334698e+00,9.084282232011e+00,8.360416511910e-02
-2.156492291255e+00,5.056346018590e+00,8.877875111698e-02
-2.156425041182e+00,6.266900350116e+00,8.877014256757e-02
-2.156240038624e+00,8.212933537939e+00,8.865595064103e-02
-2.155907438141e+00,6.535075814599e+00,8.876623784739e-02
-2.155887590908e+00,2.980460936203e+00,8.877750110383e-02
-2.155878089701e+00,3.495702797461e+00,8.877811254160e-02
-2.155545911939e+00,4.493983903650e+00,8.877812226146e-02
-2.155485426474e+00,1.917774597362e+00,8.877465956664e-02
-2.155460968738e+00,9.731177779814e+00,7.338718546844e-02
-2.155205946520e+00,2.465219074946e+00,8.877430020713e-02
-2.155177442899e+00,4.010944658720e+00,8.877613560674e-02
-2.155030564235e+00,1.370330119778e+00,8.877226645913e-02
-2.154633262195e+00,9.524546150538e+00,7.797319483311e-02
-2.154399311677e+00,7.290983506511e+00,8.875536407960e-02
-2.154320621356e+00,9.938044272810e+00,6.603796913871e-02
-2.154192124370e+00,3.012663552531e+00,8.877118770197e-02
-2.154161024863e+00,3.527905413790e+00,8.877171903401e-02
-2.153981888530e+00,5.884641282118e+00,8.876361351775e-02
-2.153959424182e+00,5.768140636701e+00,8.876424579000e-02
-2.153881256288e+00,5.337405116754e+00,8.876714376386e-02
-2.153833815631e+00,4.620038133836e+00,8.877174396265e-02
-2.153833156536e+00,1.949977213691e+00,8.876850416096e-02
-2.153824999436e+00,4.700510123566e+00,8.877132039455e-02
-2.153785650502e+00,4.526186519978e+00,8.877156678615e-02
-2.153620874613e+00,8.617167334990e+00,8.686938929262e-02
-2.153532078282e+00,2.497421691274e+00,8.876806323892e-02
-2.153503767713e+00,5.140220138259e+00,8.876700146934e-02
-2.153438779762e+00,4.043147275049e+00,8.876965817971e-02
-2.153399892597e+00,1.402532736107e+00,8.876618877663e-02
-2.153248886836e+00,4.781662640417e+00,8.876843731773e-02
-2.153181562917e+00,6.001881476628e+00,8.875980793454e-02
-2.153136423095e+00,7.812277290561e+00,8.874692747340e-02
-2.153119516308e+00,5.652394442487e+00,8.876203545250e-02
-2.153030422166e+00,8.835401132475e+00,8.556386496565e-02
-2.153023393346e+00,6.386364581077e+00,8.875657245176e-02
-2.152716798145e+00,9.304355875378e+00,8.127122081075e-02
-2.152660424618e+00,8.399856293243e+00,8.791518536960e-02
-2.152656319877e+00,7.627948279947e+00,8.874648406841e-02
-2.152496657833e+00,3.044866168860e+00,8.876486517727e-02
-2.152443960026e+00,3.560108030119e+00,8.876531616988e-02
-2.152305074128e+00,7.997467115034e+00,8.874250066361e-02
-2.152180886599e+00,1.982179830019e+00,8.876234008624e-02
-2.152100745082e+00,4.863484796024e+00,8.876364388054e-02
-2.152025389065e+00,4.558389136307e+00,8.876500147404e-02
-2.151858210044e+00,2.529624307603e+00,8.876181737070e-02
-2.151769220959e+00,1.434735352435e+00,8.876010264500e-02
-2.151700116624e+00,4.075349891377e+00,8.876317115094e-02
-2.151584111250e+00,6.806272542580e+00,8.874825401299e-02
-2.151553193451e+00,6.119846284785e+00,8.875275076230e-02
-2.151467603657e+00,5.537417567716e+00,8.875651916060e-02
-2.151426436716e+00,1.037686608630e+01,1.009116555526e-02
-2.151391847714e+00,6.957382848255e+00,8.874638301497e-02
-2.151209956732e+00,1.014513131628e+01,5.238183108082e-02
-2.150882300523e+00,9.054530808946e+00,8.388450238490e-02
-2.150871173904e+00,7.444502956006e+00,8.874110843174e-02
-2.150801191295e+00,3.077068785189e+00,8.875853350981e-02
-2.150726895189e+00,3.592310646447e+00,8.875890392851e-02
-2.150710861692e+00,6.655974362020e+00,8.874585666161e-02
-2.150528616661e+00,2.014382446347e+00,8.875616732405e-02
-2.150375909146e+00,4.945965672769e+00,8.875654850058e-02
-2.150265127628e+00,4.590591752636e+00,8.875842630281e-02
-2.150184341807e+00,2.561826923931e+00,8.875556258327e-02
-2.150156005488e+00,8.183494840166e+00,8.873313724679e-02
-2.150138549321e+00,1.466937968764e+00,8.875400804646e-02
-2.150128230485e+00,7.109286367057e+00,8.874047680726e-02
-2.149961453487e+00,4.107552507706e+00,8.875667449891e-02
-2.149924459385e+00,5.224718835364e+00,8.875284914761e-02
-2.149802107484e+00,9.706817436148e+00,7.407347391349e-02
-2.149105724758e+00,3.109271401517e+00,8.875219267960e-02
-2.149091619011e+00,6.238520738333e+00,8.874268848651e-02
-2.149009830351e+00,3.624513262776e+00,8.875248228914e-02
-2.149009217103e+00,5.423224846226e+00,8.874805875987e-02
-2.148876346723e+00,2.046585062676e+00,8.874998585588e-02
-2.148854929106e+00,9.500214032305e+00,7.842774984355e-02
-2.148781369422e+00,9.913656288972e+00,6.718955284962e-02
-2.148778056835e+00,6.506507181209e+00,8.873960962195e-02
-2.148510473569e+00,2.594029540260e+00,8.874929885738e-02
-2.148507877683e+00,1.499140585092e+00,8.874790496323e-02
-2.148222790350e+00,4.139755124035e+00,8.875016820204e-02
-2.148069781886e+00,5.029094324179e+00,8.874724026410e-02
-2.147787536305e+00,7.261964150341e+00,8.873057812661e-02
-2.147750612331e+00,8.587569738870e+00,8.703386170782e-02
-2.147410258220e+00,3.141474017846e+00,8.874584266661e-02
-2.147292765514e+00,3.656715879105e+00,8.874605123096e-02
-2.147267594736e+00,8.805725988113e+00,8.577084093372e-02
-2.147224076785e+00,2.078787679004e+00,8.874379566317e-02
-2.147169909708e+00,9.274529444809e+00,8.165162260739e-02
-2.146877206045e+00,1.531343201420e+00,8.874179337746e-02
-2.146840123557e+00,7.783002548737e+00,8.872334428444e-02
-2.146836605332e+00,2.626232156588e+00,8.874302617373e-02
-2.146683091800e+00,8.370337513224e+00,8.804876925134e-02
-2.146484127213e+00,4.171957740363e+00,8.874365223870e-02
-2.146345765931e+00,5.856554508023e+00,8.873497217436e-02
-2.146254466020e+00,7.598757408265e+00,8.872253299021e-02
-2.146223320764e+00,5.740153948125e+00,8.873530548547e-02
-2.146126804426e+00,1.035242458055e+01,1.829924124536e-02
-2.146114716790e+00,7.968109763915e+00,8.871926717621e-02
-2.145791771406e+00,6.357889836752e+00,8.872954858279e-02
-2.145790448741e+00,1.012071627820e+01,5.469614985357e-02
-2.145749979466e+00,5.309831076907e+00,8.873660853486e-02
-2.145714791683e+00,3.173676634175e+00,8.873948345073e-02
-2.145645884640e+00,5.973695852066e+00,8.873166538511e-02
-2.145575700677e+00,3.688918495433e+00,8.873961073309e-02
-2.145571806848e+00,2.110990295333e+00,8.873759672731e-02
-2.145283901323e+00,5.624509072308e+00,8.873274664348e-02
-2.145246534407e+00,1.563545817749e+00,8.873567327125e-02
-2.145227266348e+00,9.024779385881e+00,8.415385498109e-02
-2.145177834221e+00,5.112859775312e+00,8.873593372187e-02
-2.145162737094e+00,2.658434772917e+00,8.873674451297e-02
-2.145021335272e+00,4.673705248490e+00,8.873826595358e-02
-2.144991456441e+00,1.093750035002e-01,8.887681506950e-02
-2.144991456441e+00,1.718750055004e-01,8.883698109843e-02
-2.144991456441e+00,2.031250065004e-01,8.881937453668e-02
-2.144991456441e+00,1.562500050003e-02,8.894759870865e-02
-2.144991456441e+00,7.812500250012e-02,8.889897521992e-02
-2.144991456441e+00,1.406250045003e-01,8.885613879831e-02
-2.144991456441e+00,2.343750075005e-01,8.880334940461e-02
-2.144991456441e+00,2.656250085005e-01,8.878893357631e-02
-2.144991456441e+00,2.968750095005e-01,8.877615237540e-02
-2.144991456441e+00,3.281250105004e-01,8.876502845226e-02
-2.144991456441e+00,3.593750115003e-01,8.875558167282e-02
-2.144991456441e+00,3.906250125003e-01,8.874782901980e-02
-2.144991456441e+00,4.218750135002e-01,8.874178450754e-02
-2.144991456441e+00,4.531250145001e-01,8.873745911096e-02
-2.144991456441e+00,5.156250165000e-01,8.873399404801e-02
-2.144991456441e+00,5.468750175000e-01,8.873399404801e-02
-2.144991456441e+00,6.093750194999e-01,8.873399404801e-02
-2.144991456441e+00,6.406250204999e-01,8.873399404801e-02
-2.144991456441e+00,6.718750214999e-01,8.873399404801e-02
-2.144991456441e+00,7.031250224999e-01,8.873399404801e-02
-2.144991456441e+00,7.343750234999e-01,8.873399404801e-02
-2.144991456441e+00,7.656250244999e-01,8.873399404801e-02
-2.144991456441e+00,7.968750254999e-01,8.873399404801e-02
-2.144991456441e+00,8.281250264999e-01,8.873399404801e-02
-2.144991456441e+00,8.593750274999e-01,8.873399404801e-02
-2.144991456441e+00,8.906250285000e-01,8.873399404801e-02
-2.144991456441e+00,9.218750295000e-01,8.873399404801e-02
-2.144991456441e+00,9.531250305000e-01,8.873399404801e-02
-2.144991456441e+00,9.843750315000e-01,8.873399404801e-02
-2.144991456441e+00,4.687500150008e-02,8.892258258883e-02
-2.144991456441e+00,4.843750155000e-01,8.873486070976e-02
-2.144991456441e+00,5.781250185000e-01,8.873399404801e-02
-2.144745464076e+00,4.204160356692e+00,8.873712658719e-02
-2.144660509220e+00,6.777519869615e+00,8.872220731924e-02
-2.144571772698e+00,6.928540028777e+00,8.872084780227e-02
-2.144539727756e+00,4.754744243552e+00,8.873587318582e-02
-2.144364159482e+00,7.415397213491e+00,8.871661118747e-02
-2.144186919772e+00,1.016101340164e+00,8.873097049590e-02
-2.144143246230e+00,9.682457092483e+00,7.472218987408e-02
-2.144118417240e+00,6.091563046954e+00,8.872488089295e-02
-2.144071972353e+00,8.154056142394e+00,8.871023547255e-02
-2.144019325145e+00,3.205879250503e+00,8.873311501182e-02
-2.143919536910e+00,2.143192911661e+00,8.873138902965e-02
-2.143858635839e+00,3.721121111762e+00,8.873316077460e-02
-2.143684155627e+00,6.627313085080e+00,8.871945480159e-02
-2.143615862769e+00,1.595748434078e+00,8.872954462665e-02
-2.143532952097e+00,5.509634746614e+00,8.872672205346e-02
-2.143488868856e+00,2.690637389245e+00,8.873045385567e-02
-2.143486617260e+00,4.836454087053e+00,8.873128313483e-02
-2.143412099633e+00,7.080354652534e+00,8.871526002853e-02
-2.143242117488e+00,9.889268305133e+00,6.826068341527e-02
-2.143076596017e+00,9.475881914072e+00,7.886182836495e-02
-2.143006800939e+00,4.236362973020e+00,8.873059122574e-02
-2.142577846433e+00,1.048303956493e+00,8.872491714529e-02
-2.142323858608e+00,3.238081866832e+00,8.872673732967e-02
-2.142267266972e+00,2.175395527990e+00,8.872517255148e-02
-2.142141571002e+00,3.753323728091e+00,8.872670133449e-02
-2.141985191131e+00,1.627951050406e+00,8.872340742566e-02
-2.141880350050e+00,8.557972142751e+00,8.719335281469e-02
-2.141857333112e+00,4.918823863812e+00,8.872465694971e-02
-2.141815000619e+00,2.722840005574e+00,8.872415418238e-02
-2.141758196839e+00,6.210141126550e+00,8.871508327757e-02
-2.141695605304e+00,5.197251023161e+00,8.872195790371e-02
-2.141648675530e+00,6.477938547819e+00,8.871283884083e-02
-2.141623021271e+00,9.244703014240e+00,8.201482681203e-02
-2.141504767306e+00,8.776050843750e+00,8.597082333324e-02
-2.141268137802e+00,4.268565589349e+00,8.872404613252e-02
-2.141175760934e+00,7.232944794171e+00,8.870566622613e-02
-2.140976009692e+00,5.395545802653e+00,8.871792968503e-02
-2.140968773095e+00,1.080506572821e+00,8.871885545169e-02
-2.140827172137e+00,1.032798307481e+01,2.510616202449e-02
-2.140705758982e+00,8.340818733204e+00,8.817861625469e-02
-2.140628392071e+00,3.270284483161e+00,8.872035038400e-02
-2.140614997034e+00,2.207598144318e+00,8.871894727403e-02
-2.140543824018e+00,7.753727806912e+00,8.869964643282e-02
-2.140424506165e+00,3.785526344419e+00,8.872023239170e-02
-2.140370940749e+00,1.009630124012e+01,5.678671560224e-02
-2.140354519493e+00,1.660153666735e+00,8.871726165024e-02
-2.140141132381e+00,2.755042621902e+00,8.871784547357e-02
-2.139924359452e+00,7.938752412796e+00,8.869592191447e-02
-2.139852612163e+00,7.569566536582e+00,8.869846427366e-02
-2.139647272517e+00,5.001842629767e+00,8.871553946873e-02
-2.139572232173e+00,8.995027962817e+00,8.441284894689e-02
-2.139529474665e+00,4.300768205678e+00,8.871749128564e-02
-2.139359699757e+00,1.112709189150e+00,8.871278539774e-02
-2.138962727097e+00,2.239800760647e+00,8.871271317848e-02
-2.138932925533e+00,3.302487099489e+00,8.871395415449e-02
-2.138723847855e+00,1.692356283063e+00,8.871110728229e-02
-2.138709643333e+00,5.828467733928e+00,8.870616843503e-02
-2.138707441328e+00,3.817728960748e+00,8.871375392511e-02
-2.138560149466e+00,6.329415092428e+00,8.870219953167e-02
-2.138487217346e+00,5.712167259550e+00,8.870620074711e-02
-2.138484384976e+00,9.658096748817e+00,7.533632307539e-02
-2.138467264143e+00,2.787245238231e+00,8.871152770966e-02
-2.138110206364e+00,5.945510227503e+00,8.870321358674e-02
-2.137987939218e+00,8.124617444621e+00,8.868722471993e-02
-2.137857145060e+00,7.386291470976e+00,8.869199049173e-02
-2.137790811527e+00,4.332970822006e+00,8.871092666313e-02
-2.137751697682e+00,6.899697209299e+00,8.869518067510e-02
-2.137750626419e+00,1.144911805478e+00,8.870670696601e-02
-2.137736907190e+00,6.748767196651e+00,8.869602279908e-02
-2.137702865553e+00,9.864880321295e+00,6.925948312594e-02
-2.137618702645e+00,5.282257037059e+00,8.870589220521e-02
-2.137448286339e+00,5.596623702130e+00,8.870310421529e-02
-2.137310457159e+00,2.272003376975e+00,8.870647024598e-02
-2.137298262928e+00,9.451549795839e+00,7.927623027449e-02
-2.137237458996e+00,3.334689715818e+00,8.870754862075e-02
-2.137093176217e+00,1.724558899391e+00,8.870494430365e-02
-2.136990376490e+00,3.849931577077e+00,8.870726591353e-02
-2.136851900729e+00,5.085499412366e+00,8.870444560903e-02
-2.136793395906e+00,2.819447854559e+00,8.870520087103e-02
-2.136695968782e+00,7.051422938010e+00,8.868991392632e-02
-2.136683641030e+00,6.063279809123e+00,8.869685687630e-02
-2.136657449561e+00,6.598651808140e+00,8.869291228895e-02
-2.136217671108e+00,4.646900373414e+00,8.870500636438e-02
-2.136141553081e+00,1.177114421807e+00,8.870062013906e-02
-2.136076132834e+00,9.214876583672e+00,8.236195908056e-02
-2.136052148390e+00,4.365173438335e+00,8.870435224299e-02
-2.136010087768e+00,8.528374546631e+00,8.734808373330e-02
-2.135830568675e+00,4.727825846688e+00,8.870311064101e-02
-2.135741939877e+00,8.746375699387e+00,8.616415643713e-02
-2.135658187221e+00,2.304205993303e+00,8.870021845759e-02
-2.135598300539e+00,5.481851925512e+00,8.869675177497e-02
-2.135541992458e+00,3.366892332147e+00,8.870113376234e-02
-2.135527539847e+00,1.030354156906e+01,3.084233641115e-02
-2.135462504579e+00,1.756761515720e+00,8.869877269615e-02
-2.135273311653e+00,3.882134193405e+00,8.870076833573e-02
-2.135119527668e+00,2.851650470888e+00,8.869886493797e-02
-2.134951432758e+00,1.007188620203e+01,5.868443238199e-02
-2.134872489437e+00,4.809423378082e+00,8.869872423533e-02
-2.134728426164e+00,8.311299953185e+00,8.830496959787e-02
-2.134563985562e+00,7.203925438001e+00,8.868062755767e-02
-2.134532479743e+00,1.209317038136e+00,8.869452489934e-02
-2.134519294225e+00,6.449369914430e+00,8.868592456929e-02
-2.134424774667e+00,6.181761514767e+00,8.868732592946e-02
-2.134313485253e+00,4.397376054664e+00,8.869776800310e-02
-2.134247524480e+00,7.724453065088e+00,8.867583319425e-02
-2.134005917283e+00,2.336408609632e+00,8.869395779434e-02
-2.133917197998e+00,8.965276539752e+00,8.466206405535e-02
-2.133846525921e+00,3.399094948475e+00,8.869470955876e-02
-2.133831832941e+00,1.788964132048e+00,8.869259244152e-02
-2.133734002115e+00,7.909395061677e+00,8.867246417314e-02
-2.133556246816e+00,3.914336809734e+00,8.869426117040e-02
-2.133466751224e+00,5.169783210958e+00,8.869088361425e-02
-2.133450758307e+00,7.540375664899e+00,8.867414948094e-02
-2.133445659431e+00,2.883853087217e+00,8.869251989075e-02
-2.133338757077e+00,4.891682054854e+00,8.869247314244e-02
-2.132942802281e+00,5.367866759079e+00,8.868762548421e-02
-2.132923406405e+00,1.241519654464e+00,8.868842122933e-02
-2.132825523722e+00,9.633736405152e+00,7.591855443244e-02
-2.132574822116e+00,4.429578670992e+00,8.869117392133e-02
-2.132353647346e+00,2.368611225960e+00,8.868768823721e-02
-2.132201161303e+00,1.821166748377e+00,8.868640352147e-02
-2.132163613619e+00,9.840492337457e+00,7.019301679450e-02
-2.132151059383e+00,3.431297564804e+00,8.868827598944e-02
-2.131903906083e+00,8.095178746848e+00,8.866410430306e-02
-2.131839181978e+00,3.946539426063e+00,8.868774439618e-02
-2.131771791193e+00,2.916055703545e+00,8.868616570957e-02
-2.131519929838e+00,9.427217677605e+00,7.967274372084e-02
-2.131350130638e+00,7.357185728461e+00,8.866724553893e-02
-2.131328527526e+00,6.300940348103e+00,8.867470038439e-02
-2.131314333067e+00,1.273722270792e+00,8.868230911139e-02
-2.131224763148e+00,4.974590935355e+00,8.868364751511e-02
-2.131073520734e+00,5.800380959833e+00,8.867720121375e-02
-2.130931622666e+00,6.870854389821e+00,8.866922331334e-02
-2.130836158979e+00,4.461781287321e+00,8.868456997546e-02
-2.130813305160e+00,6.720014523687e+00,8.866969953407e-02
-2.130751113928e+00,5.684180570974e+00,8.867693049717e-02
-2.130701377408e+00,2.400813842289e+00,8.868140976710e-02
-2.130574528088e+00,5.917324602941e+00,8.867454191143e-02
-2.130570489665e+00,1.853369364705e+00,8.868020591765e-02
-2.130529244397e+00,9.185050153103e+00,8.269404984232e-02
-2.130455592846e+00,3.463500181132e+00,8.868183303376e-02
-2.130227907557e+00,1.027910006331e+01,3.574185892803e-02
-2.130139825487e+00,8.498776950512e+00,8.749826289300e-02
-2.130122117141e+00,3.978742042391e+00,8.868121799163e-02
-2.130097922955e+00,2.948258319874e+00,8.867980237456e-02
-2.129979837931e+00,7.022491223487e+00,8.866443766184e-02
-2.129979112447e+00,8.716700555025e+00,8.635116260635e-02
-2.129705259729e+00,1.305924887121e+00,8.867618852787e-02
-2.129630743495e+00,6.569990531200e+00,8.866622819369e-02
-2.129612671354e+00,5.568738331952e+00,8.867328955094e-02
-2.129531924766e+00,1.004747116395e+01,6.041476396436e-02
-2.129487425824e+00,5.254682997212e+00,8.867499357448e-02
-2.129248864819e+00,6.034996571291e+00,8.866867769726e-02
-2.129097495842e+00,4.493983903650e+00,8.867795614319e-02
-2.129049107470e+00,2.433016458617e+00,8.867512236490e-02
-2.128939818028e+00,1.885571981034e+00,8.867399961167e-02
-2.128760126308e+00,3.495702797461e+00,8.867538067105e-02
-2.128751093346e+00,8.281781173166e+00,8.842796784264e-02
-2.128525967237e+00,5.058139049419e+00,8.867274465956e-02
-2.128424054718e+00,2.980460936203e+00,8.867342986582e-02
-2.128405052304e+00,4.010944658720e+00,8.867468193526e-02
-2.128262163823e+00,8.935525116688e+00,8.490203798981e-02
-2.128096186391e+00,1.338127503449e+00,8.867005946108e-02
-2.127952210191e+00,7.174906081831e+00,8.865546129608e-02
-2.127951224942e+00,7.695178323264e+00,8.865190384018e-02
-2.127663648979e+00,5.454069104410e+00,8.866660718285e-02
-2.127543644777e+00,7.880037710557e+00,8.864889324268e-02
-2.127414006944e+00,4.620095498338e+00,8.867154035727e-02
-2.127396837532e+00,2.465219074946e+00,8.866882601141e-02
-2.127389912920e+00,6.420801281040e+00,8.865886586838e-02
-2.127358832705e+00,4.526186519978e+00,8.867133240219e-02
-2.127309146390e+00,1.917774597362e+00,8.866778458506e-02
-2.127166662468e+00,9.609376061486e+00,7.647129492116e-02
-2.127121409595e+00,4.700907449824e+00,8.867000922281e-02
-2.127091352496e+00,6.153381902983e+00,8.865941542646e-02
-2.127064659771e+00,3.527905413790e+00,8.866891888055e-02
-2.127048904450e+00,7.511184793216e+00,8.864968444324e-02
-2.126750186480e+00,3.012663552531e+00,8.866704816337e-02
-2.126687987467e+00,4.043147275049e+00,8.866813620553e-02
-2.126624361685e+00,9.816104353619e+00,7.106745843393e-02
-2.126487113053e+00,1.370330119778e+00,8.866392189325e-02
-2.126258361614e+00,4.782392669111e+00,8.866596593394e-02
-2.125819872948e+00,8.065740049076e+00,8.864087353184e-02
-2.125744567594e+00,2.497421691274e+00,8.866252068739e-02
-2.125741596749e+00,9.402885559372e+00,8.005235846513e-02
-2.125678474752e+00,1.949977213691e+00,8.866156081933e-02
-2.125620169567e+00,4.558389136307e+00,8.866469873003e-02
-2.125369193233e+00,3.560108030119e+00,8.866244764148e-02
-2.125237897143e+00,5.142315398756e+00,8.865962510692e-02
-2.125076318242e+00,3.044866168860e+00,8.866065724718e-02
-2.124982355960e+00,9.155223722534e+00,8.301204408417e-02
-2.124970922629e+00,4.075349891377e+00,8.866158078080e-02
-2.124928275267e+00,1.025465855757e+01,3.997522072468e-02
-2.124909594870e+00,5.340187715505e+00,8.865693841307e-02
-2.124878039714e+00,1.402532736107e+00,8.865777580657e-02
-2.124843116216e+00,7.328079985946e+00,8.864237551870e-02
-2.124820181043e+00,4.864540245897e+00,8.865992006366e-02
-2.124269563205e+00,8.469179354392e+00,8.764408692519e-02
-2.124216285017e+00,8.687025410662e+00,8.653214399320e-02
-2.124112416775e+00,1.002305612587e+01,6.199888050297e-02
-2.124111547650e+00,6.842011570343e+00,8.864310997934e-02
-2.124096905586e+00,6.272465603779e+00,8.864705012761e-02
-2.124092297657e+00,2.529624307603e+00,8.865620637353e-02
-2.124047803114e+00,1.982179830019e+00,8.865532829593e-02
-2.123889703130e+00,6.691261850722e+00,8.864323660085e-02
-2.123881506430e+00,4.590591752636e+00,8.865805510422e-02
-2.123673726696e+00,3.592310646447e+00,8.865596693297e-02
-2.123437398135e+00,5.772294185738e+00,8.864806942084e-02
-2.123402450005e+00,3.077068785189e+00,8.865425709718e-02
-2.123268966376e+00,1.434735352435e+00,8.865162118321e-02
-2.123263707080e+00,6.993559508964e+00,8.863883039184e-02
-2.123253857792e+00,4.107552507706e+00,8.865501563939e-02
-2.123038849811e+00,5.889138978379e+00,8.864570776941e-02
-2.123015010510e+00,5.656193882398e+00,8.864746511391e-02
-2.122802253779e+00,4.947339240944e+00,8.865156318866e-02
-2.122773760529e+00,8.252262393147e+00,8.854774248189e-02
-2.122607129648e+00,8.905773693623e+00,8.513327007847e-02
-2.122604037430e+00,6.541329254260e+00,8.863940158119e-02
-2.122440027719e+00,2.561826923931e+00,8.864988305050e-02
-2.122417131476e+00,2.014382446347e+00,8.864908699625e-02
-2.121978260158e+00,3.624513262776e+00,8.864947673409e-02
-2.121814088609e+00,6.006713333460e+00,8.864034029761e-02
-2.121777056369e+00,5.540852961773e+00,8.864330149089e-02
-2.121728581767e+00,3.109271401517e+00,8.864784769321e-02
-2.121659893038e+00,1.466937968764e+00,8.864545800527e-02
-2.121654925404e+00,7.665903581439e+00,8.862785246860e-02
-2.121536792955e+00,4.139755124035e+00,8.864844075958e-02
-2.121507801215e+00,9.585015717821e+00,7.699671872213e-02
-2.121356149003e+00,5.227108957365e+00,8.864391144067e-02
-2.121353287439e+00,7.850680359438e+00,8.862520840929e-02
-2.121340434819e+00,7.145886725661e+00,8.863016661150e-02
-2.121085109751e+00,9.791716369781e+00,7.188822737267e-02
-2.120787757781e+00,2.594029540260e+00,8.864355069887e-02
-2.120786459838e+00,2.046585062676e+00,8.864283690164e-02
-2.120647050593e+00,7.481993921534e+00,8.862509681267e-02
-2.120282793621e+00,3.656715879105e+00,8.864297702388e-02
-2.120260531615e+00,6.392232647650e+00,8.863150484291e-02
-2.120200033745e+00,5.030778686472e+00,8.864085192767e-02
-2.120133232133e+00,9.375769417632e+00,8.045391221085e-02
-2.120054713530e+00,3.141474017846e+00,8.864142901508e-02
-2.120050819700e+00,1.499140585092e+00,8.863928625478e-02
-2.119819728117e+00,4.171957740363e+00,8.864185611953e-02
-2.119757930324e+00,6.125002291200e+00,8.863135074850e-02
-2.119735839812e+00,8.036301351303e+00,8.861753171184e-02
-2.119728997420e+00,5.426286283308e+00,8.863628713263e-02
-2.119628642978e+00,1.023021705182e+01,4.366953691973e-02
-2.119435467523e+00,9.125397291965e+00,8.331680996378e-02
-2.119155788200e+00,2.078787679004e+00,8.863657799338e-02
-2.119135487843e+00,2.626232156588e+00,8.863720929920e-02
-2.118692908783e+00,9.998641087784e+00,6.345452690707e-02
-2.118587327083e+00,3.688918495433e+00,8.863646778128e-02
-2.118453457587e+00,8.657350266299e+00,8.670738408944e-02
-2.118441746362e+00,1.531343201420e+00,8.863310591375e-02
-2.118412250515e+00,4.673989052960e+00,8.863655330055e-02
-2.118399300924e+00,8.439581758272e+00,8.778574148222e-02
-2.118380845292e+00,3.173676634175e+00,8.863500104254e-02
-2.118336101794e+00,7.298974243431e+00,8.861737961583e-02
-2.118102663280e+00,4.204160356692e+00,8.863526169740e-02
-2.117644233791e+00,4.755361960140e+00,8.863300698572e-02
-2.117525116562e+00,2.110990295333e+00,8.863031025271e-02
-2.117483217906e+00,2.658434772917e+00,8.863085883197e-02
-2.117291472634e+00,6.813168750865e+00,8.861685888863e-02
-2.117009043063e+00,5.114847586553e+00,8.862809060066e-02
-2.116966101100e+00,6.662509177758e+00,8.861663307113e-02
-2.116952095474e+00,8.876022270559e+00,8.535622464049e-02
-2.116891860546e+00,3.721121111762e+00,8.862994898519e-02
-2.116876387459e+00,5.312508671931e+00,8.862603060759e-02
-2.116865283646e+00,6.243990859454e+00,8.861924774313e-02
-2.116832673024e+00,1.563545817749e+00,8.862691696413e-02
-2.116796427711e+00,8.222743613128e+00,8.860475055364e-02
-2.116706977054e+00,3.205879250503e+00,8.862856375526e-02
-2.116547576228e+00,6.964627794441e+00,8.861304723743e-02
-2.116385598443e+00,4.236362973020e+00,8.862865747122e-02
-2.116301605009e+00,4.837398436939e+00,8.862716673832e-02
-2.116199624811e+00,7.812500250012e-02,8.879506240534e-02
-2.116199624811e+00,1.093750035002e-01,8.877206460101e-02
-2.116199624811e+00,1.718750055004e-01,8.873071296792e-02
-2.116199624811e+00,2.031250065004e-01,8.871243069391e-02
-2.116199624811e+00,2.343750075005e-01,8.869578791772e-02
-2.116199624811e+00,2.656250085005e-01,8.868081432940e-02
-2.116199624811e+00,2.968750095005e-01,8.866753691321e-02
-2.116199624811e+00,3.281250105004e-01,8.865597981355e-02
-2.116199624811e+00,3.593750115003e-01,8.864616421341e-02
-2.116199624811e+00,4.531250145001e-01,8.862733165447e-02
-2.116199624811e+00,5.468750175000e-01,8.862373047055e-02
-2.116199624811e+00,6.093750194999e-01,8.862373047055e-02
-2.116199624811e+00,7.656250244999e-01,8.862373047055e-02
-2.116199624811e+00,7.968750254999e-01,8.862373047055e-02
-2.116199624811e+00,8.281250264999e-01,8.862373047055e-02
-2.116199624811e+00,8.906250285000e-01,8.862373047055e-02
-2.116199624811e+00,9.218750295000e-01,8.862373047055e-02
-2.116199624811e+00,9.531250305000e-01,8.862373047055e-02
-2.116199624811e+00,9.843750315000e-01,8.862373047055e-02
-2.116199624811e+00,1.562500050003e-02,8.884550731382e-02
-2.116199624811e+00,4.687500150008e-02,8.881955693171e-02
-2.116199624811e+00,1.406250045003e-01,8.875060248904e-02
-2.116199624811e+00,3.906250125003e-01,8.863810822632e-02
-2.116199624811e+00,4.218750135002e-01,8.863182680316e-02
-2.116199624811e+00,4.843750155000e-01,8.862463118921e-02
-2.116199624811e+00,5.156250165000e-01,8.862373047055e-02
-2.116199624811e+00,5.781250185000e-01,8.862373047055e-02
-2.116199624811e+00,6.406250204999e-01,8.862373047055e-02
-2.116199624811e+00,7.343750234999e-01,8.862373047055e-02
-2.116199624811e+00,8.593750274999e-01,8.862373047055e-02
-2.116199624811e+00,6.718750214999e-01,8.862373047055e-02
-2.116199624811e+00,7.031250224999e-01,8.862373047055e-02
-2.115894444924e+00,2.143192911661e+00,8.862403366082e-02
-2.115848939961e+00,9.560655374156e+00,7.749679159806e-02
-2.115830947968e+00,2.690637389245e+00,8.862449927761e-02
-2.115801275536e+00,5.744207411643e+00,8.861877196311e-02
-2.115577331364e+00,6.512667977320e+00,8.861243151228e-02
-2.115545857816e+00,9.767328385943e+00,7.266010015164e-02
-2.115503171535e+00,5.860953353817e+00,8.861671006204e-02
-2.115405887291e+00,1.016101340164e+00,8.862067244638e-02
-2.115358625865e+00,7.636628839615e+00,8.860353332208e-02
-2.115278907092e+00,5.628207193822e+00,8.861762992275e-02
-2.115223599686e+00,1.595748434078e+00,8.862071938783e-02
-2.115196394009e+00,3.753323728091e+00,8.862342061445e-02
-2.115162930101e+00,7.821323008319e+00,8.860140895485e-02
-2.115033108817e+00,3.238081866832e+00,8.862211713286e-02
-2.114728659447e+00,7.116867369491e+00,8.860474266939e-02
-2.114694835989e+00,9.345869252385e+00,8.087344715384e-02
-2.114668533605e+00,4.268565589349e+00,8.862204341901e-02
-2.114379744411e+00,4.920087546532e+00,8.861928527641e-02
-2.114379312398e+00,5.978430095628e+00,8.861163435072e-02
-2.114329010688e+00,1.020577554608e+01,4.692151625119e-02
-2.114263773286e+00,2.175395527990e+00,8.861774819885e-02
-2.114245196737e+00,7.452803049851e+00,8.860038578968e-02
-2.114178678030e+00,2.722840005574e+00,8.861813061649e-02
-2.113941441385e+00,5.512967591595e+00,8.861313887232e-02
-2.113888579086e+00,9.095570861396e+00,8.360914641067e-02
-2.113818412253e+00,1.048303956493e+00,8.861455008619e-02
-2.113651806677e+00,8.006862653530e+00,8.859407814437e-02
-2.113614526348e+00,1.627951050406e+00,8.861451316669e-02
-2.113500927471e+00,3.785526344419e+00,8.861688264783e-02
-2.113359240579e+00,3.270284483161e+00,8.861566115493e-02
-2.113273400792e+00,9.974226049701e+00,6.479668865671e-02
-2.113224872182e+00,5.199534917517e+00,8.861264460047e-02
-2.113131150310e+00,6.363664014261e+00,8.860395590100e-02
-2.112951468768e+00,4.300768205678e+00,8.861541951871e-02
-2.112690630158e+00,8.627675121936e+00,8.687714913545e-02
-2.112633101648e+00,2.207598144318e+00,8.861145384788e-02
-2.112529038642e+00,8.409984162153e+00,8.792340198942e-02
-2.112526408092e+00,2.755042621902e+00,8.861175282893e-02
-2.112424508152e+00,6.096622679417e+00,8.860313087125e-02
-2.112230937215e+00,1.080506572821e+00,8.860841929562e-02
-2.112005453010e+00,1.660153666735e+00,8.860829828253e-02
-2.111874100254e+00,5.003418323526e+00,8.860876615988e-02
-2.111829087372e+00,7.269868500915e+00,8.859225701033e-02
-2.111805460934e+00,3.817728960748e+00,8.861033506405e-02
-2.111794345862e+00,5.398503462206e+00,8.860579047784e-02
-2.111685372341e+00,3.302487099489e+00,8.860919580097e-02
-2.111297061299e+00,8.846270847494e+00,8.557075214448e-02
-2.111234403931e+00,4.332970822006e+00,8.860878574816e-02
-2.111002430010e+00,2.239800760647e+00,8.860515058894e-02
-2.110874138155e+00,2.787245238231e+00,8.860536589519e-02
-2.110819094893e+00,8.193224833109e+00,8.858162463269e-02
-2.110643462177e+00,1.112709189150e+00,8.860228005716e-02
-2.110471397617e+00,6.784325931388e+00,8.859046912090e-02
-2.110396379672e+00,1.692356283063e+00,8.860207471708e-02
-2.110190078707e+00,9.536295030490e+00,7.797329528580e-02
-2.110109994396e+00,3.849931577077e+00,8.860377784174e-02
-2.110042499070e+00,6.633756504793e+00,8.858988801172e-02
-2.110011504104e+00,3.334689715818e+00,8.860272105043e-02
-2.110006605882e+00,9.742940402105e+00,7.338730308555e-02
-2.109831445377e+00,6.935696079917e+00,8.858699840035e-02
-2.109703091434e+00,4.647070656096e+00,8.860288856109e-02
-2.109633661706e+00,6.215516115130e+00,8.859129220794e-02
-2.109517339093e+00,4.365173438335e+00,8.860214208520e-02
-2.109371758372e+00,2.272003376975e+00,8.859883840299e-02
-2.109256439846e+00,9.315969087139e+00,8.127294262665e-02
-2.109221868217e+00,2.819447854559e+00,8.859896979547e-02
-2.109062326327e+00,7.607354097790e+00,8.857909321672e-02
-2.109055987138e+00,1.144911805478e+00,8.859613235325e-02
-2.109030105968e+00,4.728331251169e+00,8.859984614939e-02
-2.109029378398e+00,1.018133404033e+01,4.980603972476e-02
-2.108972572763e+00,7.791965657200e+00,8.857749415699e-02
-2.108843180048e+00,5.284829628357e+00,8.859493892524e-02
-2.108787306334e+00,1.724558899391e+00,8.859584245206e-02
-2.108780188982e+00,5.087379774350e+00,8.859619626283e-02
-2.108550625298e+00,6.484006700379e+00,8.858531704330e-02
-2.108414527859e+00,3.882134193405e+00,8.859721095952e-02
-2.108341690649e+00,9.065744430827e+00,8.388978984966e-02
-2.108337635866e+00,3.366892332147e+00,8.859623688269e-02
-2.108165152938e+00,5.716120637548e+00,8.858930774394e-02
-2.108116884076e+00,7.087848013321e+00,8.857918863058e-02
-2.107991320719e+00,1.041310540299e+01,6.608629166606e-06
-2.107967493259e+00,5.832767729255e+00,8.858754768647e-02
-2.107853892801e+00,9.949811011619e+00,6.603810812079e-02
-2.107843342880e+00,7.423612178169e+00,8.857555056976e-02
-2.107800274256e+00,4.397376054664e+00,8.859548850754e-02
-2.107783028975e+00,4.810256627982e+00,8.859421187267e-02
-2.107741086734e+00,2.304205993303e+00,8.859251727097e-02
-2.107569598279e+00,2.851650470888e+00,8.859256450994e-02
-2.107567773542e+00,7.977423955758e+00,8.857051212644e-02
-2.107542803674e+00,5.600220505246e+00,8.858762116692e-02
-2.107468512100e+00,1.177114421807e+00,8.858997616627e-02
-2.107178232996e+00,1.756761515720e+00,8.858960146910e-02
-2.106944536188e+00,5.950146857796e+00,8.858276589998e-02
-2.106927802728e+00,8.597999977574e+00,8.704168940469e-02
-2.106719061321e+00,3.914336809734e+00,8.859063439589e-02
-2.106663767629e+00,3.399094948475e+00,8.858974327711e-02
-2.106658776361e+00,8.380386566033e+00,8.805704162794e-02
-2.106110415097e+00,2.336408609632e+00,8.858618717375e-02
-2.106105826400e+00,5.485082221417e+00,8.858280052945e-02
-2.106083209419e+00,4.429578670992e+00,8.858882499287e-02
-2.106001769005e+00,6.335095380871e+00,8.857625588569e-02
-2.105957235042e+00,4.892835852121e+00,8.858664234779e-02
-2.105917328341e+00,2.883853087217e+00,8.858615001868e-02
-2.105881037062e+00,1.209317038136e+00,8.858381147856e-02
-2.105642027124e+00,8.816519424430e+00,8.577787279927e-02
-2.105569159657e+00,1.788964132048e+00,8.858335174982e-02
-2.105322072950e+00,7.240762758400e+00,8.856700687740e-02
-2.105093595361e+00,5.171960877670e+00,8.858119184958e-02
-2.105091085981e+00,6.068243067634e+00,8.857475476626e-02
-2.105023594784e+00,3.946539426063e+00,8.858404812933e-02
-2.104989899391e+00,3.431297564804e+00,8.858324021293e-02
-2.104841762075e+00,8.163706053089e+00,8.855838905952e-02
-2.104531217453e+00,9.511934686825e+00,7.842784854107e-02
-2.104479743459e+00,2.368611225960e+00,8.857984809213e-02
-2.104467353948e+00,9.718552418267e+00,7.407358927731e-02
-2.104366144582e+00,4.461781287321e+00,8.858215151879e-02
-2.104293562024e+00,1.241519654464e+00,8.857763827241e-02
-2.104265058403e+00,2.916055703545e+00,8.857972630174e-02
-2.103960086319e+00,1.821166748377e+00,8.857709327576e-02
-2.103859694302e+00,5.370720641104e+00,8.857498804266e-02
-2.103818043703e+00,9.286068921892e+00,8.165394471292e-02
-2.103729746108e+00,1.015689253459e+01,5.238199000794e-02
-2.103651322601e+00,6.755483111910e+00,8.856393975072e-02
-2.103548166762e+00,4.976057960579e+00,8.857648610288e-02
-2.103328128246e+00,3.978742042391e+00,8.857745213823e-02
-2.103316031153e+00,3.463500181132e+00,8.857672766938e-02
-2.103118897040e+00,6.605003831829e+00,8.856300048463e-02
-2.103115314526e+00,6.906764365394e+00,8.856081279599e-02
-2.102849071821e+00,2.400813842289e+00,8.857350000688e-02
-2.102811693023e+00,1.038863801680e+01,1.009122507255e-02
-2.102794802212e+00,9.035918000258e+00,8.415942016148e-02
-2.102782215426e+00,7.762608306081e+00,8.855340066097e-02
-2.102766026789e+00,7.578079355966e+00,8.855453136434e-02
-2.102706086985e+00,1.273722270792e+00,8.857145653006e-02
-2.102649079744e+00,4.493983903650e+00,8.857546806283e-02
-2.102612788466e+00,2.948258319874e+00,8.857329333909e-02
-2.102434384809e+00,9.925395973536e+00,6.718968912673e-02
-2.102402039766e+00,6.187041370805e+00,8.856318249433e-02
-2.102351012981e+00,1.853369364705e+00,8.857082602842e-02
-2.101642162916e+00,3.495702797461e+00,8.857020562562e-02
-2.101632661709e+00,4.010944658720e+00,8.857084640093e-02
-2.101523919233e+00,6.455345423439e+00,8.855794047392e-02
-2.101505108704e+00,7.058828657151e+00,8.855350365126e-02
-2.101483740407e+00,7.947985257985e+00,8.854683295076e-02
-2.101441489023e+00,7.394421306486e+00,8.855059034358e-02
-2.101218400183e+00,2.433016458617e+00,8.856714289871e-02
-2.101164975298e+00,8.568324833211e+00,8.720124037578e-02
-2.101118611947e+00,1.305924887121e+00,8.856526623370e-02
-2.100993932354e+00,4.620152259232e+00,8.856901368473e-02
-2.100960518528e+00,2.980460936203e+00,8.856685111065e-02
-2.100932014907e+00,4.526186519978e+00,8.856877460249e-02
-2.100809972637e+00,5.257150584784e+00,8.856366213468e-02
-2.100788514079e+00,8.350788969914e+00,8.818690949634e-02
-2.100741939643e+00,1.885571981034e+00,8.856454998925e-02
-2.100551334902e+00,5.059911962147e+00,8.856410833551e-02
-2.100529030339e+00,5.688033863453e+00,8.855965274486e-02
-2.100431814982e+00,5.804582104693e+00,8.855821953572e-02
-2.100415978146e+00,4.701300542198e+00,8.856631717398e-02
-2.099986992949e+00,8.786768001365e+00,8.597798562376e-02
-2.099968294678e+00,3.527905413790e+00,8.856367406073e-02
-2.099937195171e+00,4.043147275049e+00,8.856423089571e-02
-2.099806700256e+00,5.572233816670e+00,8.855743766526e-02
-2.099587728545e+00,2.465219074946e+00,8.856077674828e-02
-2.099531136909e+00,1.338127503449e+00,8.855906736549e-02
-2.099509759977e+00,5.921863619965e+00,8.855373383565e-02
-2.099308248590e+00,3.012663552531e+00,8.856039959630e-02
-2.099264452940e+00,4.783114819024e+00,8.856105417486e-02
-2.099214950070e+00,4.558389136307e+00,8.856207111516e-02
-2.099132866305e+00,1.917774597362e+00,8.855826513964e-02
-2.098928102014e+00,9.694164434430e+00,7.472230304920e-02
-2.098872387700e+00,6.306526747482e+00,8.854840377288e-02
-2.098872356200e+00,9.487574343159e+00,7.886180335882e-02
-2.098864429257e+00,8.134187273070e+00,8.853504314654e-02
-2.098815058528e+00,7.211657015885e+00,8.854162838746e-02
-2.098430113819e+00,1.013245102884e+01,5.469630736611e-02
-2.098379647559e+00,9.256168756646e+00,8.201769201645e-02
-2.098294426440e+00,3.560108030119e+00,8.855713295375e-02
-2.098270211415e+00,5.457196851238e+00,8.855228529360e-02
-2.098241728634e+00,4.075349891377e+00,8.855760560077e-02
-2.097957056907e+00,2.497421691274e+00,8.855440153617e-02
-2.097943661871e+00,1.370330119778e+00,8.855285990751e-02
-2.097757663809e+00,6.039863455851e+00,8.854614678442e-02
-2.097655978652e+00,3.044866168860e+00,8.855393877584e-02
-2.097632065327e+00,1.036417063061e+01,1.829933910196e-02
-2.097534725673e+00,4.865584157709e+00,8.855369192003e-02
-2.097523792967e+00,1.949977213691e+00,8.855197146093e-02
-2.097497885232e+00,4.590591752636e+00,8.855535757819e-02
-2.097247913775e+00,9.006091569690e+00,8.441866597887e-02
-2.097014876818e+00,9.900980935453e+00,6.826081701637e-02
-2.096962318539e+00,5.144386837823e+00,8.854955198302e-02
-2.096831247585e+00,6.726640292432e+00,8.853726984755e-02
-2.096620558203e+00,3.592310646447e+00,8.855058228364e-02
-2.096591858088e+00,7.733250954962e+00,8.852909812119e-02
-2.096546262096e+00,4.107552507706e+00,8.855097049427e-02
-2.096469727251e+00,7.548804614141e+00,8.852984697178e-02
-2.096399183675e+00,6.877832650871e+00,8.853448950811e-02
-2.096356186832e+00,1.402532736107e+00,8.854664384182e-02
-2.096326385269e+00,2.529624307603e+00,8.854801724294e-02
-2.096195295010e+00,6.576251158864e+00,8.853596954706e-02
-2.096003708715e+00,3.077068785189e+00,8.854746862903e-02
-2.095925042744e+00,5.342937820002e+00,8.854388471708e-02
-2.095914719629e+00,1.982179830019e+00,8.854566893442e-02
-2.095402147868e+00,8.538649688848e+00,8.735602380366e-02
-2.095399707272e+00,7.918546560212e+00,8.852303990574e-02
-2.095222233270e+00,4.948697597633e+00,8.854401050389e-02
-2.095170417826e+00,6.158566626481e+00,8.853491756994e-02
-2.095039635167e+00,7.365230434803e+00,8.852550429687e-02
-2.094946689965e+00,3.624513262776e+00,8.854402202934e-02
-2.094918251798e+00,8.321191373794e+00,8.831327937109e-02
-2.094893333332e+00,7.029809300981e+00,8.852756068660e-02
-2.094850795559e+00,4.139755124035e+00,8.854432555429e-02
-2.094768711794e+00,1.434735352435e+00,8.854041915041e-02
-2.094695713631e+00,2.561826923931e+00,8.854162384907e-02
-2.094497213167e+00,6.426684146499e+00,8.853033674305e-02
-2.094351438777e+00,3.109271401517e+00,8.854098913556e-02
-2.094331958774e+00,8.757016578301e+00,8.617143608052e-02
-2.094305646291e+00,2.014382446347e+00,8.853935754135e-02
-2.093388850080e+00,9.669776450592e+00,7.533643412571e-02
-2.093272821728e+00,3.656715879105e+00,8.853745216967e-02
-2.093213494946e+00,9.463213999494e+00,7.927614173713e-02
-2.093181236756e+00,1.466937968764e+00,8.853418581523e-02
-2.093155329022e+00,4.171957740363e+00,8.853767075884e-02
-2.093130481529e+00,1.010800952310e+01,5.678687122045e-02
-2.093065041993e+00,2.594029540260e+00,8.853522133500e-02
-2.092941251416e+00,9.226268591399e+00,8.236531599339e-02
-2.092896136706e+00,5.776396480130e+00,8.852872449884e-02
-2.092892907740e+00,5.659947089359e+00,8.852962004394e-02
-2.092887096439e+00,8.104668493051e+00,8.851158620184e-02
-2.092776765226e+00,5.229471541210e+00,8.853219900251e-02
-2.092699168839e+00,3.141474017846e+00,8.853450027507e-02
-2.092696572953e+00,2.046585062676e+00,8.853303726291e-02
-2.092452437631e+00,1.033970324443e+01,2.510628482006e-02
-2.092322480821e+00,5.032444149944e+00,8.853182552873e-02
-2.092308044106e+00,7.182551273370e+00,8.851612070615e-02
-2.092074983767e+00,5.893580382133e+00,8.852453704322e-02
-2.092070596838e+00,5.544247128094e+00,8.852707823281e-02
-2.091801850323e+00,4.674269833227e+00,8.853245169520e-02
-2.091743006395e+00,6.277958114092e+00,8.852039853334e-02
-2.091701025338e+00,8.976265139121e+00,8.466810940215e-02
-2.091598953490e+00,3.688918495433e+00,8.853087268343e-02
-2.091595368826e+00,9.876565897370e+00,6.925961409253e-02
-2.091593761718e+00,1.499140585092e+00,8.852794381817e-02
-2.091459862484e+00,4.204160356692e+00,8.853100608589e-02
-2.091434370355e+00,2.626232156588e+00,8.852880968111e-02
-2.091087499615e+00,2.078787679004e+00,8.852670808022e-02
-2.091046898901e+00,3.173676634175e+00,8.852800202713e-02
-2.090745876906e+00,4.755973010066e+00,8.852769235544e-02
-2.090434596430e+00,5.429311481060e+00,8.852159199353e-02
-2.090424241638e+00,6.011483844068e+00,8.851723982387e-02
-2.090401500750e+00,7.703893603843e+00,8.850467544676e-02
-2.090173427712e+00,7.519529872317e+00,8.850503924095e-02
-2.090011172569e+00,6.697797472954e+00,8.851045847575e-02
-2.090006286679e+00,1.531343201420e+00,8.852169314109e-02
-2.089925085252e+00,3.721121111762e+00,8.852428354935e-02
-2.089803698717e+00,2.658434772917e+00,8.852238886773e-02
-2.089764395947e+00,4.236362973020e+00,8.852433151332e-02
-2.089683052823e+00,6.848900936348e+00,8.850802761515e-02
-2.089639320438e+00,8.508974544485e+00,8.750624869959e-02
-2.089478426277e+00,2.110990295333e+00,8.852036997438e-02
-2.089394628963e+00,3.205879250503e+00,8.852149437126e-02
-2.089315674137e+00,7.889107862440e+00,8.849913227546e-02
-2.089271692980e+00,6.547498485900e+00,8.850879425147e-02
-2.089112216304e+00,4.838332463298e+00,8.852053785819e-02
-2.089047989516e+00,8.291593777674e+00,8.843629015143e-02
-2.088831041718e+00,5.116812797976e+00,8.851751283590e-02
-2.088676924599e+00,8.727265155236e+00,8.635854761199e-02
-2.088637781310e+00,7.336039563121e+00,8.850029161050e-02
-2.088418811641e+00,1.563545817749e+00,8.851543376579e-02
-2.088281557961e+00,7.000789944811e+00,8.850143361975e-02
-2.088251217015e+00,3.753323728091e+00,8.851768474610e-02
-2.088173027079e+00,2.690637389245e+00,8.851595887512e-02
-2.088068929409e+00,4.268565589349e+00,8.851764701895e-02
-2.087990391184e+00,5.315154998900e+00,8.851259596060e-02
-2.087938795886e+00,6.130091882157e+00,8.850649639787e-02
-2.087869352938e+00,2.143192911661e+00,8.851402292641e-02
-2.087849598146e+00,9.645388466754e+00,7.591866342082e-02
-2.087830849239e+00,1.008356801735e+01,5.868458577333e-02
-2.087742359026e+00,3.238081866832e+00,8.851497728693e-02
-2.087554633692e+00,9.438853655828e+00,7.967266142191e-02
-2.087502855273e+00,9.196368426152e+00,8.269785219893e-02
-2.087470507102e+00,6.398022869559e+00,8.850258198967e-02
-2.087407793181e+00,1.093750035002e-01,8.866479819032e-02
-2.087407793181e+00,2.968750095005e-01,8.855620568347e-02
-2.087407793181e+00,7.656250244999e-01,8.851066393219e-02
-2.087407793181e+00,7.968750254999e-01,8.851066393219e-02
-2.087407793181e+00,8.906250285000e-01,8.851066393219e-02
-2.087407793181e+00,7.812500250012e-02,8.868867609233e-02
-2.087407793181e+00,1.406250045003e-01,8.864251013865e-02
-2.087407793181e+00,1.718750055004e-01,8.862185121006e-02
-2.087407793181e+00,2.031250065004e-01,8.860285831094e-02
-2.087407793181e+00,2.343750075005e-01,8.858556580329e-02
-2.087407793181e+00,2.656250085005e-01,8.857000533544e-02
-2.087407793181e+00,3.281250105004e-01,8.854419260468e-02
-2.087407793181e+00,4.218750135002e-01,8.851908240935e-02
-2.087407793181e+00,7.343750234999e-01,8.851066393219e-02
-2.087407793181e+00,8.281250264999e-01,8.851066393219e-02
-2.087407793181e+00,8.593750274999e-01,8.851066393219e-02
-2.087407793181e+00,9.218750295000e-01,8.851066393219e-02
-2.087407793181e+00,9.531250305000e-01,8.851066393219e-02
-2.087407793181e+00,9.843750315000e-01,8.851066393219e-02
-2.087407793181e+00,1.562500050003e-02,8.874103364388e-02
-2.087407793181e+00,4.687500150008e-02,8.871410239119e-02
-2.087407793181e+00,3.593750115003e-01,8.853398870451e-02
-2.087407793181e+00,3.906250125003e-01,8.852561331835e-02
-2.087407793181e+00,4.531250145001e-01,8.851440848330e-02
-2.087407793181e+00,4.843750155000e-01,8.851160052148e-02
-2.087407793181e+00,5.156250165000e-01,8.851066393219e-02
-2.087407793181e+00,5.468750175000e-01,8.851066393219e-02
-2.087407793181e+00,5.781250185000e-01,8.851066393219e-02
-2.087407793181e+00,6.093750194999e-01,8.851066393219e-02
-2.087407793181e+00,6.406250204999e-01,8.851066393219e-02
-2.087407793181e+00,6.718750214999e-01,8.851066393219e-02
-2.087407793181e+00,7.031250224999e-01,8.851066393219e-02
-2.087272809935e+00,1.031523585824e+01,3.084247539460e-02
-2.086909763621e+00,8.075149713032e+00,8.848801752924e-02
-2.086896299778e+00,4.921337234686e+00,8.851133811113e-02
-2.086831336603e+00,1.595748434078e+00,8.850916567401e-02
-2.086624854811e+00,1.016101340164e+00,8.850757063303e-02
-2.086577348777e+00,3.785526344419e+00,8.851107625228e-02
-2.086542355441e+00,2.722840005574e+00,8.850951968349e-02
-2.086373462872e+00,4.300768205678e+00,8.851095258055e-02
-2.086260279600e+00,2.175395527990e+00,8.850766691730e-02
-2.086175860835e+00,9.852150859288e+00,7.019314517700e-02
-2.086154136901e+00,8.946438708552e+00,8.490829020680e-02
-2.086090089088e+00,3.270284483161e+00,8.850845075354e-02
-2.085801029684e+00,7.153445530855e+00,8.849048299437e-02
-2.085360458430e+00,5.748210855568e+00,8.849906146109e-02
-2.085256785141e+00,5.631860315264e+00,8.849941246171e-02
-2.085243861565e+00,1.627951050406e+00,8.850288884747e-02
-2.085058978073e+00,1.048303956493e+00,8.850137765627e-02
-2.084911683804e+00,2.755042621902e+00,8.850307127300e-02
-2.084903480539e+00,3.817728960748e+00,8.850445804643e-02
-2.084743557815e+00,5.201792497636e+00,8.850054829352e-02
-2.084677996334e+00,4.332970822006e+00,8.850424817581e-02
-2.084651206262e+00,2.207598144318e+00,8.850130192796e-02
-2.084640207556e+00,5.865297144302e+00,8.849517440355e-02
-2.084613625089e+00,6.249389480702e+00,8.849223913281e-02
-2.084437819150e+00,3.302487099489e+00,8.850191475043e-02
-2.084334493420e+00,5.516260439518e+00,8.849654168100e-02
-2.084211143412e+00,7.674536252724e+00,8.848013185633e-02
-2.084093626741e+00,5.004976337741e+00,8.849934655172e-02
-2.083877128174e+00,7.490255130492e+00,8.848010736879e-02
-2.083876493008e+00,8.479299400123e+00,8.765211222887e-02
-2.083656386526e+00,1.660153666735e+00,8.849660326779e-02
-2.083493101334e+00,1.080506572821e+00,8.849517616024e-02
-2.083281012166e+00,2.787245238231e+00,8.849661362376e-02
-2.083231641001e+00,7.859669164667e+00,8.847496412471e-02
-2.083229612302e+00,3.849931577077e+00,8.849783010703e-02
-2.083191097553e+00,6.668954653476e+00,8.848350469467e-02
-2.083187722500e+00,4.647239124256e+00,8.849837368251e-02
-2.083177727235e+00,8.261996181554e+00,8.847161749897e-02
-2.083090819466e+00,5.983104232284e+00,8.848816923243e-02
-2.083042132924e+00,2.239800760647e+00,8.849492793928e-02
-2.083021890424e+00,8.697513732171e+00,8.653962335475e-02
-2.082982529797e+00,4.365173438335e+00,8.849753378236e-02
-2.082966921972e+00,6.819969221824e+00,8.848142619022e-02
-2.082785549212e+00,3.334689715818e+00,8.849536925689e-02
-2.082598981446e+00,5.401426110882e+00,8.849066409935e-02
-2.082531216949e+00,1.005912651161e+01,6.041491490390e-02
-2.082348090950e+00,6.518745812935e+00,8.848138148056e-02
-2.082310346212e+00,9.621000482916e+00,7.647140190912e-02
-2.082235927453e+00,7.306848691438e+00,8.847495146045e-02
-2.082227300872e+00,4.728831201109e+00,8.849412512781e-02
-2.082093182238e+00,1.029076847206e+01,3.574200823977e-02
-2.082068911488e+00,1.692356283063e+00,8.849030891658e-02
-2.082064459130e+00,9.166468260905e+00,8.301625016083e-02
-2.081927224596e+00,1.112709189150e+00,8.848896612730e-02
-2.081895772438e+00,9.414493312162e+00,8.005228196190e-02
-2.081669782589e+00,6.971770588641e+00,8.847516986109e-02
-2.081650340528e+00,2.819447854559e+00,8.849014671580e-02
-2.081555744064e+00,3.882134193405e+00,8.849119241251e-02
-2.081433059586e+00,2.272003376975e+00,8.848854493205e-02
-2.081287063259e+00,4.397376054664e+00,8.849080937777e-02
-2.081133279274e+00,3.366892332147e+00,8.848881425214e-02
-2.080932430803e+00,8.045630933013e+00,8.846433642821e-02
-2.080756352843e+00,9.827735821205e+00,7.106758428900e-02
-2.080707173946e+00,6.101617137832e+00,8.847791793675e-02
-2.080699764897e+00,5.089238758128e+00,8.848522621885e-02
-2.080689706936e+00,4.811080768886e+00,8.848717882504e-02
-2.080607248464e+00,8.916612277983e+00,8.513970960499e-02
-2.080481436450e+00,1.724558899391e+00,8.848400577540e-02
-2.080443801036e+00,6.369361592618e+00,8.847467518475e-02
-2.080361347858e+00,1.144911805478e+00,8.848274753970e-02
-2.080055739626e+00,5.287372177798e+00,8.848112051354e-02
-2.080019668890e+00,2.851650470888e+00,8.848367052913e-02
-2.079881875827e+00,3.914336809734e+00,8.848454494120e-02
-2.079823986248e+00,2.304205993303e+00,8.848215288706e-02
-2.079591596722e+00,4.429578670992e+00,8.848407493953e-02
-2.079481009337e+00,3.399094948475e+00,8.848224971535e-02
-2.079294015262e+00,7.124339788340e+00,8.846466118454e-02
-2.078893961412e+00,1.756761515720e+00,8.847769382573e-02
-2.078795471119e+00,1.177114421807e+00,8.847652037971e-02
-2.078570366286e+00,4.893976871739e+00,8.847822349986e-02
-2.078388997252e+00,2.883853087217e+00,8.847718504365e-02
-2.078214912910e+00,2.336408609632e+00,8.847575178500e-02
-2.078208007589e+00,3.946539426063e+00,8.847788767142e-02
-2.078113665579e+00,8.449624255760e+00,8.779380053415e-02
-2.078020786074e+00,7.645178901605e+00,8.845546656356e-02
-2.077896130184e+00,4.461781287321e+00,8.847733044507e-02
-2.077828739399e+00,3.431297564804e+00,8.847567562561e-02
-2.077824780153e+00,5.720025231006e+00,8.846920299854e-02
-2.077620662542e+00,5.603773541169e+00,8.846902879612e-02
-2.077580828636e+00,7.460980388668e+00,8.845505054732e-02
-2.077484243784e+00,6.220820847313e+00,8.846392453201e-02
-2.077366856249e+00,8.667762309107e+00,8.671494769762e-02
-2.077307464953e+00,8.232398585435e+00,8.844825973289e-02
-2.077306486373e+00,1.788964132048e+00,8.847137304902e-02
-2.077231584660e+00,1.003468500586e+01,6.199902884501e-02
-2.077229594381e+00,1.209317038136e+00,8.847028462950e-02
-2.077205431346e+00,5.837013906471e+00,8.846564479300e-02
-2.077147607866e+00,7.830230466894e+00,8.845067047567e-02
-2.076913554543e+00,1.026630108587e+01,3.997537636330e-02
-2.076771094277e+00,9.596612499078e+00,7.699682376966e-02
-2.076758325614e+00,2.916055703545e+00,8.847069023926e-02
-2.076710350404e+00,5.174113454062e+00,8.846870877100e-02
-2.076626062986e+00,9.136568095659e+00,8.332138206888e-02
-2.076605839572e+00,2.368611225960e+00,8.846934160654e-02
-2.076598390002e+00,5.488273750942e+00,8.846582681786e-02
-2.076534139351e+00,3.978742042391e+00,8.847122058138e-02
-2.076401560197e+00,9.387326827581e+00,8.045422958644e-02
-2.076371022537e+00,6.640111833998e+00,8.845640755863e-02
-2.076250791121e+00,6.791037507302e+00,8.845468430118e-02
-2.076200663647e+00,4.493983903650e+00,8.847057587175e-02
-2.076176469461e+00,3.463500181132e+00,8.846909196198e-02
-2.075864772660e+00,4.977508525538e+00,8.846667011324e-02
-2.075834073596e+00,7.277657819755e+00,8.844948301783e-02
-2.075757397294e+00,5.954724620501e+00,8.845893388541e-02
-2.075719011335e+00,1.821166748377e+00,8.846504342666e-02
-2.075663717642e+00,1.241519654464e+00,8.846404027121e-02
-2.075424488919e+00,6.489993139971e+00,8.845371769784e-02
-2.075336844852e+00,9.803320783122e+00,7.188835076113e-02
-2.075127653976e+00,2.948258319874e+00,8.846418609577e-02
-2.075060360027e+00,8.886785847415e+00,8.536283361533e-02
-2.075058007218e+00,6.942751232471e+00,8.844876849383e-02
-2.074996766234e+00,2.400813842289e+00,8.846292233228e-02
-2.074955097985e+00,8.016112152994e+00,8.844054219395e-02
-2.074860271114e+00,4.010944658720e+00,8.846454364925e-02
-2.074763366461e+00,5.373540740704e+00,8.845936097381e-02
-2.074573594677e+00,4.620208415286e+00,8.846408176561e-02
-2.074524199523e+00,3.495702797461e+00,8.846249870344e-02
-2.074505197109e+00,4.526186519978e+00,8.846381119688e-02
-2.074131536297e+00,1.853369364705e+00,8.845870494001e-02
-2.074097840904e+00,1.273722270792e+00,8.845778728693e-02
-2.073708724838e+00,4.701689392151e+00,8.846015892812e-02
-2.073496982338e+00,2.980460936203e+00,8.845767259294e-02
-2.073475552006e+00,6.073142393508e+00,8.844902100825e-02
-2.073417094970e+00,6.340700315678e+00,8.844661529386e-02
-2.073387692896e+00,2.433016458617e+00,8.845649394277e-02
-2.073186402876e+00,4.043147275049e+00,8.845785685314e-02
-2.072871929585e+00,3.527905413790e+00,8.845589582892e-02
-2.072809730572e+00,4.558389136307e+00,8.845703639768e-02
-2.072787000840e+00,7.095234045825e+00,8.843858544973e-02
-2.072568488076e+00,5.061664718281e+00,8.845274291078e-02
-2.072544061259e+00,1.885571981034e+00,8.845235757034e-02
-2.072531964166e+00,1.305924887121e+00,8.845152565871e-02
-2.072350838149e+00,8.419949111397e+00,8.793148949150e-02
-2.072267197567e+00,4.783829074475e+00,8.845361348451e-02
-2.072121088066e+00,5.259589356696e+00,8.844945711342e-02
-2.071931952370e+00,1.001024350011e+01,6.345467256442e-02
-2.071866310700e+00,3.012663552531e+00,8.845114971047e-02
-2.071830428736e+00,7.615821550486e+00,8.843067877716e-02
-2.071778619558e+00,2.465219074946e+00,8.845005641849e-02
-2.071733926846e+00,1.024183369968e+01,4.366969611096e-02
-2.071711822074e+00,8.638010886042e+00,8.688478769942e-02
-2.071512534639e+00,4.075349891377e+00,8.845116017107e-02
-2.071437202672e+00,8.202800989315e+00,8.842479163339e-02
-2.071284529098e+00,7.431705646844e+00,8.842986796357e-02
-2.071231842343e+00,9.572224515240e+00,7.749689476351e-02
-2.071219659648e+00,3.560108030119e+00,8.844928331728e-02
-2.071187666843e+00,9.106667930412e+00,8.361405044093e-02
-2.071114264035e+00,4.590591752636e+00,8.845025145132e-02
-2.071071996968e+00,9.357354202084e+00,8.087448881537e-02
-2.071063574731e+00,7.800791769121e+00,8.842625749927e-02
-2.070966087427e+00,1.338127503449e+00,8.844525536853e-02
-2.070956586220e+00,1.917774597362e+00,8.844600129890e-02
-2.070354862479e+00,6.192252213923e+00,8.843545368677e-02
-2.070289101877e+00,5.691839606444e+00,8.843896780303e-02
-2.070244432794e+00,4.866616508793e+00,8.844486736822e-02
-2.070235639062e+00,3.044866168860e+00,8.844461742801e-02
-2.070169546219e+00,2.497421691274e+00,8.844360973989e-02
-2.069984539944e+00,5.575686767074e+00,8.843846784080e-02
-2.069917336860e+00,9.778905745040e+00,7.266022113691e-02
-2.069838666401e+00,4.107552507706e+00,8.844445358102e-02
-2.069770655136e+00,5.808730668639e+00,8.843594708351e-02
-2.069567389710e+00,3.592310646447e+00,8.844266114732e-02
-2.069550947521e+00,6.611269014520e+00,8.842916611699e-02
-2.069534660270e+00,6.762105792779e+00,8.842780101061e-02
-2.069513471590e+00,8.856959416846e+00,8.557753265370e-02
-2.069432219740e+00,7.248466948072e+00,8.842388544889e-02
-2.069400210689e+00,1.370330119778e+00,8.843897639835e-02
-2.069369111182e+00,1.949977213691e+00,8.843963610688e-02
-2.068977765167e+00,7.986593372975e+00,8.841653199970e-02
-2.068862286584e+00,5.460287062366e+00,8.843493244817e-02
-2.068677142993e+00,5.146434410489e+00,8.843660809495e-02
-2.068604967424e+00,3.077068785189e+00,8.843807572513e-02
-2.068560472881e+00,2.529624307603e+00,8.843715388736e-02
-2.068500886889e+00,6.461240467006e+00,8.842590295558e-02
-2.068446231846e+00,6.913731876301e+00,8.842222859569e-02
-2.068423975123e+00,5.926345008718e+00,8.842953265299e-02
-2.068164798163e+00,4.139755124035e+00,8.843773706091e-02
-2.067915119772e+00,3.624513262776e+00,8.843602929779e-02
-2.067834333950e+00,1.402532736107e+00,8.843268873006e-02
-2.067781636144e+00,1.982179830019e+00,8.843326197540e-02
-2.067635918580e+00,4.950040713336e+00,8.843379492199e-02
-2.066974295786e+00,3.109271401517e+00,8.843152458138e-02
-2.066951399543e+00,2.561826923931e+00,8.843068884121e-02
-2.066927751476e+00,5.345655370525e+00,8.842787088334e-02
-2.066632320080e+00,9.985801994369e+00,6.479683158552e-02
-2.066588010719e+00,8.390273967034e+00,8.806518577717e-02
-2.066554299150e+00,1.021736631350e+01,4.692167705018e-02
-2.066490929926e+00,4.171957740363e+00,8.843101058857e-02
-2.066390388904e+00,6.312039038738e+00,8.841840127716e-02
-2.066279986418e+00,7.066128303310e+00,8.841237400940e-02
-2.066268457212e+00,1.434735352435e+00,8.842639234549e-02
-2.066262849834e+00,3.656715879105e+00,8.842938774736e-02
-2.066243930066e+00,6.044667649184e+00,8.841990742160e-02
-2.066194161106e+00,2.014382446347e+00,8.842687888556e-02
-2.066056787899e+00,8.608259462977e+00,8.704939438125e-02
-2.065749270700e+00,9.076767765165e+00,8.389499490203e-02
-2.065742433739e+00,9.327381576587e+00,8.127463822905e-02
-2.065692590409e+00,9.547836531402e+00,7.797339662575e-02
-2.065640071399e+00,7.586464199367e+00,8.840576770081e-02
-2.065566940390e+00,8.173203393196e+00,8.840121251129e-02
-2.065343624148e+00,3.141474017846e+00,8.842496397623e-02
-2.065342326205e+00,2.594029540260e+00,8.842421458172e-02
-2.065190148803e+00,4.674547583194e+00,8.842587558201e-02
-2.064988229560e+00,7.402430905019e+00,8.840455879964e-02
-2.064979541596e+00,7.771353071349e+00,8.840172442132e-02
-2.064817061688e+00,4.204160356692e+00,8.842427414179e-02
-2.064702580473e+00,1.466937968764e+00,8.842008722645e-02
-2.064610579897e+00,3.688918495433e+00,8.842273647465e-02
-2.064606686067e+00,2.046585062676e+00,8.842048681838e-02
-2.064497828869e+00,9.754490706958e+00,7.338742173246e-02
-2.064437211255e+00,5.034090678434e+00,8.842006158468e-02
-2.064186436508e+00,5.231806535594e+00,8.841760449514e-02
-2.063966583153e+00,8.827132986277e+00,8.578479534124e-02
-2.063844688198e+00,4.756577380063e+00,8.841984050214e-02
-2.063733252867e+00,2.626232156588e+00,8.841773108912e-02
-2.063712952510e+00,3.173676634175e+00,8.841839388907e-02
-2.063225481174e+00,6.163683580533e+00,8.840682554807e-02
-2.063143193450e+00,4.236362973020e+00,8.841752769828e-02
-2.063136703735e+00,1.499140585092e+00,8.841377335468e-02
-2.063030365883e+00,7.219276076389e+00,8.839815519839e-02
-2.063019211029e+00,2.078787679004e+00,8.841408575484e-02
-2.063000432349e+00,7.957074592956e+00,8.839235706667e-02
-2.062958309959e+00,3.721121111762e+00,8.841607545822e-02
-2.062818529419e+00,6.733174078255e+00,8.840077537586e-02
-2.062753423601e+00,5.663653981882e+00,8.840855641995e-02
-2.062730872505e+00,6.582426195042e+00,8.840169543864e-02
-2.062348417345e+00,5.547599992979e+00,8.840772838522e-02
-2.062335878925e+00,5.780447430807e+00,8.840608014278e-02
-2.062124179529e+00,2.658434772917e+00,8.841123834355e-02
-2.062082280872e+00,3.205879250504e+00,8.841181429927e-02
-2.061918499303e+00,4.839256145846e+00,8.841130416989e-02
-2.061834456474e+00,6.884712520131e+00,8.839554923893e-02
-2.061577284859e+00,6.432487794042e+00,8.839793622070e-02
-2.061570826997e+00,1.531343201420e+00,8.840745071188e-02
-2.061469325213e+00,4.268565589349e+00,8.841077123569e-02
-2.061431735991e+00,2.110990295333e+00,8.840767567587e-02
-2.061374671454e+00,1.019289892731e+01,4.980620075820e-02
-2.061332687790e+00,9.961360488624e+00,6.603824830925e-02
-2.061306040021e+00,3.753323728091e+00,8.840940467657e-02
-2.061126183166e+00,5.432300373790e+00,8.840385737373e-02
-2.061090552951e+00,5.897965396935e+00,8.839996440035e-02
-2.060825183289e+00,8.360598822672e+00,8.819507383843e-02
-2.060643935582e+00,5.118755366915e+00,8.840411905294e-02
-2.060515106191e+00,2.690637389245e+00,8.840473632514e-02
-2.060451609234e+00,3.238081866832e+00,8.840522518612e-02
-2.060412870511e+00,9.297408951090e+00,8.165623131292e-02
-2.060401753724e+00,8.578508039913e+00,8.720900390544e-02
-2.060310874556e+00,9.046867599919e+00,8.416489819290e-02
-2.060153338475e+00,9.523448547564e+00,7.842794811035e-02
-2.060004950258e+00,1.563545817749e+00,8.840111927969e-02
-2.059844260953e+00,2.143192911661e+00,8.840125656234e-02
-2.059795456975e+00,4.300768205678e+00,8.840400473160e-02
-2.059772971996e+00,7.037022560795e+00,8.838602595228e-02
-2.059696678109e+00,8.143605797076e+00,8.837752167309e-02
-2.059653770083e+00,3.785526344419e+00,8.840272410812e-02
-2.059449714061e+00,7.557106848248e+00,8.838073253320e-02
-2.059407064499e+00,4.922572901133e+00,8.840068160321e-02
-2.059363682839e+00,6.283377761798e+00,8.839003208954e-02
-2.059201860451e+00,1.042467487124e+01,6.608629165887e-06
-2.059092136492e+00,5.317770000347e+00,8.839619254088e-02
-2.059078320878e+00,9.730075668875e+00,7.407370565119e-02
-2.059012308126e+00,6.016192904859e+00,8.839062908024e-02
-2.058906032853e+00,2.722840005574e+00,8.839822501392e-02
-2.058895508461e+00,7.741914373576e+00,8.837707046265e-02
-2.058820937596e+00,3.270284483161e+00,8.839862652886e-02
-2.058691930021e+00,7.373156163195e+00,8.837912223266e-02
-2.058615961550e+00,1.093750035002e-01,8.855492573674e-02
-2.058615961550e+00,1.406250045003e-01,8.853176909908e-02
-2.058615961550e+00,1.718750055004e-01,8.851030076912e-02
-2.058615961550e+00,2.343750075005e-01,8.847258366653e-02
-2.058615961550e+00,2.968750095005e-01,8.844205567552e-02
-2.058615961550e+00,3.281250105004e-01,8.842956230795e-02
-2.058615961550e+00,4.218750135002e-01,8.840344360595e-02
-2.058615961550e+00,5.468750175000e-01,8.839468562305e-02
-2.058615961550e+00,6.718750214999e-01,8.839468562305e-02
-2.058615961550e+00,7.343750234999e-01,8.839468562305e-02
-2.058615961550e+00,7.656250244999e-01,8.839468562305e-02
-2.058615961550e+00,7.968750254999e-01,8.839468562305e-02
-2.058615961550e+00,8.281250264999e-01,8.839468562305e-02
-2.058615961550e+00,8.906250285000e-01,8.839468562305e-02
-2.058615961550e+00,9.218750295000e-01,8.839468562305e-02
-2.058615961550e+00,9.843750315000e-01,8.839468562305e-02
-2.058615961550e+00,7.812500250012e-02,8.857972885247e-02
-2.058615961550e+00,2.031250065004e-01,8.849056007853e-02
-2.058615961550e+00,2.656250085005e-01,8.845640529511e-02
-2.058615961550e+00,3.906250125003e-01,8.841023741556e-02
-2.058615961550e+00,6.406250204999e-01,8.839468562305e-02
-2.058615961550e+00,7.031250224999e-01,8.839468562305e-02
-2.058615961550e+00,8.593750274999e-01,8.839468562305e-02
-2.058615961550e+00,9.531250305000e-01,8.839468562305e-02
-2.058615961550e+00,1.562500050003e-02,8.863409592879e-02
-2.058615961550e+00,4.687500150008e-02,8.860613432081e-02
-2.058615961550e+00,3.593750115003e-01,8.841894933567e-02
-2.058615961550e+00,4.531250145001e-01,8.839858127328e-02
-2.058615961550e+00,4.843750155000e-01,8.839566001833e-02
-2.058615961550e+00,5.156250165000e-01,8.839468562305e-02
-2.058615961550e+00,5.781250185000e-01,8.839468562305e-02
-2.058615961550e+00,6.093750194999e-01,8.839468562305e-02
-2.058439073520e+00,1.595748434078e+00,8.839477903970e-02
-2.058419694717e+00,8.797306555709e+00,8.598503615345e-02
-2.058256785914e+00,2.175395527990e+00,8.839482839505e-02
-2.058121588738e+00,4.332970822006e+00,8.839722816353e-02
-2.058001500146e+00,3.817728960748e+00,8.839603373125e-02
-2.057843822331e+00,1.016101340164e+00,8.839155622078e-02
-2.057296959515e+00,2.755042621902e+00,8.839170438989e-02
-2.057190265958e+00,3.302487099489e+00,8.839201830666e-02
-2.057023099531e+00,7.927555812936e+00,8.836806435684e-02
-2.056873196781e+00,1.627951050406e+00,8.838842997346e-02
-2.056671572769e+00,4.647405774236e+00,8.839137593643e-02
-2.056669310876e+00,2.207598144318e+00,8.838839115480e-02
-2.056628512026e+00,7.190085204707e+00,8.837212333599e-02
-2.056447720500e+00,4.365173438335e+00,8.839044150894e-02
-2.056349230208e+00,3.849931577077e+00,8.838933352427e-02
-2.056305934433e+00,5.006516638586e+00,8.838718091216e-02
-2.056299543893e+00,1.048303956493e+00,8.838529097009e-02
-2.056251784949e+00,5.204023714492e+00,8.838556139136e-02
-2.056195043758e+00,1.016843154112e+01,5.238215030294e-02
-2.056102398567e+00,6.704242363732e+00,8.837360644909e-02
-2.056096099869e+00,6.135114947144e+00,8.837799493624e-02
-2.056033055500e+00,9.936918982878e+00,6.718982658671e-02
-2.055910797489e+00,6.553583375564e+00,8.837396606915e-02
-2.055687886177e+00,2.787245238231e+00,8.838517443299e-02
-2.055559594321e+00,3.334689715818e+00,8.838540049863e-02
-2.055422178829e+00,4.729325685652e+00,8.838585854557e-02
-2.055307320043e+00,1.660153666735e+00,8.838207206247e-02
-2.055222681103e+00,6.855693163962e+00,8.836872949039e-02
-2.055217745325e+00,5.635468357320e+00,8.837796762710e-02
-2.055083307282e+00,9.267436325593e+00,8.202051318091e-02
-2.055081835838e+00,2.239800760647e+00,8.838194482227e-02
-2.055062355860e+00,8.330923678309e+00,8.832145964802e-02
-2.054901102715e+00,5.752164192976e+00,8.837600349966e-02
-2.054872478413e+00,9.016967434672e+00,8.442439150720e-02
-2.054773852262e+00,4.397376054664e+00,8.838364474520e-02
-2.054755265454e+00,1.080506572821e+00,8.837901710971e-02
-2.054746719549e+00,8.548756616848e+00,8.736383865283e-02
-2.054712294746e+00,5.519513218884e+00,8.837680921486e-02
-2.054696960270e+00,3.882134193405e+00,8.838262346541e-02
-2.054653682829e+00,6.403735121077e+00,8.836981645446e-02
-2.054614086541e+00,9.499060563726e+00,7.886170895797e-02
-2.054142363370e+00,1.040018219246e+01,1.009128509806e-02
-2.054078812839e+00,2.819447854559e+00,8.837863512310e-02
-2.053928922683e+00,3.366892332147e+00,8.837877308384e-02
-2.053826415827e+00,8.114008200956e+00,8.835362954280e-02
-2.053757130780e+00,5.869585785152e+00,8.837022798773e-02
-2.053741443305e+00,1.692356283063e+00,8.837570528816e-02
-2.053658812886e+00,9.705660630793e+00,7.472241721521e-02
-2.053592565811e+00,4.811895782899e+00,8.837753252373e-02
-2.053494360800e+00,2.272003376975e+00,8.837548937813e-02
-2.053390079748e+00,5.404313685214e+00,8.837236095584e-02
-2.053265957574e+00,7.007916818280e+00,8.835954036151e-02
-2.053259356723e+00,7.527749497129e+00,8.835557246801e-02
-2.053210987015e+00,1.112709189150e+00,8.837273462183e-02
-2.053099984025e+00,4.429578670992e+00,8.837683784964e-02
-2.053044690332e+00,3.914336809734e+00,8.837590353286e-02
-2.052872806280e+00,8.767480125140e+00,8.617860172707e-02
-2.052811475326e+00,7.712475675803e+00,8.835229483909e-02
-2.052610728171e+00,5.091076323341e+00,8.837143153822e-02
-2.052469739500e+00,2.851650470888e+00,8.837208644003e-02
-2.052395630483e+00,7.343881421371e+00,8.835355743484e-02
-2.052336976773e+00,6.254716484858e+00,8.836150668061e-02
-2.052298251045e+00,3.399094948475e+00,8.837213604127e-02
-2.052175566566e+00,1.724558899391e+00,8.836932963192e-02
-2.051906885761e+00,2.304205993303e+00,8.836902480299e-02
-2.051780686186e+00,5.987718160535e+00,8.836118484506e-02
-2.051666708577e+00,1.144911805478e+00,8.836644348858e-02
-2.051426115787e+00,4.461781287321e+00,8.837002079951e-02
-2.051392420394e+00,3.946539426063e+00,8.836917370474e-02
-2.051256521507e+00,5.289884630169e+00,8.836432465581e-02
-2.051178210419e+00,4.895105088930e+00,8.836712028166e-02
-2.051045766714e+00,7.898037032917e+00,8.834365310849e-02
-2.051015416062e+00,1.014396415494e+01,5.469646623432e-02
-2.050860666162e+00,2.883853087217e+00,8.836552836357e-02
-2.050733423211e+00,9.912477477133e+00,6.826095177711e-02
-2.050667579407e+00,3.431297564804e+00,8.836548934986e-02
-2.050609689828e+00,1.756761515720e+00,8.836294507510e-02
-2.050319410723e+00,2.336408609632e+00,8.836255107739e-02
-2.050226658170e+00,7.160894333024e+00,8.834595674557e-02
-2.050122430138e+00,1.177114421807e+00,8.836014369205e-02
-2.049753744054e+00,9.237463700095e+00,8.236862102577e-02
-2.049752247549e+00,4.493983903650e+00,8.836319357199e-02
-2.049740150457e+00,3.978742042391e+00,8.836243395910e-02
-2.049434082270e+00,8.987067269426e+00,8.467405924277e-02
-2.049386267716e+00,6.675310649209e+00,8.834629327728e-02
-2.049299528430e+00,8.301248533946e+00,8.833348294855e-02
-2.049251592824e+00,2.916055703545e+00,8.835896087340e-02
-2.049091685374e+00,8.519005193783e+00,8.751410820829e-02
-2.049090722473e+00,6.524740556086e+00,8.834608581256e-02
-2.049082866290e+00,1.037568951368e+01,1.829943779405e-02
-2.049074834606e+00,9.474672579888e+00,7.927605404228e-02
-2.049043813089e+00,1.788964132048e+00,8.835655159898e-02
-2.049036907769e+00,3.463500181132e+00,8.835883298850e-02
-2.048966718564e+00,6.106546313754e+00,8.834883358861e-02
-2.048731935685e+00,2.368611225960e+00,8.835606818182e-02
-2.048610905731e+00,6.826673807792e+00,8.834176841148e-02
-2.048578151700e+00,1.209317038136e+00,8.835383521427e-02
-2.048317133389e+00,5.176240893390e+00,8.835332653267e-02
-2.048239304895e+00,9.681245592710e+00,7.533654614831e-02
-2.048174657612e+00,4.978942598739e+00,8.835409956369e-02
-2.048152996735e+00,4.620263965279e+00,8.835665856993e-02
-2.048087880519e+00,4.010944658720e+00,8.835568427393e-02
-2.048078379312e+00,4.526186519978e+00,8.835635614421e-02
-2.047956153545e+00,8.084410604837e+00,8.832956285961e-02
-2.047730080799e+00,6.374982448113e+00,8.834154261245e-02
-2.047682067048e+00,5.607282732757e+00,8.834720019744e-02
-2.047642519486e+00,2.948258319874e+00,8.835238394920e-02
-2.047477936351e+00,1.821166748377e+00,8.835014918481e-02
-2.047466326504e+00,5.723880955144e+00,8.834556057875e-02
-2.047406236131e+00,3.495702797461e+00,8.835216693598e-02
-2.047325917843e+00,8.737653694571e+00,8.636581657166e-02
-2.047144460647e+00,2.400813842289e+00,8.834957609673e-02
-2.047076172147e+00,5.491426444789e+00,8.834570911138e-02
-2.047068999385e+00,7.498392146010e+00,8.833028669393e-02
-2.047033873261e+00,1.241519654464e+00,8.834751803722e-02
-2.046999669460e+00,4.702073991240e+00,8.835144511451e-02
-2.046758943152e+00,6.978811075765e+00,8.833291631462e-02
-2.046727442190e+00,7.683036978030e+00,8.832739676142e-02
-2.046435610581e+00,4.043147275049e+00,8.834892462716e-02
-2.046423708608e+00,5.841206173369e+00,8.834032227059e-02
-2.046404511074e+00,4.558389136307e+00,8.834950849320e-02
-2.046099330945e+00,7.314606679546e+00,8.832786357342e-02
-2.046033446148e+00,2.980460936203e+00,8.834579757055e-02
-2.045912059613e+00,1.853369364705e+00,8.834373781375e-02
-2.045835788366e+00,1.011949676875e+01,5.678702817799e-02
-2.045775564493e+00,3.527905413790e+00,8.834549117107e-02
-2.045653976330e+00,5.376326996638e+00,8.834066502745e-02
-2.045556985608e+00,2.433016458617e+00,8.834307480251e-02
-2.045489594823e+00,1.273722270792e+00,8.834119214285e-02
-2.045433790921e+00,9.888035971387e+00,6.925974619588e-02
-2.045310270708e+00,6.226055207918e+00,8.833282399482e-02
-2.045266632319e+00,4.784535419953e+00,8.834355104897e-02
-2.045068433896e+00,7.868518252898e+00,8.831912255491e-02
-2.044783340643e+00,4.075349891377e+00,8.834215499665e-02
-2.044730642837e+00,4.590591752636e+00,8.834265059597e-02
-2.044577520760e+00,5.063397279767e+00,8.833854418880e-02
-2.044549064246e+00,5.959243416210e+00,8.833157357148e-02
-2.044424372810e+00,3.012663552531e+00,8.833920171698e-02
-2.044424180825e+00,9.207491074598e+00,8.270159547072e-02
-2.044346182874e+00,1.885571981034e+00,8.833731746696e-02
-2.044144892855e+00,3.560108030119e+00,8.833880567247e-02
-2.044023369209e+00,1.035119683490e+01,2.510640866393e-02
-2.043995686126e+00,8.957167104179e+00,8.491444323996e-02
-2.043969510570e+00,2.465219074946e+00,8.833656427948e-02
-2.043945316384e+00,1.305924887121e+00,8.833485751304e-02
-2.043824804313e+00,7.131703461341e+00,8.831965452211e-02
-2.043536701000e+00,8.271573389583e+00,8.830988534698e-02
-2.043535582672e+00,9.450284596050e+00,7.967257995154e-02
-2.043436651199e+00,8.489253770719e+00,8.766001026330e-02
-2.043420906522e+00,5.261999259990e+00,8.833226593422e-02
-2.043131070705e+00,4.107552507706e+00,8.833537536020e-02
-2.042949356339e+00,4.867637276727e+00,8.833334983938e-02
-2.042819796903e+00,9.656830554628e+00,7.591877336341e-02
-2.042815299472e+00,3.044866168860e+00,8.833259636798e-02
-2.042780306136e+00,1.917774597362e+00,8.833088812551e-02
-2.042670136865e+00,6.646378934686e+00,8.831874183060e-02
-2.042514221217e+00,3.592310646447e+00,8.833211041879e-02
-2.042401037945e+00,1.338127503449e+00,8.832851412963e-02
-2.042382035532e+00,2.497421691274e+00,8.833004450791e-02
-2.042270647457e+00,6.495897736608e+00,8.831805363258e-02
-2.042085891264e+00,8.054813008717e+00,8.830537991011e-02
-2.041999130360e+00,6.797654451622e+00,8.831466505821e-02
-2.041837337259e+00,6.077977680365e+00,8.831950751166e-02
-2.041779029406e+00,8.707827264002e+00,8.654698479492e-02
-2.041478800768e+00,4.139755124035e+00,8.832858569553e-02
-2.041214429397e+00,1.949977213691e+00,8.832444977043e-02
-2.041206226134e+00,3.077068785189e+00,8.832598150296e-02
-2.040883549579e+00,3.624513262776e+00,8.832540538860e-02
-2.040878642047e+00,7.469034794891e+00,8.830487439461e-02
-2.040856759507e+00,1.370330119778e+00,8.832216197441e-02
-2.040806478769e+00,6.346229775149e+00,8.831311364464e-02
-2.040794560494e+00,2.529624307603e+00,8.832351546804e-02
-2.040656160670e+00,1.009502938256e+01,5.868474048477e-02
-2.040643409055e+00,7.653598280258e+00,8.830237543542e-02
-2.040382481831e+00,5.148458072288e+00,8.832069599049e-02
-2.040251928730e+00,6.949705333250e+00,8.830615288355e-02
-2.040146388772e+00,5.579097108195e+00,8.831625289921e-02
-2.040134158631e+00,9.863594465641e+00,7.019327467382e-02
-2.040043380791e+00,4.951368558891e+00,8.832081620908e-02
-2.040031550294e+00,5.695597717313e+00,8.831494017298e-02
-2.039826530830e+00,4.171957740363e+00,8.832178598032e-02
-2.039803031407e+00,7.285331937722e+00,8.830189245456e-02
-2.039648552659e+00,1.982179830019e+00,8.831800238269e-02
-2.039597152796e+00,3.109271401517e+00,8.831935710128e-02
-2.039440049549e+00,5.463339670694e+00,8.831442685286e-02
-2.039312481068e+00,1.402532736107e+00,8.831580102912e-02
-2.039252877941e+00,3.656715879105e+00,8.831869056043e-02
-2.039207085455e+00,2.561826923931e+00,8.831697714003e-02
-2.039094617596e+00,9.177518449101e+00,8.302039053185e-02
-2.039091101078e+00,7.838999472879e+00,8.829447192436e-02
-2.039090286436e+00,5.812826561585e+00,8.831024609971e-02
-2.038963872128e+00,1.032670415612e+01,3.084261556444e-02
-2.038577160092e+00,4.674822296829e+00,8.831673534536e-02
-2.038557289983e+00,8.927266938932e+00,8.514604657007e-02
-2.038283564642e+00,6.197393930977e+00,8.830398297150e-02
-2.038174260892e+00,4.204160356692e+00,8.831497619217e-02
-2.038082675921e+00,2.014382446347e+00,8.831154594321e-02
-2.037996330738e+00,9.425896612212e+00,8.005220627369e-02
-2.037988079458e+00,3.141474017846e+00,8.831272314225e-02
-2.037917872912e+00,5.348340308062e+00,8.830877930481e-02
-2.037781617024e+00,8.459502347654e+00,8.780173144367e-02
-2.037773873570e+00,8.241898245221e+00,8.828607031544e-02
-2.037768202630e+00,1.434735352435e+00,8.830943127545e-02
-2.037622206303e+00,3.688918495433e+00,8.831196591270e-02
-2.037619610417e+00,2.594029540260e+00,8.831042950397e-02
-2.037422950456e+00,7.102512589659e+00,8.829321575486e-02
-2.037400288912e+00,9.632415516545e+00,7.647150983376e-02
-2.037317442306e+00,5.930768671886e+00,8.830179410952e-02
-2.036940698827e+00,4.757175057006e+00,8.830935836569e-02
-2.036544313349e+00,5.035718236194e+00,8.830545564032e-02
-2.036521990954e+00,4.236362973020e+00,8.830815630861e-02
-2.036516799182e+00,2.046585062676e+00,8.830508043288e-02
-2.036379006119e+00,3.173676634175e+00,8.830607960510e-02
-2.036232140969e+00,8.678000833433e+00,8.672239167043e-02
-2.036223924191e+00,1.466937968764e+00,8.830305269504e-02
-2.036215628982e+00,8.025215412598e+00,8.828107994520e-02
-2.036032135379e+00,2.626232156588e+00,8.830387253993e-02
-2.035991534665e+00,3.721121111762e+00,8.830523142381e-02
-2.035954006014e+00,6.617447220162e+00,8.829094106297e-02
-2.035585291538e+00,5.234113889812e+00,8.830001507909e-02
-2.035476532974e+00,1.007056199638e+01,6.041506714241e-02
-2.035450572441e+00,6.467054917130e+00,8.828986848701e-02
-2.035387354988e+00,6.768635095453e+00,8.828741848121e-02
-2.034950922444e+00,2.078787679004e+00,8.829860583250e-02
-2.034869721016e+00,4.268565589349e+00,8.830132630712e-02
-2.034834526341e+00,9.839152959896e+00,7.106771123643e-02
-2.034769932781e+00,3.205879250504e+00,8.829942646903e-02
-2.034720502258e+00,4.840169464524e+00,8.829936885167e-02
-2.034707955954e+00,6.049409046975e+00,8.829001555828e-02
-2.034688284710e+00,7.439677443772e+00,8.827933474871e-02
-2.034679645753e+00,1.499140585092e+00,8.829666526947e-02
-2.034559375920e+00,7.624159582485e+00,8.827723006178e-02
-2.034444660341e+00,2.658434772917e+00,8.829730622791e-02
-2.034360863027e+00,3.753323728091e+00,8.829848707208e-02
-2.033904375047e+00,1.030221147734e+01,3.574215882597e-02
-2.033882876739e+00,6.317477102184e+00,8.828452849547e-02
-2.033765054368e+00,9.147545823604e+00,8.332588238317e-02
-2.033744914308e+00,6.920599590735e+00,8.827924913469e-02
-2.033506731869e+00,7.256057195897e+00,8.827576298905e-02
-2.033385045705e+00,2.110990295333e+00,8.829212212283e-02
-2.033217451079e+00,4.300768205678e+00,8.829448616510e-02
-2.033160859443e+00,3.238081866832e+00,8.829276371315e-02
-2.033135367314e+00,1.531343201420e+00,8.829026898029e-02
-2.033118893840e+00,8.897366773686e+00,8.536933692826e-02
-2.033113768260e+00,7.809480692860e+00,8.826970044010e-02
-2.032857185302e+00,2.690637389245e+00,8.829073054783e-02
-2.032730191389e+00,3.785526344419e+00,8.829173283576e-02
-2.032616506954e+00,9.398680715420e+00,8.045454186836e-02
-2.032610710495e+00,5.550911483633e+00,8.828512449615e-02
-2.032596774083e+00,5.667314479482e+00,8.828414104069e-02
-2.032447830272e+00,5.120675251187e+00,8.828780031473e-02
-2.032126582850e+00,8.429750924590e+00,8.793944806953e-02
-2.032011046140e+00,8.212223100858e+00,8.826210125658e-02
-2.031980780921e+00,9.608000478463e+00,7.699692973689e-02
-2.031912103970e+00,4.923794519044e+00,8.828721264150e-02
-2.031819168967e+00,2.143192911661e+00,8.828562928460e-02
-2.031803926950e+00,5.435252896599e+00,8.828278104376e-02
-2.031756864265e+00,5.784446949802e+00,8.827993561954e-02
-2.031591088875e+00,1.563545817749e+00,8.828386380899e-02
-2.031565181141e+00,4.332970822006e+00,8.828763585989e-02
-2.031551786105e+00,3.270284483161e+00,8.828609131653e-02
-2.031269710264e+00,2.722840005574e+00,8.828414547960e-02
-2.031256858576e+00,6.168732654037e+00,8.827482644264e-02
-2.031099519751e+00,3.817728960748e+00,8.828496869305e-02
-2.031021096599e+00,7.073321717976e+00,8.826663952737e-02
-2.030685252532e+00,8.648174402864e+00,8.689230506421e-02
-2.030345366701e+00,7.995617816478e+00,8.825666221087e-02
-2.030296905277e+00,1.004609461019e+01,6.199917846363e-02
-2.030253292229e+00,2.175395527990e+00,8.827912729846e-02
-2.030181769494e+00,5.320353619486e+00,8.827670247012e-02
-2.030154650723e+00,4.647570602417e+00,8.828180546122e-02
-2.030085820366e+00,5.902293927561e+00,8.827184530392e-02
-2.030046810437e+00,1.595748434078e+00,8.827744973699e-02
-2.029942712767e+00,3.302487099489e+00,8.827940925818e-02
-2.029912911203e+00,4.365173438335e+00,8.828077536875e-02
-2.029824129920e+00,1.562500050003e-02,8.852460888729e-02
-2.029824129920e+00,4.687500150008e-02,8.849556435169e-02
-2.029824129920e+00,7.812500250012e-02,8.846812932785e-02
-2.029824129920e+00,1.093750035002e-01,8.844235300885e-02
-2.029824129920e+00,1.406250045003e-01,8.841828239744e-02
-2.029824129920e+00,1.718750055004e-01,8.839596207926e-02
-2.029824129920e+00,2.031250065004e-01,8.837543400219e-02
-2.029824129920e+00,2.343750075005e-01,8.835673726394e-02
-2.029824129920e+00,2.656250085005e-01,8.833990790997e-02
-2.029824129920e+00,2.968750095005e-01,8.832497874352e-02
-2.029824129920e+00,3.281250105004e-01,8.831197914993e-02
-2.029824129920e+00,3.593750115003e-01,8.830093493672e-02
-2.029824129920e+00,3.906250125003e-01,8.829186819146e-02
-2.029824129920e+00,4.218750135002e-01,8.828479715863e-02
-2.029824129920e+00,4.531250145001e-01,8.827973613700e-02
-2.029824129920e+00,4.843750155000e-01,8.827669539867e-02
-2.029824129920e+00,5.156250165000e-01,8.827568113048e-02
-2.029824129920e+00,5.468750175000e-01,8.827568113048e-02
-2.029824129920e+00,5.781250185000e-01,8.827568113048e-02
-2.029824129920e+00,6.093750194999e-01,8.827568113048e-02
-2.029824129920e+00,6.406250204999e-01,8.827568113048e-02
-2.029824129920e+00,6.718750214999e-01,8.827568113048e-02
-2.029824129920e+00,7.031250224999e-01,8.827568113048e-02
-2.029824129920e+00,7.343750234999e-01,8.827568113048e-02
-2.029824129920e+00,7.656250244999e-01,8.827568113048e-02
-2.029824129920e+00,7.968750254999e-01,8.827568113048e-02
-2.029824129920e+00,8.281250264999e-01,8.827568113048e-02
-2.029824129920e+00,8.906250285000e-01,8.827568113048e-02
-2.029824129920e+00,9.218750295000e-01,8.827568113048e-02
-2.029824129920e+00,9.531250305000e-01,8.827568113048e-02
-2.029824129920e+00,9.843750315000e-01,8.827568113048e-02
-2.029824129920e+00,8.593750274999e-01,8.827568113048e-02
-2.029682235226e+00,2.755042621902e+00,8.827755100303e-02
-2.029534894052e+00,9.814711454151e+00,7.188847522052e-02
-2.029468848113e+00,3.849931577077e+00,8.827819462208e-02
-2.029237875163e+00,6.588515505639e+00,8.826298948770e-02
-2.029062789851e+00,1.016101340164e+00,8.827251477074e-02
-2.028844877967e+00,1.027771879856e+01,3.997553333029e-02
-2.028775579617e+00,6.739615739283e+00,8.826002772578e-02
-2.028687415490e+00,2.207598144318e+00,8.827261614500e-02
-2.028630497424e+00,6.438212097652e+00,8.826152932772e-02
-2.028614765335e+00,4.729814694060e+00,8.827495309527e-02
-2.028511105938e+00,5.008039192620e+00,8.827216452637e-02
-2.028502531998e+00,1.627951050406e+00,8.827102674570e-02
-2.028497927372e+00,7.410320092653e+00,8.825366692986e-02
-2.028475342785e+00,7.594720884713e+00,8.825195983619e-02
-2.028435491139e+00,9.117573198107e+00,8.361887708737e-02
-2.028333639429e+00,3.334689715818e+00,8.827271751704e-02
-2.028260641265e+00,4.397376054664e+00,8.827390466891e-02
-2.028094760188e+00,2.787245238231e+00,8.827094709790e-02
-2.027838176476e+00,3.882134193405e+00,8.827141060092e-02
-2.027749676553e+00,5.206228519634e+00,8.826757079065e-02
-2.027680497697e+00,8.867466608439e+00,8.558420644969e-02
-2.027578574649e+00,6.020840413585e+00,8.826035657545e-02
-2.027540109712e+00,1.048303956493e+00,8.826617553620e-02
-2.027396111319e+00,9.368636905673e+00,8.087551431947e-02
-2.027237899886e+00,6.891493848220e+00,8.825220412885e-02
-2.027210432330e+00,7.226782454073e+00,8.824949886308e-02
-2.027136435442e+00,7.779961912841e+00,8.824480732032e-02
-2.027121538752e+00,2.239800760647e+00,8.826609580478e-02
-2.026959274709e+00,6.288724429220e+00,8.825578610387e-02
-2.026958253560e+00,1.660153666735e+00,8.826459481643e-02
-2.026724566091e+00,3.366892332147e+00,8.826601607199e-02
-2.026608371328e+00,4.429578670992e+00,8.826702373748e-02
-2.026561272929e+00,9.583585440380e+00,7.749699883216e-02
-2.026507285149e+00,2.819447854559e+00,8.826433374391e-02
-2.026491648178e+00,4.812701652321e+00,8.826517589301e-02
-2.026471548675e+00,8.399999501525e+00,8.807320187174e-02
-2.026248218711e+00,8.182547956495e+00,8.823801740009e-02
-2.026207504838e+00,3.914336809734e+00,8.826461660758e-02
-2.026017429573e+00,1.080506572821e+00,8.825982759998e-02
-2.025555662013e+00,2.272003376975e+00,8.825956625830e-02
-2.025413975121e+00,1.692356283063e+00,8.825815393049e-02
-2.025161997873e+00,5.639031241650e+00,8.825316193487e-02
-2.025138364095e+00,8.618347972295e+00,8.705697673450e-02
-2.025117277581e+00,1.002162722400e+01,6.345481947524e-02
-2.025115492753e+00,3.399094948475e+00,8.825930490186e-02
-2.025075032219e+00,5.522725859071e+00,8.825381374759e-02
-2.024956101390e+00,4.461781287321e+00,8.826013255155e-02
-2.024919810111e+00,2.851650470888e+00,8.825771092073e-02
-2.024619242743e+00,7.044130846293e+00,8.823992491747e-02
-2.024576833200e+00,3.946539426063e+00,8.825781261999e-02
-2.024513178713e+00,5.092892430085e+00,8.825470301656e-02
-2.024494749435e+00,1.112709189150e+00,8.825347094410e-02
-2.024475104419e+00,7.966020220358e+00,8.823212594806e-02
-2.024423442093e+00,5.756067338019e+00,8.824927948804e-02
-2.024235261762e+00,9.790269948406e+00,7.266034317224e-02
-2.024230152511e+00,6.140071377097e+00,8.824544758686e-02
-2.024167804351e+00,5.407166122505e+00,8.825087452224e-02
-2.023989785275e+00,2.304205993303e+00,8.825302748599e-02
-2.023869696683e+00,1.724558899391e+00,8.825170406910e-02
-2.023785380886e+00,1.025322611978e+01,4.366985666081e-02
-2.023780827149e+00,4.896220479197e+00,8.825323162235e-02
-2.023506419415e+00,3.431297564804e+00,8.825258398542e-02
-2.023332335073e+00,2.883853087217e+00,8.825107860795e-02
-2.023303831452e+00,4.493983903650e+00,8.825323108812e-02
-2.023105927910e+00,9.087600572609e+00,8.390011743006e-02
-2.022972069296e+00,1.144911805478e+00,8.824710555054e-02
-2.022946161562e+00,3.978742042391e+00,8.825099861603e-02
-2.022854198426e+00,5.873819183237e+00,8.824172599422e-02
-2.022521744311e+00,6.559583791116e+00,8.823488606606e-02
-2.022445666076e+00,5.292366930911e+00,8.824443320161e-02
-2.022423908536e+00,2.336408609632e+00,8.824647946824e-02
-2.022391309650e+00,7.565282186940e+00,8.822656394926e-02
-2.022325418244e+00,1.756761515720e+00,8.824524521343e-02
-2.022307570034e+00,7.380962741534e+00,8.822772719737e-02
-2.022242101553e+00,8.837566443193e+00,8.579160853382e-02
-2.022175715684e+00,9.338593095926e+00,8.127630752529e-02
-2.022163804245e+00,6.710596383113e+00,8.823237137590e-02
-2.021897346076e+00,3.463500181133e+00,8.824585330135e-02
-2.021810422408e+00,6.409369278174e+00,8.823303510071e-02
-2.021744860035e+00,2.916055703545e+00,8.824443678512e-02
-2.021732141354e+00,4.620318908006e+00,8.824665398889e-02
-2.021651561514e+00,4.526186519978e+00,8.824631932413e-02
-2.021449389157e+00,1.177114421807e+00,8.824073140123e-02
-2.021315489924e+00,4.010944658720e+00,8.824417457352e-02
-2.021159102624e+00,7.750443132822e+00,8.821979177819e-02
-2.021141764938e+00,9.559170402298e+00,7.797349885293e-02
-2.020914132792e+00,7.197507712248e+00,8.822309917268e-02
-2.020858031798e+00,2.368611225960e+00,8.823992218539e-02
-2.020816514500e+00,8.370248078460e+00,8.820310946857e-02
-2.020781139805e+00,1.788964132048e+00,8.823877734463e-02
-2.020730885464e+00,6.862388105705e+00,8.822501692127e-02
-2.020485391281e+00,8.152872812132e+00,8.821381800969e-02
-2.020477898527e+00,4.980360149046e+00,8.823866947882e-02
-2.020449193344e+00,5.992271780196e+00,8.823052940434e-02
-2.020288831843e+00,4.702454331113e+00,8.824008206835e-02
-2.020288272738e+00,3.495702797461e+00,8.823911282831e-02
-2.020157384996e+00,2.948258319874e+00,8.823778543172e-02
-2.020035672679e+00,6.259971756255e+00,8.822688540336e-02
-2.019999291577e+00,4.558389136307e+00,8.823939723644e-02
-2.019937649885e+00,9.997159837817e+00,6.479697574428e-02
-2.019926709019e+00,1.209317038136e+00,8.823434847805e-02
-2.019914061568e+00,5.178343149455e+00,8.823486156901e-02
-2.019684818286e+00,4.043147275049e+00,8.823734047021e-02
-2.019591475658e+00,8.588521541726e+00,8.721664351764e-02
-2.019292155060e+00,2.400813842289e+00,8.823335561770e-02
-2.019236861367e+00,1.821166748377e+00,8.823230044377e-02
-2.018935629472e+00,9.765828442660e+00,7.338754140912e-02
-2.018725883806e+00,1.022873344100e+01,4.692183922142e-02
-2.018679199400e+00,3.527905413790e+00,8.823236254488e-02
-2.018604842138e+00,7.936422624239e+00,8.820747039274e-02
-2.018569909958e+00,2.980460936203e+00,8.823112452716e-02
-2.018404028880e+00,1.241519654464e+00,8.822795676283e-02
-2.018347021639e+00,4.590591752636e+00,8.823246480185e-02
-2.018262794097e+00,4.785233840118e+00,8.823076953747e-02
-2.018217388886e+00,7.014939974611e+00,8.821307099728e-02
-2.018054146648e+00,4.075349891377e+00,8.823049628377e-02
-2.017776364682e+00,9.057627947112e+00,8.417028897580e-02
-2.017727221662e+00,5.610748003819e+00,8.822200160329e-02
-2.017726278321e+00,2.433016458617e+00,8.822677974540e-02
-2.017692582928e+00,1.853369364705e+00,8.822581449186e-02
-2.017539353943e+00,5.494540234509e+00,8.822231940871e-02
-2.017203446445e+00,6.111410100157e+00,8.821590289411e-02
-2.017090019922e+00,5.727687726236e+00,8.821844458193e-02
-2.017070126062e+00,3.560108030119e+00,8.822560242958e-02
-2.016982434920e+00,3.012663552531e+00,8.822445405083e-02
-2.016955320049e+00,9.308549286179e+00,8.165848229441e-02
-2.016881348741e+00,1.273722270792e+00,8.822155623735e-02
-2.016803705410e+00,8.807666277946e+00,8.599197491445e-02
-2.016578527154e+00,5.065109608983e+00,8.822140269690e-02
-2.016531681752e+00,5.379079348410e+00,8.821877668156e-02
-2.016423475010e+00,4.107552507706e+00,8.822364199183e-02
-2.016307276514e+00,7.535843489167e+00,8.820104158656e-02
-2.016160401583e+00,2.465219074946e+00,8.822019454865e-02
-2.016148304490e+00,1.885571981034e+00,8.821931946989e-02
-2.016117212696e+00,7.351605390415e+00,8.820162687418e-02
-2.015805613460e+00,6.530652076593e+00,8.820662975318e-02
-2.015722256947e+00,9.534755364215e+00,7.842804855134e-02
-2.015649550327e+00,4.868646439349e+00,8.821903800057e-02
-2.015622576486e+00,5.845344438913e+00,8.821143501491e-02
-2.015552028874e+00,6.681577026943e+00,8.820449311695e-02
-2.015461052724e+00,3.592310646447e+00,8.821883246085e-02
-2.015394959882e+00,3.044866168860e+00,8.821777398202e-02
-2.015358668602e+00,1.305924887121e+00,8.821514688335e-02
-2.015181769806e+00,7.720924352802e+00,8.819465302180e-02
-2.015161480325e+00,8.340496655396e+00,8.818977003350e-02
-2.014990347392e+00,6.380526458696e+00,8.820438474617e-02
-2.014792803372e+00,4.139755124035e+00,8.821677757194e-02
-2.014758022189e+00,9.972692451631e+00,6.603838970406e-02
-2.014722563851e+00,8.123197667769e+00,8.818950234416e-02
-2.014709562658e+00,5.264380242335e+00,8.821197017366e-02
-2.014617833254e+00,7.168232970424e+00,8.819656300802e-02
-2.014604026051e+00,1.917774597362e+00,8.821281535879e-02
-2.014594524844e+00,2.497421691274e+00,8.821360000757e-02
-2.014223871042e+00,6.833282363190e+00,8.819768656171e-02
-2.014044587221e+00,8.558695111158e+00,8.737152841141e-02
-2.013851979386e+00,3.624513262776e+00,8.821205261710e-02
-2.013835988464e+00,1.338127503449e+00,8.820872868251e-02
-2.013807484843e+00,3.077068785189e+00,8.821108429999e-02
-2.013666386725e+00,1.020424076222e+01,4.980636316582e-02
-2.013635997182e+00,9.741386936915e+00,7.407382303509e-02
-2.013319812039e+00,5.963703146806e+00,8.820053288038e-02
-2.013162131734e+00,4.171957740363e+00,8.820990300159e-02
-2.013112070649e+00,6.231219083291e+00,8.819775768238e-02
-2.013059747613e+00,1.949977213691e+00,8.820630213940e-02
-2.013028648106e+00,2.529624307603e+00,8.820699610221e-02
-2.012734579856e+00,7.906825028119e+00,8.818269477584e-02
-2.012446801453e+00,9.027655321615e+00,8.443002544625e-02
-2.012444691116e+00,4.952681105472e+00,8.820496912817e-02
-2.012313308325e+00,1.370330119778e+00,8.820230161645e-02
-2.012242906048e+00,3.656715879105e+00,8.820526287666e-02
-2.012220009805e+00,3.109271401517e+00,8.820438498392e-02
-2.012078446584e+00,5.150457779277e+00,8.820175352230e-02
-2.011962898351e+00,4.675093968167e+00,8.820493706577e-02
-2.011815535029e+00,6.985749102928e+00,8.818607683325e-02
-2.011734924414e+00,9.278505476432e+00,8.202329017934e-02
-2.011531460096e+00,4.204160356692e+00,8.820301825819e-02
-2.011515469174e+00,1.982179830019e+00,8.819977979255e-02
-2.011462771368e+00,2.561826923931e+00,8.820038281257e-02
-2.011365309267e+00,8.777766112699e+00,8.618565338688e-02
-2.010790628186e+00,1.402532736107e+00,8.819586566677e-02
-2.010633832710e+00,3.688918495433e+00,8.819846321780e-02
-2.010632534767e+00,3.141474017846e+00,8.819767601294e-02
-2.010358758083e+00,1.043601574310e+01,6.608629159829e-06
-2.010302748955e+00,9.510340326132e+00,7.886161541400e-02
-2.010292445452e+00,5.582464765987e+00,8.819065878867e-02
-2.010223243379e+00,7.506404791394e+00,8.817539192858e-02
-2.010176740379e+00,6.082748823217e+00,8.818619120418e-02
-2.010033940017e+00,4.757766027916e+00,8.819614835919e-02
-2.010003675666e+00,5.466354609947e+00,8.819051205794e-02
-2.009971190735e+00,2.014382446347e+00,8.819324829900e-02
-2.009926855359e+00,7.322248039296e+00,8.817539284924e-02
-2.009900788458e+00,4.236362973020e+00,8.819612331911e-02
-2.009896894629e+00,2.594029540260e+00,8.819376011859e-02
-2.009756597750e+00,5.699308114453e+00,8.818742964076e-02
-2.009578394493e+00,9.948225065444e+00,6.718996522954e-02
-2.009506446150e+00,8.310745232331e+00,8.816577443682e-02
-2.009267948047e+00,1.434735352435e+00,8.818942081499e-02
-2.009204436988e+00,7.691405572783e+00,8.816939025418e-02
-2.009089482609e+00,6.501720362070e+00,8.817821949804e-02
-2.009045059728e+00,3.173676634175e+00,8.819095736614e-02
-2.009024759372e+00,3.721121111762e+00,8.819165361872e-02
-2.008959736421e+00,8.093522523407e+00,8.816506965732e-02
-2.008940253502e+00,6.652557670773e+00,8.817646413453e-02
-2.008895559153e+00,5.350992574315e+00,8.818648617771e-02
-2.008643875595e+00,5.037326787881e+00,8.818789795366e-02
-2.008606889644e+00,1.017974808344e+01,5.238231196579e-02
-2.008497698784e+00,8.528868680589e+00,8.752184156594e-02
-2.008426912297e+00,2.046585062676e+00,8.818670763945e-02
-2.008390954546e+00,5.816869694588e+00,8.818087402469e-02
-2.008336364893e+00,9.716945431170e+00,7.472253237205e-02
-2.008331017891e+00,2.626232156588e+00,8.818712800016e-02
-2.008321533716e+00,7.138958228599e+00,8.816988945351e-02
-2.008270116820e+00,4.268565589349e+00,8.818921816164e-02
-2.008170272376e+00,6.351683639218e+00,8.817557719850e-02
-2.007745267909e+00,1.466937968764e+00,8.818296704259e-02
-2.007716856620e+00,6.804176620676e+00,8.817021209439e-02
-2.007518273506e+00,4.841072399502e+00,8.818463030739e-02
-2.007457584690e+00,3.205879250504e+00,8.818422902252e-02
-2.007415686034e+00,3.753323728091e+00,8.818483405757e-02
-2.007117238224e+00,8.997682696118e+00,8.467991350663e-02
-2.006973459240e+00,5.236393553759e+00,8.817931205708e-02
-2.006882633858e+00,2.078787679004e+00,8.818015779457e-02
-2.006864317575e+00,7.877227432000e+00,8.815779832324e-02
-2.006765141152e+00,2.658434772917e+00,8.818048643710e-02
-2.006639445182e+00,4.300768205678e+00,8.818230276299e-02
-2.006514528779e+00,9.248461666685e+00,8.237187404461e-02
-2.006222587770e+00,1.499140585092e+00,8.817650433102e-02
-2.006190430733e+00,5.935134513417e+00,8.817036583335e-02
-2.006188468619e+00,6.202466410326e+00,8.816832070103e-02
-2.005926913124e+00,8.747865947452e+00,8.637296951340e-02
-2.005870109652e+00,3.238081866832e+00,8.817749096102e-02
-2.005806612695e+00,3.785526344419e+00,8.817800451243e-02
-2.005419514766e+00,1.041149836018e+01,1.009134563178e-02
-2.005413681173e+00,6.956558231245e+00,8.815894148612e-02
-2.005338355420e+00,2.110990295333e+00,8.817359874495e-02
-2.005199264414e+00,2.690637389245e+00,8.817383540920e-02
-2.005008773544e+00,4.332970822006e+00,8.817537710033e-02
-2.004883240964e+00,9.485925288050e+00,7.927596718997e-02
-2.004699907631e+00,1.531343201420e+00,8.817003266164e-02
-2.004411483705e+00,4.925002061898e+00,8.817086121101e-02
-2.004398766797e+00,9.923757679258e+00,6.826108769745e-02
-2.004282634614e+00,3.270284483161e+00,8.817074316056e-02
-2.004242831599e+00,5.122572409099e+00,8.816844209234e-02
-2.004197539357e+00,3.817728960748e+00,8.817116496133e-02
-2.004139210244e+00,7.476966093622e+00,8.814945017543e-02
-2.003851411975e+00,8.280993809266e+00,8.814166474470e-02
-2.003794076981e+00,2.143192911661e+00,8.816703047114e-02
-2.003736498021e+00,7.292890688177e+00,8.814902422585e-02
-2.003636964860e+00,4.647733605220e+00,8.816956808156e-02
-2.003633387675e+00,2.722840005574e+00,8.816717489616e-02
-2.003547392563e+00,1.015525540466e+01,5.469662645813e-02
-2.003378101906e+00,4.365173438335e+00,8.816844115075e-02
-2.003227104170e+00,7.661886792764e+00,8.814400267326e-02
-2.003196908991e+00,8.063847379044e+00,8.814051919802e-02
-2.003177227492e+00,1.563545817749e+00,8.816355201578e-02
-2.003150034314e+00,6.054087546277e+00,8.815631135067e-02
-2.003036732603e+00,9.692503925425e+00,7.533665914314e-02
-2.002950810347e+00,8.499042250020e+00,8.766778119116e-02
-2.002857669241e+00,5.554181528155e+00,8.815913222882e-02
-2.002695159576e+00,3.302487099489e+00,8.816398559995e-02
-2.002588466019e+00,3.849931577077e+00,8.816431538221e-02
-2.002467997390e+00,5.438168985384e+00,8.815838992906e-02
-2.002423175578e+00,5.670928502669e+00,8.815623339823e-02
-2.002373351758e+00,6.472788647546e+00,8.814965424352e-02
-2.002328478130e+00,6.623538314603e+00,8.814828338819e-02
-2.002249798543e+00,2.175395527990e+00,8.816045295364e-02
-2.002067510937e+00,2.755042621902e+00,8.816050487765e-02
-2.002025234177e+00,7.109683486775e+00,8.814307758772e-02
-2.001805085936e+00,4.730298215713e+00,8.816131093280e-02
-2.001787674996e+00,8.967710070621e+00,8.492049703471e-02
-2.001747430268e+00,4.397376054664e+00,8.816149489126e-02
-2.001654547354e+00,1.595748434078e+00,8.815706237473e-02
-2.001350197360e+00,6.322840819740e+00,8.814661138636e-02
-2.001294133144e+00,9.218417856938e+00,8.270527952257e-02
-2.001259436555e+00,5.322905800220e+00,8.815400166197e-02
-2.001209842198e+00,6.775070878161e+00,8.814242529946e-02
-2.001159332606e+00,5.788394950264e+00,8.814999893404e-02
-2.001107684537e+00,3.334689715818e+00,8.815721825796e-02
-2.001032298290e+00,7.812500250012e-02,8.835378201945e-02
-2.001032298290e+00,1.718750055004e-01,8.827873080126e-02
-2.001032298290e+00,2.031250065004e-01,8.825737312304e-02
-2.001032298290e+00,2.343750075005e-01,8.823791720916e-02
-2.001032298290e+00,2.656250085005e-01,8.822040157433e-02
-2.001032298290e+00,2.968750095005e-01,8.820486128552e-02
-2.001032298290e+00,3.281250105004e-01,8.819132776918e-02
-2.001032298290e+00,3.593750115003e-01,8.817982863570e-02
-2.001032298290e+00,3.906250125003e-01,8.817038752316e-02
-2.001032298290e+00,4.218750135002e-01,8.816302396203e-02
-2.001032298290e+00,4.531250145001e-01,8.815775326226e-02
-2.001032298290e+00,4.843750155000e-01,8.815458642410e-02
-2.001032298290e+00,6.093750194999e-01,8.815353007370e-02
-2.001032298290e+00,6.718750214999e-01,8.815353007370e-02
-2.001032298290e+00,7.031250224999e-01,8.815353007370e-02
-2.001032298290e+00,7.343750234999e-01,8.815353007370e-02
-2.001032298290e+00,7.656250244999e-01,8.815353007370e-02
-2.001032298290e+00,7.968750254999e-01,8.815353007370e-02
-2.001032298290e+00,9.218750295000e-01,8.815353007370e-02
-2.001032298290e+00,1.562500050003e-02,8.841248355112e-02
-2.001032298290e+00,4.687500150008e-02,8.838230019863e-02
-2.001032298290e+00,1.093750035002e-01,8.832698141513e-02
-2.001032298290e+00,1.406250045003e-01,8.830194848950e-02
-2.001032298290e+00,5.156250165000e-01,8.815353007370e-02
-2.001032298290e+00,5.468750175000e-01,8.815353007370e-02
-2.001032298290e+00,5.781250185000e-01,8.815353007370e-02
-2.001032298290e+00,6.406250204999e-01,8.815353007370e-02
-2.001032298290e+00,8.281250264999e-01,8.815353007370e-02
-2.001032298290e+00,8.593750274999e-01,8.815353007370e-02
-2.001032298290e+00,8.906250285000e-01,8.815353007370e-02
-2.001032298290e+00,9.531250305000e-01,8.815353007370e-02
-2.001032298290e+00,9.843750315000e-01,8.815353007370e-02
-2.000994055293e+00,7.847629835880e+00,8.813278025578e-02
-2.000979392681e+00,3.882134193405e+00,8.815745575296e-02
-2.000709224036e+00,5.009543966779e+00,8.815418738207e-02
-2.000705520104e+00,2.207598144318e+00,8.815386617288e-02
-2.000501634199e+00,2.787245238231e+00,8.815382533326e-02
-2.000488516980e+00,8.717965782206e+00,8.655422835951e-02
-2.000480271449e+00,1.038698097727e+01,1.829953732161e-02
-2.000281757371e+00,1.016101340164e+00,8.815032587472e-02
-2.000131867215e+00,1.627951050406e+00,8.815056371970e-02
-2.000116758631e+00,4.429578670992e+00,8.815453829883e-02
-1.999520209499e+00,3.366892332147e+00,8.815044111332e-02
-1.999463732972e+00,9.461510249967e+00,7.967249930975e-02
-1.999386996685e+00,4.813498359655e+00,8.815000707245e-02
-1.999370319343e+00,3.914336809734e+00,8.815058605142e-02
-1.999264866589e+00,6.173713737362e+00,8.813871794071e-02
-1.999237355822e+00,5.208406865183e+00,8.814645751941e-02
-1.999219139101e+00,9.899290293071e+00,6.925987943593e-02
-1.999161241665e+00,2.239800760647e+00,8.814727010924e-02
-1.999061049428e+00,5.906565880027e+00,8.814002708746e-02
-1.999011827316e+00,6.927367359563e+00,8.813166401096e-02
-1.998935757460e+00,2.819447854559e+00,8.814713624254e-02
-1.998780675532e+00,1.048303956493e+00,8.814391089157e-02
-1.998609187076e+00,1.660153666735e+00,8.814405603189e-02
-1.998487895483e+00,1.013076272588e+01,5.678718647478e-02
-1.998486086993e+00,4.461781287321e+00,8.814757135034e-02
-1.998196377800e+00,8.251242386202e+00,8.811744022881e-02
-1.998055177109e+00,7.447527395849e+00,8.812337075174e-02
-1.997932734461e+00,3.399094948475e+00,8.814365414466e-02
-1.997761246005e+00,3.946539426063e+00,8.814370625534e-02
-1.997737100313e+00,9.668062419679e+00,7.591888426018e-02
-1.997616963227e+00,2.272003376975e+00,8.814066474306e-02
-1.997546140683e+00,7.263533337058e+00,8.812252010140e-02
-1.997434081561e+00,8.034172234681e+00,8.811585021010e-02
-1.997403921910e+00,8.469215819451e+00,8.780953438889e-02
-1.997369880722e+00,2.851650470888e+00,8.814043758498e-02
-1.997279593693e+00,1.080506572821e+00,8.813748711312e-02
-1.997249771352e+00,7.632368012745e+00,8.811848947191e-02
-1.997086506938e+00,1.692356283063e+00,8.813753929240e-02
-1.996855415355e+00,4.493983903650e+00,8.814059402260e-02
-1.996458111767e+00,8.937737445124e+00,8.515228093571e-02
-1.996407216614e+00,5.094687038921e+00,8.813492584650e-02
-1.996378276294e+00,4.897323018325e+00,8.813645140041e-02
-1.996345259422e+00,3.431297564804e+00,8.813685733058e-02
-1.996152172667e+00,3.978742042391e+00,8.813681634241e-02
-1.996123328248e+00,6.025426269337e+00,8.812626216101e-02
-1.996073737509e+00,9.188374047191e+00,8.302446506414e-02
-1.996072684788e+00,2.304205993303e+00,8.813405005462e-02
-1.995804003984e+00,2.883853087217e+00,8.813372934001e-02
-1.995778511854e+00,1.112709189150e+00,8.813105452123e-02
-1.995728934639e+00,7.080408744950e+00,8.811612648345e-02
-1.995716702759e+00,6.594518958434e+00,8.811994983113e-02
-1.995657220907e+00,6.443856933023e+00,8.812093292642e-02
-1.995563826799e+00,1.724558899391e+00,8.813101348232e-02
-1.995541028131e+00,1.036246359436e+01,2.510653355607e-02
-1.995422893031e+00,5.525898290324e+00,8.812742065678e-02
-1.995311031368e+00,4.620373242273e+00,8.813397359019e-02
-1.995224743717e+00,4.526186519978e+00,8.813360629238e-02
-1.995123793012e+00,7.818032239760e+00,8.810763978924e-02
-1.995089753407e+00,5.642548890886e+00,8.812485458238e-02
-1.995050120837e+00,8.688065616959e+00,8.672971607130e-02
-1.994932319114e+00,5.409983360822e+00,8.812607497171e-02
-1.994757784384e+00,3.463500181133e+00,8.813005064961e-02
-1.994702827776e+00,6.745965135646e+00,8.811446316794e-02
-1.994543099329e+00,4.010944658720e+00,8.812991629029e-02
-1.994530122344e+00,6.293998000262e+00,8.811748623274e-02
-1.994528406350e+00,2.336408609632e+00,8.812742602412e-02
-1.994277430015e+00,1.144911805478e+00,8.812461309773e-02
-1.994238127245e+00,2.916055703545e+00,8.812701148700e-02
-1.994044224981e+00,9.437095211885e+00,8.005213140055e-02
-1.994041146660e+00,1.756761515720e+00,8.812447858265e-02
-1.994039511405e+00,9.874822906884e+00,7.019340528489e-02
-1.993927710666e+00,5.759920205939e+00,8.811894378515e-02
-1.993623313956e+00,5.294819026125e+00,8.812132178110e-02
-1.993594072079e+00,4.558389136307e+00,8.812660813635e-02
-1.993576231856e+00,4.702830403510e+00,8.812597156969e-02
-1.993428398402e+00,1.010627004710e+01,5.868489651628e-02
-1.993170309346e+00,3.495702797461e+00,8.812323408021e-02
-1.992984127911e+00,2.368611225960e+00,8.812079263175e-02
-1.992934025991e+00,4.043147275049e+00,8.812300607652e-02
-1.992776348176e+00,1.177114421807e+00,8.811816282438e-02
-1.992774572477e+00,4.981761145677e+00,8.812026957502e-02
-1.992672250507e+00,2.948258319874e+00,8.812028400525e-02
-1.992609973459e+00,6.898176487880e+00,8.810424345717e-02
-1.992541343625e+00,8.221490963137e+00,8.809310015591e-02
-1.992518466521e+00,1.788964132048e+00,8.811793457438e-02
-1.992437468024e+00,9.643620913934e+00,7.647161869506e-02
-1.992341264559e+00,6.144961064397e+00,8.810894823519e-02
-1.991971143974e+00,7.418088698077e+00,8.809715856864e-02
-1.991963400441e+00,4.590591752636e+00,8.811959953113e-02
-1.991931668123e+00,5.877997246638e+00,8.810951546149e-02
-1.991857033473e+00,8.439389388882e+00,8.794727791662e-02
-1.991671254132e+00,8.004497090318e+00,8.809106193239e-02
-1.991582834308e+00,3.527905413790e+00,8.811640760078e-02
-1.991501252404e+00,5.180420176607e+00,8.811319050495e-02
-1.991439849473e+00,2.400813842289e+00,8.811414985761e-02
-1.991355783345e+00,7.234175985939e+00,8.809587956744e-02
-1.991324952653e+00,4.075349891377e+00,8.811608567863e-02
-1.991275266337e+00,1.209317038136e+00,8.811170368292e-02
-1.991272438534e+00,7.602849232726e+00,8.809280719541e-02
-1.991255719864e+00,4.785924319808e+00,8.811516682421e-02
-1.991128548538e+00,8.907764819627e+00,8.537573455837e-02
-1.991106373768e+00,2.980460936203e+00,8.811354687403e-02
-1.990995786383e+00,1.821166748377e+00,8.811138143841e-02
-1.990853341874e+00,9.158330237445e+00,8.333031077906e-02
-1.990601784814e+00,1.033794621145e+01,3.084275692062e-02
-1.989995359269e+00,3.560108030119e+00,8.810957118967e-02
-1.989895571034e+00,2.433016458617e+00,8.810749768174e-02
-1.989774184498e+00,1.241519654464e+00,8.810523565500e-02
-1.989715879315e+00,4.107552507706e+00,8.810915507403e-02
-1.989611724693e+00,8.658165451712e+00,8.689970131057e-02
-1.989540497030e+00,3.012663552531e+00,8.810680007252e-02
-1.989473106244e+00,1.853369364705e+00,8.810481915561e-02
-1.989432635101e+00,7.051134003126e+00,8.808903520767e-02
-1.989253530730e+00,7.788434643641e+00,8.808237613427e-02
-1.989104927387e+00,6.565499602264e+00,8.809146241019e-02
-1.989096622182e+00,5.996764992397e+00,8.809604245655e-02
-1.988941090055e+00,6.414925218500e+00,8.809205447749e-02
-1.988859883709e+00,9.850355520698e+00,7.106783927617e-02
-1.988779021329e+00,9.409830834618e+00,8.045484903278e-02
-1.988571601630e+00,5.066801668742e+00,8.810120334823e-02
-1.988407884231e+00,3.592310646447e+00,8.810272482516e-02
-1.988368901321e+00,1.008177736832e+01,6.041522067984e-02
-1.988351292596e+00,2.465219074946e+00,8.810083608416e-02
-1.988345068883e+00,4.869643974751e+00,8.810182545740e-02
-1.988273102660e+00,1.273722270792e+00,8.809875872227e-02
-1.988195813354e+00,6.716859393131e+00,8.808635039962e-02
-1.988106805976e+00,4.139755124035e+00,8.810221424011e-02
-1.987988116820e+00,5.497615052492e+00,8.809543886586e-02
-1.987974620291e+00,3.044866168860e+00,8.810004357986e-02
-1.987950426105e+00,1.885571981034e+00,8.809824770678e-02
-1.987756331235e+00,5.614169279103e+00,8.809329191563e-02
-1.987710047328e+00,6.265155180784e+00,8.808799065580e-02
-1.987396640837e+00,5.381797736260e+00,8.809356581656e-02
-1.987137835734e+00,9.619179408189e+00,7.699703662376e-02
-1.986886309450e+00,8.191739540072e+00,8.806864378785e-02
-1.986820409193e+00,3.624513262776e+00,8.809586848546e-02
-1.986807014157e+00,2.497421691274e+00,8.809416504481e-02
-1.986772020821e+00,1.305924887121e+00,8.809227286628e-02
-1.986696088726e+00,5.731445461615e+00,8.808770729942e-02
-1.986497732638e+00,4.171957740363e+00,8.809526315416e-02
-1.986427745967e+00,1.917774597362e+00,8.809166707269e-02
-1.986408743553e+00,3.077068785189e+00,8.809327737514e-02
-1.986310145036e+00,8.409562958313e+00,8.806440041914e-02
-1.986208119603e+00,6.868985616197e+00,8.807663769743e-02
-1.985987191357e+00,5.266732252030e+00,8.808844517754e-02
-1.985908426702e+00,7.974821945956e+00,8.806615359868e-02
-1.985887110838e+00,7.388650000304e+00,8.807081273716e-02
-1.985798985310e+00,8.877792194130e+00,8.559077349148e-02
-1.985662541497e+00,1.031342882853e+01,3.574231068657e-02
-1.985632946239e+00,9.128286427697e+00,8.362362623065e-02
-1.985417662529e+00,6.116208391433e+00,8.807901041167e-02
-1.985347377775e+00,4.675362591307e+00,8.809038225835e-02
-1.985295105716e+00,7.573330452707e+00,8.806687112442e-02
-1.985270938982e+00,1.338127503449e+00,8.808577806857e-02
-1.985262735718e+00,2.529624307603e+00,8.808748454356e-02
-1.985232934155e+00,3.656715879105e+00,8.808900214874e-02
-1.985165426007e+00,7.204818634820e+00,8.806910170960e-02
-1.984905065828e+00,1.949977213691e+00,8.808507723404e-02
-1.984888659300e+00,4.204160356692e+00,8.808830179344e-02
-1.984842866814e+00,3.109271401517e+00,8.808650143736e-02
-1.984839920918e+00,4.953978324575e+00,8.808614312337e-02
-1.984802286818e+00,5.849428613248e+00,8.807868618650e-02
-1.984173328550e+00,8.628265286465e+00,8.706443656224e-02
-1.983769857143e+00,1.370330119778e+00,8.807927431061e-02
-1.983765148986e+00,5.152433488031e+00,8.807966049562e-02
-1.983718457280e+00,2.561826923931e+00,8.808079456026e-02
-1.983680256012e+00,9.825888134512e+00,7.188860075081e-02
-1.983668122018e+00,9.379717118168e+00,8.087652360355e-02
-1.983645459116e+00,3.688918495433e+00,8.808212579308e-02
-1.983383268449e+00,7.758837047521e+00,8.805698849650e-02
-1.983382385689e+00,1.982179830019e+00,8.807847817147e-02
-1.983309404240e+00,1.005728468954e+01,6.199932935880e-02
-1.983279585962e+00,4.236362973020e+00,8.808133013512e-02
-1.983276990076e+00,3.141474017846e+00,8.807971574549e-02
-1.983136335563e+00,7.021859261302e+00,8.806180282156e-02
-1.983124443043e+00,4.758350279960e+00,8.808010809036e-02
-1.982493152016e+00,6.536480246094e+00,8.806282006591e-02
-1.982268775304e+00,1.402532736107e+00,8.807276157382e-02
-1.982224959204e+00,6.385993503977e+00,8.806301782150e-02
-1.982174178841e+00,2.594029540260e+00,8.807409507466e-02
-1.982069916117e+00,5.968103715457e+00,8.806565105267e-02
-1.982057984078e+00,3.721121111762e+00,8.807523939651e-02
-1.981859705550e+00,2.014382446347e+00,8.807186986560e-02
-1.981838203444e+00,9.594737902443e+00,7.749710380398e-02
-1.981711113338e+00,3.173676634175e+00,8.807292027842e-02
-1.981688798932e+00,6.687753650616e+00,8.805808595301e-02
-1.981670512624e+00,4.268565589349e+00,8.807434815629e-02
-1.981231275275e+00,8.161988117008e+00,8.804407038150e-02
-1.980889972312e+00,6.236312361306e+00,8.805832419030e-02
-1.980767693465e+00,1.434735352435e+00,8.806623983957e-02
-1.980763256599e+00,8.379736527744e+00,8.804025595828e-02
-1.980735986645e+00,5.038916298564e+00,8.806727315737e-02
-1.980723298179e+00,1.028891144562e+01,3.997569162557e-02
-1.980629900403e+00,2.626232156588e+00,8.806738606650e-02
-1.980553340610e+00,5.469331814661e+00,8.806309584810e-02
-1.980470509040e+00,3.753323728091e+00,8.806834293699e-02
-1.980469422081e+00,8.847819568633e+00,8.579831235360e-02
-1.980422909063e+00,5.585789667320e+00,8.806154411499e-02
-1.980412550604e+00,9.098242617951e+00,8.390515732495e-02
-1.980337025412e+00,2.046585062676e+00,8.806525229695e-02
-1.980311861472e+00,4.841964931177e+00,8.806698186868e-02
-1.980145599272e+00,7.945146801593e+00,8.804112443774e-02
-1.980145236599e+00,3.205879250504e+00,8.806611501500e-02
-1.980061439286e+00,4.300768205678e+00,8.806735583400e-02
-1.979860962561e+00,5.353612111698e+00,8.806086108888e-02
-1.979806265746e+00,6.839794744515e+00,8.804873453103e-02
-1.979803077703e+00,7.359211302531e+00,8.804433236240e-02
-1.979464466786e+00,5.702970717291e+00,8.805628819196e-02
-1.979317772898e+00,7.543811672687e+00,8.804080409268e-02
-1.979266611626e+00,1.466937968764e+00,8.805970908918e-02
-1.979085621964e+00,2.658434772917e+00,8.806066751544e-02
-1.978975068669e+00,7.175461283701e+00,8.804218560765e-02
-1.978883034002e+00,3.785526344419e+00,8.806143639244e-02
-1.978814345273e+00,2.078787679004e+00,8.805862544602e-02
-1.978734932407e+00,8.598365121219e+00,8.722415932692e-02
-1.978579359861e+00,3.238081866832e+00,8.805929993398e-02
-1.978557222706e+00,9.349603401718e+00,8.127795042441e-02
-1.978500628316e+00,9.801420748325e+00,7.266046625759e-02
-1.978494060498e+00,6.087455718469e+00,8.804890329081e-02
-1.978452365948e+00,4.332970822006e+00,8.806035314522e-02
-1.978351068758e+00,5.238645477935e+00,8.805537048969e-02
-1.978249907160e+00,1.003279201076e+01,6.345496763945e-02
-1.977765529787e+00,1.499140585092e+00,8.805316930393e-02
-1.977672905513e+00,5.820859979858e+00,8.804758611514e-02
-1.977541343526e+00,2.690637389245e+00,8.805393940107e-02
-1.977513006167e+00,7.729239451402e+00,8.803147607640e-02
-1.977295558963e+00,3.817728960748e+00,8.805451974068e-02
-1.977291665134e+00,2.110990295333e+00,8.805198929324e-02
-1.977118523695e+00,4.647894779104e+00,8.805456504644e-02
-1.977013483122e+00,3.270284483161e+00,8.805247501411e-02
-1.976905269359e+00,4.926195503473e+00,8.805151610329e-02
-1.976843292610e+00,4.365173438335e+00,8.805334006686e-02
-1.976840036025e+00,6.992584519477e+00,8.803442838052e-02
-1.976538571155e+00,9.570296396698e+00,7.797360196729e-02
-1.976264447949e+00,1.531343201420e+00,8.804662046504e-02
-1.976029045568e+00,5.124446799455e+00,8.804592390192e-02
-1.975997065087e+00,2.722840005574e+00,8.804720170294e-02
-1.975881376644e+00,6.507460889924e+00,8.803402173251e-02
-1.975784054862e+00,1.026439406270e+01,4.367001856921e-02
-1.975768984995e+00,2.143192911661e+00,8.804534381901e-02
-1.975708083925e+00,3.849931577077e+00,8.804759295950e-02
-1.975576241100e+00,8.132236693943e+00,8.801937918878e-02
-1.975508828353e+00,6.357061789453e+00,8.803382187727e-02
-1.975447606384e+00,3.302487099489e+00,8.804564023403e-02
-1.975234219272e+00,4.397376054664e+00,8.804631657575e-02
-1.975216368162e+00,8.349910097175e+00,8.801599736067e-02
-1.975192154969e+00,9.068198808204e+00,8.417559241375e-02
-1.975181784510e+00,6.658647908101e+00,8.802966878006e-02
-1.975139858853e+00,8.817846943136e+00,8.599880190105e-02
-1.975043210051e+00,5.939442438516e+00,8.803508675881e-02
-1.974993166221e+00,4.730776240113e+00,8.804482329130e-02
-1.974763366110e+00,1.563545817749e+00,8.804006255366e-02
-1.974452786648e+00,2.755042621902e+00,8.804045440054e-02
-1.974382771842e+00,7.915471657230e+00,8.801597367324e-02
-1.974246304857e+00,2.175395527990e+00,8.803868900364e-02
-1.974120608887e+00,3.882134193405e+00,8.804065602660e-02
-1.974069897296e+00,6.207469541827e+00,8.802849084786e-02
-1.973881729646e+00,3.334689715818e+00,8.803879557234e-02
-1.973719044568e+00,7.329772604759e+00,8.801771654354e-02
-1.973625145933e+00,4.429578670992e+00,8.803928264867e-02
-1.973446323395e+00,9.319489685267e+00,8.166069754653e-02
-1.973404411889e+00,6.810603872833e+00,8.802068185024e-02
-1.973340440080e+00,7.514292892668e+00,8.801460522529e-02
-1.973321000620e+00,9.776953362139e+00,7.338766211549e-02
-1.973296536264e+00,8.568464955972e+00,8.737909321030e-02
-1.973262284271e+00,1.595748434078e+00,8.803349555092e-02
-1.973190410079e+00,1.000829933198e+01,6.479712113293e-02
-1.973118564399e+00,5.441048576830e+00,8.803055850641e-02
-1.973089486892e+00,5.557410055537e+00,8.802960989220e-02
-1.972908508210e+00,2.787245238231e+00,8.803369747330e-02
-1.972900371660e+00,5.011030928386e+00,8.803313383044e-02
-1.972784711332e+00,7.146103932582e+00,8.801513033547e-02
-1.972723624718e+00,2.207598144318e+00,8.803202482741e-02
-1.972533133849e+00,3.914336809734e+00,8.803370891962e-02
-1.972325284285e+00,5.325426487136e+00,8.802795940873e-02
-1.972315852907e+00,3.366892332147e+00,8.803194100757e-02
-1.972278654061e+00,4.814285887603e+00,8.803191911858e-02
-1.972240466660e+00,1.562500050003e-02,8.829762707974e-02
-1.972240466660e+00,7.812500250012e-02,8.823658706260e-02
-1.972240466660e+00,1.093750035002e-01,8.820870776015e-02
-1.972240466660e+00,1.406250045003e-01,8.818266099681e-02
-1.972240466660e+00,1.718750055004e-01,8.815849754131e-02
-1.972240466660e+00,2.031250065004e-01,8.813626521898e-02
-1.972240466660e+00,2.343750075005e-01,8.811600865748e-02
-1.972240466660e+00,2.656250085005e-01,8.809776904432e-02
-1.972240466660e+00,2.968750095005e-01,8.808158389848e-02
-1.972240466660e+00,3.281250105004e-01,8.806748685862e-02
-1.972240466660e+00,3.593750115003e-01,8.805550749020e-02
-1.972240466660e+00,3.906250125003e-01,8.804567111355e-02
-1.972240466660e+00,4.218750135002e-01,8.803799865486e-02
-1.972240466660e+00,4.531250145001e-01,8.803250652188e-02
-1.972240466660e+00,4.843750155000e-01,8.802920650563e-02
-1.972240466660e+00,5.156250165000e-01,8.802810570936e-02
-1.972240466660e+00,6.718750214999e-01,8.802810570936e-02
-1.972240466660e+00,7.031250224999e-01,8.802810570936e-02
-1.972240466660e+00,7.343750234999e-01,8.802810570936e-02
-1.972240466660e+00,7.656250244999e-01,8.802810570936e-02
-1.972240466660e+00,7.968750254999e-01,8.802810570936e-02
-1.972240466660e+00,8.281250264998e-01,8.802810570936e-02
-1.972240466660e+00,8.593750274999e-01,8.802810570936e-02
-1.972240466660e+00,8.906250285000e-01,8.802810570936e-02
-1.972240466660e+00,9.218750295000e-01,8.802810570936e-02
-1.972240466660e+00,9.531250305000e-01,8.802810570936e-02
-1.972240466660e+00,9.843750315000e-01,8.802810570936e-02
-1.972240466660e+00,4.687500150008e-02,8.826624545539e-02
-1.972240466660e+00,5.468750175000e-01,8.802810570936e-02
-1.972240466660e+00,6.406250204999e-01,8.802810570936e-02
-1.972240466660e+00,6.093750194999e-01,8.802810570936e-02
-1.972240466660e+00,5.781250185000e-01,8.802810570936e-02
-1.972232844846e+00,5.674495972966e+00,8.802468517174e-02
-1.972016072595e+00,4.461781287321e+00,8.803223826231e-02
-1.971761202432e+00,1.627951050406e+00,8.802691943789e-02
-1.971642743886e+00,7.699641855282e+00,8.800571905210e-02
-1.971570458468e+00,6.058703045504e+00,8.801862568681e-02
-1.971500724891e+00,1.016101340164e+00,8.802486276074e-02
-1.971364229771e+00,2.819447854559e+00,8.802693090059e-02
-1.971238938865e+00,9.545854890953e+00,7.842812693599e-02
-1.971200944579e+00,2.239800760647e+00,8.802535127053e-02
-1.970945658810e+00,3.946539426063e+00,8.802675161616e-02
-1.970844811545e+00,1.023987667979e+01,4.692200276488e-02
-1.970749976169e+00,3.399094948475e+00,8.802507651820e-02
-1.970714946160e+00,5.210558703840e+00,8.802200532687e-02
-1.970543736486e+00,6.963309777653e+00,8.800691093416e-02
-1.970543524208e+00,5.792291346469e+00,8.801630470661e-02
-1.970406999257e+00,4.493983903650e+00,8.802518339331e-02
-1.970260120593e+00,1.660153666735e+00,8.802033419557e-02
-1.970021241352e+00,1.048303956493e+00,8.801837020696e-02
-1.969971759334e+00,9.038154998457e+00,8.443556771336e-02
-1.969921206925e+00,8.102485270878e+00,8.799456945658e-02
-1.969819951333e+00,2.851650470888e+00,8.802015466173e-02
-1.969810295624e+00,8.787874317639e+00,8.619259107198e-02
-1.969678264440e+00,2.272003376975e+00,8.801866831316e-02
-1.969669479725e+00,8.320083666607e+00,8.799162390120e-02
-1.969358183772e+00,3.978742042391e+00,8.801978409372e-02
-1.969269601273e+00,6.478441533754e+00,8.800506633795e-02
-1.969184099430e+00,3.431297564804e+00,8.801820208263e-02
-1.968970617799e+00,4.898412682371e+00,8.801666812434e-02
-1.968889669614e+00,4.620426966901e+00,8.801851835550e-02
-1.968797925919e+00,4.526186519978e+00,8.801811801823e-02
-1.968792697502e+00,6.328130074930e+00,8.800431302629e-02
-1.968759038754e+00,1.692356283063e+00,8.801373980493e-02
-1.968674770088e+00,6.629542165586e+00,8.800109782621e-02
-1.968619944413e+00,7.885796512867e+00,8.799070052381e-02
-1.968541757812e+00,1.080506572821e+00,8.801186876259e-02
-1.968335424083e+00,9.289375968817e+00,8.202602288822e-02
-1.968292942150e+00,5.096460110879e+00,8.801197925401e-02
-1.968275672894e+00,2.883853087217e+00,8.801336873597e-02
-1.968155584302e+00,2.304205993303e+00,8.801197593543e-02
-1.968141372924e+00,9.752485975953e+00,7.407394142895e-02
-1.968130912998e+00,9.983806653203e+00,6.603853230515e-02
-1.968016503985e+00,5.910781161576e+00,8.800434837860e-02
-1.967858140120e+00,8.538564790726e+00,8.752944891942e-02
-1.967770708734e+00,4.010944658720e+00,8.801280632976e-02
-1.967635011433e+00,7.300333906986e+00,8.799096437382e-02
-1.967618222692e+00,3.463500181133e+00,8.801131767923e-02
-1.967363107263e+00,7.484774112649e+00,8.798827364142e-02
-1.967257956915e+00,1.724558899391e+00,8.800713624688e-02
-1.967249822280e+00,6.178626722349e+00,8.799848945037e-02
-1.967188852581e+00,4.558389136307e+00,8.801104211357e-02
-1.967062274273e+00,1.112709189150e+00,8.800535840933e-02
-1.967002558033e+00,6.781413001150e+00,8.799247861981e-02
-1.966861889400e+00,4.703202200266e+00,8.800901056303e-02
-1.966731394456e+00,2.916055703545e+00,8.800657310252e-02
-1.966632904163e+00,2.336408609632e+00,8.800527411737e-02
-1.966594353994e+00,7.116746581463e+00,8.798793496104e-02
-1.966183233696e+00,4.043147275049e+00,8.800581830166e-02
-1.966052345953e+00,3.495702797461e+00,8.800442328627e-02
-1.965939306575e+00,9.521413385208e+00,7.886152272694e-02
-1.965905568228e+00,1.021535929688e+01,4.980652694759e-02
-1.965772481604e+00,7.670044259162e+00,8.797978569989e-02
-1.965756875076e+00,1.756761515720e+00,8.800052350227e-02
-1.965756064720e+00,5.529030443754e+00,8.799743995653e-02
-1.965683788189e+00,5.412765338998e+00,8.799782544697e-02
-1.965582790734e+00,1.144911805478e+00,8.799883912885e-02
-1.965579779243e+00,4.590591752636e+00,8.800395565576e-02
-1.965187116017e+00,2.948258319874e+00,8.799976774050e-02
-1.965110224024e+00,2.368611225960e+00,8.799856283899e-02
-1.965064756675e+00,4.983145558207e+00,8.799878392098e-02
-1.965001222906e+00,5.646021228642e+00,8.799289694162e-02
-1.964789606008e+00,5.297240862573e+00,8.799485939118e-02
-1.964751363699e+00,9.008111188710e+00,8.468567212601e-02
-1.964646856438e+00,6.029950372540e+00,8.798817640748e-02
-1.964595758657e+00,4.075349891377e+00,8.799881998673e-02
-1.964486469215e+00,3.527905413790e+00,8.799751888199e-02
-1.964480732395e+00,8.757901692142e+00,8.638000646693e-02
-1.964266172750e+00,8.072733847814e+00,8.796964042683e-02
-1.964255793237e+00,1.788964132048e+00,8.799390155190e-02
-1.964247436948e+00,6.934035035829e+00,8.797911960800e-02
-1.964245446650e+00,4.786606844030e+00,8.799663568945e-02
-1.964122591288e+00,8.290257236038e+00,8.796713484984e-02
-1.964103307195e+00,1.177114421807e+00,8.799231090277e-02
-1.963642837578e+00,2.980460936203e+00,8.799295262900e-02
-1.963587543886e+00,2.400813842289e+00,8.799184208022e-02
-1.963414142903e+00,5.763722713079e+00,8.798484066484e-02
-1.963224524771e+00,9.259262252367e+00,8.237507491959e-02
-1.963078823561e+00,5.182471929745e+00,8.798825201859e-02
-1.963071415918e+00,9.959313974423e+00,6.719010505515e-02
-1.963008283619e+00,4.107552507706e+00,8.799181136225e-02
-1.962961745228e+00,9.728018589766e+00,7.472264851970e-02
-1.962920592477e+00,3.560108030119e+00,8.799060444453e-02
-1.962857116983e+00,7.856121368505e+00,8.796530420295e-02
-1.962754711398e+00,1.821166748377e+00,8.798727037653e-02
-1.962657825901e+00,6.449422177584e+00,8.797595280396e-02
-1.962623823656e+00,1.209317038136e+00,8.798577371264e-02
-1.962419743977e+00,8.508664625479e+00,8.767542517493e-02
-1.962167755666e+00,6.600436423071e+00,8.797237203036e-02
-1.962098559140e+00,3.012663552531e+00,8.798612774705e-02
-1.962076566651e+00,6.299198360407e+00,8.797457690511e-02
-1.962064863747e+00,2.433016458617e+00,8.798511182096e-02
-1.961550978298e+00,7.270895209213e+00,8.796407494054e-02
-1.961463084600e+00,1.044712776989e+01,6.608629191934e-06
-1.961420808581e+00,4.139755124035e+00,8.798479240538e-02
-1.961385774445e+00,7.455255332630e+00,8.796180845428e-02
-1.961354715738e+00,3.592310646447e+00,8.798367995203e-02
-1.961253629560e+00,1.853369364705e+00,8.798062995686e-02
-1.961144340117e+00,1.241519654464e+00,8.797922753998e-02
-1.961035966240e+00,4.870629861269e+00,8.798160043416e-02
-1.960989797920e+00,5.882119884636e+00,8.797323184807e-02
-1.960966324910e+00,1.019084191397e+01,5.238247499640e-02
-1.960639674285e+00,9.496971879462e+00,7.927588118021e-02
-1.960600704176e+00,6.752222129468e+00,8.796412379779e-02
-1.960556838732e+00,5.068473422303e+00,8.797782507756e-02
-1.960554280701e+00,3.044866168860e+00,8.797929307360e-02
-1.960542183608e+00,2.465219074946e+00,8.797837204102e-02
-1.960429747263e+00,6.149783902872e+00,8.796831881288e-02
-1.960403996656e+00,7.087389230343e+00,8.796059854643e-02
-1.959902219323e+00,7.640446663043e+00,8.795372228166e-02
-1.959833333543e+00,4.171957740363e+00,8.797776309326e-02
-1.959788839000e+00,3.624513262776e+00,8.797674538249e-02
-1.959752547721e+00,1.885571981034e+00,8.797398027353e-02
-1.959664856578e+00,1.273722270792e+00,8.797267236626e-02
-1.959530968064e+00,8.978067378963e+00,8.492645153908e-02
-1.959151169167e+00,8.727929066644e+00,8.656135409579e-02
-1.959019503469e+00,2.497421691274e+00,8.797162272019e-02
-1.959010002263e+00,3.077068785189e+00,8.797244858754e-02
-1.958730612579e+00,4.675628160418e+00,8.797296759190e-02
-1.958611138576e+00,8.042982424749e+00,8.794459133639e-02
-1.958575702851e+00,8.260430805469e+00,8.794252947165e-02
-1.958422642549e+00,5.500650831970e+00,8.796487049219e-02
-1.958251465882e+00,1.917774597362e+00,8.796732130713e-02
-1.958249011978e+00,5.384482101167e+00,8.796489526997e-02
-1.958245858504e+00,4.204160356692e+00,8.797072340294e-02
-1.958222962261e+00,3.656715879105e+00,8.796980071391e-02
-1.958185373039e+00,1.305924887121e+00,8.796610817287e-02
-1.958113625460e+00,9.229148535916e+00,8.270890422228e-02
-1.958011918837e+00,9.934821295643e+00,6.826122477733e-02
-1.957951137410e+00,6.904760294004e+00,8.795111882651e-02
-1.957782117532e+00,9.703551203580e+00,7.533677311016e-02
-1.957769600966e+00,5.617546484317e+00,8.796092219855e-02
-1.957723254408e+00,6.001197699575e+00,8.795755425430e-02
-1.957496823331e+00,2.529624307603e+00,8.796486383818e-02
-1.957465723824e+00,3.109271401517e+00,8.796559426774e-02
-1.957253927732e+00,5.269055238011e+00,8.796155964651e-02
-1.957229141691e+00,4.955260188029e+00,8.796413448605e-02
-1.957094289553e+00,7.826446224142e+00,8.793972514175e-02
-1.956981347834e+00,8.478764460232e+00,8.781720954743e-02
-1.956750384043e+00,1.949977213691e+00,8.796065303820e-02
-1.956705889500e+00,1.338127503449e+00,8.795953494120e-02
-1.956658383466e+00,4.236362973020e+00,8.796367331140e-02
-1.956657085523e+00,3.688918495433e+00,8.796284592419e-02
-1.956644215319e+00,1.042258627190e+01,1.009140667370e-02
-1.956284761598e+00,5.735154079689e+00,8.795319268698e-02
-1.956212239239e+00,4.758927800456e+00,8.796113006212e-02
-1.956046050530e+00,6.420402821414e+00,8.794668004606e-02
-1.956027081593e+00,1.016632453105e+01,5.469678803749e-02
-1.955974143192e+00,2.561826923931e+00,8.795809537464e-02
-1.955921445385e+00,3.141474017846e+00,8.795873009297e-02
-1.955660741244e+00,6.571330680556e+00,8.794349032493e-02
-1.955466945162e+00,7.241456511440e+00,8.793704732503e-02
-1.955442700962e+00,5.154385155651e+00,8.795429038123e-02
-1.955408441627e+00,7.425736552611e+00,8.793520877114e-02
-1.955360435799e+00,6.270266645884e+00,8.794467398829e-02
-1.955340041996e+00,9.472530373717e+00,7.967241949657e-02
-1.955249302204e+00,1.982179830019e+00,8.795397544723e-02
-1.955226405961e+00,1.370330119778e+00,8.795295265255e-02
-1.955091208785e+00,3.721121111762e+00,8.795588099118e-02
-1.955070908428e+00,4.268565589349e+00,8.795661279558e-02
-1.954451463053e+00,2.594029540260e+00,8.795131730919e-02
-1.954377166947e+00,3.173676634175e+00,8.795185604194e-02
-1.954310572429e+00,8.948023569216e+00,8.515841266639e-02
-1.954213639318e+00,7.058031879225e+00,8.793312014787e-02
-1.954198850319e+00,6.723031257785e+00,8.793561633555e-02
-1.954031957041e+00,7.610849066923e+00,8.792752793098e-02
-1.953963091854e+00,5.853458607696e+00,8.794190049117e-02
-1.953821605938e+00,8.697956441147e+00,8.673692096482e-02
-1.953748220365e+00,2.014382446347e+00,8.794728851464e-02
-1.953746922422e+00,1.402532736107e+00,8.794636128819e-02
-1.953609672247e+00,6.120941083394e+00,8.793797774360e-02
-1.953525332046e+00,3.753323728091e+00,8.794890589266e-02
-1.953483433389e+00,4.300768205678e+00,8.794954183230e-02
-1.953101314681e+00,4.842847040167e+00,8.794631147446e-02
-1.953028814414e+00,8.230604374900e+00,8.791780702674e-02
-1.953002726148e+00,9.199034819466e+00,8.302847362773e-02
-1.952956104401e+00,8.013231001685e+00,8.791942141708e-02
-1.952952421756e+00,9.910328616864e+00,6.926001381265e-02
-1.952928782914e+00,2.626232156588e+00,8.794452962137e-02
-1.952832888508e+00,3.205879250504e+00,8.794497209333e-02
-1.952820735314e+00,5.040486733727e+00,8.794345989399e-02
-1.952602489836e+00,9.679083817394e+00,7.591899611107e-02
-1.952267438883e+00,1.434735352435e+00,8.793976082931e-02
-1.952247138526e+00,2.046585062676e+00,8.794059222081e-02
-1.951959455308e+00,3.785526344419e+00,8.794192060637e-02
-1.951895958351e+00,4.332970822006e+00,8.794246039838e-02
-1.951825346038e+00,1.039804477391e+01,1.829963768462e-02
-1.951654837872e+00,6.875485552180e+00,8.792296861605e-02
-1.951542951690e+00,8.448864294985e+00,8.790922037224e-02
-1.951406102776e+00,2.658434772917e+00,8.793773229066e-02
-1.951331462123e+00,7.796771079779e+00,8.791391381578e-02
-1.951288610070e+00,3.238081866832e+00,8.793807822573e-02
-1.951089220377e+00,5.472271220187e+00,8.793210522055e-02
-1.951087838276e+00,1.014180714814e+01,5.678734611079e-02
-1.950814235768e+00,5.356198863335e+00,8.793176656971e-02
-1.950799652378e+00,5.972445026611e+00,8.792675802250e-02
-1.950787955344e+00,1.466937968764e+00,8.793315125709e-02
-1.950746056687e+00,2.078787679004e+00,8.793388654607e-02
-1.950599335758e+00,4.648054120571e+00,8.793669274771e-02
-1.950537979025e+00,5.589071739993e+00,8.792875963369e-02
-1.950393578569e+00,3.817728960748e+00,8.793492510994e-02
-1.950308483313e+00,4.365173438335e+00,8.793536847053e-02
-1.950040409706e+00,9.448088867971e+00,8.005205734248e-02
-1.949883422637e+00,2.690637389245e+00,8.793092529650e-02
-1.949744331631e+00,3.270284483161e+00,8.793117441769e-02
-1.949718249456e+00,5.240869613449e+00,8.792805878040e-02
-1.949434275158e+00,6.391383465245e+00,8.791713447057e-02
-1.949431108809e+00,7.396217772592e+00,8.790847369328e-02
-1.949393526706e+00,4.927374817850e+00,8.792906040770e-02
-1.949382912027e+00,7.212017813668e+00,8.790988060266e-02
-1.949308471805e+00,1.499140585092e+00,8.792653255262e-02
-1.949244974848e+00,2.110990295333e+00,8.792717147068e-02
-1.949155380293e+00,5.706585446300e+00,8.792135946359e-02
-1.949153726822e+00,6.542224938041e+00,8.791445163585e-02
-1.949090176794e+00,8.917979759470e+00,8.538202648706e-02
-1.948827701831e+00,3.849931577077e+00,8.792791938098e-02
-1.948721008275e+00,4.397376054664e+00,8.792826602538e-02
-1.948644304948e+00,6.241334931360e+00,8.791460309346e-02
-1.948492042709e+00,8.667983815650e+00,8.690697652022e-02
-1.948360742498e+00,2.722840005574e+00,8.792410861825e-02
-1.948200053192e+00,3.302487099489e+00,8.792426064767e-02
-1.948179031828e+00,4.731248756882e+00,8.792536290800e-02
-1.948161694760e+00,7.581251470804e+00,8.790120177552e-02
-1.948023281980e+00,7.028674528106e+00,8.790544885553e-02
-1.947892924675e+00,9.885835938084e+00,7.019353701019e-02
-1.947891826837e+00,9.168921103015e+00,8.333466713212e-02
-1.947828988266e+00,1.531343201420e+00,8.791990469697e-02
-1.947806578363e+00,5.126298381556e+00,8.792011891282e-02
-1.947796996463e+00,6.693840386103e+00,8.790695517773e-02
-1.947743893010e+00,2.143192911661e+00,8.792044697486e-02
-1.947481925977e+00,8.200777944331e+00,8.789296677026e-02
-1.947422862140e+00,9.654616431207e+00,7.647172849296e-02
-1.947301070226e+00,7.983479578620e+00,8.789412989567e-02
-1.947261825092e+00,3.882134193405e+00,8.792090339701e-02
-1.947133533236e+00,4.429578670992e+00,8.792115303953e-02
-1.947006476756e+00,1.037350327592e+01,2.510665949646e-02
-1.946936385789e+00,5.824797330756e+00,8.791038652154e-02
-1.946838062360e+00,2.755042621902e+00,8.791728223524e-02
-1.946789597231e+00,6.092098263916e+00,8.790746504400e-02
-1.946655774754e+00,3.334689715818e+00,8.791733689411e-02
-1.946349504727e+00,1.563545817749e+00,8.791326767113e-02
-1.946242811171e+00,2.175395527990e+00,8.791371303876e-02
-1.946148594958e+00,1.011728976522e+01,5.868505386778e-02
-1.946104555547e+00,8.418964129739e+00,8.788480426188e-02
-1.945695948354e+00,3.914336809734e+00,8.791387713549e-02
-1.945568634693e+00,7.767095935416e+00,8.788797414767e-02
-1.945546058198e+00,4.461781287321e+00,8.791402948949e-02
-1.945358538334e+00,6.846210810356e+00,8.789466794164e-02
-1.945315382221e+00,2.787245238231e+00,8.791044612672e-02
-1.945166663122e+00,4.815064219065e+00,8.791079968380e-02
-1.945111496315e+00,3.366892332147e+00,8.791040313535e-02
-1.945084631895e+00,5.012500045151e+00,8.790888222076e-02
-1.944890053453e+00,9.420776943054e+00,8.045515105627e-02
-1.944870021188e+00,1.595748434078e+00,8.790662145607e-02
-1.944741729332e+00,2.207598144318e+00,8.790696964250e-02
-1.944130071616e+00,3.946539426063e+00,8.790684057382e-02
-1.943958583160e+00,4.493983903650e+00,8.790689535170e-02
-1.943876050348e+00,5.943692353646e+00,8.789574912048e-02
-1.943869781160e+00,8.887935949723e+00,8.559723374060e-02
-1.943792702082e+00,2.819447854559e+00,8.790360027190e-02
-1.943755798205e+00,5.443891608404e+00,8.789914272416e-02
-1.943567217877e+00,3.399094948475e+00,8.790345934969e-02
-1.943453775991e+00,7.366698992573e+00,8.788160231599e-02
-1.943448635030e+00,1.562500050003e-02,8.817994256543e-02
-1.943448635030e+00,4.687500150008e-02,8.814729937808e-02
-1.943448635030e+00,7.812500250012e-02,8.811643998901e-02
-1.943448635030e+00,1.093750035002e-01,8.808742398518e-02
-1.943448635030e+00,1.406250045003e-01,8.806030842642e-02
-1.943448635030e+00,1.718750055004e-01,8.803514755044e-02
-1.943448635030e+00,2.031250065004e-01,8.801199248462e-02
-1.943448635030e+00,2.343750075005e-01,8.799089096744e-02
-1.943448635030e+00,2.656250085005e-01,8.797188708235e-02
-1.943448635030e+00,2.968750095005e-01,8.795502100701e-02
-1.943448635030e+00,3.281250105004e-01,8.794032878031e-02
-1.943448635030e+00,3.593750115003e-01,8.792784209010e-02
-1.943448635030e+00,3.906250125003e-01,8.791758808382e-02
-1.943448635030e+00,4.218750135002e-01,8.790958920421e-02
-1.943448635030e+00,4.531250145001e-01,8.790386305225e-02
-1.943448635030e+00,4.843750155000e-01,8.790042227864e-02
-1.943448635030e+00,5.156250165000e-01,8.789927450544e-02
-1.943448635030e+00,6.406250204999e-01,8.789927450544e-02
-1.943448635030e+00,6.718750214999e-01,8.789927450544e-02
-1.943448635030e+00,7.031250224999e-01,8.789927450544e-02
-1.943448635030e+00,7.343750234999e-01,8.789927450544e-02
-1.943448635030e+00,7.656250244998e-01,8.789927450544e-02
-1.943448635030e+00,7.968750254998e-01,8.789927450544e-02
-1.943448635030e+00,8.281250264998e-01,8.789927450544e-02
-1.943448635030e+00,8.593750274999e-01,8.789927450544e-02
-1.943448635030e+00,8.906250285000e-01,8.789927450544e-02
-1.943448635030e+00,9.218750295000e-01,8.789927450544e-02
-1.943448635030e+00,9.531250305000e-01,8.789927450544e-02
-1.943448635030e+00,9.843750315000e-01,8.789927450544e-02
-1.943448635030e+00,6.093750194999e-01,8.789927450544e-02
-1.943448635030e+00,5.468750175000e-01,8.789927450544e-02
-1.943448635030e+00,5.781250185000e-01,8.789927450544e-02
-1.943390537649e+00,1.627951050406e+00,8.789996603268e-02
-1.943379459557e+00,5.327915625503e+00,8.789843793479e-02
-1.943306357086e+00,5.560596995668e+00,8.789638697840e-02
-1.943298878892e+00,7.182579115895e+00,8.788257384283e-02
-1.943240647493e+00,2.239800760647e+00,8.790021676611e-02
-1.943162479481e+00,8.638011190153e+00,8.707177396298e-02
-1.942833427595e+00,9.861343259304e+00,7.106796840818e-02
-1.942822499786e+00,6.362364109075e+00,8.788732242574e-02
-1.942780927525e+00,9.138807386565e+00,8.362829775461e-02
-1.942719692410e+00,1.016101340164e+00,8.789599186690e-02
-1.942646712400e+00,6.513119195527e+00,8.788525488260e-02
-1.942564194877e+00,3.978742042391e+00,8.789979368934e-02
-1.942468058937e+00,4.620480080724e+00,8.790018439853e-02
-1.942371108122e+00,4.526186519978e+00,8.789975060254e-02
-1.942291432478e+00,7.551653874684e+00,8.787474293695e-02
-1.942270021943e+00,2.851650470888e+00,8.789674464990e-02
-1.942243234444e+00,9.630149045021e+00,7.699714443025e-02
-1.942187607475e+00,1.034896177793e+01,3.084289946313e-02
-1.942182571179e+00,5.212683988887e+00,8.789410479593e-02
-1.942025998988e+00,5.678016812910e+00,8.788933967866e-02
-1.942022939438e+00,3.431297564804e+00,8.789650551536e-02
-1.941935037540e+00,8.170951513762e+00,8.786800795237e-02
-1.941928174097e+00,6.212403216837e+00,8.788436303109e-02
-1.941911054110e+00,1.660153666735e+00,8.789330138181e-02
-1.941832924643e+00,6.999317176987e+00,8.787749148938e-02
-1.941739565654e+00,2.272003376975e+00,8.789345438959e-02
-1.941646036051e+00,7.953728155555e+00,8.786868407706e-02
-1.941557911721e+00,4.899489447672e+00,8.789376458855e-02
-1.941395142606e+00,6.664649514420e+00,8.787813926232e-02
-1.941261807171e+00,1.048303956493e+00,8.788941986063e-02
-1.941209351641e+00,1.009277238231e+01,6.041537551614e-02
-1.940998318139e+00,4.010944658720e+00,8.789273645930e-02
-1.940783633083e+00,4.558389136307e+00,8.789259521831e-02
-1.940747341805e+00,2.883853087217e+00,8.788987923981e-02
-1.940666159404e+00,8.389063964492e+00,8.786027323932e-02
-1.940478661000e+00,3.463500181133e+00,8.788954161054e-02
-1.940431570571e+00,1.692356283063e+00,8.788662748426e-02
-1.940238483815e+00,2.304205993303e+00,8.788668249288e-02
-1.940170455765e+00,5.098211607461e+00,8.788573610601e-02
-1.940145824417e+00,4.703569713308e+00,8.788909085598e-02
-1.939969522215e+00,6.063255444438e+00,8.787677950882e-02
-1.939909679723e+00,5.796136053816e+00,8.787868862620e-02
-1.939888973238e+00,9.390594598964e+00,8.087751660616e-02
-1.939805807264e+00,7.737420791054e+00,8.786190528569e-02
-1.939803921932e+00,1.080506572821e+00,8.788283886677e-02
-1.939432441400e+00,4.043147275049e+00,8.788566886092e-02
-1.939224661666e+00,2.916055703545e+00,8.788300402066e-02
-1.939196158045e+00,4.590591752636e+00,8.788542917525e-02
-1.939062238795e+00,6.816936068532e+00,8.786621576144e-02
-1.938952087032e+00,1.724558899391e+00,8.787994432077e-02
-1.938934382561e+00,3.495702797461e+00,8.788256761333e-02
-1.938737401976e+00,2.336408609632e+00,8.787990105587e-02
-1.938649385525e+00,8.857892139976e+00,8.580490677946e-02
-1.938346036693e+00,1.112709189150e+00,8.787624886686e-02
-1.937866564662e+00,4.075349891377e+00,8.787859087131e-02
-1.937832916252e+00,8.608038564656e+00,8.723155144824e-02
-1.937773930514e+00,9.836850580524e+00,7.188872735193e-02
-1.937701981527e+00,2.948258319874e+00,8.787611897140e-02
-1.937670028214e+00,9.108693670114e+00,8.391011448098e-02
-1.937476443173e+00,7.337180212554e+00,8.785459372857e-02
-1.937472603493e+00,1.756761515720e+00,8.787325187202e-02
-1.937390104122e+00,3.527905413790e+00,8.787558350177e-02
-1.937368738194e+00,1.032442027994e+01,3.574246382157e-02
-1.937348528478e+00,4.984513356575e+00,8.787409057168e-02
-1.937236320137e+00,2.368611225960e+00,8.787311005837e-02
-1.937232011564e+00,4.787281397963e+00,8.787506349797e-02
-1.937214845757e+00,7.153140418122e+00,8.785512610897e-02
-1.937063606748e+00,9.605681658835e+00,7.749720967893e-02
-1.936952448318e+00,5.914939680682e+00,8.786436244371e-02
-1.936888151454e+00,1.144911805478e+00,8.786964984242e-02
-1.936422376034e+00,5.415511996621e+00,8.786598157897e-02
-1.936421170197e+00,7.522056278564e+00,8.784815053100e-02
-1.936388149103e+00,8.141125083193e+00,8.784292981825e-02
-1.936300687924e+00,4.107552507706e+00,8.787150246756e-02
-1.936270108324e+00,1.006825499940e+01,6.199948153044e-02
-1.936210724415e+00,6.333344752905e+00,8.785734367658e-02
-1.936179301388e+00,2.980460936203e+00,8.786922407095e-02
-1.936139697978e+00,6.484013453012e+00,8.785589897825e-02
-1.936074735146e+00,5.532122251344e+00,8.786358522412e-02
-1.935993119953e+00,1.788964132048e+00,8.786655011866e-02
-1.935991001876e+00,7.923976732491e+00,8.784298294058e-02
-1.935944683347e+00,5.299632387672e+00,8.786490794836e-02
-1.935845825684e+00,3.560108030119e+00,8.786858925386e-02
-1.935735238299e+00,2.400813842289e+00,8.786630948015e-02
-1.935642567305e+00,6.969959825868e+00,8.784938580313e-02
-1.935430266214e+00,1.177114421807e+00,8.786304177490e-02
-1.935227763260e+00,8.359163799245e+00,8.783562657790e-02
-1.935212043246e+00,6.183471502314e+00,8.785395260450e-02
-1.934993288749e+00,6.635458642738e+00,8.784916752061e-02
-1.934896617682e+00,5.649448179521e+00,8.785713200982e-02
-1.934887893022e+00,9.360412254875e+00,8.127956683701e-02
-1.934734811185e+00,4.139755124035e+00,8.786440362665e-02
-1.934656621250e+00,3.012663552531e+00,8.786231929815e-02
-1.934646892903e+00,5.184498364325e+00,8.785991313699e-02
-1.934513636414e+00,1.821166748377e+00,8.785983904128e-02
-1.934301547245e+00,3.592310646447e+00,8.786158484750e-02
-1.934234156460e+00,2.433016458617e+00,8.785949930094e-02
-1.934042979834e+00,7.707745646691e+00,8.783570637220e-02
-1.933972380975e+00,1.209317038136e+00,8.785642464568e-02
-1.933722296737e+00,4.871604077494e+00,8.785824542915e-02
-1.933428989890e+00,8.827848330229e+00,8.600551710962e-02
-1.933168934447e+00,4.171957740363e+00,8.785729432554e-02
-1.933149447199e+00,6.034412624960e+00,8.784591992619e-02
-1.933133941111e+00,3.044866168860e+00,8.785540463177e-02
-1.933034152875e+00,1.853369364705e+00,8.785311862040e-02
-1.932882973657e+00,5.767474776875e+00,8.784680548500e-02
-1.932765939257e+00,6.787661326708e+00,8.783761102679e-02
-1.932757268807e+00,3.624513262776e+00,8.785457026056e-02
-1.932733074621e+00,2.465219074946e+00,8.785267950039e-02
-1.932714433433e+00,9.812357901745e+00,7.266059039292e-02
-1.932559128902e+00,9.078579953664e+00,8.418080841330e-02
-1.932549868912e+00,1.029987878195e+01,3.997585124916e-02
-1.932534333166e+00,5.070124833366e+00,8.785114044831e-02
-1.932514495736e+00,1.241519654464e+00,8.784979843613e-02
-1.932503353024e+00,8.578065939159e+00,8.738653318057e-02
-1.932112617006e+00,4.675890669734e+00,8.785258458698e-02
-1.931883979052e+00,9.581214272649e+00,7.797370596878e-02
-1.931611260972e+00,3.077068785189e+00,8.784848005055e-02
-1.931603057708e+00,4.204160356692e+00,8.785017454107e-02
-1.931554669336e+00,1.885571981034e+00,8.784638883649e-02
-1.931499110355e+00,7.307661432535e+00,8.782744701430e-02
-1.931330865006e+00,1.004373761649e+01,6.345511705700e-02
-1.931231992782e+00,2.497421691274e+00,8.784585005809e-02
-1.931212990368e+00,3.656715879105e+00,8.784754547082e-02
-1.931130812622e+00,7.123701720350e+00,8.782753645854e-02
-1.931056610497e+00,1.273722270792e+00,8.784316312755e-02
-1.930841260666e+00,8.111298652624e+00,8.781773160803e-02
-1.930550907915e+00,7.492458682445e+00,8.782142366738e-02
-1.930335967701e+00,7.894225309426e+00,8.781715513798e-02
-1.930088580833e+00,3.109271401517e+00,8.784154553314e-02
-1.930075185797e+00,1.917774597362e+00,8.783964967000e-02
-1.930037180970e+00,4.236362973020e+00,8.784304425007e-02
-1.930028846288e+00,5.886187007718e+00,8.783279320227e-02
-1.929886812807e+00,9.330229910786e+00,8.166287696058e-02
-1.929789367117e+00,8.329263633998e+00,8.781086354604e-02
-1.929730910943e+00,2.529624307603e+00,8.783901095360e-02
-1.929668711929e+00,3.688918495433e+00,8.784051045602e-02
-1.929632683556e+00,6.454907710497e+00,8.782629197541e-02
-1.929612425059e+00,4.956526667999e+00,8.783889940379e-02
-1.929598949043e+00,6.304325396735e+00,8.782719703740e-02
-1.929598725258e+00,1.305924887121e+00,8.783651870118e-02
-1.929452209967e+00,6.940602474749e+00,8.782113076952e-02
-1.929297360005e+00,4.759498576861e+00,8.783910135041e-02
-1.929088953862e+00,5.387132384838e+00,8.783262035441e-02
-1.928843113205e+00,5.503647507020e+00,8.783058618949e-02
-1.928595702258e+00,1.949977213691e+00,8.783290110128e-02
-1.928591434893e+00,6.606267771055e+00,8.782003887723e-02
-1.928565900695e+00,3.141474017846e+00,8.783460105817e-02
-1.928509907136e+00,5.271349149840e+00,8.783117518824e-02
-1.928495912394e+00,6.154539787791e+00,8.782337060993e-02
-1.928471304231e+00,4.268565589349e+00,8.783590342924e-02
-1.928280152404e+00,7.678070502328e+00,8.780937654361e-02
-1.928229829104e+00,2.561826923931e+00,8.783216216639e-02
-1.928208594255e+00,8.797804520482e+00,8.619941479626e-02
-1.928140840018e+00,1.338127503449e+00,8.782986513823e-02
-1.928124433491e+00,3.721121111762e+00,8.783346519382e-02
-1.927767236377e+00,5.620879546131e+00,8.782473512836e-02
-1.927730999631e+00,1.027533728396e+01,4.367018183613e-02
-1.927654936353e+00,9.787865222965e+00,7.338778385153e-02
-1.927448229590e+00,9.048466237214e+00,8.444101822878e-02
-1.927173789795e+00,8.548093313661e+00,8.753693041553e-02
-1.927116218719e+00,1.982179830019e+00,8.782614311065e-02
-1.927111214627e+00,5.156312739763e+00,8.782550989293e-02
-1.927043220556e+00,3.173676634175e+00,8.782764660416e-02
-1.926905427493e+00,4.300768205678e+00,8.782875205526e-02
-1.926728747265e+00,2.594029540260e+00,8.782530367591e-02
-1.926704351356e+00,9.556746886462e+00,7.842802791560e-02
-1.926682954779e+00,1.370330119778e+00,8.782320241984e-02
-1.926580155052e+00,3.753323728091e+00,8.782640966182e-02
-1.926469639719e+00,6.758386584884e+00,8.780885268222e-02
-1.926391621689e+00,1.001922023357e+01,6.479726775142e-02
-1.926329372183e+00,6.005569805482e+00,8.781488507764e-02
-1.925886681752e+00,4.843718707316e+00,8.782250132574e-02
-1.925856267592e+00,5.738813499935e+00,8.781473577074e-02
-1.925636735180e+00,2.014382446347e+00,8.781937567837e-02
-1.925521777537e+00,7.278142652516e+00,8.780016125042e-02
-1.925520540417e+00,3.205879250504e+00,8.782068214960e-02
-1.925339550755e+00,4.332970822006e+00,8.782159010473e-02
-1.925294372229e+00,8.081472222056e+00,8.779237302612e-02
-1.925227665426e+00,2.626232156588e+00,8.781843546151e-02
-1.925225069540e+00,1.402532736107e+00,8.781653052712e-02
-1.925046779487e+00,7.094263022577e+00,8.779961803727e-02
-1.925035876614e+00,3.785526344419e+00,8.781934383757e-02
-1.924898210567e+00,5.042038059271e+00,8.781633042236e-02
-1.924885732591e+00,9.300047566696e+00,8.202871118642e-02
-1.924680933526e+00,7.864473886361e+00,8.779119983239e-02
-1.924680645634e+00,7.462861086325e+00,8.779456144979e-02
-1.924350970974e+00,8.299363468752e+00,8.778598340727e-02
-1.924157251641e+00,2.046585062676e+00,8.781259878465e-02
-1.924079409595e+00,4.648211626161e+00,8.781584241767e-02
-1.923997860278e+00,3.238081866832e+00,8.781370767291e-02
-1.923773674016e+00,4.365173438335e+00,8.781441755418e-02
-1.923767184301e+00,1.434735352435e+00,8.780984944110e-02
-1.923726583587e+00,2.658434772917e+00,8.781155750251e-02
-1.923491598175e+00,3.817728960748e+00,8.781226769852e-02
-1.923261852629e+00,6.911245123630e+00,8.779272535432e-02
-1.923125669134e+00,6.425801967982e+00,8.779639741582e-02
-1.923105244258e+00,5.857434334753e+00,8.780104007449e-02
-1.922988198620e+00,8.767760710735e+00,8.638692746356e-02
-1.922987173672e+00,6.275306040565e+00,8.779688131504e-02
-1.922912130350e+00,1.025079578598e+01,4.692216768050e-02
-1.922677768102e+00,2.078787679004e+00,8.780581240964e-02
-1.922595439272e+00,9.763372544185e+00,7.407406083275e-02
-1.922517324974e+00,7.648395357965e+00,8.778291493039e-02
-1.922475180140e+00,3.270284483161e+00,8.780672315245e-02
-1.922337330279e+00,9.018352520764e+00,8.469133503593e-02
-1.922309299062e+00,1.466937968764e+00,8.780315914277e-02
-1.922225501749e+00,2.690637389245e+00,8.780466977818e-02
-1.922207797278e+00,4.397376054664e+00,8.780723438006e-02
-1.922189581036e+00,6.577076899373e+00,8.779075225019e-02
-1.921947319737e+00,3.849931577077e+00,8.780518122208e-02
-1.921876321641e+00,4.928539979423e+00,8.780337114127e-02
-1.921844226566e+00,8.518120688164e+00,8.768294237672e-02
-1.921779781543e+00,6.125608073268e+00,8.779261583656e-02
-1.921755531690e+00,5.358752773055e+00,8.779905761356e-02
-1.921611491265e+00,5.475172762695e+00,8.779738843429e-02
-1.921524723660e+00,9.532279500276e+00,7.886143089682e-02
-1.921452378372e+00,9.994702850658e+00,6.603867611249e-02
-1.921362708446e+00,4.731715755759e+00,8.780284005231e-02
-1.921198284563e+00,2.110990295333e+00,8.779901653345e-02
-1.921075130926e+00,5.243065912009e+00,8.779710090394e-02
-1.920952500001e+00,3.302487099489e+00,8.779972856652e-02
-1.920851413822e+00,1.499140585092e+00,8.779645961309e-02
-1.920724419910e+00,2.722840005574e+00,8.779777226770e-02
-1.920641920539e+00,4.429578670992e+00,8.780004055877e-02
-1.920637855072e+00,5.592310912742e+00,8.779214423742e-02
-1.920403041298e+00,3.882134193405e+00,8.779808438561e-02
-1.920173340181e+00,6.729111843060e+00,8.777993966537e-02
-1.919884652376e+00,9.269865222607e+00,8.237822352312e-02
-1.919747483792e+00,8.051645791487e+00,8.776677005374e-02
-1.919718801024e+00,2.143192911661e+00,8.779221113611e-02
-1.919575536350e+00,5.128127115200e+00,8.779089352453e-02
-1.919544444719e+00,7.248623872496e+00,8.777273550816e-02
-1.919509297167e+00,5.976726986004e+00,8.778355067461e-02
-1.919429819862e+00,3.334689715818e+00,8.779272389336e-02
-1.919393528583e+00,1.531343201420e+00,8.778975083295e-02
-1.919223338071e+00,2.755042621902e+00,8.779086495021e-02
-1.919076043801e+00,4.461781287321e+00,8.779283606662e-02
-1.919025899351e+00,7.834722463297e+00,8.776511618103e-02
-1.918962746351e+00,7.064824324804e+00,8.777154808002e-02
-1.918912574831e+00,8.269463303505e+00,8.776098542015e-02
-1.918858762859e+00,3.914336809734e+00,8.779097716637e-02
-1.918829561526e+00,5.710152222995e+00,8.778247814923e-02
-1.918810383352e+00,7.433263490206e+00,8.776756297592e-02
-1.918239317485e+00,2.175395527990e+00,8.778539619762e-02
-1.918093261068e+00,1.022625428799e+01,4.980669210346e-02
-1.918051066767e+00,4.815833337137e+00,8.778653067067e-02
-1.917935643344e+00,1.563545817749e+00,8.778303278317e-02
-1.917907139723e+00,3.366892332147e+00,8.778570911115e-02
-1.917767802985e+00,8.737716900988e+00,8.656836205237e-02
-1.917722256232e+00,2.787245238231e+00,8.778394780481e-02
-1.917535942191e+00,9.738879865406e+00,7.472276565811e-02
-1.917510167063e+00,4.493983903650e+00,8.778562087987e-02
-1.917314484421e+00,3.946539426063e+00,8.778385954158e-02
-1.917262087968e+00,5.013951285176e+00,8.778130450623e-02
-1.917226430967e+00,8.988238804313e+00,8.493230670376e-02
-1.917071495292e+00,6.881887772511e+00,8.776416851637e-02
-1.916759833946e+00,2.207598144318e+00,8.777857169790e-02
-1.916754497544e+00,7.618720213603e+00,8.775632065701e-02
-1.916618654712e+00,6.396696225467e+00,8.776633625031e-02
-1.916514663338e+00,8.488148062667e+00,8.774776754124e-02
-1.916513135055e+00,9.970185467744e+00,6.719024606350e-02
-1.916477758105e+00,1.595748434078e+00,8.777630544455e-02
-1.916384459585e+00,3.399094948475e+00,8.777868419799e-02
-1.916375398300e+00,6.246286684395e+00,8.776639530897e-02
-1.916345095964e+00,9.507812114089e+00,7.927579601304e-02
-1.916221174393e+00,2.819447854559e+00,8.777702081050e-02
-1.916181642228e+00,5.828681661789e+00,8.776910173112e-02
-1.916046202184e+00,4.620532582587e+00,8.777886266202e-02
-1.915944290324e+00,4.526186519978e+00,8.777839497471e-02
-1.915787727179e+00,6.547886027690e+00,8.776130655085e-02
-1.915770205982e+00,3.978742042391e+00,8.777673148838e-02
-1.915280350407e+00,2.239800760647e+00,8.777173761683e-02
-1.915063650692e+00,6.096676358745e+00,8.776168706661e-02
-1.915019872865e+00,1.627951050406e+00,8.776956879783e-02
-1.914883572160e+00,9.239682878517e+00,8.271246944058e-02
-1.914861779446e+00,3.431297564804e+00,8.777164913194e-02
-1.914720092554e+00,2.851650470888e+00,8.777008394626e-02
-1.914656803400e+00,1.093750035002e-01,8.796301689232e-02
-1.914656803400e+00,1.406250045003e-01,8.793477387191e-02
-1.914656803400e+00,1.718750055004e-01,8.790856040307e-02
-1.914656803400e+00,2.031250065004e-01,8.788443118834e-02
-1.914656803400e+00,2.343750075005e-01,8.786243733740e-02
-1.914656803400e+00,2.656250085005e-01,8.784262607469e-02
-1.914656803400e+00,2.968750095005e-01,8.782504046361e-02
-1.914656803400e+00,3.281250105004e-01,8.780971915009e-02
-1.914656803400e+00,3.593750115003e-01,8.779669612859e-02
-1.914656803400e+00,3.906250125002e-01,8.778600053321e-02
-1.914656803400e+00,4.843750155000e-01,8.776809314333e-02
-1.914656803400e+00,7.656250244998e-01,8.776689568029e-02
-1.914656803400e+00,7.968750254998e-01,8.776689568029e-02
-1.914656803400e+00,8.281250264998e-01,8.776689568029e-02
-1.914656803400e+00,9.531250305000e-01,8.776689568029e-02
-1.914656803400e+00,9.843750315000e-01,8.776689568029e-02
-1.914656803400e+00,1.562500050003e-02,8.805932882822e-02
-1.914656803400e+00,7.812500250012e-02,8.799323147438e-02
-1.914656803400e+00,4.218750135002e-01,8.777765645644e-02
-1.914656803400e+00,4.531250145001e-01,8.777168279767e-02
-1.914656803400e+00,5.156250165000e-01,8.776689568029e-02
-1.914656803400e+00,5.781250185000e-01,8.776689568029e-02
-1.914656803400e+00,6.406250204999e-01,8.776689568029e-02
-1.914656803400e+00,6.718750214999e-01,8.776689568029e-02
-1.914656803400e+00,7.343750234999e-01,8.776689568029e-02
-1.914656803400e+00,8.593750274999e-01,8.776689568029e-02
-1.914656803400e+00,9.218750295000e-01,8.776689568029e-02
-1.914656803400e+00,4.687500150008e-02,8.802535665654e-02
-1.914656803400e+00,5.468750175000e-01,8.776689568029e-02
-1.914656803400e+00,6.093750194999e-01,8.776689568029e-02
-1.914656803400e+00,7.031250224999e-01,8.776689568029e-02
-1.914656803400e+00,8.906250285000e-01,8.776689568029e-02
-1.914422109519e+00,5.330373161271e+00,8.776529191337e-02
-1.914379869325e+00,5.446698018371e+00,8.776399051107e-02
-1.914378413586e+00,4.558389136307e+00,8.777115832724e-02
-1.914225927544e+00,4.010944658720e+00,8.776959298384e-02
-1.914200595355e+00,8.021819360918e+00,8.774104204170e-02
-1.914140218223e+00,4.900553290847e+00,8.776761750264e-02
-1.913938659930e+00,1.016101340164e+00,8.776357238030e-02
-1.913877040643e+00,6.699837101235e+00,8.775087090708e-02
-1.913800866868e+00,2.272003376975e+00,8.776489393423e-02
-1.913640354716e+00,5.214782674177e+00,8.776267395479e-02
-1.913567111901e+00,7.219105092477e+00,8.774516885271e-02
-1.913561987626e+00,1.660153666735e+00,8.776282282368e-02
-1.913508473767e+00,5.563742279352e+00,8.775910405395e-02
-1.913474178687e+00,8.239563138258e+00,8.773586883827e-02
-1.913428056887e+00,4.703932934657e+00,8.776609879501e-02
-1.913370865176e+00,7.804971040232e+00,8.773890333526e-02
-1.913339099307e+00,3.463500181133e+00,8.776460389097e-02
-1.913274391787e+00,1.020171279000e+01,5.238263939477e-02
-1.913219010715e+00,2.883853087217e+00,8.776313719098e-02
-1.912940121071e+00,7.403665894086e+00,8.774042733738e-02
-1.912878713216e+00,7.035385627032e+00,8.774332987745e-02
-1.912812536847e+00,4.590591752636e+00,8.776391091351e-02
-1.912689222151e+00,5.947884166526e+00,8.775192046607e-02
-1.912681649105e+00,4.043147275049e+00,8.776244400499e-02
-1.912547407350e+00,8.707673091241e+00,8.674400641671e-02
-1.912515912166e+00,1.045801070795e+01,6.608629207697e-06
-1.912502372991e+00,1.048303956493e+00,8.775691897717e-02
-1.912476445111e+00,9.714387186626e+00,7.533688804932e-02
-1.912321383329e+00,2.304205993303e+00,8.775804062987e-02
-1.912115531656e+00,8.958125087863e+00,8.516444172904e-02
-1.912104102387e+00,1.692356283063e+00,8.775606750272e-02
-1.912039858074e+00,5.099941490638e+00,8.775606248656e-02
-1.911816419169e+00,3.495702797461e+00,8.775754845303e-02
-1.911802855460e+00,5.681490946055e+00,8.775003127942e-02
-1.911717928876e+00,2.916055703545e+00,8.775618052352e-02
-1.911573891737e+00,9.945668084831e+00,6.826136301670e-02
-1.911185100109e+00,8.458175437170e+00,8.772306998486e-02
-1.911165468268e+00,9.483344727903e+00,7.967234051203e-02
-1.911137370667e+00,4.075349891377e+00,8.775528452877e-02
-1.911066086052e+00,1.080506572821e+00,8.775025648770e-02
-1.910991670114e+00,7.589045069240e+00,8.772959284196e-02
-1.910881137954e+00,6.852530421393e+00,8.773545920756e-02
-1.910841899790e+00,2.336408609632e+00,8.775117768346e-02
-1.910646217148e+00,1.724558899391e+00,8.774930281554e-02
-1.910293739030e+00,3.527905413790e+00,8.775048279598e-02
-1.910216847037e+00,2.948258319874e+00,8.774921392265e-02
-1.910215451783e+00,4.787947966959e+00,8.775033185268e-02
-1.910111640290e+00,6.367590482952e+00,8.773610729073e-02
-1.909882491945e+00,9.209500534428e+00,8.303241609566e-02
-1.909763622928e+00,6.217267328225e+00,8.773573781123e-02
-1.909629799112e+00,1.112709189150e+00,8.774358489328e-02
-1.909625965370e+00,4.985864511081e+00,8.774606117364e-02
-1.909593092228e+00,4.107552507706e+00,8.774811453205e-02
-1.909385873323e+00,6.518695156007e+00,8.773161203101e-02
-1.909362416251e+00,2.368611225960e+00,8.774430507465e-02
-1.909258040198e+00,5.799928988824e+00,8.773697683529e-02
-1.909188331909e+00,1.756761515720e+00,8.774252874267e-02
-1.908771058891e+00,3.560108030119e+00,8.774340689760e-02
-1.908715765199e+00,2.980460936203e+00,8.774223736711e-02
-1.908653706919e+00,7.991992930349e+00,8.771518816804e-02
-1.908455522506e+00,1.017717129201e+01,5.469695097237e-02
-1.908347519841e+00,6.067744644221e+00,8.773058307531e-02
-1.908193512173e+00,1.144911805478e+00,8.773690417523e-02
-1.908048813789e+00,4.139755124035e+00,8.774093399165e-02
-1.908035782544e+00,8.209662973012e+00,8.771054987988e-02
-1.907882932711e+00,2.400813842289e+00,8.773742278304e-02
-1.907817534314e+00,1.043344568453e+01,1.009146822381e-02
-1.907730446669e+00,1.788964132048e+00,8.773574526455e-02
-1.907715831001e+00,7.775219617167e+00,8.771256044050e-02
-1.907589779083e+00,7.189586312458e+00,8.771730356946e-02
-1.907580741105e+00,6.670562359411e+00,8.772164533137e-02
-1.907416948030e+00,9.689894507846e+00,7.591910891605e-02
-1.907327011715e+00,8.677629281494e+00,8.691413077569e-02
-1.907248378752e+00,3.592310646447e+00,8.773632073564e-02
-1.907214683360e+00,3.012663552531e+00,8.773525083555e-02
-1.907148247385e+00,5.418223274046e+00,8.773039096526e-02
-1.907088687347e+00,5.301993549488e+00,8.773132180478e-02
-1.907069858789e+00,7.374068297967e+00,8.771315361974e-02
-1.907004632344e+00,8.928011371413e+00,8.538821269788e-02
-1.906794680081e+00,7.005946929259e+00,8.771496240364e-02
-1.906757225234e+00,1.177114421807e+00,8.773021431486e-02
-1.906634648420e+00,9.921150701918e+00,6.926014932597e-02
-1.906504535351e+00,4.171957740363e+00,8.773374288431e-02
-1.906404114805e+00,4.872566602271e+00,8.773163684331e-02
-1.906403449172e+00,2.433016458617e+00,8.773053078817e-02
-1.906379092462e+00,5.535173645962e+00,8.772586512574e-02
-1.906272561430e+00,1.821166748377e+00,8.772895236162e-02
-1.906205578505e+00,5.186499436346e+00,8.772803368709e-02
-1.905985840572e+00,9.458877341716e+00,8.005198409952e-02
-1.905869147135e+00,5.919041347048e+00,8.772010643521e-02
-1.905855536880e+00,8.428202811673e+00,8.769825673034e-02
-1.905725698614e+00,3.624513262776e+00,8.772922428776e-02
-1.905713601521e+00,3.044866168860e+00,8.772825430659e-02
-1.905493405327e+00,4.676150113555e+00,8.772911929114e-02
-1.905320938294e+00,1.209317038136e+00,8.772351529340e-02
-1.905228842685e+00,7.559369924877e+00,8.770273059769e-02
-1.904960256912e+00,4.204160356692e+00,8.772654118671e-02
-1.904923965633e+00,2.465219074946e+00,8.772362906951e-02
-1.904881411729e+00,9.179318190338e+00,8.333895132097e-02
-1.904814676191e+00,1.853369364705e+00,8.772215001424e-02
-1.904776149395e+00,5.652829669115e+00,8.771739381348e-02
-1.904690780616e+00,6.823173070274e+00,8.770659637278e-02
-1.904504179798e+00,5.071755866076e+00,8.772101522806e-02
-1.904212519682e+00,3.077068785189e+00,8.772124775877e-02
-1.904203018475e+00,3.656715879105e+00,8.772211753158e-02
-1.903884651355e+00,1.241519654464e+00,8.771680709202e-02
-1.903636653224e+00,1.015262979402e+01,5.678750708596e-02
-1.903604625868e+00,6.338484740437e+00,8.770570934126e-02
-1.903444482094e+00,2.497421691274e+00,8.771671760650e-02
-1.903415978474e+00,4.236362973020e+00,8.771932887547e-02
-1.903356790952e+00,1.885571981034e+00,8.771533820271e-02
-1.903151847557e+00,6.188247972055e+00,8.770490760653e-02
-1.903119156462e+00,1.040888066111e+01,1.829973888308e-02
-1.903106818482e+00,7.962166499780e+00,8.768920760499e-02
-1.902984019466e+00,6.489504284325e+00,8.770162803552e-02
-1.902711437843e+00,3.109271401517e+00,8.771423117057e-02
-1.902680338336e+00,3.688918495433e+00,8.771500044464e-02
-1.902597386401e+00,8.179762807765e+00,8.768503284938e-02
-1.902448364415e+00,1.273722270792e+00,8.771008969188e-02
-1.902379836798e+00,4.760062596781e+00,8.771390325735e-02
-1.902357450949e+00,9.665401829067e+00,7.647183922743e-02
-1.902334438168e+00,5.771176315860e+00,8.770466404268e-02
-1.902106616080e+00,8.647585471747e+00,8.707898903579e-02
-1.902060796826e+00,7.745468194103e+00,8.768608663623e-02
-1.901989842771e+00,4.957777736986e+00,8.771031154354e-02
-1.901964998555e+00,2.529624307603e+00,8.770979637850e-02
-1.901898905713e+00,1.917774597362e+00,8.770851690728e-02
-1.901893733033e+00,8.897897654963e+00,8.560358716097e-02
-1.901871700035e+00,4.268565589349e+00,8.771210592712e-02
-1.901695405103e+00,9.896633319004e+00,7.019366984964e-02
-1.901631388990e+00,6.038812929698e+00,8.769930263103e-02
-1.901612446265e+00,7.160067532439e+00,8.768926024443e-02
-1.901284441567e+00,6.641287617587e+00,8.769226185544e-02
-1.901210356004e+00,3.141474017846e+00,8.770720452041e-02
-1.901199596508e+00,7.344470701847e+00,8.768574090250e-02
-1.901157658197e+00,3.721121111762e+00,8.770787300443e-02
-1.901012077476e+00,1.305924887121e+00,8.770336307405e-02
-1.900950554568e+00,9.431518803036e+00,8.045544791579e-02
-1.900710646946e+00,6.976508231487e+00,8.768644462561e-02
-1.900525973651e+00,8.398230186175e+00,8.767332704965e-02
-1.900485515016e+00,2.561826923931e+00,8.770286536483e-02
-1.900441020473e+00,1.949977213691e+00,8.770168610817e-02
-1.900327421597e+00,4.300768205678e+00,8.770487231813e-02
-1.899916625445e+00,5.389748529722e+00,8.769658833530e-02
-1.899880331514e+00,9.149135846249e+00,8.363289154615e-02
-1.899755265176e+00,5.273613937705e+00,8.769711592597e-02
-1.899709274165e+00,3.173676634175e+00,8.770016778667e-02
-1.899634978059e+00,3.753323728091e+00,8.770073518834e-02
-1.899575790537e+00,1.338127503449e+00,8.769662721957e-02
-1.899466015255e+00,7.529694780514e+00,8.767573303063e-02
-1.899249711157e+00,5.506605012573e+00,8.769242599056e-02
-1.899049072119e+00,5.890198527570e+00,8.768810724503e-02
-1.899006031477e+00,2.594029540260e+00,8.769592454473e-02
-1.898983135234e+00,1.982179830019e+00,8.769484578550e-02
-1.898817783943e+00,1.012808829603e+01,5.868521253924e-02
-1.898783143158e+00,4.332970822006e+00,8.769762802491e-02
-1.898770802295e+00,5.158216198515e+00,8.769317853085e-02
-1.898668011387e+00,4.844579913696e+00,8.769542751364e-02
-1.898500423278e+00,6.793815719155e+00,8.767757894998e-02
-1.898420778611e+00,1.038431563768e+01,2.510678648508e-02
-1.898208192326e+00,3.205879250504e+00,8.769312094763e-02
-1.898139503597e+00,1.370330119778e+00,8.768988210941e-02
-1.898112297920e+00,3.785526344419e+00,8.769358697373e-02
-1.897749443329e+00,5.624168392175e+00,8.768456439695e-02
-1.897559930045e+00,7.932340069211e+00,8.766309951892e-02
-1.897558753769e+00,4.648367292453e+00,8.769189980364e-02
-1.897526547938e+00,2.626232156588e+00,8.768897389741e-02
-1.897525249995e+00,2.014382446347e+00,8.768799591937e-02
-1.897297953869e+00,9.640909150287e+00,7.699725315631e-02
-1.897238864719e+00,4.365173438335e+00,8.769037302380e-02
-1.897158990257e+00,8.149862642518e+00,8.765939235478e-02
-1.897097611446e+00,6.309378997922e+00,8.767514119838e-02
-1.896968501521e+00,5.043570241514e+00,8.768575019254e-02
-1.896886220445e+00,8.617541662000e+00,8.723881999688e-02
-1.896782833721e+00,8.867783938512e+00,8.581139179248e-02
-1.896756161785e+00,9.872115936091e+00,7.106809863239e-02
-1.896707110487e+00,3.238081866832e+00,8.768606398155e-02
-1.896703216658e+00,1.402532736107e+00,8.768312772452e-02
-1.896589617781e+00,3.817728960748e+00,8.768642833789e-02
-1.896582165609e+00,6.460313412642e+00,8.767147753688e-02
-1.896540072185e+00,6.159228615886e+00,8.767390347226e-02
-1.896405762651e+00,7.715716771038e+00,8.765948105598e-02
-1.896067364756e+00,2.046585062676e+00,8.768113648982e-02
-1.896059610258e+00,9.401269111862e+00,8.087849326694e-02
-1.896047064399e+00,2.658434772917e+00,8.768201340199e-02
-1.895694586281e+00,4.397376054664e+00,8.768310729105e-02
-1.895635113448e+00,7.130548752420e+00,8.766106975846e-02
-1.895410836138e+00,5.742423642895e+00,8.767216200157e-02
-1.895329334226e+00,7.314873105728e+00,8.765818825909e-02
-1.895266929719e+00,1.434735352435e+00,8.767636404576e-02
-1.895206028648e+00,3.270284483161e+00,8.767899686659e-02
-1.895196410423e+00,8.368257560678e+00,8.764827366098e-02
-1.895066937642e+00,3.849931577077e+00,8.767925925804e-02
-1.894988142028e+00,6.612012875762e+00,8.766271938967e-02
-1.894915258138e+00,6.009881215175e+00,8.766761973757e-02
-1.894879251298e+00,9.118953502159e+00,8.391498879554e-02
-1.894626613811e+00,6.947069533714e+00,8.765777550334e-02
-1.894609479517e+00,2.078787679004e+00,8.767426747683e-02
-1.894567580860e+00,2.690637389245e+00,8.767504303757e-02
-1.894544221813e+00,4.732177226602e+00,8.767713557064e-02
-1.894353720172e+00,4.929690962891e+00,8.767431884917e-02
-1.894150307842e+00,4.429578670992e+00,8.767583080289e-02
-1.893998914661e+00,1.010354679804e+01,6.041553165126e-02
-1.893830642779e+00,1.466937968764e+00,8.766959105397e-02
-1.893722400759e+00,1.035975061426e+01,3.084304319194e-02
-1.893704946809e+00,3.302487099489e+00,8.767191958088e-02
-1.893703187825e+00,7.500019636152e+00,8.764859924114e-02
-1.893544257504e+00,3.882134193405e+00,8.767207971133e-02
-1.893151594277e+00,2.110990295333e+00,8.766738886033e-02
-1.893088097321e+00,2.722840005574e+00,8.766806278315e-02
-1.892685003505e+00,5.361273785397e+00,8.766258115286e-02
-1.892606029404e+00,4.461781287321e+00,8.766854353541e-02
-1.892421843004e+00,5.245234325922e+00,8.766244811805e-02
-1.892394355840e+00,1.499140585092e+00,8.766280872992e-02
-1.892310065941e+00,6.764458368036e+00,8.764840587016e-02
-1.892238456788e+00,9.616416471508e+00,7.749731645697e-02
-1.892228997102e+00,5.861355708092e+00,8.765592155055e-02
-1.892203864971e+00,3.334689715818e+00,8.766483210246e-02
-1.892120329852e+00,5.478036379183e+00,8.765878517837e-02
-1.892021577365e+00,3.914336809734e+00,8.766488967484e-02
-1.892013041608e+00,7.902513638642e+00,8.763686307037e-02
-1.891816918468e+00,9.847598553178e+00,7.188885502385e-02
-1.891720594114e+00,8.119962477271e+00,8.763362758903e-02
-1.891693709038e+00,2.143192911661e+00,8.766050062017e-02
-1.891671934410e+00,8.837670222062e+00,8.601212053850e-02
-1.891665824810e+00,8.587497852254e+00,8.739384845333e-02
-1.891608613782e+00,2.755042621902e+00,8.766107261770e-02
-1.891336026084e+00,5.129932960683e+00,8.765810690925e-02
-1.891168665947e+00,9.371019420688e+00,8.128115667550e-02
-1.891061750965e+00,4.493983903650e+00,8.766124546470e-02
-1.890958068900e+00,1.531343201420e+00,8.765601705433e-02
-1.890931907969e+00,4.816593225120e+00,8.765898785926e-02
-1.890750728476e+00,7.685965347973e+00,8.763274282725e-02
-1.890722737263e+00,5.595507115235e+00,8.765128309248e-02
-1.890702783132e+00,3.366892332147e+00,8.765773440934e-02
-1.890590597024e+00,6.280273255407e+00,8.764440165095e-02
-1.890498897226e+00,3.946539426063e+00,8.765768912561e-02
-1.890235823799e+00,2.175395527990e+00,8.765360273619e-02
-1.890180311753e+00,6.431122540959e+00,8.764115934532e-02
-1.890129130243e+00,2.787245238231e+00,8.765407252012e-02
-1.889928296814e+00,6.130209259716e+00,8.764272417852e-02
-1.889878171083e+00,9.088771158070e+00,8.418593688400e-02
-1.889866847194e+00,8.338284935181e+00,8.762295129622e-02
-1.889657780630e+00,7.101029972401e+00,8.763273109445e-02
-1.889624102209e+00,4.620584471351e+00,8.765443859180e-02
-1.889521781961e+00,1.563545817749e+00,8.764921600788e-02
-1.889517472527e+00,4.526186519978e+00,8.765393656673e-02
-1.889459071945e+00,7.285275509608e+00,8.763033883689e-02
-1.889432823245e+00,5.015384616952e+00,8.765026581829e-02
-1.889201701293e+00,3.399094948475e+00,8.765062647943e-02
-1.889180045380e+00,1.007900530005e+01,6.199963497851e-02
-1.889024022907e+00,1.033518559084e+01,3.574261823090e-02
-1.888976217087e+00,3.978742042391e+00,8.765047804058e-02
-1.888777938560e+00,2.207598144318e+00,8.764669518814e-02
-1.888691842490e+00,6.582738133938e+00,8.763290972568e-02
-1.888649646704e+00,2.819447854559e+00,8.764706246926e-02
-1.888542580676e+00,6.917630835941e+00,8.762895398976e-02
-1.888487234108e+00,5.713670969931e+00,8.763946935291e-02
-1.888199127287e+00,5.980949500652e+00,8.763573877532e-02
-1.888085495022e+00,1.595748434078e+00,8.764240557117e-02
-1.887973194088e+00,4.558389136307e+00,8.764661681742e-02
-1.887940360395e+00,7.470344491789e+00,8.762132832349e-02
-1.887700619454e+00,3.431297564804e+00,8.764350829061e-02
-1.887453536949e+00,4.010944658720e+00,8.764325639664e-02
-1.887320053320e+00,2.239800760647e+00,8.763977795571e-02
-1.887178959707e+00,9.591923792728e+00,7.797381085738e-02
-1.887170163165e+00,2.851650470888e+00,8.764004244391e-02
-1.886877675151e+00,9.823081170265e+00,7.266071557816e-02
-1.886717597573e+00,4.901604188796e+00,8.763809709120e-02
-1.886708606828e+00,4.704291856424e+00,8.763991491641e-02
-1.886649208082e+00,1.627951050406e+00,8.763558572478e-02
-1.886561035098e+00,8.807556505612e+00,8.620612457532e-02
-1.886466153171e+00,7.872687208074e+00,8.761049741395e-02
-1.886445429175e+00,8.557454042507e+00,8.754428620084e-02
-1.886428915649e+00,4.590591752636e+00,8.763928619263e-02
-1.886282197971e+00,8.090062312025e+00,8.760773773939e-02
-1.886277721637e+00,9.340769729515e+00,8.166502042994e-02
-1.886199537615e+00,3.463500181133e+00,8.763637982067e-02
-1.886119708603e+00,6.735101016917e+00,8.761907605731e-02
-1.885930856810e+00,4.043147275049e+00,8.763602417062e-02
-1.885864971770e+00,1.562500050003e-02,8.793568020031e-02
-1.885864971770e+00,1.093750035002e-01,8.783536785090e-02
-1.885864971770e+00,1.406250045003e-01,8.780593469429e-02
-1.885864971770e+00,1.718750055004e-01,8.777860965309e-02
-1.885864971770e+00,2.031250065004e-01,8.775345130448e-02
-1.885864971770e+00,2.343750075005e-01,8.773051441518e-02
-1.885864971770e+00,2.656250085005e-01,8.770984961994e-02
-1.885864971770e+00,2.968750095005e-01,8.769150311779e-02
-1.885864971770e+00,3.281250105004e-01,8.767551638942e-02
-1.885864971770e+00,3.593750115003e-01,8.766192593894e-02
-1.885864971770e+00,3.906250125002e-01,8.765076306316e-02
-1.885864971770e+00,4.843750155000e-01,8.763207076719e-02
-1.885864971770e+00,7.656250244998e-01,8.763082070364e-02
-1.885864971770e+00,7.968750254998e-01,8.763082070364e-02
-1.885864971770e+00,8.281250264998e-01,8.763082070364e-02
-1.885864971770e+00,9.531250305000e-01,8.763082070364e-02
-1.885864971770e+00,9.843750315000e-01,8.763082070364e-02
-1.885864971770e+00,4.687500150008e-02,8.790030717275e-02
-1.885864971770e+00,7.812500250012e-02,8.786684707072e-02
-1.885864971770e+00,4.218750135002e-01,8.764205365126e-02
-1.885864971770e+00,4.531250145001e-01,8.763581801721e-02
-1.885864971770e+00,5.156250165000e-01,8.763082070364e-02
-1.885864971770e+00,5.468750175000e-01,8.763082070364e-02
-1.885864971770e+00,5.781250185000e-01,8.763082070364e-02
-1.885864971770e+00,6.406250204999e-01,8.763082070364e-02
-1.885864971770e+00,6.718750214999e-01,8.763082070364e-02
-1.885864971770e+00,7.343750234998e-01,8.763082070364e-02
-1.885864971770e+00,8.593750274999e-01,8.763082070364e-02
-1.885864971770e+00,9.218750295000e-01,8.763082070364e-02
-1.885864971770e+00,6.093750194999e-01,8.763082070364e-02
-1.885864971770e+00,7.031250224999e-01,8.763082070364e-02
-1.885864971770e+00,8.906250285000e-01,8.763082070364e-02
-1.885862168081e+00,2.272003376975e+00,8.763285101856e-02
-1.885690679626e+00,2.883853087217e+00,8.763301242277e-02
-1.885453381565e+00,5.332799041073e+00,8.762836794294e-02
-1.885408922087e+00,5.832512888614e+00,8.762354799881e-02
-1.885212921143e+00,1.660153666735e+00,8.762875644922e-02
-1.885157627450e+00,1.016101340164e+00,8.762745573802e-02
-1.885095694302e+00,7.656213924909e+00,8.760587107157e-02
-1.885088420832e+00,5.216854714138e+00,8.762756527666e-02
-1.884990948547e+00,5.449467745794e+00,8.762494121143e-02
-1.884877090868e+00,9.058588813980e+00,8.444637691560e-02
-1.884698455776e+00,3.495702797461e+00,8.762924104737e-02
-1.884537283966e+00,8.308312309684e+00,8.759750777747e-02
-1.884408176671e+00,4.075349891377e+00,8.762878133927e-02
-1.884404282842e+00,2.304205993303e+00,8.762591435628e-02
-1.884361176099e+00,1.005446380206e+01,6.345526772787e-02
-1.884325645055e+00,1.031062056741e+01,3.997601220100e-02
-1.884211196087e+00,2.916055703545e+00,8.762597238452e-02
-1.884083582602e+00,6.251167512892e+00,8.761348948018e-02
-1.883901249874e+00,5.101649722851e+00,8.762281723888e-02
-1.883778457896e+00,6.401931669277e+00,8.761067226316e-02
-1.883776634204e+00,1.692356283063e+00,8.762191772494e-02
-1.883742938811e+00,1.048303956493e+00,8.762071892832e-02
-1.883696031198e+00,5.566845838295e+00,8.761779783162e-02
-1.883680447812e+00,7.071511192382e+00,8.760424322825e-02
-1.883588809663e+00,7.255677913488e+00,8.760231274145e-02
-1.883316521442e+00,6.101189903546e+00,8.761136848822e-02
-1.883197373937e+00,3.527905413790e+00,8.762209194836e-02
-1.883195804551e+00,4.788606536544e+00,8.762231622141e-02
-1.882946397603e+00,2.336408609632e+00,8.761896794841e-02
-1.882885496532e+00,4.107552507706e+00,8.762152787928e-02
-1.882731712548e+00,2.948258319874e+00,8.761892230777e-02
-1.882458547540e+00,6.888192138169e+00,8.759997903071e-02
-1.882395542952e+00,6.553463392114e+00,8.760282903503e-02
-1.882340347264e+00,1.724558899391e+00,8.761506953234e-02
-1.882328250171e+00,1.080506572821e+00,8.761397293173e-02
-1.882177532965e+00,7.440669347426e+00,8.759391936588e-02
-1.882119462627e+00,9.567431113948e+00,7.842792976698e-02
-1.881938431833e+00,9.798563787352e+00,7.338790661719e-02
-1.881897144969e+00,4.987198992389e+00,8.761447151216e-02
-1.881696292098e+00,3.560108030119e+00,8.761493250128e-02
-1.881563632078e+00,5.684918296966e+00,8.760658473045e-02
-1.881488512364e+00,2.368611225960e+00,8.761201177440e-02
-1.881482996436e+00,5.952017786128e+00,8.760367273184e-02
-1.881450135786e+00,8.777442789161e+00,8.639373253609e-02
-1.881386777326e+00,9.310520038341e+00,8.203135495539e-02
-1.881362816394e+00,4.139755124035e+00,8.761426376727e-02
-1.881252229009e+00,2.980460936203e+00,8.761186217106e-02
-1.881225033540e+00,8.527410232760e+00,8.757967053335e-02
-1.880919264734e+00,7.842860777505e+00,8.758400169840e-02
-1.880913561532e+00,1.112709189150e+00,8.760721772945e-02
-1.880904060325e+00,1.756761515720e+00,8.760821185180e-02
-1.880843801827e+00,8.060162146778e+00,8.758172198731e-02
-1.880195210259e+00,3.592310646447e+00,8.760776268366e-02
-1.880030627124e+00,2.400813842289e+00,8.760504581371e-02
-1.879929351265e+00,6.705743665798e+00,8.758958842847e-02
-1.879876010652e+00,9.028406469891e+00,8.469690217412e-02
-1.879840136255e+00,4.171957740363e+00,8.760698897979e-02
-1.879772745469e+00,3.012663552531e+00,8.760479195286e-02
-1.879627267203e+00,1.028605554399e+01,4.367034646153e-02
-1.879542306817e+00,1.002992230407e+01,6.479741559971e-02
-1.879498872892e+00,1.144911805478e+00,8.760045330267e-02
-1.879467773385e+00,1.788964132048e+00,8.760134466358e-02
-1.879440660127e+00,7.626462501844e+00,8.757886490441e-02
-1.879207720737e+00,8.278339684187e+00,8.757194231822e-02
-1.879081474974e+00,4.873517414701e+00,8.760164457945e-02
-1.878872991844e+00,4.676406486246e+00,8.760245192920e-02
-1.878694128421e+00,3.624513262776e+00,8.760058247299e-02
-1.878588847070e+00,5.803670069136e+00,8.759098522900e-02
-1.878572741885e+00,2.433016458617e+00,8.759807004567e-02
-1.878317456116e+00,4.204160356692e+00,8.759970349333e-02
-1.878293261930e+00,3.044866168860e+00,8.759771163162e-02
-1.878221759625e+00,5.304324296748e+00,8.759394722407e-02
-1.878084184253e+00,1.177114421807e+00,8.759367963251e-02
-1.878031486446e+00,1.821166748377e+00,8.759446794796e-02
-1.877861567242e+00,5.420899112404e+00,8.759089260446e-02
-1.877754998661e+00,5.188475102355e+00,8.759246580211e-02
-1.877718547382e+00,7.226080317369e+00,8.757414054891e-02
-1.877703114994e+00,7.041992412363e+00,8.757560512859e-02
-1.877576568180e+00,6.222061770377e+00,8.758240345969e-02
-1.877376604039e+00,6.372740797594e+00,8.758001508481e-02
-1.877193046582e+00,3.656715879105e+00,8.759339184669e-02
-1.877114856646e+00,2.465219074946e+00,8.759108444960e-02
-1.877059965546e+00,9.542938435169e+00,7.886133992370e-02
-1.876999188516e+00,9.774046404439e+00,7.407418124643e-02
-1.876813778391e+00,3.077068785189e+00,8.759062118568e-02
-1.876794775978e+00,4.236362973020e+00,8.759240728430e-02
-1.876704746071e+00,6.072170547376e+00,8.757973339482e-02
-1.876669495613e+00,1.209317038136e+00,8.758689670004e-02
-1.876669325132e+00,5.538184561354e+00,8.758411088508e-02
-1.876595199507e+00,1.853369364705e+00,8.758758168511e-02
-1.876495833015e+00,9.280270347166e+00,8.238131973033e-02
-1.876466473663e+00,5.073366485020e+00,8.758730792993e-02
-1.876414705536e+00,7.410994203064e+00,8.756637145039e-02
-1.876374514405e+00,6.858753440397e+00,8.757084956496e-02
-1.876339236475e+00,8.747329072711e+00,8.657525227910e-02
-1.876099243414e+00,6.524188650289e+00,8.757258194581e-02
-1.876004637905e+00,8.497366423013e+00,8.755455348128e-02
-1.875691964743e+00,3.688918495433e+00,8.758619078212e-02
-1.875656971407e+00,2.497421691274e+00,8.758408900475e-02
-1.875459701133e+00,4.760619847968e+00,8.758541093728e-02
-1.875405405684e+00,8.030261981531e+00,8.755557950848e-02
-1.875372376297e+00,7.813034346936e+00,8.755737506648e-02
-1.875334294852e+00,3.109271401517e+00,8.758352059336e-02
-1.875272095839e+00,4.268565589349e+00,8.758510032906e-02
-1.875254806973e+00,1.241519654464e+00,8.758010448627e-02
-1.875158912567e+00,1.885571981034e+00,8.758068585516e-02
-1.874928889351e+00,1.026149052057e+01,4.692233396825e-02
-1.874874930437e+00,8.998224125802e+00,8.493806248189e-02
-1.874766865585e+00,5.923086071605e+00,8.757142025534e-02
-1.874723437536e+00,1.000538080608e+01,6.603882112601e-02
-1.874640030048e+00,5.656165624002e+00,8.757350665417e-02
-1.874361466692e+00,4.959013367827e+00,8.757823488042e-02
-1.874199086168e+00,2.529624307603e+00,8.757708369031e-02
-1.874190882904e+00,3.721121111762e+00,8.757897925657e-02
-1.873878157508e+00,8.248367058690e+00,8.754625412636e-02
-1.873854811313e+00,3.141474017846e+00,8.757640983288e-02
-1.873840118334e+00,1.273722270792e+00,8.757330297218e-02
-1.873785625952e+00,7.596711078779e+00,8.755172343518e-02
-1.873749415700e+00,4.300768205678e+00,8.757778260387e-02
-1.873738993927e+00,6.676386314680e+00,8.755994189375e-02
-1.873722625628e+00,1.917774597362e+00,8.757378043821e-02
-1.872741200929e+00,2.561826923931e+00,8.757006848540e-02
-1.872689801065e+00,3.753323728091e+00,8.757175724726e-02
-1.872425429694e+00,1.305924887121e+00,8.756649213868e-02
-1.872375327774e+00,3.173676634175e+00,8.756928888244e-02
-1.872286338689e+00,1.949977213691e+00,8.756686541427e-02
-1.872226735561e+00,4.332970822006e+00,8.757045408496e-02
-1.872059945199e+00,9.749529021525e+00,7.472288378723e-02
-1.872000468465e+00,9.518445756389e+00,7.927571168850e-02
-1.871848285100e+00,7.196482721249e+00,8.754582125155e-02
-1.871768772054e+00,5.774827249658e+00,8.755823187246e-02
-1.871725782176e+00,7.012473632344e+00,8.754681575703e-02
-1.871604888705e+00,9.250020655993e+00,8.271597505112e-02
-1.871445352376e+00,4.845430640607e+00,8.756495961793e-02
-1.871283315689e+00,2.594029540260e+00,8.756304336911e-02
-1.871228337163e+00,8.717215356260e+00,8.675097249365e-02
-1.871188719226e+00,3.785526344419e+00,8.756452473135e-02
-1.871069553758e+00,6.192956027862e+00,8.755114235551e-02
-1.871037376859e+00,4.648521116068e+00,8.756474481769e-02
-1.871010741055e+00,1.338127503449e+00,8.755967196663e-02
-1.870990137685e+00,5.275849552424e+00,8.755910393569e-02
-1.870974750183e+00,6.343549925912e+00,8.754918659681e-02
-1.870895844235e+00,3.205879250504e+00,8.756215772014e-02
-1.870850051749e+00,1.982179830019e+00,8.755994076332e-02
-1.870784242270e+00,8.467322613266e+00,8.752929052005e-02
-1.870732185937e+00,5.392330479014e+00,8.755663786470e-02
-1.870704055423e+00,4.365173438335e+00,8.756311474846e-02
-1.870651878106e+00,7.381319058701e+00,8.753849886505e-02
-1.870421576489e+00,5.160095490572e+00,8.755714808712e-02
-1.870290481270e+00,6.829314742624e+00,8.754156452420e-02
-1.870230511500e+00,1.023692549714e+01,4.980685863340e-02
-1.870092970699e+00,6.043151191207e+00,8.754777911204e-02
-1.869967009541e+00,8.000361816285e+00,8.752930947276e-02
-1.869904568255e+00,9.980839308094e+00,6.719038825455e-02
-1.869873850221e+00,8.968041781712e+00,8.517036809285e-02
-1.869825487860e+00,7.783207916367e+00,8.753061665500e-02
-1.869825430450e+00,2.626232156588e+00,8.755600832045e-02
-1.869802943875e+00,6.494913908465e+00,8.754216726735e-02
-1.869687637387e+00,3.817728960748e+00,8.755728168594e-02
-1.869642619066e+00,5.509523284414e+00,8.755022076103e-02
-1.869596052415e+00,1.370330119778e+00,8.755284243686e-02
-1.869416360696e+00,3.238081866832e+00,8.755501632405e-02
-1.869413764810e+00,2.014382446347e+00,8.755300646527e-02
-1.869181375284e+00,4.397376054664e+00,8.755576457044e-02
-1.869031697453e+00,5.045083247188e+00,8.755157738645e-02
-1.868548594280e+00,8.218394433192e+00,8.752044240409e-02
-1.868367545211e+00,2.658434772917e+00,8.754896331839e-02
-1.868186555548e+00,3.849931577077e+00,8.755002808806e-02
-1.868181363776e+00,1.402532736107e+00,8.754600353012e-02
-1.868130591777e+00,7.566959655715e+00,8.752444576723e-02
-1.868050734734e+00,5.894154357082e+00,8.753897998569e-02
-1.867977477871e+00,2.046585062676e+00,8.754606250000e-02
-1.867936877157e+00,3.270284483161e+00,8.754786467214e-02
-1.867723597715e+00,4.732633159392e+00,8.754812413597e-02
-1.867716428018e+00,5.627412951038e+00,8.753996995598e-02
-1.867658695145e+00,4.429578670992e+00,8.754840352691e-02
-1.867548636589e+00,6.647028963561e+00,8.752998775167e-02
-1.867120701882e+00,9.725011638612e+00,7.533700396059e-02
-1.866940971384e+00,9.493953077609e+00,7.967226235616e-02
-1.866909659972e+00,2.690637389245e+00,8.754190834180e-02
-1.866825788416e+00,4.930827743265e+00,8.754176717337e-02
-1.866766675136e+00,1.434735352435e+00,8.753915522712e-02
-1.866713944394e+00,9.219770964818e+00,8.303629234402e-02
-1.866685473709e+00,3.882134193405e+00,8.754276391467e-02
-1.866541190931e+00,2.078787679004e+00,8.753910884729e-02
-1.866457393618e+00,3.302487099489e+00,8.754070274237e-02
-1.866136015006e+00,4.461781287321e+00,8.754103159380e-02
-1.866117437851e+00,8.687101639810e+00,8.692116416022e-02
-1.865978022819e+00,7.166885125130e+00,8.751735383453e-02
-1.865748449358e+00,6.982954852325e+00,8.751787406804e-02
-1.865563846635e+00,8.437278803519e+00,8.750390786107e-02
-1.865532133648e+00,1.021236047372e+01,5.238280516083e-02
-1.865451774732e+00,2.722840005574e+00,8.753484336955e-02
-1.865351986497e+00,1.466937968764e+00,8.753229750851e-02
-1.865184391870e+00,3.914336809734e+00,8.753548914267e-02
-1.865104903992e+00,2.110990295333e+00,8.753214548692e-02
-1.865085698973e+00,9.956297810105e+00,6.826150241552e-02
-1.864977910079e+00,3.334689715818e+00,8.753353051259e-02
-1.864948697038e+00,5.745984430180e+00,8.752528655283e-02
-1.864889050676e+00,7.351643914338e+00,8.751048028424e-02
-1.864872770006e+00,8.937859437623e+00,8.539429317653e-02
-1.864613334868e+00,4.493983903650e+00,8.753364874697e-02
-1.864572896326e+00,6.314359054229e+00,8.751818557781e-02
-1.864562539336e+00,6.163850285347e+00,8.751970492615e-02
-1.864528613398e+00,7.970461651038e+00,8.750291104414e-02
-1.864278599423e+00,7.753381485798e+00,8.750372559475e-02
-1.864206448135e+00,6.799876044852e+00,8.751212283303e-02
-1.863993889493e+00,2.755042621902e+00,8.752776838040e-02
-1.863937297857e+00,1.499140585092e+00,8.752543035492e-02
-1.863809229777e+00,4.817343866512e+00,8.752804050508e-02
-1.863758515745e+00,5.247374808100e+00,8.752397265861e-02
-1.863683310032e+00,3.946539426063e+00,8.752820374888e-02
-1.863668617052e+00,2.143192911661e+00,8.752517239856e-02
-1.863602804632e+00,5.363761845625e+00,8.752217549213e-02
-1.863518314189e+00,1.046866431863e+01,6.608629198756e-06
-1.863506644337e+00,6.465639166641e+00,8.751158380091e-02
-1.863498426540e+00,3.366892332147e+00,8.752634796061e-02
-1.863481195327e+00,6.014131835037e+00,8.751563984385e-02
-1.863219031051e+00,8.188421807695e+00,8.749450634798e-02
-1.863201761874e+00,4.620635745889e+00,8.752679178584e-02
-1.863090654729e+00,4.526186519978e+00,8.752625496220e-02
-1.863088154317e+00,5.131715878789e+00,8.752161051694e-02
-1.862615913001e+00,5.480862007474e+00,8.751612595939e-02
-1.862536004254e+00,2.787245238231e+00,8.752068335308e-02
-1.862522609218e+00,1.531343201420e+00,8.751855374687e-02
-1.862475557602e+00,7.537208232650e+00,8.749703099778e-02
-1.862232330113e+00,2.175395527990e+00,8.751818956185e-02
-1.862182228193e+00,3.978742042391e+00,8.752090771008e-02
-1.862181458565e+00,9.700494255699e+00,7.591922267507e-02
-1.862018943001e+00,3.399094948475e+00,8.751915506418e-02
-1.861881474304e+00,9.469460398829e+00,8.005191167170e-02
-1.861823000084e+00,9.189521273644e+00,8.334316322731e-02
-1.861596921242e+00,5.016800009357e+00,8.751562400659e-02
-1.861567974590e+00,4.558389136307e+00,8.751885021523e-02
-1.861358279252e+00,6.617671612442e+00,8.749980275918e-02
-1.861334603882e+00,5.865222642559e+00,8.750635055440e-02
-1.861107920578e+00,1.563545817749e+00,8.751166766489e-02
-1.861078119015e+00,2.819447854559e+00,8.751358826626e-02
-1.861006538540e+00,8.656987923360e+00,8.708608188020e-02
-1.860833755796e+00,1.018779545030e+01,5.469711526273e-02
-1.860796043174e+00,2.207598144318e+00,8.751119695639e-02
-1.860792825987e+00,5.598660278073e+00,8.750623160331e-02
-1.860681146354e+00,4.010944658720e+00,8.751360100295e-02
-1.860539459462e+00,3.431297564804e+00,8.751195180097e-02
-1.860343451000e+00,8.407234993772e+00,8.747840473256e-02
-1.860266829692e+00,9.931756312115e+00,6.926028597585e-02
-1.860107760537e+00,7.137287529010e+00,8.748873727585e-02
-1.860045294451e+00,4.590591752636e+00,8.751143448170e-02
-1.859987494297e+00,4.704646470816e+00,8.751041356988e-02
-1.859871689790e+00,8.907677093534e+00,8.560983371882e-02
-1.859771116540e+00,6.953436072306e+00,8.748877900887e-02
-1.859693231939e+00,1.595748434078e+00,8.750477208940e-02
-1.859620233776e+00,2.851650470888e+00,8.750648309854e-02
-1.859359756234e+00,2.239800760647e+00,8.750419456170e-02
-1.859290110140e+00,4.902642118703e+00,8.750506666179e-02
-1.859180064515e+00,4.043147275049e+00,8.750628360413e-02
-1.859126223246e+00,7.321968769976e+00,8.748231664716e-02
-1.859090217254e+00,7.940561485791e+00,8.747638338074e-02
-1.859059975923e+00,3.463500181133e+00,8.750473814859e-02
-1.858940542276e+00,1.044407635999e+01,1.009153028209e-02
-1.858731710986e+00,7.723555055229e+00,8.747670101054e-02
-1.858278543299e+00,1.627951050406e+00,8.749786700080e-02
-1.858171042469e+00,6.285168182547e+00,8.748701079860e-02
-1.858162348536e+00,2.883853087217e+00,8.749936782845e-02
-1.858128622022e+00,5.717141610702e+00,8.749214788609e-02
-1.858122415000e+00,6.770437347080e+00,8.748252340893e-02
-1.858055524914e+00,6.134744542832e+00,8.748808992262e-02
-1.857923469295e+00,2.272003376975e+00,8.749718235724e-02
-1.857889467822e+00,8.158449182198e+00,8.746844514883e-02
-1.857678982676e+00,4.075349891377e+00,8.749895549018e-02
-1.857580492384e+00,3.495702797461e+00,8.749751408461e-02
-1.857242215247e+00,9.675976872786e+00,7.647195089842e-02
-1.857210344799e+00,6.436364424816e+00,8.748083033963e-02
-1.857073140140e+00,1.562500050003e-02,8.780888629953e-02
-1.857073140140e+00,4.687500150008e-02,8.777203574577e-02
-1.857073140140e+00,7.812500250012e-02,8.773716692262e-02
-1.857073140140e+00,1.406250045003e-01,8.767366218140e-02
-1.857073140140e+00,1.718750055004e-01,8.764516246576e-02
-1.857073140140e+00,2.031250065004e-01,8.761891611875e-02
-1.857073140140e+00,2.343750075005e-01,8.759498187831e-02
-1.857073140140e+00,5.156250165000e-01,8.749089275577e-02
-1.857073140140e+00,5.468750175000e-01,8.749089275577e-02
-1.857073140140e+00,1.093750035002e-01,8.770435248512e-02
-1.857073140140e+00,2.656250085005e-01,8.757341408583e-02
-1.857073140140e+00,2.968750095005e-01,8.755426235129e-02
-1.857073140140e+00,3.281250105004e-01,8.753757124127e-02
-1.857073140140e+00,3.593750115003e-01,8.752337999361e-02
-1.857073140140e+00,3.906250125002e-01,8.751172226227e-02
-1.857073140140e+00,4.218750135002e-01,8.750262589553e-02
-1.857073140140e+00,4.531250145001e-01,8.749611275042e-02
-1.857073140140e+00,4.843750155000e-01,8.749219854575e-02
-1.857073140140e+00,5.781250185000e-01,8.749089275577e-02
-1.857073140140e+00,6.093750194999e-01,8.749089275577e-02
-1.857073140140e+00,6.406250204999e-01,8.749089275577e-02
-1.857073140140e+00,6.718750214999e-01,8.749089275577e-02
-1.857073140140e+00,7.031250224999e-01,8.749089275577e-02
-1.857073140140e+00,7.343750234998e-01,8.749089275577e-02
-1.857073140140e+00,7.656250244998e-01,8.749089275577e-02
-1.857073140140e+00,7.968750254998e-01,8.749089275577e-02
-1.857073140140e+00,8.281250264998e-01,8.749089275577e-02
-1.857073140140e+00,8.593750274999e-01,8.749089275577e-02
-1.857073140140e+00,8.906250285000e-01,8.749089275577e-02
-1.857073140140e+00,9.218750295000e-01,8.749089275577e-02
-1.857073140140e+00,9.531250305000e-01,8.749089275577e-02
-1.857073140140e+00,9.843750315000e-01,8.749089275577e-02
-1.856961476980e+00,9.442056181319e+00,8.045573958874e-02
-1.856932055773e+00,9.159271582470e+00,8.363740749525e-02
-1.856869419956e+00,5.985112478867e+00,8.748331423295e-02
-1.856863854660e+00,1.660153666735e+00,8.749095237945e-02
-1.856820523427e+00,7.507456809586e+00,8.746941947333e-02
-1.856704463297e+00,2.916055703545e+00,8.749224243447e-02
-1.856526893805e+00,5.218900063775e+00,8.748862302121e-02
-1.856487182356e+00,2.304205993303e+00,8.749016032243e-02
-1.856473423326e+00,5.335193212235e+00,8.748750397961e-02
-1.856376594970e+00,1.016101340164e+00,8.748748508618e-02
-1.856177900837e+00,4.107552507706e+00,8.749161663760e-02
-1.856173107178e+00,4.789257092417e+00,8.749088553415e-02
-1.856135377944e+00,1.016323042687e+01,5.678766940024e-02
-1.856101008845e+00,3.527905413790e+00,8.749027958650e-02
-1.855895639228e+00,8.626874206909e+00,8.724596508831e-02
-1.855754732146e+00,5.103336267006e+00,8.748585146960e-02
-1.855589206935e+00,5.452200730534e+00,8.748182497194e-02
-1.855449166020e+00,1.692356283063e+00,8.748402820560e-02
-1.855447960411e+00,9.907214814126e+00,7.019380380322e-02
-1.855246578058e+00,2.948258319874e+00,8.748510689504e-02
-1.855167921914e+00,6.588314261323e+00,8.746945147204e-02
-1.855123055366e+00,8.377191184025e+00,8.745278035723e-02
-1.855050895416e+00,2.336408609632e+00,8.748312843663e-02
-1.854983504630e+00,1.048303956493e+00,8.748066279185e-02
-1.854870609575e+00,8.877494749444e+00,8.581776737581e-02
-1.854676818998e+00,4.139755124035e+00,8.748426702280e-02
-1.854621525306e+00,3.560108030119e+00,8.748303463170e-02
-1.854618473031e+00,5.836290928036e+00,8.747353058475e-02
-1.854362770363e+00,1.041948840134e+01,1.829984091692e-02
-1.854237498256e+00,7.107689932890e+00,8.745997054633e-02
-1.854162145032e+00,4.988516771525e+00,8.747924485741e-02
-1.854034477380e+00,1.724558899391e+00,8.747709445952e-02
-1.853869223958e+00,5.569907605109e+00,8.747229009221e-02
-1.853793783722e+00,6.923917292287e+00,8.745952951963e-02
-1.853788692819e+00,2.980460936203e+00,8.747796118851e-02
-1.853651821111e+00,7.910661320545e+00,8.744972563477e-02
-1.853614608477e+00,2.368611225960e+00,8.747608667913e-02
-1.853590414291e+00,1.080506572821e+00,8.747383120821e-02
-1.853363395816e+00,7.292293625613e+00,8.745400695586e-02
-1.853184822549e+00,7.693728624660e+00,8.744954202111e-02
-1.853175737159e+00,4.171957740363e+00,8.747690662215e-02
-1.853142041767e+00,3.592310646447e+00,8.747577919756e-02
-1.852619788741e+00,1.756761515720e+00,8.747015112136e-02
-1.852559904594e+00,8.128476556701e+00,8.744225799174e-02
-1.852330807579e+00,3.012663552531e+00,8.747080529318e-02
-1.852302971930e+00,9.651459489873e+00,7.699736280190e-02
-1.852251390879e+00,4.676659782240e+00,8.747245652630e-02
-1.852197323951e+00,1.112709189150e+00,8.746699031632e-02
-1.852180979412e+00,9.411740425077e+00,8.087945352661e-02
-1.852178321538e+00,2.400813842289e+00,8.746903502918e-02
-1.852041111463e+00,9.129021891296e+00,8.391978016897e-02
-1.852038381865e+00,6.740998649307e+00,8.745276516233e-02
-1.851769188613e+00,6.255977310864e+00,8.745566102215e-02
-1.851754431863e+00,4.874456494141e+00,8.746813160948e-02
-1.851674655320e+00,4.204160356692e+00,8.746953541194e-02
-1.851662558227e+00,3.624513262776e+00,8.746851326137e-02
-1.851548510492e+00,6.105638800318e+00,8.745605963411e-02
-1.851437000092e+00,1.013866540345e+01,5.868537253062e-02
-1.851308547006e+00,5.688298791224e+00,8.745879855004e-02
-1.851205100101e+00,1.788964132048e+00,8.746319817125e-02
-1.851165489252e+00,7.477705386521e+00,8.744154143136e-02
-1.850914045261e+00,6.407089682992e+00,8.744990566854e-02
-1.850872922340e+00,3.044866168860e+00,8.746363918729e-02
-1.850804233611e+00,1.144911805478e+00,8.746014009718e-02
-1.850784739917e+00,8.596760490459e+00,8.740103915965e-02
-1.850742034598e+00,2.433016458617e+00,8.746197346596e-02
-1.850629091129e+00,9.882673316137e+00,7.106822994878e-02
-1.850257644584e+00,5.956093122697e+00,8.745080091331e-02
-1.850183074688e+00,3.656715879105e+00,8.746123680038e-02
-1.850173573481e+00,4.236362973020e+00,8.746215336838e-02
-1.849902659731e+00,8.347147374278e+00,8.742703395220e-02
-1.849869529359e+00,8.847312405355e+00,8.601861218788e-02
-1.849790411462e+00,1.821166748377e+00,8.745623558928e-02
-1.849784998450e+00,1.039490044269e+01,2.510691452187e-02
-1.849415037101e+00,3.077068785189e+00,8.745646284902e-02
-1.849411143272e+00,1.177114421807e+00,8.745328053174e-02
-1.849344042021e+00,5.306624578845e+00,8.745250222892e-02
-1.849305747659e+00,2.465219074946e+00,8.745490196860e-02
-1.849295271865e+00,5.190425319451e+00,8.745305338677e-02
-1.848977564576e+00,6.558956910204e+00,8.743893269940e-02
-1.848703591149e+00,3.688918495433e+00,8.745394979173e-02
-1.848672491642e+00,4.268565589349e+00,8.745476046763e-02
-1.848562500869e+00,5.423539453594e+00,8.744731628239e-02
-1.848536984579e+00,4.761170318322e+00,8.745349299352e-02
-1.848421309974e+00,5.074956655223e+00,8.744986931612e-02
-1.848375722822e+00,1.853369364705e+00,8.744926335544e-02
-1.848367235974e+00,7.078092336771e+00,8.743105260960e-02
-1.848213424968e+00,7.880761155298e+00,8.742293695252e-02
-1.848018052932e+00,1.209317038136e+00,8.744641160091e-02
-1.847957151862e+00,3.109271401517e+00,8.744927625649e-02
-1.847902342180e+00,5.807359213513e+00,8.744051869181e-02
-1.847869460719e+00,2.497421691274e+00,8.744782051617e-02
-1.847816450904e+00,6.894398512268e+00,8.743012453325e-02
-1.847637934112e+00,7.663902194092e+00,8.742224773913e-02
-1.847600568387e+00,7.262618481250e+00,8.742555020528e-02
-1.847400481845e+00,9.381424668836e+00,8.128271985386e-02
-1.847363728613e+00,9.626942106960e+00,7.749742413805e-02
-1.847230341365e+00,8.098503931204e+00,8.741594405601e-02
-1.847224107610e+00,3.721121111762e+00,8.744665221254e-02
-1.847171409804e+00,4.300768205678e+00,8.744735668578e-02
-1.847150167152e+00,9.098772200122e+00,8.419097773827e-02
-1.846961034183e+00,1.885571981034e+00,8.744228144971e-02
-1.846945621927e+00,5.541154932144e+00,8.743814390985e-02
-1.846738622240e+00,1.011410038002e+01,6.041568908516e-02
-1.846727368821e+00,4.960233533694e+00,8.744252603445e-02
-1.846624962592e+00,1.241519654464e+00,8.743953328554e-02
-1.846499266623e+00,3.141474017846e+00,8.744207938775e-02
-1.846433173780e+00,2.529624307603e+00,8.744072908766e-02
-1.845954348730e+00,6.711559951535e+00,8.742263531096e-02
-1.845810221848e+00,9.858131818148e+00,7.188898376652e-02
-1.845744624071e+00,3.753323728091e+00,8.743934403983e-02
-1.845673840605e+00,8.566646774009e+00,8.740392025581e-02
-1.845670327965e+00,4.332970822006e+00,8.743994199884e-02
-1.845546345543e+00,1.917774597362e+00,8.743528985198e-02
-1.845510455077e+00,7.447953963457e+00,8.741352032934e-02
-1.845367334756e+00,6.226786439181e+00,8.742413500358e-02
-1.845231872253e+00,1.273722270792e+00,8.743264556642e-02
-1.845207226537e+00,1.037031248405e+01,3.084318810698e-02
-1.845041496070e+00,6.076533057803e+00,8.742384040058e-02
-1.845041381383e+00,3.173676634175e+00,8.743487222079e-02
-1.844996886841e+00,2.561826923931e+00,8.743362766206e-02
-1.844868449144e+00,8.817130061265e+00,8.621272042638e-02
-1.844682264096e+00,8.317103564531e+00,8.740116472901e-02
-1.844617745723e+00,6.377814941168e+00,8.741880856461e-02
-1.844515287461e+00,4.648673093664e+00,8.743425115900e-02
-1.844488471990e+00,5.659455971746e+00,8.742500311703e-02
-1.844265140532e+00,3.785526344419e+00,8.743202525058e-02
-1.844218753587e+00,4.846270869579e+00,8.743096027360e-02
-1.844169246126e+00,4.365173438335e+00,8.743251638274e-02
-1.844131656904e+00,1.949977213691e+00,8.742828854211e-02
-1.843838781913e+00,1.305924887121e+00,8.742574842431e-02
-1.843645869213e+00,5.927073766527e+00,8.741809851017e-02
-1.843583496144e+00,3.205879250504e+00,8.742765473355e-02
-1.843560599901e+00,2.594029540260e+00,8.742651621823e-02
-1.842787207239e+00,6.529599559085e+00,8.740824524217e-02
-1.842785656993e+00,3.817728960748e+00,8.742469582169e-02
-1.842775028824e+00,7.850860990051e+00,8.739601647429e-02
-1.842716968264e+00,1.982179830019e+00,8.742127749990e-02
-1.842668164287e+00,4.397376054664e+00,8.742507981336e-02
-1.842619984278e+00,9.351108912594e+00,8.166712785015e-02
-1.842496973693e+00,7.048494740651e+00,8.740198242204e-02
-1.842445691573e+00,1.338127503449e+00,8.741884183988e-02
-1.842424485296e+00,9.602424724047e+00,7.797391663304e-02
-1.842259222842e+00,9.068522508949e+00,8.445164369969e-02
-1.842214660716e+00,5.278055945456e+00,8.741711633157e-02
-1.842125610905e+00,3.238081866832e+00,8.742042690388e-02
-1.842124312962e+00,2.626232156588e+00,8.741939473502e-02
-1.842091045675e+00,7.634075763523e+00,8.739481727121e-02
-1.842063649925e+00,5.161950575127e+00,8.741726211033e-02
-1.842040244389e+00,1.008953535660e+01,6.199978970299e-02
-1.841900778136e+00,8.068531305707e+00,8.738950251514e-02
-1.841839118086e+00,6.864879732249e+00,8.740056297544e-02
-1.841837740957e+00,7.232943336887e+00,8.739694538315e-02
-1.841535794804e+00,5.394878176654e+00,8.741259836661e-02
-1.841306173454e+00,3.849931577077e+00,8.741735573000e-02
-1.841302279625e+00,2.014382446347e+00,8.741425670508e-02
-1.841186211329e+00,5.778427498989e+00,8.740731348250e-02
-1.841167082448e+00,4.429578670992e+00,8.741763226652e-02
-1.841087887803e+00,5.046577043440e+00,8.741366242074e-02
-1.841052601233e+00,1.370330119778e+00,8.741192579380e-02
-1.840991352567e+00,9.833590320159e+00,7.266084181329e-02
-1.840900861981e+00,4.733083544227e+00,8.741567384262e-02
-1.840688026023e+00,2.658434772917e+00,8.741226319120e-02
-1.840667725666e+00,3.270284483161e+00,8.741318870961e-02
-1.840629454624e+00,1.034572452540e+01,3.574277391450e-02
-1.840562941294e+00,8.536533057558e+00,8.737846651456e-02
-1.840022019897e+00,5.512402259180e+00,8.740379153458e-02
-1.839887590985e+00,2.046585062676e+00,8.740722613735e-02
-1.839870315595e+00,6.682121253762e+00,8.739233805189e-02
-1.839867368928e+00,8.786947717176e+00,8.640042171868e-02
-1.839855420902e+00,7.418202540392e+00,8.738535518661e-02
-1.839826689915e+00,3.882134193405e+00,8.741000495227e-02
-1.839666000609e+00,4.461781287321e+00,8.741017371793e-02
-1.839659510894e+00,1.402532736107e+00,8.740500026665e-02
-1.839461868461e+00,8.287059754784e+00,8.737517189359e-02
-1.839292592611e+00,4.931950295862e+00,8.740557238623e-02
-1.839251739083e+00,2.690637389245e+00,8.740512156550e-02
-1.839209840427e+00,3.302487099489e+00,8.740594012847e-02
-1.838965480899e+00,6.197595567499e+00,8.739243149027e-02
-1.838534481648e+00,6.047427315288e+00,8.739143492977e-02
-1.838472902346e+00,2.078787679004e+00,8.740018577632e-02
-1.838347206376e+00,3.914336809734e+00,8.740264346520e-02
-1.838321446185e+00,6.348540199344e+00,8.738753779670e-02
-1.838266420554e+00,1.434735352435e+00,8.739806523896e-02
-1.838164918770e+00,4.493983903650e+00,8.740270414327e-02
-1.837839486710e+00,9.320793156353e+00,8.203395407896e-02
-1.837815452144e+00,2.722840005574e+00,8.739796983655e-02
-1.837751955187e+00,3.334689715818e+00,8.739868113813e-02
-1.837668396974e+00,5.630613152268e+00,8.739100458083e-02
-1.837485241978e+00,9.577907341133e+00,7.842783249016e-02
-1.837368278531e+00,9.038272817775e+00,8.470237348092e-02
-1.837341866537e+00,1.006497033318e+01,6.345541965200e-02
-1.837336632681e+00,7.820960824804e+00,8.736896333440e-02
-1.837058213706e+00,2.110990295333e+00,8.739313560158e-02
-1.837034093841e+00,5.898054410357e+00,8.738520564010e-02
-1.836873330214e+00,1.466937968764e+00,8.739112069122e-02
-1.836867722837e+00,3.946539426063e+00,8.739527124544e-02
-1.836779184043e+00,4.620686405088e+00,8.739579561605e-02
-1.836683075311e+00,4.818085245016e+00,8.739355090496e-02
-1.836663836931e+00,4.526186519978e+00,8.739522351811e-02
-1.836626711411e+00,7.018897144532e+00,8.737275893283e-02
-1.836596849901e+00,6.500242207966e+00,8.737738789296e-02
-1.836571214908e+00,8.038558680209e+00,8.736293253679e-02
-1.836544157238e+00,7.604249332954e+00,8.736709728559e-02
-1.836379165204e+00,2.755042621902e+00,8.739080798298e-02
-1.836294069948e+00,3.366892332147e+00,8.739141171623e-02
-1.836172483285e+00,9.809048822170e+00,7.338803041243e-02
-1.836074913527e+00,7.203268192524e+00,8.736819147000e-02
-1.836051682711e+00,1.032113656675e+01,3.997617448098e-02
-1.835861785269e+00,6.835360952230e+00,8.737084376471e-02
-1.835643525067e+00,2.143192911661e+00,8.738607559264e-02
-1.835480239875e+00,1.499140585092e+00,8.738416660386e-02
-1.835452041982e+00,8.506419341108e+00,8.735289295903e-02
-1.835388239298e+00,3.978742042391e+00,8.738788826955e-02
-1.835162755093e+00,4.558389136307e+00,8.738773181799e-02
-1.835085279411e+00,5.249487312066e+00,8.738151036205e-02
-1.834942878265e+00,2.787245238231e+00,8.738363598331e-02
-1.834866288713e+00,8.756765373087e+00,8.658202482692e-02
-1.834836184709e+00,3.399094948475e+00,8.738413184032e-02
-1.834832027985e+00,5.133475830802e+00,8.738124753890e-02
-1.834509088738e+00,5.366216899714e+00,8.737766969267e-02
-1.834470080477e+00,5.749495784466e+00,8.737391355570e-02
-1.834241472826e+00,8.257015945037e+00,8.734905464619e-02
-1.834228836427e+00,2.175395527990e+00,8.737900572895e-02
-1.834200386727e+00,7.388451117327e+00,8.735704501537e-02
-1.834087149535e+00,1.531343201420e+00,8.737720295728e-02
-1.833908755759e+00,4.010944658720e+00,8.738049451404e-02
-1.833786282459e+00,6.652682555989e+00,8.736187459914e-02
-1.833754465631e+00,5.018197431656e+00,8.737722144835e-02
-1.833661673254e+00,4.590591752636e+00,8.738022901836e-02
-1.833506591326e+00,2.819447854559e+00,8.737645381602e-02
-1.833378299470e+00,3.431297564804e+00,8.737684148786e-02
-1.833264739382e+00,4.704996770132e+00,8.737746251273e-02
-1.833098417867e+00,5.483649586215e+00,8.736923143605e-02
-1.833058989143e+00,9.290477400111e+00,8.238436341907e-02
-1.832814147788e+00,2.207598144318e+00,8.737192598993e-02
-1.832694059195e+00,1.563545817749e+00,8.737022973177e-02
-1.832643488685e+00,1.004040530975e+01,6.479756467776e-02
-1.832563627043e+00,6.168404695816e+00,8.736040185030e-02
-1.832545998661e+00,9.553389958220e+00,7.886124980760e-02
-1.832477334221e+00,9.008023126601e+00,8.494371882909e-02
-1.832429272220e+00,4.043147275049e+00,8.737308995533e-02
-1.832070304386e+00,2.851650470888e+00,8.736926145954e-02
-1.832027467226e+00,6.018321572773e+00,8.735884185093e-02
-1.832025146646e+00,6.319265457519e+00,8.735609212559e-02
-1.831920414230e+00,3.463500181133e+00,8.736954063632e-02
-1.831898236538e+00,7.791060659558e+00,8.734177666117e-02
-1.831857816400e+00,4.903667058031e+00,8.736838213783e-02
-1.831473910797e+00,1.029654860811e+01,4.367051244533e-02
-1.831399459148e+00,2.239800760647e+00,8.736483635493e-02
-1.831353614004e+00,9.784507324181e+00,7.407430266995e-02
-1.831300968856e+00,1.595748434078e+00,8.736324690763e-02
-1.831241651679e+00,8.008586054712e+00,8.733623328277e-02
-1.830997268801e+00,7.574422902385e+00,8.733920537704e-02
-1.830949788681e+00,4.075349891377e+00,8.736567456980e-02
-1.830848321958e+00,5.601770332790e+00,8.735680141774e-02
-1.830756449130e+00,6.989299548412e+00,8.734338108387e-02
-1.830634017447e+00,2.883853087217e+00,8.736205889220e-02
-1.830462528991e+00,3.495702797461e+00,8.736222926303e-02
-1.830422318470e+00,5.869035054188e+00,8.735212091105e-02
-1.830406492563e+00,6.470884856847e+00,8.734635943609e-02
-1.830341142670e+00,8.476305624657e+00,8.732719882115e-02
-1.830312086097e+00,7.173593048162e+00,8.733928743914e-02
-1.829984770508e+00,2.272003376975e+00,8.735773680323e-02
-1.829907878516e+00,1.627951050406e+00,8.735625446507e-02
-1.829884452451e+00,6.805842172212e+00,8.734087985217e-02
-1.829865208497e+00,8.726583028997e+00,8.675781926315e-02
-1.829470305141e+00,4.107552507706e+00,8.735824833374e-02
-1.829197730508e+00,2.916055703545e+00,8.735484609232e-02
-1.829147397034e+00,4.789899620454e+00,8.735590174834e-02
-1.829021077191e+00,8.226972135290e+00,8.732281218139e-02
-1.829004643752e+00,3.527905413790e+00,8.735490734529e-02
-1.828570081869e+00,2.304205993303e+00,8.735062731407e-02
-1.828545352552e+00,7.358699694263e+00,8.732858882066e-02
-1.828514788176e+00,1.660153666735e+00,8.734925238425e-02
-1.828281308510e+00,5.156250165000e-01,8.734694614067e-02
-1.828281308510e+00,4.687500150008e-02,8.764042186262e-02
-1.828281308510e+00,7.812500250012e-02,8.760406546644e-02
-1.828281308510e+00,1.406250045003e-01,8.753782118425e-02
-1.828281308510e+00,1.718750055004e-01,8.750807922357e-02
-1.828281308510e+00,2.031250065004e-01,8.748068180468e-02
-1.828281308510e+00,2.343750075005e-01,8.745569198245e-02
-1.828281308510e+00,5.468750175000e-01,8.734694614067e-02
-1.828281308510e+00,1.562500050003e-02,8.767883179167e-02
-1.828281308510e+00,1.093750035002e-01,8.756984034164e-02
-1.828281308510e+00,2.656250085005e-01,8.743316813147e-02
-1.828281308510e+00,2.968750095005e-01,8.741316357630e-02
-1.828281308510e+00,3.281250105004e-01,8.739572624675e-02
-1.828281308510e+00,3.593750115003e-01,8.738089836206e-02
-1.828281308510e+00,3.906250125002e-01,8.736871614839e-02
-1.828281308510e+00,4.218750135002e-01,8.735920959287e-02
-1.828281308510e+00,4.531250145001e-01,8.735240223783e-02
-1.828281308510e+00,4.843750155000e-01,8.734831101765e-02
-1.828281308510e+00,5.781250184999e-01,8.734694614067e-02
-1.828281308510e+00,6.093750194999e-01,8.734694614067e-02
-1.828281308510e+00,6.406250204999e-01,8.734694614067e-02
-1.828281308510e+00,6.718750214999e-01,8.734694614067e-02
-1.828281308510e+00,7.031250224999e-01,8.734694614067e-02
-1.828281308510e+00,7.343750234998e-01,8.734694614067e-02
-1.828281308510e+00,7.656250244998e-01,8.734694614067e-02
-1.828281308510e+00,7.968750254998e-01,8.734694614067e-02
-1.828281308510e+00,8.281250264998e-01,8.734694614067e-02
-1.828281308510e+00,8.593750274999e-01,8.734694614067e-02
-1.828281308510e+00,8.906250285000e-01,8.734694614067e-02
-1.828281308510e+00,9.218750295000e-01,8.734694614067e-02
-1.828281308510e+00,9.531250305000e-01,8.734694614067e-02
-1.828281308510e+00,9.843750315000e-01,8.734694614067e-02
-1.828278491576e+00,9.260161643869e+00,8.271942093041e-02
-1.827990821603e+00,4.139755124035e+00,8.735081122339e-02
-1.827955898106e+00,5.220918678677e+00,8.734568265524e-02
-1.827945110833e+00,1.001584028633e+01,6.603896734569e-02
-1.827761443568e+00,2.948258319874e+00,8.734762303813e-02
-1.827753949626e+00,5.720564069943e+00,8.734027280330e-02
-1.827702249324e+00,6.623243858217e+00,8.733124376236e-02
-1.827606755344e+00,9.528872575307e+00,7.927562820664e-02
-1.827600406045e+00,5.105001086478e+00,8.734500801166e-02
-1.827595562490e+00,1.016101340164e+00,8.734349469304e-02
-1.827586389910e+00,8.977773435427e+00,8.517619172930e-02
-1.827546758513e+00,3.560108030119e+00,8.734757486035e-02
-1.827482382672e+00,5.337555622774e+00,8.734249577302e-02
-1.827155393229e+00,2.336408609632e+00,8.734350786661e-02
-1.827121697836e+00,1.692356283063e+00,8.734224064529e-02
-1.826896138884e+00,1.027196064946e+01,4.692250162802e-02
-1.826534744723e+00,9.759965826192e+00,7.472300290702e-02
-1.826511338063e+00,4.171957740363e+00,8.734336321489e-02
-1.826459840394e+00,7.761160494311e+00,8.731445557686e-02
-1.826421043459e+00,4.989817819873e+00,8.734024601670e-02
-1.826325156629e+00,2.980460936203e+00,8.734038970781e-02
-1.826224070450e+00,1.048303956493e+00,8.733658476450e-02
-1.826174815837e+00,5.454896913251e+00,8.733446207532e-02
-1.826161773186e+00,6.139213824134e+00,8.732809553587e-02
-1.826088873273e+00,3.592310646447e+00,8.734023178536e-02
-1.825912088451e+00,7.978613429215e+00,8.730940390898e-02
-1.825740704590e+00,2.368611225960e+00,8.733637844000e-02
-1.825728847108e+00,6.289990715695e+00,8.732447030401e-02
-1.825728607497e+00,1.724558899391e+00,8.733521922825e-02
-1.825628616783e+00,4.676909996037e+00,8.733900050132e-02
-1.825520452804e+00,5.989215830258e+00,8.732605978430e-02
-1.825450380364e+00,7.544596471816e+00,8.731117138637e-02
-1.825230243359e+00,8.446191908207e+00,8.730138332735e-02
-1.825031854524e+00,4.204160356692e+00,8.733590428434e-02
-1.824888869689e+00,3.012663552531e+00,8.733314607946e-02
-1.824886186848e+00,6.959701952293e+00,8.731384780980e-02
-1.824864128282e+00,8.696400684908e+00,8.692807675767e-02
-1.824852578410e+00,1.080506572821e+00,8.732966544234e-02
-1.824630988034e+00,3.624513262776e+00,8.733287809744e-02
-1.824549258668e+00,7.143917903799e+00,8.731023225663e-02
-1.824423040190e+00,4.875383820199e+00,8.733095350656e-02
-1.824335517157e+00,1.756761515720e+00,8.732818811312e-02
-1.824326015950e+00,2.400813842289e+00,8.732923901326e-02
-1.824216135225e+00,6.441527505728e+00,8.731515864761e-02
-1.824028246942e+00,5.572927513312e+00,8.732239209462e-02
-1.823907119633e+00,6.776323392193e+00,8.731062690878e-02
-1.823810543098e+00,5.840015698018e+00,8.731884292240e-02
-1.823800681556e+00,8.196928325543e+00,8.729644368803e-02
-1.823552370985e+00,4.236362973020e+00,8.732843440778e-02
-1.823497994008e+00,9.229845887628e+00,8.304010225181e-02
-1.823481086370e+00,1.112709189150e+00,8.732273670744e-02
-1.823452582750e+00,3.044866168860e+00,8.732589213115e-02
-1.823246732981e+00,9.991275262906e+00,6.719053162825e-02
-1.823173102795e+00,3.656715879105e+00,8.732551377361e-02
-1.822942426817e+00,1.788964132048e+00,8.732114727985e-02
-1.822911327311e+00,2.433016458617e+00,8.732208956542e-02
-1.822890318377e+00,7.328948271198e+00,8.729998560036e-02
-1.822695445599e+00,8.947523744253e+00,8.540026791071e-02
-1.822667512026e+00,9.504355192394e+00,7.967218502901e-02
-1.822318366971e+00,1.024737269082e+01,4.980702653729e-02
-1.822109594330e+00,1.144911805478e+00,8.731579854066e-02
-1.822072887446e+00,4.268565589349e+00,8.732095356115e-02
-1.822016295811e+00,3.077068785189e+00,8.731862784085e-02
-1.821715875441e+00,9.735424328203e+00,7.533712084391e-02
-1.821715217556e+00,3.688918495433e+00,8.731813879085e-02
-1.821618216189e+00,6.593805160445e+00,8.730044434274e-02
-1.821611718758e+00,4.761713995892e+00,8.731801104279e-02
-1.821549336478e+00,1.821166748377e+00,8.731409670835e-02
-1.821496638671e+00,2.465219074946e+00,8.731493007543e-02
-1.821037818775e+00,5.691632355420e+00,8.730621119600e-02
-1.821021444251e+00,7.731260329064e+00,8.728690146544e-02
-1.820826516801e+00,5.192350045287e+00,8.730963153705e-02
-1.820738102291e+00,1.177114421807e+00,8.730885092275e-02
-1.820593403907e+00,4.300768205678e+00,8.731346172032e-02
-1.820582525222e+00,7.948640803718e+00,8.728244356542e-02
-1.820580008871e+00,3.109271401517e+00,8.731135318651e-02
-1.820455676607e+00,5.308894345833e+00,8.730684873687e-02
-1.820368784105e+00,5.076526342153e+00,8.730854186009e-02
-1.820257332317e+00,3.721121111762e+00,8.731075312607e-02
-1.820156246138e+00,1.853369364705e+00,8.730703637844e-02
-1.820119344047e+00,8.416078191757e+00,8.727544569853e-02
-1.820081950032e+00,2.497421691274e+00,8.730776052216e-02
-1.819903491927e+00,7.514770041247e+00,8.728299434330e-02
-1.819863048066e+00,8.666218340818e+00,8.709305259607e-02
-1.819759919329e+00,6.110022952451e+00,8.729560310096e-02
-1.819432547570e+00,6.260715973871e+00,8.729267107664e-02
-1.819366610251e+00,1.209317038136e+00,8.730189383446e-02
-1.819251213807e+00,5.426144240287e+00,8.729948190497e-02
-1.819143721932e+00,3.141474017846e+00,8.730406814598e-02
-1.819113920368e+00,4.332970822006e+00,8.730595886113e-02
-1.819087621288e+00,4.961438208090e+00,8.730303376662e-02
-1.819015924567e+00,6.930104356173e+00,8.728415803797e-02
-1.819013438382e+00,5.960110087743e+00,8.729308734103e-02
-1.818799447077e+00,3.753323728091e+00,8.730335675611e-02
-1.818786431238e+00,7.114242759436e+00,8.728102488124e-02
-1.818763155798e+00,1.885571981034e+00,8.729996626992e-02
-1.818717496441e+00,9.199530131386e+00,8.334730273588e-02
-1.818667261392e+00,2.529624307603e+00,8.730058088443e-02
-1.818580285921e+00,8.166884515796e+00,8.726994834922e-02
-1.818548355129e+00,9.966710239482e+00,6.826164297375e-02
-1.818025777887e+00,6.412170154610e+00,8.728378429527e-02
-1.817995118211e+00,1.241519654464e+00,8.729492725646e-02
-1.817992494184e+00,4.648823221942e+00,8.730028590666e-02
-1.817929786815e+00,6.746804612174e+00,8.728020904838e-02
-1.817804501289e+00,8.917274053079e+00,8.561597338262e-02
-1.817740595058e+00,1.022278473217e+01,5.238297229449e-02
-1.817728268709e+00,9.479837809480e+00,8.005184005905e-02
-1.817707434992e+00,3.173676634175e+00,8.729677269708e-02
-1.817634436829e+00,4.365173438335e+00,8.729844495931e-02
-1.817370065459e+00,1.917774597362e+00,8.729288636251e-02
-1.817341561838e+00,3.785526344419e+00,8.729594965773e-02
-1.817252572753e+00,2.561826923931e+00,8.729339114104e-02
-1.817235284202e+00,7.299196848133e+00,8.727123434514e-02
-1.817208171926e+00,5.544084693834e+00,8.728777506906e-02
-1.817198767727e+00,5.810996341848e+00,8.728537026499e-02
-1.816988263979e+00,4.847100582368e+00,8.729328470231e-02
-1.816897006160e+00,9.710882830214e+00,7.591933738808e-02
-1.816623626171e+00,1.273722270792e+00,8.728795116938e-02
-1.816271148053e+00,3.205879250504e+00,8.728946681754e-02
-1.816154953290e+00,4.397376054664e+00,8.729091999052e-02
-1.815976975119e+00,1.949977213691e+00,8.728579663588e-02
-1.815883676599e+00,3.817728960748e+00,8.728853180766e-02
-1.815837884113e+00,2.594029540260e+00,8.728619127067e-02
-1.815583048108e+00,7.701360163817e+00,8.725912518845e-02
-1.815534183054e+00,6.564366462672e+00,8.726947513304e-02
-1.815252961993e+00,7.918668178221e+00,8.725535139612e-02
-1.815252134131e+00,1.305924887121e+00,8.728096555379e-02
-1.815008444736e+00,8.385964475306e+00,8.724938515005e-02
-1.814861967851e+00,8.636035996729e+00,8.724624996614e-02
-1.814834861114e+00,3.238081866832e+00,8.728215048504e-02
-1.814675469751e+00,4.429578670992e+00,8.728338393039e-02
-1.814583884779e+00,1.982179830019e+00,8.727869706965e-02
-1.814471365161e+00,1.047908836829e+01,6.608629184955e-06
-1.814425791360e+00,3.849931577077e+00,8.728110318252e-02
-1.814423195474e+00,2.626232156588e+00,8.727898125199e-02
-1.814356603490e+00,7.484943610679e+00,8.725467327046e-02
-1.814321687924e+00,5.662700640897e+00,8.727194503870e-02
-1.814076040482e+00,4.733528371330e+00,8.727964576863e-02
-1.813936998874e+00,9.169214375145e+00,8.364184549486e-02
-1.813880642091e+00,1.338127503449e+00,8.727397039021e-02
-1.813849977278e+00,9.942145216058e+00,6.926042376227e-02
-1.813697135496e+00,5.163781411898e+00,8.727335532456e-02
-1.813428970541e+00,5.280233068893e+00,8.727097992990e-02
-1.813398574174e+00,3.270284483161e+00,8.727482367721e-02
-1.813359890286e+00,8.136840706049e+00,8.724332534230e-02
-1.813358065472e+00,6.080832080769e+00,8.726292317129e-02
-1.813195986212e+00,4.461781287321e+00,8.727583675443e-02
-1.813190794440e+00,2.014382446347e+00,8.727158764339e-02
-1.813162823145e+00,1.019819677352e+01,5.469728090845e-02
-1.813145662285e+00,6.900506760054e+00,8.725431068843e-02
-1.813137162165e+00,5.048051597829e+00,8.727184740827e-02
-1.813136248032e+00,6.231441232046e+00,8.726061565588e-02
-1.813023603808e+00,7.084567615074e+00,8.725166426443e-02
-1.813008506834e+00,2.658434772917e+00,8.727176106358e-02
-1.812967906121e+00,3.882134193405e+00,8.727366375890e-02
-1.812923774069e+00,9.452388849095e+00,8.045602605291e-02
-1.812913556978e+00,8.887024361905e+00,8.582403351461e-02
-1.812509150052e+00,1.370330119778e+00,8.726696565912e-02
-1.812506423960e+00,5.931004345228e+00,8.725992312329e-02
-1.812327611777e+00,5.397391567322e+00,8.726428936919e-02
-1.812078136879e+00,9.686341332225e+00,7.647206350589e-02
-1.811962287235e+00,3.302487099489e+00,8.726748637157e-02
-1.811952453997e+00,6.717285832155e+00,8.724962509019e-02
-1.811835420549e+00,6.382812803491e+00,8.725223513854e-02
-1.811797704100e+00,2.046585062676e+00,8.726446833659e-02
-1.811754199116e+00,4.933058596307e+00,8.726558288577e-02
-1.811716502673e+00,4.493983903650e+00,8.726827843812e-02
-1.811593818195e+00,2.690637389245e+00,8.726453068397e-02
-1.811580250028e+00,7.269445425069e+00,8.724233403840e-02
-1.811510020881e+00,3.914336809734e+00,8.726621351330e-02
-1.811137658012e+00,1.402532736107e+00,8.725995134093e-02
-1.810586992355e+00,5.781976985678e+00,8.725170152123e-02
-1.810526000296e+00,3.334689715818e+00,8.726013854565e-02
-1.810404613760e+00,2.078787679004e+00,8.725733912872e-02
-1.810388096909e+00,5.515241874356e+00,8.725294878936e-02
-1.810356371586e+00,4.620736447848e+00,8.726131682033e-02
-1.810237019134e+00,4.526186519978e+00,8.726070895683e-02
-1.810179129555e+00,2.722840005574e+00,8.725729009165e-02
-1.810144651964e+00,7.671459998571e+00,8.723120873066e-02
-1.810052135642e+00,3.946539426063e+00,8.725875242217e-02
-1.810014310809e+00,1.045447806519e+01,1.009159284850e-02
-1.809923398765e+00,7.888695552723e+00,8.722812653915e-02
-1.809897545424e+00,8.355850758856e+00,8.722320089166e-02
-1.809860887635e+00,8.605853652639e+00,8.722059478685e-02
-1.809766165972e+00,1.434735352435e+00,8.725292741600e-02
-1.809553487769e+00,4.818817344536e+00,8.725537392776e-02
-1.809450149919e+00,6.534927764899e+00,8.723833491762e-02
-1.809156501306e+00,9.138898618903e+00,8.392448850454e-02
-1.809151599426e+00,9.917580192635e+00,7.019393887088e-02
-1.809089713356e+00,3.366892332147e+00,8.725278017684e-02
-1.809011523421e+00,2.110990295333e+00,8.725019999915e-02
-1.808809715053e+00,7.455117180110e+00,8.722620718334e-02
-1.808764440916e+00,2.755042621902e+00,8.725003926502e-02
-1.808757535595e+00,4.558389136307e+00,8.725312828588e-02
-1.808594250403e+00,3.978742042391e+00,8.725128046186e-02
-1.808585051232e+00,1.017360881488e+01,5.678783305355e-02
-1.808394673932e+00,1.466937968764e+00,8.724589386464e-02
-1.808254028106e+00,9.422008311237e+00,8.088039732705e-02
-1.808139494651e+00,8.106796896302e+00,8.721657383877e-02
-1.808022612668e+00,8.856774670731e+00,8.602499205969e-02
-1.807653426417e+00,3.399094948475e+00,8.724541124253e-02
-1.807618433081e+00,2.143192911661e+00,8.724305092724e-02
-1.807605557073e+00,5.633768926374e+00,8.723747278860e-02
-1.807349752276e+00,2.787245238231e+00,8.724277818243e-02
-1.807278052056e+00,4.590591752636e+00,8.724553640052e-02
-1.807275400004e+00,6.870909163935e+00,8.722410337107e-02
-1.807260776378e+00,7.054892470711e+00,8.722214935038e-02
-1.807259267597e+00,9.661799834236e+00,7.699747336697e-02
-1.807136365164e+00,4.010944658720e+00,8.724379760869e-02
-1.807023181892e+00,1.499140585092e+00,8.723885066711e-02
-1.806956211616e+00,6.051641209086e+00,8.723005436319e-02
-1.806839948494e+00,6.202166490222e+00,8.722821476287e-02
-1.806567754191e+00,5.135212778508e+00,8.723685232619e-02
-1.806540362205e+00,4.705342746768e+00,8.724092247144e-02
-1.806402264476e+00,5.251571791953e+00,8.723488765960e-02
-1.806225342741e+00,2.175395527990e+00,8.723589189225e-02
-1.806217139477e+00,3.431297564804e+00,8.723803172000e-02
-1.805999409538e+00,5.901898602713e+00,8.722656572427e-02
-1.805975121179e+00,6.687767052136e+00,8.721887384488e-02
-1.805935063637e+00,2.819447854559e+00,8.723550682217e-02
-1.805925215853e+00,7.239694002004e+00,8.721328365630e-02
-1.805905540225e+00,5.019576853504e+00,8.723479237944e-02
-1.805678479925e+00,4.043147275049e+00,8.723630383889e-02
-1.805651689852e+00,1.531343201420e+00,8.723179780361e-02
-1.805645063212e+00,6.353455452372e+00,8.722050992861e-02
-1.805557256458e+00,1.042986776209e+01,1.829994378609e-02
-1.805404009747e+00,5.368638894358e+00,8.722888290394e-02
-1.804859807420e+00,8.575671308550e+00,8.719481966006e-02
-1.804832252401e+00,2.207598144318e+00,8.722872287342e-02
-1.804786646112e+00,8.325737042405e+00,8.719689212748e-02
-1.804780852538e+00,3.463500181133e+00,8.723064158649e-02
-1.804706255821e+00,7.641559833324e+00,8.720315113943e-02
-1.804593835536e+00,7.858722927226e+00,8.720068587449e-02
-1.804520374997e+00,2.851650470888e+00,8.722822516248e-02
-1.804453221574e+00,9.893015169211e+00,7.106836235731e-02
-1.804420776944e+00,4.904678984523e+00,8.722789155305e-02
-1.804376003739e+00,9.108582862661e+00,8.419593089139e-02
-1.804280197812e+00,1.563545817749e+00,8.722473525430e-02
-1.804220594685e+00,4.075349891377e+00,8.722879912864e-02
-1.804007279319e+00,1.014902085623e+01,5.868553384180e-02
-1.803975216983e+00,5.752957629508e+00,8.721774776561e-02
-1.803584282143e+00,9.391627773380e+00,8.128425628777e-02
-1.803568021893e+00,5.486399054878e+00,8.721791169473e-02
-1.803439162062e+00,2.239800760647e+00,8.722154384990e-02
-1.803366116784e+00,6.505489067127e+00,8.720702247232e-02
-1.803344565599e+00,3.495702797461e+00,8.722324081917e-02
-1.803262826616e+00,7.425290749541e+00,8.719759509028e-02
-1.803131668357e+00,8.826524979557e+00,8.621920236816e-02
-1.803105686357e+00,2.883853087217e+00,8.722093318153e-02
-1.802919099016e+00,8.076753086555e+00,8.718969300431e-02
-1.802908705773e+00,1.595748434078e+00,8.721766299927e-02
-1.802762709446e+00,4.107552507706e+00,8.722128345401e-02
-1.802440398316e+00,9.637258336247e+00,7.749753272213e-02
-1.802118711558e+00,4.790534106705e+00,8.721721937873e-02
-1.802046071722e+00,2.272003376975e+00,8.721435480081e-02
-1.801908278659e+00,3.527905413790e+00,8.721582939514e-02
-1.801690997718e+00,2.916055703545e+00,8.721363085741e-02
-1.801537213733e+00,1.627951050406e+00,8.721058101856e-02
-1.801497948948e+00,7.025217326348e+00,8.719247907588e-02
-1.801405137722e+00,6.841311567816e+00,8.719372102119e-02
-1.801304824207e+00,4.139755124035e+00,8.721375679106e-02
-1.801100202107e+00,1.040525745899e+01,2.510704360675e-02
-1.800889426221e+00,5.604837211850e+00,8.720279289302e-02
-1.800652981383e+00,2.304205993303e+00,8.720715570520e-02
-1.800554357759e+00,6.022450337404e+00,8.719699528363e-02
-1.800543648955e+00,6.172891748398e+00,8.719562787410e-02
-1.800471991720e+00,3.560108030119e+00,8.720840729144e-02
-1.800276309078e+00,2.948258319874e+00,8.720631816820e-02
-1.800270181678e+00,7.209942578940e+00,8.718408216769e-02
-1.800165721693e+00,1.660153666735e+00,8.720348929216e-02
-1.799997788361e+00,6.658248272117e+00,8.718795411461e-02
-1.799858727204e+00,8.545488964460e+00,8.716892382155e-02
-1.799846938968e+00,4.171957740363e+00,8.720621911574e-02
-1.799754843722e+00,9.868450145788e+00,7.188911357990e-02
-1.799675746801e+00,8.295623325955e+00,8.717045805601e-02
-1.799595506172e+00,9.078267106420e+00,8.445681850962e-02
-1.799492395116e+00,5.872792860198e+00,8.719301372825e-02
-1.799489476880e+00,5.468750175000e-01,8.719880564857e-02
-1.799489476880e+00,1.562500050003e-02,8.754539614110e-02
-1.799489476880e+00,4.687500150008e-02,8.750533939442e-02
-1.799489476880e+00,7.812500250012e-02,8.746741111154e-02
-1.799489476880e+00,1.093750035002e-01,8.743169453579e-02
-1.799489476880e+00,1.406250045003e-01,8.739826972868e-02
-1.799489476880e+00,1.718750055004e-01,8.736721310396e-02
-1.799489476880e+00,2.031250065004e-01,8.733859696859e-02
-1.799489476880e+00,2.343750075005e-01,8.731248907527e-02
-1.799489476880e+00,2.656250085005e-01,8.728895219197e-02
-1.799489476880e+00,2.968750095005e-01,8.726804369329e-02
-1.799489476880e+00,3.281250105004e-01,8.724981517885e-02
-1.799489476880e+00,3.593750115003e-01,8.723431212345e-02
-1.799489476880e+00,3.906250125002e-01,8.722157356360e-02
-1.799489476880e+00,4.218750135002e-01,8.721163182457e-02
-1.799489476880e+00,4.531250145001e-01,8.720451229173e-02
-1.799489476880e+00,4.843750155000e-01,8.720023322921e-02
-1.799489476880e+00,5.156250165000e-01,8.719880564857e-02
-1.799489476880e+00,5.781250184999e-01,8.719880564857e-02
-1.799489476880e+00,6.093750194999e-01,8.719880564857e-02
-1.799489476880e+00,6.406250204999e-01,8.719880564857e-02
-1.799489476880e+00,6.718750214999e-01,8.719880564857e-02
-1.799489476880e+00,7.031250224999e-01,8.719880564857e-02
-1.799489476880e+00,7.343750234998e-01,8.719880564857e-02
-1.799489476880e+00,7.656250244998e-01,8.719880564857e-02
-1.799489476880e+00,7.968750254998e-01,8.719880564857e-02
-1.799489476880e+00,8.281250264998e-01,8.719880564857e-02
-1.799489476880e+00,8.593750274999e-01,8.719880564857e-02
-1.799489476880e+00,8.906250285000e-01,8.719880564857e-02
-1.799489476880e+00,9.218750295000e-01,8.719880564857e-02
-1.799489476880e+00,9.531250305000e-01,8.719880564857e-02
-1.799489476880e+00,9.843750315000e-01,8.719880564857e-02
-1.799454705874e+00,6.324098101253e+00,8.718860740839e-02
-1.799438372886e+00,5.106644145118e+00,8.720012084189e-02
-1.799429507406e+00,1.012443289759e+01,6.041584781773e-02
-1.799375558410e+00,5.222910515013e+00,8.719857022375e-02
-1.799267859678e+00,7.611659668077e+00,8.717495145514e-02
-1.799264272307e+00,7.828750301729e+00,8.717301143905e-02
-1.799259891043e+00,2.336408609632e+00,8.719994654206e-02
-1.799035704781e+00,3.592310646447e+00,8.720097448504e-02
-1.799004683929e+00,4.677157122205e+00,8.720194422776e-02
-1.798914536179e+00,9.361247235522e+00,8.166919911881e-02
-1.798861620439e+00,2.980460936203e+00,8.719899509186e-02
-1.798814530010e+00,1.016101340164e+00,8.719530931142e-02
-1.798794229653e+00,1.692356283063e+00,8.719638780001e-02
-1.798673918285e+00,4.991102109180e+00,8.719731572366e-02
-1.798480407717e+00,5.339886221393e+00,8.719301364986e-02
-1.798389053728e+00,4.204160356692e+00,8.719867040394e-02
-1.798240724047e+00,8.796275288383e+00,8.640699504675e-02
-1.797866800703e+00,2.368611225960e+00,8.719272729033e-02
-1.797715938179e+00,7.395464318972e+00,8.716883599238e-02
-1.797698703381e+00,8.046709276808e+00,8.716268199871e-02
-1.797621529035e+00,9.612716838257e+00,7.797394188267e-02
-1.797599417841e+00,3.624513262776e+00,8.719353095286e-02
-1.797464636270e+00,1.048303956493e+00,8.718830952424e-02
-1.797446931799e+00,3.012663552531e+00,8.719166160632e-02
-1.797422737613e+00,1.724558899391e+00,8.718927652199e-02
-1.797363441612e+00,5.723938273338e+00,8.718341218610e-02
-1.797282083648e+00,6.476050369354e+00,8.717553656455e-02
-1.797087354773e+00,4.876299372740e+00,8.718995793886e-02
-1.796931168489e+00,4.236362973020e+00,8.719111063148e-02
-1.796747946877e+00,5.457556235401e+00,8.718266221529e-02
-1.796643147755e+00,1.038064715589e+01,3.084333420814e-02
-1.796473710363e+00,2.400813842289e+00,8.718549792887e-02
-1.796163130902e+00,3.656715879105e+00,8.718607667173e-02
-1.796114742530e+00,1.080506572821e+00,8.718130023718e-02
-1.796051245573e+00,1.756761515720e+00,8.718215543791e-02
-1.796032243160e+00,3.044866168860e+00,8.718431768946e-02
-1.795735121519e+00,6.995542181986e+00,8.716265237041e-02
-1.795534875441e+00,6.811713971696e+00,8.716317384134e-02
-1.795473283250e+00,4.268565589349e+00,8.718353977412e-02
-1.795080620024e+00,2.433016458617e+00,8.717825843652e-02
-1.795056465870e+00,9.843885122364e+00,7.266096909826e-02
-1.794857646989e+00,8.515306620371e+00,8.714290650161e-02
-1.794851735493e+00,1.009984493894e+01,6.199994570374e-02
-1.794815008604e+00,9.047951350178e+00,8.470774889922e-02
-1.794764848790e+00,1.112709189150e+00,8.717428143096e-02
-1.794726843962e+00,3.688918495433e+00,8.717861161843e-02
-1.794683935348e+00,4.762250868873e+00,8.717881924451e-02
-1.794679753533e+00,1.788964132048e+00,8.717502452756e-02
-1.794617554520e+00,3.077068785189e+00,8.717696331906e-02
-1.794615147503e+00,7.180191155875e+00,8.715472853412e-02
-1.794564847489e+00,8.265509609505e+00,8.714389787002e-02
-1.794247349417e+00,6.143617006574e+00,8.716285361276e-02
-1.794244790216e+00,9.330866697664e+00,8.203650844342e-02
-1.794173295370e+00,5.575905497327e+00,8.716790378949e-02
-1.794152503902e+00,5.993259465721e+00,8.716374453022e-02
-1.794020455544e+00,6.628729492098e+00,8.715686469294e-02
-1.794015398011e+00,4.300768205678e+00,8.717595780753e-02
-1.793934709079e+00,7.798777676232e+00,8.714519866494e-02
-1.793829463535e+00,7.581759502830e+00,8.714660871106e-02
-1.793687529684e+00,2.465219074946e+00,8.717100879203e-02
-1.793414955050e+00,1.144911805478e+00,8.716725308624e-02
-1.793349779736e+00,8.766025597209e+00,8.658867974781e-02
-1.793308261494e+00,1.821166748377e+00,8.716788377064e-02
-1.793290557023e+00,3.721121111762e+00,8.717113576967e-02
-1.793264348536e+00,6.294740750134e+00,8.715649830777e-02
-1.793202865881e+00,3.109271401517e+00,8.716959847287e-02
-1.792985380694e+00,5.843687117684e+00,8.715926571060e-02
-1.792802659754e+00,9.588175340268e+00,7.842773608520e-02
-1.792557512772e+00,4.332970822006e+00,8.716836470732e-02
-1.792478307746e+00,8.016665467061e+00,8.713553997589e-02
-1.792348852344e+00,5.194249238073e+00,8.716202591057e-02
-1.792308991580e+00,5.078075511729e+00,8.716315916331e-02
-1.792294439344e+00,2.497421691274e+00,8.716374897411e-02
-1.792186093404e+00,1.035603685279e+01,3.574293087229e-02
-1.792169049743e+00,7.365637888403e+00,8.713992888356e-02
-1.792065061310e+00,1.177114421807e+00,8.716021518361e-02
-1.791936769454e+00,1.853369364705e+00,8.716073314682e-02
-1.791854270084e+00,3.753323728091e+00,8.716364910210e-02
-1.791788177241e+00,3.141474017846e+00,8.716222312856e-02
-1.791556805687e+00,5.311133548429e+00,8.715687515183e-02
-1.791469005653e+00,4.648971497643e+00,8.716270907981e-02
-1.791442296345e+00,4.962627364855e+00,8.715959843281e-02
-1.791198050513e+00,6.446611671581e+00,8.714387595325e-02
-1.791099627532e+00,4.365173438335e+00,8.716076044905e-02
-1.790901349005e+00,2.529624307603e+00,8.715647896138e-02
-1.790751666240e+00,5.694918917169e+00,8.714887061000e-02
-1.790715167570e+00,1.209317038136e+00,8.715316770365e-02
-1.790565277414e+00,1.885571981034e+00,8.715357263569e-02
-1.790417983144e+00,3.785526344419e+00,8.715615159229e-02
-1.790373488602e+00,3.173676634175e+00,8.715483726374e-02
-1.790358088018e+00,9.819320098941e+00,7.338815523720e-02
-1.790273963580e+00,1.007525698029e+01,6.345557282928e-02
-1.790034511037e+00,9.017635593937e+00,8.494927570334e-02
-1.789972294089e+00,6.965867037623e+00,8.713253676270e-02
-1.789927871861e+00,5.428713415923e+00,8.714719877224e-02
-1.789856566774e+00,8.485124276281e+00,8.711676692506e-02
-1.789753932601e+00,4.847919760957e+00,8.715178020532e-02
-1.789664613159e+00,6.782116375577e+00,8.713246065243e-02
-1.789641742293e+00,4.397376054664e+00,8.715314500818e-02
-1.789575044253e+00,9.300486159806e+00,8.238735446987e-02
-1.789508258665e+00,2.561826923931e+00,8.714919873245e-02
-1.789453948178e+00,8.235395893054e+00,8.711721075660e-02
-1.789365273830e+00,1.241519654464e+00,8.714611062685e-02
-1.789193785374e+00,1.917774597362e+00,8.714640221681e-02
-1.788981696205e+00,3.817728960748e+00,8.714864321675e-02
-1.788960113328e+00,7.150439732810e+00,8.712522170976e-02
-1.788958799962e+00,3.205879250504e+00,8.714744085598e-02
-1.788605145850e+00,7.768805050735e+00,8.711724661725e-02
-1.788458835426e+00,8.735775906035e+00,8.676454679351e-02
-1.788391067391e+00,7.551859337584e+00,8.711812193339e-02
-1.788183857054e+00,4.429578670992e+00,8.714551836010e-02
-1.788115168325e+00,2.594029540260e+00,8.714190826583e-02
-1.788043122726e+00,6.599210712079e+00,8.712560436484e-02
-1.788015380090e+00,1.273722270792e+00,8.713904393366e-02
-1.787983790472e+00,9.563633842280e+00,7.886116054858e-02
-1.787951049879e+00,6.114342264750e+00,8.712989059238e-02
-1.787822293334e+00,1.949977213691e+00,8.713922186967e-02
-1.787750650046e+00,5.964068594039e+00,8.713030069127e-02
-1.787729039053e+00,1.033142654969e+01,3.997633808904e-02
-1.787545409266e+00,3.849931577077e+00,8.714112395193e-02
-1.787544111323e+00,3.238081866832e+00,8.714003388274e-02
-1.787457164519e+00,5.546973782804e+00,8.713280390576e-02
-1.787257912111e+00,7.986621657315e+00,8.710815843549e-02
-1.787249159137e+00,4.733967631042e+00,8.713989350272e-02
-1.787073991198e+00,6.265383399015e+00,8.712399494779e-02
-1.786725971815e+00,4.461781287321e+00,8.713788048015e-02
-1.786722077986e+00,2.626232156588e+00,8.713460754000e-02
-1.786665486350e+00,1.305924887121e+00,8.713196760448e-02
-1.786622161306e+00,7.335811457834e+00,8.711087275043e-02
-1.786478366272e+00,5.814581375169e+00,8.712532023786e-02
-1.786450801294e+00,1.982179830019e+00,8.713203157371e-02
-1.786129422683e+00,3.270284483161e+00,8.713261632145e-02
-1.786109122326e+00,3.882134193405e+00,8.713359377420e-02
-1.785696191667e+00,1.005066902165e+01,6.479771498546e-02
-1.785659710167e+00,9.794755075518e+00,7.407442510327e-02
-1.785328987646e+00,2.658434772917e+00,8.712729653334e-02
-1.785322146279e+00,5.165587961133e+00,8.712525299885e-02
-1.785315592610e+00,1.338127503449e+00,8.712488161967e-02
-1.785268086575e+00,4.493983903650e+00,8.713023134357e-02
-1.785254013470e+00,8.987319837695e+00,8.518191261200e-02
-1.785179610275e+00,5.049506878339e+00,8.712596557406e-02
-1.785114017378e+00,6.417172973809e+00,8.711203938890e-02
-1.785079309255e+00,2.014382446347e+00,8.712483130831e-02
-1.784905298290e+00,9.270105621949e+00,8.272280695784e-02
-1.784855486558e+00,8.454941932192e+00,8.709050431120e-02
-1.784714734043e+00,3.302487099489e+00,8.712518814949e-02
-1.784672835387e+00,3.914336809734e+00,8.712605265987e-02
-1.784633203657e+00,5.282380875464e+00,8.712051147648e-02
-1.784343048866e+00,8.205282176604e+00,8.709039589708e-02
-1.784210674405e+00,4.934152620531e+00,8.712163864877e-02
-1.784209466659e+00,6.936191893260e+00,8.710217948383e-02
-1.784139890869e+00,5.665899560999e+00,8.711412147611e-02
-1.783965698870e+00,1.370330119778e+00,8.711778595950e-02
-1.783935897306e+00,2.690637389245e+00,8.711997522421e-02
-1.783933327376e+00,4.620785873081e+00,8.712321506204e-02
-1.783810201336e+00,4.526186519978e+00,8.712257092556e-02
-1.783794350878e+00,6.752518779458e+00,8.710158026677e-02
-1.783707817215e+00,2.046585062676e+00,8.711762105279e-02
-1.783567891115e+00,8.705526214861e+00,8.693486865238e-02
-1.783305079153e+00,7.120688309746e+00,8.709556064144e-02
-1.783300045404e+00,3.334689715818e+00,8.711774934414e-02
-1.783275582621e+00,7.738832425237e+00,8.708915435412e-02
-1.783271984701e+00,1.030681624659e+01,4.367067978740e-02
-1.783236548447e+00,3.946539426063e+00,8.711850058518e-02
-1.783164921191e+00,9.539092344290e+00,7.927554556750e-02
-1.783107796845e+00,5.399870596444e+00,8.711151977793e-02
-1.782952671248e+00,7.521959172337e+00,8.708949014117e-02
-1.782615805130e+00,1.402532736107e+00,8.711068060422e-02
-1.782542806966e+00,2.722840005574e+00,8.711264359089e-02
-1.782420510429e+00,4.819540149174e+00,8.711335650654e-02
-1.782352316097e+00,4.558389136307e+00,8.711489920122e-02
-1.782336325175e+00,2.078787679004e+00,8.711040078642e-02
-1.782065789908e+00,6.569691932060e+00,8.709417190670e-02
-1.782037516476e+00,7.956577847567e+00,8.708057181190e-02
-1.781885356764e+00,3.366892332147e+00,8.711029988263e-02
-1.781800261508e+00,3.978742042391e+00,8.711093752631e-02
-1.781654750341e+00,6.085067522925e+00,8.709673741682e-02
-1.781348796189e+00,5.934877722356e+00,8.709666234576e-02
-1.781265911390e+00,1.434735352435e+00,8.710356553403e-02
-1.781149716627e+00,2.755042621902e+00,8.710530161160e-02
-1.781118419754e+00,1.002608106300e+01,6.603911477142e-02
-1.781075272869e+00,7.305985027265e+00,8.708166657232e-02
-1.780964833135e+00,2.110990295333e+00,8.710317048841e-02
-1.780961332315e+00,9.770190052094e+00,7.472312301744e-02
-1.780894430858e+00,4.590591752636e+00,8.710721614560e-02
-1.780883633861e+00,6.236026047896e+00,8.709130572136e-02
-1.780741033668e+00,5.518042068281e+00,8.709749165995e-02
-1.780473515902e+00,8.957004081454e+00,8.540613689007e-02
-1.780470668125e+00,3.399094948475e+00,8.710283974213e-02
-1.780363974569e+00,4.010944658720e+00,8.710336345934e-02
-1.780235552327e+00,9.239725084091e+00,8.304384570106e-02
-1.779971351850e+00,5.785475632654e+00,8.709103032860e-02
-1.779916017650e+00,1.466937968764e+00,8.709644072905e-02
-1.779854406342e+00,8.424759588102e+00,8.706411787377e-02
-1.779814382927e+00,4.705684393210e+00,8.710064666789e-02
-1.779756626287e+00,2.787245238231e+00,8.709794926452e-02
-1.779593341095e+00,2.143192911661e+00,8.709593013791e-02
-1.779232149555e+00,8.175168460153e+00,8.706345246698e-02
-1.779055979485e+00,3.431297564804e+00,8.709536889975e-02
-1.779029984243e+00,6.387734276037e+00,8.708002561347e-02
-1.778927687629e+00,4.043147275049e+00,8.709577836033e-02
-1.778814930350e+00,1.028220594349e+01,4.692267065972e-02
-1.778676946805e+00,8.675276523687e+00,8.705523172792e-02
-1.778566123910e+00,1.499140585092e+00,8.708930616936e-02
-1.778446639229e+00,6.906516748898e+00,8.707165862068e-02
-1.778363535948e+00,2.819447854559e+00,8.709058652774e-02
-1.778346051909e+00,9.514550846301e+00,7.967210853061e-02
-1.778295440213e+00,5.136926684193e+00,8.708824975811e-02
-1.778221849055e+00,2.175395527990e+00,8.708867971402e-02
-1.778050228970e+00,5.020938244949e+00,8.708827556185e-02
-1.777946019393e+00,7.708859799740e+00,8.706092092673e-02
-1.777924088596e+00,6.722921183338e+00,8.707053148798e-02
-1.777709601627e+00,5.253628202500e+00,8.708392089448e-02
-1.777650044978e+00,7.090936886681e+00,8.706574426857e-02
-1.777641290846e+00,3.463500181133e+00,8.708788733252e-02
-1.777528115497e+00,5.636880204829e+00,8.707916321289e-02
-1.777514275105e+00,7.492059007091e+00,8.706071234629e-02
-1.777491400690e+00,4.075349891377e+00,8.708818220523e-02
-1.777216230170e+00,1.531343201420e+00,8.708216183498e-02
-1.776979052465e+00,4.905677876206e+00,8.708343450384e-02
-1.776970445608e+00,2.851650470888e+00,8.708321337929e-02
-1.776850357016e+00,2.207598144318e+00,8.708141919579e-02
-1.776817120841e+00,7.926534037820e+00,8.705284863116e-02
-1.776540647841e+00,1.000149310435e+01,6.719067618450e-02
-1.776287721829e+00,5.371027776966e+00,8.707544551603e-02
-1.776262954463e+00,9.745625028671e+00,7.533723869926e-02
-1.776226602206e+00,3.495702797461e+00,8.708039501741e-02
-1.776088457090e+00,6.540173152041e+00,8.706256608629e-02
-1.776055113751e+00,4.107552507706e+00,8.708057496995e-02
-1.775866336429e+00,1.563545817749e+00,8.707500770590e-02
-1.775693018335e+00,8.926688325213e+00,8.562200612297e-02
-1.775577355268e+00,2.883853087217e+00,8.707582979718e-02
-1.775565806363e+00,9.209344546233e+00,8.335136973436e-02
-1.775528384432e+00,7.276158596697e+00,8.705230932127e-02
-1.775478864976e+00,2.239800760647e+00,8.707414856219e-02
-1.775358450803e+00,6.055792781101e+00,8.706339268031e-02
-1.775087088258e+00,4.791160537391e+00,8.707468498893e-02
-1.774946942332e+00,5.905686850673e+00,8.706282806343e-02
-1.774853326127e+00,8.394577244013e+00,8.703760682093e-02
-1.774811913567e+00,3.527905413790e+00,8.707289193134e-02
-1.774693276523e+00,6.206668696777e+00,8.705842925012e-02
-1.774618826811e+00,4.139755124035e+00,8.707295663031e-02
-1.774516442689e+00,1.595748434078e+00,8.706784376203e-02
-1.774357875999e+00,1.025759564039e+01,4.980719581503e-02
-1.774184264928e+00,2.916055703545e+00,8.706843575930e-02
-1.774121250243e+00,8.145054743703e+00,8.703637963606e-02
-1.774107372936e+00,2.272003376975e+00,8.706686779214e-02
-1.774024902817e+00,5.489110353758e+00,8.706196546057e-02
-1.773786002494e+00,8.645026832513e+00,8.702924388601e-02
-1.773527182628e+00,9.490009348312e+00,8.005176926162e-02
-1.773464337428e+00,5.756369890139e+00,8.705641260527e-02
-1.773397224927e+00,3.560108030119e+00,8.706537805114e-02
-1.773182539872e+00,4.171957740363e+00,8.706532716207e-02
-1.773166548950e+00,1.627951050406e+00,8.706066998322e-02
-1.772945951108e+00,6.358295578264e+00,8.704783329708e-02
-1.772791174589e+00,2.948258319874e+00,8.706103124353e-02
-1.772735880896e+00,2.304205993303e+00,8.705957686452e-02
-1.772683811800e+00,6.876841604535e+00,8.704097300506e-02
-1.772616456164e+00,7.678887174243e+00,8.703254537922e-02
-1.772379606716e+00,4.677401155379e+00,8.706114055926e-02
-1.772075878961e+00,7.462158841844e+00,8.703178755340e-02
-1.772053826315e+00,6.693323587219e+00,8.703931311104e-02
-1.771995010803e+00,7.061185463617e+00,8.703567882360e-02
-1.771982536288e+00,3.592310646447e+00,8.705785335360e-02
-1.771962875928e+00,9.976905145709e+00,6.826178469128e-02
-1.771816655210e+00,1.660153666735e+00,8.705348634930e-02
-1.771746252932e+00,4.204160356692e+00,8.705768654092e-02
-1.771596725206e+00,7.896490228074e+00,8.702498797605e-02
-1.771564576611e+00,9.721060005247e+00,7.591945305507e-02
-1.771398084249e+00,2.980460936203e+00,8.705361622765e-02
-1.771364388856e+00,2.336408609632e+00,8.705227575813e-02
-1.771268734147e+00,5.108265407253e+00,8.705101444875e-02
-1.770920847665e+00,4.992369611560e+00,8.705028573141e-02
-1.770916340126e+00,5.607860848659e+00,8.704399423853e-02
-1.770912520768e+00,8.896372568971e+00,8.583019019595e-02
-1.770896060400e+00,9.178964008375e+00,8.364620544090e-02
-1.770785999597e+00,5.224875529535e+00,8.704710166622e-02
-1.770697645250e+00,1.562500050003e-02,8.740845334976e-02
-1.770697645250e+00,4.687500150008e-02,8.736665629727e-02
-1.770697645250e+00,7.812500250012e-02,8.732706590248e-02
-1.770697645250e+00,1.093750035002e-01,8.728977137518e-02
-1.770697645250e+00,1.406250045003e-01,8.725485860047e-02
-1.770697645250e+00,1.718750055004e-01,8.722240962685e-02
-1.770697645250e+00,2.031250065004e-01,8.719250216069e-02
-1.770697645250e+00,2.343750075005e-01,8.716520907270e-02
-1.770697645250e+00,2.656250085005e-01,8.714059792213e-02
-1.770697645250e+00,2.968750095005e-01,8.711873050458e-02
-1.770697645250e+00,3.281250105004e-01,8.709966242901e-02
-1.770697645250e+00,3.593750115003e-01,8.708344272959e-02
-1.770697645250e+00,3.906250125002e-01,8.707011351740e-02
-1.770697645250e+00,4.218750135002e-01,8.705970967707e-02
-1.770697645250e+00,4.531250145001e-01,8.705225861220e-02
-1.770697645250e+00,4.843750155000e-01,8.704778004356e-02
-1.770697645250e+00,5.781250184999e-01,8.704628586277e-02
-1.770697645250e+00,6.093750194999e-01,8.704628586277e-02
-1.770697645250e+00,6.406250204999e-01,8.704628586277e-02
-1.770697645250e+00,6.718750214999e-01,8.704628586277e-02
-1.770697645250e+00,7.031250224998e-01,8.704628586277e-02
-1.770697645250e+00,7.343750234998e-01,8.704628586277e-02
-1.770697645250e+00,7.656250244998e-01,8.704628586277e-02
-1.770697645250e+00,7.968750254998e-01,8.704628586277e-02
-1.770697645250e+00,8.281250264998e-01,8.704628586277e-02
-1.770697645250e+00,8.593750274999e-01,8.704628586277e-02
-1.770697645250e+00,8.906250285000e-01,8.704628586277e-02
-1.770697645250e+00,9.218750295000e-01,8.704628586277e-02
-1.770697645250e+00,9.531250305000e-01,8.704628586277e-02
-1.770697645250e+00,9.843750315000e-01,8.704628586277e-02
-1.770697645250e+00,5.156250165000e-01,8.704628586277e-02
-1.770697645250e+00,5.468750175000e-01,8.704628586277e-02
-1.770567847648e+00,3.624513262776e+00,8.705031781542e-02
-1.770466761469e+00,1.692356283063e+00,8.704629284001e-02
-1.770309965993e+00,4.236362973020e+00,8.705003474248e-02
-1.770111124272e+00,6.510654372022e+00,8.703078566274e-02
-1.770033497530e+00,1.016101340164e+00,8.704274348544e-02
-1.770004993909e+00,3.012663552531e+00,8.704619068940e-02
-1.769992896816e+00,2.368611225960e+00,8.704496445172e-02
-1.769981495995e+00,7.246332166128e+00,8.702279996192e-02
-1.769900821647e+00,1.023298533729e+01,5.238314079564e-02
-1.769852245912e+00,8.364394899923e+00,8.701097035523e-02
-1.769747430525e+00,4.877203131882e+00,8.704498412102e-02
-1.769467646813e+00,5.342184957488e+00,8.703903011197e-02
-1.769153159009e+00,3.656715879105e+00,8.704277141325e-02
-1.769116867729e+00,1.724558899391e+00,8.703908943506e-02
-1.769062151264e+00,6.026518039277e+00,8.702985496742e-02
-1.769010350931e+00,8.114941027253e+00,8.700900056095e-02
-1.768895058184e+00,8.614777141339e+00,8.700313518639e-02
-1.768873679054e+00,4.268565589349e+00,8.704237174229e-02
-1.768838400247e+00,9.462516582009e+00,8.045630728648e-02
-1.768705202089e+00,1.048303956493e+00,8.703565153683e-02
-1.768621404776e+00,2.400813842289e+00,8.703764292397e-02
-1.768611903570e+00,3.044866168860e+00,8.703875460645e-02
-1.768545088476e+00,5.876495978991e+00,8.702879640477e-02
-1.768502919185e+00,6.177311345659e+00,8.702536414575e-02
-1.767766973989e+00,1.756761515720e+00,8.703187611408e-02
-1.767753666086e+00,4.762780925608e+00,8.703576379146e-02
-1.767738470369e+00,3.688918495433e+00,8.703521412366e-02
-1.767437392114e+00,4.300768205678e+00,8.703469751583e-02
-1.767385104015e+00,9.952317187063e+00,6.926056268511e-02
-1.767376906649e+00,1.080506572821e+00,8.702854998007e-02
-1.767308771965e+00,5.460178639234e+00,8.702622370664e-02
-1.767286892935e+00,7.648914548746e+00,8.700402674867e-02
-1.767249912737e+00,2.433016458617e+00,8.703031115353e-02
-1.767218813230e+00,3.077068785189e+00,8.703130795641e-02
-1.766957323006e+00,5.727264147624e+00,8.702158743735e-02
-1.766920984370e+00,6.847166460173e+00,8.701012146008e-02
-1.766866198759e+00,9.696494981824e+00,7.647217704981e-02
-1.766861917973e+00,6.328856880492e+00,8.701521918086e-02
-1.766637482818e+00,7.432258676597e+00,8.700271475994e-02
-1.766417080250e+00,1.788964132048e+00,8.702465285667e-02
-1.766376329572e+00,7.866446418327e+00,8.699698892246e-02
-1.766339976628e+00,7.031434040552e+00,8.700533581244e-02
-1.766323781730e+00,3.721121111762e+00,8.702764592318e-02
-1.766226314437e+00,9.148583470518e+00,8.392911370844e-02
-1.766183564033e+00,6.663725991099e+00,8.700792392217e-02
-1.766132023200e+00,8.866056812729e+00,8.603126015755e-02
-1.766048611209e+00,1.112709189150e+00,8.702143879571e-02
-1.766001105175e+00,4.332970822006e+00,8.702701203851e-02
-1.765878420697e+00,2.465219074946e+00,8.702296911897e-02
-1.765825722890e+00,3.109271401517e+00,8.702385071682e-02
-1.765443767296e+00,1.020837503418e+01,5.469744790942e-02
-1.765376140592e+00,1.048928262835e+01,6.608629185278e-06
-1.765067186510e+00,1.821166748377e+00,8.701741964236e-02
-1.764944830506e+00,4.649117917547e+00,8.702137316235e-02
-1.764909093090e+00,3.753323728091e+00,8.702006678823e-02
-1.764851165696e+00,8.334212555834e+00,8.698420767356e-02
-1.764720315769e+00,1.144911805478e+00,8.701431796422e-02
-1.764564818236e+00,4.365173438335e+00,8.701931528567e-02
-1.764506928657e+00,2.497421691274e+00,8.701561679880e-02
-1.764434607558e+00,7.216505735559e+00,8.699313745154e-02
-1.764432632550e+00,3.141474017846e+00,8.701638286516e-02
-1.764304564754e+00,5.578841492489e+00,8.700861296099e-02
-1.764279704765e+00,9.432072547393e+00,8.088132461119e-02
-1.764242028082e+00,5.079604130313e+00,8.701354532226e-02
-1.764133791454e+00,6.481135592003e+00,8.699882938654e-02
-1.764004113873e+00,8.584527450165e+00,8.697690486339e-02
-1.763899451620e+00,8.084827310802e+00,8.698148746473e-02
-1.763862397567e+00,5.196122856571e+00,8.701005204191e-02
-1.763791466360e+00,4.963800978170e+00,8.701205139148e-02
-1.763717292769e+00,1.853369364705e+00,8.701017645064e-02
-1.763494404450e+00,3.785526344419e+00,8.701247669520e-02
-1.763392020329e+00,1.177114421807e+00,8.700718746604e-02
-1.763135436617e+00,2.529624307603e+00,8.700825417147e-02
-1.763128531296e+00,4.397376054664e+00,8.701160723256e-02
-1.763039542211e+00,3.173676634175e+00,8.700890437886e-02
-1.762807332102e+00,9.927729228416e+00,7.019407505252e-02
-1.762765851726e+00,5.997243297452e+00,8.699612285309e-02
-1.762647571797e+00,5.313342138011e+00,8.700238782654e-02
-1.762515808585e+00,4.848728387558e+00,8.700628561423e-02
-1.762367399029e+00,1.885571981034e+00,8.700292326091e-02
-1.762312561847e+00,6.147953994540e+00,8.699210901006e-02
-1.762167820908e+00,9.671929958400e+00,7.699758485150e-02
-1.762143234619e+00,5.847305107309e+00,8.699456592107e-02
-1.762079715811e+00,3.817728960748e+00,8.700487562041e-02
-1.762063724889e+00,1.209317038136e+00,8.700004728156e-02
-1.761957329707e+00,7.618941923249e+00,8.697536406509e-02
-1.761763944577e+00,2.561826923931e+00,8.700088121538e-02
-1.761692244357e+00,4.429578670992e+00,8.700388785438e-02
-1.761646451871e+00,3.205879250504e+00,8.700141523527e-02
-1.761556568474e+00,9.118202932660e+00,8.420079626143e-02
-1.761351525633e+00,8.835741056488e+00,8.622557042082e-02
-1.761199086675e+00,7.402358511351e+00,8.697349295606e-02
-1.761158156940e+00,6.817491315811e+00,8.697910280016e-02
-1.761155933937e+00,7.836402608580e+00,8.696885053945e-02
-1.761039912538e+00,1.046465057211e+01,1.009165592304e-02
-1.761017505289e+00,1.917774597362e+00,8.699566005255e-02
-1.760986712945e+00,1.018376473109e+01,5.678799804577e-02
-1.760777884837e+00,6.299418182719e+00,8.698241932899e-02
-1.760735429448e+00,1.241519654464e+00,8.699289739108e-02
-1.760684942453e+00,7.001682617487e+00,8.697483043726e-02
-1.760665027171e+00,3.849931577077e+00,8.699726354008e-02
-1.760592641114e+00,5.431246924711e+00,8.699026478776e-02
-1.760450308584e+00,5.698158405109e+00,8.698655324590e-02
-1.760420243915e+00,4.734401313824e+00,8.699626263238e-02
-1.760392452537e+00,2.594029540260e+00,8.699349790887e-02
-1.760313301752e+00,6.634128394980e+00,8.697636269891e-02
-1.760255957417e+00,4.461781287321e+00,8.699615712625e-02
-1.760253361531e+00,3.238081866832e+00,8.699391541169e-02
-1.759850085481e+00,8.304030211744e+00,8.695731796713e-02
-1.759721009283e+00,9.401628512778e+00,8.128576589459e-02
-1.759667611549e+00,1.949977213691e+00,8.698838680487e-02
-1.759407134008e+00,1.273722270792e+00,8.698573777490e-02
-1.759250338532e+00,3.882134193405e+00,8.698964043041e-02
-1.759113169562e+00,8.554277758991e+00,8.695055214587e-02
-1.759020960498e+00,2.626232156588e+00,8.698610423021e-02
-1.758887719121e+00,7.186679304990e+00,8.696332074001e-02
-1.758860271192e+00,3.270284483161e+00,8.698640488533e-02
-1.758819670478e+00,4.493983903650e+00,8.698841502322e-02
-1.758788552308e+00,8.054713594352e+00,8.695383953120e-02
-1.758317717809e+00,1.982179830019e+00,8.698110349712e-02
-1.758229560189e+00,9.903141269770e+00,7.106849585786e-02
-1.758156458636e+00,6.451616811984e+00,8.696669599955e-02
-1.758078838568e+00,1.305924887121e+00,8.697856841323e-02
-1.757835649892e+00,3.914336809734e+00,8.698200626749e-02
-1.757692789382e+00,5.549822136320e+00,8.697301777804e-02
-1.757649468458e+00,2.658434772917e+00,8.697870015762e-02
-1.757510054296e+00,4.620834679716e+00,8.698134245393e-02
-1.757469443056e+00,9.647364934977e+00,7.749764220919e-02
-1.757467180852e+00,3.302487099489e+00,8.697888363337e-02
-1.757383383539e+00,4.526186519978e+00,8.698066152027e-02
-1.757215322016e+00,5.050942853372e+00,8.697576240064e-02
-1.756967824069e+00,2.014382446347e+00,8.697381010850e-02
-1.756938795537e+00,5.167370183607e+00,8.697277026172e-02
-1.756886822511e+00,9.087822394802e+00,8.446190127661e-02
-1.756750543128e+00,1.338127503449e+00,8.697138928623e-02
-1.756703684485e+00,1.044001851586e+01,1.830004749059e-02
-1.756662085055e+00,4.935232344780e+00,8.697357063766e-02
-1.756627766478e+00,7.588969297752e+00,8.694655635131e-02
-1.756571028066e+00,8.805425300246e+00,8.641345255691e-02
-1.756529658593e+00,1.015915442798e+01,5.868569647269e-02
-1.756469552188e+00,5.967968555628e+00,8.696219490267e-02
-1.756420961253e+00,3.946539426063e+00,8.697436102735e-02
-1.756277976418e+00,2.690637389245e+00,8.697128566925e-02
-1.756122204510e+00,6.118596643421e+00,8.695866243493e-02
-1.756074090512e+00,3.334689715818e+00,8.697135163291e-02
-1.755947096599e+00,4.558389136307e+00,8.697289659229e-02
-1.755935538302e+00,7.806358798833e+00,8.694057188913e-02
-1.755827496781e+00,5.284499318533e+00,8.696551690427e-02
-1.755760690531e+00,7.372458346104e+00,8.694412112458e-02
-1.755741380762e+00,5.818114235626e+00,8.695991499524e-02
-1.755617930329e+00,2.046585062676e+00,8.696650661814e-02
-1.755422247688e+00,1.370330119778e+00,8.696420037403e-02
-1.755395329510e+00,6.787816171448e+00,8.694791583097e-02
-1.755284186645e+00,4.820253643233e+00,8.696733708851e-02
-1.755162313801e+00,9.371184478162e+00,8.167123413565e-02
-1.755029908278e+00,6.971931194423e+00,8.694416154130e-02
-1.755006272613e+00,3.978742042391e+00,8.696670468599e-02
-1.754906484378e+00,2.722840005574e+00,8.696386074320e-02
-1.754849005265e+00,8.273847867655e+00,8.693018614151e-02
-1.754693851702e+00,6.269979484946e+00,8.694943236239e-02
-1.754681000173e+00,3.366892332147e+00,8.696380886098e-02
-1.754510809660e+00,4.590591752636e+00,8.696512021412e-02
-1.754443039470e+00,6.604530798860e+00,8.694462821003e-02
-1.754268036589e+00,2.078787679004e+00,8.695919300513e-02
-1.754222225252e+00,8.524028067817e+00,8.692407625724e-02
-1.754093952248e+00,1.402532736107e+00,8.695700165669e-02
-1.753943294162e+00,5.669052662594e+00,8.695130844120e-02
-1.753876510263e+00,5.402315210188e+00,8.695396872629e-02
-1.753677652997e+00,8.024599877902e+00,8.692605586068e-02
-1.753651788276e+00,9.878553311125e+00,7.188924446390e-02
-1.753591583974e+00,4.010944658720e+00,8.695903721928e-02
-1.753534992338e+00,2.755042621902e+00,8.695642535749e-02
-1.753340830684e+00,7.156852874421e+00,8.693326196086e-02
-1.753287909833e+00,3.399094948475e+00,8.695625529455e-02
-1.753086821743e+00,4.706021702041e+00,8.695648030668e-02
-1.752918142849e+00,2.110990295333e+00,8.695186924850e-02
-1.752771065204e+00,9.622799911553e+00,7.797383864011e-02
-1.752765656807e+00,1.434735352435e+00,8.694979311420e-02
-1.752367456432e+00,1.041538645962e+01,2.510717373971e-02
-1.752217076548e+00,9.057441856945e+00,8.471302837439e-02
-1.752179125818e+00,6.422098031965e+00,8.693438423496e-02
-1.752176895334e+00,4.043147275049e+00,8.695135860306e-02
-1.752163500298e+00,2.787245238231e+00,8.694897949010e-02
-1.752072604242e+00,1.013454412488e+01,6.041600784887e-02
-1.751894819493e+00,3.431297564804e+00,8.694869091053e-02
-1.751790530498e+00,8.775109544005e+00,8.659521709463e-02
-1.751568249109e+00,2.143192911661e+00,8.694453532722e-02
-1.751437361367e+00,1.466937968764e+00,8.694257472654e-02
-1.751298203249e+00,7.558996672255e+00,8.691760262305e-02
-1.751081014011e+00,5.520802780150e+00,8.693720707739e-02
-1.750792008258e+00,2.819447854559e+00,8.694152311895e-02
-1.750762206695e+00,4.075349891377e+00,8.694366881311e-02
-1.750715142667e+00,7.776314989086e+00,8.691215202666e-02
-1.750603618319e+00,9.340740443546e+00,8.203901793750e-02
-1.750501729154e+00,3.463500181133e+00,8.694111568576e-02
-1.750322294388e+00,7.342558180857e+00,8.691459824101e-02
-1.750218355369e+00,2.175395527990e+00,8.693719122019e-02
-1.750188615950e+00,5.022281576432e+00,8.693749353726e-02
-1.750173252650e+00,5.938693813804e+00,8.692806967190e-02
-1.750109065927e+00,1.499140585092e+00,8.693534647359e-02
-1.750015193507e+00,5.138617510642e+00,8.693525455595e-02
-1.749931847172e+00,6.089239292302e+00,8.692502300229e-02
-1.749847925050e+00,8.243665523565e+00,8.690286431908e-02
-1.749632502081e+00,6.758141027086e+00,8.691655934937e-02
-1.749532703750e+00,4.906663711391e+00,8.693484155524e-02
-1.749420516218e+00,2.851650470888e+00,8.693405622187e-02
-1.749374874104e+00,6.942179771359e+00,8.691332795906e-02
-1.749347518055e+00,4.107552507706e+00,8.693596782510e-02
-1.749339526906e+00,5.788923363943e+00,8.692500656652e-02
-1.749331280941e+00,8.493778376643e+00,8.689747641537e-02
-1.749108638814e+00,3.495702797461e+00,8.693352959701e-02
-1.749074016363e+00,9.853965352479e+00,7.266109743298e-02
-1.749007421765e+00,5.255656499055e+00,8.692841557872e-02
-1.748868461629e+00,2.207598144318e+00,8.692983690627e-02
-1.748780770487e+00,1.531343201420e+00,8.692810833520e-02
-1.748609818567e+00,6.240540787174e+00,8.691625689186e-02
-1.748572777189e+00,6.574933202741e+00,8.691271921555e-02
-1.748566753685e+00,7.994486161451e+00,8.689813554679e-02
-1.748072687352e+00,9.598234888130e+00,7.842764055212e-02
-1.748052564704e+00,4.791778898909e+00,8.692813664040e-02
-1.748049024179e+00,2.883853087217e+00,8.692657877667e-02
-1.748031228378e+00,1.039075440337e+01,3.084348149544e-02
-1.747932829416e+00,4.139755124035e+00,8.692825561467e-02
-1.747793942247e+00,7.127026443852e+00,8.690292204147e-02
-1.747715548474e+00,3.527905413790e+00,8.692593262100e-02
-1.747615549890e+00,1.010993382178e+01,6.200010298068e-02
-1.747547330584e+00,9.027061319087e+00,8.495473306491e-02
-1.747518567889e+00,2.239800760647e+00,8.692247236425e-02
-1.747452475047e+00,1.563545817749e+00,8.692086029117e-02
-1.747436279740e+00,5.639946920079e+00,8.691585142282e-02
-1.747160379412e+00,5.373383495665e+00,8.691726882585e-02
-1.747010032931e+00,8.744793787763e+00,8.677115515365e-02
-1.746677532139e+00,2.916055703545e+00,8.691909076106e-02
-1.746518140776e+00,4.171957740363e+00,8.692053215736e-02
-1.746322458134e+00,3.560108030119e+00,8.691832473436e-02
-1.746201793001e+00,6.392579251946e+00,8.690165553177e-02
-1.746168674149e+00,2.272003376975e+00,8.691509757288e-02
-1.746124179606e+00,1.595748434078e+00,8.691360232123e-02
-1.746044922837e+00,9.310296408930e+00,8.239029276594e-02
-1.745968640021e+00,7.529024046758e+00,8.688850188878e-02
-1.745753399571e+00,4.677642090258e+00,8.691643431602e-02
-1.745494747032e+00,7.746271179339e+00,8.688359000019e-02
-1.745306040099e+00,2.948258319874e+00,8.691159215271e-02
-1.745103452137e+00,4.204160356692e+00,8.691279742866e-02
-1.744929367795e+00,3.592310646447e+00,8.691070591367e-02
-1.744883898245e+00,7.312658015611e+00,8.688492327347e-02
-1.744846844834e+00,8.213483179476e+00,8.687541019237e-02
-1.744818780409e+00,2.304205993303e+00,8.690771251082e-02
-1.744795884166e+00,1.627951050406e+00,8.690633440506e-02
-1.744496244450e+00,9.829377393833e+00,7.338828109143e-02
-1.744469238639e+00,5.491783423980e+00,8.690117923667e-02
-1.744440336631e+00,8.463528685469e+00,8.687075183261e-02
-1.743934548059e+00,2.980460936203e+00,8.690408292922e-02
-1.743876953112e+00,5.909419071980e+00,8.689374570696e-02
-1.743869674651e+00,6.728465882723e+00,8.688503214347e-02
-1.743741489834e+00,6.059881941183e+00,8.689118928419e-02
-1.743719839929e+00,6.912428348294e+00,8.688232851634e-02
-1.743695000325e+00,1.036612234713e+01,3.574308910421e-02
-1.743688763497e+00,4.236362973020e+00,8.690505140398e-02
-1.743536277455e+00,3.624513262776e+00,8.690307613544e-02
-1.743468886669e+00,2.336408609632e+00,8.690031715671e-02
-1.743467588726e+00,1.660153666734e+00,8.689905652229e-02
-1.743455854373e+00,7.964372445001e+00,8.687007767636e-02
-1.743374309500e+00,9.573669864707e+00,7.886107214667e-02
-1.743161909885e+00,4.993620299492e+00,8.689897817052e-02
-1.743158495539e+00,1.008532351868e+01,6.345572725961e-02
-1.743091591476e+00,5.109864837678e+00,8.689750314514e-02
-1.742937673049e+00,5.759732492261e+00,8.688988924218e-02
-1.742877584621e+00,8.996680781229e+00,8.518753071665e-02
-1.742702514907e+00,6.545335606622e+00,8.688063446669e-02
-1.742563056019e+00,3.012663552531e+00,8.689656306814e-02
-1.742525785432e+00,6.211102089401e+00,8.688289151809e-02
-1.742403322445e+00,4.878095078001e+00,8.689586221934e-02
-1.742274074857e+00,4.268565589349e+00,8.689729405866e-02
-1.742247053810e+00,7.097200013284e+00,8.687242094995e-02
-1.742229535364e+00,8.714478031521e+00,8.685568305542e-02
-1.742187346749e+00,5.226813679577e+00,8.689108207253e-02
-1.742143187115e+00,3.656715879105e+00,8.689543537613e-02
-1.742139293286e+00,1.692356283063e+00,8.689176865249e-02
-1.742118992929e+00,2.368611225960e+00,8.689291148910e-02
-1.741905813620e+00,7.812500250012e-02,8.718288516146e-02
-1.741905813620e+00,1.562500050003e-02,8.726787168415e-02
-1.741905813620e+00,4.687500150008e-02,8.722423429720e-02
-1.741905813620e+00,1.093750035002e-01,8.714391995910e-02
-1.741905813620e+00,1.406250045003e-01,8.710743090216e-02
-1.741905813620e+00,1.718750055004e-01,8.707350616945e-02
-1.741905813620e+00,2.031250065004e-01,8.704222934928e-02
-1.741905813620e+00,2.343750075005e-01,8.701367889434e-02
-1.741905813620e+00,2.656250085005e-01,8.698792759531e-02
-1.741905813620e+00,2.968750095005e-01,8.696504207963e-02
-1.741905813620e+00,3.281250105004e-01,8.694508234209e-02
-1.741905813620e+00,3.593750115003e-01,8.692810131344e-02
-1.741905813620e+00,3.906250125002e-01,8.691414447295e-02
-1.741905813620e+00,4.218750135002e-01,8.690324951045e-02
-1.741905813620e+00,4.531250145001e-01,8.689544604275e-02
-1.741905813620e+00,4.843750155000e-01,8.689075538847e-02
-1.741905813620e+00,5.781250184999e-01,8.688919040479e-02
-1.741905813620e+00,6.093750194999e-01,8.688919040479e-02
-1.741905813620e+00,6.406250204999e-01,8.688919040479e-02
-1.741905813620e+00,6.718750214999e-01,8.688919040479e-02
-1.741905813620e+00,7.031250224998e-01,8.688919040479e-02
-1.741905813620e+00,7.343750234998e-01,8.688919040479e-02
-1.741905813620e+00,7.656250244998e-01,8.688919040479e-02
-1.741905813620e+00,7.968750254998e-01,8.688919040479e-02
-1.741905813620e+00,8.281250264998e-01,8.688919040479e-02
-1.741905813620e+00,8.593750274999e-01,8.688919040479e-02
-1.741905813620e+00,8.906250285000e-01,8.688919040479e-02
-1.741905813620e+00,9.218750295000e-01,8.688919040479e-02
-1.741905813620e+00,9.531250305000e-01,8.688919040479e-02
-1.741905813620e+00,9.843750315000e-01,8.688919040479e-02
-1.741905813620e+00,5.156250165000e-01,8.688919040479e-02
-1.741905813620e+00,5.468750175000e-01,8.688919040479e-02
-1.741486227355e+00,9.279852374315e+00,8.272613301557e-02
-1.741252465049e+00,1.016101340164e+00,8.688560079561e-02
-1.741191563979e+00,3.044866168860e+00,8.688903254693e-02
-1.740929265318e+00,5.610841177564e+00,8.688018057960e-02
-1.740859386218e+00,4.300768205678e+00,8.688952536798e-02
-1.740820942765e+00,4.763304154584e+00,8.688865435613e-02
-1.740810997846e+00,1.724558899391e+00,8.688447077518e-02
-1.740769099189e+00,2.400813842289e+00,8.688549548649e-02
-1.740750096776e+00,3.688918495433e+00,8.688778361210e-02
-1.740639076792e+00,7.499051421260e+00,8.685925314974e-02
-1.740444248560e+00,5.344451781142e+00,8.688034034784e-02
-1.740274351397e+00,7.716227369592e+00,8.685488485082e-02
-1.740224460183e+00,6.363060471927e+00,8.686873635109e-02
-1.739945767909e+00,1.048303956493e+00,8.687841430066e-02
-1.739918472537e+00,9.804789435187e+00,7.407454854630e-02
-1.739845764619e+00,8.183300835386e+00,8.684782288571e-02
-1.739820071940e+00,3.077068785189e+00,8.688149134300e-02
-1.739549392320e+00,8.433278994295e+00,8.684379793894e-02
-1.739482702406e+00,1.756761515720e+00,8.687716286982e-02
-1.739445502102e+00,7.282757850364e+00,8.685509518268e-02
-1.739444697578e+00,4.332970822006e+00,8.688174530712e-02
-1.739419205449e+00,2.433016458617e+00,8.687806912732e-02
-1.739358772272e+00,1.034149029088e+01,3.997650302514e-02
-1.739357006436e+00,3.721121111762e+00,8.688012081966e-02
-1.738701441188e+00,1.006071321558e+01,6.479786652271e-02
-1.738675931649e+00,9.549104841283e+00,7.927546377109e-02
-1.738639070769e+00,1.080506572821e+00,8.687121808724e-02
-1.738448579900e+00,3.109271401517e+00,8.687393943372e-02
-1.738419977400e+00,4.649262478475e+00,8.687612258865e-02
-1.738344955062e+00,7.934258728550e+00,8.684188132943e-02
-1.738207838658e+00,8.966300243372e+00,8.541190010610e-02
-1.738154406965e+00,1.788964132048e+00,8.686984491581e-02
-1.738106847221e+00,6.698790738360e+00,8.685333299252e-02
-1.738069311709e+00,2.465219074946e+00,8.687063238999e-02
-1.738064805754e+00,6.882676925230e+00,8.685116203012e-02
-1.738030008939e+00,4.365173438335e+00,8.687395385122e-02
-1.737963916096e+00,3.753323728091e+00,8.687244697507e-02
-1.737857463268e+00,5.462764067810e+00,8.686493262359e-02
-1.737580653574e+00,5.880144330155e+00,8.685918221296e-02
-1.737551132496e+00,6.030524590064e+00,8.685715984273e-02
-1.737449037796e+00,8.684162275280e+00,8.682934984027e-02
-1.737332373628e+00,1.112709189150e+00,8.686401213572e-02
-1.737077087860e+00,3.141474017846e+00,8.686637679637e-02
-1.736927531874e+00,9.249408339699e+00,8.304752257663e-02
-1.736832252626e+00,6.515738010502e+00,8.684837270590e-02
-1.736826111525e+00,1.821166748377e+00,8.686251689251e-02
-1.736719417969e+00,2.497421691274e+00,8.686318525281e-02
-1.736700165373e+00,7.067373582715e+00,8.684175754141e-02
-1.736615320299e+00,4.397376054664e+00,8.686615097533e-02
-1.736570825757e+00,3.785526344419e+00,8.686476205449e-02
-1.736535819192e+00,5.730541620578e+00,8.685456142618e-02
-1.736441752297e+00,6.181663391629e+00,8.684933483156e-02
-1.736167989446e+00,5.081112164713e+00,8.685951424029e-02
-1.736135203819e+00,4.964959022552e+00,8.686021436065e-02
-1.736025676488e+00,1.144911805478e+00,8.685679642639e-02
-1.735705595820e+00,3.173676634175e+00,8.685880340816e-02
-1.735497816085e+00,1.853369364705e+00,8.685517877921e-02
-1.735369524229e+00,2.529624307603e+00,8.685572769406e-02
-1.735367271732e+00,5.197970860099e+00,8.685351459760e-02
-1.735340700623e+00,9.780201476541e+00,7.472324411840e-02
-1.735309513564e+00,7.469078795763e+00,8.682985539988e-02
-1.735273941140e+00,4.849526444612e+00,8.685663069523e-02
-1.735200631660e+00,4.429578670992e+00,8.685833665444e-02
-1.735177735417e+00,3.817728960748e+00,8.685706603402e-02
-1.735053955762e+00,7.686183559845e+00,8.682603561260e-02
-1.735022544219e+00,1.031685823464e+01,4.367084848775e-02
-1.734844684403e+00,8.153118491297e+00,8.682010151687e-02
-1.734718979348e+00,1.177114421807e+00,8.684957093950e-02
-1.734658448010e+00,8.403029303121e+00,8.681664853015e-02
-1.734422250896e+00,5.581735435049e+00,8.684429428976e-02
-1.734334103780e+00,3.205879250504e+00,8.685121924627e-02
-1.734247127365e+00,6.333541691908e+00,8.683563018512e-02
-1.734244386836e+00,1.003610291248e+01,6.603926340310e-02
-1.734169520645e+00,1.885571981034e+00,8.684783055514e-02
-1.734019630489e+00,2.561826923931e+00,8.684825969192e-02
-1.734007105958e+00,7.252857685117e+00,8.682499730650e-02
-1.733977553797e+00,9.524539817859e+00,7.967203286100e-02
-1.733785943020e+00,4.461781287321e+00,8.685051086346e-02
-1.733784645077e+00,3.849931577077e+00,8.684935888972e-02
-1.733728117709e+00,5.315520066618e+00,8.684318151155e-02
-1.733589320824e+00,4.734829410260e+00,8.684859018942e-02
-1.733538092695e+00,8.935919705514e+00,8.562793191247e-02
-1.733412282207e+00,1.209317038136e+00,8.684233565527e-02
-1.733234055750e+00,7.904145012100e+00,8.681354557918e-02
-1.732962611740e+00,3.238081866832e+00,8.684362428777e-02
-1.732841225205e+00,1.917774597362e+00,8.684047219949e-02
-1.732669736749e+00,2.594029540260e+00,8.684078122455e-02
-1.732668540229e+00,8.653846519038e+00,8.680289484343e-02
-1.732409771579e+00,6.852925502166e+00,8.681982730860e-02
-1.732391554737e+00,3.882134193405e+00,8.684164059755e-02
-1.732371254381e+00,4.493983903650e+00,8.684267357722e-02
-1.732368836392e+00,9.218964305083e+00,8.335536411339e-02
-1.732344019791e+00,6.669115593998e+00,8.682146066691e-02
-1.732105585067e+00,1.241519654464e+00,8.683509055384e-02
-1.731591119700e+00,3.270284483161e+00,8.683601850971e-02
-1.731512929765e+00,1.949977213691e+00,8.683310369138e-02
-1.731360775159e+00,6.001167238946e+00,8.682293323012e-02
-1.731319843009e+00,2.626232156588e+00,8.683329227003e-02
-1.731284354035e+00,5.850869588331e+00,8.682418286017e-02
-1.731245687896e+00,5.433744711640e+00,8.682839682443e-02
-1.731153276936e+00,7.037547152146e+00,8.681093066224e-02
-1.731086555228e+00,4.620882866692e+00,8.683554304302e-02
-1.730998464398e+00,3.914336809734e+00,8.683391113341e-02
-1.730961990344e+00,6.486140414382e+00,8.681591783574e-02
-1.730956565741e+00,4.526186519978e+00,8.683482477049e-02
-1.730798887927e+00,1.273722270792e+00,8.682783561530e-02
-1.730762928710e+00,9.755613517895e+00,7.533735752655e-02
-1.730686316165e+00,1.029222617839e+01,4.692284106332e-02
-1.730357719162e+00,6.152224693856e+00,8.681558541261e-02
-1.730219627660e+00,3.302487099489e+00,8.682840188905e-02
-1.730184634324e+00,1.982179830019e+00,8.682572500988e-02
-1.730133965336e+00,5.701350748896e+00,8.681902151130e-02
-1.729979950335e+00,7.439106170266e+00,8.680030762586e-02
-1.729969949269e+00,2.658434772917e+00,8.682579280639e-02
-1.729843604188e+00,8.122936147207e+00,8.679224519701e-02
-1.729833560127e+00,7.656139750098e+00,8.679704131244e-02
-1.729787332485e+00,1.001149260938e+01,6.719082192321e-02
-1.729767503699e+00,8.372779611947e+00,8.678936924659e-02
-1.729605374058e+00,3.946539426063e+00,8.682617047314e-02
-1.729541877102e+00,4.558389136307e+00,8.682696441797e-02
-1.729492190786e+00,1.305924887121e+00,8.682057081969e-02
-1.729279175945e+00,9.499974794436e+00,8.005169927942e-02
-1.729244387416e+00,5.052359491749e+00,8.682106178894e-02
-1.729108497753e+00,4.936297745612e+00,8.682120015658e-02
-1.728868346732e+00,8.905539167656e+00,8.583623740868e-02
-1.728856338884e+00,2.014382446347e+00,8.681833613401e-02
-1.728848135621e+00,3.334689715818e+00,8.682077440270e-02
-1.728620055529e+00,2.690637389245e+00,8.681828281159e-02
-1.728568709815e+00,7.222957519871e+00,8.679464891884e-02
-1.728547196716e+00,5.169128040621e+00,8.681571135520e-02
-1.728269794547e+00,6.304022911889e+00,8.680233564461e-02
-1.728212283718e+00,3.978742042391e+00,8.681841859250e-02
-1.728185493646e+00,1.338127503449e+00,8.681329614700e-02
-1.728144559835e+00,4.820957811222e+00,8.681714503845e-02
-1.728127188462e+00,4.590591752636e+00,8.681909249426e-02
-1.728123156439e+00,7.874031295649e+00,8.678506949188e-02
-1.727915236474e+00,5.552629692534e+00,8.680819092092e-02
-1.727888042662e+00,8.623530762797e+00,8.677631729796e-02
-1.727810140910e+00,9.188520270467e+00,8.365048723221e-02
-1.727528043444e+00,2.046585062676e+00,8.681093704270e-02
-1.727476643581e+00,3.366892332147e+00,8.681313602748e-02
-1.727270161789e+00,2.722840005574e+00,8.681076226352e-02
-1.727011986858e+00,5.286588352095e+00,8.680579052467e-02
-1.726878796506e+00,1.370330119778e+00,8.680601157717e-02
-1.726819193379e+00,4.010944658720e+00,8.681065546718e-02
-1.726754737404e+00,6.823174079102e+00,8.678832315111e-02
-1.726581192362e+00,6.639440449635e+00,8.678941392817e-02
-1.726357698884e+00,4.706354665935e+00,8.680826001976e-02
-1.726350088112e+00,1.026759412215e+01,4.980736646660e-02
-1.726199748004e+00,2.078787679004e+00,8.680352771486e-02
-1.726185156797e+00,9.731025559249e+00,7.591956967593e-02
-1.726105151541e+00,3.399094948475e+00,8.680548674017e-02
-1.725920268049e+00,2.755042621902e+00,8.680323114004e-02
-1.725606388499e+00,7.007720721577e+00,8.677993915008e-02
-1.725572099365e+00,1.402532736107e+00,8.679871709007e-02
-1.725426103039e+00,4.043147275049e+00,8.680288107282e-02
-1.725330278134e+00,9.986882306280e+00,6.826192756802e-02
-1.725170417821e+00,5.971809887827e+00,8.678850798867e-02
-1.725091728063e+00,6.456542818263e+00,8.678305567542e-02
-1.724988054497e+00,5.821594846507e+00,8.678897475708e-02
-1.724876559389e+00,8.342529920773e+00,8.676195923610e-02
-1.724871452564e+00,2.110990295333e+00,8.679610812933e-02
-1.724842523972e+00,8.092753803118e+00,8.676425303066e-02
-1.724733659501e+00,3.431297564804e+00,8.679782651748e-02
-1.724706310962e+00,9.472439160155e+00,8.045658326805e-02
-1.724650387106e+00,7.409133544769e+00,8.677060880696e-02
-1.724633912525e+00,5.404725355471e+00,8.679140444685e-02
-1.724613164492e+00,7.626095940351e+00,8.676790097008e-02
-1.724570374309e+00,2.787245238231e+00,8.679568941891e-02
-1.724273686027e+00,6.122785996084e+00,8.678164183139e-02
-1.724265402225e+00,1.434735352435e+00,8.679141266554e-02
-1.724198600768e+00,8.875158629799e+00,8.603741648666e-02
-1.724033012699e+00,4.075349891377e+00,8.679509538497e-02
-1.723732111479e+00,5.672159877213e+00,8.678326787912e-02
-1.723543157124e+00,2.143192911661e+00,8.678867826488e-02
-1.723362167461e+00,3.463500181133e+00,8.679015533604e-02
-1.723251445428e+00,9.158076235851e+00,8.393365568970e-02
-1.723220480569e+00,2.819447854559e+00,8.678813707785e-02
-1.723130313672e+00,7.193057354624e+00,8.676414051992e-02
-1.723107545094e+00,8.593215006555e+00,8.674947001856e-02
-1.723012257127e+00,7.843917579199e+00,8.675645212689e-02
-1.722958705085e+00,1.466937968764e+00,8.678409828333e-02
-1.722639922360e+00,4.107552507706e+00,8.678729837911e-02
-1.722320785386e+00,5.023606818784e+00,8.678225854555e-02
-1.722292461729e+00,6.274504131870e+00,8.676885132995e-02
-1.722214861684e+00,2.175395527990e+00,8.678123810025e-02
-1.722081791688e+00,4.907636468671e+00,8.678193359609e-02
-1.722013860059e+00,1.024296206590e+01,5.238331066425e-02
-1.721990675421e+00,3.495702797461e+00,8.678247317243e-02
-1.721870586829e+00,2.851650470888e+00,8.678057409452e-02
-1.721727121700e+00,5.140285221143e+00,8.677767053608e-02
-1.721652007944e+00,1.499140585092e+00,8.677677392318e-02
-1.721607384884e+00,9.706437600603e+00,7.647229153008e-02
-1.721408222052e+00,5.523523950020e+00,8.677186883017e-02
-1.721246832020e+00,4.139755124035e+00,8.677949003066e-02
-1.721099703229e+00,6.793422656037e+00,8.675664834807e-02
-1.721015178530e+00,4.792389177832e+00,8.677740329513e-02
-1.720886566243e+00,2.207598144318e+00,8.677378761409e-02
-1.720873223782e+00,9.962272003180e+00,6.926070274428e-02
-1.720818364932e+00,6.609765305273e+00,8.675719152890e-02
-1.720619183382e+00,3.527905413790e+00,8.677478000316e-02
-1.720520693089e+00,2.883853087217e+00,8.677300044652e-02
-1.720345310804e+00,1.531343201420e+00,8.676943956474e-02
-1.720295856007e+00,5.257656637572e+00,8.676816558332e-02
-1.720258958849e+00,9.441932915018e+00,8.088223532308e-02
-1.720059500062e+00,6.977894291009e+00,8.674878183381e-02
-1.719985615078e+00,8.312280229599e+00,8.673441764013e-02
-1.719853741680e+00,4.171957740363e+00,8.677167031497e-02
-1.719841443757e+00,8.062571459028e+00,8.673612411565e-02
-1.719558270803e+00,2.239800760647e+00,8.676632678501e-02
-1.719528854805e+00,8.844778091941e+00,8.623182460582e-02
-1.719392768857e+00,7.596052130604e+00,8.673861359808e-02
-1.719320823878e+00,7.379160919272e+00,8.674075791513e-02
-1.719247691342e+00,3.560108030119e+00,8.676707580467e-02
-1.719221465782e+00,6.426945222144e+00,8.675000803380e-02
-1.719170799349e+00,2.916055703545e+00,8.676541611136e-02
-1.719126076944e+00,4.677879921611e+00,8.676766172865e-02
-1.719038613664e+00,1.563545817749e+00,8.676209518762e-02
-1.718980060483e+00,5.942452536708e+00,8.675388265082e-02
-1.718692749946e+00,9.127632201235e+00,8.420557376917e-02
-1.718691754959e+00,5.792320104683e+00,8.675355630275e-02
-1.718460651341e+00,4.204160356692e+00,8.676383920731e-02
-1.718327047527e+00,8.562899250313e+00,8.672247408759e-02
-1.718229975363e+00,2.272003376975e+00,8.675885559156e-02
-1.718189652892e+00,6.093347298311e+00,8.674750264787e-02
-1.718022137153e+00,5.375705999301e+00,8.675418180121e-02
-1.717901357816e+00,7.813803862749e+00,8.672769253658e-02
-1.717876199302e+00,3.592310646447e+00,8.675936055333e-02
-1.717820905609e+00,2.948258319874e+00,8.675782106652e-02
-1.717731916524e+00,1.595748434078e+00,8.675474077137e-02
-1.717691917528e+00,7.163157189377e+00,8.673347097711e-02
-1.717677632006e+00,1.021833000966e+01,5.469761626563e-02
-1.717330257622e+00,5.642969005531e+00,8.674729890013e-02
-1.717067561001e+00,4.236362973020e+00,8.675599668288e-02
-1.717029612971e+00,9.681849641957e+00,7.699769725539e-02
-1.716901679923e+00,2.304205993303e+00,8.675137401223e-02
-1.716504707262e+00,3.624513262776e+00,8.675163422546e-02
-1.716471011869e+00,2.980460936203e+00,8.675021528941e-02
-1.716425219383e+00,1.627951050406e+00,8.674737629550e-02
-1.716416169431e+00,9.937661700079e+00,7.019421234806e-02
-1.716315128911e+00,6.244985351851e+00,8.673517583118e-02
-1.716233717068e+00,1.049924687528e+01,6.608629167686e-06
-1.715811606735e+00,9.411426669881e+00,8.128724859328e-02
-1.715674470661e+00,4.268565589349e+00,8.674814271681e-02
-1.715573384483e+00,2.336408609632e+00,8.674388202544e-02
-1.715444669054e+00,6.763671232973e+00,8.672480168105e-02
-1.715397183356e+00,4.994854145820e+00,8.674320485091e-02
-1.715133215222e+00,3.656715879105e+00,8.674389679728e-02
-1.715121118129e+00,3.012663552531e+00,8.674259875737e-02
-1.715118522243e+00,1.660153666734e+00,8.674000173944e-02
-1.715094670768e+00,8.282030538425e+00,8.670674359369e-02
-1.715055537502e+00,6.580090160910e+00,8.672479221279e-02
-1.715055085622e+00,4.878975191731e+00,8.674241270603e-02
-1.714907046684e+00,5.111442401665e+00,8.673939032061e-02
-1.714901207630e+00,5.494418207505e+00,8.673532636412e-02
-1.714859108842e+00,8.814397554083e+00,8.641979428680e-02
-1.714840363541e+00,8.032389114939e+00,8.670785754305e-02
-1.714512611625e+00,6.948067860440e+00,8.671745753345e-02
-1.714281380321e+00,4.300768205678e+00,8.674027728416e-02
-1.714245089043e+00,2.368611225960e+00,8.673637960958e-02
-1.714172373222e+00,7.566008320857e+00,8.670917820178e-02
-1.714134054464e+00,9.097188166620e+00,8.446689193448e-02
-1.713991260649e+00,7.349188293775e+00,8.671057255515e-02
-1.713885797224e+00,4.763820544443e+00,8.673732436409e-02
-1.713811825103e+00,1.692356283063e+00,8.673261708259e-02
-1.713771224389e+00,3.044866168860e+00,8.673497144768e-02
-1.713761723182e+00,3.688918495433e+00,8.673614824499e-02
-1.713579725156e+00,5.228724923049e+00,8.673030487213e-02
-1.713546549959e+00,8.532583494072e+00,8.669535060877e-02
-1.713351203500e+00,6.397347626024e+00,8.671677353282e-02
-1.713341403952e+00,1.019369795341e+01,5.678816437686e-02
-1.713113981990e+00,7.812500250012e-02,8.703471710975e-02
-1.713113981990e+00,4.687500150008e-02,8.707792855894e-02
-1.713113981990e+00,1.093750035002e-01,8.699398175245e-02
-1.713113981990e+00,1.406250045003e-01,8.695582157952e-02
-1.713113981990e+00,1.718750055004e-01,8.692033144611e-02
-1.713113981990e+00,5.781250184999e-01,8.672731111162e-02
-1.713113981990e+00,6.093750194999e-01,8.672731111162e-02
-1.713113981990e+00,8.906250285000e-01,8.672731111162e-02
-1.713113981990e+00,9.218750295000e-01,8.672731111162e-02
-1.713113981990e+00,9.531250305000e-01,8.672731111162e-02
-1.713113981990e+00,9.843750315000e-01,8.672731111162e-02
-1.713113981990e+00,1.562500050003e-02,8.712351339030e-02
-1.713113981990e+00,2.031250065004e-01,8.688760135514e-02
-1.713113981990e+00,2.343750075005e-01,8.685771585442e-02
-1.713113981990e+00,2.656250085005e-01,8.683075345347e-02
-1.713113981990e+00,2.968750095005e-01,8.680678606729e-02
-1.713113981990e+00,3.281250105004e-01,8.678587849457e-02
-1.713113981990e+00,3.593750115003e-01,8.676808793756e-02
-1.713113981990e+00,3.906250125002e-01,8.675346357033e-02
-1.713113981990e+00,4.218750135002e-01,8.674204616185e-02
-1.713113981990e+00,4.531250145001e-01,8.673386775925e-02
-1.713113981990e+00,4.843750155000e-01,8.672895143646e-02
-1.713113981990e+00,5.156250165000e-01,8.672731111162e-02
-1.713113981990e+00,5.468750175000e-01,8.672731111162e-02
-1.713113981990e+00,6.406250204999e-01,8.672731111162e-02
-1.713113981990e+00,6.718750214999e-01,8.672731111162e-02
-1.713113981990e+00,7.031250224998e-01,8.672731111162e-02
-1.713113981990e+00,7.343750234998e-01,8.672731111162e-02
-1.713113981990e+00,7.656250244998e-01,8.672731111162e-02
-1.713113981990e+00,7.968750254998e-01,8.672731111162e-02
-1.713113981990e+00,8.281250264998e-01,8.672731111162e-02
-1.713113981990e+00,8.593750274999e-01,8.672731111162e-02
-1.712916793602e+00,2.400813842289e+00,8.672886674294e-02
-1.712888289982e+00,4.332970822006e+00,8.673240035993e-02
-1.712790458504e+00,7.783690146298e+00,8.669878976629e-02
-1.712789703145e+00,5.913095185589e+00,8.671890746437e-02
-1.712505127962e+00,1.724558899391e+00,8.672522230427e-02
-1.712471432569e+00,1.016101340164e+00,8.672367303591e-02
-1.712451841058e+00,9.657261683311e+00,7.749775259914e-02
-1.712421330649e+00,3.077068785189e+00,8.672733333755e-02
-1.712395455421e+00,5.763045362858e+00,8.671792588464e-02
-1.712390231142e+00,3.721121111762e+00,8.672838854468e-02
-1.712253521385e+00,7.133257024130e+00,8.670263914909e-02
-1.712105619756e+00,6.063908600539e+00,8.671316641183e-02
-1.712018421159e+00,1.047459365772e+01,1.009171950571e-02
-1.711959115079e+00,9.913051396979e+00,7.106863045036e-02
-1.711894455004e+00,4.649405177287e+00,8.672679318648e-02
-1.711588498162e+00,2.433016458617e+00,8.672134340378e-02
-1.711495199642e+00,4.365173438335e+00,8.672451191904e-02
-1.711410361781e+00,5.346686643131e+00,8.671672708253e-02
-1.711364254621e+00,9.380920424744e+00,8.167323280248e-02
-1.711198430822e+00,1.756761515720e+00,8.671781738376e-02
-1.711186333729e+00,1.048303956493e+00,8.671638952369e-02
-1.711071436909e+00,3.109271401517e+00,8.671968440413e-02
-1.711018739103e+00,3.753323728091e+00,8.672061767239e-02
-1.710928403766e+00,5.613778133848e+00,8.671111293367e-02
-1.710337796093e+00,6.215466571832e+00,8.670130772794e-02
-1.710260202722e+00,2.465219074946e+00,8.671380957028e-02
-1.710203726457e+00,8.251780847251e+00,8.667893622533e-02
-1.710189362879e+00,8.784017016225e+00,8.660163692107e-02
-1.710102109302e+00,4.397376054664e+00,8.671661193631e-02
-1.709901234888e+00,1.080506572821e+00,8.670909618056e-02
-1.709891733682e+00,1.788964132048e+00,8.671040230027e-02
-1.709839283326e+00,8.002206770849e+00,8.667945239720e-02
-1.709789634879e+00,6.733919809908e+00,8.669278192260e-02
-1.709721543169e+00,3.141474017846e+00,8.671202462451e-02
-1.709647247063e+00,3.785526344419e+00,8.671283560409e-02
-1.709575358983e+00,9.066744132004e+00,8.471821185424e-02
-1.709292710072e+00,6.550415016548e+00,8.669215368679e-02
-1.709005175899e+00,1.016906589716e+01,5.868586042326e-02
-1.708965723188e+00,6.918241429871e+00,8.668596506015e-02
-1.708951977587e+00,7.535964511110e+00,8.667959377921e-02
-1.708931907282e+00,2.497421691274e+00,8.670626522060e-02
-1.708766052392e+00,8.502267737830e+00,8.666809875291e-02
-1.708709018963e+00,4.429578670992e+00,8.670870038653e-02
-1.708661697420e+00,7.319215668277e+00,8.668020374079e-02
-1.708616136048e+00,1.112709189150e+00,8.670179298670e-02
-1.708585036541e+00,1.821166748377e+00,8.670297703298e-02
-1.708473581326e+00,4.966101472855e+00,8.670389871892e-02
-1.708394193208e+00,5.465312464990e+00,8.669853163950e-02
-1.708371649429e+00,3.173676634175e+00,8.670435397572e-02
-1.708275755023e+00,3.817728960748e+00,8.670504231569e-02
-1.708086971668e+00,5.082599582187e+00,8.670082093138e-02
-1.708028379556e+00,4.850313914791e+00,8.670263550252e-02
-1.707874069146e+00,9.632673724665e+00,7.797373628465e-02
-1.707803125250e+00,1.044994044017e+01,1.830015203041e-02
-1.707679559193e+00,7.753576429848e+00,8.666974285433e-02
-1.707603611842e+00,2.529624307603e+00,8.669871033279e-02
-1.707502060728e+00,9.888441093878e+00,7.188937641842e-02
-1.707480941219e+00,6.367750029905e+00,8.668335078394e-02
-1.707331037207e+00,1.144911805478e+00,8.669447992224e-02
-1.707315928623e+00,4.461781287321e+00,8.670077724439e-02
-1.707278339401e+00,1.853369364705e+00,8.669554156099e-02
-1.707021755689e+00,3.205879250504e+00,8.669667243472e-02
-1.706916902508e+00,9.350414179607e+00,8.204148245232e-02
-1.706904262983e+00,3.849931577077e+00,8.669723778301e-02
-1.706863594304e+00,5.199793208526e+00,8.669220656439e-02
-1.706815125242e+00,7.103356858884e+00,8.667164388578e-02
-1.706756415919e+00,4.735251911053e+00,8.669670404863e-02
-1.706599345807e+00,5.883737834470e+00,8.668360048860e-02
-1.706275316402e+00,2.561826923931e+00,8.669114488486e-02
-1.706099155883e+00,5.733770621034e+00,8.668208187865e-02
-1.706045938367e+00,1.177114421807e+00,8.668715696724e-02
-1.706021586621e+00,6.034469902766e+00,8.667863166288e-02
-1.705971642261e+00,1.885571981034e+00,8.668809586335e-02
-1.705922838283e+00,4.493983903650e+00,8.669284248451e-02
-1.705671861949e+00,3.238081866832e+00,8.668897997839e-02
-1.705532770943e+00,3.882134193405e+00,8.668942198182e-02
-1.705519616916e+00,8.753636478368e+00,8.664679720005e-02
-1.705312782146e+00,8.221531156077e+00,8.665099465706e-02
-1.705016663501e+00,9.036300097388e+00,8.496009087629e-02
-1.704947020961e+00,2.594029540260e+00,8.668356885477e-02
-1.704838203110e+00,7.972024426760e+00,8.665090775560e-02
-1.704798586410e+00,5.317667286961e+00,8.667903847353e-02
-1.704760839526e+00,1.209317038136e+00,8.667982410174e-02
-1.704668947846e+00,1.014443384092e+01,6.041616917855e-02
-1.704664945120e+00,1.917774597362e+00,8.668063991905e-02
-1.704662833064e+00,4.620930432962e+00,8.668565225276e-02
-1.704529747943e+00,4.526186519978e+00,8.668489608147e-02
-1.704526549909e+00,5.584587262165e+00,8.667470832805e-02
-1.704360463275e+00,6.185947791813e+00,8.666724558949e-02
-1.704321968209e+00,3.270284483161e+00,8.668127658359e-02
-1.704161278903e+00,3.914336809734e+00,8.668159488782e-02
-1.704134600704e+00,6.704168386843e+00,8.666058783634e-02
-1.703985554825e+00,8.471951981588e+00,8.664071768459e-02
-1.703731581952e+00,7.505920701364e+00,8.664985932113e-02
-1.703618725521e+00,2.626232156588e+00,8.667598222040e-02
-1.703587829342e+00,1.042528722262e+01,2.510730492074e-02
-1.703529882643e+00,6.520739872185e+00,8.665915337149e-02
-1.703475740686e+00,1.241519654464e+00,8.667248130569e-02
-1.703418834751e+00,6.888414999303e+00,8.665430321616e-02
-1.703358247980e+00,1.949977213691e+00,8.667317370703e-02
-1.703332134192e+00,7.289243042780e+00,8.664967604275e-02
-1.703296297233e+00,9.608085766020e+00,7.842754589096e-02
-1.703136657604e+00,4.558389136307e+00,8.667693800972e-02
-1.703045006377e+00,9.863830790778e+00,7.266122681737e-02
-1.702972074469e+00,3.302487099489e+00,8.667356222705e-02
-1.702789786863e+00,3.946539426063e+00,8.667375647663e-02
-1.702568659881e+00,7.723462713398e+00,8.664055083190e-02
-1.702469550394e+00,9.319907934470e+00,8.239317819312e-02
-1.702290430081e+00,2.658434772917e+00,8.666838495960e-02
-1.702190641845e+00,1.273722270792e+00,8.666512855901e-02
-1.702051550839e+00,1.982179830019e+00,8.666569720617e-02
-1.701887178786e+00,5.436206722475e+00,8.666123839749e-02
-1.701743567264e+00,4.590591752636e+00,8.666896824367e-02
-1.701622180729e+00,3.334689715818e+00,8.666583688550e-02
-1.701610678937e+00,6.338152433785e+00,8.664973838808e-02
-1.701549979296e+00,4.937348799891e+00,8.666433815137e-02
-1.701418294823e+00,3.978742042391e+00,8.666590672382e-02
-1.701376729099e+00,7.073456693637e+00,8.664048402836e-02
-1.701266896652e+00,5.053756762709e+00,8.666172256910e-02
-1.701001673491e+00,4.821652637851e+00,8.666259999114e-02
-1.700962134641e+00,2.690637389245e+00,8.666077705011e-02
-1.700905543005e+00,1.305924887121e+00,8.665776584155e-02
-1.700849870952e+00,8.723255940510e+00,8.661993570428e-02
-1.700744853699e+00,2.014382446347e+00,8.665821039529e-02
-1.700457968019e+00,9.005856062772e+00,8.519304602097e-02
-1.700421837836e+00,8.191281464903e+00,8.662291800435e-02
-1.700408988470e+00,5.854380483351e+00,8.664808331622e-02
-1.700332719793e+00,1.011980178467e+01,6.200026153378e-02
-1.700272286989e+00,3.366892332147e+00,8.665810053556e-02
-1.700147463453e+00,5.170861494002e+00,8.665386882215e-02
-1.700046802784e+00,4.010944658720e+00,8.665804560486e-02
-1.699937553486e+00,6.005031204994e+00,8.664389693043e-02
-1.699837122895e+00,7.941842082670e+00,8.662222268888e-02
-1.699802856345e+00,5.704495879210e+00,8.664602264907e-02
-1.699633839201e+00,2.722840005574e+00,8.665315846964e-02
-1.699627034614e+00,4.706683277664e+00,8.665581326428e-02
-1.699620444164e+00,1.338127503449e+00,8.665039313312e-02
-1.699438156559e+00,2.046585062676e+00,8.665071325315e-02
-1.699372533433e+00,1.040063400507e+01,3.084362996883e-02
-1.699205057257e+00,8.441636225347e+00,8.661320656215e-02
-1.698922393249e+00,3.399094948475e+00,8.665035315380e-02
-1.698718525319e+00,9.583497807374e+00,7.886098460189e-02
-1.698675310744e+00,4.043147275049e+00,8.665017309517e-02
-1.698587952025e+00,9.839220487678e+00,7.338840797501e-02
-1.698511186317e+00,7.475876891617e+00,8.661989447123e-02
-1.698479566530e+00,6.674416963779e+00,8.662821817687e-02
-1.698383130457e+00,6.156429011794e+00,8.663298797463e-02
-1.698335345324e+00,1.370330119778e+00,8.664301041348e-02
-1.698305543760e+00,2.755042621902e+00,8.664552919585e-02
-1.698186811038e+00,5.288647930791e+00,8.664111414476e-02
-1.698131459418e+00,2.078787679004e+00,8.664320575847e-02
-1.698124696052e+00,5.555396390483e+00,8.663808342056e-02
-1.698022198281e+00,9.289401689333e+00,8.272939898863e-02
-1.698002570963e+00,7.259270417283e+00,8.661898834094e-02
-1.697871946314e+00,6.858588568734e+00,8.662247079478e-02
-1.697767055213e+00,6.491064727822e+00,8.662596769307e-02
-1.697572499509e+00,3.431297564804e+00,8.664259471672e-02
-1.697457760569e+00,7.693348996947e+00,8.661121272305e-02
-1.697303818704e+00,4.075349891377e+00,8.664228917011e-02
-1.697050246483e+00,1.402532736107e+00,8.663561766231e-02
-1.696977248320e+00,2.787245238231e+00,8.663788920632e-02
-1.696824762278e+00,2.110990295333e+00,8.663568788988e-02
-1.696222605769e+00,3.463500181133e+00,8.663482520077e-02
-1.696180124989e+00,8.692875402652e+00,8.659294888629e-02
-1.695996491739e+00,1.009516972843e+01,6.345588294298e-02
-1.695938332955e+00,7.043556528391e+00,8.660915840915e-02
-1.695932326664e+00,4.107552507706e+00,8.663439380494e-02
-1.695899272537e+00,8.975412028157e+00,8.541755755210e-02
-1.695765147643e+00,1.434735352435e+00,8.662821485926e-02
-1.695740416656e+00,6.308554837666e+00,8.661593493565e-02
-1.695648952880e+00,2.819447854559e+00,8.663023847856e-02
-1.695530893525e+00,8.161031773729e+00,8.659470537605e-02
-1.695518065138e+00,2.143192911661e+00,8.662815962599e-02
-1.695380164364e+00,5.407100979960e+00,8.662371320060e-02
-1.695157237524e+00,1.037598078751e+01,3.574324861027e-02
-1.694872712029e+00,3.495702797461e+00,8.662704458231e-02
-1.694836042679e+00,7.911659738581e+00,8.659339626078e-02
-1.694626377266e+00,4.908596126926e+00,8.662452113813e-02
-1.694560834624e+00,4.139755124035e+00,8.662648697488e-02
-1.694480048802e+00,1.466937968764e+00,8.662080198391e-02
-1.694446821636e+00,5.024913943231e+00,8.662237176595e-02
-1.694424559690e+00,8.411320469105e+00,8.658556453764e-02
-1.694320657440e+00,2.851650470888e+00,8.662257699002e-02
-1.694218631132e+00,5.825023132233e+00,8.661235433079e-02
-1.694211367998e+00,2.175395527990e+00,8.662062094531e-02
-1.694140753406e+00,9.558909848728e+00,7.927538281745e-02
-1.694130897674e+00,9.814610184578e+00,7.407467299896e-02
-1.693974967425e+00,4.792991360911e+00,8.662230416719e-02
-1.693853520351e+00,5.975592507221e+00,8.660895751220e-02
-1.693574846167e+00,9.258895444196e+00,8.305113276630e-02
-1.693522818289e+00,3.527905413790e+00,8.661925283764e-02
-1.693506556806e+00,5.675221137386e+00,8.660974654867e-02
-1.693431332602e+00,5.141929779479e+00,8.661528979629e-02
-1.693290790682e+00,7.445833081870e+00,8.658964954923e-02
-1.693194949962e+00,1.499140585092e+00,8.661337901580e-02
-1.693189342584e+00,4.171957740363e+00,8.661856865505e-02
-1.692992362000e+00,2.883853087217e+00,8.661490471812e-02
-1.692904670857e+00,2.207598144318e+00,8.661307182633e-02
-1.692824532355e+00,6.644665540715e+00,8.659567168977e-02
-1.692673007735e+00,7.229297791786e+00,8.658813950664e-02
-1.692497653309e+00,4.678114644274e+00,8.661464983514e-02
-1.692405797640e+00,6.126910231775e+00,8.659853343177e-02
-1.692346861258e+00,7.663235280497e+00,8.658172754466e-02
-1.692325057877e+00,6.828762138166e+00,8.659046658033e-02
-1.692172924549e+00,3.560108030119e+00,8.661144994301e-02
-1.692004227783e+00,6.461389583460e+00,8.659259527501e-02
-1.691909851121e+00,1.531343201420e+00,8.660594593441e-02
-1.691817850545e+00,4.204160356692e+00,8.661063882053e-02
-1.691722842196e+00,5.526205518800e+00,8.660123653751e-02
-1.691664066560e+00,2.916055703545e+00,8.660722164018e-02
-1.691660263686e+00,1.007053767218e+01,6.479801928949e-02
-1.691597973717e+00,2.239800760647e+00,8.660551224745e-02
-1.691575035667e+00,5.259628574621e+00,8.660295225460e-02
-1.691510379026e+00,8.662494864794e+00,8.656583593927e-02
-1.691340577055e+00,8.944967993541e+00,8.563375072571e-02
-1.690941941615e+00,1.035132756996e+01,3.997666928924e-02
-1.690823030809e+00,3.592310646447e+00,8.660363587458e-02
-1.690639949215e+00,8.130782082555e+00,8.656635587436e-02
-1.690624752281e+00,1.563545817749e+00,8.659850271916e-02
-1.690499936812e+00,7.013656363144e+00,8.657766585162e-02
-1.690446358505e+00,4.236362973020e+00,8.660269744630e-02
-1.690335771119e+00,2.948258319874e+00,8.659952773346e-02
-1.690291276577e+00,2.272003376975e+00,8.659794218704e-02
-1.689870154374e+00,6.278957241546e+00,8.658193900646e-02
-1.689834962464e+00,7.881477394491e+00,8.656442752809e-02
-1.689673843323e+00,9.789999881477e+00,7.472336620982e-02
-1.689644062123e+00,8.381004712864e+00,8.655779075674e-02
-1.689562981493e+00,9.534321890082e+00,7.967195802018e-02
-1.689473137069e+00,3.624513262776e+00,8.659581060846e-02
-1.689339653440e+00,1.595748434078e+00,8.659104934941e-02
-1.689127494053e+00,9.228389199059e+00,8.335928576649e-02
-1.689074866465e+00,4.268565589349e+00,8.659474450728e-02
-1.689007475679e+00,2.980460936203e+00,8.659182297518e-02
-1.688984579436e+00,2.304205993303e+00,8.659036162339e-02
-1.688873149942e+00,5.377995237445e+00,8.658595422043e-02
-1.688123243329e+00,3.656715879105e+00,8.658797412068e-02
-1.688070395047e+00,7.415789272123e+00,8.655924793448e-02
-1.688054554600e+00,1.627951050406e+00,8.658358580447e-02
-1.688028273794e+00,5.795665781113e+00,8.657641190389e-02
-1.687769487216e+00,5.946153809449e+00,8.657354311307e-02
-1.687703374425e+00,4.300768205678e+00,8.658677997832e-02
-1.687702775236e+00,4.879843453962e+00,8.658444565731e-02
-1.687679180239e+00,3.012663552531e+00,8.658410734248e-02
-1.687677882296e+00,2.336408609632e+00,8.658277053473e-02
-1.687626746620e+00,4.996071123753e+00,8.658276650207e-02
-1.687343444506e+00,7.199325166289e+00,8.655712840241e-02
-1.687324035633e+00,1.004590561594e+01,6.603941324069e-02
-1.687235961946e+00,7.633121564046e+00,8.655209430642e-02
-1.687210257268e+00,5.645946395562e+00,8.657325191866e-02
-1.687169498180e+00,6.614914117650e+00,8.656281127574e-02
-1.686948261359e+00,4.764330083971e+00,8.658161187861e-02
-1.686840633063e+00,8.632114326937e+00,8.653859605035e-02
-1.686781881573e+00,8.914523958925e+00,8.584217514338e-02
-1.686778169441e+00,6.798935707597e+00,8.655828934808e-02
-1.686773349589e+00,3.688918495433e+00,8.658012638721e-02
-1.686769455760e+00,1.660153666734e+00,8.657611206362e-02
-1.686726645706e+00,1.032667435241e+01,4.367101854630e-02
-1.686715201751e+00,5.112998064956e+00,8.657646762673e-02
-1.686428464822e+00,6.097391451756e+00,8.656388049885e-02
-1.686371185156e+00,2.368611225961e+00,8.657516889926e-02
-1.686350884799e+00,3.044866168860e+00,8.657638081243e-02
-1.686331882385e+00,4.332970822006e+00,8.657880383419e-02
-1.686241400353e+00,6.431714439097e+00,8.655903473019e-02
-1.685749004904e+00,8.100532391381e+00,8.653786859482e-02
-1.685484356919e+00,1.692356283063e+00,8.656862810603e-02
-1.685423455849e+00,3.721121111762e+00,8.657226738395e-02
-1.685368272004e+00,4.649546010884e+00,8.657321157310e-02
-1.685320988339e+00,5.497014647118e+00,8.656416233473e-02
-1.685216788971e+00,9.765389578377e+00,7.533747732568e-02
-1.685064488015e+00,2.400813842289e+00,8.656755669507e-02
-1.685061540669e+00,6.983756197897e+00,8.654600517034e-02
-1.685022589359e+00,3.077068785189e+00,8.656864336206e-02
-1.684985209580e+00,9.509733931435e+00,8.005163011248e-02
-1.684963260295e+00,5.230609218451e+00,8.656455094939e-02
-1.684960390345e+00,4.365173438335e+00,8.657081604960e-02
-1.684863564555e+00,8.350688956622e+00,8.652988435878e-02
-1.684833882248e+00,7.851295050402e+00,8.653531554062e-02
-1.684680141940e+00,9.197882953921e+00,8.365469077049e-02
-1.684322150360e+00,7.812500250012e-02,8.688240246740e-02
-1.684322150360e+00,1.093750035002e-01,8.683979013261e-02
-1.684322150360e+00,1.406250045003e-01,8.679985691558e-02
-1.684322150360e+00,1.718750055004e-01,8.676270495020e-02
-1.684322150360e+00,2.656250085005e-01,8.666887700377e-02
-1.684322150360e+00,3.593750115003e-01,8.660319077641e-02
-1.684322150360e+00,3.906250125002e-01,8.658785578073e-02
-1.684322150360e+00,4.218750135002e-01,8.657588207696e-02
-1.684322150360e+00,4.843750155000e-01,8.656214771007e-02
-1.684322150360e+00,5.156250165000e-01,8.656042713760e-02
-1.684322150360e+00,5.468750175000e-01,8.656042713760e-02
-1.684322150360e+00,6.093750194999e-01,8.656042713760e-02
-1.684322150360e+00,6.718750214998e-01,8.656042713760e-02
-1.684322150360e+00,7.031250224998e-01,8.656042713760e-02
-1.684322150360e+00,7.343750234998e-01,8.656042713760e-02
-1.684322150360e+00,7.968750254998e-01,8.656042713760e-02
-1.684322150360e+00,8.281250264998e-01,8.656042713760e-02
-1.684322150360e+00,8.593750274999e-01,8.656042713760e-02
-1.684322150360e+00,8.906250285000e-01,8.656042713760e-02
-1.684322150360e+00,9.218750295000e-01,8.656042713760e-02
-1.684322150360e+00,9.531250305000e-01,8.656042713760e-02
-1.684322150360e+00,9.843750315000e-01,8.656042713760e-02
-1.684322150360e+00,1.562500050003e-02,8.697523439691e-02
-1.684322150360e+00,4.687500150008e-02,8.692758733783e-02
-1.684322150360e+00,2.031250065004e-01,8.672843124272e-02
-1.684322150360e+00,2.343750075005e-01,8.669712700424e-02
-1.684322150360e+00,2.968750095005e-01,8.664375895000e-02
-1.684322150360e+00,3.281250105004e-01,8.662184291048e-02
-1.684322150360e+00,4.531250145001e-01,8.656730438507e-02
-1.684322150360e+00,5.781250184999e-01,8.656042713760e-02
-1.684322150360e+00,6.406250204999e-01,8.656042713760e-02
-1.684322150360e+00,7.656250244998e-01,8.656042713760e-02
-1.684199258078e+00,1.724558899391e+00,8.656113391086e-02
-1.684073562109e+00,3.753323728091e+00,8.656439708673e-02
-1.683999892093e+00,6.249359645427e+00,8.654774916976e-02
-1.683757790875e+00,2.433016458617e+00,8.655993390022e-02
-1.683694293919e+00,3.109271401517e+00,8.656089496831e-02
-1.683690400089e+00,1.016101340164e+00,8.655673931561e-02
-1.683588898305e+00,4.397376054664e+00,8.656281659918e-02
-1.682987807580e+00,1.002127355969e+01,6.719096884434e-02
-1.682914159238e+00,1.756761515720e+00,8.655362945719e-02
-1.682849999412e+00,7.385745462376e+00,8.652868852826e-02
-1.682723668369e+00,3.785526344419e+00,8.655651547131e-02
-1.682511349797e+00,1.030202113485e+01,4.692301283878e-02
-1.682451093735e+00,2.465219074946e+00,8.655230049273e-02
-1.682426899549e+00,1.048303956493e+00,8.654935622497e-02
-1.682366135520e+00,5.348889494930e+00,8.654795961569e-02
-1.682365998478e+00,3.141474017846e+00,8.655313560807e-02
-1.682223186092e+00,8.884079924310e+00,8.604346105364e-02
-1.682217406265e+00,4.429578670992e+00,8.655480545749e-02
-1.682170887100e+00,8.601733789079e+00,8.651122840064e-02
-1.682125062634e+00,7.603007847596e+00,8.652229014858e-02
-1.682013881277e+00,7.169352540792e+00,8.652595388208e-02
-1.681837916456e+00,5.766308429995e+00,8.654025439514e-02
-1.681685454081e+00,5.916715111676e+00,8.653791868185e-02
-1.681629060397e+00,1.788964132048e+00,8.654611472406e-02
-1.681514464005e+00,6.585162694586e+00,8.652966277846e-02
-1.681373774629e+00,3.817728960748e+00,8.654862251339e-02
-1.681231281004e+00,6.769109277029e+00,8.652593786430e-02
-1.681163399008e+00,1.080506572821e+00,8.654196318882e-02
-1.681144396594e+00,2.497421691274e+00,8.654465645051e-02
-1.681037703038e+00,3.173676634175e+00,8.654536525817e-02
-1.680913957730e+00,5.616671653737e+00,8.653653708874e-02
-1.680858060594e+00,8.070282700207e+00,8.650924262618e-02
-1.680845914226e+00,4.461781287321e+00,8.654678259900e-02
-1.680806671604e+00,4.967228304275e+00,8.654290474462e-02
-1.680779173206e+00,4.851090780998e+00,8.654410967543e-02
-1.680759734620e+00,9.740779275277e+00,7.591968725059e-02
-1.680528462696e+00,9.482156368077e+00,8.045685397661e-02
-1.680478572923e+00,6.402039294735e+00,8.652528466084e-02
-1.680451132004e+00,6.067872671737e+00,8.652902770338e-02
-1.680343961557e+00,1.821166748377e+00,8.653858969044e-02
-1.680232789826e+00,9.167376708784e+00,8.393811436010e-02
-1.680083066988e+00,8.320373200380e+00,8.650184447665e-02
-1.680023880889e+00,3.849931577077e+00,8.654071818859e-02
-1.679999070900e+00,5.084066350433e+00,8.653719004708e-02
-1.679921555294e+00,4.735668807031e+00,8.654042227506e-02
-1.679899898467e+00,1.112709189150e+00,8.653456018715e-02
-1.679837699454e+00,2.529624307603e+00,8.653700175146e-02
-1.679832802033e+00,7.821112706313e+00,8.650605934116e-02
-1.679709407598e+00,3.205879250504e+00,8.653758389536e-02
-1.679623144525e+00,6.953856032651e+00,8.651417517089e-02
-1.679474422186e+00,4.493983903650e+00,8.653874799814e-02
-1.679058862716e+00,1.853369364705e+00,8.653105433524e-02
-1.678919134482e+00,5.467823775435e+00,8.652655941720e-02
-1.678673987149e+00,3.882134193405e+00,8.653280247246e-02
-1.678651579526e+00,9.996641503448e+00,6.826207160395e-02
-1.678636397926e+00,1.144911805478e+00,8.652714719991e-02
-1.678531002314e+00,2.561826923931e+00,8.652933637338e-02
-1.678381112158e+00,3.238081866832e+00,8.652979149633e-02
-1.678351484924e+00,5.201589862282e+00,8.652590836352e-02
-1.678296053888e+00,1.027736791730e+01,4.980753849195e-02
-1.678238890699e+00,4.620977377495e+00,8.653149627816e-02
-1.678129629811e+00,6.219762049308e+00,8.651336398412e-02
-1.678102930146e+00,4.526186519978e+00,8.653070162922e-02
-1.677773763876e+00,1.885571981034e+00,8.652350863734e-02
-1.677664490610e+00,8.853635889694e+00,8.623796494586e-02
-1.677629603778e+00,7.355701652629e+00,8.649797022329e-02
-1.677501141136e+00,8.571353251221e+00,8.648373216511e-02
-1.677372897386e+00,1.177114421807e+00,8.651972420698e-02
-1.677324093409e+00,3.914336809734e+00,8.652487534050e-02
-1.677224305173e+00,2.594029540260e+00,8.652166029402e-02
-1.677052816718e+00,3.270284483161e+00,8.652198803771e-02
-1.677014163323e+00,7.572894131146e+00,8.649215314853e-02
-1.676731438106e+00,4.558389136307e+00,8.652264346653e-02
-1.676684318049e+00,7.139379915294e+00,8.649461479066e-02
-1.676488665036e+00,1.917774597362e+00,8.651595257552e-02
-1.676302680269e+00,9.716168972176e+00,7.647240694664e-02
-1.676192740841e+00,9.451589200006e+00,8.088312940784e-02
-1.676109396845e+00,1.209317038136e+00,8.651229118820e-02
-1.675974199669e+00,3.946539426063e+00,8.651693676812e-02
-1.675967116283e+00,8.040033009033e+00,8.648047705047e-02
-1.675917608033e+00,2.626232156588e+00,8.651397349108e-02
-1.675859429830e+00,6.555411271521e+00,8.649632902685e-02
-1.675859121098e+00,5.319783752415e+00,8.650972753225e-02
-1.675785437713e+00,9.136870463647e+00,8.421026333808e-02
-1.675724521278e+00,3.302487099489e+00,8.651417349607e-02
-1.675684392567e+00,6.739282846460e+00,8.649341088612e-02
-1.675647559119e+00,5.736951078876e+00,8.650388015221e-02
-1.675601420945e+00,5.887276413904e+00,8.650208259946e-02
-1.675359946066e+00,4.590591752636e+00,8.651457348424e-02
-1.675302569421e+00,8.290057444139e+00,8.647367023678e-02
-1.675203566195e+00,1.949977213691e+00,8.650838612854e-02
-1.674845896305e+00,1.241519654464e+00,8.650484812335e-02
-1.674831721817e+00,7.790930362223e+00,8.647665796543e-02
-1.674715745494e+00,6.372364150372e+00,8.649134365848e-02
-1.674624305929e+00,3.978742042391e+00,8.650898673066e-02
-1.674617658192e+00,5.587396911913e+00,8.649960037715e-02
-1.674610910893e+00,2.658434772917e+00,8.650627594220e-02
-1.674473799186e+00,6.038353891718e+00,8.649397356239e-02
-1.674396225837e+00,3.334689715818e+00,8.650634784789e-02
-1.674315351473e+00,9.972009447202e+00,6.926084393975e-02
-1.674184748382e+00,6.923955867404e+00,8.648217464989e-02
-1.674080757979e+00,1.025271469975e+01,5.238348190026e-02
-1.673986596588e+00,4.938385484797e+00,8.650278444782e-02
-1.673918467355e+00,1.982179830019e+00,8.650080927508e-02
-1.673855571176e+00,4.822338108033e+00,8.650351114766e-02
-1.673582395764e+00,1.273722270792e+00,8.649739499215e-02
-1.673304213752e+00,2.690637389245e+00,8.649856762493e-02
-1.673282940048e+00,5.055134635910e+00,8.649753450216e-02
-1.673274412189e+00,4.010944658720e+00,8.650102520341e-02
-1.673105795128e+00,8.823191855078e+00,8.642602027507e-02
-1.673067930397e+00,3.366892332147e+00,8.649851106962e-02
-1.672894849228e+00,4.707007530091e+00,8.649895766887e-02
-1.672831395173e+00,8.540972713363e+00,8.645610651256e-02
-1.672633368514e+00,2.014382446347e+00,8.649322199378e-02
-1.672517280626e+00,5.438632903753e+00,8.648872285960e-02
-1.672409208142e+00,7.325657842882e+00,8.646709190368e-02
-1.672318895223e+00,1.305924887121e+00,8.648993177429e-02
-1.672259367530e+00,6.190164453188e+00,8.647878199750e-02
-1.671997516612e+00,2.722840005574e+00,8.649084851680e-02
-1.671924518449e+00,4.043147275049e+00,8.649305216156e-02
-1.671903264011e+00,7.542780414696e+00,8.646186157529e-02
-1.671857018986e+00,9.421022031936e+00,8.128870430449e-02
-1.671845625917e+00,9.691558669076e+00,7.699781057858e-02
-1.671739709552e+00,5.172570506112e+00,8.648702261949e-02
-1.671739634957e+00,3.399094948475e+00,8.649066313761e-02
-1.671354754820e+00,7.109407289797e+00,8.646310996435e-02
-1.671348269674e+00,2.046585062676e+00,8.648562426320e-02
-1.671338085599e+00,9.106364218510e+00,8.447179041957e-02
-1.671076171973e+00,8.009783317859e+00,8.645157094288e-02
-1.671055394683e+00,1.338127503449e+00,8.648245844938e-02
-1.670690819472e+00,2.755042621902e+00,8.648311859524e-02
-1.670574624709e+00,4.075349891377e+00,8.648506758026e-02
-1.670522071853e+00,8.259741687897e+00,8.644536075906e-02
-1.670411339517e+00,3.431297564804e+00,8.648280402817e-02
-1.670204395655e+00,6.525659848457e+00,8.646280864661e-02
-1.670137504130e+00,6.709456415891e+00,8.646070715018e-02
-1.670063170833e+00,2.078787679004e+00,8.647801606187e-02
-1.669979123420e+00,9.947377390957e+00,7.019435075746e-02
-1.669865462070e+00,1.022806148220e+01,5.469778597702e-02
-1.669830641602e+00,7.760748018133e+00,8.644711044202e-02
-1.669791894142e+00,1.370330119778e+00,8.647497499698e-02
-1.669517387810e+00,5.857837716131e+00,8.646603323447e-02
-1.669457201781e+00,5.707593727757e+00,8.646728751079e-02
-1.669384122331e+00,2.787245238231e+00,8.647537783764e-02
-1.669352106676e+00,5.290678009900e+00,8.647125610322e-02
-1.669224730969e+00,4.107552507706e+00,8.647707143457e-02
-1.669083044077e+00,3.463500181133e+00,8.647493371751e-02
-1.668952918064e+00,6.342689006009e+00,8.645721030391e-02
-1.668778071993e+00,2.110990295333e+00,8.647039736824e-02
-1.668746352239e+00,6.894055702158e+00,8.645000239490e-02
-1.668547099646e+00,8.792747820462e+00,8.642760329688e-02
-1.668528393601e+00,1.402532736107e+00,8.646748139660e-02
-1.668496466368e+00,6.008835111700e+00,8.645856400254e-02
-1.668321358654e+00,5.558122170088e+00,8.646244009070e-02
-1.668161649210e+00,8.510592175506e+00,8.642835060563e-02
-1.668077425191e+00,2.819447854559e+00,8.646762622131e-02
-1.667874837229e+00,4.139755124035e+00,8.646906369947e-02
-1.667754748637e+00,3.495702797461e+00,8.646705218182e-02
-1.667521297131e+00,9.390454863865e+00,8.167519502317e-02
-1.667492973152e+00,2.143192911661e+00,8.646276816070e-02
-1.667388571566e+00,9.666948365976e+00,7.749786389189e-02
-1.667264893061e+00,1.434735352435e+00,8.645997762771e-02
-1.667188812508e+00,7.295614033135e+00,8.643605244494e-02
-1.667166521571e+00,4.909542665319e+00,8.646240355318e-02
-1.667045172205e+00,1.050898089056e+01,6.608629166026e-06
-1.666931969146e+00,4.793585435069e+00,8.646264801800e-02
-1.666890733486e+00,9.075857973373e+00,8.472329928890e-02
-1.666792364700e+00,7.512666698245e+00,8.643141435147e-02
-1.666770728051e+00,2.851650470888e+00,8.645986372353e-02
-1.666566809197e+00,5.026202921387e+00,8.645762249031e-02
-1.666524943489e+00,4.171957740363e+00,8.646104434990e-02
-1.666426453196e+00,3.527905413790e+00,8.645915939718e-02
-1.666389105248e+00,6.160566857069e+00,8.644400174719e-02
-1.666207874312e+00,2.175395527990e+00,8.645512841759e-02
-1.666185227662e+00,7.979533626685e+00,8.642252337171e-02
-1.666115426769e+00,5.409442032070e+00,8.645065081093e-02
-1.666025191591e+00,7.079434664300e+00,8.643143823044e-02
-1.666001392520e+00,1.466937968764e+00,8.645246366970e-02
-1.665868143162e+00,4.678346253150e+00,8.645721582611e-02
-1.665741574286e+00,8.229425931655e+00,8.641691515686e-02
-1.665650166161e+00,1.020340826464e+01,5.678833204678e-02
-1.665642895367e+00,9.922745334712e+00,7.106876613478e-02
-1.665464030910e+00,2.883853087217e+00,8.645209032147e-02
-1.665175049749e+00,4.204160356692e+00,8.645301336069e-02
-1.665127934181e+00,5.143551149942e+00,8.644789182806e-02
-1.665098157756e+00,3.560108030119e+00,8.645125533963e-02
-1.664922775471e+00,2.207598144318e+00,8.644747811719e-02
-1.664829561387e+00,7.730565674044e+00,8.641740499168e-02
-1.664737891979e+00,1.499140585092e+00,8.644493950191e-02
-1.664590615693e+00,6.679629985322e+00,8.642758376349e-02
-1.664549361480e+00,6.495908425392e+00,8.642910025271e-02
-1.664157333770e+00,2.916055703545e+00,8.644430599228e-02
-1.663988404164e+00,8.762303785846e+00,8.640035953231e-02
-1.663825156009e+00,4.236362973020e+00,8.644497070663e-02
-1.663769862316e+00,3.592310646447e+00,8.644333998513e-02
-1.663637676631e+00,2.239800760647e+00,8.643981723773e-02
-1.663491903247e+00,8.480211637648e+00,8.640046360068e-02
-1.663474391439e+00,1.531343201420e+00,8.643740510363e-02
-1.663433354675e+00,5.828399018359e+00,8.642976894318e-02
-1.663307956096e+00,6.864155536912e+00,8.641765718443e-02
-1.663266844443e+00,5.678236376638e+00,8.643047479465e-02
-1.663190090634e+00,6.313013861647e+00,8.642288316714e-02
-1.663185575276e+00,9.359887695794e+00,8.204390188144e-02
-1.662950911393e+00,1.048430710405e+01,1.009178359647e-02
-1.662931517215e+00,9.642338062876e+00,7.797363481639e-02
-1.662850636630e+00,2.948258319874e+00,8.643651071302e-02
-1.662845092254e+00,5.261572267385e+00,8.643254344899e-02
-1.662519133550e+00,5.979316331681e+00,8.642282330033e-02
-1.662475262268e+00,4.268565589349e+00,8.643691636242e-02
-1.662443381372e+00,9.045351728236e+00,8.496534910214e-02
-1.662441566876e+00,3.624513262776e+00,8.643541330957e-02
-1.662352577790e+00,2.272003376975e+00,8.643214575736e-02
-1.662210890898e+00,1.563545817749e+00,8.642986045412e-02
-1.662025059115e+00,5.528847428264e+00,8.642505452476e-02
-1.661968416873e+00,7.265570223388e+00,8.640485071381e-02
-1.661681465388e+00,7.482552981795e+00,8.640081039123e-02
-1.661543939489e+00,2.980460936203e+00,8.642870446069e-02
-1.661434870253e+00,1.017875504709e+01,5.868602569345e-02
-1.661306667313e+00,9.898113278467e+00,7.188950944344e-02
-1.661294283352e+00,7.949283935511e+00,8.639333339841e-02
-1.661125368528e+00,4.300768205678e+00,8.642885030270e-02
-1.661113271436e+00,3.656715879105e+00,8.642747528879e-02
-1.661067478950e+00,2.304205993303e+00,8.642446365418e-02
-1.660961076719e+00,8.199110175414e+00,8.638833253693e-02
-1.660947390357e+00,1.595748434078e+00,8.642230553252e-02
-1.660695628363e+00,7.049462038803e+00,8.639959840726e-02
-1.660518842967e+00,6.130969260949e+00,8.640902175979e-02
-1.660346446555e+00,4.880699845841e+00,8.642175998963e-02
-1.660237242349e+00,3.012663552531e+00,8.642088721225e-02
-1.660008367116e+00,4.764832762104e+00,8.642132490021e-02
-1.659850678346e+00,4.997271206863e+00,8.641745194527e-02
-1.659828481171e+00,7.700383329954e+00,8.638735964929e-02
-1.659784975995e+00,3.688918495433e+00,8.641952589854e-02
-1.659782380109e+00,2.336408609632e+00,8.641677090624e-02
-1.659775474789e+00,4.332970822006e+00,8.642077250202e-02
-1.659713572912e+00,5.380251160388e+00,8.641234140676e-02
-1.659683889817e+00,1.627951050406e+00,8.641474031797e-02
-1.659429708682e+00,8.731859751230e+00,8.637298939604e-02
-1.659043727256e+00,6.649803554754e+00,8.639427658034e-02
-1.658930545209e+00,3.044866168860e+00,8.641305894455e-02
-1.658894327305e+00,6.466157002328e+00,8.639520244932e-02
-1.658856650581e+00,1.045963331754e+01,1.830025740550e-02
-1.658849853420e+00,9.329320527723e+00,8.239601063988e-02
-1.658841437097e+00,4.649684976210e+00,8.641519449963e-02
-1.658822157284e+00,8.449831099790e+00,8.637244464782e-02
-1.658516158809e+00,5.114531793772e+00,8.640846973014e-02
-1.658497281269e+00,2.368611225961e+00,8.640906749151e-02
-1.658474462863e+00,9.617727759775e+00,7.842745210177e-02
-1.658456680555e+00,3.721121111762e+00,8.641156511450e-02
-1.658425581049e+00,4.365173438335e+00,8.641268293488e-02
-1.658420389276e+00,1.660153666734e+00,8.640716478954e-02
-1.657996029259e+00,9.014845483099e+00,8.519845850463e-02
-1.657869559952e+00,6.834255371665e+00,8.638513778786e-02
-1.657623848068e+00,3.077068785189e+00,8.640521963443e-02
-1.657427263204e+00,6.283338717284e+00,8.638836080739e-02
-1.657349321540e+00,5.798960320586e+00,8.639328806955e-02
-1.657219574344e+00,1.015410182954e+01,6.041633180672e-02
-1.657212182428e+00,2.400813842289e+00,8.640135338792e-02
-1.657156888735e+00,1.692356283063e+00,8.639957892624e-02
-1.657128385115e+00,3.753323728091e+00,8.640359291230e-02
-1.657076487105e+00,5.648879025520e+00,8.639344031560e-02
-1.657075687308e+00,4.397376054664e+00,8.640458157568e-02
-1.656970439260e+00,9.873481222222e+00,7.266135725138e-02
-1.656748021238e+00,7.235526413641e+00,8.637348556834e-02
-1.656570566077e+00,7.452439265345e+00,8.637004860031e-02
-1.656541800732e+00,5.949797551662e+00,8.638687111573e-02
-1.656403339041e+00,7.919034244337e+00,8.636400007745e-02
-1.656338077832e+00,5.232466524870e+00,8.639358767730e-02
-1.656317150928e+00,3.109271401517e+00,8.639736925863e-02
-1.656180579151e+00,8.168794419172e+00,8.635961199937e-02
-1.655927083588e+00,2.433016458617e+00,8.639362857333e-02
-1.655893388195e+00,1.724558899391e+00,8.639198270701e-02
-1.655800089675e+00,3.785526344419e+00,8.639560926750e-02
-1.655728759577e+00,5.499572686440e+00,8.638714251662e-02
-1.655725793568e+00,4.429578670992e+00,8.639646839877e-02
-1.655530318729e+00,1.718750055004e-01,8.660043635535e-02
-1.655530318729e+00,3.906250125002e-01,8.641709298370e-02
-1.655530318729e+00,7.343750234998e-01,8.638830397286e-02
-1.655530318729e+00,9.218750295000e-01,8.638830397286e-02
-1.655530318729e+00,4.687500150008e-02,8.677305161477e-02
-1.655530318729e+00,7.812500250012e-02,8.672577403029e-02
-1.655530318729e+00,2.031250065004e-01,8.656452166454e-02
-1.655530318729e+00,2.343750075005e-01,8.653170842205e-02
-1.655530318729e+00,4.218750135002e-01,8.640452636205e-02
-1.655530318729e+00,5.468750175000e-01,8.638830397286e-02
-1.655530318729e+00,6.093750194999e-01,8.638830397286e-02
-1.655530318729e+00,6.406250204999e-01,8.638830397286e-02
-1.655530318729e+00,7.656250244998e-01,8.638830397286e-02
-1.655530318729e+00,8.906250285000e-01,8.638830397286e-02
-1.655530318729e+00,9.531250305000e-01,8.638830397286e-02
-1.655530318729e+00,1.562500050003e-02,8.682288400671e-02
-1.655530318729e+00,1.093750035002e-01,8.668116990770e-02
-1.655530318729e+00,1.406250045003e-01,8.663935399010e-02
-1.655530318729e+00,2.656250085005e-01,8.650208825681e-02
-1.655530318729e+00,2.968750095005e-01,8.647574523420e-02
-1.655530318729e+00,3.281250105004e-01,8.645275520861e-02
-1.655530318729e+00,3.593750115003e-01,8.643318522569e-02
-1.655530318729e+00,4.531250145001e-01,8.639552302458e-02
-1.655530318729e+00,4.843750155000e-01,8.639011010404e-02
-1.655530318729e+00,5.156250165000e-01,8.638830397286e-02
-1.655530318729e+00,5.781250184999e-01,8.638830397286e-02
-1.655530318729e+00,6.718750214998e-01,8.638830397286e-02
-1.655530318729e+00,7.031250224998e-01,8.638830397286e-02
-1.655530318729e+00,7.968750254998e-01,8.638830397286e-02
-1.655530318729e+00,8.281250264998e-01,8.638830397286e-02
-1.655530318729e+00,8.593750274999e-01,8.638830397286e-02
-1.655530318729e+00,9.843750315000e-01,8.638830397286e-02
-1.655366065134e+00,7.019489413306e+00,8.636758930421e-02
-1.655010453788e+00,3.141474017846e+00,8.638950779381e-02
-1.654909367609e+00,1.016101340164e+00,8.638456507756e-02
-1.654871013201e+00,8.701415716614e+00,8.634549207942e-02
-1.654827400955e+00,7.670200985865e+00,8.635716178022e-02
-1.654762389769e+00,1.043495953103e+01,2.510743714977e-02
-1.654648580685e+00,6.101371664830e+00,8.637384055122e-02
-1.654641984747e+00,2.465219074946e+00,8.638589302554e-02
-1.654629887654e+00,1.756761515720e+00,8.638437611077e-02
-1.654514131565e+00,9.298753359652e+00,8.273260476474e-02
-1.654471794235e+00,3.817728960748e+00,8.638761415558e-02
-1.654375899828e+00,4.461781287321e+00,8.638834337840e-02
-1.654152411321e+00,8.419450561932e+00,8.634429289079e-02
-1.654017408512e+00,9.593117456675e+00,7.886089791431e-02
-1.653703756647e+00,3.173676634175e+00,8.638163521662e-02
-1.653667465368e+00,1.048303956493e+00,8.637707975277e-02
-1.653548677145e+00,8.984339237962e+00,8.542310922309e-02
-1.653526371539e+00,4.851857026363e+00,8.638085167366e-02
-1.653496838819e+00,6.619977124185e+00,8.636078424001e-02
-1.653366387114e+00,1.788964132048e+00,8.637675911634e-02
-1.653356885907e+00,2.497421691274e+00,8.637814672228e-02
-1.653311719056e+00,5.351060288705e+00,8.637379276923e-02
-1.653239293130e+00,6.436405579263e+00,8.636111382982e-02
-1.653143498794e+00,3.849931577077e+00,8.637960755194e-02
-1.653134547495e+00,4.968339492340e+00,8.637702078698e-02
-1.653084765086e+00,4.736080089140e+00,8.637955241463e-02
-1.653026006088e+00,4.493983903650e+00,8.638020648878e-02
-1.653004278435e+00,1.012944861198e+01,6.200042136298e-02
-1.652634211207e+00,9.848849165977e+00,7.338853588792e-02
-1.652431163809e+00,6.804355206419e+00,8.635244296543e-02
-1.652425563127e+00,1.080506572821e+00,8.636958436564e-02
-1.652397059507e+00,3.205879250504e+00,8.637375150359e-02
-1.652102886573e+00,1.821166748377e+00,8.636913170251e-02
-1.652071787066e+00,2.529624307603e+00,8.637038964124e-02
-1.651904383437e+00,5.085512437602e+00,8.636850138516e-02
-1.651815203354e+00,3.882134193405e+00,8.637158943194e-02
-1.651814731031e+00,4.621023699270e+00,8.637289142927e-02
-1.651676112348e+00,4.526186519978e+00,8.637205770402e-02
-1.651664435775e+00,6.253663572922e+00,8.635364177307e-02
-1.651527625603e+00,7.205482603894e+00,8.634195585775e-02
-1.651512394730e+00,7.888784553163e+00,8.633452245631e-02
-1.651459666765e+00,7.422325548894e+00,8.633912787587e-02
-1.651400081584e+00,8.138478662931e+00,8.633075263763e-02
-1.651265288405e+00,5.769521622814e+00,8.635658894523e-02
-1.651183660887e+00,1.112709189150e+00,8.636207889598e-02
-1.651090362367e+00,3.238081866832e+00,8.636585663123e-02
-1.650886129768e+00,5.619521674401e+00,8.635618237356e-02
-1.650839386032e+00,1.853369364705e+00,8.636149384801e-02
-1.650786688226e+00,2.561826923931e+00,8.636262176003e-02
-1.650668128957e+00,1.041028574452e+01,3.084377962826e-02
-1.650564467914e+00,5.920278771643e+00,8.635070581557e-02
-1.650486907914e+00,3.914336809734e+00,8.636355977085e-02
-1.650326218608e+00,4.558389136307e+00,8.636389699816e-02
-1.650312317719e+00,8.670971681999e+00,8.631786676778e-02
-1.650178409710e+00,9.268186191582e+00,8.305467616070e-02
-1.650036501905e+00,6.989516787809e+00,8.633540972161e-02
-1.649941758646e+00,1.144911805478e+00,8.635456332353e-02
-1.649831063410e+00,5.203360782356e+00,8.635438688334e-02
-1.649826320740e+00,7.640018641775e+00,8.632681032833e-02
-1.649783665226e+00,3.270284483161e+00,8.635795057594e-02
-1.649575885492e+00,1.885571981034e+00,8.635384553150e-02
-1.649560354161e+00,9.568507153574e+00,7.927530270664e-02
-1.649501589385e+00,2.594029540260e+00,8.635484305620e-02
-1.649482665357e+00,8.389070024074e+00,8.631600746700e-02
-1.649432460039e+00,5.470297944616e+00,8.634898534452e-02
-1.649158612474e+00,3.946539426063e+00,8.635551854388e-02
-1.649101325031e+00,8.953832992825e+00,8.563946253912e-02
-1.648976324868e+00,4.590591752636e+00,8.635572434517e-02
-1.648788982526e+00,1.010479539443e+01,6.345603987931e-02
-1.648778318404e+00,6.071774068711e+00,8.633840780916e-02
-1.648699856405e+00,1.177114421807e+00,8.634703762802e-02
-1.648476968086e+00,3.302487099489e+00,8.635003331408e-02
-1.648312384951e+00,1.917774597362e+00,8.634618673159e-02
-1.648297983154e+00,9.824217109732e+00,7.407479846122e-02
-1.648216490545e+00,2.626232156588e+00,8.634705350726e-02
-1.647949950382e+00,6.590150693616e+00,8.632710537096e-02
-1.647830317034e+00,3.978742042391e+00,8.634746572614e-02
-1.647584258956e+00,6.406654156199e+00,8.632683297669e-02
-1.647457954164e+00,1.209317038136e+00,8.633950178908e-02
-1.647170270946e+00,3.334689715818e+00,8.634210482196e-02
-1.647048884410e+00,1.949977213691e+00,8.633851742685e-02
-1.646992767666e+00,6.774455041172e+00,8.631943392557e-02
-1.646931391704e+00,2.658434772917e+00,8.633925309062e-02
-1.646909865199e+00,5.321869417022e+00,8.633500300708e-02
-1.646706296523e+00,4.823014206885e+00,8.633967650955e-02
-1.646621450420e+00,7.858534861989e+00,8.630485102107e-02
-1.646619584017e+00,8.108162906689e+00,8.630175353839e-02
-1.646573868145e+00,1.038561195801e+01,3.574340939037e-02
-1.646502021594e+00,4.010944658720e+00,8.633940129272e-02
-1.646418416643e+00,4.939407777817e+00,8.633632692169e-02
-1.646348767454e+00,7.392211832444e+00,8.630804710654e-02
-1.646307229968e+00,7.175438794147e+00,8.631026042242e-02
-1.646216051923e+00,1.241519654464e+00,8.633195578630e-02
-1.646161163056e+00,4.707327416175e+00,8.633750032325e-02
-1.645901608345e+00,6.223988428559e+00,8.631872460171e-02
-1.645863573805e+00,3.366892332147e+00,8.633416507578e-02
-1.645842687855e+00,9.237619023511e+00,8.336313459004e-02
-1.645785383870e+00,1.982179830019e+00,8.633083759575e-02
-1.645753622237e+00,8.640527647383e+00,8.629011264039e-02
-1.645646292864e+00,2.690637389245e+00,8.633144178368e-02
-1.645292608066e+00,5.056493081433e+00,8.632827458155e-02
-1.645181255270e+00,5.740082925042e+00,8.631966988951e-02
-1.645173726153e+00,4.043147275049e+00,8.633132521859e-02
-1.645103299809e+00,9.543896850474e+00,7.967188400822e-02
-1.644974149683e+00,1.273722270792e+00,8.632439959924e-02
-1.644825240525e+00,7.609836297686e+00,8.629630422918e-02
-1.644812919394e+00,8.358689486216e+00,8.628758750742e-02
-1.644706938677e+00,6.959544162312e+00,8.630305845074e-02
-1.644695772430e+00,5.590164323282e+00,8.631869925654e-02
-1.644653972918e+00,8.923326747688e+00,8.584800339228e-02
-1.644587135097e+00,5.890759991624e+00,8.631432575405e-02
-1.644573686617e+00,1.008014217688e+01,6.479817328573e-02
-1.644556876665e+00,3.399094948475e+00,8.632621405171e-02
-1.644521883329e+00,2.014382446347e+00,8.632314721674e-02
-1.644361194023e+00,2.722840005574e+00,8.632361956371e-02
-1.643961755100e+00,9.799585053486e+00,7.472348929168e-02
-1.643845430713e+00,4.075349891377e+00,8.632323747869e-02
-1.643732247442e+00,1.305924887121e+00,8.631683320736e-02
-1.643324048988e+00,5.174255039841e+00,8.631493914981e-02
-1.643258382788e+00,2.046585062676e+00,8.631544626820e-02
-1.643250179525e+00,3.431297564804e+00,8.631825172583e-02
-1.643136160501e+00,5.441023202792e+00,8.631059097396e-02
-1.643076095183e+00,2.755042621902e+00,8.631578640798e-02
-1.642908056122e+00,6.042176472591e+00,8.630254134013e-02
-1.642517135273e+00,4.107552507706e+00,8.631513804785e-02
-1.642490345201e+00,1.338127503449e+00,8.630925659011e-02
-1.642479607333e+00,1.036093817150e+01,3.997683688128e-02
-1.642403061945e+00,6.560324263048e+00,8.629323859085e-02
-1.641994882248e+00,2.078787679004e+00,8.630773472845e-02
-1.641943482384e+00,3.463500181133e+00,8.631027807417e-02
-1.641929224781e+00,6.376902733134e+00,8.629235846152e-02
-1.641839086449e+00,8.077847150447e+00,8.627261378159e-02
-1.641790996342e+00,2.787245238231e+00,8.630794229366e-02
-1.641730506109e+00,7.828285170815e+00,8.627488075785e-02
-1.641554371523e+00,6.744554875926e+00,8.628614077165e-02
-1.641506966000e+00,9.207051855440e+00,8.365881596024e-02
-1.641248442960e+00,1.370330119778e+00,8.630166972687e-02
-1.641237868142e+00,7.362098115993e+00,8.627680517227e-02
-1.641194926755e+00,8.610083612767e+00,8.626222887044e-02
-1.641188839833e+00,4.139755124035e+00,8.630702690086e-02
-1.641086834333e+00,7.145394984400e+00,8.627839809381e-02
-1.640731381707e+00,2.110990295333e+00,8.630001257574e-02
-1.640646245458e+00,9.519286547373e+00,8.005156176085e-02
-1.640636785244e+00,3.495702797461e+00,8.630229307269e-02
-1.640508011342e+00,5.292678545340e+00,8.629597021571e-02
-1.640505897502e+00,2.819447854559e+00,8.630008719788e-02
-1.640358390708e+00,1.005548895933e+01,6.603956428416e-02
-1.640206620804e+00,8.892820502551e+00,8.604939386653e-02
-1.640143173431e+00,8.328308948359e+00,8.625903213658e-02
-1.640138780915e+00,6.194313284197e+00,8.628360781996e-02
-1.640006540719e+00,1.402532736107e+00,8.629407259694e-02
-1.639886221507e+00,4.794171387407e+00,8.629823238955e-02
-1.639860544393e+00,4.171957740363e+00,8.629890401243e-02
-1.639824160309e+00,7.579653953597e+00,8.626564241002e-02
-1.639702285792e+00,4.910476063294e+00,8.629536824212e-02
-1.639625527047e+00,9.774952997241e+00,7.533759809665e-02
-1.639467881166e+00,2.143192911661e+00,8.629227978828e-02
-1.639377375448e+00,6.929571536815e+00,8.627053427377e-02
-1.639330088104e+00,3.527905413790e+00,8.629429669727e-02
-1.639237561026e+00,4.678574743211e+00,8.629516633352e-02
-1.639220798661e+00,2.851650470888e+00,8.629222109769e-02
-1.639097222135e+00,5.710644227269e+00,8.628252920934e-02
-1.638764638478e+00,1.434735352435e+00,8.628646517961e-02
-1.638680832694e+00,5.027473725263e+00,8.628778722090e-02
-1.638609802279e+00,5.861241211605e+00,8.627772927273e-02
-1.638532248953e+00,4.204160356692e+00,8.629076935718e-02
-1.638505415092e+00,5.560806972163e+00,8.628098924073e-02
-1.638385346521e+00,1.033626438499e+01,4.367118996301e-02
-1.638204380626e+00,2.175395527990e+00,8.628453634421e-02
-1.638023390963e+00,3.560108030119e+00,8.628628892374e-02
-1.637935699821e+00,2.883853087217e+00,8.628434397007e-02
-1.637522736238e+00,1.466937968764e+00,8.627884745407e-02
-1.637203953512e+00,4.236362973020e+00,8.628262290966e-02
-1.637171244145e+00,9.176484687369e+00,8.394248963423e-02
-1.637058588882e+00,8.047531394206e+00,8.624333244035e-02
-1.637037793841e+00,6.012578876472e+00,8.626646356050e-02
-1.636940880085e+00,2.207598144318e+00,8.627678222161e-02
-1.636856173508e+00,6.530497832479e+00,8.625918250646e-02
-1.636839860963e+00,5.411748460967e+00,8.627195751823e-02
-1.636839561799e+00,7.798035479641e+00,8.624475994025e-02
-1.636817034566e+00,5.145149297326e+00,8.627524254706e-02
-1.636716693823e+00,3.592310646447e+00,8.627826972784e-02
-1.636650600980e+00,2.916055703545e+00,8.627645579197e-02
-1.636636231273e+00,8.579639578151e+00,8.623421462496e-02
-1.636305812928e+00,9.491667994776e+00,8.045711939161e-02
-1.636280833997e+00,1.499140585092e+00,8.627121939950e-02
-1.636274190606e+00,6.347151310070e+00,8.625768884493e-02
-1.636143094799e+00,1.003083574177e+01,6.719111694784e-02
-1.636126968830e+00,7.331984399543e+00,8.624540094435e-02
-1.636115975379e+00,6.714654710679e+00,8.625266390116e-02
-1.635875658072e+00,4.268565589349e+00,8.627446464439e-02
-1.635866438698e+00,7.115351174654e+00,8.624636769446e-02
-1.635759268691e+00,8.862314257414e+00,8.622544856336e-02
-1.635677379545e+00,2.239800760647e+00,8.626901739851e-02
-1.635473427468e+00,8.297928410501e+00,8.623034047249e-02
-1.635409996683e+00,3.624513262776e+00,8.627023908527e-02
-1.635365502140e+00,2.948258319874e+00,8.626855654024e-02
-1.635289298994e+00,9.750320940996e+00,7.591980577902e-02
-1.635038931756e+00,1.531343201420e+00,8.626358099497e-02
-1.634823080094e+00,7.549471609507e+00,8.623482378969e-02
-1.634547362632e+00,4.300768205678e+00,8.626629453577e-02
-1.634413879004e+00,2.272003376975e+00,8.626124185288e-02
-1.634375953485e+00,6.164638139834e+00,8.624828994357e-02
-1.634291085709e+00,1.031159059849e+01,4.692318598600e-02
-1.634106157486e+00,5.263487673658e+00,8.625669247724e-02
-1.634103299542e+00,3.656715879105e+00,8.626219697163e-02
-1.634080403299e+00,2.980460936203e+00,8.626064619169e-02
-1.634047812219e+00,6.899598911318e+00,8.623783596370e-02
-1.633797029515e+00,1.563545817749e+00,8.625593221955e-02
-1.633219067192e+00,4.332970822006e+00,8.625811255812e-02
-1.633150378463e+00,2.304205993303e+00,8.625345556260e-02
-1.633066146491e+00,4.765328567929e+00,8.625626015915e-02
-1.633013189000e+00,5.681205529497e+00,8.624516519939e-02
-1.632986154941e+00,4.881544348770e+00,8.625414262757e-02
-1.632835522289e+00,9.145917519298e+00,8.421486489426e-02
-1.632796602402e+00,3.688918495433e+00,8.625414336247e-02
-1.632795304459e+00,3.012663552531e+00,8.625272472305e-02
-1.632632469461e+00,5.831722431586e+00,8.624091470051e-02
-1.632555127274e+00,1.595748434078e+00,8.624827305220e-02
-1.632315057754e+00,5.531449621044e+00,8.624274782786e-02
-1.632313958996e+00,4.649822070247e+00,8.625254813866e-02
-1.632278091315e+00,8.017215637964e+00,8.621390858092e-02
-1.632082002218e+00,9.461041192682e+00,8.088400681175e-02
-1.632077535791e+00,8.549195543535e+00,8.620606906481e-02
-1.632069057323e+00,4.998454369093e+00,8.624703719013e-02
-1.631948617488e+00,7.767785788467e+00,8.621448753322e-02
-1.631927798890e+00,1.000618252422e+01,6.826221679901e-02
-1.631890771752e+00,4.365173438335e+00,8.624991868575e-02
-1.631886877922e+00,2.336408609632e+00,8.624565850553e-02
-1.631510205618e+00,3.044866168860e+00,8.624479211099e-02
-1.631489905262e+00,3.721121111762e+00,8.624607823328e-02
-1.631313225034e+00,1.627951050406e+00,8.624060347187e-02
-1.631311916577e+00,8.831808012277e+00,8.619793378103e-02
-1.631309285072e+00,6.500671401910e+00,8.622493571362e-02
-1.631167531559e+00,5.982981280352e+00,8.623017283640e-02
-1.631016069519e+00,7.301870683093e+00,8.621383328531e-02
-1.630953070941e+00,9.725688884751e+00,7.647252329945e-02
-1.630803681505e+00,8.267547872643e+00,8.620151162662e-02
-1.630677579236e+00,6.684754545433e+00,8.621900195675e-02
-1.630646043063e+00,7.085307364907e+00,8.621416803789e-02
-1.630623377382e+00,2.368611225961e+00,8.623785065945e-02
-1.630619156431e+00,6.317399887005e+00,8.622282267659e-02
-1.630562476312e+00,4.397376054664e+00,8.624171289282e-02
-1.630543561424e+00,5.382473719143e+00,8.623308307659e-02
-1.630310020144e+00,5.116043554811e+00,8.623506878343e-02
-1.630225106778e+00,3.077068785189e+00,8.623684833213e-02
-1.630196824897e+00,1.028691681198e+01,4.980771189099e-02
-1.630183208121e+00,3.753323728091e+00,8.623800155946e-02
-1.630071322793e+00,1.660153666734e+00,8.623292345744e-02
-1.629821999878e+00,7.519289265418e+00,8.620384727859e-02
-1.629359876841e+00,2.400813842289e+00,8.623003200209e-02
-1.629234180871e+00,4.429578670992e+00,8.623349515346e-02
-1.628940007937e+00,3.109271401517e+00,8.622889336300e-02
-1.628876510981e+00,3.785526344419e+00,8.622991331635e-02
-1.628829420552e+00,1.692356283063e+00,8.622523298771e-02
-1.628718248991e+00,6.869626285822e+00,8.620489260131e-02
-1.628613126055e+00,6.134962995472e+00,8.621276947735e-02
-1.628499800434e+00,9.115350351228e+00,8.447659667069e-02
-1.628096376301e+00,2.433016458617e+00,8.622220251109e-02
-1.627905885431e+00,4.461781287321e+00,8.622526544172e-02
-1.627858191508e+00,9.430414390588e+00,8.129013295052e-02
-1.627712502981e+00,9.981529306667e+00,6.926098627147e-02
-1.627704303629e+00,5.234296801975e+00,8.621716786055e-02
-1.627654909097e+00,3.141474017846e+00,8.622092718008e-02
-1.627587518311e+00,1.724558899391e+00,8.621753204145e-02
-1.627569813841e+00,3.817728960748e+00,8.622181347922e-02
-1.627518840309e+00,8.518751508919e+00,8.617779134462e-02
-1.627497593747e+00,7.986899881722e+00,8.618420314745e-02
-1.627057673178e+00,7.737536097293e+00,8.618406249356e-02
-1.626929155864e+00,5.651766831724e+00,8.620757614191e-02
-1.626864564463e+00,8.801301767140e+00,8.617029236303e-02
-1.626832875760e+00,2.465219074946e+00,8.621436216407e-02
-1.626738487099e+00,1.093750035002e-01,8.651793680479e-02
-1.626738487099e+00,2.343750075005e-01,8.636124444533e-02
-1.626738487099e+00,3.906250125002e-01,8.624093295994e-02
-1.626738487099e+00,4.218750135002e-01,8.622773374773e-02
-1.626738487099e+00,4.843750155000e-01,8.621258981545e-02
-1.626738487099e+00,6.093750194999e-01,8.621069236914e-02
-1.626738487099e+00,6.406250204999e-01,8.621069236914e-02
-1.626738487099e+00,7.343750234998e-01,8.621069236914e-02
-1.626738487099e+00,7.656250244998e-01,8.621069236914e-02
-1.626738487099e+00,9.218750295000e-01,8.621069236914e-02
-1.626738487099e+00,9.531250305000e-01,8.621069236914e-02
-1.626738487099e+00,4.687500150008e-02,8.661415471401e-02
-1.626738487099e+00,7.812500250012e-02,8.656465622363e-02
-1.626738487099e+00,1.406250045003e-01,8.647412010210e-02
-1.626738487099e+00,1.718750055004e-01,8.643332487284e-02
-1.626738487099e+00,2.031250065004e-01,8.639566415489e-02
-1.626738487099e+00,2.968750095005e-01,8.630251657078e-02
-1.626738487099e+00,3.593750115003e-01,8.625783293119e-02
-1.626738487099e+00,4.531250145001e-01,8.621827620593e-02
-1.626738487099e+00,5.156250165000e-01,8.621069236914e-02
-1.626738487099e+00,5.468750175000e-01,8.621069236914e-02
-1.626738487099e+00,7.031250224998e-01,8.621069236914e-02
-1.626738487099e+00,7.968750254998e-01,8.621069236914e-02
-1.626738487099e+00,8.281250264998e-01,8.621069236914e-02
-1.626738487099e+00,8.593750274999e-01,8.621069236914e-02
-1.626738487099e+00,8.906250285000e-01,8.621069236914e-02
-1.626738487099e+00,9.843750315000e-01,8.621069236914e-02
-1.626738487099e+00,1.562500050003e-02,8.666630457677e-02
-1.626738487099e+00,2.656250085005e-01,8.633016490083e-02
-1.626738487099e+00,3.281250105004e-01,8.627838167417e-02
-1.626738487099e+00,5.781250184999e-01,8.621069236914e-02
-1.626738487099e+00,6.718750214998e-01,8.621069236914e-02
-1.626655136643e+00,5.802203651567e+00,8.620388035362e-02
-1.626616842888e+00,9.701056828506e+00,7.699792482103e-02
-1.626577589991e+00,4.493983903650e+00,8.621702373156e-02
-1.626369810257e+00,3.173676634175e+00,8.621294975977e-02
-1.626345616070e+00,1.756761515720e+00,8.620982059736e-02
-1.626270024090e+00,4.852612634247e+00,8.621264794409e-02
-1.626263116700e+00,3.849931577077e+00,8.621370202327e-02
-1.626246071475e+00,4.736485748451e+00,8.621389072219e-02
-1.626133935541e+00,8.237167334785e+00,8.617254470387e-02
-1.626128335129e+00,1.016101340164e+00,8.620690102389e-02
-1.626124700417e+00,5.502092269925e+00,8.620426032339e-02
-1.626102564085e+00,1.026224302547e+01,5.238365450361e-02
-1.625905170207e+00,7.271756966642e+00,8.618210104889e-02
-1.625762396635e+00,6.470844971342e+00,8.619049679723e-02
-1.625569375219e+00,2.497421691274e+00,8.620651093856e-02
-1.625457281951e+00,4.969435012923e+00,8.620602236158e-02
-1.625425647428e+00,7.055263555160e+00,8.618179792859e-02
-1.625390356965e+00,4.621069397282e+00,8.620964341776e-02
-1.625297269278e+00,5.953383684233e+00,8.619366752111e-02
-1.625249294551e+00,4.526186519978e+00,8.620876999690e-02
-1.625239183093e+00,6.654854380186e+00,8.618515357022e-02
-1.625103713829e+00,1.788964132048e+00,8.620209863409e-02
-1.625084711416e+00,3.205879250504e+00,8.620496107844e-02
-1.624964122256e+00,6.287648463941e+00,8.618775849512e-02
-1.624956419560e+00,3.882134193405e+00,8.620557892364e-02
-1.624908031188e+00,1.048303956493e+00,8.619931070998e-02
-1.624820919663e+00,7.489106921329e+00,8.617271177862e-02
-1.624305874679e+00,2.529624307603e+00,8.619864881204e-02
-1.624247261886e+00,5.353198977319e+00,8.619396573434e-02
-1.624164078579e+00,9.084783183157e+00,8.472829063082e-02
-1.623920999111e+00,4.558389136307e+00,8.620050421153e-02
-1.623861811589e+00,1.821166748377e+00,8.619436613024e-02
-1.623803005722e+00,5.086937812296e+00,8.619451869994e-02
-1.623799612576e+00,3.238081866832e+00,8.619696111235e-02
-1.623687727247e+00,1.080506572821e+00,8.619171021461e-02
-1.623649722420e+00,3.914336809734e+00,8.619744415536e-02
-1.623634380799e+00,9.399787588495e+00,8.167712070369e-02
-1.623497207073e+00,9.956876089114e+00,7.019449028067e-02
-1.623388685762e+00,6.839653660325e+00,8.617160048490e-02
-1.623042374138e+00,2.561826923931e+00,8.619077576192e-02
-1.622960144828e+00,8.488307474304e+00,8.614938061275e-02
-1.622850298626e+00,6.105287851109e+00,8.617679866978e-02
-1.622717096180e+00,7.956584125481e+00,8.615429104601e-02
-1.622619909348e+00,1.853369364705e+00,8.618662306432e-02
-1.622592703670e+00,4.590591752636e+00,8.619222634922e-02
-1.622514513735e+00,3.270284483161e+00,8.618894983773e-02
-1.622467423306e+00,1.112709189150e+00,8.618409951740e-02
-1.622417212350e+00,8.770795522003e+00,8.614252350500e-02
-1.622343025279e+00,3.946539426063e+00,8.618929769346e-02
-1.622280614834e+00,9.676424772261e+00,7.749788045594e-02
-1.622166728867e+00,7.707286406119e+00,8.615348376990e-02
-1.622008303273e+00,1.023756923896e+01,5.469795704351e-02
-1.621778873597e+00,2.594029540260e+00,8.618289176556e-02
-1.621464189578e+00,8.206786796928e+00,8.614343880250e-02
-1.621378007107e+00,1.885571981034e+00,8.617886941481e-02
-1.621302449772e+00,5.205105930292e+00,8.617739442136e-02
-1.621247119365e+00,1.144911805478e+00,8.617647859793e-02
-1.621229414894e+00,3.302487099489e+00,8.618092723071e-02
-1.621036328139e+00,3.978742042391e+00,8.618113951282e-02
-1.620845122729e+00,5.622328133952e+00,8.616976030693e-02
-1.620794270896e+00,7.241643250192e+00,8.615020308001e-02
-1.620677803825e+00,5.772684871548e+00,8.616662453560e-02
-1.620515373057e+00,2.626232156588e+00,8.617499680026e-02
-1.620215508198e+00,6.441018540773e+00,8.615586433112e-02
-1.620205251793e+00,7.025219745413e+00,8.614925616196e-02
-1.620136104866e+00,1.917774597362e+00,8.617110516013e-02
-1.620026815424e+00,1.177114421807e+00,8.616884743570e-02
-1.619944316054e+00,3.334689715818e+00,8.617289326738e-02
-1.619934343079e+00,5.472734918806e+00,8.616553391142e-02
-1.619828356724e+00,9.054216015086e+00,8.497050770921e-02
-1.619819839447e+00,7.458924577239e+00,8.614141618313e-02
-1.619800786950e+00,6.624954214940e+00,8.615111736249e-02
-1.619729630999e+00,4.010944658720e+00,8.617296958831e-02
-1.619553893239e+00,4.823680919724e+00,8.617088204461e-02
-1.619427006996e+00,5.923786088114e+00,8.615694595498e-02
-1.619425996459e+00,4.707642928973e+00,8.617123700523e-02
-1.619410570089e+00,9.369160786401e+00,8.204627612075e-02
-1.619309088081e+00,6.257897040876e+00,8.615249482810e-02
-1.619281911164e+00,9.932222871562e+00,7.106890291106e-02
-1.619251872516e+00,2.658434772917e+00,8.616709084323e-02
-1.618894202625e+00,1.949977213691e+00,8.616333027864e-02
-1.618845506579e+00,4.940415656753e+00,8.616474059310e-02
-1.618806511483e+00,1.209317038136e+00,8.616120601018e-02
-1.618659217213e+00,3.366892332147e+00,8.616484792376e-02
-1.618422933858e+00,4.043147275049e+00,8.616478789470e-02
-1.618401449346e+00,8.457863439688e+00,8.612083601127e-02
-1.618059122534e+00,6.809681034828e+00,8.613812605810e-02
-1.617988371975e+00,2.690637389245e+00,8.615917387165e-02
-1.617969860236e+00,8.740289276865e+00,8.611462639666e-02
-1.617950962348e+00,5.323924235495e+00,8.615460356282e-02
-1.617944386781e+00,9.651792716016e+00,7.797353423536e-02
-1.617936598613e+00,7.926268369239e+00,8.612423028753e-02
-1.617914042461e+00,1.021289545245e+01,5.678850105545e-02
-1.617811584586e+00,1.051848446076e+01,6.608629171571e-06
-1.617652300385e+00,1.982179830019e+00,8.615554474863e-02
-1.617586207542e+00,1.241519654464e+00,8.615355430077e-02
-1.617374118373e+00,3.399094948475e+00,8.615679117578e-02
-1.617295991299e+00,5.057832069781e+00,8.615370604869e-02
-1.617275784557e+00,7.677036714945e+00,8.612275030261e-02
-1.617116236718e+00,4.075349891377e+00,8.615659440668e-02
-1.617087471196e+00,6.075612706746e+00,8.614058530058e-02
-1.616794443615e+00,8.176406259070e+00,8.611419301409e-02
-1.616724871435e+00,2.722840005574e+00,8.615124586262e-02
-1.616410398144e+00,2.014382446347e+00,8.614774854834e-02
-1.616365903601e+00,1.273722270792e+00,8.614589228683e-02
-1.616089019532e+00,3.431297564804e+00,8.614872299934e-02
-1.615809539578e+00,4.107552507706e+00,8.614838909890e-02
-1.615683371584e+00,7.211529533742e+00,8.611813821464e-02
-1.615492634869e+00,9.023648847016e+00,8.520376814916e-02
-1.615461370894e+00,2.755042621902e+00,8.614330679318e-02
-1.615186759380e+00,9.338533984307e+00,8.239878999732e-02
-1.615168495903e+00,2.046585062676e+00,8.613994165596e-02
-1.615145599660e+00,1.305924887121e+00,8.613821994764e-02
-1.615066615255e+00,9.907569654009e+00,7.188964353892e-02
-1.614984856158e+00,6.995175935666e+00,8.611654152424e-02
-1.614900595916e+00,5.175915058610e+00,8.613737020229e-02
-1.614818759232e+00,7.428742233150e+00,8.610995937683e-02
-1.614803920692e+00,3.463500181133e+00,8.614064337024e-02
-1.614761089594e+00,5.592889436179e+00,8.613170867207e-02
-1.614700471007e+00,5.743166091529e+00,8.612914553726e-02
-1.614668619761e+00,6.411192110204e+00,8.612103687806e-02
-1.614502842437e+00,4.139755124035e+00,8.614017194590e-02
-1.614362390806e+00,6.595054049693e+00,8.611689194348e-02
-1.614197870354e+00,2.787245238231e+00,8.613535664031e-02
-1.613926593662e+00,2.078787679004e+00,8.613212404961e-02
-1.613925295719e+00,1.338127503449e+00,8.613053726245e-02
-1.613842753864e+00,8.427419405072e+00,8.609215667586e-02
-1.613838458929e+00,1.049379069815e+01,1.009184819534e-02
-1.613819781649e+00,1.018822166594e+01,5.868619228317e-02
-1.613743985741e+00,5.443377567688e+00,8.612656668379e-02
-1.613654053906e+00,6.228145617812e+00,8.611703019200e-02
-1.613608158728e+00,9.627160659771e+00,7.842735918461e-02
-1.613556744715e+00,5.894188491994e+00,8.612000646539e-02
-1.613522508123e+00,8.709783031728e+00,8.608660022171e-02
-1.613518821851e+00,3.495702797461e+00,8.613255226423e-02
-1.613196145297e+00,4.171957740363e+00,8.613194292219e-02
-1.613156101045e+00,7.895952612998e+00,8.609401985777e-02
-1.612934369813e+00,2.819447854559e+00,8.612739538092e-02
-1.612837762387e+00,4.794749205201e+00,8.612884276917e-02
-1.612729559305e+00,6.779708409331e+00,8.610446797826e-02
-1.612704991778e+00,1.370330119778e+00,8.612284421044e-02
-1.612684691422e+00,2.110990295333e+00,8.612429570735e-02
-1.612605921443e+00,4.678800109495e+00,8.612829665659e-02
-1.612384840246e+00,7.646787023771e+00,8.609186102378e-02
-1.612233731208e+00,4.911396300583e+00,8.612318972817e-02
-1.612233723011e+00,3.527905413790e+00,8.612444965698e-02
-1.612124697652e+00,8.146025721212e+00,8.608472033400e-02
-1.611889448157e+00,4.204160356692e+00,8.612370200217e-02
-1.611670869272e+00,2.851650470888e+00,8.611942299187e-02
-1.611654662810e+00,5.294649493670e+00,8.611499461949e-02
-1.611484687837e+00,1.402532736107e+00,8.611514077075e-02
-1.611442789181e+00,2.143192911661e+00,8.611645660719e-02
-1.611324643766e+00,6.045937562384e+00,8.610415915827e-02
-1.611156913014e+00,8.993081678945e+00,8.542855511569e-02
-1.610962948670e+00,9.307907182212e+00,8.273575023445e-02
-1.610948624170e+00,3.560108030119e+00,8.611633552410e-02
-1.610851319346e+00,9.882916436456e+00,7.266148873498e-02
-1.610788976877e+00,5.028726327266e+00,8.611262868480e-02
-1.610582751016e+00,4.236362973020e+00,8.611544916018e-02
-1.610572472272e+00,7.181415817291e+00,8.608590527986e-02
-1.610407368731e+00,2.883853087217e+00,8.611143944994e-02
-1.610264383896e+00,1.434735352435e+00,8.610742692245e-02
-1.610200886940e+00,2.175395527990e+00,8.610860672706e-02
-1.609865333272e+00,1.046909693553e+01,1.830036361586e-02
-1.609817679016e+00,7.398559889060e+00,8.607834023581e-02
-1.609764460523e+00,6.965132125919e+00,8.608361268412e-02
-1.609725520837e+00,1.016354787943e+01,6.041649573329e-02
-1.609663525330e+00,3.592310646447e+00,8.610820984114e-02
-1.609284058382e+00,8.396975370456e+00,8.606334173583e-02
-1.609276053876e+00,4.268565589349e+00,8.610718437049e-02
-1.609271930675e+00,9.602528603526e+00,7.886081208398e-02
-1.609143868191e+00,2.916055703545e+00,8.610344473185e-02
-1.609121731324e+00,6.381365679636e+00,8.608601298972e-02
-1.609075156009e+00,8.679276786591e+00,8.605844415787e-02
-1.609044079955e+00,1.466937968764e+00,8.609970264455e-02
-1.608958984699e+00,2.207598144318e+00,8.610074604485e-02
-1.608923994663e+00,6.565153884447e+00,8.608247591216e-02
-1.608723138189e+00,5.713647311510e+00,8.609144163671e-02
-1.608677056459e+00,5.563450738406e+00,8.609311933836e-02
-1.608498742059e+00,5.146724186927e+00,8.609702013687e-02
-1.608378426490e+00,3.624513262776e+00,8.610007258356e-02
-1.608375603478e+00,7.865636856756e+00,8.606365873458e-02
-1.607999019731e+00,6.198394194748e+00,8.608136309220e-02
-1.607969356736e+00,4.300768205678e+00,8.609890760729e-02
-1.607880367650e+00,2.948258319874e+00,8.609543881426e-02
-1.607823776014e+00,1.499140585092e+00,8.609196791602e-02
-1.607717082458e+00,2.239800760646e+00,8.609287453839e-02
-1.607686482433e+00,5.864590895875e+00,8.608284736677e-02
-1.607553628403e+00,5.414020216569e+00,8.608735671773e-02
-1.607493895936e+00,7.616537332597e+00,8.606081485716e-02
-1.607454951689e+00,8.115645183355e+00,8.605499495832e-02
-1.607399996077e+00,6.749735783834e+00,8.607062489189e-02
-1.607093327649e+00,3.656715879105e+00,8.609192372676e-02
-1.606821191158e+00,8.962514510874e+00,8.564506733093e-02
-1.606739137960e+00,9.277280380118e+00,8.305815265327e-02
-1.606662659595e+00,4.332970822006e+00,8.609061884471e-02
-1.606636023437e+00,9.858263218904e+00,7.338866483012e-02
-1.606616867110e+00,2.980460936203e+00,8.608742167378e-02
-1.606603472073e+00,1.531343201420e+00,8.608422271577e-02
-1.606475180217e+00,2.272003376975e+00,8.608499218544e-02
-1.606121631536e+00,4.765817490678e+00,8.608620227563e-02
-1.605892207615e+00,1.044440317291e+01,2.510757042679e-02
-1.605808228809e+00,3.688918495433e+00,8.608376324609e-02
-1.605785846427e+00,4.649957290017e+00,8.608506730920e-02
-1.605631260025e+00,1.013887409292e+01,6.200058246820e-02
-1.605621955836e+00,4.882376944413e+00,8.608136759606e-02
-1.605561816336e+00,6.016262418021e+00,8.606751859622e-02
-1.605461572961e+00,7.151302100841e+00,8.605350309372e-02
-1.605383168132e+00,1.563545817749e+00,8.607646702265e-02
-1.605358363272e+00,5.265374751846e+00,8.607513694792e-02
-1.605355962455e+00,4.365173438335e+00,8.608231805680e-02
-1.605353366569e+00,3.012663552531e+00,8.607939328691e-02
-1.605233277977e+00,2.304205993303e+00,8.607709896371e-02
-1.604935702622e+00,9.577896547281e+00,7.927522343870e-02
-1.604816598801e+00,7.368377544971e+00,8.604655762738e-02
-1.604725362900e+00,8.366531335840e+00,8.603439031405e-02
-1.604627803895e+00,8.648770541454e+00,8.603015737673e-02
-1.604544064888e+00,6.935088316173e+00,8.605030814644e-02
-1.604523129968e+00,3.721121111762e+00,8.607559111679e-02
-1.604281962456e+00,4.999620584751e+00,8.607128444795e-02
-1.604162864191e+00,1.595748434078e+00,8.606870081544e-02
-1.604089866028e+00,3.044866168860e+00,8.607135363013e-02
-1.604049265315e+00,4.397376054664e+00,8.607400521751e-02
-1.603991375736e+00,2.336408609632e+00,8.606919485083e-02
-1.603595105911e+00,7.835321100514e+00,8.603314588775e-02
-1.603574842887e+00,6.351539249067e+00,8.605079120659e-02
-1.603485598520e+00,6.535253719200e+00,8.604786785639e-02
-1.603238031128e+00,3.753323728091e+00,8.606740731408e-02
-1.602942560250e+00,1.627951050406e+00,8.606092407290e-02
-1.602826365487e+00,3.077068785189e+00,8.606330267985e-02
-1.602785205726e+00,8.085264645497e+00,8.602512373336e-02
-1.602749473495e+00,2.368611225961e+00,8.606127982439e-02
-1.602745805371e+00,5.684128531491e+00,8.605351109934e-02
-1.602742568174e+00,4.429578670992e+00,8.606568030076e-02
-1.602602951625e+00,7.586287641423e+00,8.602961071804e-02
-1.602593023324e+00,5.534012040634e+00,8.605429129835e-02
-1.602515327251e+00,9.246653578024e+00,8.336691048328e-02
-1.602485469303e+00,8.931947342804e+00,8.585372214910e-02
-1.602420727528e+00,9.833610001351e+00,7.407492493303e-02
-1.602343985556e+00,6.168642771683e+00,8.604530112011e-02
-1.602096888202e+00,5.117533315245e+00,8.605613782313e-02
-1.602070432848e+00,6.719763158337e+00,8.603659543460e-02
-1.601952932287e+00,3.785526344419e+00,8.605921181306e-02
-1.601919081958e+00,1.041970941030e+01,3.084393047368e-02
-1.601816220152e+00,5.834993299755e+00,8.604546696055e-02
-1.601722256309e+00,1.660153666734e+00,8.605313677369e-02
-1.601562864947e+00,3.109271401517e+00,8.605524041239e-02
-1.601536999213e+00,1.011420030641e+01,6.345619806854e-02
-1.601507571254e+00,2.400813842289e+00,8.605335386190e-02
-1.601435871034e+00,4.461781287321e+00,8.605734328035e-02
-1.601363271065e+00,5.384662865450e+00,8.604790207596e-02
-1.600667833447e+00,3.817728960748e+00,8.605100458880e-02
-1.600599474568e+00,9.553264491035e+00,7.967181082515e-02
-1.600501952368e+00,1.692356283063e+00,8.604533889644e-02
-1.600350673649e+00,7.121188384390e+00,8.602093046522e-02
-1.600299364406e+00,3.141474017846e+00,8.604716680402e-02
-1.600265669013e+00,2.433016458617e+00,8.604541694084e-02
-1.600180451782e+00,8.618264296317e+00,8.600173904380e-02
-1.600166667418e+00,8.336087301224e+00,8.600530152690e-02
-1.600129173894e+00,4.493983903650e+00,8.604899413005e-02
-1.599815518585e+00,7.338195200881e+00,8.601461041014e-02
-1.599798988907e+00,5.986587273659e+00,8.603066195466e-02
-1.599405500685e+00,4.736885776154e+00,8.604322132058e-02
-1.599382734606e+00,3.849931577077e+00,8.604278561628e-02
-1.599323669254e+00,6.905044506426e+00,8.601682266686e-02
-1.599281648428e+00,1.724558899391e+00,8.603753041972e-02
-1.599062063734e+00,5.236100010022e+00,8.603502857787e-02
-1.599035863866e+00,3.173676634175e+00,8.603908183094e-02
-1.599023766773e+00,2.465219074946e+00,8.603746903858e-02
-1.599010180465e+00,4.853357588244e+00,8.603927201190e-02
-1.598965771410e+00,4.621114470539e+00,8.604154658085e-02
-1.598822476753e+00,4.526186519978e+00,8.604063282352e-02
-1.598814608343e+00,7.805005344273e+00,8.600248027901e-02
-1.598291516541e+00,9.216026775930e+00,8.366286270878e-02
-1.598205431619e+00,9.808956783799e+00,7.472361336392e-02
-1.598149747448e+00,8.901380174733e+00,8.598497358852e-02
-1.598115459762e+00,8.054884107639e+00,8.599510567322e-02
-1.598097635765e+00,3.882134193405e+00,8.603455487040e-02
-1.598061344486e+00,1.756761515720e+00,8.602971132202e-02
-1.598047202376e+00,6.505353553953e+00,8.601306635294e-02
-1.598027954450e+00,6.321712818498e+00,8.601537005798e-02
-1.597946655469e+00,1.093750035002e-01,8.634989692652e-02
-1.597946655469e+00,4.531250145001e-01,8.603530072326e-02
-1.597946655469e+00,5.468750175000e-01,8.602732716259e-02
-1.597946655469e+00,6.406250204999e-01,8.602732716259e-02
-1.597946655469e+00,7.656250244998e-01,8.602732716259e-02
-1.597946655469e+00,2.343750075005e-01,8.618550684052e-02
-1.597946655469e+00,2.656250085005e-01,8.615287140605e-02
-1.597946655469e+00,2.968750095005e-01,8.612383079842e-02
-1.597946655469e+00,4.218750135002e-01,8.604524345498e-02
-1.597946655469e+00,4.843750155000e-01,8.602932217130e-02
-1.597946655469e+00,5.156250165000e-01,8.602732716259e-02
-1.597946655469e+00,5.781250184999e-01,8.602732716259e-02
-1.597946655469e+00,6.093750194999e-01,8.602732716259e-02
-1.597946655469e+00,7.343750234998e-01,8.602732716259e-02
-1.597946655469e+00,7.968750254998e-01,8.602732716259e-02
-1.597946655469e+00,8.281250264998e-01,8.602732716259e-02
-1.597946655469e+00,8.593750274999e-01,8.602732716259e-02
-1.597946655469e+00,9.531250305000e-01,8.602732716259e-02
-1.597946655469e+00,9.843750315000e-01,8.602732716259e-02
-1.597946655469e+00,7.812500250012e-02,8.639886463133e-02
-1.597946655469e+00,2.031250065004e-01,8.622163836860e-02
-1.597946655469e+00,3.281250105004e-01,8.609847424701e-02
-1.597946655469e+00,3.906250125002e-01,8.605911828991e-02
-1.597946655469e+00,6.718750214998e-01,8.602732716259e-02
-1.597946655469e+00,8.906250285000e-01,8.602732716259e-02
-1.597946655469e+00,9.218750295000e-01,8.602732716259e-02
-1.597946655469e+00,1.562500050003e-02,8.650533118824e-02
-1.597946655469e+00,1.406250045003e-01,8.630395215307e-02
-1.597946655469e+00,1.718750055004e-01,8.626115856191e-02
-1.597946655469e+00,3.593750115003e-01,8.607688072848e-02
-1.597946655469e+00,7.031250224998e-01,8.602732716259e-02
-1.597946655469e+00,4.687500150008e-02,8.645072190384e-02
-1.597945956301e+00,1.039501564768e+01,3.574357144449e-02
-1.597781864532e+00,2.497421691274e+00,8.602951013248e-02
-1.597774948033e+00,4.970514842236e+00,8.602967116247e-02
-1.597772363325e+00,3.205879250504e+00,8.603098546929e-02
-1.597712007314e+00,7.556037950249e+00,8.599824751329e-02
-1.597515779613e+00,4.558389136307e+00,8.603225933437e-02
-1.597442738401e+00,1.008952651990e+01,6.479832851136e-02
-1.597347302649e+00,1.016101340164e+00,8.602348193868e-02
-1.596841040546e+00,1.788964132048e+00,8.602188158182e-02
-1.596812536925e+00,3.914336809734e+00,8.602631232602e-02
-1.596768472554e+00,5.654609751473e+00,8.601535217783e-02
-1.596740869619e+00,6.689790532840e+00,8.600237823108e-02
-1.596688951382e+00,6.138891348619e+00,8.600894164890e-02
-1.596539962291e+00,2.529624307603e+00,8.602154019981e-02
-1.596508990189e+00,5.504573342861e+00,8.601522263817e-02
-1.596508862784e+00,3.238081866832e+00,8.602287769514e-02
-1.596263246515e+00,9.528632434790e+00,8.005149422457e-02
-1.596209082473e+00,4.590591752636e+00,8.602387363611e-02
-1.596148597008e+00,1.048303956493e+00,8.601578377651e-02
-1.595945957870e+00,5.805395703636e+00,8.600786353509e-02
-1.595733099668e+00,8.587758051180e+00,8.597318831840e-02
-1.595695034346e+00,5.088342443562e+00,8.601499094139e-02
-1.595620736605e+00,1.821166748377e+00,8.601404117749e-02
-1.595607971936e+00,8.305643266608e+00,8.597597859520e-02
-1.595527438084e+00,3.946539426063e+00,8.601805795790e-02
-1.595298060050e+00,2.561826923931e+00,8.601355921777e-02
-1.595245362244e+00,3.270284483161e+00,8.601475848449e-02
-1.595239774338e+00,7.091074667940e+00,8.598818619427e-02
-1.595172913728e+00,5.355305514331e+00,8.600820080673e-02
-1.594949891366e+00,1.080506572821e+00,8.600807531142e-02
-1.594814438370e+00,7.308012856792e+00,8.598249743380e-02
-1.594400432664e+00,1.853369364705e+00,8.600619008737e-02
-1.594242339244e+00,3.978742042391e+00,8.600979174075e-02
-1.594103273619e+00,6.875000696680e+00,8.598315491784e-02
-1.594067705832e+00,9.185399973836e+00,8.394678142931e-02
-1.594056157809e+00,2.594029540260e+00,8.600556716352e-02
-1.594036161477e+00,5.956912129296e+00,8.599358756062e-02
-1.594034110776e+00,7.774689588031e+00,8.597166086195e-02
-1.593990135710e+00,9.784303566246e+00,7.533771983939e-02
-1.593981861703e+00,3.302487099489e+00,8.600662781328e-02
-1.593972830644e+00,1.037032188507e+01,3.997700580118e-02
-1.593814025593e+00,8.870813006662e+00,8.595704611495e-02
-1.593751185725e+00,1.112709189150e+00,8.600035652286e-02
-1.593445713799e+00,8.024503569781e+00,8.596493978427e-02
-1.593348477589e+00,1.006485273339e+01,6.603971653341e-02
-1.593180128723e+00,1.885571981034e+00,8.599832828974e-02
-1.592957240403e+00,4.010944658720e+00,8.600151364918e-02
-1.592821063004e+00,7.525788259075e+00,8.596672414125e-02
-1.592814255569e+00,2.626232156588e+00,8.599756401415e-02
-1.592765764195e+00,5.206825268198e+00,8.599466752533e-02
-1.592718361162e+00,3.334689715818e+00,8.599848565737e-02
-1.592689369834e+00,4.707954061631e+00,8.599995133872e-02
-1.592608806233e+00,6.475453388707e+00,8.597806996738e-02
-1.592552480084e+00,1.144911805478e+00,8.599262739019e-02
-1.592481066013e+00,6.291886387929e+00,8.597974806196e-02
-1.592398405093e+00,4.824338232074e+00,8.599690077688e-02
-1.592039320145e+00,9.500973833711e+00,8.045737949283e-02
-1.591959824782e+00,1.917774597362e+00,8.599045576282e-02
-1.591672141563e+00,4.043147275049e+00,8.599322365776e-02
-1.591572353328e+00,2.658434772917e+00,8.598954974668e-02
-1.591454860622e+00,3.366892332147e+00,8.599033199258e-02
-1.591411306391e+00,6.659817907343e+00,8.596797189499e-02
-1.591353774443e+00,1.177114421807e+00,8.598488789275e-02
-1.591285747555e+00,8.557251806042e+00,8.594450435366e-02
-1.591267933612e+00,4.941409099721e+00,8.598778663740e-02
-1.591049276455e+00,8.275199231992e+00,8.594641784793e-02
-1.591033917207e+00,6.109139925554e+00,8.597236957255e-02
-1.590791139736e+00,5.625090971454e+00,8.597692237557e-02
-1.590739520841e+00,1.949977213691e+00,8.598257248476e-02
-1.590424957054e+00,5.475134645089e+00,8.597591142895e-02
-1.590387042723e+00,4.075349891377e+00,8.598492174097e-02
-1.590330451087e+00,2.690637389245e+00,8.598152433807e-02
-1.590191360081e+00,3.399094948475e+00,8.598216679463e-02
-1.590155068802e+00,1.209317038136e+00,8.597713800978e-02
-1.590128875026e+00,7.060960951490e+00,8.595521782524e-02
-1.590075695589e+00,5.775798107517e+00,8.597003536573e-02
-1.589999704987e+00,1.034562812245e+01,4.367136273783e-02
-1.589843895122e+00,9.154773171742e+00,8.421937836636e-02
-1.589813358154e+00,7.277830512702e+00,8.595021753922e-02
-1.589774839802e+00,9.759650348693e+00,7.591992526118e-02
-1.589519216900e+00,1.982179830019e+00,8.597467843366e-02
-1.589478303738e+00,8.840245838591e+00,8.592899092087e-02
-1.589293180489e+00,5.059151571880e+00,8.597357731620e-02
-1.589254216777e+00,1.004017894688e+01,6.719126623363e-02
-1.589253613209e+00,7.744373831789e+00,8.594068658195e-02
-1.589101943882e+00,4.107552507706e+00,8.597660787322e-02
-1.589088548846e+00,2.722840005574e+00,8.597348776521e-02
-1.588982556390e+00,5.325948163212e+00,8.596825094373e-02
-1.588956363161e+00,1.241519654464e+00,8.596937772052e-02
-1.588927859540e+00,3.431297564804e+00,8.597399003919e-02
-1.588882877984e+00,6.844956886933e+00,8.594930356107e-02
-1.588775967836e+00,7.994123031923e+00,8.593462506508e-02
-1.588298912959e+00,2.014382446347e+00,8.596677358758e-02
-1.588273334047e+00,5.927236984934e+00,8.595629372789e-02
-1.587930118693e+00,7.495538567901e+00,8.593503949165e-02
-1.587927695459e+00,9.470288687800e+00,8.088486748213e-02
-1.587846646605e+00,2.755042621902e+00,8.596544000495e-02
-1.587816845042e+00,4.139755124035e+00,8.596828202886e-02
-1.587757657520e+00,1.273722270792e+00,8.596160700413e-02
-1.587664359000e+00,3.463500181133e+00,8.596580170187e-02
-1.587170410090e+00,6.445553223460e+00,8.594287725409e-02
-1.587078609018e+00,2.046585062676e+00,8.595885792448e-02
-1.586934177576e+00,6.262059957361e+00,8.594392372530e-02
-1.586838395441e+00,8.526745560905e+00,8.591568629649e-02
-1.586604744364e+00,2.787245238231e+00,8.595738103406e-02
-1.586558951878e+00,1.305924887121e+00,8.595382583970e-02
-1.586531746201e+00,4.171957740363e+00,8.595994418213e-02
-1.586490580973e+00,8.244755197377e+00,8.591671393585e-02
-1.586469464657e+00,5.177550526373e+00,8.595405179260e-02
-1.586400858459e+00,3.495702797461e+00,8.595760175818e-02
-1.586081743162e+00,6.629845281846e+00,8.593337502892e-02
-1.586026579330e+00,1.032093435984e+01,4.692336050496e-02
-1.585973238982e+00,4.679022347108e+00,8.595638991863e-02
-1.585858305077e+00,2.078787679004e+00,8.595093142229e-02
-1.585786629722e+00,4.795318875904e+00,8.595423901019e-02
-1.585620084412e+00,9.124146369649e+00,8.448131062906e-02
-1.585559543893e+00,9.734997131141e+00,7.647264058847e-02
-1.585378883032e+00,6.079388502490e+00,8.593558324551e-02
-1.585362842124e+00,2.819447854559e+00,8.594931082923e-02
-1.585360246237e+00,1.338127503449e+00,8.594603420627e-02
-1.585246647361e+00,4.204160356692e+00,8.595159430724e-02
-1.585159955965e+00,1.001550516037e+01,6.826236315311e-02
-1.585142581883e+00,8.809678670520e+00,8.590080720054e-02
-1.585137357918e+00,3.527905413790e+00,8.594939018359e-02
-1.585017975715e+00,7.030847235040e+00,8.592188692224e-02
-1.584813806918e+00,5.595572191435e+00,8.593798349412e-02
-1.584812277939e+00,7.247648168613e+00,8.591776955834e-02
-1.584760919190e+00,4.912303357206e+00,8.594562866660e-02
-1.584638001136e+00,2.110990295333e+00,8.594299405887e-02
-1.584473115641e+00,7.714058075548e+00,8.590955637617e-02
-1.584340923918e+00,5.445695947317e+00,8.593635572675e-02
-1.584205433308e+00,5.746200511397e+00,8.593198071470e-02
-1.584161540596e+00,1.370330119778e+00,8.593823208285e-02
-1.584120939883e+00,2.851650470888e+00,8.594122936713e-02
-1.584106221873e+00,7.963742494066e+00,8.590416050641e-02
-1.583961548520e+00,4.236362973020e+00,8.594323237830e-02
-1.583873857378e+00,3.560108030119e+00,8.594116695350e-02
-1.583816070773e+00,9.439603541888e+00,8.129153445531e-02
-1.583662482349e+00,6.814913077186e+00,8.591526724737e-02
-1.583417697195e+00,2.143192911661e+00,8.593504581203e-02
-1.583039174383e+00,7.465288876727e+00,8.590319244563e-02
-1.582962834955e+00,1.402532736107e+00,8.593041944837e-02
-1.582891326632e+00,5.029960700197e+00,8.593189475581e-02
-1.582879037642e+00,2.883853087217e+00,8.593313662431e-02
-1.582792199052e+00,5.296590812093e+00,8.592805050620e-02
-1.582676449680e+00,4.268565589349e+00,8.593485836937e-02
-1.582610356837e+00,3.592310646447e+00,8.593293204323e-02
-1.582510506617e+00,5.897561840571e+00,8.591877875698e-02
-1.582391043327e+00,8.496239315768e+00,8.588673328746e-02
-1.582197393254e+00,2.175395527990e+00,8.592708665951e-02
-1.582053453673e+00,1.029624059722e+01,4.980788666369e-02
-1.581931885491e+00,8.214311162761e+00,8.588686590068e-02
-1.581764129314e+00,1.434735352435e+00,8.592259628172e-02
-1.581732013947e+00,6.415653058214e+00,8.590748675616e-02
-1.581637135401e+00,2.916055703545e+00,8.592503257731e-02
-1.581396273703e+00,9.093519567555e+00,8.473318583467e-02
-1.581391350839e+00,4.300768205678e+00,8.592647225441e-02
-1.581387289139e+00,6.232233526792e+00,8.590773255389e-02
-1.581346856296e+00,3.624513262776e+00,8.592468542804e-02
-1.581344247984e+00,9.710343913588e+00,7.699803998270e-02
-1.581065695153e+00,9.990831373864e+00,6.926112973937e-02
-1.580977089313e+00,2.207598144318e+00,8.591911657899e-02
-1.580806860027e+00,8.779111502450e+00,8.587249414227e-02
-1.580752179934e+00,6.599872656349e+00,8.589858622434e-02
-1.580565423673e+00,1.466937968764e+00,8.591476256171e-02
-1.580395233160e+00,2.948258319874e+00,8.591691720257e-02
-1.580173165119e+00,5.148275784549e+00,8.591290091418e-02
-1.580106251999e+00,4.332970822006e+00,8.591807400731e-02
-1.580083355756e+00,3.656715879105e+00,8.591642708311e-02
-1.579907076403e+00,7.000733518589e+00,8.588837640527e-02
-1.579811197723e+00,7.217465824523e+00,8.588515231408e-02
-1.579756785372e+00,2.239800760646e+00,8.591113554809e-02
-1.579723848857e+00,6.049637079425e+00,8.589858100891e-02
-1.579704446087e+00,9.408918395976e+00,8.167900975207e-02
-1.579692618074e+00,7.683742319306e+00,8.587826917344e-02
-1.579436475910e+00,7.933361956208e+00,8.587354509104e-02
-1.579366718032e+00,1.499140585092e+00,8.590691826710e-02
-1.579257108131e+00,4.650090632585e+00,8.591253463239e-02
-1.579174854350e+00,4.766299519734e+00,8.591092284364e-02
-1.579153330920e+00,2.980460936203e+00,8.590879047647e-02
-1.578836474100e+00,5.566053411416e+00,8.589880420745e-02
-1.578821153158e+00,4.365173438335e+00,8.590966360191e-02
-1.578819855215e+00,3.688918495433e+00,8.590815698356e-02
-1.578536481431e+00,2.272003376975e+00,8.590314354438e-02
-1.578442086714e+00,6.784869267440e+00,8.588104461665e-02
-1.578335171026e+00,5.716602915278e+00,8.589369783118e-02
-1.578256890783e+00,5.416257249544e+00,8.589655357261e-02
-1.578253904767e+00,4.883197614692e+00,8.590319502883e-02
-1.578168012391e+00,1.531343201420e+00,8.589906337663e-02
-1.578148230072e+00,7.435039185553e+00,8.587118187560e-02
-1.578080328016e+00,1.027154683461e+01,5.238382847424e-02
-1.577943691214e+00,8.465733070631e+00,8.585747383981e-02
-1.577911428679e+00,3.012663552531e+00,8.590065237534e-02
-1.577556354674e+00,3.721121111762e+00,8.589987510444e-02
-1.577536054318e+00,4.397376054664e+00,8.590124101194e-02
-1.577373190009e+00,8.183867128145e+00,8.585687277661e-02
-1.577316177490e+00,2.304205993303e+00,8.589514054536e-02
-1.577172462993e+00,9.062892765461e+00,8.497556666625e-02
-1.577128952075e+00,9.685690696036e+00,7.749777247774e-02
-1.576971434341e+00,9.966157587355e+00,7.019463091761e-02
-1.576969306749e+00,1.563545817749e+00,8.589119786893e-02
-1.576747679188e+00,5.867886696209e+00,8.588104093508e-02
-1.576669526438e+00,3.044866168860e+00,8.589250287542e-02
-1.576601841714e+00,5.267233460974e+00,8.588759749894e-02
-1.576489472776e+00,5.000769828514e+00,8.588994105229e-02
-1.576471138172e+00,8.748544334379e+00,8.584405092842e-02
-1.576293617803e+00,6.385752892967e+00,8.587189700537e-02
-1.576292854134e+00,3.753323728091e+00,8.589158142071e-02
-1.576250955477e+00,4.429578670992e+00,8.589280621109e-02
-1.576095873549e+00,2.336408609632e+00,8.588712652846e-02
-1.575840400702e+00,6.202407096223e+00,8.587121593184e-02
-1.575770601108e+00,1.595748434078e+00,8.588332172261e-02
-1.575592821401e+00,9.378233250065e+00,8.204860506860e-02
-1.575427624197e+00,3.077068785189e+00,8.588434195291e-02
-1.575422616705e+00,6.569900030852e+00,8.586360406150e-02
-1.575029353593e+00,3.785526344419e+00,8.588327590730e-02
-1.574965856637e+00,4.461781287321e+00,8.588435917294e-02
-1.574912120506e+00,7.653426563065e+00,8.584682389423e-02
-1.574875569608e+00,2.368611225961e+00,8.587910147107e-02
-1.574810117508e+00,7.187283480434e+00,8.585236462035e-02
-1.574796177091e+00,6.970619802139e+00,8.585468496225e-02
-1.574766729946e+00,7.902981418350e+00,8.584277779385e-02
-1.574571895467e+00,1.627951050406e+00,8.587543491621e-02
-1.574185721956e+00,3.109271401517e+00,8.587616958392e-02
-1.574107202359e+00,1.024685307199e+01,5.469812946505e-02
-1.574068814682e+00,6.019885656361e+00,8.586136119043e-02
-1.573876865581e+00,5.119001042725e+00,8.587141037803e-02
-1.573765853053e+00,3.817728960748e+00,8.587495853902e-02
-1.573680757796e+00,4.493983903650e+00,8.587589987102e-02
-1.573655265667e+00,2.400813842289e+00,8.587106535049e-02
-1.573496339100e+00,8.435226825494e+00,8.582805547576e-02
-1.573373189826e+00,1.660153666734e+00,8.586753742820e-02
-1.573257285762e+00,7.404789494379e+00,8.583900664526e-02
-1.573221691079e+00,6.754825457693e+00,8.584663429786e-02
-1.572948652284e+00,9.032265963367e+00,8.520897493789e-02
-1.572943819715e+00,3.141474017846e+00,8.586798574452e-02
-1.572913656166e+00,9.661037478483e+00,7.797343454161e-02
-1.572877173529e+00,9.941483800846e+00,7.106904077914e-02
-1.572859141282e+00,5.536534631397e+00,8.585938258229e-02
-1.572814494527e+00,8.153423093529e+00,8.582673359031e-02
-1.572563078978e+00,4.737280163564e+00,8.586731528336e-02
-1.572540977280e+00,4.621158918062e+00,8.586838303587e-02
-1.572502352512e+00,3.849931577077e+00,8.586662929066e-02
-1.572464908745e+00,5.687005319159e+00,8.585518495122e-02
-1.572434961726e+00,2.433016458617e+00,8.586301814400e-02
-1.572395658956e+00,4.526186519978e+00,8.586742827878e-02
-1.572174484185e+00,1.692356283063e+00,8.585962923702e-02
-1.572172857648e+00,5.386818551772e+00,8.585650299247e-02
-1.572135416317e+00,8.717977166308e+00,8.581547673536e-02
-1.571746890346e+00,4.854091872177e+00,8.586048348792e-02
-1.571701917475e+00,3.173676634175e+00,8.585979041070e-02
-1.571481196714e+00,9.347548104153e+00,8.240151615910e-02
-1.571238851971e+00,3.882134193405e+00,8.585828813690e-02
-1.571214657785e+00,2.465219074946e+00,8.585495982876e-02
-1.571110560115e+00,4.558389136307e+00,8.585894436958e-02
-1.570984851758e+00,5.838211551846e+00,8.584307853603e-02
-1.570975778544e+00,1.724558899391e+00,8.585171032104e-02
-1.570855221660e+00,6.355852727721e+00,8.583610652214e-02
-1.570460015234e+00,3.205879250504e+00,8.585158355838e-02
-1.570411484377e+00,5.237876109855e+00,8.584688991233e-02
-1.570293512265e+00,6.172580665655e+00,8.583448686585e-02
-1.570134076702e+00,1.022215930938e+01,5.678867140283e-02
-1.570131622939e+00,7.623110806823e+00,8.581521945060e-02
-1.570096983983e+00,7.872600880492e+00,8.581185758166e-02
-1.570093053476e+00,6.539927405355e+00,8.582842710946e-02
-1.570087618919e+00,4.971578956832e+00,8.584771398153e-02
-1.569994353844e+00,2.497421691274e+00,8.584689038194e-02
-1.569975351430e+00,3.914336809734e+00,8.584993505235e-02
-1.569825461275e+00,4.590591752636e+00,8.585044811672e-02
-1.569809037292e+00,7.157101136344e+00,8.581929929318e-02
-1.569777072903e+00,1.756761515720e+00,8.584378065856e-02
-1.569685277780e+00,6.940506085689e+00,8.582081127042e-02
-1.569218112993e+00,3.238081866832e+00,8.584336516341e-02
-1.569154823839e+00,2.656250085005e-01,8.596995805210e-02
-1.569154823839e+00,2.968750095005e-01,8.593943090232e-02
-1.569154823839e+00,4.531250145001e-01,8.584631636673e-02
-1.569154823839e+00,5.468750175000e-01,8.583792598182e-02
-1.569154823839e+00,6.093750194999e-01,8.583792598182e-02
-1.569154823839e+00,6.406250204999e-01,8.583792598182e-02
-1.569154823839e+00,7.656250244997e-01,8.583792598182e-02
-1.569154823839e+00,7.812500250012e-02,8.622820550065e-02
-1.569154823839e+00,1.718750055004e-01,8.608371358947e-02
-1.569154823839e+00,2.031250065004e-01,8.604221126032e-02
-1.569154823839e+00,2.343750075005e-01,8.600425390454e-02
-1.569154823839e+00,3.281250105004e-01,8.591276941777e-02
-1.569154823839e+00,4.218750135002e-01,8.585677795235e-02
-1.569154823839e+00,4.843750155000e-01,8.584002534219e-02
-1.569154823839e+00,5.156250165000e-01,8.583792598182e-02
-1.569154823839e+00,5.781250184999e-01,8.583792598182e-02
-1.569154823839e+00,6.718750214998e-01,8.583792598182e-02
-1.569154823839e+00,7.343750234998e-01,8.583792598182e-02
-1.569154823839e+00,7.968750254998e-01,8.583792598182e-02
-1.569154823839e+00,8.281250264998e-01,8.583792598182e-02
-1.569154823839e+00,8.593750274999e-01,8.583792598182e-02
-1.569154823839e+00,9.531250305000e-01,8.583792598182e-02
-1.569154823839e+00,9.843750315000e-01,8.583792598182e-02
-1.569154823839e+00,1.562500050003e-02,8.633979130668e-02
-1.569154823839e+00,4.687500150008e-02,8.628256998047e-02
-1.569154823839e+00,1.093750035002e-01,8.617684617453e-02
-1.569154823839e+00,3.593750115003e-01,8.589005948395e-02
-1.569154823839e+00,3.906250125002e-01,8.587137514838e-02
-1.569154823839e+00,7.031250224998e-01,8.583792598182e-02
-1.569154823839e+00,8.906250285000e-01,8.583792598182e-02
-1.569154823839e+00,9.218750295000e-01,8.583792598182e-02
-1.569154823839e+00,1.406250045003e-01,8.612863598856e-02
-1.569048986987e+00,8.404720580357e+00,8.579849650987e-02
-1.568782912717e+00,9.916810014337e+00,7.188977870476e-02
-1.568774049903e+00,2.529624307603e+00,8.583880978057e-02
-1.568724841574e+00,9.001639161273e+00,8.543389522812e-02
-1.568711850890e+00,3.946539426063e+00,8.584157001158e-02
-1.568698360257e+00,9.636384260930e+00,7.842726713951e-02
-1.568578367261e+00,1.788964132048e+00,8.583584022783e-02
-1.568566270168e+00,1.016101340164e+00,8.583402539592e-02
-1.568534033813e+00,1.052775737748e+01,6.608629178591e-06
-1.568413780507e+00,5.990134233296e+00,8.582392210431e-02
-1.568366341451e+00,7.374539803205e+00,8.580666560948e-02
-1.568255799045e+00,8.122979058913e+00,8.579644736079e-02
-1.568001295444e+00,6.724781647946e+00,8.581203490886e-02
-1.567976210752e+00,3.270284483161e+00,8.583513520160e-02
-1.567799694462e+00,8.687409998237e+00,8.578677073338e-02
-1.567580566043e+00,5.089726300900e+00,8.582965107664e-02
-1.567553745962e+00,2.561826923931e+00,8.583071800168e-02
-1.567448350349e+00,3.978742042391e+00,8.583319298907e-02
-1.567389162827e+00,1.048303956493e+00,8.582621641700e-02
-1.567379661620e+00,1.821166748377e+00,8.582788900705e-02
-1.567369572028e+00,9.316862958241e+00,8.273883529098e-02
-1.566881808464e+00,5.507015851378e+00,8.581971666985e-02
-1.566734308511e+00,3.302487099489e+00,8.582689364865e-02
-1.566594646463e+00,5.657407723039e+00,8.581634732091e-02
-1.566333442021e+00,2.594029540260e+00,8.582261502221e-02
-1.566212055486e+00,1.080506572821e+00,8.581839701131e-02
-1.566184849809e+00,4.010944658720e+00,8.582480395921e-02
-1.566180955979e+00,1.853369364705e+00,8.581992697436e-02
-1.566160951045e+00,1.019746554676e+01,5.868636019240e-02
-1.566088824513e+00,5.357379853999e+00,8.581620199724e-02
-1.565951303607e+00,4.708260807394e+00,8.582341387521e-02
-1.565492406271e+00,3.334689715818e+00,8.581864048022e-02
-1.565427238020e+00,7.842220342635e+00,8.578078341323e-02
-1.565416825517e+00,6.325952562474e+00,8.580011381547e-02
-1.565351125372e+00,7.592795050581e+00,8.578345474610e-02
-1.565239875924e+00,4.824986129662e+00,8.581749179288e-02
-1.565222024328e+00,5.808536407483e+00,8.580488982027e-02
-1.565113138080e+00,2.626232156588e+00,8.581450081904e-02
-1.565034948145e+00,1.112709189150e+00,8.581056715808e-02
-1.564982250338e+00,1.885571981034e+00,8.581195410783e-02
-1.564921349268e+00,4.043147275049e+00,8.581640289634e-02
-1.564807957077e+00,7.126918792255e+00,8.578592757382e-02
-1.564763490248e+00,6.509954779858e+00,8.579305392590e-02
-1.564746623828e+00,6.142754235086e+00,8.579754371235e-02
-1.564688651905e+00,9.892136227828e+00,7.266162126809e-02
-1.564682140472e+00,1.050304423210e+01,1.009191330229e-02
-1.564601634873e+00,8.374214335220e+00,8.576879601067e-02
-1.564574378468e+00,6.910392369239e+00,8.578675399619e-02
-1.564501030865e+00,8.971012359179e+00,8.565056508103e-02
-1.564483064349e+00,9.611731043378e+00,7.886072711091e-02
-1.564250504030e+00,3.366892332147e+00,8.581037567190e-02
-1.564221127039e+00,5.208518758737e+00,8.580592572240e-02
-1.563892834139e+00,2.658434772917e+00,8.580637536898e-02
-1.563857840803e+00,1.144911805478e+00,8.580272683652e-02
-1.563783544697e+00,1.917774597362e+00,8.580397038548e-02
-1.563697103564e+00,8.092535024297e+00,8.576601309942e-02
-1.563685765062e+00,4.942388085149e+00,8.580521130338e-02
-1.563657848727e+00,4.075349891377e+00,8.580798977473e-02
-1.563475397141e+00,7.344290112031e+00,8.577415761430e-02
-1.563463972607e+00,8.656842830166e+00,8.575780675939e-02
-1.563257947342e+00,9.286177812329e+00,8.306156214022e-02
-1.563008601789e+00,3.399094948475e+00,8.580209919922e-02
-1.562780899809e+00,6.694737838199e+00,8.577724505641e-02
-1.562758746332e+00,5.960382810232e+00,8.578626205128e-02
-1.562680733462e+00,1.177114421807e+00,8.579487602574e-02
-1.562672530199e+00,2.690637389245e+00,8.579823864879e-02
-1.562584839056e+00,1.949977213691e+00,8.579597578526e-02
-1.562394348186e+00,4.107552507706e+00,8.579956456855e-02
-1.562187825388e+00,1.017277178415e+01,6.041666095822e-02
-1.561766699548e+00,3.431297564804e+00,8.579381103761e-02
-1.561503626121e+00,1.209317038136e+00,8.578701470483e-02
-1.561452226257e+00,2.722840005574e+00,8.579009063516e-02
-1.561386133415e+00,1.982179830019e+00,8.578797028508e-02
-1.561284266504e+00,5.060451559076e+00,8.578762078808e-02
-1.561130847646e+00,4.139755124035e+00,8.579112725193e-02
-1.560904475646e+00,5.477497071359e+00,8.577980450584e-02
-1.560830247132e+00,1.047833108671e+01,1.830047066147e-02
-1.560757492057e+00,7.811839804777e+00,8.574955423915e-02
-1.560724384182e+00,5.627810126920e+00,8.577704765669e-02
-1.560594391093e+00,9.867462441319e+00,7.338879480153e-02
-1.560570627804e+00,7.562479294340e+00,8.575152867577e-02
-1.560524797307e+00,3.463500181133e+00,8.578551116247e-02
-1.560326518779e+00,1.241519654464e+00,8.577914285281e-02
-1.560277220155e+00,8.940385557085e+00,8.573248393241e-02
-1.560267768440e+00,9.587077825825e+00,7.927514501364e-02
-1.560231922316e+00,2.755042621902e+00,8.578193130472e-02
-1.560187427774e+00,2.014382446347e+00,8.577995386278e-02
-1.560154282760e+00,8.343708090082e+00,8.573895303947e-02
-1.560004791378e+00,5.327941156226e+00,8.577564858276e-02
-1.559978429373e+00,6.296052397228e+00,8.576375271709e-02
-1.559867347105e+00,4.171957740363e+00,8.578267779891e-02
-1.559806876862e+00,7.096736448166e+00,8.575237752534e-02
-1.559463479157e+00,6.880278652789e+00,8.575251179514e-02
-1.559459196898e+00,5.778861263121e+00,8.576647303486e-02
-1.559433927019e+00,6.479982154361e+00,8.575748305721e-02
-1.559339528235e+00,4.679241451225e+00,8.577921614743e-02
-1.559282895067e+00,3.495702797461e+00,8.577719954912e-02
-1.559199735391e+00,6.112927804517e+00,8.576038481424e-02
-1.559149411438e+00,1.273722270792e+00,8.577126044862e-02
-1.559146322656e+00,9.255492666417e+00,8.337061334820e-02
-1.559138408082e+00,8.062090989682e+00,8.573542980981e-02
-1.559128250752e+00,8.626275662095e+00,8.572864559876e-02
-1.559011618376e+00,2.787245238231e+00,8.577376063402e-02
-1.558988722133e+00,2.046585062676e+00,8.577192649613e-02
-1.558732861501e+00,4.795880387147e+00,8.577413299697e-02
-1.558603846565e+00,4.204160356692e+00,8.577421618346e-02
-1.558584452830e+00,7.314040420857e+00,8.574148149682e-02
-1.558214699732e+00,1.014807802153e+01,6.200074484940e-02
-1.558040992826e+00,3.527905413790e+00,8.576887617278e-02
-1.558030769701e+00,5.179161407618e+00,8.576456174739e-02
-1.557972304097e+00,1.305924887121e+00,8.576336747119e-02
-1.557791314435e+00,2.819447854559e+00,8.576557859957e-02
-1.557790016491e+00,2.078787679004e+00,8.576388816286e-02
-1.557560504174e+00,6.664694028452e+00,8.574226333611e-02
-1.557340346024e+00,4.236362973020e+00,8.576574237946e-02
-1.557283911205e+00,4.913197213467e+00,8.576243076162e-02
-1.557103712157e+00,5.930631387168e+00,8.574837931848e-02
-1.556978353792e+00,1.045361794132e+01,2.510770475179e-02
-1.556799090585e+00,3.560108030119e+00,8.576054100865e-02
-1.556795196756e+00,1.338127503449e+00,8.575546389938e-02
-1.556591310850e+00,2.110990295333e+00,8.575583884062e-02
-1.556571010494e+00,2.851650470888e+00,8.575738517780e-02
-1.556500130281e+00,9.842788654810e+00,7.407505241431e-02
-1.556087746094e+00,7.781459266919e+00,8.571816900185e-02
-1.556076845483e+00,4.268565589349e+00,8.575725636075e-02
-1.556053409446e+00,8.909758754991e+00,8.570412688833e-02
-1.556052472531e+00,9.562424608272e+00,7.967173847101e-02
-1.555790130237e+00,7.532163538099e+00,8.571944012605e-02
-1.555706930646e+00,8.313201844945e+00,8.570896665021e-02
-1.555618089414e+00,1.370330119778e+00,8.574754971195e-02
-1.555557188344e+00,3.592310646447e+00,8.575219403183e-02
-1.555392605209e+00,2.143192911661e+00,8.574777850702e-02
-1.555350706553e+00,2.883853087217e+00,8.574918034507e-02
-1.555034697970e+00,9.224807520506e+00,8.366683092617e-02
-1.554987966966e+00,5.031176817252e+00,8.574531727338e-02
-1.554927142828e+00,5.447978291340e+00,8.573964411039e-02
-1.554854121900e+00,5.598212530800e+00,8.573750588002e-02
-1.554813344943e+00,4.300768205678e+00,8.574875810105e-02
-1.554805796646e+00,7.066554104076e+00,8.571864785141e-02
-1.554792528896e+00,8.595708494025e+00,8.569934717820e-02
-1.554579712600e+00,8.031646955066e+00,8.570469648782e-02
-1.554540033230e+00,6.266152231981e+00,8.572706733821e-02
-1.554440982073e+00,1.402532736107e+00,8.573962488768e-02
-1.554352579845e+00,6.850164936339e+00,8.571808331190e-02
-1.554315286103e+00,3.624513262776e+00,8.574383521735e-02
-1.554241574075e+00,1.012338425891e+01,6.345635751062e-02
-1.554193899568e+00,2.175395527990e+00,8.573970713961e-02
-1.554130402612e+00,2.916055703545e+00,8.574096407769e-02
-1.554104363791e+00,6.450009528864e+00,8.572171303833e-02
-1.553920758243e+00,5.298502458454e+00,8.573484072982e-02
-1.553696369469e+00,5.749186118758e+00,8.572782641337e-02
-1.553693508520e+00,7.283790729683e+00,8.570863608522e-02
-1.553652846954e+00,6.083101373949e+00,8.572300850086e-02
-1.553549844402e+00,4.332970822006e+00,8.574024757406e-02
-1.553263874732e+00,1.434735352435e+00,8.573168940524e-02
-1.553126460451e+00,1.042890479594e+01,3.084408250514e-02
-1.553073383862e+00,3.656715879105e+00,8.573546454019e-02
-1.552995193927e+00,2.207598144318e+00,8.573162471584e-02
-1.552910098671e+00,2.948258319874e+00,8.573273635190e-02
-1.552727752864e+00,4.650222095055e+00,8.573471961072e-02
-1.552405869469e+00,9.818114868301e+00,7.472373842647e-02
-1.552340108539e+00,6.634650218706e+00,8.570708833229e-02
-1.552286343861e+00,4.365173438335e+00,8.573172475335e-02
-1.552225847080e+00,4.766774644632e+00,8.573017943043e-02
-1.552086767390e+00,1.466937968764e+00,8.572374324324e-02
-1.551840412363e+00,5.149804056499e+00,8.572271762822e-02
-1.551837176622e+00,9.537771390719e+00,8.005142750364e-02
-1.551831481622e+00,3.688918495433e+00,8.572708197523e-02
-1.551829598736e+00,8.879131952897e+00,8.567564102207e-02
-1.551796488286e+00,2.239800760646e+00,8.572353121315e-02
-1.551689794730e+00,2.980460936203e+00,8.572449714388e-02
-1.551448677982e+00,5.900879964103e+00,8.571027217947e-02
-1.551418000130e+00,7.751078729061e+00,8.568662663549e-02
-1.551259578532e+00,8.282695599808e+00,8.567883588948e-02
-1.551022843321e+00,4.397376054664e+00,8.572318961246e-02
-1.551009632670e+00,7.501847781857e+00,8.568718797473e-02
-1.550923073284e+00,9.194122374594e+00,8.395098966524e-02
-1.550909660049e+00,1.499140585092e+00,8.571578638028e-02
-1.550882057349e+00,4.884006341784e+00,8.571937008417e-02
-1.550597782645e+00,2.272003376975e+00,8.571542660888e-02
-1.550589579381e+00,3.721121111762e+00,8.571868749731e-02
-1.550469490789e+00,3.012663552531e+00,8.571624642972e-02
-1.550456807041e+00,8.565141325954e+00,8.566991059929e-02
-1.550268448418e+00,1.009869049630e+01,6.479848496634e-02
-1.550021017118e+00,8.001202920450e+00,8.567381212141e-02
-1.549804716430e+00,7.036371759987e+00,8.568473724510e-02
-1.549759342780e+00,4.429578670992e+00,8.571464212482e-02
-1.549732552708e+00,1.531343201420e+00,8.570781879486e-02
-1.549399077003e+00,2.304205993303e+00,8.570731088035e-02
-1.549347677140e+00,3.753323728091e+00,8.571028108118e-02
-1.549274567111e+00,1.040419165055e+01,3.574373477261e-02
-1.549249186848e+00,3.044866168860e+00,8.570798418548e-02
-1.549241680534e+00,6.820051219889e+00,8.568346718008e-02
-1.549101637087e+00,6.236252066735e+00,8.569016966659e-02
-1.548983859619e+00,5.568614934681e+00,8.569772003891e-02
-1.548949810010e+00,5.418459511321e+00,8.569923348806e-02
-1.548802564209e+00,7.253541038509e+00,8.567541243929e-02
-1.548774800562e+00,6.420036903367e+00,8.568574239275e-02
-1.548691667428e+00,5.001902075428e+00,8.570273827658e-02
-1.548555445367e+00,1.563545817749e+00,8.569984046542e-02
-1.548495842239e+00,4.461781287321e+00,8.570608226381e-02
-1.548311608657e+00,9.793441081792e+00,7.533784255384e-02
-1.548200371362e+00,2.336408609632e+00,8.569918400477e-02
-1.548105958518e+00,6.053274943380e+00,8.568541308786e-02
-1.548105774899e+00,3.785526344419e+00,8.570186270153e-02
-1.548028882907e+00,3.077068785189e+00,8.569971038711e-02
-1.547933542039e+00,5.719510974396e+00,8.568894817598e-02
-1.547836725107e+00,5.269063760681e+00,8.569377640421e-02
-1.547729943767e+00,9.510073682814e+00,8.045763426050e-02
-1.547605788026e+00,8.848505150803e+00,8.564686845202e-02
-1.547378338025e+00,1.595748434078e+00,8.569185137039e-02
-1.547232341699e+00,4.493983903650e+00,8.569751000271e-02
-1.547119712905e+00,6.604606408959e+00,8.567171861800e-02
-1.547001665721e+00,2.368611225961e+00,8.569104595932e-02
-1.546863872658e+00,3.817728960748e+00,8.569343233297e-02
-1.546812226419e+00,8.252189354671e+00,8.564855979644e-02
-1.546811448597e+00,9.163437228682e+00,8.422380368555e-02
-1.546808578966e+00,3.109271401517e+00,8.569142501055e-02
-1.546748254167e+00,7.720698191203e+00,8.565492606591e-02
-1.546295322761e+00,1.007399673368e+01,6.603986998841e-02
-1.546229135102e+00,7.471532025615e+00,8.565477109090e-02
-1.546201230684e+00,1.627951050406e+00,8.568385148809e-02
-1.546121085186e+00,8.534574157883e+00,8.564033495666e-02
-1.546115977492e+00,4.621202738885e+00,8.568992175840e-02
-1.545968841158e+00,4.526186519978e+00,8.568892531475e-02
-1.545802960080e+00,2.400813842289e+00,8.568289672112e-02
-1.545793643808e+00,5.871128541039e+00,8.567193889413e-02
-1.545718832657e+00,4.737668902117e+00,8.568592963300e-02
-1.545650055025e+00,5.120446705380e+00,8.568060272851e-02
-1.545621970418e+00,3.849931577077e+00,8.568498995004e-02
-1.545588275025e+00,3.141474017846e+00,8.568312803162e-02
-1.545462321636e+00,7.970758885834e+00,8.564277569070e-02
-1.545422673770e+00,1.037947850517e+01,3.997717604900e-02
-1.545024123343e+00,1.660153666734e+00,8.567584079681e-02
-1.544803636215e+00,7.006189415897e+00,8.565064438872e-02
-1.544705340617e+00,4.558389136307e+00,8.568032817306e-02
-1.544604254439e+00,2.433016458617e+00,8.567473626720e-02
-1.544480203492e+00,4.854815470102e+00,8.567602698312e-02
-1.544380068177e+00,3.882134193405e+00,8.567653552723e-02
-1.544367971084e+00,3.173676634175e+00,8.567481942611e-02
-1.544217347845e+00,9.768767295282e+00,7.592004569699e-02
-1.544130781222e+00,6.789937503439e+00,8.564866202225e-02
-1.543911619898e+00,7.223291347335e+00,8.564198492019e-02
-1.543847016001e+00,1.692356283063e+00,8.566781927478e-02
-1.543730773967e+00,9.479331484557e+00,8.088571136745e-02
-1.543663240944e+00,6.206351901488e+00,8.565305806148e-02
-1.543445237333e+00,6.390064277870e+00,8.564956963246e-02
-1.543441840077e+00,4.590591752636e+00,8.567171855071e-02
-1.543405548798e+00,2.465219074946e+00,8.566656457456e-02
-1.543381977317e+00,8.817878348709e+00,8.561793633854e-02
-1.543147667143e+00,3.205879250504e+00,8.566649916972e-02
-1.543138165936e+00,3.914336809734e+00,8.566806903892e-02
-1.543113597337e+00,5.539017338561e+00,8.565768816546e-02
-1.542972477192e+00,5.388940731302e+00,8.565857062781e-02
-1.542699823911e+00,9.132752082770e+00,8.448593223825e-02
-1.542669908660e+00,1.724558899391e+00,8.565978690016e-02
-1.542559070081e+00,6.023448512811e+00,8.564759687722e-02
-1.542395367890e+00,4.972627333603e+00,8.565988152477e-02
-1.542364874305e+00,8.221683109534e+00,8.561813740273e-02
-1.542322197104e+00,1.004930297107e+01,6.719141670168e-02
-1.542206843157e+00,2.497421691274e+00,8.565838162013e-02
-1.542170714609e+00,5.689835830033e+00,8.564967063391e-02
-1.542078508204e+00,7.690317653346e+00,8.562306621059e-02
-1.541927363202e+00,3.238081866832e+00,8.565816723810e-02
-1.541899317270e+00,6.574562599212e+00,8.563615275492e-02
-1.541896263695e+00,3.946539426063e+00,8.565959045944e-02
-1.541785363331e+00,8.504006989812e+00,8.561061933787e-02
-1.541752691972e+00,5.239625062909e+00,8.565245355672e-02
-1.541570780430e+00,1.035476535978e+01,4.367153687072e-02
-1.541492801319e+00,1.756761515720e+00,8.565174365107e-02
-1.541448637535e+00,7.441216269374e+00,8.562218833488e-02
-1.541008137516e+00,2.529624307603e+00,8.565018738075e-02
-1.540903626154e+00,7.940314851218e+00,8.561158616781e-02
-1.540707059261e+00,3.270284483161e+00,8.564982360681e-02
-1.540654361454e+00,3.978742042391e+00,8.565109976305e-02
-1.540362992209e+00,1.562500050003e-02,8.616950443457e-02
-1.540362992209e+00,4.687500150008e-02,8.610950683578e-02
-1.540362992209e+00,7.812500250012e-02,8.605247522187e-02
-1.540362992209e+00,1.093750035002e-01,8.599856963871e-02
-1.540362992209e+00,1.406250045003e-01,8.594794569539e-02
-1.540362992209e+00,1.718750055004e-01,8.590075343554e-02
-1.540362992209e+00,2.031250065004e-01,8.585713619940e-02
-1.540362992209e+00,2.343750075005e-01,8.581722949173e-02
-1.540362992209e+00,2.656250085005e-01,8.578115987140e-02
-1.540362992209e+00,2.968750095005e-01,8.574904387944e-02
-1.540362992209e+00,3.281250105004e-01,8.572098702218e-02
-1.540362992209e+00,3.593750115003e-01,8.569708282650e-02
-1.540362992209e+00,3.906250125002e-01,8.567741198294e-02
-1.540362992209e+00,4.218750135002e-01,8.566204159214e-02
-1.540362992209e+00,4.531250145001e-01,8.565102452787e-02
-1.540362992209e+00,4.843750155000e-01,8.564439892877e-02
-1.540362992209e+00,5.156250165000e-01,8.564218782809e-02
-1.540362992209e+00,5.468750175000e-01,8.564218782809e-02
-1.540362992209e+00,6.406250204998e-01,8.564218782809e-02
-1.540362992209e+00,6.718750214998e-01,8.564218782809e-02
-1.540362992209e+00,7.031250224998e-01,8.564218782809e-02
-1.540362992209e+00,7.343750234998e-01,8.564218782809e-02
-1.540362992209e+00,7.656250244997e-01,8.564218782809e-02
-1.540362992209e+00,7.968750254998e-01,8.564218782809e-02
-1.540362992209e+00,8.281250264998e-01,8.564218782809e-02
-1.540362992209e+00,8.593750274999e-01,8.564218782809e-02
-1.540362992209e+00,8.906250285000e-01,8.564218782809e-02
-1.540362992209e+00,9.218750295000e-01,8.564218782809e-02
-1.540362992209e+00,9.531250305000e-01,8.564218782809e-02
-1.540362992209e+00,9.843750315000e-01,8.564218782809e-02
-1.540362992209e+00,5.781250184999e-01,8.564218782809e-02
-1.540362992209e+00,6.093750194999e-01,8.564218782809e-02
-1.540315693978e+00,1.788964132048e+00,8.564368950555e-02
-1.540138609633e+00,5.841377117974e+00,8.563337770868e-02
-1.540123087033e+00,9.744093508773e+00,7.647275881363e-02
-1.539809431874e+00,2.561826923931e+00,8.564198183323e-02
-1.539802556000e+00,6.976007071808e+00,8.561636795382e-02
-1.539785237688e+00,1.016101340164e+00,8.563823033945e-02
-1.539731604167e+00,9.448589286300e+00,8.129290874444e-02
-1.539486755320e+00,3.302487099489e+00,8.564146825137e-02
-1.539459697688e+00,5.091089354261e+00,8.563821479725e-02
-1.539412459213e+00,4.010944658720e+00,8.564259692393e-02
-1.539211818235e+00,4.708563159602e+00,8.564138109075e-02
-1.539158166607e+00,8.787251546615e+00,8.558887013320e-02
-1.539138586636e+00,1.821166748377e+00,8.563562444159e-02
-1.539020675588e+00,7.193041656161e+00,8.560838031154e-02
-1.539019881911e+00,6.759823786989e+00,8.561366644984e-02
-1.538629728647e+00,1.048303956493e+00,8.563030746043e-02
-1.538610726233e+00,2.594029540260e+00,8.563376495429e-02
-1.538588199225e+00,9.102066936859e+00,8.473798485728e-02
-1.538349071447e+00,1.002460920845e+01,6.826251066624e-02
-1.538266451379e+00,3.334689715818e+00,8.563310114722e-02
-1.538224844800e+00,6.176451736242e+00,8.561573086841e-02
-1.538170556973e+00,4.043147275049e+00,8.563408191619e-02
-1.538115674105e+00,6.360091652373e+00,8.561299484195e-02
-1.538078349635e+00,4.825624598419e+00,8.563239915485e-02
-1.537961479295e+00,1.853369364705e+00,8.562754843715e-02
-1.537917522192e+00,8.191176864397e+00,8.558756773249e-02
-1.537718887090e+00,1.033005221439e+01,4.692353639564e-02
-1.537474219605e+00,1.080506572821e+00,8.562237402832e-02
-1.537449641476e+00,8.473439821741e+00,8.558076282344e-02
-1.537412020592e+00,2.626232156588e+00,8.562553672063e-02
-1.537408762241e+00,7.659937115488e+00,8.559104597858e-02
-1.537243335056e+00,5.509419742442e+00,8.561740827578e-02
-1.537046147438e+00,3.366892332147e+00,8.562472226972e-02
-1.537012181644e+00,5.993622082243e+00,8.560955815711e-02
-1.536995144375e+00,5.359421951283e+00,8.561765350301e-02
-1.536928654732e+00,4.075349891377e+00,8.562555471386e-02
-1.536784371954e+00,1.885571981034e+00,8.561946147006e-02
-1.536678921635e+00,6.544518789465e+00,8.560038929328e-02
-1.536668139968e+00,7.410900513132e+00,8.558943855820e-02
-1.536407887179e+00,5.660160685671e+00,8.560999839558e-02
-1.536344930673e+00,7.909870816602e+00,8.558024251684e-02
-1.536318710564e+00,1.112709189150e+00,8.561443002219e-02
-1.536213314951e+00,2.658434772917e+00,8.561729710883e-02
-1.536099068352e+00,4.943352591779e+00,8.561674472817e-02
-1.536028826221e+00,9.719419722264e+00,7.699815606352e-02
-1.535825843497e+00,3.399094948475e+00,8.561633159417e-02
-1.535732434367e+00,9.417847088043e+00,8.168086207838e-02
-1.535686752491e+00,4.107552507706e+00,8.561701529091e-02
-1.535668658837e+00,5.210186365136e+00,8.561085761522e-02
-1.535607264612e+00,1.917774597362e+00,8.561136351818e-02
-1.535163201523e+00,1.144911805478e+00,8.560647542101e-02
-1.535014609310e+00,2.690637389245e+00,8.560904609545e-02
-1.534934355898e+00,8.756624744521e+00,8.555966896930e-02
-1.534801475784e+00,6.945824727719e+00,8.558190660110e-02
-1.534605539556e+00,3.431297564804e+00,8.560792909582e-02
-1.534483575458e+00,5.811625694910e+00,8.559458685557e-02
-1.534476574539e+00,9.071381790947e+00,8.498052594402e-02
-1.534444850250e+00,4.139755124035e+00,8.560846362124e-02
-1.534430157271e+00,1.949977213691e+00,8.560325455924e-02
-1.534375945790e+00,9.999915445837e+00,6.926127434340e-02
-1.534129731277e+00,7.162791964987e+00,8.557459733300e-02
-1.534007692481e+00,1.177114421807e+00,8.559851020373e-02
-1.533908982599e+00,6.729710070538e+00,8.557847906305e-02
-1.533866993750e+00,1.030533906901e+01,4.980806281003e-02
-1.533815903669e+00,2.722840005574e+00,8.560078365695e-02
-1.533470170078e+00,8.160670619260e+00,8.555684980221e-02
-1.533385235615e+00,3.463500181133e+00,8.559951474981e-02
-1.533269340350e+00,5.061732003142e+00,8.559555156563e-02
-1.533253049930e+00,1.982179830019e+00,8.559513457094e-02
-1.533202948009e+00,4.171957740363e+00,8.559989967864e-02
-1.533113919620e+00,8.442872653671e+00,8.555076448673e-02
-1.532852183440e+00,1.209317038136e+00,8.559053434921e-02
-1.532786448657e+00,6.146551570995e+00,8.557818641922e-02
-1.532786110876e+00,6.330119026876e+00,8.557612851978e-02
-1.532739016278e+00,7.629556577630e+00,8.555886427046e-02
-1.532704803813e+00,4.679457417087e+00,8.559653127102e-02
-1.532617198028e+00,2.755042621902e+00,8.559250976977e-02
-1.532164931674e+00,3.495702797461e+00,8.559108853126e-02
-1.532075942589e+00,2.014382446347e+00,8.558700353092e-02
-1.531961045769e+00,4.204160356692e+00,8.559132343687e-02
-1.531934565409e+00,9.694745935755e+00,7.749766540254e-02
-1.531887642400e+00,7.380584756891e+00,8.555639692933e-02
-1.531786235191e+00,7.879426781986e+00,8.554874369382e-02
-1.531733264567e+00,9.387104889786e+00,8.205088862562e-02
-1.531696674398e+00,1.241519654464e+00,8.558254783629e-02
-1.531676495779e+00,4.796433726736e+00,8.558832157408e-02
-1.531465293207e+00,5.963795651674e+00,8.557129520189e-02
-1.531458526000e+00,6.514474979718e+00,8.556442677189e-02
-1.531418492387e+00,2.787245238231e+00,8.558422441025e-02
-1.531373072774e+00,5.479822146323e+00,8.557687836993e-02
-1.531017811557e+00,5.329903171264e+00,8.557648007143e-02
-1.530944627733e+00,3.527905413790e+00,8.558265041518e-02
-1.530898835247e+00,2.046585062676e+00,8.557886141675e-02
-1.530719143528e+00,4.236362973020e+00,8.558273486959e-02
-1.530710545188e+00,8.725997942427e+00,8.553033197348e-02
-1.530645059750e+00,5.630485541308e+00,8.557008232732e-02
-1.530541165357e+00,1.273722270792e+00,8.557455064373e-02
-1.530402820133e+00,9.975221683221e+00,7.019477266825e-02
-1.530364949853e+00,9.040696645035e+00,8.521407885589e-02
-1.530219786746e+00,2.819447854559e+00,8.557592755467e-02
-1.530015100409e+00,1.028062592362e+01,5.238400381216e-02
-1.529802768813e+00,4.914077849955e+00,8.557332558016e-02
-1.529800395569e+00,6.915642383630e+00,8.554725898030e-02
-1.529724323792e+00,3.560108030119e+00,8.557420037653e-02
-1.529721727906e+00,2.078787679004e+00,8.557070820595e-02
-1.529584625702e+00,5.180747667364e+00,8.556864945770e-02
-1.529477241287e+00,4.268565589349e+00,8.557413395040e-02
-1.529385656315e+00,1.305924887121e+00,8.556654275024e-02
-1.529238786967e+00,7.132542273813e+00,8.554063469364e-02
-1.529022817964e+00,8.130164374122e+00,8.552598262074e-02
-1.529021081104e+00,2.851650470888e+00,8.556761917925e-02
-1.528828541283e+00,5.781874271845e+00,8.555556455350e-02
-1.528798083288e+00,6.699596354088e+00,8.554309845082e-02
-1.528778197765e+00,8.412305485600e+00,8.552062339390e-02
-1.528544620565e+00,2.110990295333e+00,8.556254387598e-02
-1.528504019851e+00,3.592310646447e+00,8.556573839020e-02
-1.528235339046e+00,4.300768205678e+00,8.556552065280e-02
-1.528230147274e+00,1.338127503449e+00,8.555852413448e-02
-1.528069270315e+00,7.599176039772e+00,8.552651997825e-02
-1.527840304597e+00,9.670072149246e+00,7.797333573519e-02
-1.527822375463e+00,2.883853087217e+00,8.555929926016e-02
-1.527734094767e+00,9.356362691529e+00,8.240418902147e-02
-1.527456547647e+00,6.300146401379e+00,8.553905004311e-02
-1.527367513223e+00,2.143192911661e+00,8.555436840423e-02
-1.527348052514e+00,6.116651405749e+00,8.554042303191e-02
-1.527283715910e+00,3.624513262776e+00,8.555726443101e-02
-1.527227539709e+00,7.848982747371e+00,8.551708864667e-02
-1.527107144833e+00,7.350269000649e+00,8.552307270882e-02
-1.527078983012e+00,5.032374652023e+00,8.555261074708e-02
-1.527074638232e+00,1.370330119778e+00,8.555049477504e-02
-1.526993436805e+00,4.332970822006e+00,8.555689495024e-02
-1.526623669822e+00,2.916055703546e+00,8.555096777347e-02
-1.526486734478e+00,8.695371140333e+00,8.550085826560e-02
-1.526429694476e+00,9.950527920606e+00,7.106917973896e-02
-1.526253325167e+00,9.010011499124e+00,8.543912956008e-02
-1.526238130365e+00,6.484431169972e+00,8.552826371796e-02
-1.526197789391e+00,4.650351674572e+00,8.555137762253e-02
-1.526190405882e+00,2.175395527990e+00,8.554618176802e-02
-1.526163207069e+00,1.025591277824e+01,5.469830324163e-02
-1.526063411969e+00,3.656715879105e+00,8.554877847369e-02
-1.525919129191e+00,1.402532736107e+00,8.554245465047e-02
-1.525918404770e+00,5.933969221106e+00,8.553280627204e-02
-1.525751534565e+00,4.365173438335e+00,8.554825681610e-02
-1.525502810493e+00,5.450224550203e+00,8.553609643189e-02
-1.525424964181e+00,2.948258319874e+00,8.554262469523e-02
-1.525274641922e+00,4.767242855054e+00,8.554371448222e-02
-1.525040478739e+00,5.300384391245e+00,8.553504827520e-02
-1.525013298541e+00,2.207598144318e+00,8.553798394465e-02
-1.524882232320e+00,5.600810396946e+00,8.552992045918e-02
-1.524843108028e+00,3.688918495433e+00,8.554028049293e-02
-1.524799315353e+00,6.885460039541e+00,8.551242373018e-02
-1.524763620150e+00,1.434735352435e+00,8.553440373925e-02
-1.524575465851e+00,8.099658128985e+00,8.549496518920e-02
-1.524509632324e+00,4.397376054664e+00,8.553960622365e-02
-1.524442475910e+00,8.381738317529e+00,8.549033860388e-02
-1.524347842656e+00,7.102292582639e+00,8.550649109195e-02
-1.524226258540e+00,2.980460936203e+00,8.553427000138e-02
-1.523836191200e+00,2.239800760646e+00,8.552977491130e-02
-1.523746043785e+00,9.645398362737e+00,7.842717596653e-02
-1.523734924967e+00,9.325620493271e+00,8.274185983025e-02
-1.523687183976e+00,6.669482637638e+00,8.550752319076e-02
-1.523622804087e+00,3.721121111762e+00,8.553177046333e-02
-1.523608111108e+00,1.466937968764e+00,8.552634201981e-02
-1.523506469275e+00,4.884803108130e+00,8.552962175735e-02
-1.523500592567e+00,5.151308969591e+00,8.552616850819e-02
-1.523399524351e+00,7.568795501915e+00,8.549401198538e-02
-1.523267730083e+00,4.429578670992e+00,8.553094314611e-02
-1.523173507108e+00,5.752122848781e+00,8.551630900740e-02
-1.523027552899e+00,3.012663552531e+00,8.552590366781e-02
-1.522668844227e+00,7.818538712755e+00,8.548527631508e-02
-1.522659083858e+00,2.272003376975e+00,8.552155464515e-02
-1.522456568819e+00,9.925834157991e+00,7.188991494094e-02
-1.522452602067e+00,1.499140585092e+00,8.551826947052e-02
-1.522402500146e+00,3.753323728091e+00,8.552324835942e-02
-1.522326647266e+00,7.319953244407e+00,8.548957384516e-02
-1.522311313729e+00,1.023119963285e+01,5.678884308888e-02
-1.522262923769e+00,8.664744338239e+00,8.547124695877e-02
-1.522141700481e+00,8.979326353212e+00,8.546644662571e-02
-1.522126984419e+00,6.270173775882e+00,8.550175777470e-02
-1.522025827842e+00,4.461781287321e+00,8.552226755663e-02
-1.521909656371e+00,6.086751240502e+00,8.550243901062e-02
-1.521828847257e+00,3.044866168860e+00,8.551752567036e-02
-1.521481976517e+00,2.304205993303e+00,8.551332312327e-02
-1.521297093025e+00,1.531343201420e+00,8.551018606970e-02
-1.521182196205e+00,3.785526344419e+00,8.551471415567e-02
-1.521017734730e+00,6.454387360225e+00,8.549189864714e-02
-1.520888625674e+00,5.003017300905e+00,8.550939003724e-02
-1.520783925601e+00,4.493983903650e+00,8.551357942826e-02
-1.520630141616e+00,3.077068785189e+00,8.550913598478e-02
-1.520371516333e+00,5.904142790537e+00,8.549408961410e-02
-1.520304869176e+00,2.336408609632e+00,8.550508032269e-02
-1.520141583984e+00,1.563545817749e+00,8.550209179559e-02
-1.520128113737e+00,8.069151883848e+00,8.546379650094e-02
-1.520106754055e+00,8.351171149458e+00,8.545990916828e-02
-1.519961892264e+00,3.817728960748e+00,8.550616782647e-02
-1.519798235138e+00,6.855277695452e+00,8.547739947841e-02
-1.519735755167e+00,9.294878295014e+00,8.306490452054e-02
-1.519690774969e+00,4.621245932057e+00,8.550591757552e-02
-1.519651782973e+00,9.620724576228e+00,7.886064299516e-02
-1.519632548211e+00,5.420626954084e+00,8.549506042958e-02
-1.519542023360e+00,4.526186519978e+00,8.550487873399e-02
-1.519456898346e+00,7.072042891465e+00,8.547216521571e-02
-1.519431435975e+00,3.109271401517e+00,8.550073458677e-02
-1.519213600488e+00,1.053679943738e+01,6.608629170987e-06
-1.519127761834e+00,2.368611225961e+00,8.549682622038e-02
-1.519119404890e+00,5.571135252583e+00,8.548951080487e-02
-1.519063145921e+00,5.270865611226e+00,8.549335604089e-02
-1.518986074942e+00,1.595748434078e+00,8.549398662641e-02
-1.518872788065e+00,4.738051983372e+00,8.549880624533e-02
-1.518741588323e+00,3.849931577077e+00,8.549760934613e-02
-1.518729778388e+00,7.538414964057e+00,8.546133916663e-02
-1.518576284665e+00,6.639368921188e+00,8.547175184906e-02
-1.518483443162e+00,9.901140395376e+00,7.266175485068e-02
-1.518459420388e+00,1.020648648746e+01,5.868652942109e-02
-1.518300121120e+00,4.558389136307e+00,8.549616544672e-02
-1.518232730334e+00,3.141474017846e+00,8.549232145196e-02
-1.518110148745e+00,7.788094678139e+00,8.545330563052e-02
-1.518039113059e+00,8.634117536145e+00,8.544149715923e-02
-1.518030075794e+00,8.948641207301e+00,8.543745249730e-02
-1.517950654493e+00,2.400813842289e+00,8.548856079323e-02
-1.517830565901e+00,1.627951050406e+00,8.548587054028e-02
-1.517546149699e+00,7.289637488166e+00,8.545589908439e-02
-1.517521284382e+00,3.882134193405e+00,8.548903868891e-02
-1.517518472933e+00,5.722371425717e+00,8.547655678299e-02
-1.517416559432e+00,5.121870271819e+00,8.548341248774e-02
-1.517210169737e+00,4.855528366306e+00,8.548563091971e-02
-1.517058218879e+00,4.590591752636e+00,8.548743953928e-02
-1.517034024693e+00,3.173676634175e+00,8.548389655589e-02
-1.516797421190e+00,6.240201150385e+00,8.546425006352e-02
-1.516773547152e+00,2.433016458617e+00,8.548028401808e-02
-1.516675056859e+00,1.660153666734e+00,8.547774351530e-02
-1.516471260227e+00,6.056851075256e+00,8.546423264557e-02
-1.516300980441e+00,3.914336809734e+00,8.548045582897e-02
-1.515835319052e+00,3.205879250504e+00,8.547545987408e-02
-1.515797339095e+00,6.424343550478e+00,8.545506296699e-02
-1.515771032200e+00,8.320603981387e+00,8.542933413136e-02
-1.515736585367e+00,9.264136096757e+00,8.337424308957e-02
-1.515680761624e+00,8.038645638711e+00,8.543247554150e-02
-1.515596439811e+00,2.465219074946e+00,8.547199587172e-02
-1.515557522161e+00,9.596050789719e+00,7.927506743154e-02
-1.515519547818e+00,1.692356283063e+00,8.546960552947e-02
-1.515483033726e+00,1.051206750303e+01,1.009197891734e-02
-1.515080676500e+00,3.946539426063e+00,8.547186074042e-02
-1.514824627896e+00,5.874316359968e+00,8.545514346064e-02
-1.514797154922e+00,6.825095351363e+00,8.544218484152e-02
-1.514698268337e+00,4.973659949786e+00,8.546588711404e-02
-1.514636613411e+00,3.238081866832e+00,8.546701138193e-02
-1.514607527048e+00,1.018177334208e+01,6.041682748149e-02
-1.514565954035e+00,7.041793200292e+00,8.543765574193e-02
-1.514510317505e+00,9.876446632761e+00,7.338892580211e-02
-1.514419332469e+00,2.497421691274e+00,8.546369633084e-02
-1.514364038776e+00,1.724558899391e+00,8.546145656079e-02
-1.514060032425e+00,7.508034426200e+00,8.542840450165e-02
-1.513918451108e+00,8.917956061389e+00,8.540832559800e-02
-1.513860372559e+00,3.978742042391e+00,8.546325339729e-02
-1.513815302350e+00,8.603490734051e+00,8.541160796633e-02
-1.513762285930e+00,5.391029357964e+00,8.545376831476e-02
-1.513551453263e+00,7.757650643523e+00,8.542117551612e-02
-1.513465385353e+00,6.609255204737e+00,8.543578298044e-02
-1.513437907770e+00,3.270284483161e+00,8.545855105480e-02
-1.513356577460e+00,5.541460108220e+00,8.544885136165e-02
-1.513242225128e+00,2.529624307603e+00,8.545538537212e-02
-1.513208529735e+00,1.756761515720e+00,8.545329658713e-02
-1.513085813103e+00,5.241346831207e+00,8.545140127949e-02
-1.512765652131e+00,7.259321731924e+00,8.542204716225e-02
-1.512640068618e+00,4.010944658720e+00,8.545463377353e-02
-1.512470934209e+00,4.708861111689e+00,8.545359428912e-02
-1.512239202129e+00,3.302487099489e+00,8.545007886799e-02
-1.512065117787e+00,2.561826923931e+00,8.544706297213e-02
-1.512053020694e+00,1.788964132048e+00,8.544512558636e-02
-1.511863438758e+00,5.692620002652e+00,8.543649959503e-02
-1.511752466964e+00,1.048733556868e+01,1.830057854232e-02
-1.511737415567e+00,9.233393898499e+00,8.367072052512e-02
-1.511571160579e+00,8.906250285000e-01,8.543979151235e-02
-1.511571160579e+00,9.218750295000e-01,8.543979151235e-02
-1.511571160579e+00,9.531250305000e-01,8.543979151235e-02
-1.511571160579e+00,9.843750315000e-01,8.543979151235e-02
-1.511571160579e+00,4.687500150008e-02,8.593133100997e-02
-1.511571160579e+00,1.093750035002e-01,8.581484095061e-02
-1.511571160579e+00,1.406250045003e-01,8.576164285233e-02
-1.511571160579e+00,1.718750055004e-01,8.571202804050e-02
-1.511571160579e+00,2.031250065004e-01,8.566615201500e-02
-1.511571160579e+00,2.343750075005e-01,8.562416195973e-02
-1.511571160579e+00,3.281250105004e-01,8.552282892263e-02
-1.511571160579e+00,4.218750135002e-01,8.546071911171e-02
-1.511571160579e+00,4.531250145001e-01,8.544910666540e-02
-1.511571160579e+00,5.468750175000e-01,8.543979151235e-02
-1.511571160579e+00,7.343750234998e-01,8.543979151235e-02
-1.511571160579e+00,8.593750274999e-01,8.543979151235e-02
-1.511571160579e+00,1.562500050003e-02,8.599428175767e-02
-1.511571160579e+00,7.812500250012e-02,8.587145978288e-02
-1.511571160579e+00,2.656250085005e-01,8.558619550018e-02
-1.511571160579e+00,2.968750095005e-01,8.555237950092e-02
-1.511571160579e+00,3.593750115003e-01,8.549764575775e-02
-1.511571160579e+00,3.906250125002e-01,8.547691806379e-02
-1.511571160579e+00,4.843750155000e-01,8.544212240599e-02
-1.511571160579e+00,5.156250165000e-01,8.543979151235e-02
-1.511571160579e+00,5.781250184999e-01,8.543979151235e-02
-1.511571160579e+00,6.093750194999e-01,8.543979151235e-02
-1.511571160579e+00,6.406250204998e-01,8.543979151235e-02
-1.511571160579e+00,6.718750214998e-01,8.543979151235e-02
-1.511571160579e+00,7.031250224998e-01,8.543979151235e-02
-1.511571160579e+00,7.656250244997e-01,8.543979151235e-02
-1.511571160579e+00,7.968750254997e-01,8.543979151235e-02
-1.511571160579e+00,8.281250264998e-01,8.543979151235e-02
-1.511467857961e+00,6.210228524888e+00,8.542652524471e-02
-1.511463261349e+00,9.571377003210e+00,7.967166694583e-02
-1.511435310345e+00,8.290036813316e+00,8.539861252997e-02
-1.511419764678e+00,4.043147275049e+00,8.544600184302e-02
-1.511332526297e+00,5.092431574046e+00,8.544037909888e-02
-1.511233409510e+00,8.008139393574e+00,8.540100128847e-02
-1.511040496487e+00,3.334689715818e+00,8.544159479670e-02
-1.511032864084e+00,6.026950910009e+00,8.542580221292e-02
-1.511004205208e+00,1.016101340164e+00,8.543577551991e-02
-1.510913870199e+00,4.826253624482e+00,8.544135071062e-02
-1.510897511652e+00,1.821166748377e+00,8.543694353627e-02
-1.510888010445e+00,2.594029540260e+00,8.543872910738e-02
-1.510755633708e+00,1.015706019669e+01,6.200090850655e-02
-1.510576943460e+00,6.394299740731e+00,8.541800290875e-02
-1.510537191848e+00,9.851752870146e+00,7.407518090504e-02
-1.510199460736e+00,4.075349891377e+00,8.543735757958e-02
-1.509870294467e+00,1.048303956493e+00,8.542773553679e-02
-1.509841790846e+00,3.366892332147e+00,8.543309881610e-02
-1.509806826422e+00,8.887270915477e+00,8.537906507867e-02
-1.509796074707e+00,6.794913007273e+00,8.540677842483e-02
-1.509742002611e+00,1.853369364705e+00,8.542875041458e-02
-1.509710903104e+00,2.626232156588e+00,8.543038375435e-02
-1.509675009725e+00,7.011543509117e+00,8.540296133680e-02
-1.509591491640e+00,8.572863931957e+00,8.538157847247e-02
-1.509390286462e+00,7.477653888342e+00,8.539516395766e-02
-1.509277739459e+00,5.844489929399e+00,8.541596603017e-02
-1.508992757782e+00,7.727206608907e+00,8.538888488669e-02
-1.508979156796e+00,4.107552507706e+00,8.542870095694e-02
-1.508736383725e+00,1.080506572821e+00,8.541968487177e-02
-1.508643085205e+00,3.399094948475e+00,8.542459090126e-02
-1.508586493569e+00,1.885571981034e+00,8.542054619895e-02
-1.508533795763e+00,2.658434772917e+00,8.542202688944e-02
-1.508507910999e+00,4.944302598667e+00,8.542209963770e-02
-1.508354486041e+00,6.579141488287e+00,8.539961512812e-02
-1.508021900202e+00,1.046260363433e+01,2.510784012475e-02
-1.507985154564e+00,7.229005975683e+00,8.538801680403e-02
-1.507892023648e+00,5.361431761845e+00,8.541221802307e-02
-1.507758852855e+00,4.139755124035e+00,8.542003194876e-02
-1.507738245767e+00,9.202651700242e+00,8.395511426451e-02
-1.507602472983e+00,1.112709189150e+00,8.541162350368e-02
-1.507593750030e+00,5.511784963858e+00,8.540794011029e-02
-1.507444379564e+00,3.431297564804e+00,8.541607102720e-02
-1.507430984528e+00,1.917774597362e+00,8.541233086701e-02
-1.507369000537e+00,9.546703216700e+00,8.005136159813e-02
-1.507356688421e+00,2.690637389245e+00,8.541365848895e-02
-1.507108480285e+00,5.211828051188e+00,8.540892470051e-02
-1.507099588489e+00,8.259469645245e+00,8.536774339345e-02
-1.506903740367e+00,1.013234705131e+01,6.345651820551e-02
-1.506786057396e+00,7.977633148437e+00,8.536937271156e-02
-1.506564066192e+00,9.827059107530e+00,7.472386447930e-02
-1.506538548914e+00,4.171957740363e+00,8.541135052863e-02
-1.506468562242e+00,1.144911805478e+00,8.540355141134e-02
-1.506275475486e+00,1.949977213691e+00,8.540410439631e-02
-1.506245673923e+00,3.463500181133e+00,8.540753916886e-02
-1.506208404583e+00,5.662868579588e+00,8.539619684759e-02
-1.506179581080e+00,2.722840005574e+00,8.540527852918e-02
-1.506138294733e+00,6.180255899391e+00,8.538858163948e-02
-1.506069080352e+00,4.679670240006e+00,8.540807601949e-02
-1.505695201736e+00,8.856585769565e+00,8.534967008368e-02
-1.505594467941e+00,5.997050744763e+00,8.538714597480e-02
-1.505367680930e+00,8.542237129863e+00,8.535140776303e-02
-1.505356547825e+00,6.364255930985e+00,8.538073081844e-02
-1.505334651500e+00,1.177114421807e+00,8.539546857348e-02
-1.505318244973e+00,4.204160356692e+00,8.540265667006e-02
-1.505248493161e+00,5.062992876274e+00,8.539706602560e-02
-1.505119966445e+00,1.982179830019e+00,8.539586676433e-02
-1.505046968282e+00,3.495702797461e+00,8.539899530111e-02
-1.505002473739e+00,2.755042621902e+00,8.539688698630e-02
-1.504794994492e+00,6.764730663184e+00,8.537117882235e-02
-1.504784065414e+00,6.981293817944e+00,8.536808065557e-02
-1.504720540499e+00,7.447273350484e+00,8.536175112584e-02
-1.504617570661e+00,4.796978882658e+00,8.539653146413e-02
-1.504434062300e+00,7.696762574291e+00,8.535643264858e-02
-1.504291333439e+00,1.043787169998e+01,3.084423572252e-02
-1.504200740759e+00,1.209317038136e+00,8.538737496876e-02
-1.504097941032e+00,4.236362973020e+00,8.539395034648e-02
-1.503964457403e+00,2.014382446347e+00,8.538761794851e-02
-1.503848262641e+00,3.527905413790e+00,8.539043939876e-02
-1.503825366398e+00,2.787245238231e+00,8.538848383648e-02
-1.503739075966e+00,9.171909501985e+00,8.422814078549e-02
-1.503730851022e+00,5.814663498831e+00,8.537655552716e-02
-1.503378644095e+00,9.518967344500e+00,8.045788367526e-02
-1.503243586730e+00,6.549027771837e+00,8.536324682369e-02
-1.503204656996e+00,7.198690219441e+00,8.535380672453e-02
-1.503066830017e+00,1.241519654464e+00,8.537927057582e-02
-1.503051847027e+00,1.010763390592e+01,6.479864265063e-02
-1.502877637091e+00,4.268565589349e+00,8.538523153125e-02
-1.502808948362e+00,2.046585062676e+00,8.537935792620e-02
-1.502763866634e+00,8.228902477175e+00,8.533672574366e-02
-1.502649556999e+00,3.560108030119e+00,8.538187143654e-02
-1.502648259056e+00,2.819447854559e+00,8.538006905577e-02
-1.502590940535e+00,9.802365344915e+00,7.533796623996e-02
-1.502338705283e+00,7.947126903300e+00,8.533758877243e-02
-1.502317553661e+00,4.914945247548e+00,8.537802525077e-02
-1.502021761367e+00,5.331834165726e+00,8.537040747401e-02
-1.501932919275e+00,1.273722270792e+00,8.537115537323e-02
-1.501830922601e+00,5.482109819496e+00,8.536677501505e-02
-1.501657333150e+00,4.300768205678e+00,8.537650019767e-02
-1.501653439321e+00,2.078787679004e+00,8.537108667473e-02
-1.501583577050e+00,8.825900623653e+00,8.532013975083e-02
-1.501471151715e+00,2.851650470888e+00,8.537164262017e-02
-1.501450851358e+00,3.592310646447e+00,8.537329138912e-02
-1.501143870221e+00,8.511610327769e+00,8.532109491636e-02
-1.501131147467e+00,5.182309271170e+00,8.536606669672e-02
-1.500808731504e+00,6.150283273894e+00,8.535041755500e-02
-1.500799008534e+00,1.305924887121e+00,8.536302933949e-02
-1.500560766677e+00,1.041313976563e+01,3.574389937471e-02
-1.500553370408e+00,5.633117156523e+00,8.535564655344e-02
-1.500497930279e+00,2.110990295333e+00,8.536280417134e-02
-1.500437029209e+00,4.332970822006e+00,8.536775631895e-02
-1.500294044374e+00,2.883853087217e+00,8.536320450565e-02
-1.500252145717e+00,3.624513262776e+00,8.536469923109e-02
-1.500156071798e+00,5.967150579516e+00,8.534826217917e-02
-1.500136152190e+00,6.334212121238e+00,8.534324506304e-02
-1.500050794535e+00,7.416892812626e+00,8.532816477847e-02
-1.499893121104e+00,6.951044126770e+00,8.533301234253e-02
-1.499875366818e+00,7.666318539675e+00,8.532381769968e-02
-1.499793914276e+00,6.734548319094e+00,8.533538461677e-02
-1.499739906166e+00,9.141167303728e+00,8.449046144417e-02
-1.499667226495e+00,4.650479368324e+00,8.536224882262e-02
-1.499665097792e+00,1.338127503449e+00,8.535489245306e-02
-1.499492192023e+00,9.488169386608e+00,8.088653841722e-02
-1.499342421238e+00,2.143192911661e+00,8.535451039321e-02
-1.499216725268e+00,4.365173438335e+00,8.535899986821e-02
-1.499199953687e+00,1.008292076053e+01,6.604002464913e-02
-1.499164460026e+00,5.033554178501e+00,8.535347093334e-02
-1.499116937032e+00,2.916055703546e+00,8.535475468805e-02
-1.499053440076e+00,3.656715879105e+00,8.535609493697e-02
-1.498617814878e+00,9.777671582300e+00,7.592016708641e-02
-1.498531187051e+00,1.370330119778e+00,8.534674469234e-02
-1.498428144779e+00,8.198335309104e+00,8.530555859484e-02
-1.498424159429e+00,7.168374463199e+00,8.531941562795e-02
-1.498321271123e+00,4.767704140833e+00,8.535125412584e-02
-1.498186912196e+00,2.175395527990e+00,8.534620531747e-02
-1.498183962585e+00,5.784837068262e+00,8.533685528919e-02
-1.498132687418e+00,6.518914055387e+00,8.532658584202e-02
-1.497996421327e+00,4.397376054664e+00,8.535023081852e-02
-1.497939829691e+00,2.948258319874e+00,8.534629314320e-02
-1.497891353169e+00,7.916620658162e+00,8.530564842468e-02
-1.497854734435e+00,3.688918495433e+00,8.534747848121e-02
-1.497471952363e+00,8.795215477742e+00,8.529047321132e-02
-1.497397276309e+00,1.402532736107e+00,8.533858603568e-02
-1.497031403155e+00,2.207598144318e+00,8.533788892120e-02
-1.496920059511e+00,8.480983525675e+00,8.529063900366e-02
-1.496830199915e+00,1.038840783128e+01,3.997734762463e-02
-1.496776117386e+00,4.429578670992e+00,8.534144914286e-02
-1.496762722350e+00,2.980460936203e+00,8.533781984684e-02
-1.496656028794e+00,3.721121111762e+00,8.533884983819e-02
-1.496263365567e+00,1.434735352435e+00,8.533041646135e-02
-1.496151499085e+00,5.302236569606e+00,8.532833457087e-02
-1.496127196323e+00,4.885587896429e+00,8.533366157823e-02
-1.496068095171e+00,5.452434675133e+00,8.532535402361e-02
-1.495875894113e+00,2.239800760646e+00,8.532956118137e-02
-1.495740736366e+00,9.110425105471e+00,8.474268765761e-02
-1.495605739951e+00,9.457371428717e+00,8.129425574511e-02
-1.495585615009e+00,3.012663552531e+00,8.532933477464e-02
-1.495555813445e+00,4.461781287321e+00,8.533265481414e-02
-1.495479168276e+00,6.120310648397e+00,8.531203128440e-02
-1.495457323153e+00,3.753323728091e+00,8.533020898223e-02
-1.495381048572e+00,7.386512274769e+00,8.529440367767e-02
-1.495348060346e+00,1.005820761515e+01,6.719156835194e-02
-1.495316671336e+00,7.635874505060e+00,8.529091117960e-02
-1.495153814650e+00,5.152790491151e+00,8.532293158502e-02
-1.495129454826e+00,1.466937968764e+00,8.532223594758e-02
-1.495002176793e+00,6.920794435596e+00,8.529775503085e-02
-1.494915756555e+00,6.304168311491e+00,8.530554399566e-02
-1.494898336234e+00,5.603365733459e+00,8.531484670862e-02
-1.494792834061e+00,6.704365975005e+00,8.529939437933e-02
-1.494720385072e+00,2.272003376975e+00,8.532122207495e-02
-1.494717675654e+00,5.937250414270e+00,8.530914905981e-02
-1.494644689221e+00,9.752977819685e+00,7.647287797490e-02
-1.494408507667e+00,3.044866168860e+00,8.532083790221e-02
-1.494335509504e+00,4.493983903650e+00,8.532384780517e-02
-1.494258617511e+00,3.785526344419e+00,8.532155588755e-02
-1.494092422924e+00,8.167768141033e+00,8.527424095360e-02
-1.493995544084e+00,1.499140585092e+00,8.531404447254e-02
-1.493643661862e+00,7.138058706958e+00,8.528484220788e-02
-1.493564876030e+00,2.304205993303e+00,8.531287157880e-02
-1.493444001056e+00,7.886114413025e+00,8.527355061380e-02
-1.493360327677e+00,8.764530331830e+00,8.526066958968e-02
-1.493265372639e+00,4.621288496641e+00,8.531611006509e-02
-1.493231400326e+00,3.077068785189e+00,8.531232920510e-02
-1.493115205563e+00,4.526186519978e+00,8.531502808872e-02
-1.493099633153e+00,1.036367589693e+01,4.367171236167e-02
-1.493080426891e+00,5.004115480729e+00,8.530959146900e-02
-1.493059911870e+00,3.817728960748e+00,8.531289052832e-02
-1.493021788107e+00,6.488800338936e+00,8.528952893377e-02
-1.492861633342e+00,1.531343201420e+00,8.530584201434e-02
-1.492696248802e+00,8.450356723581e+00,8.526003908897e-02
-1.492637074148e+00,5.755010637694e+00,8.529664547830e-02
-1.492409366989e+00,2.336408609632e+00,8.530450966975e-02
-1.492054292985e+00,3.109271401517e+00,8.530380865876e-02
-1.492024971584e+00,4.738429399009e+00,8.530567064977e-02
-1.491894901622e+00,4.558389136307e+00,8.530619563745e-02
-1.491861206229e+00,3.849931577077e+00,8.530421287864e-02
-1.491741566566e+00,9.079682907214e+00,8.498538551514e-02
-1.491727722601e+00,1.563545817749e+00,8.529762855104e-02
-1.491719287879e+00,9.426573470826e+00,8.168267759477e-02
-1.491496167006e+00,1.003349446976e+01,6.826265933834e-02
-1.491253857948e+00,2.368611225961e+00,8.529613632453e-02
-1.490877185643e+00,3.141474017846e+00,8.529527623864e-02
-1.490757975854e+00,7.605430470444e+00,8.525773426709e-02
-1.490711302609e+00,7.356131736911e+00,8.526046657535e-02
-1.490674597681e+00,4.590591752636e+00,8.529735042396e-02
-1.490671563564e+00,9.728284057070e+00,7.699827306345e-02
-1.490662500588e+00,3.882134193405e+00,8.529552291253e-02
-1.490593811859e+00,1.595748434078e+00,8.528940406063e-02
-1.490305267741e+00,5.422759530770e+00,8.528367506702e-02
-1.490281236804e+00,5.272638973487e+00,8.528599720080e-02
-1.490149605047e+00,6.090338022900e+00,8.527342110662e-02
-1.490111232483e+00,6.890544744423e+00,8.526230734264e-02
-1.490098348906e+00,2.400813842289e+00,8.528775151986e-02
-1.489936838986e+00,4.856230545310e+00,8.528900622750e-02
-1.489791753845e+00,6.674183630916e+00,8.526320666976e-02
-1.489756701069e+00,8.137200972962e+00,8.524277181885e-02
-1.489700078302e+00,3.173676634175e+00,8.528673192004e-02
-1.489695360920e+00,6.274124501744e+00,8.526762595549e-02
-1.489463794947e+00,3.914336809734e+00,8.528682060392e-02
-1.489459901118e+00,1.627951050406e+00,8.528116852104e-02
-1.489369066391e+00,1.033894396258e+01,4.692371365798e-02
-1.489279279511e+00,5.907350249023e+00,8.526980483626e-02
-1.489248702991e+00,8.733845185918e+00,8.523072800376e-02
-1.489243302059e+00,5.573614310394e+00,8.527379529230e-02
-1.489176481832e+00,5.123271711132e+00,8.527951704037e-02
-1.488996648942e+00,7.855608167888e+00,8.524129427712e-02
-1.488942839865e+00,2.433016458617e+00,8.527935523234e-02
-1.488863164294e+00,7.107742950716e+00,8.525008514713e-02
-1.488522970961e+00,3.205879250504e+00,8.527817567825e-02
-1.488472438092e+00,8.419729921487e+00,8.522929422912e-02
-1.488325990376e+00,1.660153666734e+00,8.527292191015e-02
-1.488265089306e+00,3.946539426063e+00,8.527810592670e-02
-1.487910888795e+00,6.458686622486e+00,8.525226171178e-02
-1.487832835807e+00,9.395775512934e+00,8.205312669484e-02
-1.487787330823e+00,2.465219074946e+00,8.527094743855e-02
-1.487742396766e+00,9.048940708956e+00,8.521533384829e-02
-1.487644273666e+00,1.000878132438e+01,6.926142008353e-02
-1.487345863620e+00,3.238081866832e+00,8.526960748848e-02
-1.487192079634e+00,1.692356283063e+00,8.526466420579e-02
-1.487090185711e+00,5.725184207125e+00,8.525619035124e-02
-1.487066383665e+00,3.978742042391e+00,8.526937885466e-02
-1.486996393756e+00,4.974676782956e+00,8.526542526096e-02
-1.486698437907e+00,9.703590294454e+00,7.749755923037e-02
-1.486631821782e+00,2.497421691274e+00,8.526252811500e-02
-1.486199280372e+00,7.574986435828e+00,8.522438733011e-02
-1.486168756278e+00,3.270284483161e+00,8.526102732585e-02
-1.486058168893e+00,1.724558899391e+00,8.525639538572e-02
-1.486041556646e+00,7.325751199053e+00,8.522635221314e-02
-1.485867678024e+00,4.010944658720e+00,8.526063936154e-02
-1.485728672046e+00,4.709154657185e+00,8.525977840069e-02
-1.485638499628e+00,1.031421202823e+01,4.980824032995e-02
-1.485476312740e+00,2.529624307603e+00,8.525409723810e-02
-1.485420979214e+00,8.106633804891e+00,8.521115018173e-02
-1.485220288172e+00,6.860295053249e+00,8.522666788874e-02
-1.485137078305e+00,8.703160040006e+00,8.520064756460e-02
-1.484991648937e+00,3.302487099489e+00,8.525243516543e-02
-1.484924258151e+00,1.756761515720e+00,8.524811542763e-02
-1.484820041819e+00,6.060365397403e+00,8.523458528637e-02
-1.484790673630e+00,6.644001286827e+00,8.522682003629e-02
-1.484668972382e+00,4.043147275049e+00,8.525188742099e-02
-1.484549296828e+00,7.825101922751e+00,8.520887834368e-02
-1.484542440311e+00,5.393084386408e+00,8.524173605970e-02
-1.484474965286e+00,6.244080691997e+00,8.522948926770e-02
-1.484410974522e+00,5.243041377367e+00,8.524324268173e-02
-1.484320803699e+00,2.561826923931e+00,8.524565478425e-02
-1.484248627382e+00,8.389103119393e+00,8.519840347364e-02
-1.484082666727e+00,7.077427194475e+00,8.521514311771e-02
-1.483946383735e+00,9.364977555042e+00,8.240680848324e-02
-1.483840883368e+00,5.877450083777e+00,8.523022771372e-02
-1.483814541596e+00,3.334689715818e+00,8.524383098222e-02
-1.483792380325e+00,9.984068178991e+00,7.019491553255e-02
-1.483790347410e+00,1.788964132048e+00,8.523982430917e-02
-1.483746481648e+00,4.826873194191e+00,8.524405678859e-02
-1.483743226966e+00,9.018198510699e+00,8.518599398077e-02
-1.483588267884e+00,5.543862887330e+00,8.523249026676e-02
-1.483470266741e+00,4.075349891377e+00,8.524312300657e-02
-1.483199149014e+00,5.093752931113e+00,8.523582071852e-02
-1.483165294657e+00,2.594029540260e+00,8.523720072973e-02
-1.482799989484e+00,6.428572906036e+00,8.521478256170e-02
-1.482779328949e+00,1.562500050003e-02,8.581392578823e-02
-1.482779328949e+00,4.687500150008e-02,8.574783123064e-02
-1.482779328949e+00,7.812500250012e-02,8.568493419915e-02
-1.482779328949e+00,1.093750035002e-01,8.562542160043e-02
-1.482779328949e+00,1.406250045003e-01,8.556947573146e-02
-1.482779328949e+00,1.718750055004e-01,8.551727289030e-02
-1.482779328949e+00,2.031250065004e-01,8.546898196598e-02
-1.482779328949e+00,2.343750075005e-01,8.542476302682e-02
-1.482779328949e+00,2.656250085005e-01,8.538476592808e-02
-1.482779328949e+00,2.968750095005e-01,8.534912896088e-02
-1.482779328949e+00,3.281250105004e-01,8.531797756487e-02
-1.482779328949e+00,3.593750115003e-01,8.529142312723e-02
-1.482779328949e+00,3.906250125002e-01,8.526956188962e-02
-1.482779328949e+00,4.218750135002e-01,8.525247398389e-02
-1.482779328949e+00,4.531250145001e-01,8.524022261517e-02
-1.482779328949e+00,4.843750155000e-01,8.523285340849e-02
-1.482779328949e+00,5.156250165000e-01,8.523039393229e-02
-1.482779328949e+00,5.468750175000e-01,8.523039393229e-02
-1.482779328949e+00,5.781250184999e-01,8.523039393229e-02
-1.482779328949e+00,7.031250224998e-01,8.523039393229e-02
-1.482779328949e+00,7.343750234998e-01,8.523039393229e-02
-1.482779328949e+00,7.656250244997e-01,8.523039393229e-02
-1.482779328949e+00,7.968750254997e-01,8.523039393229e-02
-1.482779328949e+00,8.281250264998e-01,8.523039393229e-02
-1.482779328949e+00,8.593750274999e-01,8.523039393229e-02
-1.482779328949e+00,8.906250285000e-01,8.523039393229e-02
-1.482779328949e+00,9.218750295000e-01,8.523039393229e-02
-1.482779328949e+00,9.531250305000e-01,8.523039393229e-02
-1.482779328949e+00,9.843750315000e-01,8.523039393229e-02
-1.482779328949e+00,6.093750194999e-01,8.523039393229e-02
-1.482779328949e+00,6.406250204998e-01,8.523039393229e-02
-1.482779328949e+00,6.718750214998e-01,8.523039393229e-02
-1.482725312250e+00,9.678896531839e+00,7.797323781616e-02
-1.482656436668e+00,1.821166748377e+00,8.523152200792e-02
-1.482637434254e+00,3.366892332147e+00,8.523521475115e-02
-1.482271561100e+00,4.107552507706e+00,8.523434609181e-02
-1.482223172728e+00,1.016101340164e+00,8.522631777162e-02
-1.482009785616e+00,2.626232156588e+00,8.522873505082e-02
-1.481907932866e+00,1.028948009389e+01,5.238418051726e-02
-1.481640584890e+00,7.544542401212e+00,8.519086916680e-02
-1.481543297274e+00,5.695357776556e+00,8.521548792127e-02
-1.481522525926e+00,1.853369364705e+00,8.522320850140e-02
-1.481460326913e+00,3.399094948475e+00,8.522658644709e-02
-1.481371810683e+00,7.295370661195e+00,8.519205932227e-02
-1.481110860286e+00,1.048303956493e+00,8.521815735361e-02
-1.481085257358e+00,8.076066636821e+00,8.517937502560e-02
-1.481072855459e+00,4.139755124035e+00,8.522555665012e-02
-1.481025453619e+00,8.672474894094e+00,8.517042737644e-02
-1.480912360621e+00,4.945238085184e+00,8.522096991909e-02
-1.480854276575e+00,2.658434772917e+00,8.522025772368e-02
-1.480388615185e+00,1.885571981034e+00,8.521488376708e-02
-1.480329343862e+00,6.830045362075e+00,8.519083526872e-02
-1.480283219572e+00,3.431297564804e+00,8.521794604481e-02
-1.480101944715e+00,7.794595677614e+00,8.517630173428e-02
-1.480059931663e+00,9.334179597151e+00,8.274482375090e-02
-1.480024816673e+00,8.358476317299e+00,8.516736586474e-02
-1.479998547844e+00,1.080506572821e+00,8.520998612230e-02
-1.479940486985e+00,9.959355033605e+00,7.106931979050e-02
-1.479874149818e+00,4.171957740363e+00,8.521675465488e-02
-1.479789593414e+00,6.613818942737e+00,8.519023301547e-02
-1.479744057166e+00,8.987456312442e+00,8.515652092318e-02
-1.479698767533e+00,2.690637389245e+00,8.521176872443e-02
-1.479490478590e+00,6.030392771906e+00,8.519552207406e-02
-1.479432372508e+00,4.679879915361e+00,8.521357472252e-02
-1.479302169160e+00,7.047111438233e+00,8.518001478077e-02
-1.479254704443e+00,1.917774597362e+00,8.520654778237e-02
-1.479254569651e+00,6.214036882251e+00,8.519113224332e-02
-1.479106112231e+00,3.463500181133e+00,8.520929351904e-02
-1.478886235403e+00,1.112709189150e+00,8.520180405633e-02
-1.478779612882e+00,5.363409242045e+00,8.519953489938e-02
-1.478752186593e+00,9.654202769224e+00,7.842708566571e-02
-1.478675444177e+00,4.204160356692e+00,8.520794007934e-02
-1.478543258492e+00,2.722840005574e+00,8.520326802911e-02
-1.478540712241e+00,5.213443781248e+00,8.519999604082e-02
-1.478402487225e+00,5.847549918530e+00,8.519041588307e-02
-1.478177366104e+00,1.026474815953e+01,5.469847837318e-02
-1.478120793701e+00,1.949977213691e+00,8.519820052459e-02
-1.477933233709e+00,5.514111464266e+00,8.519092957727e-02
-1.477929004889e+00,3.495702797461e+00,8.520062884443e-02
-1.477773922961e+00,1.144911805478e+00,8.519361113431e-02
-1.477689090172e+00,6.398459189586e+00,8.517708985538e-02
-1.477556124310e+00,4.797515843072e+00,8.519847178456e-02
-1.477476738536e+00,4.236362973020e+00,8.519911289672e-02
-1.477387749450e+00,2.755042621902e+00,8.519475561372e-02
-1.477221816196e+00,5.064234151094e+00,8.519184025589e-02
-1.477081889409e+00,7.514098366597e+00,8.515717856540e-02
-1.476986882960e+00,1.982179830019e+00,8.518984197104e-02
-1.476913828932e+00,8.641789748183e+00,8.514006653668e-02
-1.476751897548e+00,3.527905413790e+00,8.519195199557e-02
-1.476749535503e+00,8.045499468750e+00,8.514744532591e-02
-1.476702064719e+00,7.264990123338e+00,8.515758662352e-02
-1.476661610519e+00,1.177114421807e+00,8.518540733476e-02
-1.476278032894e+00,4.268565589349e+00,8.519027308016e-02
-1.476232240409e+00,2.787245238231e+00,8.518623145418e-02
-1.476173479591e+00,9.303381639259e+00,8.306817969596e-02
-1.476088593645e+00,9.934641888219e+00,7.189005224743e-02
-1.475996408838e+00,5.665531345988e+00,8.517453618457e-02
-1.475852972218e+00,2.014382446347e+00,8.518147209894e-02
-1.475801005963e+00,8.327849515205e+00,8.513618043722e-02
-1.475744887366e+00,8.956714114185e+00,8.512691383089e-02
-1.475654592601e+00,7.764089432477e+00,8.514333990546e-02
-1.475574790207e+00,3.560108030119e+00,8.518326294694e-02
-1.475549298077e+00,1.209317038136e+00,8.517719263616e-02
-1.475438399551e+00,6.799795670902e+00,8.515480807081e-02
-1.475079327253e+00,4.300768205678e+00,8.518142060270e-02
-1.475076731367e+00,2.819447854559e+00,8.517769552634e-02
-1.474828327486e+00,4.915799387411e+00,8.517622303477e-02
-1.474788513199e+00,6.583636598648e+00,8.515320725723e-02
-1.474779060936e+00,9.629509006609e+00,7.886055973678e-02
-1.474719061477e+00,2.046585062676e+00,8.517309088544e-02
-1.474521671592e+00,7.016795681992e+00,8.514469878647e-02
-1.474446799342e+00,1.024001622519e+01,5.678901611356e-02
-1.474436985636e+00,1.241519654464e+00,8.516896701694e-02
-1.474397682865e+00,3.592310646447e+00,8.517456167301e-02
-1.474160915361e+00,6.000420146409e+00,8.515622970573e-02
-1.474034174016e+00,6.183993072504e+00,8.515255317920e-02
-1.473921222326e+00,2.851650470888e+00,8.516914780598e-02
-1.473880621612e+00,4.332970822006e+00,8.517255543731e-02
-1.473585150735e+00,2.078787679004e+00,8.516469830765e-02
-1.473324673194e+00,1.273722270792e+00,8.516073045545e-02
-1.473220575524e+00,3.624513262776e+00,8.516584814813e-02
-1.473136072970e+00,4.650605173536e+00,8.516705693838e-02
-1.473016785452e+00,5.333734097683e+00,8.515706946711e-02
-1.472964091081e+00,5.817649753284e+00,8.515016897561e-02
-1.472802204246e+00,8.611104602271e+00,8.510956413574e-02
-1.472765713284e+00,2.883853087217e+00,8.516058826884e-02
-1.472681915971e+00,4.365173438335e+00,8.516367755690e-02
-1.472670449960e+00,5.183846185129e+00,8.515647025487e-02
-1.472578190861e+00,6.368345473136e+00,8.513918195074e-02
-1.472523193927e+00,7.483654331981e+00,8.512331430415e-02
-1.472451239993e+00,2.110990295333e+00,8.515629434260e-02
-1.472413813648e+00,8.014932300679e+00,8.511536005020e-02
-1.472287027519e+00,9.272583681367e+00,8.337779961486e-02
-1.472278199534e+00,5.484360041201e+00,8.514911115213e-02
-1.472236700304e+00,9.909928742834e+00,7.266188948270e-02
-1.472212360752e+00,1.305924887121e+00,8.515248293003e-02
-1.472043468183e+00,3.656715879105e+00,8.515712234660e-02
-1.472032318756e+00,7.234609585480e+00,8.512293282717e-02
-1.471745717566e+00,8.925971915928e+00,8.509717185283e-02
-1.471610204243e+00,2.916055703546e+00,8.515201689057e-02
-1.471577195254e+00,8.297222713111e+00,8.510484621844e-02
-1.471483210330e+00,4.397376054664e+00,8.515478693429e-02
-1.471365766972e+00,4.768158491954e+00,8.515250685452e-02
-1.471317329252e+00,2.143192911661e+00,8.514787896728e-02
-1.471244483378e+00,5.034715371075e+00,8.514757326961e-02
-1.471207240488e+00,7.733583187340e+00,8.511020611909e-02
-1.471100048310e+00,1.338127503449e+00,8.514422441890e-02
-1.470866360841e+00,3.688918495433e+00,8.514838424266e-02
-1.470805935279e+00,9.604815243994e+00,7.927499069241e-02
-1.470716232580e+00,1.021528429083e+01,5.868669996920e-02
-1.470547455241e+00,6.769545979728e+00,8.511858487179e-02
-1.470454695202e+00,2.948258319874e+00,8.514343364676e-02
-1.470449520401e+00,5.635704915419e+00,8.513333312021e-02
-1.470284504689e+00,4.429578670992e+00,8.514588354223e-02
-1.470183418510e+00,2.175395527990e+00,8.513945215859e-02
-1.469987735869e+00,1.370330119778e+00,8.513595490029e-02
-1.469851366137e+00,1.054561044218e+01,6.608629172489e-06
-1.469787432983e+00,6.553454254558e+00,8.511592901348e-02
-1.469741174025e+00,6.986479925750e+00,8.510919377395e-02
-1.469689253500e+00,3.721121111762e+00,8.513963381043e-02
-1.469299186160e+00,2.980460936203e+00,8.513483851292e-02
-1.469085799048e+00,4.461781287321e+00,8.513696735340e-02
-1.469049507769e+00,2.207598144318e+00,8.513101389339e-02
-1.468875423427e+00,1.402532736107e+00,8.512767435230e-02
-1.468831352133e+00,5.970447520912e+00,8.511670640300e-02
-1.468813778381e+00,6.153949262757e+00,8.511375035791e-02
-1.468744294351e+00,4.886360689639e+00,8.513118218095e-02
-1.468690579560e+00,8.580419456359e+00,8.507891925711e-02
-1.468512146159e+00,3.753323728091e+00,8.513087102402e-02
-1.468400575447e+00,9.241785723476e+00,8.367453142107e-02
-1.468384806964e+00,9.885215597448e+00,7.338905783183e-02
-1.468143677118e+00,3.012663552531e+00,8.512623146453e-02
-1.468078091793e+00,7.984365132608e+00,8.508311815804e-02
-1.467964498445e+00,7.453210297365e+00,8.508927515120e-02
-1.467915597027e+00,2.239800760646e+00,8.512256414847e-02
-1.467887093407e+00,4.493983903650e+00,8.512803834037e-02
-1.467763110985e+00,1.434735352435e+00,8.511938275304e-02
-1.467746547766e+00,8.895229717671e+00,8.506729413146e-02
-1.467525694938e+00,5.787749588037e+00,8.510954933385e-02
-1.467467291549e+00,6.338231756685e+00,8.510105719170e-02
-1.467362572793e+00,7.204229047622e+00,8.508809663284e-02
-1.467353384544e+00,8.266595911017e+00,8.507336222827e-02
-1.467335038817e+00,3.785526344419e+00,8.512209585743e-02
-1.467253958022e+00,5.304058953320e+00,8.511433762718e-02
-1.466988168077e+00,3.044866168860e+00,8.511761247697e-02
-1.466985665817e+00,1.019055235649e+01,6.041699530303e-02
-1.466839773432e+00,4.621330431712e+00,8.512022235063e-02
-1.466832809623e+00,9.580121481378e+00,7.967159624965e-02
-1.466800187678e+00,5.154248589009e+00,8.511266297241e-02
-1.466781686286e+00,2.272003376975e+00,8.511410290056e-02
-1.466759888374e+00,7.703076942203e+00,8.507690447905e-02
-1.466688387765e+00,4.526186519978e+00,8.511909647566e-02
-1.466650798543e+00,1.466937968764e+00,8.511108008051e-02
-1.466623165359e+00,5.454608618137e+00,8.510703290255e-02
-1.466242217311e+00,1.052086031313e+01,1.009204504045e-02
-1.466157931476e+00,3.817728960748e+00,8.511330828458e-02
-1.465832659036e+00,3.077068785189e+00,8.510898152555e-02
-1.465656510930e+00,6.739296288554e+00,8.508216423697e-02
-1.465647775544e+00,2.304205993303e+00,8.510563012633e-02
-1.465538486101e+00,1.499140585092e+00,8.510276631270e-02
-1.465489682124e+00,4.558389136307e+00,8.511014173171e-02
-1.465267150560e+00,5.005196591056e+00,8.510301735749e-02
-1.465175409634e+00,4.738801140835e+00,8.510623071365e-02
-1.464980824135e+00,3.849931577077e+00,8.510450827936e-02
-1.464960676458e+00,6.956164169509e+00,8.507349837121e-02
-1.464902631964e+00,5.605878484850e+00,8.509187668999e-02
-1.464786352768e+00,6.523271910469e+00,8.507844053362e-02
-1.464677149994e+00,3.109271401517e+00,8.510033858554e-02
-1.464578954874e+00,8.549734310447e+00,8.504813097722e-02
-1.464532913624e+00,9.860502452062e+00,7.407531040518e-02
-1.464514123375e+00,9.210987765584e+00,8.395915515218e-02
-1.464513864802e+00,2.336408609632e+00,8.509714580237e-02
-1.464426173660e+00,1.531343201420e+00,8.509444142749e-02
-1.464290976483e+00,4.590591752636e+00,8.510117408088e-02
-1.463803716794e+00,3.882134193405e+00,8.509569581555e-02
-1.463747377966e+00,8.864487519413e+00,8.503727980274e-02
-1.463742369938e+00,7.953797964537e+00,8.505071860092e-02
-1.463593382746e+00,6.123905453011e+00,8.507472204768e-02
-1.463521640953e+00,3.141474017846e+00,8.509168363212e-02
-1.463501788904e+00,5.940474895415e+00,8.507695037295e-02
-1.463405802963e+00,7.422766262749e+00,8.505505986456e-02
-1.463379954061e+00,2.368611225961e+00,8.508864990523e-02
-1.463313861218e+00,1.563545817749e+00,8.508610540276e-02
-1.463255099055e+00,1.016582042214e+01,6.200107343959e-02
-1.463129573835e+00,8.235969108923e+00,8.504172747900e-02
-1.462859683966e+00,9.555427718763e+00,8.005129650806e-02
-1.462692826830e+00,7.173848509764e+00,8.505307672952e-02
-1.462660261215e+00,4.856921991866e+00,8.508584491218e-02
-1.462633068485e+00,1.049611018408e+01,1.830068725837e-02
-1.462626609452e+00,3.914336809734e+00,8.508687086686e-02
-1.462366131911e+00,3.173676634175e+00,8.508301664041e-02
-1.462356392237e+00,6.308118040235e+00,8.506271390810e-02
-1.462312536260e+00,7.672570697065e+00,8.504343380903e-02
-1.462246043319e+00,2.400813842289e+00,8.508014241138e-02
-1.462201548776e+00,1.595748434078e+00,8.507775821626e-02
-1.462087298795e+00,5.757849422791e+00,8.506868263244e-02
-1.461491130592e+00,5.274383808958e+00,8.507128147225e-02
-1.461449502111e+00,3.946539426063e+00,8.507803340695e-02
-1.461210622870e+00,3.205879250504e+00,8.507433758545e-02
-1.461112132577e+00,2.433016458617e+00,8.507162329725e-02
-1.461089236334e+00,1.627951050406e+00,8.506939984575e-02
-1.460968131184e+00,5.424857195072e+00,8.506469272256e-02
-1.460929925397e+00,5.124650992890e+00,8.506857182203e-02
-1.460765566620e+00,6.709046597380e+00,8.504554472007e-02
-1.460681020283e+00,9.835789306676e+00,7.472399152237e-02
-1.460627671303e+00,9.180189807692e+00,8.423238960225e-02
-1.460467330188e+00,8.519049164536e+00,8.501719836543e-02
-1.460272394770e+00,3.978742042391e+00,8.506918340936e-02
-1.460180178891e+00,6.925848413268e+00,8.503761119511e-02
-1.460055113828e+00,3.238081866832e+00,8.506564644224e-02
-1.459978221836e+00,2.465219074946e+00,8.506309253917e-02
-1.459976923893e+00,1.660153666734e+00,8.506103026890e-02
-1.459785272553e+00,6.493089566380e+00,8.504074020880e-02
-1.459748208165e+00,8.833745321156e+00,8.500712799601e-02
-1.459524532293e+00,1.014108848778e+01,6.345668015317e-02
-1.459406648083e+00,7.923230796466e+00,8.501800112826e-02
-1.459355743527e+00,5.576052054282e+00,8.505016483844e-02
-1.459289817742e+00,4.975677811037e+00,8.505817009802e-02
-1.459095287428e+00,4.010944658720e+00,8.506032084762e-02
-1.459023919659e+00,1.047136005503e+01,2.510797654561e-02
-1.458986382373e+00,9.527654625653e+00,8.045812771815e-02
-1.458985052297e+00,4.709443789716e+00,8.505964066531e-02
-1.458905763125e+00,8.205342306829e+00,8.500994097531e-02
-1.458899604787e+00,3.270284483161e+00,8.505694318567e-02
-1.458864611451e+00,1.692356283063e+00,8.505264946331e-02
-1.458847107481e+00,7.392322228133e+00,8.502066719200e-02
-1.458844311094e+00,2.497421691274e+00,8.505455011343e-02
-1.458372987111e+00,6.093861643264e+00,8.503546650228e-02
-1.458172225675e+00,5.910502269918e+00,8.503695980812e-02
-1.458023080867e+00,7.143467971907e+00,8.501787179540e-02
-1.457918180087e+00,4.043147275049e+00,8.505144569512e-02
-1.457865184147e+00,7.642064451928e+00,8.500979292299e-02
-1.457752299009e+00,1.724558899391e+00,8.504425740654e-02
-1.457744095745e+00,3.302487099489e+00,8.504822779061e-02
-1.457710400353e+00,2.529624307603e+00,8.504599599627e-02
-1.457245492926e+00,6.278004323785e+00,8.502415041556e-02
-1.456829126943e+00,9.811076161291e+00,7.533809089772e-02
-1.456741219231e+00,9.149391849801e+00,8.449489819494e-02
-1.456741072746e+00,4.075349891377e+00,8.504255792524e-02
-1.456648902651e+00,5.727949257544e+00,8.502756686907e-02
-1.456639986567e+00,1.756761515720e+00,8.503585407608e-02
-1.456588586704e+00,3.334689715818e+00,8.503950023181e-02
-1.456576489611e+00,2.561826923931e+00,8.503743016383e-02
-1.456576228080e+00,4.827483294094e+00,8.504018949692e-02
-1.456355705502e+00,8.488364018624e+00,8.498612048394e-02
-1.455874622309e+00,6.678796906206e+00,8.500858021624e-02
-1.455793965531e+00,1.011635655344e+01,6.479880156419e-02
-1.455749038366e+00,8.803003122899e+00,8.497683783401e-02
-1.455728303163e+00,5.244708664595e+00,8.502763400575e-02
-1.455563965405e+00,4.107552507706e+00,8.503365751123e-02
-1.455527674126e+00,1.788964132048e+00,8.502743944937e-02
-1.455442578869e+00,2.594029540260e+00,8.502885259220e-02
-1.455433077662e+00,3.366892332147e+00,8.503076048399e-02
-1.455414770833e+00,1.044660992598e+01,3.084439012583e-02
-1.455399681323e+00,6.895532657027e+00,8.500153085118e-02
-1.455313097009e+00,5.395105772008e+00,8.502208848911e-02
-1.455212904844e+00,9.496802202049e+00,8.088734858209e-02
-1.455070926227e+00,7.892663628396e+00,8.498505409274e-02
-1.455059663115e+00,5.095053396770e+00,8.502419441232e-02
-1.454784192337e+00,6.462907222291e+00,8.500282641631e-02
-1.454681952415e+00,8.174715504735e+00,8.497800171421e-02
-1.454415361684e+00,1.821166748377e+00,8.501901350380e-02
-1.454386858063e+00,4.139755124035e+00,8.502474442629e-02
-1.454308668128e+00,2.626232156588e+00,8.502026325743e-02
-1.454288411999e+00,7.361878193517e+00,8.498609587097e-02
-1.454277568621e+00,3.399094948475e+00,8.502200852177e-02
-1.453987497319e+00,1.093750035002e-01,8.543006021669e-02
-1.453987497319e+00,2.343750075005e-01,8.521872653262e-02
-1.453987497319e+00,2.656250085005e-01,8.517655313652e-02
-1.453987497319e+00,2.968750095005e-01,8.513896339965e-02
-1.453987497319e+00,3.281250105004e-01,8.510609439611e-02
-1.453987497319e+00,5.468750175000e-01,8.501362816978e-02
-1.453987497319e+00,1.562500050003e-02,8.562823000794e-02
-1.453987497319e+00,3.593750115003e-01,8.507806795720e-02
-1.453987497319e+00,3.906250125002e-01,8.505498943315e-02
-1.453987497319e+00,4.218750135002e-01,8.503694659886e-02
-1.453987497319e+00,5.156250165000e-01,8.501362816978e-02
-1.453987497319e+00,7.656250244997e-01,8.501362816978e-02
-1.453987497319e+00,7.968750254997e-01,8.501362816978e-02
-1.453987497319e+00,8.906250284999e-01,8.501362816978e-02
-1.453987497319e+00,9.218750295000e-01,8.501362816978e-02
-1.453987497319e+00,4.687500150008e-02,8.555878594057e-02
-1.453987497319e+00,7.812500250012e-02,8.549266191994e-02
-1.453987497319e+00,1.406250045003e-01,8.537117844824e-02
-1.453987497319e+00,1.718750055004e-01,8.531620803527e-02
-1.453987497319e+00,2.031250065004e-01,8.526533262920e-02
-1.453987497319e+00,4.531250145001e-01,8.502400872555e-02
-1.453987497319e+00,4.843750155000e-01,8.501622583753e-02
-1.453987497319e+00,5.781250184999e-01,8.501362816978e-02
-1.453987497319e+00,6.093750194999e-01,8.501362816978e-02
-1.453987497319e+00,6.406250204998e-01,8.501362816978e-02
-1.453987497319e+00,6.718750214998e-01,8.501362816978e-02
-1.453987497319e+00,7.031250224998e-01,8.501362816978e-02
-1.453987497319e+00,7.343750234997e-01,8.501362816978e-02
-1.453987497319e+00,8.281250264998e-01,8.501362816978e-02
-1.453987497319e+00,8.593750274998e-01,8.501362816978e-02
-1.453987497319e+00,9.531250305000e-01,8.501362816978e-02
-1.453987497319e+00,9.843750315000e-01,8.501362816978e-02
-1.453808855090e+00,5.546225623713e+00,8.500819549268e-02
-1.453442140248e+00,1.016101340164e+00,8.500949010983e-02
-1.453417832033e+00,7.611558206791e+00,8.497598062514e-02
-1.453353334904e+00,7.113087434049e+00,8.498248049781e-02
-1.453312484924e+00,4.946159031018e+00,8.501302905037e-02
-1.453303049242e+00,1.853369364705e+00,8.501057621665e-02
-1.453209750722e+00,4.171957740363e+00,8.501581864354e-02
-1.453174757386e+00,2.658434772917e+00,8.501166213545e-02
-1.453152591476e+00,6.063817833517e+00,8.499598196097e-02
-1.453122059580e+00,3.431297564804e+00,8.501324431972e-02
-1.452977233603e+00,9.786363015905e+00,7.592028942943e-02
-1.452854767159e+00,9.118593891909e+00,8.474729419667e-02
-1.452842662447e+00,5.880529644421e+00,8.499669197912e-02
-1.452794694959e+00,4.680086438597e+00,8.501273399092e-02
-1.452351426106e+00,1.048303956493e+00,8.500120579287e-02
-1.452244080815e+00,8.457678872712e+00,8.495489638777e-02
-1.452190736800e+00,1.885571981034e+00,8.500212756520e-02
-1.452134593614e+00,6.247890607335e+00,8.498536501545e-02
-1.452063398769e+00,1.009162461909e+01,6.604018051551e-02
-1.452040846645e+00,2.690637389245e+00,8.500304920219e-02
-1.452032643381e+00,4.204160356692e+00,8.500688013604e-02
-1.451966550538e+00,3.463500181133e+00,8.500446785235e-02
-1.451805622007e+00,1.042185979693e+01,3.574406525072e-02
-1.451749868565e+00,8.772260924642e+00,8.494640843279e-02
-1.451439427316e+00,9.465949778445e+00,8.129557538620e-02
-1.451260711964e+00,1.080506572821e+00,8.499291052858e-02
-1.451210506508e+00,5.698049092298e+00,8.498620002399e-02
-1.451078424358e+00,1.917774597362e+00,8.499366752663e-02
-1.450983677999e+00,6.648547215032e+00,8.497127445858e-02
-1.450906935903e+00,2.722840005574e+00,8.499442443348e-02
-1.450855536039e+00,4.236362973020e+00,8.499792887674e-02
-1.450811041497e+00,3.495702797461e+00,8.499567909406e-02
-1.450735204372e+00,7.862096460325e+00,8.495194242358e-02
-1.450619183756e+00,6.865216900785e+00,8.496525593367e-02
-1.450492194945e+00,4.798044596321e+00,8.499383260583e-02
-1.450458141706e+00,8.144088702641e+00,8.494590868499e-02
-1.450169997822e+00,1.112709189150e+00,8.498460429540e-02
-1.449966111917e+00,1.949977213691e+00,8.498519607808e-02
-1.449965475733e+00,5.215033520232e+00,8.498370535445e-02
-1.449783112122e+00,6.432724878201e+00,8.496469751948e-02
-1.449773025161e+00,2.755042621902e+00,8.498578780507e-02
-1.449729716518e+00,7.331434158901e+00,8.495134462853e-02
-1.449678428698e+00,4.268565589349e+00,8.498896483855e-02
-1.449658062834e+00,5.365354348943e+00,8.497921806186e-02
-1.449655532455e+00,3.527905413790e+00,8.498687801923e-02
-1.449189400834e+00,5.065455800651e+00,8.497952833184e-02
-1.449125340262e+00,9.761649870519e+00,7.647299807224e-02
-1.449079283680e+00,1.144911805478e+00,8.497628707173e-02
-1.448970479920e+00,7.581051961654e+00,8.494199570984e-02
-1.448968315087e+00,9.087795934018e+00,8.492024579656e-02
-1.448853799475e+00,1.982179830019e+00,8.497671319663e-02
-1.448683588940e+00,7.082706896191e+00,8.494690149322e-02
-1.448639114420e+00,2.787245238231e+00,8.497713929267e-02
-1.448501321357e+00,4.300768205678e+00,8.497998799427e-02
-1.448500023414e+00,3.560108030119e+00,8.497806460212e-02
-1.448332832006e+00,1.006689268474e+01,6.719172118438e-02
-1.448261966653e+00,5.516399193144e+00,8.496596656240e-02
-1.448196473182e+00,1.039710966788e+01,3.997752052804e-02
-1.448132456129e+00,8.426993726800e+00,8.492352512470e-02
-1.447988569538e+00,1.177114421807e+00,8.496795883589e-02
-1.447932195841e+00,6.033774023770e+00,8.495626664842e-02
-1.447750698765e+00,8.741518726384e+00,8.491583890169e-02
-1.447741487033e+00,2.014382446347e+00,8.496821885927e-02
-1.447665949787e+00,9.435097354841e+00,8.168445621542e-02
-1.447513099218e+00,5.850557018924e+00,8.495589503080e-02
-1.447505203678e+00,2.819447854559e+00,8.496847887192e-02
-1.447344514372e+00,3.592310646447e+00,8.496923881695e-02
-1.447335152106e+00,4.916640250999e+00,8.496759175441e-02
-1.447324214016e+00,4.332970822006e+00,8.497099831666e-02
-1.447023694303e+00,6.217776890885e+00,8.494635599475e-02
-1.446897855396e+00,1.209317038136e+00,8.495961956617e-02
-1.446629174592e+00,2.046585062676e+00,8.495971304297e-02
-1.446604337621e+00,4.650729087478e+00,8.496550794994e-02
-1.446399482517e+00,7.831529292254e+00,8.491866497892e-02
-1.446371292937e+00,2.851650470888e+00,8.495980651838e-02
-1.446234330996e+00,8.113461900547e+00,8.491366086914e-02
-1.446189005331e+00,3.624513262776e+00,8.496040063785e-02
-1.446147106674e+00,4.365173438335e+00,8.496199577838e-02
-1.446092733688e+00,6.618297523858e+00,8.493376010794e-02
-1.445838686189e+00,6.834901144544e+00,8.492878502539e-02
-1.445807141254e+00,1.241519654464e+00,8.495126924078e-02
-1.445772110365e+00,5.668148927051e+00,8.494458005999e-02
-1.445516862150e+00,2.078787679004e+00,8.495119572460e-02
-1.445273446922e+00,9.736936725133e+00,7.699833717221e-02
-1.445237382195e+00,2.883853087217e+00,8.495112220756e-02
-1.445171021036e+00,7.300990124286e+00,8.491641218129e-02
-1.445081863015e+00,9.056997976126e+00,8.489040747568e-02
-1.445033496289e+00,3.656715879105e+00,8.495155003891e-02
-1.444969999333e+00,4.397376054664e+00,8.495298035200e-02
-1.444782031906e+00,6.402542534112e+00,8.492635186762e-02
-1.444716427112e+00,1.273722270792e+00,8.494290783788e-02
-1.444602265244e+00,1.004216075039e+01,6.826280916937e-02
-1.444587324356e+00,1.037235953883e+01,4.367188921057e-02
-1.444523127806e+00,7.550545716517e+00,8.490783696152e-02
-1.444408161810e+00,4.768605898549e+00,8.494716208453e-02
-1.444404549708e+00,2.110990295333e+00,8.494266688099e-02
-1.444202648303e+00,5.185358375870e+00,8.493949314150e-02
-1.444103471453e+00,2.916055703546e+00,8.494242591490e-02
-1.444020831443e+00,8.396308580888e+00,8.489200573520e-02
-1.444013842977e+00,7.052326358334e+00,8.491113342704e-02
-1.444003028660e+00,5.335602925879e+00,8.493607928327e-02
-1.443892472258e+00,9.404244931237e+00,8.205531918161e-02
-1.443877987248e+00,3.688918495433e+00,8.494268699410e-02
-1.443792891992e+00,4.429578670992e+00,8.494395201005e-02
-1.443751528965e+00,8.710776528127e+00,8.488512834323e-02
-1.443625712970e+00,1.305924887121e+00,8.493453533559e-02
-1.443319138552e+00,5.035858204532e+00,8.493457114908e-02
-1.443292237266e+00,2.143192911661e+00,8.493412648892e-02
-1.442969560712e+00,2.948258319874e+00,8.493371761577e-02
-1.442722478207e+00,3.721121111762e+00,8.493381147736e-02
-1.442715078216e+00,5.486572762576e+00,8.492347593978e-02
-1.442711800206e+00,6.003730214024e+00,8.491631877465e-02
-1.442615784650e+00,4.461781287321e+00,8.493491072495e-02
-1.442534998829e+00,1.338127503449e+00,8.492615171195e-02
-1.442183535990e+00,5.820584393427e+00,8.491485126107e-02
-1.442179924824e+00,2.175395527990e+00,8.492557452508e-02
-1.442063760662e+00,7.800962124183e+00,8.488522060751e-02
-1.442010520287e+00,8.082835098453e+00,8.488108555385e-02
-1.441912794991e+00,6.187663174435e+00,8.490712162602e-02
-1.441835649970e+00,2.980460936203e+00,8.492499728546e-02
-1.441566969165e+00,3.753323728091e+00,8.492492346253e-02
-1.441444284687e+00,1.370330119778e+00,8.491775694495e-02
-1.441438677309e+00,4.493983903650e+00,8.492585646905e-02
-1.441421553582e+00,9.712223579747e+00,7.749745396126e-02
-1.441357819288e+00,4.887121470980e+00,8.492185573070e-02
-1.441201789378e+00,6.588047832685e+00,8.489603557519e-02
-1.441195410943e+00,9.026200018235e+00,8.486043467986e-02
-1.441067612383e+00,2.207598144318e+00,8.491701096611e-02
-1.441058188621e+00,6.804585388303e+00,8.489211669766e-02
-1.440978175530e+00,1.034760940978e+01,4.692389229191e-02
-1.440871698482e+00,1.001742881604e+01,6.926156695971e-02
-1.440701739228e+00,3.012663552531e+00,8.491626489921e-02
-1.440612325554e+00,7.270546089670e+00,8.488129723527e-02
-1.440413980283e+00,4.621371736359e+00,8.491795977998e-02
-1.440411460124e+00,3.785526344419e+00,8.491602292341e-02
-1.440353570545e+00,1.402532736107e+00,8.490935101253e-02
-1.440333714222e+00,5.638248761805e+00,8.490270492224e-02
-1.440261569968e+00,4.526186519978e+00,8.491678921464e-02
-1.440118994730e+00,9.373392507633e+00,8.240937444574e-02
-1.440075775693e+00,7.520039471380e+00,8.487350315462e-02
-1.439955299941e+00,2.239800760646e+00,8.490843578859e-02
-1.439909206757e+00,8.365623434977e+00,8.486033725235e-02
-1.439780951691e+00,6.372360190023e+00,8.488778779586e-02
-1.439752359165e+00,8.680034329870e+00,8.485427585310e-02
-1.439567828487e+00,3.044866168860e+00,8.490752043220e-02
-1.439344097014e+00,7.021945820476e+00,8.487517493365e-02
-1.439262856403e+00,1.434735352435e+00,8.490093389255e-02
-1.439255951082e+00,3.817728960748e+00,8.490710983368e-02
-1.439084462627e+00,4.558389136307e+00,8.490770893389e-02
-1.438842987499e+00,2.272003376975e+00,8.489984896903e-02
-1.438439820873e+00,5.155683231507e+00,8.489499496943e-02
-1.438433917745e+00,3.077068785189e+00,8.489876385951e-02
-1.438347994485e+00,5.305851502814e+00,8.489266997849e-02
-1.438324128675e+00,4.739167200776e+00,8.490017519747e-02
-1.438172142261e+00,1.466937968764e+00,8.489250556284e-02
-1.438100442041e+00,3.849931577077e+00,8.489818416699e-02
-1.437907355285e+00,4.590591752636e+00,8.489861559895e-02
-1.437786709577e+00,8.052208296359e+00,8.484829867662e-02
-1.437730675057e+00,2.304205993303e+00,8.489125048389e-02
-1.437728038807e+00,7.770394956112e+00,8.485160814868e-02
-1.437569660242e+00,9.687510434362e+00,7.797314078452e-02
-1.437491404571e+00,5.973686404277e+00,8.487613653494e-02
-1.437448876271e+00,5.006260608412e+00,8.488932041244e-02
-1.437369026704e+00,1.032285928074e+01,4.980841922335e-02
-1.437308958871e+00,8.995402060343e+00,8.483032656282e-02
-1.437300007004e+00,3.109271401517e+00,8.488999515617e-02
-1.437168189779e+00,5.456746332007e+00,8.488072149940e-02
-1.437141131720e+00,9.992696881686e+00,7.019505951047e-02
-1.437081428119e+00,1.499140585092e+00,8.488406600115e-02
-1.436944932999e+00,3.882134193405e+00,8.488924589688e-02
-1.436853972761e+00,5.790611767930e+00,8.487355867026e-02
-1.436801895680e+00,6.157549457984e+00,8.486766016724e-02
-1.436618362616e+00,2.336408609632e+00,8.488264030954e-02
-1.436345517201e+00,9.342540084028e+00,8.274772695420e-02
-1.436310845067e+00,6.557798141511e+00,8.485809925750e-02
-1.436277691054e+00,6.774269632061e+00,8.485514921372e-02
-1.436166096262e+00,3.141474017846e+00,8.488121429717e-02
-1.436053630072e+00,7.240102055054e+00,8.484599848590e-02
-1.435990713977e+00,1.531343201420e+00,8.487561518519e-02
-1.435797582071e+00,8.334938289065e+00,8.482851870187e-02
-1.435789423958e+00,3.914336809734e+00,8.488029499685e-02
-1.435753189365e+00,8.649292131612e+00,8.482328052015e-02
-1.435628423579e+00,7.489533226243e+00,8.483899305348e-02
-1.435506050174e+00,2.368611225961e+00,8.487401842233e-02
-1.435380486471e+00,4.857602690961e+00,8.487581848059e-02
-1.435032185520e+00,3.173676634175e+00,8.487242125738e-02
-1.434899999835e+00,1.563545817749e+00,8.486715309259e-02
-1.434895318078e+00,5.608348596558e+00,8.486057253824e-02
-1.434779871475e+00,6.342177845933e+00,8.484900362512e-02
-1.434674351051e+00,6.991565282618e+00,8.483902463623e-02
-1.434633914916e+00,3.946539426063e+00,8.487133144032e-02
-1.434393737732e+00,2.400813842289e+00,8.486538479851e-02
-1.433898274779e+00,3.205879250504e+00,8.486361601163e-02
-1.433809285693e+00,1.595748434078e+00,8.485867970093e-02
-1.433759877878e+00,1.029810915169e+01,5.238435858950e-02
-1.433717766901e+00,9.662797288976e+00,7.842699623706e-02
-1.433562898867e+00,8.021581494265e+00,8.481535023544e-02
-1.433478405875e+00,3.978742042391e+00,8.486235520060e-02
-1.433422506799e+00,8.964604102452e+00,8.480008227185e-02
-1.433410564957e+00,9.967964947336e+00,7.106946093371e-02
-1.433392316952e+00,7.739827788041e+00,8.481782643220e-02
-1.433281425290e+00,2.433016458617e+00,8.485673941428e-02
-1.432764364037e+00,3.238081866832e+00,8.485479853468e-02
-1.432718571551e+00,1.627951050406e+00,8.485019498775e-02
-1.432692960310e+00,5.276100079750e+00,8.484863483859e-02
-1.432676993444e+00,5.126008087145e+00,8.485020842013e-02
-1.432572039673e+00,9.311687660424e+00,8.307138757086e-02
-1.432322896834e+00,4.010944658720e+00,8.485336625098e-02
-1.432271008936e+00,5.943642594530e+00,8.483571810977e-02
-1.432240095540e+00,4.709728503004e+00,8.485286918610e-02
-1.432169112848e+00,2.465219074946e+00,8.484808224576e-02
-1.431754019565e+00,8.618549933355e+00,8.479214142622e-02
-1.431690996368e+00,6.127435741534e+00,8.482796986181e-02
-1.431685957385e+00,8.304253143153e+00,8.479654910195e-02
-1.431630453296e+00,3.270284483161e+00,8.484596880122e-02
-1.431627857409e+00,1.660153666734e+00,8.484169893050e-02
-1.431621301342e+00,5.426919901438e+00,8.483770109822e-02
-1.431578613989e+00,4.976663012293e+00,8.484377365020e-02
-1.431524409532e+00,5.760639142433e+00,8.483201524113e-02
-1.431497193487e+00,6.743953875820e+00,8.481779882140e-02
-1.431494934590e+00,7.209658020438e+00,8.481051461788e-02
-1.431419900757e+00,6.527548450337e+00,8.481994953813e-02
-1.431181071465e+00,7.459026981106e+00,8.480430541228e-02
-1.431167387792e+00,4.043147275049e+00,8.484436456463e-02
-1.431056800407e+00,2.497421691274e+00,8.483941326903e-02
-1.430537143267e+00,1.692356283063e+00,8.483319150658e-02
-1.430496542554e+00,3.302487099489e+00,8.483712678586e-02
-1.430150729052e+00,1.027335902264e+01,5.469865485962e-02
-1.430011878751e+00,4.075349891377e+00,8.483535011466e-02
-1.430004605088e+00,6.961184744761e+00,8.480268114679e-02
-1.429944487965e+00,2.529624307603e+00,8.483073246010e-02
-1.429865873561e+00,9.638084143590e+00,7.886047733577e-02
-1.429778791260e+00,6.311995501844e+00,8.480999766200e-02
-1.429679998195e+00,9.943233012987e+00,7.189019062417e-02
-1.429536054727e+00,8.933806144560e+00,8.476970094783e-02
-1.429456921935e+00,5.578448431312e+00,8.481818081774e-02
-1.429446429125e+00,1.724558899391e+00,8.482467269335e-02
-1.429403153653e+00,4.828083910942e+00,8.482935935605e-02
-1.429362631812e+00,3.334689715818e+00,8.482827246316e-02
-1.429339088158e+00,7.990954692171e+00,8.478223912193e-02
-1.429056595096e+00,7.709260619971e+00,8.478387427823e-02
-1.428856369709e+00,4.107552507706e+00,8.482632287412e-02
-1.428832175523e+00,2.561826923931e+00,8.482203979490e-02
-1.428798562144e+00,9.280835236820e+00,8.338128283425e-02
-1.428355714984e+00,1.756761515720e+00,8.481614246809e-02
-1.428228721071e+00,3.366892332147e+00,8.481940580758e-02
-1.427754849765e+00,8.587807735098e+00,8.476085764619e-02
-1.427719863081e+00,2.594029540260e+00,8.481333524932e-02
-1.427700860668e+00,4.139755124035e+00,8.481728281597e-02
-1.427574332698e+00,8.273567997241e+00,8.476438309241e-02
-1.427265000842e+00,1.788964132048e+00,8.480760080802e-02
-1.427094810329e+00,3.399094948475e+00,8.481052679354e-02
-1.427050613301e+00,5.913598784783e+00,8.479481878737e-02
-1.427037926135e+00,5.246348656686e+00,8.480429049361e-02
-1.426936239108e+00,7.179213985822e+00,8.477484430514e-02
-1.426914166014e+00,5.096332942782e+00,8.480513105477e-02
-1.426733719352e+00,7.428520735969e+00,8.476943897496e-02
-1.426716695919e+00,6.713638119578e+00,8.478024142696e-02
-1.426607550640e+00,2.626232156588e+00,8.480461879916e-02
-1.426580097057e+00,6.097322025084e+00,8.478804893838e-02
-1.426545351626e+00,4.171957740363e+00,8.480822991308e-02
-1.426541580226e+00,1.024860889359e+01,5.678919047676e-02
-1.426528956446e+00,6.497298759163e+00,8.478158478640e-02
-1.426194846304e+00,5.730666516937e+00,8.479021893867e-02
-1.426174286700e+00,1.821166748377e+00,8.479904769030e-02
-1.426156062404e+00,4.680289805231e+00,8.480524126877e-02
-1.426074412905e+00,5.397093470870e+00,8.479441257552e-02
-1.426013980221e+00,9.613370998204e+00,7.927491479626e-02
-1.425960899587e+00,3.431297564804e+00,8.480163539538e-02
-1.425949431433e+00,9.918501078637e+00,7.266202516412e-02
-1.425708351708e+00,4.947065416173e+00,8.479792837050e-02
-1.425649602655e+00,8.903008186668e+00,8.473918172514e-02
-1.425495238198e+00,2.658434772917e+00,8.479589042015e-02
-1.425389842585e+00,4.204160356692e+00,8.479916413828e-02
-1.425334859125e+00,6.930804206903e+00,8.476614306600e-02
-1.425195665689e+00,5.468750175000e-01,8.478910138652e-02
-1.425195665689e+00,1.562500050003e-02,8.543697851534e-02
-1.425195665689e+00,4.687500150008e-02,8.536396281714e-02
-1.425195665689e+00,7.812500250012e-02,8.529439421214e-02
-1.425195665689e+00,1.093750035002e-01,8.522849180854e-02
-1.425195665689e+00,2.031250065004e-01,8.505489270015e-02
-1.425195665689e+00,2.343750075005e-01,8.500572709372e-02
-1.425195665689e+00,2.656250085005e-01,8.496121861467e-02
-1.425195665689e+00,2.968750095005e-01,8.492153228857e-02
-1.425195665689e+00,3.281250105004e-01,8.488681812924e-02
-1.425195665689e+00,3.593750115003e-01,8.485720959989e-02
-1.425195665689e+00,3.906250125002e-01,8.483282220725e-02
-1.425195665689e+00,4.218750135002e-01,8.481375225707e-02
-1.425195665689e+00,4.531250145001e-01,8.480007579668e-02
-1.425195665689e+00,4.843750155000e-01,8.479184776766e-02
-1.425195665689e+00,5.156250165000e-01,8.478910138652e-02
-1.425195665689e+00,5.781250184999e-01,8.478910138652e-02
-1.425195665689e+00,6.093750194999e-01,8.478910138652e-02
-1.425195665689e+00,6.406250204998e-01,8.478910138652e-02
-1.425195665689e+00,6.718750214998e-01,8.478910138652e-02
-1.425195665689e+00,7.031250224998e-01,8.478910138652e-02
-1.425195665689e+00,7.343750234997e-01,8.478910138652e-02
-1.425195665689e+00,7.656250244997e-01,8.478910138652e-02
-1.425195665689e+00,7.968750254997e-01,8.478910138652e-02
-1.425195665689e+00,8.281250264998e-01,8.478910138652e-02
-1.425195665689e+00,8.593750274998e-01,8.478910138652e-02
-1.425195665689e+00,8.906250284999e-01,8.478910138652e-02
-1.425195665689e+00,9.218750295000e-01,8.478910138652e-02
-1.425195665689e+00,9.531250305000e-01,8.478910138652e-02
-1.425195665689e+00,9.843750315000e-01,8.478910138652e-02
-1.425195665689e+00,1.406250045003e-01,8.516647005785e-02
-1.425195665689e+00,1.718750055004e-01,8.510853703851e-02
-1.425115277448e+00,7.960327890077e+00,8.474896421865e-02
-1.425083572558e+00,1.853369364705e+00,8.479048309204e-02
-1.425025084615e+00,9.249982813216e+00,8.367826353202e-02
-1.424826988846e+00,3.463500181133e+00,8.479273158736e-02
-1.424777711044e+00,6.281813157755e+00,8.477076819863e-02
-1.424720873241e+00,7.678693451900e+00,8.474975049724e-02
-1.424661107768e+00,1.016101340164e+00,8.478489962621e-02
-1.424382925756e+00,2.690637389245e+00,8.478715008799e-02
-1.424234333543e+00,4.236362973020e+00,8.479008546428e-02
-1.424018525792e+00,5.548548266065e+00,8.477552765261e-02
-1.423992858416e+00,1.885571981034e+00,8.478190699028e-02
-1.423755679965e+00,8.557065536841e+00,8.472942824790e-02
-1.423693078104e+00,3.495702797461e+00,8.478381534368e-02
-1.423591991926e+00,1.048303956493e+00,8.477648780611e-02
-1.423462708012e+00,8.242882851329e+00,8.473188710183e-02
-1.423425820835e+00,4.798565130923e+00,8.478228336547e-02
-1.423270613314e+00,2.722840005574e+00,8.477839777829e-02
-1.423078824502e+00,4.268565589349e+00,8.478099386377e-02
-1.422932431401e+00,1.022385876454e+01,5.868687183664e-02
-1.422902144274e+00,1.917774597362e+00,8.477331936201e-02
-1.422559167363e+00,3.527905413790e+00,8.477488663846e-02
-1.422522876084e+00,1.080506572821e+00,8.476806490197e-02
-1.422377543627e+00,7.148769951207e+00,8.473898621071e-02
-1.422286367238e+00,7.398014490831e+00,8.473439247514e-02
-1.422218864671e+00,9.893769144288e+00,7.338919089065e-02
-1.422162086880e+00,9.588657852818e+00,7.967152638247e-02
-1.422158300873e+00,2.755042621902e+00,8.476963346659e-02
-1.421936198352e+00,6.683322363337e+00,8.474247546141e-02
-1.421923315460e+00,4.300768205678e+00,8.477188930929e-02
-1.421830217667e+00,5.883554975037e+00,8.475358446634e-02
-1.421811430132e+00,1.949977213691e+00,8.476472018414e-02
-1.421763150583e+00,8.872210228777e+00,8.470852373161e-02
-1.421638012136e+00,6.467049067989e+00,8.474300335758e-02
-1.421469197745e+00,6.067208308634e+00,8.474789561085e-02
-1.421453760241e+00,1.112709189150e+00,8.475963089202e-02
-1.421425256621e+00,3.560108030119e+00,8.476594544576e-02
-1.421382891960e+00,5.216597233621e+00,8.475966051776e-02
-1.421251607087e+00,9.219130389611e+00,8.396311225582e-02
-1.421151338584e+00,5.066657798420e+00,8.475976041371e-02
-1.421045988431e+00,2.787245238231e+00,8.476085712838e-02
-1.420891466739e+00,7.929701087983e+00,8.471552439899e-02
-1.420865283075e+00,5.700693891440e+00,8.474816771008e-02
-1.420767806419e+00,4.332970822006e+00,8.476277177337e-02
-1.420720715990e+00,1.982179830019e+00,8.475610943354e-02
-1.420665113161e+00,6.900423669046e+00,8.472940898314e-02
-1.420527524468e+00,5.367267040301e+00,8.475085375283e-02
-1.420448413194e+00,1.055419019867e+01,6.608629165311e-06
-1.420385151386e+00,7.648126283829e+00,8.471545388996e-02
-1.420384644399e+00,1.144911805478e+00,8.475118575445e-02
-1.420291345879e+00,3.592310646447e+00,8.475699173955e-02
-1.420072029269e+00,4.650851107459e+00,8.475728864085e-02
-1.419933675989e+00,2.819447854559e+00,8.475206873906e-02
-1.419838089426e+00,4.917467820054e+00,8.475178206136e-02
-1.419776630829e+00,6.251630813665e+00,8.473131351265e-02
-1.419756510165e+00,8.526323338584e+00,8.469785229207e-02
-1.419630001848e+00,2.014382446347e+00,8.474748708700e-02
-1.419612297378e+00,4.365173438335e+00,8.475364122843e-02
-1.419351083326e+00,8.212197705418e+00,8.469923353673e-02
-1.419323282575e+00,1.019910863549e+01,6.041716442276e-02
-1.419315528557e+00,1.177114421807e+00,8.474272946738e-02
-1.419157435138e+00,3.624513262776e+00,8.474802549375e-02
-1.418821363547e+00,2.851650470888e+00,8.474326827401e-02
-1.418580129649e+00,5.518648100819e+00,8.473261091682e-02
-1.418539287706e+00,2.046585062676e+00,8.473885312125e-02
-1.418488297909e+00,9.869037209938e+00,7.407544091468e-02
-1.418456788336e+00,4.397376054664e+00,8.474449764682e-02
-1.418310193540e+00,9.563944707432e+00,8.005123223343e-02
-1.418246412715e+00,1.209317038136e+00,8.473426200890e-02
-1.418023524396e+00,3.656715879105e+00,8.473904668220e-02
-1.417876698511e+00,8.841412270885e+00,8.467772608852e-02
-1.417839015125e+00,7.367508245694e+00,8.469916463603e-02
-1.417818848145e+00,7.118325916591e+00,8.470293898672e-02
-1.417709051105e+00,2.883853087217e+00,8.473445570847e-02
-1.417478129558e+00,9.188277966007e+00,8.423655007425e-02
-1.417448573564e+00,2.078787679004e+00,8.473020751298e-02
-1.417448488017e+00,4.769046350904e+00,8.473488856766e-02
-1.417301279295e+00,4.429578670992e+00,8.473534100080e-02
-1.417177296873e+00,1.241519654464e+00,8.472578335700e-02
-1.417155700785e+00,6.653006607095e+00,8.470449934214e-02
-1.416960770757e+00,1.052942246963e+01,1.009211167159e-02
-1.416889613655e+00,3.688918495433e+00,8.473005527864e-02
-1.416747067825e+00,6.436799376815e+00,8.470420359275e-02
-1.416667656029e+00,7.899074285889e+00,8.468191852716e-02
-1.416609822032e+00,5.853511165290e+00,8.471210155697e-02
-1.416596738664e+00,2.916055703546e+00,8.472563101768e-02
-1.416358298433e+00,6.037094592184e+00,8.470750807824e-02
-1.416357859422e+00,2.110990295333e+00,8.472155023880e-02
-1.416145770253e+00,4.461781287321e+00,8.472617126256e-02
-1.416108181031e+00,1.273722270792e+00,8.471729348966e-02
-1.416049429531e+00,7.617559115758e+00,8.468098324725e-02
-1.415995367198e+00,6.870043131189e+00,8.469237004512e-02
-1.415757340365e+00,8.495581140326e+00,8.466612883225e-02
-1.415755702913e+00,3.721121111762e+00,8.472105125679e-02
-1.415727857785e+00,5.186845810557e+00,8.471474248862e-02
-1.415714133749e+00,1.017435850644e+01,6.200123964844e-02
-1.415535719847e+00,5.670721265943e+00,8.470585948460e-02
-1.415484426222e+00,2.948258319874e+00,8.471679417677e-02
-1.415388511154e+00,5.036982654057e+00,8.471409401654e-02
-1.415267145280e+00,2.143192911661e+00,8.471288127525e-02
-1.415239458640e+00,8.181512559506e+00,8.466642132985e-02
-1.415039065189e+00,1.305924887121e+00,8.470879238477e-02
-1.414990261212e+00,4.493983903650e+00,8.471698840422e-02
-1.414980636031e+00,5.337440609732e+00,8.470702243389e-02
-1.414775550613e+00,6.221448469576e+00,8.469163186708e-02
-1.414757731147e+00,9.844305275588e+00,7.472411955565e-02
-1.414621792171e+00,3.753323728091e+00,8.471203459027e-02
-1.414554120769e+00,9.536135337633e+00,8.045836637059e-02
-1.414372113780e+00,2.980460936203e+00,8.470794516083e-02
-1.414176431138e+00,2.175395527990e+00,8.470420059883e-02
-1.413990246439e+00,8.810614312993e+00,8.464678791046e-02
-1.413987996134e+00,4.621412409686e+00,8.470900847465e-02
-1.413969949347e+00,1.338127503449e+00,8.470028002017e-02
-1.413967827145e+00,4.887870223934e+00,8.470533219068e-02
-1.413834752170e+00,4.526186519978e+00,8.470779239781e-02
-1.413704652029e+00,9.157425542403e+00,8.449924244089e-02
-1.413487881430e+00,3.785526344419e+00,8.470300525261e-02
-1.413473128319e+00,1.050465474058e+01,1.830079680956e-02
-1.413391663011e+00,7.337002000557e+00,8.466375417039e-02
-1.413260152663e+00,7.087881881975e+00,8.466670127424e-02
-1.413259801338e+00,3.012663552531e+00,8.469908394488e-02
-1.413141733505e+00,5.488747935572e+00,8.468942846635e-02
-1.413085716997e+00,2.207598144318e+00,8.469550818595e-02
-1.412900833505e+00,1.370330119778e+00,8.469175637364e-02
-1.412679243129e+00,4.558389136307e+00,8.469858321530e-02
-1.412443845320e+00,7.868447483795e+00,8.464814545805e-02
-1.412375203218e+00,6.622690850854e+00,8.466631147276e-02
-1.412353970688e+00,3.817728960748e+00,8.469396321728e-02
-1.412147488897e+00,3.044866168860e+00,8.469021050385e-02
-1.412104984923e+00,1.014960837739e+01,6.345684335351e-02
-1.411995002855e+00,2.239800760646e+00,8.468680401298e-02
-1.411856123515e+00,6.406549685642e+00,8.466518381874e-02
-1.411831717663e+00,1.402532736107e+00,8.468322142292e-02
-1.411758170564e+00,8.464838942069e+00,8.463424787314e-02
-1.411713707676e+00,7.586991947688e+00,8.464633735004e-02
-1.411523734087e+00,4.590591752636e+00,8.468936082853e-02
-1.411471155199e+00,4.739527570885e+00,8.468717216572e-02
-1.411389426397e+00,5.823467355543e+00,8.467036804557e-02
-1.411325621235e+00,6.839662593331e+00,8.465495723734e-02
-1.411247399122e+00,6.006980875733e+00,8.466688452460e-02
-1.411220059946e+00,3.849931577077e+00,8.468490845770e-02
-1.411127833954e+00,8.150827413594e+00,8.463344940523e-02
-1.411035176455e+00,3.077068785189e+00,8.468132481261e-02
-1.411027164384e+00,9.819573341239e+00,7.533821652709e-02
-1.410904288713e+00,2.272003376975e+00,8.467808805622e-02
-1.410893868567e+00,9.505229743421e+00,8.088814181379e-02
-1.410762601820e+00,1.434735352435e+00,8.467467514566e-02
-1.410206156618e+00,5.640748640446e+00,8.466329217345e-02
-1.410103794367e+00,8.779816355102e+00,8.461570830538e-02
-1.410086149205e+00,3.882134193405e+00,8.467584094718e-02
-1.410072823610e+00,5.157094387492e+00,8.466953396246e-02
-1.409985485882e+00,1.047988701154e+01,2.510811401430e-02
-1.409931174501e+00,9.126573118799e+00,8.460882502195e-02
-1.409922864013e+00,3.109271401518e+00,8.467242684598e-02
-1.409813574571e+00,2.304205993303e+00,8.466936029190e-02
-1.409774470398e+00,6.191266125487e+00,8.465172151024e-02
-1.409693485978e+00,1.466937968764e+00,8.466611751948e-02
-1.409625683725e+00,5.007307509695e+00,8.466812936189e-02
-1.409433747595e+00,5.307614179164e+00,8.466262741745e-02
-1.408952238463e+00,3.914336809734e+00,8.466676065897e-02
-1.408944310897e+00,7.306495755420e+00,8.462815978041e-02
-1.408810551571e+00,3.141474017846e+00,8.466351657868e-02
-1.408722860429e+00,2.336408609632e+00,8.466062069620e-02
-1.408701457181e+00,7.057437847359e+00,8.463027170329e-02
-1.408624370136e+00,1.499140585092e+00,8.465754852193e-02
-1.408495836097e+00,1.012485824834e+01,6.479896170692e-02
-1.408220034610e+00,7.837820681701e+00,8.461420403723e-02
-1.408097564863e+00,4.858272627815e+00,8.465857620624e-02
-1.407818327722e+00,3.946539426063e+00,8.465766756625e-02
-1.407759000764e+00,8.434096743812e+00,8.460200907984e-02
-1.407703337362e+00,5.458847770326e+00,8.464597813908e-02
-1.407698239130e+00,3.173676634175e+00,8.465459398540e-02
-1.407632146287e+00,2.368611225961e+00,8.465186924522e-02
-1.407594705650e+00,6.592375094612e+00,8.462791024307e-02
-1.407555254294e+00,1.531343201420e+00,8.464896813050e-02
-1.407377985821e+00,7.556424779617e+00,8.461151496930e-02
-1.407296597622e+00,9.794841406889e+00,7.592041272600e-02
-1.407233616364e+00,9.474324149209e+00,8.129686759817e-02
-1.407016209268e+00,8.120142267682e+00,8.460031667818e-02
-1.406965179204e+00,6.376299994468e+00,8.462594234800e-02
-1.406684416980e+00,3.978742042391e+00,8.464856164213e-02
-1.406655875272e+00,6.809282055474e+00,8.461733896316e-02
-1.406585926688e+00,3.205879250504e+00,8.464565904072e-02
-1.406541432145e+00,2.400813842289e+00,8.464310591500e-02
-1.406497843445e+00,1.045511928250e+01,3.084454571495e-02
-1.406486138452e+00,1.563545817749e+00,8.464037632262e-02
-1.406217342294e+00,8.749018397210e+00,8.458448637444e-02
-1.406169030762e+00,5.793423545796e+00,8.462838190060e-02
-1.406157696972e+00,9.095720695195e+00,8.457846637080e-02
-1.406136499810e+00,5.976867159283e+00,8.462587896503e-02
-1.405550506238e+00,4.010944658720e+00,8.463944285961e-02
-1.405493822381e+00,4.710008790866e+00,8.463913133866e-02
-1.405473614246e+00,3.238081866832e+00,8.463671171918e-02
-1.405450718003e+00,2.433016458617e+00,8.463433068152e-02
-1.405417022610e+00,1.595748434078e+00,8.463177307565e-02
-1.404886687271e+00,1.010010811929e+01,6.604033758747e-02
-1.404876593389e+00,5.610776014949e+00,8.462046366972e-02
-1.404773390183e+00,6.161083781398e+00,8.461158067565e-02
-1.404496958784e+00,7.275989510283e+00,8.459238015759e-02
-1.404417789435e+00,5.127342964428e+00,8.462403247418e-02
-1.404416595497e+00,4.043147275049e+00,8.463031119167e-02
-1.404361301804e+00,3.270284483161e+00,8.462775199524e-02
-1.404360003861e+00,2.465219074946e+00,8.462554352072e-02
-1.404347906768e+00,1.627951050406e+00,8.462315836692e-02
-1.404142761699e+00,7.026993812744e+00,8.459364889265e-02
-1.403996223900e+00,7.807193879607e+00,8.458009310076e-02
-1.403886859158e+00,5.277787748595e+00,8.461785388200e-02
-1.403862856295e+00,4.977632365332e+00,8.462186392758e-02
-1.403759830964e+00,8.403354545554e+00,8.456961648654e-02
-1.403573364162e+00,9.443418554997e+00,8.168619785652e-02
-1.403566030860e+00,9.770109472539e+00,7.647311910562e-02
-1.403282684755e+00,4.075349891377e+00,8.462116661117e-02
-1.403278790926e+00,1.660153666734e+00,8.461453217369e-02
-1.403269289719e+00,2.497421691274e+00,8.461674440842e-02
-1.403248989362e+00,3.302487099489e+00,8.461877984329e-02
-1.403042263965e+00,7.525857611546e+00,8.457651486586e-02
-1.403010201008e+00,1.043035155346e+01,3.574423240051e-02
-1.402904584581e+00,8.089457121770e+00,8.456702205518e-02
-1.402814208083e+00,6.562059338371e+00,8.458929402887e-02
-1.402384219444e+00,9.064868271591e+00,8.454797193894e-02
-1.402330890223e+00,8.718220439318e+00,8.455312121204e-02
-1.402264941219e+00,5.428947605079e+00,8.460225775475e-02
-1.402227302582e+00,4.828675031696e+00,8.461128553064e-02
-1.402209675084e+00,1.692356283063e+00,8.460589447313e-02
-1.402178575577e+00,2.529624307603e+00,8.460793332041e-02
-1.402148774014e+00,4.107552507706e+00,8.461200909093e-02
-1.402136676921e+00,3.334689715818e+00,8.460979523765e-02
-1.402074234894e+00,6.346050303294e+00,8.458647747854e-02
-1.401986129309e+00,6.778901517616e+00,8.457951367397e-02
-1.401277538445e+00,1.007535799024e+01,6.719187519890e-02
-1.401140559242e+00,1.724558899391e+00,8.459724524240e-02
-1.401087861435e+00,2.561826923931e+00,8.459911023243e-02
-1.401025600499e+00,5.946753442833e+00,8.458443989571e-02
-1.401024364479e+00,3.366892332147e+00,8.460079815256e-02
-1.401014863272e+00,4.139755124035e+00,8.460283860364e-02
-1.400948635127e+00,5.763379736050e+00,8.458614107244e-02
-1.400071443400e+00,1.756761515720e+00,8.458858445855e-02
-1.400049606670e+00,7.245483265146e+00,8.455641398280e-02
-1.399997147293e+00,2.594029540260e+00,8.459027512011e-02
-1.399913111960e+00,9.412512960785e+00,8.205746599360e-02
-1.399912052037e+00,3.399094948475e+00,8.459178856220e-02
-1.399880952530e+00,4.171957740363e+00,8.459365512197e-02
-1.399835464098e+00,9.745377538190e+00,7.699822388363e-02
-1.399772413191e+00,7.776567077513e+00,8.454581147523e-02
-1.399772309967e+00,6.130901437309e+00,8.457120758197e-02
-1.399760661164e+00,8.372612347297e+00,8.453706906538e-02
-1.399584066217e+00,6.996549778128e+00,8.455683144989e-02
-1.399547030161e+00,5.580803389452e+00,8.457737184830e-02
-1.399522558570e+00,1.040558382441e+01,3.997769475910e-02
-1.399516489563e+00,4.680490010847e+00,8.459076324133e-02
-1.399002327558e+00,1.788964132048e+00,8.457991209859e-02
-1.398906433151e+00,2.626232156588e+00,8.458142795906e-02
-1.398799739595e+00,3.431297564804e+00,8.458276644070e-02
-1.398792959895e+00,8.058771975859e+00,8.453356443381e-02
-1.398762755260e+00,5.097591541364e+00,8.457823553723e-02
-1.398747041789e+00,4.204160356692e+00,8.458445861850e-02
-1.398706542110e+00,7.495290443475e+00,8.454133579044e-02
-1.398610741915e+00,9.034015847987e+00,8.451734087876e-02
-1.398444438150e+00,8.687422481427e+00,8.452161190572e-02
-1.398339970721e+00,5.247961318026e+00,8.457279263999e-02
-1.398100028865e+00,4.947957220969e+00,8.457529517041e-02
-1.398033710516e+00,6.531743582129e+00,8.455046119194e-02
-1.397933211715e+00,1.821166748377e+00,8.457122813950e-02
-1.397815719010e+00,2.658434772917e+00,8.457256872478e-02
-1.397687427154e+00,3.463500181133e+00,8.457373176207e-02
-1.397668389619e+00,1.005060786119e+01,6.826296015924e-02
-1.397613131047e+00,4.236362973020e+00,8.457524906570e-02
-1.397316383346e+00,6.748520979758e+00,8.454147980768e-02
-1.397183290583e+00,6.315800612120e+00,8.454678749381e-02
-1.396864095873e+00,1.853369364705e+00,8.456253255815e-02
-1.396826545075e+00,5.399047439833e+00,8.455826511495e-02
-1.396725004868e+00,2.690637389245e+00,8.456369739276e-02
-1.396575114712e+00,3.495702797461e+00,8.456468450029e-02
-1.396479220306e+00,4.268565589349e+00,8.456602643601e-02
-1.396403834059e+00,1.093750035002e-01,8.502043697104e-02
-1.396403834059e+00,2.031250065004e-01,8.483733169895e-02
-1.396403834059e+00,2.343750075005e-01,8.478541864455e-02
-1.396403834059e+00,2.656250085005e-01,8.473840174104e-02
-1.396403834059e+00,3.281250105004e-01,8.465976283581e-02
-1.396403834059e+00,3.593750115003e-01,8.462845170748e-02
-1.396403834059e+00,4.218750135002e-01,8.458247894985e-02
-1.396403834059e+00,4.531250145001e-01,8.456800679945e-02
-1.396403834059e+00,4.843750155000e-01,8.455929912785e-02
-1.396403834059e+00,5.156250165000e-01,8.455639249258e-02
-1.396403834059e+00,5.468750175000e-01,8.455639249258e-02
-1.396403834059e+00,5.781250184999e-01,8.455639249258e-02
-1.396403834059e+00,6.093750194999e-01,8.455639249258e-02
-1.396403834059e+00,6.406250204998e-01,8.455639249258e-02
-1.396403834059e+00,7.031250224998e-01,8.455639249258e-02
-1.396403834059e+00,7.343750234997e-01,8.455639249258e-02
-1.396403834059e+00,7.656250244997e-01,8.455639249258e-02
-1.396403834059e+00,7.968750254997e-01,8.455639249258e-02
-1.396403834059e+00,8.281250264998e-01,8.455639249258e-02
-1.396403834059e+00,8.593750274998e-01,8.455639249258e-02
-1.396403834059e+00,8.906250284999e-01,8.455639249258e-02
-1.396403834059e+00,9.218750295000e-01,8.455639249258e-02
-1.396403834059e+00,9.531250305000e-01,8.455639249258e-02
-1.396403834059e+00,9.843750315000e-01,8.455639249258e-02
-1.396403834059e+00,1.562500050003e-02,8.523994568273e-02
-1.396403834059e+00,4.687500150008e-02,8.516311828748e-02
-1.396403834059e+00,7.812500250012e-02,8.508986952439e-02
-1.396403834059e+00,1.406250045003e-01,8.495505359626e-02
-1.396403834059e+00,1.718750055004e-01,8.489394584961e-02
-1.396403834059e+00,2.968750095005e-01,8.469646166109e-02
-1.396403834059e+00,3.906250125002e-01,8.460265512995e-02
-1.396403834059e+00,6.718750214998e-01,8.455639249258e-02
-1.396357040300e+00,4.799077435576e+00,8.456347112095e-02
-1.396252859757e+00,9.381607366572e+00,8.241188681285e-02
-1.396104897336e+00,9.720645603840e+00,7.749734959521e-02
-1.396034916133e+00,1.038081609537e+01,4.367206741734e-02
-1.395914701187e+00,5.916639726383e+00,8.454275245851e-02
-1.395880075288e+00,1.016101340164e+00,8.455212515717e-02
-1.395794980031e+00,1.885571981034e+00,8.455382533137e-02
-1.395761491364e+00,8.341870149040e+00,8.450436578016e-02
-1.395728239492e+00,5.733335926303e+00,8.454364349336e-02
-1.395634290726e+00,2.722840005574e+00,8.455481393836e-02
-1.395602254557e+00,7.214977020009e+00,8.452025992605e-02
-1.395548602481e+00,7.745940275419e+00,8.451135797762e-02
-1.395462802270e+00,3.527905413790e+00,8.455562462926e-02
-1.395345309564e+00,4.300768205678e+00,8.455679070175e-02
-1.395025370736e+00,6.966105743512e+00,8.451964759584e-02
-1.394837264386e+00,9.003163424383e+00,8.448657233629e-02
-1.394832557745e+00,1.048303956493e+00,8.454358208241e-02
-1.394771229752e+00,6.100719093219e+00,8.453060043285e-02
-1.394725864189e+00,1.917774597362e+00,8.454510643594e-02
-1.394681335209e+00,8.028086829947e+00,8.449994270270e-02
-1.394557986078e+00,8.656624523535e+00,8.448988737568e-02
-1.394543576584e+00,2.755042621902e+00,8.454591833692e-02
-1.394370820255e+00,7.464723275405e+00,8.450597648350e-02
-1.394350489828e+00,3.560108030119e+00,8.454655212278e-02
-1.394217466932e+00,5.550830763955e+00,8.453401456576e-02
-1.394211398822e+00,4.332970822006e+00,8.454754183520e-02
-1.394059240794e+00,1.002585773214e+01,6.926171497186e-02
-1.393785040203e+00,1.080506572821e+00,8.453502778415e-02
-1.393656748347e+00,1.949977213691e+00,8.453637584855e-02
-1.393539156745e+00,4.650971230828e+00,8.454206500443e-02
-1.393452862442e+00,2.787245238231e+00,8.453701056370e-02
-1.393253212948e+00,6.501427825888e+00,8.451141007988e-02
-1.393238177386e+00,3.592310646447e+00,8.453746695461e-02
-1.393107721086e+00,5.067840118299e+00,8.453214064355e-02
-1.393077488081e+00,4.365173438335e+00,8.453827980852e-02
-1.392793082284e+00,5.218134887458e+00,8.452744124505e-02
-1.392737522661e+00,1.112709189150e+00,8.452646224041e-02
-1.392646637383e+00,6.718140441901e+00,8.450323578856e-02
-1.392592607555e+00,9.350701772360e+00,8.275056934403e-02
-1.392587632505e+00,1.982179830019e+00,8.452763354586e-02
-1.392547273696e+00,1.035604836633e+01,4.692407229729e-02
-1.392374330573e+00,9.695913669491e+00,7.797304464028e-02
-1.392362148300e+00,2.819447854559e+00,8.452809059389e-02
-1.392337201435e+00,4.918282076607e+00,8.452842052628e-02
-1.392292346273e+00,6.285550920946e+00,8.450687066256e-02
-1.392125864945e+00,3.624513262776e+00,8.452836909843e-02
-1.391943577339e+00,4.397376054664e+00,8.452900459385e-02
-1.391762321564e+00,8.311127950783e+00,8.447150558634e-02
-1.391690005118e+00,1.144911805478e+00,8.451788542918e-02
-1.391518516663e+00,2.014382446347e+00,8.451887950444e-02
-1.391388148932e+00,5.369147274586e+00,8.451399800295e-02
-1.391324791772e+00,7.715313473325e+00,8.447673141522e-02
-1.391271434158e+00,2.851650470888e+00,8.451915840261e-02
-1.391154902443e+00,7.184470774871e+00,8.448391664647e-02
-1.391063786858e+00,8.972311000779e+00,8.445566545116e-02
-1.391013552503e+00,3.656715879105e+00,8.451925852784e-02
-1.390809666598e+00,4.429578670992e+00,8.451971616319e-02
-1.390803801876e+00,5.886526009933e+00,8.450081464440e-02
-1.390671534006e+00,8.625826565643e+00,8.445787220919e-02
-1.390642487576e+00,1.177114421807e+00,8.450929732838e-02
-1.390569710523e+00,7.997401684035e+00,8.446615574142e-02
-1.390507843857e+00,5.703292116556e+00,8.450088707740e-02
-1.390486778019e+00,4.769479839457e+00,8.451533264248e-02
-1.390466675254e+00,6.935661708897e+00,8.448215389538e-02
-1.390450091968e+00,1.000110760309e+01,7.019520460192e-02
-1.390449400821e+00,2.046585062676e+00,8.451011370082e-02
-1.390180720016e+00,2.883853087217e+00,8.451021396492e-02
-1.390035098400e+00,7.434156107334e+00,8.447043567518e-02
-1.389901240061e+00,3.688918495433e+00,8.451013521638e-02
-1.389770149536e+00,6.070536749130e+00,8.448975741693e-02
-1.389675755856e+00,4.461781287321e+00,8.451041448849e-02
-1.389594970034e+00,1.209317038136e+00,8.450069791587e-02
-1.389380284979e+00,2.078787679004e+00,8.450133611147e-02
-1.389090005874e+00,2.916055703546e+00,8.450125725581e-02
-1.389059631258e+00,1.033128063729e+01,4.980859949016e-02
-1.388932355353e+00,9.319796178148e+00,8.307452805236e-02
-1.388887903704e+00,5.520858138458e+00,8.449038966025e-02
-1.388788927619e+00,3.721121111762e+00,8.450099913751e-02
-1.388643763811e+00,9.671181735141e+00,7.842690768059e-02
-1.388547452492e+00,1.241519654464e+00,8.449208716947e-02
-1.388541845114e+00,4.493983903650e+00,8.450109954164e-02
-1.388472715381e+00,6.471112069647e+00,8.447213902603e-02
-1.388311169137e+00,2.110990295333e+00,8.449254671276e-02
-1.387999291732e+00,2.948258319874e+00,8.449228825019e-02
-1.387976891419e+00,6.687759904043e+00,8.446478002720e-02
-1.387763151764e+00,8.280385752525e+00,8.443848743093e-02
-1.387676615178e+00,3.753323728091e+00,8.449185026461e-02
-1.387561823928e+00,4.621452450809e+00,8.449303373452e-02
-1.387499934950e+00,1.273722270792e+00,8.448346506693e-02
-1.387452686911e+00,5.038088695235e+00,8.448574526346e-02
-1.387407934373e+00,4.526186519978e+00,8.449177129441e-02
-1.387401401962e+00,6.255301229772e+00,8.446672523885e-02
-1.387290309329e+00,8.941458577175e+00,8.442461935657e-02
-1.387246193847e+00,5.188308456889e+00,8.448179722894e-02
-1.387242053295e+00,2.143192911661e+00,8.448374548105e-02
-1.387100981062e+00,7.684686671231e+00,8.444193058559e-02
-1.386908577590e+00,2.980460936203e+00,8.448330692294e-02
-1.386840943142e+00,9.976357474039e+00,7.106960316852e-02
-1.386785081934e+00,8.595028607752e+00,8.442570680986e-02
-1.386707550330e+00,7.153964529734e+00,8.444738279230e-02
-1.386574374005e+00,4.888606932244e+00,8.448123741009e-02
-1.386564302736e+00,3.785526344419e+00,8.448268857098e-02
-1.386458085837e+00,7.966716538123e+00,8.443220242042e-02
-1.386452417407e+00,1.305924887121e+00,8.447483158592e-02
-1.386274023631e+00,4.558389136307e+00,8.448242971851e-02
-1.386172937453e+00,2.175395527990e+00,8.447493239259e-02
-1.385949752789e+00,5.339247109340e+00,8.446921285828e-02
-1.385907979772e+00,6.905217674282e+00,8.444445620657e-02
-1.385817863448e+00,3.012663552531e+00,8.447431324882e-02
-1.385699376545e+00,7.403588939263e+00,8.443471208523e-02
-1.385692902564e+00,5.856412293483e+00,8.445862442631e-02
-1.385571988821e+00,1.030651290825e+01,5.238453802876e-02
-1.385451990294e+00,3.817728960748e+00,8.447351402987e-02
-1.385404899865e+00,1.338127503449e+00,8.446618670408e-02
-1.385287448222e+00,5.673248306810e+00,8.445786972021e-02
-1.385272103151e+00,9.288890583936e+00,8.338469266056e-02
-1.385140112889e+00,4.590591752636e+00,8.447307478559e-02
-1.385103821611e+00,2.207598144318e+00,8.446610742359e-02
-1.384913197049e+00,9.646449800791e+00,7.886039579215e-02
-1.384769069321e+00,6.040354405041e+00,8.444859746746e-02
-1.384727149306e+00,3.044866168860e+00,8.446530720255e-02
-1.384616515737e+00,4.739882243337e+00,8.446686723653e-02
-1.384357382323e+00,1.370330119778e+00,8.445753039900e-02
-1.384339677852e+00,3.849931577077e+00,8.446432661445e-02
-1.384034705768e+00,2.239800760646e+00,8.445727055021e-02
-1.383763981964e+00,8.249643554268e+00,8.440531025244e-02
-1.383692217814e+00,6.440796313405e+00,8.443264634935e-02
-1.383636435165e+00,3.077068785189e+00,8.445628875880e-02
-1.383558340475e+00,5.490885512961e+00,8.444649495148e-02
-1.383516831801e+00,8.910606153570e+00,8.439343317922e-02
-1.383309864781e+00,1.402532736107e+00,8.444886264818e-02
-1.383307145456e+00,6.657379366186e+00,8.442611092035e-02
-1.383231794316e+00,9.951607344989e+00,7.189033007109e-02
-1.383227365411e+00,3.882134193405e+00,8.445512629779e-02
-1.382965589926e+00,2.272003376975e+00,8.444842174852e-02
-1.382898629862e+00,8.564230649860e+00,8.439339018747e-02
-1.382877170352e+00,7.654059869137e+00,8.440695427642e-02
-1.382545721023e+00,3.109271401518e+00,8.444725789212e-02
-1.382510457651e+00,6.225051538598e+00,8.442634946182e-02
-1.382346461151e+00,7.936031392211e+00,8.439808160096e-02
-1.382262347238e+00,1.434735352435e+00,8.444018342910e-02
-1.382260198216e+00,7.123458284597e+00,8.441065700066e-02
-1.382115052969e+00,3.914336809734e+00,8.444591305292e-02
-1.382084346384e+00,1.028174517920e+01,5.469883270084e-02
-1.381896474084e+00,2.304205993303e+00,8.443956099454e-02
-1.381797652736e+00,5.008337272170e+00,8.443904684568e-02
-1.381699305410e+00,5.158482026320e+00,8.443585810141e-02
-1.381611850949e+00,9.257984989724e+00,8.368191677861e-02
-1.381455006881e+00,3.141474017846e+00,8.443821457704e-02
-1.381363654690e+00,7.373021771192e+00,8.439880442292e-02
-1.381349284290e+00,6.874773639666e+00,8.440655300139e-02
-1.381214829696e+00,1.466937968764e+00,8.443149271914e-02
-1.381182630287e+00,9.621717866442e+00,7.927483974312e-02
-1.381002740527e+00,3.946539426063e+00,8.443668685278e-02
-1.380827358242e+00,2.336408609632e+00,8.443068826422e-02
-1.380811546576e+00,4.858931787882e+00,8.443374321577e-02
-1.380582003253e+00,5.826298577032e+00,8.441617975900e-02
-1.380511356646e+00,5.309346944093e+00,8.442399593369e-02
-1.380364292739e+00,3.173676634175e+00,8.442915878799e-02
-1.380167312154e+00,1.499140585092e+00,8.442279049564e-02
-1.380067052587e+00,5.643204497063e+00,8.441458929901e-02
-1.379890428085e+00,3.978742042391e+00,8.442744767023e-02
-1.379767989105e+00,6.010172060951e+00,8.440693870746e-02
-1.379764812164e+00,8.218901356011e+00,8.437197298081e-02
-1.379758242400e+00,2.368611225961e+00,8.442180353344e-02
-1.379743354272e+00,8.879753729966e+00,8.436208217911e-02
-1.379622645490e+00,9.926857215940e+00,7.266216189486e-02
-1.379273578597e+00,3.205879250504e+00,8.442009049935e-02
-1.379119794612e+00,1.531343201420e+00,8.441407673588e-02
-1.379012177790e+00,8.533432691968e+00,8.436092134386e-02
-1.378911720246e+00,6.410480557164e+00,8.439293035431e-02
-1.378778115643e+00,4.010944658720e+00,8.441819547805e-02
-1.378746253456e+00,4.710284647218e+00,8.441807201921e-02
-1.378689126558e+00,2.400813842289e+00,8.441290677803e-02
-1.378653359643e+00,7.623433067043e+00,8.437180126554e-02
-1.378637399493e+00,6.626998828328e+00,8.438722685083e-02
-1.378596703946e+00,1.025697745016e+01,5.678936617840e-02
-1.378234836464e+00,7.905346246300e+00,8.436379213503e-02
-1.378228777246e+00,5.460912887464e+00,8.440232824059e-02
-1.378182864455e+00,3.238081866832e+00,8.441100968541e-02
-1.378072277069e+00,1.563545817749e+00,8.440535141709e-02
-1.377951598746e+00,9.227079395511e+00,8.396698550548e-02
-1.377812846102e+00,7.092952039460e+00,8.437372253809e-02
-1.377665803202e+00,4.043147275049e+00,8.440893024897e-02
-1.377620010716e+00,2.433016458617e+00,8.440399797376e-02
-1.377619513341e+00,6.194801847425e+00,8.438574155572e-02
-1.377452063525e+00,9.596985932092e+00,7.967145734431e-02
-1.377092150313e+00,3.270284483161e+00,8.440191632041e-02
-1.377027932834e+00,7.342454603121e+00,8.436271138695e-02
-1.377024759527e+00,1.595748434078e+00,8.439661451642e-02
-1.376790588808e+00,6.844329605050e+00,8.436844273845e-02
-1.376553490760e+00,4.075349891377e+00,8.439965195561e-02
-1.376550894874e+00,2.465219074946e+00,8.439507709632e-02
-1.376152416973e+00,5.128655595752e+00,8.438962135011e-02
-1.376142618561e+00,4.978585849106e+00,8.439204281718e-02
-1.376013496664e+00,9.902107086890e+00,7.338932497849e-02
-1.376001436171e+00,3.302487099489e+00,8.439281037851e-02
-1.375977241985e+00,1.627951050406e+00,8.438786601099e-02
-1.375969876743e+00,8.848901306362e+00,8.433040300101e-02
-1.375765642364e+00,8.188159157753e+00,8.433847453731e-02
-1.375481779032e+00,2.497421691274e+00,8.438614412133e-02
-1.375471103941e+00,5.796184860582e+00,8.437347857891e-02
-1.375441178318e+00,4.107552507706e+00,8.439036057054e-02
-1.375125725718e+00,8.502634734077e+00,8.432829927293e-02
-1.375109061509e+00,1.023220972112e+01,5.868704502329e-02
-1.375072960502e+00,5.279446778847e+00,8.437848921802e-02
-1.375048719146e+00,4.829256643519e+00,8.438559152272e-02
-1.374929724443e+00,1.660153666734e+00,8.437910587782e-02
-1.374910722029e+00,3.334689715818e+00,8.438369183379e-02
-1.374846656952e+00,5.613160687316e+00,8.437104367242e-02
-1.374766908890e+00,5.979989716862e+00,8.436503178400e-02
-1.374429548933e+00,7.592806264949e+00,8.433647032076e-02
-1.374412663190e+00,2.529624307603e+00,8.437719902436e-02
-1.374328865876e+00,4.139755124035e+00,8.438105606626e-02
-1.374291346544e+00,9.196173801299e+00,8.424062214226e-02
-1.374131222679e+00,6.380164800922e+00,8.435298933084e-02
-1.374123211778e+00,7.874661100388e+00,8.432933286526e-02
-1.373967653530e+00,6.596618290470e+00,8.434812618746e-02
-1.373882206900e+00,1.692356283063e+00,8.437033409390e-02
-1.373820007887e+00,3.366892332147e+00,8.437456066028e-02
-1.373721496762e+00,9.572253997742e+00,8.005116877426e-02
-1.373365493989e+00,7.062445794323e+00,8.433632980547e-02
-1.373343547347e+00,2.561826923931e+00,8.436824178091e-02
-1.373216553435e+00,4.171957740363e+00,8.437173841515e-02
-1.372899214018e+00,5.430940261967e+00,8.435788731005e-02
-1.372875991174e+00,4.680687051099e+00,8.436894408136e-02
-1.372834689358e+00,1.724558899391e+00,8.436155063615e-02
-1.372729293745e+00,3.399094948475e+00,8.436541683192e-02
-1.372728569030e+00,6.164552156251e+00,8.434489972973e-02
-1.372692210979e+00,7.311887435051e+00,8.432643166540e-02
-1.372404347838e+00,9.877356957841e+00,7.407557243348e-02
-1.372274431505e+00,2.594029540260e+00,8.435927236640e-02
-1.372231893327e+00,6.813885570435e+00,8.433012386293e-02
-1.372196399215e+00,8.818048882758e+00,8.429857790417e-02
-1.372104240993e+00,4.204160356692e+00,8.436240758955e-02
-1.371787171816e+00,1.756761515720e+00,8.435275548143e-02
-1.371766472563e+00,8.157416959496e+00,8.430481383451e-02
-1.371638579603e+00,3.431297564804e+00,8.435626032259e-02
-1.371621419072e+00,1.020744199208e+01,6.041733484058e-02
-1.371239273646e+00,8.471836776185e+00,8.429552296049e-02
-1.371205315663e+00,2.626232156588e+00,8.435029075622e-02
-1.371005824997e+00,1.056253851870e+01,6.608629163535e-06
-1.370991928551e+00,4.236362973020e+00,8.435306356172e-02
-1.370739654274e+00,1.788964132048e+00,8.434394860654e-02
-1.370631094342e+00,9.165268207087e+00,8.427971874905e-02
-1.370605528536e+00,5.098829165183e+00,8.434308444056e-02
-1.370547865461e+00,3.463500181133e+00,8.434709110609e-02
-1.370487584386e+00,4.948834426041e+00,8.434473058322e-02
-1.370360204630e+00,5.766071144132e+00,8.433051880406e-02
-1.370205738224e+00,7.562179462855e+00,8.430096019981e-02
-1.370136199821e+00,2.658434772917e+00,8.434129692566e-02
-1.370082822316e+00,9.544409296287e+00,8.045859961444e-02
-1.370011587092e+00,7.843975954476e+00,8.429470262488e-02
-1.369879616109e+00,4.268565589349e+00,8.434370630383e-02
-1.369765828674e+00,5.949807372773e+00,8.432287469368e-02
-1.369692136731e+00,1.821166748377e+00,8.433512998821e-02
-1.369634564359e+00,5.249546613600e+00,8.433269024198e-02
-1.369626261318e+00,5.583116877569e+00,8.432723068043e-02
-1.369457151319e+00,3.495702797461e+00,8.433790915617e-02
-1.369350725112e+00,6.349849044681e+00,8.431282155415e-02
-1.369297907567e+00,6.566237752613e+00,8.430880728486e-02
-1.369285891716e+00,4.799581499157e+00,8.433701862198e-02
-1.369067083979e+00,2.690637389245e+00,8.433229084995e-02
-1.368918141875e+00,7.031939549186e+00,8.429873599712e-02
-1.368795199013e+00,9.852606828791e+00,7.472424857906e-02
-1.368767303668e+00,4.300768205678e+00,8.433433578798e-02
-1.368644619189e+00,1.853369364705e+00,8.432629960312e-02
-1.368422921686e+00,8.787196459153e+00,8.426660594184e-02
-1.368366437177e+00,3.527905413790e+00,8.432871444647e-02
-1.368356489124e+00,7.281320266980e+00,8.428996393563e-02
-1.368133776634e+00,1.018267426303e+01,6.200140713298e-02
-1.367997968137e+00,2.722840005574e+00,8.432327250426e-02
-1.367837624720e+00,6.134302465077e+00,8.430382217794e-02
-1.367767302763e+00,8.126674761239e+00,8.427098977617e-02
-1.367673197845e+00,6.783441535819e+00,8.429159480645e-02
-1.367654991226e+00,4.332970822006e+00,8.432495198618e-02
-1.367639774493e+00,1.053775378480e+01,1.009217881076e-02
-1.367612002429e+00,1.562500050003e-02,8.503689582951e-02
-1.367612002429e+00,4.687500150008e-02,8.495599704448e-02
-1.367612002429e+00,7.812500250012e-02,8.487881283442e-02
-1.367612002429e+00,1.093750035002e-01,8.480560105463e-02
-1.367612002429e+00,1.406250045003e-01,8.473661506459e-02
-1.367612002429e+00,1.718750055004e-01,8.467210159960e-02
-1.367612002429e+00,2.031250065004e-01,8.461229857477e-02
-1.367612002429e+00,2.343750075005e-01,8.455743285362e-02
-1.367612002429e+00,2.656250085005e-01,8.450771801744e-02
-1.367612002429e+00,2.968750095005e-01,8.446335217425e-02
-1.367612002429e+00,3.281250105004e-01,8.442451584850e-02
-1.367612002429e+00,3.593750115003e-01,8.439136999288e-02
-1.367612002429e+00,3.906250125002e-01,8.436405416411e-02
-1.367612002429e+00,4.218750135002e-01,8.434268490159e-02
-1.367612002429e+00,4.531250145001e-01,8.432735434588e-02
-1.367612002429e+00,4.843750155000e-01,8.431812912834e-02
-1.367612002429e+00,5.156250165000e-01,8.431504955848e-02
-1.367612002429e+00,5.468750174999e-01,8.431504955848e-02
-1.367612002429e+00,5.781250184999e-01,8.431504955848e-02
-1.367612002429e+00,6.093750194998e-01,8.431504955848e-02
-1.367612002429e+00,6.406250204998e-01,8.431504955848e-02
-1.367612002429e+00,6.718750214998e-01,8.431504955848e-02
-1.367612002429e+00,7.031250224998e-01,8.431504955848e-02
-1.367612002429e+00,7.343750234997e-01,8.431504955848e-02
-1.367612002429e+00,7.656250244997e-01,8.431504955848e-02
-1.367612002429e+00,7.968750254997e-01,8.431504955848e-02
-1.367612002429e+00,8.281250264997e-01,8.431504955848e-02
-1.367612002429e+00,8.593750274998e-01,8.431504955848e-02
-1.367612002429e+00,8.906250284999e-01,8.431504955848e-02
-1.367612002429e+00,9.218750295000e-01,8.431504955848e-02
-1.367612002429e+00,9.531250305000e-01,8.431504955848e-02
-1.367612002429e+00,9.843750315000e-01,8.431504955848e-02
-1.367597101647e+00,1.885571981034e+00,8.431745742789e-02
-1.367569650789e+00,5.400967636470e+00,8.431316992370e-02
-1.367352821574e+00,8.441038818293e+00,8.426259138421e-02
-1.367275723035e+00,3.560108030119e+00,8.431950695059e-02
-1.367099042807e+00,1.016101340164e+00,8.431071469578e-02
-1.367005728893e+00,4.651089454979e+00,8.431948048858e-02
-1.366970842139e+00,9.134362612875e+00,8.424881674850e-02
-1.366928852295e+00,2.755042621902e+00,8.431424186369e-02
-1.366549584105e+00,1.917774597362e+00,8.430860343907e-02
-1.366542678784e+00,4.365173438335e+00,8.431555487040e-02
-1.366536040185e+00,9.513451827726e+00,8.088891806512e-02
-1.366185008894e+00,3.592310646447e+00,8.431028664204e-02
-1.366073123565e+00,1.048303956493e+00,8.430203645988e-02
-1.365981927514e+00,7.531552660761e+00,8.426526965032e-02
-1.365899962406e+00,7.813290808564e+00,8.425990023762e-02
-1.365859736453e+00,2.787245238231e+00,8.430519890327e-02
-1.365502066562e+00,1.949977213691e+00,8.429973761315e-02
-1.365430366342e+00,4.397376054664e+00,8.430614441247e-02
-1.365249305318e+00,5.735957427682e+00,8.428729833397e-02
-1.365186050187e+00,9.827856699742e+00,7.533834312797e-02
-1.365094294752e+00,3.624513262776e+00,8.430105349427e-02
-1.365058640099e+00,5.069002734615e+00,8.429624481598e-02
-1.365047204323e+00,1.080506572821e+00,8.429334685820e-02
-1.364832550211e+00,4.919083002977e+00,8.429710752727e-02
-1.364790620611e+00,2.819447854559e+00,8.429614359798e-02
-1.364764748459e+00,5.919625028684e+00,8.428046541488e-02
-1.364649444157e+00,8.756344035549e+00,8.423448615983e-02
-1.364646134197e+00,1.015790653399e+01,6.345700780642e-02
-1.364628161604e+00,6.535857214755e+00,8.426926848345e-02
-1.364570227544e+00,6.319533288439e+00,8.427242528471e-02
-1.364470789762e+00,7.001433304049e+00,8.426093961873e-02
-1.364454549020e+00,1.982179830019e+00,8.429085992656e-02
-1.364405865683e+00,5.553073067822e+00,8.428314814424e-02
-1.364318053900e+00,4.429578670992e+00,8.429672058419e-02
-1.364273723990e+00,1.051296905090e+01,1.830090719587e-02
-1.364196168216e+00,5.219646448354e+00,8.428659651382e-02
-1.364021285080e+00,1.112709189150e+00,8.428464586861e-02
-1.364020767269e+00,7.250753098909e+00,8.425330686421e-02
-1.364003580610e+00,3.656715879105e+00,8.429180748064e-02
-1.363768132963e+00,8.095932562982e+00,8.423700125719e-02
-1.363721504769e+00,2.851650470888e+00,8.428707592271e-02
-1.363523064286e+00,4.769906354794e+00,8.428811630493e-02
-1.363466369502e+00,8.410240860402e+00,8.422950351361e-02
-1.363407031478e+00,2.014382446347e+00,8.428197035566e-02
-1.363310589937e+00,9.103457018663e+00,8.421768547884e-02
-1.363205741459e+00,4.461781287321e+00,8.428728335725e-02
-1.363114502363e+00,6.752997501203e+00,8.425285398698e-02
-1.362995365838e+00,1.144911805478e+00,8.427593346884e-02
-1.362989258054e+00,9.482494359165e+00,8.129813231312e-02
-1.362946680409e+00,6.104052773903e+00,8.426245582953e-02
-1.362912866468e+00,3.688918495433e+00,8.428254857446e-02
-1.362652388927e+00,2.883853087217e+00,8.427799585229e-02
-1.362359513936e+00,2.046585062676e+00,8.427306887677e-02
-1.362240087560e+00,5.370995010973e+00,8.426796184726e-02
-1.362093429017e+00,4.493983903650e+00,8.427783270330e-02
-1.361969446595e+00,1.177114421807e+00,8.426720963664e-02
-1.361822152326e+00,3.721121111762e+00,8.427327674895e-02
-1.361788337720e+00,7.782605662652e+00,8.422492451760e-02
-1.361758116805e+00,7.500925858667e+00,8.422939740963e-02
-1.361583273085e+00,2.916055703546e+00,8.426890336149e-02
-1.361576901361e+00,9.803106570692e+00,7.592053697603e-02
-1.361311996393e+00,2.078787679004e+00,8.426415546612e-02
-1.361158491760e+00,1.013313880495e+01,6.479912307873e-02
-1.361135466611e+00,4.621491858860e+00,8.426967828116e-02
-1.360981116575e+00,4.526186519978e+00,8.426836859386e-02
-1.360943527353e+00,1.209317038136e+00,8.425847434963e-02
-1.360907673487e+00,1.048818431701e+01,2.510825253078e-02
-1.360875966629e+00,8.725491611945e+00,8.420221759636e-02
-1.360731438184e+00,3.753323728091e+00,8.426399197725e-02
-1.360514157242e+00,2.948258319874e+00,8.425979842499e-02
-1.360264478851e+00,2.110990295333e+00,8.425523009988e-02
-1.360138406007e+00,5.705843711232e+00,8.424381504945e-02
-1.360023437648e+00,6.970927058913e+00,8.422293916294e-02
-1.359958415640e+00,6.505476676897e+00,8.422950810926e-02
-1.359917608110e+00,1.241519654464e+00,8.424972758545e-02
-1.359868804133e+00,4.558389136307e+00,8.425889100042e-02
-1.359789729977e+00,6.289217532198e+00,8.423179876808e-02
-1.359768963163e+00,8.065190364725e+00,8.420284716352e-02
-1.359763668243e+00,5.889442684594e+00,8.423780190774e-02
-1.359685045414e+00,7.220185930838e+00,8.421645910681e-02
-1.359650337735e+00,9.072551424451e+00,8.418630144295e-02
-1.359640724042e+00,3.785526344419e+00,8.425469423244e-02
-1.359579917430e+00,8.379442902510e+00,8.419625830991e-02
-1.359511751662e+00,5.039176304046e+00,8.424909989723e-02
-1.359445041400e+00,2.980460936203e+00,8.425068101743e-02
-1.359442475924e+00,9.451536890603e+00,8.168790243634e-02
-1.359216961309e+00,2.143192911661e+00,8.424629275419e-02
-1.359185470048e+00,5.523029258076e+00,8.423879386621e-02
-1.359177516036e+00,4.889331579912e+00,8.424917101101e-02
-1.358891688868e+00,1.273722270792e+00,8.424096932160e-02
-1.358757772073e+00,5.189746283107e+00,8.424020551924e-02
-1.358756491692e+00,4.590591752636e+00,8.424939989434e-02
-1.358555806881e+00,6.722553466588e+00,8.421389980869e-02
-1.358550009900e+00,3.817728960748e+00,8.424538348752e-02
-1.358375925558e+00,3.012663552531e+00,8.424155111336e-02
-1.358169443767e+00,2.175395527990e+00,8.423734340508e-02
-1.358055736099e+00,6.073803082730e+00,8.422056165616e-02
-1.357967752535e+00,9.778356441643e+00,7.647324107495e-02
-1.357865769626e+00,1.305924887121e+00,8.423219953560e-02
-1.357760236857e+00,4.740231210432e+00,8.423888165059e-02
-1.357676713033e+00,7.751920516741e+00,8.418977426932e-02
-1.357670849323e+00,1.010837107591e+01,6.604049586490e-02
-1.357541622983e+00,1.046339958311e+01,3.084470248984e-02
-1.357534306095e+00,7.470299056573e+00,8.419334220484e-02
-1.357459295758e+00,3.849931577077e+00,8.423605971543e-02
-1.357306809716e+00,3.044866168860e+00,8.423240868728e-02
-1.357121926224e+00,2.207598144318e+00,8.422838202854e-02
-1.357102489100e+00,8.694639188341e+00,8.416979928202e-02
-1.356910524332e+00,5.341022385476e+00,8.422228659724e-02
-1.356839850383e+00,1.338127503449e+00,8.422341820484e-02
-1.356368581616e+00,3.882134193405e+00,8.422672288900e-02
-1.356237693874e+00,3.077068785189e+00,8.422325371360e-02
-1.356074408682e+00,2.239800760646e+00,8.421940860052e-02
-1.355990085533e+00,9.041645830238e+00,8.415477553517e-02
-1.355895693793e+00,9.420579422043e+00,8.205956704082e-02
-1.355813931141e+00,1.370330119778e+00,8.421462530670e-02
-1.355769793363e+00,8.034448166467e+00,8.416852637208e-02
-1.355693465358e+00,8.348644944618e+00,8.416285472601e-02
-1.355576085535e+00,6.940420813776e+00,8.418473310923e-02
-1.355349323559e+00,7.189618762767e+00,8.417921495132e-02
-1.355288669677e+00,6.475096139040e+00,8.418952447386e-02
-1.355277867474e+00,3.914336809734e+00,8.421737298102e-02
-1.355168578032e+00,3.109271401518e+00,8.421408616667e-02
-1.355027506695e+00,5.675729994782e+00,8.420006681258e-02
-1.355026891140e+00,2.272003376975e+00,8.421042309685e-02
-1.355009232410e+00,6.258901775957e+00,8.419094023485e-02
-1.354788011899e+00,1.402532736107e+00,8.420582081848e-02
-1.354762588028e+00,5.859260340505e+00,8.419488211398e-02
-1.354358603709e+00,9.753606312594e+00,7.699811151430e-02
-1.354187153332e+00,3.946539426063e+00,8.420800996418e-02
-1.354183206885e+00,1.008360334686e+01,6.719203039540e-02
-1.354175572480e+00,1.043861484921e+01,3.574440082408e-02
-1.354099462190e+00,3.141474017846e+00,8.420490602077e-02
-1.353997111399e+00,6.692109431972e+00,8.417473066191e-02
-1.353979373598e+00,2.304205993303e+00,8.420142549333e-02
-1.353965074413e+00,5.492985448329e+00,8.419416562973e-02
-1.353964863225e+00,5.009349873477e+00,8.420164708280e-02
-1.353762092656e+00,1.434735352435e+00,8.419700471744e-02
-1.353565088347e+00,7.721235370829e+00,8.415444828754e-02
-1.353522481861e+00,4.859580156848e+00,8.420089479066e-02
-1.353329011571e+00,8.663786764737e+00,8.413723023973e-02
-1.353319375929e+00,5.159846117861e+00,8.419351472126e-02
-1.353310495385e+00,7.439672254479e+00,8.415710275261e-02
-1.353164791788e+00,6.043553391556e+00,8.417841950423e-02
-1.353096439190e+00,3.978742042391e+00,8.419863381112e-02
-1.353030346348e+00,3.173676634175e+00,8.419571325011e-02
-1.352931856055e+00,2.336408609632e+00,8.419241576572e-02
-1.352736173414e+00,1.466937968764e+00,8.418817698074e-02
-1.352348911662e+00,9.389621953481e+00,8.241434549092e-02
-1.352329833331e+00,9.010740236026e+00,8.412310684988e-02
-1.352005725048e+00,4.010944658720e+00,8.418924449438e-02
-1.351997409427e+00,4.710556066069e+00,8.418931171173e-02
-1.351961230506e+00,3.205879250504e+00,8.418650782884e-02
-1.351884338513e+00,2.368611225961e+00,8.418339388966e-02
-1.351807013286e+00,8.317846986727e+00,8.412929170640e-02
-1.351770623563e+00,8.003705968210e+00,8.413403775074e-02
-1.351710254171e+00,1.499140585092e+00,8.417933758554e-02
-1.351580961103e+00,5.311049759979e+00,8.417631946048e-02
-1.351128733421e+00,6.909914568639e+00,8.414631992384e-02
-1.351013601703e+00,7.159051594696e+00,8.414170077462e-02
-1.350915010907e+00,4.043147275049e+00,8.417984198643e-02
-1.350892114664e+00,3.238081866832e+00,8.417728973102e-02
-1.350836820971e+00,2.400813842289e+00,8.417435984075e-02
-1.350809521977e+00,1.041383011531e+01,3.997787031776e-02
-1.350749454883e+00,9.728856183544e+00,7.749724613231e-02
-1.350695564448e+00,1.005883561782e+01,6.826311230786e-02
-1.350684334929e+00,1.531343201420e+00,8.417048650889e-02
-1.350618923714e+00,6.444715601182e+00,8.414931587428e-02
-1.350228734842e+00,6.228586019715e+00,8.414984790053e-02
-1.349916607383e+00,5.645616278331e+00,8.415605146652e-02
-1.349824296765e+00,4.075349891377e+00,8.417042625968e-02
-1.349822998822e+00,3.270284483161e+00,8.416805893066e-02
-1.349789303429e+00,2.433016458617e+00,8.416531359455e-02
-1.349761507813e+00,5.829077996416e+00,8.415170395672e-02
-1.349658415686e+00,1.563545817749e+00,8.416162372779e-02
-1.349555534043e+00,8.632934341132e+00,8.410450948467e-02
-1.349453463661e+00,7.690550224917e+00,8.411894535720e-02
-1.349438415918e+00,6.661665397356e+00,8.413534492293e-02
-1.349086684676e+00,7.409045452385e+00,8.412067775917e-02
-1.348802129531e+00,9.358664484920e+00,8.275335082692e-02
-1.348753882980e+00,3.302487099489e+00,8.415881540168e-02
-1.348744678778e+00,5.462941638582e+00,8.414926119916e-02
-1.348741785887e+00,2.465219074946e+00,8.415625512652e-02
-1.348733582623e+00,4.107552507706e+00,8.416099728643e-02
-1.348669581128e+00,8.979834641814e+00,8.409129447443e-02
-1.348632496444e+00,1.595748434078e+00,8.415274921920e-02
-1.348417974788e+00,4.979523442908e+00,8.415388374867e-02
-1.348273847478e+00,6.013303700382e+00,8.413602737675e-02
-1.347920561214e+00,8.287049028835e+00,8.409556818711e-02
-1.347880979786e+00,5.129945952614e+00,8.414652156009e-02
-1.347867447686e+00,4.829828733783e+00,8.415187443276e-02
-1.347771453763e+00,7.972963769953e+00,8.409938015818e-02
-1.347694268344e+00,2.497421691274e+00,8.414718441206e-02
-1.347684767137e+00,3.334689715818e+00,8.414955911794e-02
-1.347642868481e+00,4.139755124035e+00,8.415155503895e-02
-1.347606577202e+00,1.627951050406e+00,8.414386296001e-02
-1.347443471473e+00,1.038904538141e+01,4.367224698189e-02
-1.347207922011e+00,1.003406788878e+01,6.926186411989e-02
-1.347140306058e+00,9.704106054495e+00,7.797294938354e-02
-1.346681381307e+00,6.879408323502e+00,8.410769805960e-02
-1.346677879848e+00,7.128484426626e+00,8.410398685842e-02
-1.346646750802e+00,2.529624307603e+00,8.413810142652e-02
-1.346615651295e+00,3.366892332147e+00,8.414029005323e-02
-1.346580657959e+00,1.660153666734e+00,8.413496492705e-02
-1.346552154339e+00,4.171957740363e+00,8.414209948938e-02
-1.346251397875e+00,5.281077134482e+00,8.413005794576e-02
-1.346234581997e+00,4.680880921706e+00,8.413940351476e-02
-1.345949177751e+00,6.414335063325e+00,8.410888059284e-02
-1.345782056514e+00,8.602081917528e+00,8.407163602415e-02
-1.345599233260e+00,2.561826923931e+00,8.412900614518e-02
-1.345554738717e+00,1.692356283063e+00,8.412605509706e-02
-1.345546535453e+00,3.399094948475e+00,8.413100818126e-02
-1.345461440197e+00,4.204160356692e+00,8.413263060982e-02
-1.345448237275e+00,6.198270263474e+00,8.410851996547e-02
-1.345341838975e+00,7.659865079005e+00,8.408326425337e-02
-1.345255347401e+00,9.327707016359e+00,8.307760105019e-02
-1.345009328926e+00,8.948929047602e+00,8.405933748899e-02
-1.344879720436e+00,6.631221362741e+00,8.409574095396e-02
-1.344862873966e+00,7.378418650291e+00,8.408406592022e-02
-1.344805708072e+00,5.615502561881e+00,8.411176683544e-02
-1.344760427597e+00,5.798895652326e+00,8.410826534046e-02
-1.344551715717e+00,2.594029540260e+00,8.411989854323e-02
-1.344528819474e+00,1.724558899391e+00,8.411713344677e-02
-1.344477419611e+00,3.431297564804e+00,8.412171347568e-02
-1.344370726055e+00,4.236362973020e+00,8.412314837227e-02
-1.344077420970e+00,1.036426064751e+01,4.692425367410e-02
-1.344034109142e+00,8.256251070944e+00,8.406168309561e-02
-1.343772283963e+00,7.942221571695e+00,8.406455244382e-02
-1.343720279573e+00,1.000930015974e+01,7.019535080680e-02
-1.343531157232e+00,9.679355925445e+00,7.842681999639e-02
-1.343524283143e+00,5.432897828836e+00,8.410407831975e-02
-1.343504198175e+00,2.626232156588e+00,8.411077859583e-02
-1.343502900232e+00,1.756761515720e+00,8.410819995283e-02
-1.343408303769e+00,3.463500181133e+00,8.411240591005e-02
-1.343382903167e+00,5.983054009208e+00,8.409338325856e-02
-1.343280011913e+00,4.268565589349e+00,8.411365274868e-02
-1.342871086351e+00,4.949697012340e+00,8.410580724825e-02
-1.342476980990e+00,1.788964132048e+00,8.409925459181e-02
-1.342456680633e+00,2.658434772917e+00,8.410164627806e-02
-1.342442583643e+00,5.100045787368e+00,8.409922345304e-02
-1.342342157993e+00,7.097917258555e+00,8.406607172896e-02
-1.342339187927e+00,3.495702797461e+00,8.410308545789e-02
-1.342234029194e+00,6.848902078365e+00,8.406886595588e-02
-1.342212413511e+00,4.800077310719e+00,8.410252218001e-02
-1.342189297771e+00,4.300768205678e+00,8.410414371090e-02
-1.342008578986e+00,8.571229493924e+00,8.403860885763e-02
-1.341708565270e+00,9.296749547798e+00,8.338802900926e-02
-1.341451061747e+00,1.821166748377e+00,8.409029734022e-02
-1.341409163091e+00,2.690637389245e+00,8.409250156491e-02
-1.341349076724e+00,8.918023453390e+00,8.402723496650e-02
-1.341279431788e+00,6.383954525467e+00,8.406821689708e-02
-1.341270072085e+00,3.527905413790e+00,8.409375209259e-02
-1.341230214289e+00,7.629179933094e+00,8.404740374113e-02
-1.341098583629e+00,4.332970822006e+00,8.409462123070e-02
-1.340921834646e+00,5.251104508985e+00,8.408349953892e-02
-1.340711370467e+00,1.033947591361e+01,4.980878113029e-02
-1.340667739708e+00,6.167954507233e+00,8.406689080319e-02
-1.340639063257e+00,7.347791848197e+00,8.404726592077e-02
-1.340471754567e+00,4.651205777344e+00,8.408915405971e-02
-1.340425142505e+00,1.853369364705e+00,8.408132817455e-02
-1.340361645548e+00,2.722840005574e+00,8.408334443133e-02
-1.340321024954e+00,6.600777328125e+00,8.405591710299e-02
-1.340232637136e+00,9.984532430694e+00,7.106974649481e-02
-1.340200956243e+00,3.560108030119e+00,8.408440578754e-02
-1.340147657070e+00,8.225453113052e+00,8.402763535076e-02
-1.340007869487e+00,4.365173438335e+00,8.408508527977e-02
-1.339922008406e+00,9.654605796396e+00,7.886031510597e-02
-1.339773114163e+00,7.911479373438e+00,8.402955344779e-02
-1.339759347382e+00,5.768713308237e+00,8.406456415083e-02
-1.339694808760e+00,5.585388845431e+00,8.406721072444e-02
-1.339399223262e+00,1.885571981034e+00,8.407234707117e-02
-1.339314128006e+00,2.755042621902e+00,8.407417485220e-02
-1.339131840401e+00,3.592310646447e+00,8.407504651601e-02
-1.338917155345e+00,4.397376054664e+00,8.407553582974e-02
-1.338820170798e+00,6.406250204998e-01,8.406458693758e-02
-1.338820170798e+00,6.718750214998e-01,8.406458693758e-02
-1.338820170798e+00,7.031250224997e-01,8.406458693758e-02
-1.338820170798e+00,7.343750234997e-01,8.406458693758e-02
-1.338820170798e+00,1.562500050003e-02,8.482758292041e-02
-1.338820170798e+00,4.687500150008e-02,8.474233157066e-02
-1.338820170798e+00,7.812500250012e-02,8.466093498474e-02
-1.338820170798e+00,1.093750035002e-01,8.458367330091e-02
-1.338820170798e+00,1.406250045003e-01,8.451082235617e-02
-1.338820170798e+00,1.718750055004e-01,8.444265131344e-02
-1.338820170798e+00,2.031250065004e-01,8.437942020144e-02
-1.338820170798e+00,2.343750075005e-01,8.432137740402e-02
-1.338820170798e+00,2.656250085005e-01,8.426875714049e-02
-1.338820170798e+00,2.968750095005e-01,8.422177698192e-02
-1.338820170798e+00,3.281250105004e-01,8.418063545122e-02
-1.338820170798e+00,3.593750115003e-01,8.414550975611e-02
-1.338820170798e+00,3.906250125002e-01,8.411655370356e-02
-1.338820170798e+00,4.218750135002e-01,8.409389584269e-02
-1.338820170798e+00,4.531250145001e-01,8.407763787931e-02
-1.338820170798e+00,4.843750155000e-01,8.406785340005e-02
-1.338820170798e+00,5.156250165000e-01,8.406458693758e-02
-1.338820170798e+00,5.468750174999e-01,8.406458693758e-02
-1.338820170798e+00,5.781250184999e-01,8.406458693758e-02
-1.338820170798e+00,6.093750194998e-01,8.406458693758e-02
-1.338820170798e+00,7.656250244997e-01,8.406458693758e-02
-1.338820170798e+00,7.968750254997e-01,8.406458693758e-02
-1.338820170798e+00,8.281250264997e-01,8.406458693758e-02
-1.338820170798e+00,8.593750274998e-01,8.406458693758e-02
-1.338820170798e+00,8.906250284999e-01,8.406458693758e-02
-1.338820170798e+00,9.218750295000e-01,8.406458693758e-02
-1.338820170798e+00,9.531250305000e-01,8.406458693758e-02
-1.338820170798e+00,9.843750315000e-01,8.406458693758e-02
-1.338491958857e+00,5.952804318034e+00,8.405048511611e-02
-1.338373304020e+00,1.917774597362e+00,8.406335400643e-02
-1.338318010327e+00,1.016101340164e+00,8.406018251390e-02
-1.338303887508e+00,5.402854019089e+00,8.405841166099e-02
-1.338266610464e+00,2.787245238231e+00,8.406499280232e-02
-1.338235101457e+00,8.540377070320e+00,8.400542697662e-02
-1.338161783139e+00,9.265792079236e+00,8.368549108399e-02
-1.338062724558e+00,3.624513262776e+00,8.406567425120e-02
-1.338006436138e+00,7.067350090484e+00,8.402795389964e-02
-1.337826441203e+00,4.429578670992e+00,8.406597285215e-02
-1.337786677080e+00,6.818395833228e+00,8.402982203843e-02
-1.337688824521e+00,8.887117859178e+00,8.399498597270e-02
-1.337347384778e+00,1.949977213691e+00,8.405434895660e-02
-1.337345319963e+00,1.031469117971e+01,5.238471883496e-02
-1.337324197915e+00,4.919870581771e+00,8.405741491240e-02
-1.337313689385e+00,1.048303956493e+00,8.405136504736e-02
-1.337219092922e+00,2.819447854559e+00,8.405579825644e-02
-1.337118589603e+00,7.598494787182e+00,8.401136257555e-02
-1.337004187500e+00,5.070145622121e+00,8.405161779442e-02
-1.336993608716e+00,3.656715879105e+00,8.405628896624e-02
-1.336744994699e+00,9.959764701652e+00,7.189047058809e-02
-1.336735727061e+00,4.461781287321e+00,8.405639631844e-02
-1.336609685825e+00,6.353573987610e+00,8.402732303968e-02
-1.336557379337e+00,4.770325887654e+00,8.405283507602e-02
-1.336415252547e+00,7.317165046103e+00,8.401008863062e-02
-1.336321465535e+00,1.982179830019e+00,8.404533189790e-02
-1.336312859580e+00,9.629855667346e+00,7.927476553304e-02
-1.336309368442e+00,1.080506572821e+00,8.404253606998e-02
-1.336261204998e+00,8.194655155160e+00,8.399342386275e-02
-1.336171575380e+00,2.851650470888e+00,8.404659118923e-02
-1.335924492874e+00,3.688918495433e+00,8.404689063421e-02
-1.335887242140e+00,6.137638750991e+00,8.402474467483e-02
-1.335773944363e+00,7.880737175181e+00,8.399438200082e-02
-1.335762329472e+00,6.570333293509e+00,8.401587170369e-02
-1.335645012919e+00,4.493983903650e+00,8.404680620001e-02
-1.335592271417e+00,5.221131883488e+00,8.403664170262e-02
-1.335305047500e+00,1.112709189150e+00,8.403369555935e-02
-1.335295546293e+00,2.014382446347e+00,8.403630280646e-02
-1.335124057837e+00,2.883853087217e+00,8.403737157528e-02
-1.334855377032e+00,3.721121111762e+00,8.403747922807e-02
-1.334758267166e+00,5.738530964148e+00,8.402059825457e-02
-1.334708927138e+00,4.621530632981e+00,8.403856032013e-02
-1.334615001008e+00,9.234834610675e+00,8.396184801819e-02
-1.334583909449e+00,5.555275128981e+00,8.402238091936e-02
-1.334554298778e+00,4.526186519978e+00,8.403720246814e-02
-1.334461623928e+00,8.509524646715e+00,8.397208936460e-02
-1.334300726557e+00,1.144911805478e+00,8.402484349305e-02
-1.334269627050e+00,2.046585062676e+00,8.402726165839e-02
-1.334076540295e+00,2.916055703546e+00,8.402813938913e-02
-1.334028572319e+00,8.856212264965e+00,8.396258956592e-02
-1.333979269460e+00,1.028990644581e+01,5.469901189677e-02
-1.333786261190e+00,3.753323728091e+00,8.402805472075e-02
-1.333670714283e+00,7.036782922414e+00,8.398963187090e-02
-1.333601014546e+00,5.922554626861e+00,8.400733089733e-02
-1.333463584636e+00,4.558389136307e+00,8.402758509407e-02
-1.333339324967e+00,6.787889588091e+00,8.399056471931e-02
-1.333296405614e+00,1.177114421807e+00,8.401597984859e-02
-1.333257352261e+00,9.934996972610e+00,7.266229967481e-02
-1.333243707808e+00,2.078787679004e+00,8.401820842968e-02
-1.333083491873e+00,5.372810209342e+00,8.401226237327e-02
-1.333029022753e+00,2.948258319874e+00,8.401889460526e-02
-1.333006964916e+00,7.567809641270e+00,8.397513950156e-02
-1.332717145348e+00,3.785526344419e+00,8.401861708509e-02
-1.332703710754e+00,9.605105538297e+00,7.967138913523e-02
-1.332374752926e+00,8.163857197269e+00,8.395904753297e-02
-1.332372870494e+00,4.590591752636e+00,8.401795404891e-02
-1.332292084672e+00,1.209317038135e+00,8.400710460339e-02
-1.332217788566e+00,2.110990295333e+00,8.400914309633e-02
-1.332191441838e+00,7.286538244009e+00,8.397262926120e-02
-1.331981505210e+00,2.980460936203e+00,8.400963719805e-02
-1.331939939861e+00,6.323193449752e+00,8.398619725832e-02
-1.331777309478e+00,4.890044151202e+00,8.400870404929e-02
-1.331774774563e+00,7.849994976924e+00,8.395903692418e-02
-1.331648029506e+00,3.817728960748e+00,8.400916629384e-02
-1.331565791356e+00,5.040245456874e+00,8.400370195546e-02
-1.331287763729e+00,1.241519654464e+00,8.399821773487e-02
-1.331203633990e+00,6.539889258893e+00,8.397560307532e-02
-1.331191869323e+00,2.143192911661e+00,8.400006563419e-02
-1.331106744573e+00,6.107322994750e+00,8.398235072997e-02
-1.331068218878e+00,9.203877142114e+00,8.393030186293e-02
-1.330933987668e+00,3.012663552531e+00,8.400036714184e-02
-1.330902345162e+00,4.740574464590e+00,8.400281013710e-02
-1.330688146400e+00,8.478672223111e+00,8.393859499694e-02
-1.330613218957e+00,1.026512171191e+01,5.678954321839e-02
-1.330578913664e+00,3.849931577077e+00,8.399970231969e-02
-1.330368320117e+00,8.825306670753e+00,8.393004479713e-02
-1.330283442787e+00,1.273722270792e+00,8.398931922034e-02
-1.330262708189e+00,5.191159257991e+00,8.398948187634e-02
-1.330165950081e+00,2.175395527990e+00,8.399097601913e-02
-1.329886470126e+00,3.044866168860e+00,8.399108441089e-02
-1.329769709824e+00,9.910229243568e+00,7.338946009525e-02
-1.329757186951e+00,5.708348620059e+00,8.397636549933e-02
-1.329509797822e+00,3.882134193405e+00,8.399022513525e-02
-1.329473010137e+00,5.525161412531e+00,8.397727518674e-02
-1.329334992428e+00,7.006215754343e+00,8.395110413010e-02
-1.329279121844e+00,1.305924887121e+00,8.398040903706e-02
-1.329140030838e+00,2.207598144318e+00,8.398187422690e-02
-1.329094561928e+00,9.580355409247e+00,8.005110613060e-02
-1.328895340230e+00,7.537124495359e+00,8.393873325386e-02
-1.328891972853e+00,6.757383342954e+00,8.395109239675e-02
-1.328838952584e+00,3.077068785189e+00,8.398178897937e-02
-1.328710070236e+00,5.892304935687e+00,8.396391853151e-02
-1.328488300854e+00,8.133059239377e+00,8.392450525401e-02
-1.328440681980e+00,3.914336809734e+00,8.398073471307e-02
-1.328274800902e+00,1.338127503449e+00,8.397148716227e-02
-1.328114111596e+00,2.239800760646e+00,8.397276023321e-02
-1.327967631128e+00,7.255911441915e+00,8.393497286627e-02
-1.327863096238e+00,5.342766399595e+00,8.396581908987e-02
-1.327791435042e+00,3.109271401518e+00,8.397248082142e-02
-1.327775604763e+00,7.819252778666e+00,8.392351702958e-02
-1.327521436747e+00,9.172919673553e+00,8.389861500847e-02
-1.327371566138e+00,3.946539426063e+00,8.397123102560e-02
-1.327270479959e+00,1.370330119778e+00,8.396255357310e-02
-1.327270193898e+00,6.292812911894e+00,8.394483777558e-02
-1.327247168454e+00,1.024033697801e+01,5.868721952910e-02
-1.327088192354e+00,2.272003376975e+00,8.396363401369e-02
-1.326914668871e+00,8.447819799507e+00,8.390494284088e-02
-1.326743917499e+00,3.141474017846e+00,8.396315991109e-02
-1.326708067915e+00,8.794401076541e+00,8.389735070984e-02
-1.326644938508e+00,6.509445224278e+00,8.393510952257e-02
-1.326326247006e+00,6.077007238508e+00,8.393970697894e-02
-1.326302450296e+00,3.978742042391e+00,8.396171404522e-02
-1.326282067387e+00,9.885461514526e+00,7.407570496147e-02
-1.326266159016e+00,1.402532736107e+00,8.395360824665e-02
-1.326230421041e+00,4.860217720634e+00,8.395951853954e-02
-1.326127395213e+00,5.010345291628e+00,8.395547328418e-02
-1.326062273111e+00,2.304205993303e+00,8.395449554392e-02
-1.325696399957e+00,3.173676634175e+00,8.395382622235e-02
-1.325573450837e+00,9.552476321960e+00,8.045882743197e-02
-1.325261838074e+00,1.434735352435e+00,8.394465115997e-02
-1.325247310987e+00,4.710823041525e+00,8.395244435228e-02
-1.325233334453e+00,4.010944658720e+00,8.395218374425e-02
-1.325036353869e+00,2.336408609632e+00,8.394534479941e-02
-1.324999270572e+00,6.975648586273e+00,8.391236915143e-02
-1.324933144960e+00,5.161186632494e+00,8.394201747614e-02
-1.324783715544e+00,7.506439349447e+00,8.390214255691e-02
-1.324756106735e+00,5.678166275970e+00,8.393186371361e-02
-1.324648882415e+00,3.205879250504e+00,8.394447972911e-02
-1.324601848782e+00,8.102261281485e+00,8.388979590955e-02
-1.324444620740e+00,6.726877097817e+00,8.391140345504e-02
-1.324362110826e+00,5.495047696081e+00,8.393189127374e-02
-1.324257517131e+00,1.466937968764e+00,8.393568229000e-02
-1.324164218611e+00,4.043147275049e+00,8.394264009491e-02
-1.324010434626e+00,2.368611225961e+00,8.393618175561e-02
-1.323974654616e+00,9.141962204992e+00,8.386678656779e-02
-1.323881117950e+00,1.021555224412e+01,6.041750655641e-02
-1.323819125925e+00,5.862055244513e+00,8.392024592916e-02
-1.323776434962e+00,7.788510580409e+00,8.388782111911e-02
-1.323743820418e+00,7.225284639821e+00,8.389711800519e-02
-1.323601364873e+00,3.238081866832e+00,8.393512040521e-02
-1.323253196189e+00,1.499140585092e+00,8.392670161367e-02
-1.323141191342e+00,8.416967375903e+00,8.387113185546e-02
-1.323095102769e+00,4.075349891377e+00,8.393308306936e-02
-1.323047815713e+00,8.763495482329e+00,8.386450634007e-02
-1.322984515384e+00,2.400813842289e+00,8.392700638789e-02
-1.322794424950e+00,9.860693785484e+00,7.472437859250e-02
-1.322642700603e+00,5.312722589849e+00,8.391907929862e-02
-1.322600447935e+00,6.262432374037e+00,8.390324279885e-02
-1.322553847330e+00,3.270284483161e+00,8.392574822442e-02
-1.322248875246e+00,1.531343201420e+00,8.391770910785e-02
-1.322140377480e+00,9.521468276435e+00,8.088967729002e-02
-1.322086243027e+00,6.479001189662e+00,8.389438933547e-02
-1.322025986927e+00,4.107552507706e+00,8.392351263967e-02
-1.321958596141e+00,2.433016458617e+00,8.391781867158e-02
-1.321545749438e+00,6.046691482267e+00,8.389681141380e-02
-1.321524685724e+00,1.057065521922e+01,6.608629165586e-06
-1.321506329788e+00,3.302487099489e+00,8.391636316043e-02
-1.321244554304e+00,1.563545817749e+00,8.390870474931e-02
-1.320956871085e+00,4.139755124035e+00,8.391392877786e-02
-1.320932676899e+00,2.465219074946e+00,8.390861858190e-02
-1.320715396710e+00,8.071463323594e+00,8.385491837427e-02
-1.320688999070e+00,4.980445126381e+00,8.390692910534e-02
-1.320683532604e+00,4.830391290065e+00,8.390970260276e-02
-1.320672090858e+00,7.475754203535e+00,8.386536612481e-02
-1.320663548717e+00,6.945081418202e+00,8.387342539578e-02
-1.320515067447e+00,1.019076751022e+01,6.200157589316e-02
-1.320458812246e+00,3.334689715818e+00,8.390696518687e-02
-1.320427872486e+00,9.111004736431e+00,8.383481564705e-02
-1.320240233361e+00,1.595748434078e+00,8.389968851479e-02
-1.319997268626e+00,6.696370852681e+00,8.387149626445e-02
-1.319906757657e+00,2.497421691274e+00,8.389940609406e-02
-1.319887755243e+00,4.171957740363e+00,8.390433145583e-02
-1.319777265162e+00,7.757768382152e+00,8.385194798517e-02
-1.319755026520e+00,5.647983931880e+00,8.388709070659e-02
-1.319603581732e+00,5.131214006997e+00,8.389424589460e-02
-1.319592276812e+00,4.681071618461e+00,8.390173468310e-02
-1.319520009709e+00,7.194657837727e+00,8.385906322475e-02
-1.319411294703e+00,3.366892332147e+00,8.389755427729e-02
-1.319387563510e+00,8.732589888117e+00,8.383151071619e-02
-1.319367713814e+00,8.386114952299e+00,8.383716099136e-02
-1.319306782512e+00,9.835926056441e+00,7.533847070030e-02
-1.319251211514e+00,5.464933979630e+00,8.388622690796e-02
-1.319235912419e+00,1.627951050406e+00,8.389066038097e-02
-1.318928181615e+00,5.831805553339e+00,8.387631098186e-02
-1.318880838414e+00,2.529624307603e+00,8.389018118316e-02
-1.318818639401e+00,4.204160356692e+00,8.389472064544e-02
-1.318707304123e+00,9.490460230911e+00,8.129936946482e-02
-1.318363777161e+00,3.399094948475e+00,8.388813040516e-02
-1.318280309792e+00,1.054585407602e+01,1.009224645793e-02
-1.318231591476e+00,1.660153666734e+00,8.388162032445e-02
-1.317930701972e+00,6.232051836179e+00,8.386128936245e-02
-1.317854919172e+00,2.561826923931e+00,8.388094382427e-02
-1.317749523559e+00,4.236362973020e+00,8.388509631845e-02
-1.317527547545e+00,6.448557155047e+00,8.385344078934e-02
-1.317422304968e+00,5.282678780102e+00,8.387204046387e-02
-1.317316259619e+00,3.431297564804e+00,8.387869354391e-02
-1.317227270533e+00,1.692356283063e+00,8.387256832178e-02
-1.317149016944e+00,1.016598277632e+01,6.345717351183e-02
-1.316881090355e+00,9.080047267870e+00,8.380270134547e-02
-1.316828999929e+00,2.594029540260e+00,8.387169399235e-02
-1.316828944638e+00,8.040665365702e+00,8.381987151382e-02
-1.316765251871e+00,6.016375726025e+00,8.385366200818e-02
-1.316680407717e+00,4.268565589349e+00,8.387545844654e-02
-1.316560466172e+00,7.445069057623e+00,8.382815236730e-02
-1.316327826862e+00,6.914514250132e+00,8.383427131064e-02
-1.316268742077e+00,3.463500181133e+00,8.386924366686e-02
-1.316222949591e+00,1.724558899391e+00,8.386350434947e-02
-1.315819140075e+00,9.811158327399e+00,7.592066217946e-02
-1.315803080687e+00,2.626232156588e+00,8.386243166233e-02
-1.315778095362e+00,7.727026183895e+00,8.381589641038e-02
-1.315727311308e+00,8.701684293904e+00,8.379836285898e-02
-1.315611291875e+00,4.300768205678e+00,8.386580700133e-02
-1.315594236285e+00,8.355262528694e+00,8.380302919096e-02
-1.315549916512e+00,6.665864607544e+00,8.383136918106e-02
-1.315296198999e+00,7.164031035633e+00,8.382080705915e-02
-1.315274230766e+00,9.459452185386e+00,8.168956987512e-02
-1.315250602926e+00,4.950544961135e+00,8.385806672036e-02
-1.315221224534e+00,3.495702797461e+00,8.385978074728e-02
-1.315218628648e+00,1.756761515720e+00,8.385442838393e-02
-1.315136644167e+00,4.800564859496e+00,8.385954930950e-02
-1.315035933861e+00,1.052105293281e+01,1.830101841730e-02
-1.314777161445e+00,2.658434772917e+00,8.385315680904e-02
-1.314753946304e+00,5.617801587791e+00,8.384204426801e-02
-1.314542176033e+00,4.332970822006e+00,8.385614195435e-02
-1.314274018503e+00,5.101241381500e+00,8.384616450067e-02
-1.314214307706e+00,1.788964132048e+00,8.384534040153e-02
-1.314173706992e+00,3.527905413790e+00,8.385030475836e-02
-1.314140312202e+00,5.434820263180e+00,8.384006283092e-02
-1.314037237304e+00,5.801555862165e+00,8.383211156214e-02
-1.313937242637e+00,4.651320195397e+00,8.385067806360e-02
-1.313782966440e+00,1.014119804242e+01,6.479928567954e-02
-1.313751242202e+00,2.690637389245e+00,8.384386940730e-02
-1.313473060190e+00,4.365173438335e+00,8.384646327704e-02
-1.313334308224e+00,9.049089799309e+00,8.377044275527e-02
-1.313260956009e+00,6.201671298322e+00,8.381887387595e-02
-1.313209986763e+00,1.821166748377e+00,8.383624037857e-02
-1.313126189450e+00,3.560108030119e+00,8.384081567320e-02
-1.312968852063e+00,6.418113120431e+00,8.381226214460e-02
-1.312942492565e+00,8.009867407810e+00,8.378465418471e-02
-1.312725322960e+00,2.722840005574e+00,8.383456943179e-02
-1.312448841486e+00,7.414383911712e+00,8.379072235060e-02
-1.312403944348e+00,4.397376054664e+00,8.383677094078e-02
-1.312331497638e+00,9.786390598357e+00,7.647336398016e-02
-1.312205665820e+00,1.853369364705e+00,8.382712829129e-02
-1.312201909334e+00,5.252634970355e+00,8.382470002640e-02
-1.312078671908e+00,3.592310646447e+00,8.383131346488e-02
-1.312067059106e+00,8.670778699692e+00,8.376506178147e-02
-1.311992105007e+00,6.883947082061e+00,8.379490532996e-02
-1.311984754304e+00,5.986059969784e+00,8.381025671715e-02
-1.311841157409e+00,9.428444139862e+00,8.206162223559e-02
-1.311820758757e+00,8.324410105090e+00,8.376873538817e-02
-1.311791557929e+00,1.049625178960e+01,2.510839209505e-02
-1.311778925562e+00,7.696283985637e+00,8.377966516753e-02
-1.311699403718e+00,2.755042621902e+00,8.382525685718e-02
-1.311334828506e+00,4.429578670992e+00,8.382706491686e-02
-1.311201344878e+00,1.885571981034e+00,8.381800411588e-02
-1.311102564399e+00,6.635358362407e+00,8.379102054670e-02
-1.311072388290e+00,7.133404233539e+00,8.378234802980e-02
-1.311031154365e+00,3.624513262776e+00,8.382179810634e-02
-1.310673484475e+00,2.787245238231e+00,8.381593165804e-02
-1.310416915937e+00,1.011641330852e+01,6.604065534774e-02
-1.310265712664e+00,4.461781287321e+00,8.381734517648e-02
-1.310197023935e+00,1.917774597362e+00,8.380886782845e-02
-1.310028339168e+00,1.562500050003e-02,8.461175029889e-02
-1.310028339168e+00,1.093750035002e-01,8.435432594859e-02
-1.310028339168e+00,1.718750055004e-01,8.420522053651e-02
-1.310028339168e+00,2.031250065004e-01,8.413829975676e-02
-1.310028339168e+00,6.406250204998e-01,8.380448205991e-02
-1.310028339168e+00,6.718750214998e-01,8.380448205991e-02
-1.310028339168e+00,7.031250224997e-01,8.380448205991e-02
-1.310028339168e+00,7.343750234997e-01,8.380448205991e-02
-1.310028339168e+00,4.687500150008e-02,8.452184167821e-02
-1.310028339168e+00,1.406250045003e-01,8.427732412667e-02
-1.310028339168e+00,2.343750075005e-01,8.407683412664e-02
-1.310028339168e+00,2.968750095005e-01,8.397127939958e-02
-1.310028339168e+00,3.281250105004e-01,8.392764833223e-02
-1.310028339168e+00,5.156250165000e-01,8.380448205991e-02
-1.310028339168e+00,5.781250184999e-01,8.380448205991e-02
-1.310028339168e+00,6.093750194998e-01,8.380448205991e-02
-1.310028339168e+00,7.656250244997e-01,8.380448205991e-02
-1.310028339168e+00,7.968750254997e-01,8.380448205991e-02
-1.310028339168e+00,9.218750295000e-01,8.380448205991e-02
-1.310028339168e+00,7.812500250012e-02,8.443593201286e-02
-1.310028339168e+00,2.656250085005e-01,8.402108089500e-02
-1.310028339168e+00,3.593750115003e-01,8.389038314774e-02
-1.310028339168e+00,3.906250125002e-01,8.385965367399e-02
-1.310028339168e+00,4.218750135002e-01,8.383560197910e-02
-1.310028339168e+00,4.531250145001e-01,8.381834054720e-02
-1.310028339168e+00,4.843750155000e-01,8.380795080831e-02
-1.310028339168e+00,5.468750174999e-01,8.380448205991e-02
-1.310028339168e+00,8.281250264997e-01,8.380448205991e-02
-1.310028339168e+00,8.593750274998e-01,8.380448205991e-02
-1.310028339168e+00,8.906250284999e-01,8.380448205991e-02
-1.310028339168e+00,9.531250305000e-01,8.380448205991e-02
-1.310028339168e+00,9.843750315000e-01,8.380448205991e-02
-1.309983636823e+00,3.656715879105e+00,8.381226957049e-02
-1.309812206783e+00,4.920644795888e+00,8.380888340726e-02
-1.309787526093e+00,9.018132330748e+00,8.373803896163e-02
-1.309752866089e+00,5.587619243701e+00,8.379672216811e-02
-1.309647565233e+00,2.819447854559e+00,8.380659380887e-02
-1.309589755730e+00,4.770738428928e+00,8.380905564134e-02
-1.309536977847e+00,1.016101340164e+00,8.380000595590e-02
-1.309196596822e+00,4.493983903650e+00,8.380761169078e-02
-1.309192702993e+00,1.949977213691e+00,8.379971940506e-02
-1.309146292994e+00,5.771306170992e+00,8.378764552335e-02
-1.309056040494e+00,7.979069449919e+00,8.374926523426e-02
-1.309029412891e+00,5.404706546730e+00,8.379342297641e-02
-1.308944455274e+00,5.071268756003e+00,8.379777063959e-02
-1.308936119281e+00,3.688918495433e+00,8.380272783013e-02
-1.308843855200e+00,9.761622869315e+00,7.699800006431e-02
-1.308621645990e+00,2.851650470888e+00,8.379724328414e-02
-1.308591210046e+00,6.171290760464e+00,8.377621070926e-02
-1.308554255204e+00,1.048303956493e+00,8.379104501783e-02
-1.308547181998e+00,1.047145064640e+01,3.084486045049e-02
-1.308410156581e+00,6.387669085815e+00,8.377085164670e-02
-1.308408084053e+00,9.397436094337e+00,8.241675038882e-02
-1.308406806903e+00,8.639873105480e+00,8.373160648895e-02
-1.308337216799e+00,7.383698765800e+00,8.375309790564e-02
-1.308282208462e+00,4.621568772332e+00,8.379927140020e-02
-1.308188382050e+00,1.982179830019e+00,8.379055882171e-02
-1.308127480980e+00,4.526186519978e+00,8.379786443082e-02
-1.308047281228e+00,8.293557681486e+00,8.373427850841e-02
-1.307888601739e+00,3.721121111762e+00,8.379317285804e-02
-1.307779755762e+00,7.665541787380e+00,8.374325301942e-02
-1.307656383152e+00,6.853379913991e+00,8.375532587411e-02
-1.307595726748e+00,2.883853087217e+00,8.378788005819e-02
-1.307571532562e+00,1.080506572821e+00,8.378207242092e-02
-1.307204256737e+00,5.955744213543e+00,8.376659347710e-02
-1.307184061108e+00,2.014382446347e+00,8.378138605430e-02
-1.307058365138e+00,4.558389136307e+00,8.378810336755e-02
-1.307050865434e+00,1.009162857462e+01,6.719218677382e-02
-1.306981513699e+00,5.222591160608e+00,8.377705540314e-02
-1.306848577580e+00,7.102777431445e+00,8.374368464527e-02
-1.306841084196e+00,3.753323728091e+00,8.378360462686e-02
-1.306655212285e+00,6.604852117270e+00,8.375044868884e-02
-1.306588809919e+00,1.112709189150e+00,8.377308814259e-02
-1.306569807505e+00,2.916055703546e+00,8.377850410536e-02
-1.306240743962e+00,8.987174862187e+00,8.370548904261e-02
-1.306179740165e+00,2.046585062676e+00,8.377220107872e-02
-1.305989249296e+00,4.590591752636e+00,8.377832847186e-02
-1.305793566654e+00,3.785526344419e+00,8.377402310921e-02
-1.305606087276e+00,1.144911805478e+00,8.376409216020e-02
-1.305543888263e+00,2.948258319874e+00,8.376911539986e-02
-1.305356212763e+00,9.736855140273e+00,7.749714357262e-02
-1.305302806066e+00,1.044664950319e+01,3.574457052137e-02
-1.305175419223e+00,2.078787679004e+00,8.376300387077e-02
-1.305169588421e+00,7.948271492027e+00,8.371370350051e-02
-1.304975010696e+00,9.366428048812e+00,8.275607131200e-02
-1.304751785874e+00,5.557436899612e+00,8.375112215746e-02
-1.304746554701e+00,8.608967511267e+00,8.369799597883e-02
-1.304746049112e+00,3.817728960748e+00,8.376442827762e-02
-1.304623364633e+00,1.177114421807e+00,8.375508445101e-02
-1.304517969021e+00,2.980460936203e+00,8.375971391587e-02
-1.304373810640e+00,4.890744630642e+00,8.375937642055e-02
-1.304273803699e+00,8.262705257882e+00,8.369965746853e-02
-1.304255348683e+00,5.741056479818e+00,8.374291069951e-02
-1.304225592113e+00,7.353013619888e+00,8.371527762433e-02
-1.304171098280e+00,2.110990295333e+00,8.375379440618e-02
-1.304042867293e+00,4.740911998359e+00,8.375821855154e-02
-1.303921464083e+00,6.140910222607e+00,8.373329788072e-02
-1.303918513579e+00,5.374592830280e+00,8.374648700187e-02
-1.303851461099e+00,6.357225051200e+00,8.372920752602e-02
-1.303780585962e+00,7.634799589123e+00,8.370665871891e-02
-1.303698531570e+00,3.849931577077e+00,8.375482010451e-02
-1.303684814931e+00,1.006684384072e+01,6.826326561516e-02
-1.303640641991e+00,1.209317038135e+00,8.374606499227e-02
-1.303614892046e+00,5.041296130506e+00,8.374906163274e-02
-1.303492049778e+00,3.012663552531e+00,8.375029962748e-02
-1.303320661297e+00,6.822812745920e+00,8.371553134965e-02
-1.303166777337e+00,2.143192911661e+00,8.374457266062e-02
-1.302693961832e+00,8.956217393626e+00,8.367279206914e-02
-1.302657919348e+00,1.241519654464e+00,8.373703376116e-02
-1.302651014027e+00,3.882134193405e+00,8.374519856226e-02
-1.302624766870e+00,7.072150629351e+00,8.370481540115e-02
-1.302466130536e+00,3.044866168860e+00,8.374087250874e-02
-1.302423759169e+00,5.925428457301e+00,8.372267020555e-02
-1.302207860172e+00,6.574345872132e+00,8.370965192041e-02
-1.302162456395e+00,2.175395527990e+00,8.373533860972e-02
-1.302058430135e+00,1.042184835999e+01,3.997804720400e-02
-1.301868570326e+00,9.712087411231e+00,7.797285501434e-02
-1.301761118064e+00,5.192547350862e+00,8.372910398717e-02
-1.301675196705e+00,1.273722270792e+00,8.372799073481e-02
-1.301603496485e+00,3.914336809734e+00,8.373556362317e-02
-1.301541937339e+00,9.335420003288e+00,8.308060647670e-02
-1.301440211293e+00,3.077068785189e+00,8.373143253357e-02
-1.301283136349e+00,7.917473534135e+00,8.367796781214e-02
-1.301158135452e+00,2.207598144318e+00,8.372609222900e-02
-1.301086302499e+00,8.578061917055e+00,8.366422924062e-02
-1.300692474063e+00,1.305924887121e+00,8.371893589024e-02
-1.300555978943e+00,3.946539426063e+00,8.372591525946e-02
-1.300500326171e+00,8.231852834278e+00,8.366487117673e-02
-1.300414292051e+00,3.109271401518e+00,8.372197967590e-02
-1.300318764427e+00,1.004205910682e+01,6.926201440372e-02
-1.300153814510e+00,2.239800760646e+00,8.371683349397e-02
-1.300113967427e+00,7.322328473976e+00,8.367726008633e-02
-1.299781416162e+00,7.604057390866e+00,8.366975596971e-02
-1.299750705658e+00,5.527254555523e+00,8.370524196686e-02
-1.299709751420e+00,1.338127503449e+00,8.370986920448e-02
-1.299508461401e+00,3.978742042391e+00,8.371625344327e-02
-1.299388372809e+00,3.141474017846e+00,8.371251390951e-02
-1.299364404373e+00,5.710806788644e+00,8.369790490515e-02
-1.299292765617e+00,6.326781016584e+00,8.368732799777e-02
-1.299251718119e+00,6.110529684749e+00,8.369013339042e-02
-1.299149493567e+00,2.272003376975e+00,8.370756238002e-02
-1.299147179701e+00,8.925259925065e+00,8.363994710488e-02
-1.298984939442e+00,6.792245577849e+00,8.367552014936e-02
-1.298935414497e+00,4.860844465395e+00,8.370924698494e-02
-1.298814054203e+00,1.039704721678e+01,4.367242790423e-02
-1.298807614268e+00,5.344479113830e+00,8.369925237517e-02
-1.298727028777e+00,1.370330119778e+00,8.370079065445e-02
-1.298495978856e+00,4.711085567790e+00,8.370703496495e-02
-1.298460943858e+00,4.010944658720e+00,8.370657814666e-02
-1.298400956161e+00,7.041523827257e+00,8.366573877995e-02
-1.298380927889e+00,9.687319682189e+00,7.842673318449e-02
-1.298362453566e+00,3.173676634175e+00,8.370303520817e-02
-1.298285328817e+00,5.011323505009e+00,8.370003477754e-02
-1.298145172625e+00,2.304205993303e+00,8.369827886251e-02
-1.298108863982e+00,9.304411957763e+00,8.339129179837e-02
-1.297760508058e+00,6.543839626996e+00,8.366862853981e-02
-1.297744306134e+00,1.402532736107e+00,8.369170021704e-02
-1.297643261602e+00,5.895112701060e+00,8.367848480102e-02
-1.297426050297e+00,8.547156322843e+00,8.363030525589e-02
-1.297413426316e+00,4.043147275049e+00,8.369688934162e-02
-1.297396684277e+00,7.886675576244e+00,8.364205698842e-02
-1.297336534324e+00,3.205879250504e+00,8.369354354554e-02
-1.297140851682e+00,2.336408609632e+00,8.368898291674e-02
-1.296952713924e+00,1.001727437292e+01,7.019549812506e-02
-1.296761583492e+00,1.434735352435e+00,8.368259786906e-02
-1.296726848642e+00,8.201000410673e+00,8.362991853250e-02
-1.296540722429e+00,5.162503541115e+00,8.368084314747e-02
-1.296365908774e+00,4.075349891377e+00,8.368718700008e-02
-1.296310615081e+00,3.238081866832e+00,8.368403889524e-02
-1.296136530740e+00,2.368611225961e+00,8.367967451791e-02
-1.296002342741e+00,7.291643328064e+00,8.363904385902e-02
-1.295782246362e+00,7.573315192608e+00,8.363251974129e-02
-1.295778860849e+00,1.466937968764e+00,8.367348358729e-02
-1.295600397570e+00,8.894302456504e+00,8.360695320623e-02
-1.295569678272e+00,1.037224607358e+01,4.692443642231e-02
-1.295318391232e+00,4.107552507706e+00,8.367747109385e-02
-1.295284695839e+00,3.270284483161e+00,8.367452123079e-02
-1.295132209797e+00,2.400813842289e+00,8.367035364118e-02
-1.294893285451e+00,9.662551953146e+00,7.886023527731e-02
-1.294796138206e+00,1.499140585092e+00,8.366435734841e-02
-1.294749625443e+00,5.497072211434e+00,8.365907930727e-02
-1.294734070136e+00,6.296336981968e+00,8.364498303530e-02
-1.294675790625e+00,9.273403912238e+00,8.359162871513e-02
-1.294649217587e+00,6.761678409779e+00,8.363529065199e-02
-1.294581972156e+00,6.080149146892e+00,8.364671521998e-02
-1.294473460062e+00,5.680557097470e+00,8.365262593530e-02
-1.294270873689e+00,4.139755124035e+00,8.366774159469e-02
-1.294258776596e+00,3.302487099489e+00,8.366499052566e-02
-1.294177145451e+00,7.010897025164e+00,8.362645325098e-02
-1.294127888854e+00,2.433016458617e+00,8.366102026166e-02
-1.293813415563e+00,1.531343201420e+00,8.365521912905e-02
-1.293765798094e+00,8.516250728631e+00,8.359622299812e-02
-1.293696714956e+00,5.314365397379e+00,8.365171654018e-02
-1.293586663421e+00,9.992489639023e+00,7.106989091254e-02
-1.293510232205e+00,7.855877618352e+00,8.360596983911e-02
-1.293497018353e+00,4.830944300149e+00,8.365861300235e-02
-1.293313155945e+00,6.513333381858e+00,8.362737683065e-02
-1.293232857354e+00,3.334689715818e+00,8.365544675323e-02
-1.293223356147e+00,4.171957740363e+00,8.365799847427e-02
-1.293123567912e+00,2.465219074946e+00,8.365167435434e-02
-1.292955765589e+00,4.981350879512e+00,8.365068734738e-02
-1.292953371113e+00,8.170147987069e+00,8.359479842655e-02
-1.292949090419e+00,4.681259137222e+00,8.365550177790e-02
-1.292862764035e+00,5.864796944818e+00,8.363403514291e-02
-1.292830692921e+00,1.563545817749e+00,8.364606890581e-02
-1.292325302340e+00,1.034744493037e+01,4.980896414372e-02
-1.292206938112e+00,3.366892332147e+00,8.364588988683e-02
-1.292175838605e+00,4.204160356692e+00,8.364824170421e-02
-1.292119246969e+00,2.497421691274e+00,8.364231589420e-02
-1.292053615439e+00,8.863344987942e+00,8.357380942224e-02
-1.291890718055e+00,7.260958182153e+00,8.360062749737e-02
-1.291847970278e+00,1.595748434078e+00,8.363690665519e-02
-1.291783076562e+00,7.542572994351e+00,8.359509292990e-02
-1.291405643014e+00,9.637784224104e+00,7.927469216607e-02
-1.291320326794e+00,5.132459731368e+00,8.363227022884e-02
-1.291242717268e+00,9.242395866714e+00,8.355947280733e-02
-1.291181018869e+00,3.399094948475e+00,8.363631989968e-02
-1.291128321063e+00,4.236362973020e+00,8.363847125602e-02
-1.291114926027e+00,2.529624307603e+00,8.363294485613e-02
-1.290865247635e+00,1.627951050406e+00,8.362773235367e-02
-1.290313495731e+00,6.731111241708e+00,8.359484122225e-02
-1.290220612917e+00,9.967704905124e+00,7.189061217512e-02
-1.290175374654e+00,6.265892947352e+00,8.360227987925e-02
-1.290155099627e+00,3.431297564804e+00,8.362673676499e-02
-1.290110605084e+00,2.561826923931e+00,8.362356121493e-02
-1.290105545892e+00,8.485345134419e+00,8.356198143271e-02
-1.290080803520e+00,4.268565589349e+00,8.362868710114e-02
-1.289953334742e+00,6.980270223070e+00,8.358695727022e-02
-1.289912226193e+00,6.049768609034e+00,8.360304133246e-02
-1.289882524992e+00,1.660153666734e+00,8.361854597761e-02
-1.289748545227e+00,5.466889867345e+00,8.361237540176e-02
-1.289623780133e+00,7.825079660460e+00,8.356970516436e-02
-1.289582515752e+00,5.650307406297e+00,8.360707156520e-02
-1.289179893585e+00,8.139295563465e+00,8.355950974072e-02
-1.289129180384e+00,3.463500181133e+00,8.361714045583e-02
-1.289106284141e+00,2.594029540260e+00,8.361416494539e-02
-1.289080926409e+00,1.032264378716e+01,5.238490100809e-02
-1.289033285978e+00,4.300768205678e+00,8.361888921093e-02
-1.288899802350e+00,1.692356283063e+00,8.360934750337e-02
-1.288865803831e+00,6.482827136722e+00,8.358589506179e-02
-1.288585815645e+00,5.284251680929e+00,8.360387691677e-02
-1.288506833309e+00,8.832387519381e+00,8.354051479454e-02
-1.288103261142e+00,3.495702797461e+00,8.360753094524e-02
-1.288101963199e+00,2.626232156588e+00,8.360475602218e-02
-1.288082266467e+00,5.834481188577e+00,8.358931909133e-02
-1.288058622210e+00,4.801044134902e+00,8.360763611211e-02
-1.287985768436e+00,4.332970822006e+00,8.360907755667e-02
-1.287918000577e+00,9.613016495062e+00,7.967132175527e-02
-1.287917079707e+00,1.724558899391e+00,8.360013690720e-02
-1.287809643911e+00,9.211387821189e+00,8.352717467050e-02
-1.287783906762e+00,7.511830796094e+00,8.355747417111e-02
-1.287779093369e+00,7.230273036241e+00,8.356200954377e-02
-1.287626202360e+00,4.951378254015e+00,8.360101659152e-02
-1.287402201982e+00,4.651432706653e+00,8.360361585804e-02
-1.287097642256e+00,2.658434772917e+00,8.359533441992e-02
-1.287077341900e+00,3.527905413790e+00,8.359790820616e-02
-1.286938250894e+00,4.365173438335e+00,8.359925210958e-02
-1.286934357064e+00,1.756761515720e+00,8.359091416533e-02
-1.286854562414e+00,9.942920171225e+00,7.266243850393e-02
-1.286445293690e+00,8.454439540206e+00,8.352757951687e-02
-1.286099931159e+00,5.102415921621e+00,8.358338255175e-02
-1.286093321314e+00,2.690637389245e+00,8.358590011317e-02
-1.286051422657e+00,3.560108030119e+00,8.358827221148e-02
-1.285977773876e+00,6.700544073638e+00,8.355417021062e-02
-1.285951634422e+00,1.788964132048e+00,8.358167925391e-02
-1.285890733351e+00,4.397376054664e+00,8.358941284076e-02
-1.285836550478e+00,1.029784264396e+01,5.469919244739e-02
-1.285737328061e+00,7.794281702569e+00,8.353326175474e-02
-1.285729524032e+00,6.949643420976e+00,8.354724928027e-02
-1.285616679172e+00,6.235448912737e+00,8.355932915087e-02
-1.285406416056e+00,8.108443139861e+00,8.352405134791e-02
-1.285242480230e+00,6.019388071177e+00,8.355910967221e-02
-1.285089000371e+00,2.722840005574e+00,8.357645307643e-02
-1.285025503415e+00,3.592310646447e+00,8.357862293400e-02
-1.284968911779e+00,1.821166748377e+00,8.357243214901e-02
-1.284960051178e+00,8.801430050820e+00,8.350706835729e-02
-1.284843215809e+00,4.429578670992e+00,8.357955972127e-02
-1.284747465012e+00,5.436707523255e+00,8.356522759075e-02
-1.284691571441e+00,5.620057715123e+00,8.356123955032e-02
-1.284430358140e+00,9.588248766019e+00,8.005104430249e-02
-1.284418451717e+00,6.452320891585e+00,8.354418148709e-02
-1.284376570554e+00,9.180379775665e+00,8.349473341573e-02
-1.284084679429e+00,2.755042621902e+00,8.356699328409e-02
-1.283999584172e+00,3.624513262776e+00,8.356896034646e-02
-1.283986189136e+00,1.853369364705e+00,8.356317282665e-02
-1.283795698267e+00,4.461781287321e+00,8.356969272206e-02
-1.283784736962e+00,7.481088597837e+00,8.351966208876e-02
-1.283667468683e+00,7.199587890329e+00,8.352318852802e-02
-1.283488511911e+00,9.918135437326e+00,7.338959624088e-02
-1.283474916333e+00,5.254137964479e+00,8.355573090047e-02
-1.283301768900e+00,5.804165432336e+00,8.354433448696e-02
-1.283080358486e+00,2.787245238231e+00,8.355752071053e-02
-1.283003466493e+00,1.885571981034e+00,8.355390126280e-02
-1.282973664930e+00,3.656715879105e+00,8.355928442150e-02
-1.282785041488e+00,8.423533945994e+00,8.349301619958e-02
-1.282748180725e+00,4.493983903650e+00,8.355981181402e-02
-1.282620226067e+00,4.771143969656e+00,8.355631323344e-02
-1.282592174546e+00,1.027304150075e+01,5.678972159671e-02
-1.282296639131e+00,4.921405628518e+00,8.355101973499e-02
-1.282076037544e+00,2.819447854559e+00,8.354803533000e-02
-1.282020743851e+00,1.917774597362e+00,8.354461743335e-02
-1.281947745687e+00,3.688918495433e+00,8.354959513172e-02
-1.281855313545e+00,4.621606276084e+00,8.355137404429e-02
-1.281850875989e+00,7.763483744677e+00,8.349654221427e-02
-1.281700663182e+00,4.526186519978e+00,8.354991696793e-02
-1.281642052021e+00,6.669976905567e+00,8.351327595331e-02
-1.281632938528e+00,8.077590716257e+00,8.348842211204e-02
-1.281505713323e+00,6.919016618883e+00,8.350732771017e-02
-1.281413269047e+00,8.770472582259e+00,8.347346913712e-02
-1.281236507538e+00,1.093750035002e-01,8.411721331458e-02
-1.281236507538e+00,1.406250045003e-01,8.403574860882e-02
-1.281236507538e+00,2.031250065004e-01,8.388851497838e-02
-1.281236507538e+00,2.343750075005e-01,8.382335697384e-02
-1.281236507538e+00,6.406250204998e-01,8.353417185317e-02
-1.281236507538e+00,6.718750214998e-01,8.353417185317e-02
-1.281236507538e+00,1.562500050003e-02,8.438913046880e-02
-1.281236507538e+00,4.687500150008e-02,8.429423407648e-02
-1.281236507538e+00,1.718750055004e-01,8.395941187263e-02
-1.281236507538e+00,2.656250085005e-01,8.376422085131e-02
-1.281236507538e+00,2.968750095005e-01,8.371137033793e-02
-1.281236507538e+00,3.281250105004e-01,8.366504677253e-02
-1.281236507538e+00,5.156250165000e-01,8.353417185317e-02
-1.281236507538e+00,5.468750174999e-01,8.353417185317e-02
-1.281236507538e+00,5.781250184999e-01,8.353417185317e-02
-1.281236507538e+00,6.093750194998e-01,8.353417185317e-02
-1.281236507538e+00,7.031250224997e-01,8.353417185317e-02
-1.281236507538e+00,7.343750234997e-01,8.353417185317e-02
-1.281236507538e+00,7.656250244997e-01,8.353417185317e-02
-1.281236507538e+00,7.968750254997e-01,8.353417185317e-02
-1.281236507538e+00,9.218750295000e-01,8.353417185317e-02
-1.281236507538e+00,9.531250305000e-01,8.353417185317e-02
-1.281236507538e+00,7.812500250012e-02,8.420348448435e-02
-1.281236507538e+00,3.593750115003e-01,8.362546613722e-02
-1.281236507538e+00,3.906250125002e-01,8.359281631187e-02
-1.281236507538e+00,4.218750135002e-01,8.356725461806e-02
-1.281236507538e+00,4.531250145001e-01,8.354890571429e-02
-1.281236507538e+00,4.843750155000e-01,8.353785989706e-02
-1.281236507538e+00,8.281250264997e-01,8.353417185317e-02
-1.281236507538e+00,8.593750274998e-01,8.353417185317e-02
-1.281236507538e+00,8.906250284999e-01,8.353417185317e-02
-1.281236507538e+00,9.843750315000e-01,8.353417185317e-02
-1.281071716601e+00,2.851650470888e+00,8.353853711673e-02
-1.281057983690e+00,6.205004878121e+00,8.351612887722e-02
-1.281038021208e+00,1.949977213690e+00,8.353532131416e-02
-1.281026970957e+00,9.560336239496e+00,8.045904980586e-02
-1.280943497198e+00,9.149371730140e+00,8.346214814731e-02
-1.280921826445e+00,3.721121111762e+00,8.353989244962e-02
-1.280879535524e+00,5.072372111875e+00,8.353417741221e-02
-1.280755945367e+00,1.016101340164e+00,8.352962185932e-02
-1.280653145640e+00,4.558389136307e+00,8.354000815454e-02
-1.280572734267e+00,5.989007533319e+00,8.351491816463e-02
-1.280122461407e+00,9.893350703427e+00,7.407583849861e-02
-1.280067395658e+00,2.883853087217e+00,8.352902604488e-02
-1.280055298565e+00,1.982179830019e+00,8.352601288097e-02
-1.279971099604e+00,6.421814646448e+00,8.350223434544e-02
-1.279895907203e+00,3.753323728091e+00,8.353017634763e-02
-1.279800627131e+00,5.589808023949e+00,8.351512762612e-02
-1.279794821024e+00,1.048303956493e+00,8.352051302853e-02
-1.279785567161e+00,7.450346399580e+00,8.348165529478e-02
-1.279746384796e+00,5.406525179166e+00,8.351778151804e-02
-1.279605628098e+00,4.590591752636e+00,8.353008534447e-02
-1.279555843996e+00,7.168902744417e+00,8.348416296712e-02
-1.279347798615e+00,1.024824035755e+01,5.868739535402e-02
-1.279124789285e+00,8.392628351782e+00,8.345829042150e-02
-1.279072575922e+00,2.014382446347e+00,8.351669210949e-02
-1.279063074716e+00,2.916055703546e+00,8.351950208850e-02
-1.278869987960e+00,3.785526344419e+00,8.352044679810e-02
-1.278833696681e+00,1.080506572821e+00,8.351139238799e-02
-1.278521271333e+00,5.773849676094e+00,8.349907915095e-02
-1.278364017022e+00,5.224024248029e+00,8.350727586242e-02
-1.278089853280e+00,2.046585062676e+00,8.350735897538e-02
-1.278058753773e+00,2.948258319874e+00,8.350996522160e-02
-1.277964423917e+00,7.732685786785e+00,8.345946687252e-02
-1.277872572338e+00,1.112709189150e+00,8.350225991491e-02
-1.277866486916e+00,8.739515113698e+00,8.343971615306e-02
-1.277859460999e+00,8.046738292652e+00,8.345262088794e-02
-1.277844068718e+00,3.817728960748e+00,8.351070377332e-02
-1.277707839028e+00,9.529278915492e+00,8.089041944354e-02
-1.277510423841e+00,9.118363684616e+00,8.342941796261e-02
-1.277306330166e+00,6.639409737496e+00,8.347215677210e-02
-1.277281902613e+00,6.888389816789e+00,8.346719097531e-02
-1.277181829924e+00,4.741243804409e+00,8.350464125615e-02
-1.277107130637e+00,2.078787679004e+00,8.349801345421e-02
-1.277054432831e+00,2.980460936203e+00,8.350041541812e-02
-1.276967075903e+00,4.891433003021e+00,8.350069397850e-02
-1.276911447995e+00,1.144911805478e+00,8.349311558642e-02
-1.276818149475e+00,3.849931577077e+00,8.350094724550e-02
-1.276756410904e+00,9.868565969528e+00,7.472450959592e-02
-1.276499288208e+00,6.174560843506e+00,8.347267706707e-02
-1.276124407994e+00,2.110990295333e+00,8.348865552151e-02
-1.276103422683e+00,1.022343921434e+01,6.041767957023e-02
-1.276050111888e+00,3.012663552531e+00,8.349085265193e-02
-1.275950323653e+00,1.177114421807e+00,8.348395937961e-02
-1.275902988304e+00,5.958626995461e+00,8.347046471617e-02
-1.275792230233e+00,3.882134193405e+00,8.349117718676e-02
-1.275786397361e+00,7.419604201322e+00,8.344345238916e-02
-1.275659139889e+00,5.042328302128e+00,8.348465208163e-02
-1.275523747490e+00,6.391308401311e+00,8.346000600034e-02
-1.275464537083e+00,8.361722757570e+00,8.342340111491e-02
-1.275444219310e+00,7.138217598506e+00,8.344493136526e-02
-1.275141685352e+00,2.143192911661e+00,8.347928515272e-02
-1.275045790945e+00,3.044866168860e+00,8.348127689681e-02
-1.274989199310e+00,1.209317038135e+00,8.347479127149e-02
-1.274909682820e+00,5.559558332775e+00,8.346873350802e-02
-1.274766310991e+00,3.914336809734e+00,8.348139356915e-02
-1.274745304581e+00,5.376342835077e+00,8.347003463245e-02
-1.274388707100e+00,9.498221591487e+00,8.130057898865e-02
-1.274319704786e+00,8.708557645137e+00,8.340580841648e-02
-1.274158962709e+00,2.175395527990e+00,8.346990232322e-02
-1.274085983470e+00,8.015885869048e+00,8.341664652128e-02
-1.274077971845e+00,7.701887828894e+00,8.342220460420e-02
-1.274077350484e+00,9.087355639091e+00,8.339654195211e-02
-1.274041470003e+00,3.077068785189e+00,8.347168812651e-02
-1.274028074967e+00,1.241519654464e+00,8.346561123903e-02
-1.273740773765e+00,5.743533919853e+00,8.345355088473e-02
-1.273740391748e+00,3.946539426063e+00,8.347159636466e-02
-1.273390360401e+00,9.843781235629e+00,7.533859924400e-02
-1.273253117710e+00,5.193910531579e+00,8.345850914915e-02
-1.273176240066e+00,2.207598144318e+00,8.346050700834e-02
-1.273066950624e+00,1.273722270792e+00,8.345641925913e-02
-1.273058091904e+00,6.857763014695e+00,8.342683747735e-02
-1.273037149060e+00,3.109271401518e+00,8.346208631465e-02
-1.272970608311e+00,6.608842569425e+00,8.343081097422e-02
-1.272859046751e+00,1.019863807114e+01,6.200174592895e-02
-1.272714472506e+00,3.978742042391e+00,8.346178554516e-02
-1.272193517423e+00,2.239800760646e+00,8.345109918334e-02
-1.272105826281e+00,1.305924887121e+00,8.344721530864e-02
-1.272032828118e+00,3.141474017846e+00,8.345247143484e-02
-1.272006080398e+00,1.057854012224e+01,6.608629174544e-06
-1.271940592727e+00,6.144116808890e+00,8.342897171085e-02
-1.271804284881e+00,8.330817163357e+00,8.338834720364e-02
-1.271787227561e+00,7.388862003065e+00,8.340505195979e-02
-1.271743433780e+00,4.711343639163e+00,8.345261704064e-02
-1.271688553263e+00,4.010944658720e+00,8.345196108251e-02
-1.271637512674e+00,4.861460377524e+00,8.344958372886e-02
-1.271332594624e+00,7.107532452594e+00,8.340549221361e-02
-1.271233242340e+00,5.928246457604e+00,8.342574721405e-02
-1.271210794781e+00,2.272003376975e+00,8.344167882342e-02
-1.271144701938e+00,1.338127503449e+00,8.343799936433e-02
-1.271076395377e+00,6.360802156174e+00,8.341724145388e-02
-1.271069575171e+00,9.467164267483e+00,8.169120009517e-02
-1.271028507175e+00,3.173676634175e+00,8.344284346059e-02
-1.270772922655e+00,8.677600176576e+00,8.337174493102e-02
-1.270662634021e+00,4.043147275049e+00,8.344212294842e-02
-1.270644277127e+00,9.056347593567e+00,8.336351919925e-02
-1.270438744254e+00,5.012284492381e+00,8.343480380673e-02
-1.270312505942e+00,7.985033445444e+00,8.338049784854e-02
-1.270228072138e+00,2.304205993303e+00,8.343224590368e-02
-1.270191519773e+00,7.671089871002e+00,8.338475408721e-02
-1.270183577595e+00,1.370330119778e+00,8.342877140294e-02
-1.270024309898e+00,9.818996501730e+00,7.592078833621e-02
-1.270024186233e+00,3.205879250504e+00,8.343320236533e-02
-1.270018738510e+00,5.529308641601e+00,8.342205489124e-02
-1.269744224365e+00,5.346160490987e+00,8.342198435841e-02
-1.269636714779e+00,4.075349891377e+00,8.343227111458e-02
-1.269614670820e+00,1.017383692793e+01,6.345734046972e-02
-1.269245349495e+00,2.336408609632e+00,8.342280039921e-02
-1.269222453252e+00,1.402532736107e+00,8.341953140112e-02
-1.269019865290e+00,3.238081866832e+00,8.342354812245e-02
-1.268960276198e+00,5.713218163612e+00,8.340774746988e-02
-1.268883458766e+00,1.055372316568e+01,1.009231461312e-02
-1.268834281194e+00,6.827136212602e+00,8.338626560404e-02
-1.268634886456e+00,6.578275401355e+00,8.338923685227e-02
-1.268610795536e+00,4.107552507706e+00,8.342240555256e-02
-1.268262626853e+00,2.368611225961e+00,8.341334228498e-02
-1.268261328909e+00,1.434735352435e+00,8.341027933548e-02
-1.268144032679e+00,8.299911569145e+00,8.335312760302e-02
-1.268142218399e+00,5.163796815129e+00,8.340942808248e-02
-1.268015544348e+00,3.270284483161e+00,8.341388070522e-02
-1.267788057761e+00,7.358119804808e+00,8.336645258235e-02
-1.267750443243e+00,9.436106943479e+00,8.206363149249e-02
-1.267584876294e+00,4.139755124035e+00,8.341252623389e-02
-1.267381897245e+00,6.113672774274e+00,8.338501078034e-02
-1.267300204567e+00,1.466937968764e+00,8.340101518256e-02
-1.267279904210e+00,2.400813842289e+00,8.340387153595e-02
-1.267226140524e+00,8.646642708014e+00,8.333752469254e-02
-1.267220969938e+00,7.076847306682e+00,8.336584399028e-02
-1.267211203770e+00,9.025339548042e+00,8.333034878044e-02
-1.267011223405e+00,3.302487099489e+00,8.340420008687e-02
-1.266658259394e+00,9.794211767832e+00,7.647348782119e-02
-1.266629043263e+00,6.330295911037e+00,8.337423135760e-02
-1.266563496377e+00,5.897865919746e+00,8.338076352616e-02
-1.266558957051e+00,4.171957740363e+00,8.340263312997e-02
-1.266539028413e+00,7.954181021840e+00,8.334417369686e-02
-1.266370294889e+00,1.014903578473e+01,6.479944950933e-02
-1.266339080224e+00,1.499140585092e+00,8.339173891885e-02
-1.266307949445e+00,4.831487752027e+00,8.339810832438e-02
-1.266305067701e+00,7.640291913110e+00,8.334711398808e-02
-1.266305037637e+00,4.681443473916e+00,8.340023741764e-02
-1.266297181567e+00,2.433016458617e+00,8.339438812695e-02
-1.266006902462e+00,3.334689715818e+00,8.339450624057e-02
-1.265760837134e+00,1.052890620912e+01,1.830113047383e-02
-1.265533037809e+00,4.204160356692e+00,8.339272621219e-02
-1.265377955881e+00,1.531343201420e+00,8.338245052077e-02
-1.265314458924e+00,2.465219074946e+00,8.338489203281e-02
-1.265218348619e+00,4.982240682634e+00,8.338462980943e-02
-1.265127794199e+00,5.499058950428e+00,8.337476472429e-02
-1.265002581520e+00,3.366892332147e+00,8.338479913940e-02
-1.264743144150e+00,5.315978146898e+00,8.337362809586e-02
-1.264610470485e+00,6.796509410508e+00,8.334547372917e-02
-1.264507118566e+00,4.236362973020e+00,8.338280545179e-02
-1.264483780476e+00,8.269005974933e+00,8.331774121975e-02
-1.264431311314e+00,9.405049619474e+00,8.241910141789e-02
-1.264416831538e+00,1.563545817749e+00,8.337314996467e-02
-1.264331736282e+00,2.497421691274e+00,8.337538322824e-02
-1.264299164601e+00,6.547708233284e+00,8.334743268411e-02
-1.264179778631e+00,5.682902407370e+00,8.336166666805e-02
-1.263998260577e+00,3.399094948475e+00,8.337507875635e-02
-1.263788887961e+00,7.327377606550e+00,8.332765282023e-02
-1.263778130413e+00,8.994331502518e+00,8.329702976496e-02
-1.263679358393e+00,8.615685239453e+00,8.330314668903e-02
-1.263481199324e+00,4.268565589349e+00,8.337287081999e-02
-1.263455707195e+00,1.595748434078e+00,8.336383722686e-02
-1.263349013639e+00,2.529624307603e+00,8.336586168790e-02
-1.263292208891e+00,9.769427033933e+00,7.699788953369e-02
-1.263125918957e+00,1.012423464152e+01,6.604081603596e-02
-1.263109345252e+00,7.046162160771e+00,8.332598516018e-02
-1.263031319087e+00,5.133683098678e+00,8.336002995935e-02
-1.262993939635e+00,3.431297564804e+00,8.336534506438e-02
-1.262823201763e+00,6.083228739659e+00,8.334079222864e-02
-1.262765550884e+00,7.923328598235e+00,8.330750228479e-02
-1.262638215502e+00,1.050408925256e+01,2.510853270709e-02
-1.262494582852e+00,1.627951050406e+00,8.335451228358e-02
-1.262455280082e+00,4.300768205678e+00,8.336292228788e-02
-1.262418615629e+00,7.609493955219e+00,8.330928296195e-02
-1.262366290996e+00,2.561826923931e+00,8.335632738639e-02
-1.262181691150e+00,6.299789665900e+00,8.333097376597e-02
-1.261989618692e+00,3.463500181133e+00,8.335559803632e-02
-1.261893750414e+00,5.867485381889e+00,8.333551150094e-02
-1.261533458509e+00,1.660153666734e+00,8.334517511100e-02
-1.261429360839e+00,4.332970822006e+00,8.335295982652e-02
-1.261383568353e+00,2.594029540260e+00,8.334678029826e-02
-1.261112179386e+00,9.373992295470e+00,8.275873071090e-02
-1.260985297749e+00,3.495702797461e+00,8.334583764498e-02
-1.260978386217e+00,4.801515126530e+00,8.334628437047e-02
-1.260866641494e+00,4.651543308670e+00,8.334749918808e-02
-1.260823528274e+00,8.238100380721e+00,8.328218695190e-02
-1.260572334166e+00,1.692356283063e+00,8.333582568525e-02
-1.260403441597e+00,4.365173438335e+00,8.334298340684e-02
-1.260400845711e+00,2.626232156588e+00,8.333722039794e-02
-1.260386659775e+00,6.765882608414e+00,8.330446021240e-02
-1.260345057056e+00,8.963323456993e+00,8.326356121492e-02
-1.260236849889e+00,5.468809259254e+00,8.332709065986e-02
-1.260132576263e+00,8.584727770892e+00,8.326860990057e-02
-1.259997952984e+00,4.952196872887e+00,8.333412728669e-02
-1.259980976807e+00,3.527905413790e+00,8.333606386307e-02
-1.259963442745e+00,6.517141065213e+00,8.330539673268e-02
-1.259926158388e+00,9.744642300034e+00,7.749704191620e-02
-1.259881543025e+00,1.009943349831e+01,6.719234433413e-02
-1.259789718161e+00,7.296635408293e+00,8.328865122444e-02
-1.259742063935e+00,5.285795802809e+00,8.332496321997e-02
-1.259611209823e+00,1.724558899391e+00,8.332646398235e-02
-1.259515593870e+00,1.047927229600e+01,3.084501959687e-02
-1.259418123068e+00,2.658434772917e+00,8.332764765983e-02
-1.259399281063e+00,5.652586651129e+00,8.331530622076e-02
-1.259377522355e+00,4.397376054664e+00,8.333299299973e-02
-1.258997720566e+00,7.015477014859e+00,8.328591417491e-02
-1.258992073356e+00,7.892476174631e+00,8.327055452762e-02
-1.258976655864e+00,3.560108030119e+00,8.332627666323e-02
-1.258650085481e+00,1.756761515720e+00,8.331708997833e-02
-1.258532163557e+00,7.578695997327e+00,8.327125965240e-02
-1.258435400425e+00,2.690637389245e+00,8.331806205827e-02
-1.258351603112e+00,4.429578670992e+00,8.332298857597e-02
-1.258264506281e+00,6.052784705043e+00,8.329631398997e-02
-1.257972334922e+00,3.592310646447e+00,8.331647601801e-02
-1.257920419776e+00,5.103569382228e+00,8.331031205163e-02
-1.257793047457e+00,9.342934971465e+00,8.308354424686e-02
-1.257734339036e+00,6.269283420763e+00,8.328746671542e-02
-1.257688961138e+00,1.788964132048e+00,8.330770364909e-02
-1.257452677783e+00,2.722840005574e+00,8.330846356750e-02
-1.257325683870e+00,4.461781287321e+00,8.331297010629e-02
-1.257224004451e+00,5.837104844031e+00,8.328998896717e-02
-1.257163276072e+00,8.207194786508e+00,8.324646368882e-02
-1.256968013979e+00,3.624513262776e+00,8.330666189994e-02
-1.256911983699e+00,8.932315411468e+00,8.322994218522e-02
-1.256727836795e+00,1.821166748377e+00,8.329830497050e-02
-1.256637167094e+00,1.007463235511e+01,6.826342008111e-02
-1.256585794132e+00,8.553770302331e+00,8.323391329927e-02
-1.256560107885e+00,9.719857566135e+00,7.797276153272e-02
-1.256469955140e+00,2.755042621902e+00,8.329885216172e-02
-1.256392972238e+00,1.045445533943e+01,3.574474149239e-02
-1.256299764627e+00,4.493983903650e+00,8.330293756131e-02
-1.256162849065e+00,6.735255806320e+00,8.326322339921e-02
-1.255963693037e+00,3.656715879105e+00,8.329683428139e-02
-1.255790548361e+00,7.265893210036e+00,8.324944633342e-02
-1.255766712452e+00,1.853369364705e+00,8.328889391837e-02
-1.255648822988e+00,4.771542501033e+00,8.329410872367e-02
-1.255627720890e+00,6.486573897143e+00,8.326312724599e-02
-1.255487232497e+00,2.787245238231e+00,8.328922781506e-02
-1.255428245350e+00,4.621643143423e+00,8.329439912300e-02
-1.255345905578e+00,5.438559568080e+00,8.327911617291e-02
-1.255273845385e+00,4.526186519978e+00,8.329289091156e-02
-1.255218595827e+00,7.861623751027e+00,8.323342331576e-02
-1.254959372094e+00,3.688918495433e+00,8.328699313473e-02
-1.254886095879e+00,6.984791868947e+00,8.324562947264e-02
-1.254805588109e+00,1.885571981034e+00,8.327947046844e-02
-1.254777557349e+00,4.922153063141e+00,8.328329341048e-02
-1.254740983719e+00,5.255613458720e+00,8.327598708104e-02
-1.254645711485e+00,7.547898039436e+00,8.323304269138e-02
-1.254618783496e+00,5.622270894887e+00,8.326866384930e-02
-1.254504509854e+00,2.819447854559e+00,8.327959050155e-02
-1.254473915529e+00,9.311877647461e+00,8.319842154961e-02
-1.254247926142e+00,4.558389136307e+00,8.328283012754e-02
-1.253955051152e+00,3.721121111762e+00,8.327713843223e-02
-1.253844463766e+00,1.917774597362e+00,8.327003459639e-02
-1.253705810799e+00,6.022340670427e+00,8.325157397950e-02
-1.253521787212e+00,2.851650470888e+00,8.326994019517e-02
-1.253503023870e+00,8.176289192296e+00,8.321057031103e-02
-1.253478910342e+00,8.901307365944e+00,8.319617172344e-02
-1.253392791163e+00,1.004983121190e+01,6.926216582333e-02
-1.253286986923e+00,6.238777175626e+00,8.324370822414e-02
-1.253270350606e+00,1.042963838287e+01,3.997822541780e-02
-1.253222006900e+00,4.590591752636e+00,8.327275517961e-02
-1.253194057381e+00,9.695072832236e+00,7.842664724495e-02
-1.253039012001e+00,8.522812833770e+00,8.319905584916e-02
-1.252950730209e+00,3.753323728091e+00,8.326727014605e-02
-1.252883339423e+00,1.949977213690e+00,8.326058627782e-02
-1.252809520464e+00,5.073455665778e+00,8.326027160603e-02
-1.252554258488e+00,5.806724306174e+00,8.324419373387e-02
-1.252539064569e+00,2.883853087217e+00,8.326027686985e-02
-1.252444675908e+00,1.093750035002e-01,8.387197085799e-02
-1.252444675908e+00,1.406250045003e-01,8.378570237515e-02
-1.252444675908e+00,1.718750055004e-01,8.370480343211e-02
-1.252444675908e+00,2.968750095005e-01,8.344152548004e-02
-1.252444675908e+00,3.593750115003e-01,8.335019514907e-02
-1.252444675908e+00,4.218750135002e-01,8.328826240444e-02
-1.252444675908e+00,4.531250145001e-01,8.326873306690e-02
-1.252444675908e+00,5.468750174999e-01,8.325304873904e-02
-1.252444675908e+00,6.406250204998e-01,8.325304873904e-02
-1.252444675908e+00,8.281250264997e-01,8.325304873904e-02
-1.252444675908e+00,8.593750274998e-01,8.325304873904e-02
-1.252444675908e+00,8.906250284999e-01,8.325304873904e-02
-1.252444675908e+00,9.218750295000e-01,8.325304873904e-02
-1.252444675908e+00,1.562500050003e-02,8.415944493993e-02
-1.252444675908e+00,4.687500150008e-02,8.405920198055e-02
-1.252444675908e+00,7.812500250012e-02,8.396325684004e-02
-1.252444675908e+00,2.031250065004e-01,8.362961628908e-02
-1.252444675908e+00,2.343750075005e-01,8.356046982064e-02
-1.252444675908e+00,2.656250085005e-01,8.349767584806e-02
-1.252444675908e+00,3.281250105004e-01,8.339228553841e-02
-1.252444675908e+00,3.906250125002e-01,8.331546257983e-02
-1.252444675908e+00,4.843750155000e-01,8.325697491237e-02
-1.252444675908e+00,5.156250165000e-01,8.325304873904e-02
-1.252444675908e+00,5.781250184999e-01,8.325304873904e-02
-1.252444675908e+00,6.093750194998e-01,8.325304873904e-02
-1.252444675908e+00,6.718750214998e-01,8.325304873904e-02
-1.252444675908e+00,7.031250224997e-01,8.325304873904e-02
-1.252444675908e+00,7.343750234997e-01,8.325304873904e-02
-1.252444675908e+00,7.656250244997e-01,8.325304873904e-02
-1.252444675908e+00,7.968750254997e-01,8.325304873904e-02
-1.252444675908e+00,9.531250305000e-01,8.325304873904e-02
-1.252444675908e+00,9.843750315000e-01,8.325304873904e-02
-1.251974912887e+00,1.016101340164e+00,8.324842255106e-02
-1.251946409266e+00,3.785526344419e+00,8.325738824833e-02
-1.251939038356e+00,6.704629004226e+00,8.322176162071e-02
-1.251922215080e+00,1.982179830019e+00,8.325112548829e-02
-1.251791378561e+00,7.235151011779e+00,8.321003667301e-02
-1.251556341926e+00,2.916055703546e+00,8.325060049942e-02
-1.251445118299e+00,7.830771327423e+00,8.319610736796e-02
-1.251291999035e+00,6.456006729072e+00,8.322035679983e-02
-1.251154783600e+00,9.280820323456e+00,8.316562694335e-02
-1.251035386844e+00,1.048303956493e+00,8.323916121676e-02
-1.250961090737e+00,2.014382446347e+00,8.324165220327e-02
-1.250942088324e+00,3.817728960748e+00,8.324749271112e-02
-1.250774471193e+00,6.954106723036e+00,8.320512947801e-02
-1.250759259413e+00,7.517100081544e+00,8.319463069908e-02
-1.250573619283e+00,2.948258319874e+00,8.324091105767e-02
-1.250454961268e+00,5.408309876906e+00,8.323083869418e-02
-1.250319259760e+00,4.741569875536e+00,8.324157821013e-02
-1.250148415231e+00,1.002503006870e+01,7.019564655666e-02
-1.250147728974e+00,1.040482142631e+01,4.367261018430e-02
-1.250095860801e+00,1.080506572821e+00,8.322988791883e-02
-1.250045836986e+00,8.870299320419e+00,8.316224886982e-02
-1.249999966395e+00,2.046585062676e+00,8.323216639821e-02
-1.249937767381e+00,3.849931577077e+00,8.323758350634e-02
-1.249842771667e+00,8.145383598084e+00,8.317450569020e-02
-1.249838285929e+00,5.591955138646e+00,8.322173725458e-02
-1.249828006878e+00,9.670288098337e+00,7.886015630618e-02
-1.249739903504e+00,5.225431114630e+00,8.322669700430e-02
-1.249590896641e+00,2.980460936203e+00,8.323120851828e-02
-1.249557161715e+00,4.892109253394e+00,8.323198495620e-02
-1.249492229870e+00,8.491855365208e+00,8.316403650617e-02
-1.249156334758e+00,1.112709189150e+00,8.322060263430e-02
-1.249147115318e+00,5.991896635812e+00,8.320657009321e-02
-1.249038842052e+00,2.078787679004e+00,8.322266804844e-02
-1.248933446439e+00,3.882134193405e+00,8.322766060591e-02
-1.248839634809e+00,6.208270930489e+00,8.319969629196e-02
-1.248608173998e+00,3.012663552531e+00,8.322149285489e-02
-1.248216808715e+00,1.144911805478e+00,8.321130534006e-02
-1.248077717709e+00,2.110990295333e+00,8.321315712927e-02
-1.247929125496e+00,3.914336809734e+00,8.321772398164e-02
-1.247884512525e+00,5.776343768316e+00,8.319812359015e-02
-1.247835651672e+00,9.249762999452e+00,8.313268855429e-02
-1.247792208761e+00,7.204408813521e+00,8.317042075633e-02
-1.247715227646e+00,6.674002202132e+00,8.318007319361e-02
-1.247698621152e+00,5.043341949328e+00,8.320990584396e-02
-1.247671640770e+00,7.799918903818e+00,8.315860539210e-02
-1.247625451355e+00,3.044866168860e+00,8.321176404107e-02
-1.247277282671e+00,1.177114421807e+00,8.320199601300e-02
-1.247116593366e+00,2.143192911661e+00,8.320363361592e-02
-1.247025107342e+00,1.038000446975e+01,4.692462054186e-02
-1.246956277180e+00,6.425439561002e+00,8.317726499341e-02
-1.246924804553e+00,3.946539426063e+00,8.320777360524e-02
-1.246904039300e+00,1.000022892549e+01,7.107003642168e-02
-1.246872807341e+00,7.486302123653e+00,8.315602228386e-02
-1.246662846507e+00,6.923421577125e+00,8.316441260201e-02
-1.246642728713e+00,3.077068785189e+00,8.320202205030e-02
-1.246612763629e+00,8.839291274895e+00,8.312817265718e-02
-1.246461956375e+00,9.645503364438e+00,7.927461964225e-02
-1.246337756629e+00,1.209317038135e+00,8.319267462991e-02
-1.246182519465e+00,8.114478003872e+00,8.313817587549e-02
-1.246155469023e+00,2.175395527990e+00,8.319409748356e-02
-1.245945447740e+00,8.460897896647e+00,8.312885421806e-02
-1.245920483611e+00,3.978742042391e+00,8.319780944837e-02
-1.245660006070e+00,3.109271401518e+00,8.319226685602e-02
-1.245564016957e+00,5.378060185732e+00,8.318225562959e-02
-1.245398230586e+00,1.241519654464e+00,8.318334116755e-02
-1.245194344680e+00,2.207598144318e+00,8.318454870728e-02
-1.245057788361e+00,5.561639382404e+00,8.317451624348e-02
-1.244989696531e+00,4.711597250039e+00,8.318868962540e-02
-1.244916162668e+00,4.010944658720e+00,8.318783148262e-02
-1.244738823288e+00,5.195248770541e+00,8.317709028974e-02
-1.244677283427e+00,3.141474017846e+00,8.318249843156e-02
-1.244588419836e+00,5.961452601196e+00,8.316130020773e-02
-1.244516519743e+00,9.218705675447e+00,8.309960549207e-02
-1.244458704542e+00,1.273722270792e+00,8.317399560260e-02
-1.244392282696e+00,6.177764685352e+00,8.315542890021e-02
-1.244336766080e+00,4.862065443647e+00,8.317999490768e-02
-1.244233220337e+00,2.239800760646e+00,8.317498726212e-02
-1.243911841726e+00,4.043147275049e+00,8.317783967947e-02
-1.243902485710e+00,1.035518751319e+01,4.980914853041e-02
-1.243898163241e+00,7.769066480214e+00,8.312091608503e-02
-1.243793038961e+00,7.173666615264e+00,8.313059708361e-02
-1.243694560784e+00,3.173676634175e+00,8.317271675020e-02
-1.243659663368e+00,9.975427782287e+00,7.189075483213e-02
-1.243519178499e+00,1.305924887121e+00,8.316463791169e-02
-1.243491416937e+00,6.643375400038e+00,8.313815642003e-02
-1.243272095994e+00,2.272003376975e+00,8.316541312304e-02
-1.243214766562e+00,5.745963230459e+00,8.315177630505e-02
-1.243179690272e+00,8.808283229370e+00,8.309394211087e-02
-1.243095905872e+00,9.620718630539e+00,7.967125520445e-02
-1.242986355269e+00,7.455504165761e+00,8.311721604213e-02
-1.242907520783e+00,4.075349891377e+00,8.316783401036e-02
-1.242711838142e+00,3.205879250504e+00,8.316292178514e-02
-1.242620555325e+00,6.394872392931e+00,8.313392767132e-02
-1.242587721841e+00,5.013228232878e+00,8.315921196134e-02
-1.242579652456e+00,1.338127503449e+00,8.315526807139e-02
-1.242551221821e+00,6.892736431213e+00,8.312347724187e-02
-1.242522267263e+00,8.083572409659e+00,8.310150083233e-02
-1.242398665609e+00,8.429940428086e+00,8.309350792433e-02
-1.242310971651e+00,2.304205993303e+00,8.315582626494e-02
-1.241903199841e+00,4.107552507706e+00,8.315781444662e-02
-1.241729115499e+00,3.238081866832e+00,8.315311350953e-02
-1.241640126413e+00,1.370330119778e+00,8.314588605822e-02
-1.241349847309e+00,2.336408609632e+00,8.314622666267e-02
-1.241197387815e+00,9.187648351443e+00,8.306637685959e-02
-1.240898878898e+00,4.139755124035e+00,8.314778095951e-02
-1.240779864078e+00,1.033037055663e+01,5.238508454809e-02
-1.240746392856e+00,3.270284483161e+00,8.314329189642e-02
-1.240700600370e+00,1.402532736107e+00,8.313649184861e-02
-1.240673072647e+00,5.347810494558e+00,8.313336436021e-02
-1.240415287437e+00,9.950626639082e+00,7.266257838219e-02
-1.240388722966e+00,2.368611225961e+00,8.313661429099e-02
-1.240277290794e+00,5.531323626163e+00,8.312659671434e-02
-1.240124685713e+00,7.738214056610e+00,8.308303813253e-02
-1.240029724354e+00,5.931008566581e+00,8.311576218019e-02
-1.239944930582e+00,6.147258440215e+00,8.311090401149e-02
-1.239894557956e+00,4.171957740363e+00,8.313773352022e-02
-1.239793869160e+00,7.142924417007e+00,8.309056414215e-02
-1.239763670213e+00,3.302487099489e+00,8.313345691881e-02
-1.239761074327e+00,1.434735352435e+00,8.312708541896e-02
-1.239746616915e+00,8.777275183845e+00,8.305955624868e-02
-1.239737743073e+00,5.165066426452e+00,8.312716421194e-02
-1.239729855368e+00,9.595933896640e+00,8.005098328996e-02
-1.239660133302e+00,4.681624624542e+00,8.313543973432e-02
-1.239427598623e+00,2.400813842289e+00,8.312698912460e-02
-1.239267606227e+00,6.612748597945e+00,8.309600958742e-02
-1.239116370445e+00,4.832021633901e+00,8.312765375169e-02
-1.239099903197e+00,7.424706207869e+00,8.307821055822e-02
-1.238890237013e+00,4.204160356692e+00,8.312767209985e-02
-1.238862015061e+00,8.052666815447e+00,8.306464685797e-02
-1.238851883478e+00,8.398982959525e+00,8.305799655614e-02
-1.238821548284e+00,1.466937968764e+00,8.311766674558e-02
-1.238780947571e+00,3.334689715818e+00,8.312360854961e-02
-1.238545020598e+00,5.715582692601e+00,8.310514962740e-02
-1.238466474280e+00,2.433016458617e+00,8.311735113814e-02
-1.238439597135e+00,6.862051285302e+00,8.308232178094e-02
-1.238284833470e+00,6.364305224860e+00,8.309034289791e-02
-1.237885916070e+00,4.236362973020e+00,8.311759666943e-02
-1.237882022241e+00,1.499140585092e+00,8.310823580476e-02
-1.237878255887e+00,9.156591027439e+00,8.303300175290e-02
-1.237798224928e+00,3.366892332147e+00,8.311374676165e-02
-1.237657242446e+00,1.030555360007e+01,5.469937435266e-02
-1.237505349937e+00,2.465219074946e+00,8.310770030618e-02
-1.237476822529e+00,4.983114516427e+00,8.310818712855e-02
-1.237170911505e+00,9.925825495877e+00,7.338973341535e-02
-1.236942496198e+00,1.531343201420e+00,8.309879257268e-02
-1.236881595128e+00,4.268565589349e+00,8.310750719992e-02
-1.236815502285e+00,3.399094948475e+00,8.310387152771e-02
-1.236544225594e+00,2.497421691274e+00,8.309803660323e-02
-1.236444348167e+00,9.567988878225e+00,8.045926671921e-02
-1.236351208184e+00,7.707361633006e+00,8.304497020917e-02
-1.236313543558e+00,8.746267138321e+00,8.302501408085e-02
-1.236002970155e+00,1.563545817749e+00,8.308933702549e-02
-1.235877274185e+00,4.300768205678e+00,8.309740366215e-02
-1.235832779642e+00,3.431297564804e+00,8.309398282049e-02
-1.235794699361e+00,7.112182218750e+00,8.305032040616e-02
-1.235782128336e+00,5.317560803385e+00,8.308416224186e-02
-1.235583101251e+00,2.529624307603e+00,8.308836000371e-02
-1.235497578468e+00,6.116752195078e+00,8.306611956957e-02
-1.235496793227e+00,5.501007869922e+00,8.307837714262e-02
-1.235471028872e+00,5.900564531965e+00,8.306995384808e-02
-1.235305101347e+00,8.368025490964e+00,8.302231903630e-02
-1.235213451125e+00,7.393908249977e+00,8.303900440431e-02
-1.235201762858e+00,8.021761221235e+00,8.302761272099e-02
-1.235063444112e+00,1.595748434078e+00,8.307986913929e-02
-1.235043795518e+00,6.582121795851e+00,8.305363096848e-02
-1.234872953243e+00,4.332970822006e+00,8.308728602693e-02
-1.234850057000e+00,3.463500181133e+00,8.308408061262e-02
-1.234736662857e+00,5.134884082363e+00,8.307691601992e-02
-1.234621976908e+00,2.561826923931e+00,8.307867048199e-02
-1.234559123958e+00,9.125533703434e+00,8.299947926119e-02
-1.234534620815e+00,1.028073664350e+01,5.678990131332e-02
-1.234330570074e+00,4.651651999045e+00,8.308182527084e-02
-1.234327972449e+00,6.831366139390e+00,8.304094458857e-02
-1.234123918069e+00,1.627951050406e+00,8.307038889008e-02
-1.233949111615e+00,6.333738056789e+00,8.304650871960e-02
-1.233926535574e+00,9.901024352672e+00,7.407597304486e-02
-1.233895974810e+00,4.801977824154e+00,8.307495831305e-02
-1.233875274635e+00,5.685202154744e+00,8.305824128570e-02
-1.233868632300e+00,4.365173438335e+00,8.307715426497e-02
-1.233867334357e+00,3.495702797461e+00,8.307416487663e-02
-1.233660852565e+00,2.594029540260e+00,8.306896801239e-02
-1.233239384268e+00,9.536883575295e+00,8.089114448177e-02
-1.233184392026e+00,1.660153666734e+00,8.306089625383e-02
-1.232884611714e+00,3.527905413790e+00,8.306423558501e-02
-1.232880470201e+00,8.715259092796e+00,8.299031460990e-02
-1.232864311357e+00,4.397376054664e+00,8.306700834687e-02
-1.232699728223e+00,2.626232156588e+00,8.305925256911e-02
-1.232577730655e+00,7.676509209401e+00,8.300671097822e-02
-1.232365923218e+00,4.953000799977e+00,8.305682849024e-02
-1.232244865983e+00,1.692356283063e+00,8.305139120642e-02
-1.231901889072e+00,3.560108030119e+00,8.305429271015e-02
-1.231859990415e+00,4.429578670992e+00,8.305684824318e-02
-1.231795529560e+00,7.081440020493e+00,8.300986433668e-02
-1.231758319217e+00,8.337068022402e+00,8.298647427914e-02
-1.231738603880e+00,2.658434772917e+00,8.304952412634e-02
-1.231541510656e+00,7.990855627023e+00,8.299039717961e-02
-1.231411999183e+00,1.025591968694e+01,5.868757249803e-02
-1.231326999053e+00,7.363110292086e+00,8.299959614028e-02
-1.231305339940e+00,1.724558899391e+00,8.304187372370e-02
-1.231239992030e+00,9.094476379430e+00,8.296580846669e-02
-1.231050226355e+00,6.086245949941e+00,8.302107349918e-02
-1.230919166429e+00,3.592310646447e+00,8.304433622437e-02
-1.230912333390e+00,5.870120497349e+00,8.302387302906e-02
-1.230891184026e+00,5.287311112211e+00,8.303464660512e-02
-1.230855669472e+00,4.461781287321e+00,8.304667392438e-02
-1.230819984808e+00,6.551494993757e+00,8.301081352001e-02
-1.230777479537e+00,2.690637389245e+00,8.303978265816e-02
-1.230716295659e+00,5.470692113680e+00,8.302985496681e-02
-1.230682159642e+00,9.876223209466e+00,7.472464158930e-02
-1.230365813897e+00,1.756761515720e+00,8.303234378143e-02
-1.230216347763e+00,6.800680993479e+00,8.299934402001e-02
-1.230034420370e+00,9.505778272364e+00,8.130176082156e-02
-1.229936443786e+00,3.624513262776e+00,8.303436609994e-02
-1.229851348530e+00,4.493983903650e+00,8.303648536082e-02
-1.229816355194e+00,2.722840005574e+00,8.303002813861e-02
-1.229735582642e+00,5.104701738273e+00,8.302634293694e-02
-1.229613389759e+00,6.303170888719e+00,8.300242316462e-02
-1.229447396844e+00,8.684251047272e+00,8.295545683066e-02
-1.229426287854e+00,1.788964132048e+00,8.302280135533e-02
-1.229205528672e+00,5.654821616886e+00,8.301104898792e-02
-1.229001006845e+00,4.621679373549e+00,8.302784293786e-02
-1.228953721143e+00,3.656715879105e+00,8.302438230904e-02
-1.228855230851e+00,2.755042621902e+00,8.302026054164e-02
-1.228847027587e+00,4.526186519978e+00,8.302628252281e-02
-1.228804253127e+00,7.645656785797e+00,8.296825909157e-02
-1.228675579175e+00,4.771934014407e+00,8.302190538537e-02
-1.228486761811e+00,1.821166748377e+00,8.301324642102e-02
-1.228289377551e+00,1.023110273038e+01,6.041785388199e-02
-1.228211537086e+00,8.306110553841e+00,8.295032051187e-02
-1.227970998501e+00,3.688918495433e+00,8.301438482374e-02
-1.227920860101e+00,9.063419055426e+00,8.293198844466e-02
-1.227894106508e+00,2.787245238231e+00,8.301047984113e-02
-1.227881258454e+00,7.959950032810e+00,8.295299898160e-02
-1.227842706645e+00,4.558389136307e+00,8.301606538058e-02
-1.227796359760e+00,7.050697822236e+00,8.296919438145e-02
-1.227547235768e+00,1.853369364705e+00,8.300367895410e-02
-1.227440546981e+00,7.332312334194e+00,8.295998431365e-02
-1.227437783711e+00,9.851422066261e+00,7.533872875906e-02
-1.227255023906e+00,4.922887083527e+00,8.300513316527e-02
-1.226988275858e+00,3.721121111762e+00,8.300437361607e-02
-1.226932982165e+00,2.819447854559e+00,8.300068601092e-02
-1.226838385702e+00,4.590591752636e+00,8.300583390423e-02
-1.226829456471e+00,9.474672969434e+00,8.169279302077e-02
-1.226607709725e+00,1.885571981034e+00,8.299409893010e-02
-1.226602874241e+00,6.055739704804e+00,8.297576370594e-02
-1.226596174099e+00,6.520868191663e+00,8.296761673743e-02
-1.226353637909e+00,5.839676462734e+00,8.297751752082e-02
-1.226104723077e+00,6.769995847567e+00,8.295751841632e-02
-1.226014323487e+00,8.653243001747e+00,8.292043973017e-02
-1.226005553215e+00,3.753323728091e+00,8.299434865800e-02
-1.226000239715e+00,5.257061421037e+00,8.298481475499e-02
-1.225971857822e+00,2.851650470888e+00,8.299087902474e-02
-1.225935798092e+00,5.440376357439e+00,8.298102760045e-02
-1.225668183681e+00,1.917774597362e+00,8.298450632446e-02
-1.225277667904e+00,6.272603720648e+00,8.295808424293e-02
-1.225166755919e+00,1.020628577382e+01,6.200191724029e-02
-1.225030775598e+00,7.614804362193e+00,8.292961318958e-02
-1.225022830572e+00,3.785526344419e+00,8.298430992140e-02
-1.225010733479e+00,2.883853087217e+00,8.298105885628e-02
-1.224734502426e+00,5.074519394184e+00,8.297544216043e-02
-1.224728657638e+00,1.949977213690e+00,8.297490111257e-02
-1.224664754955e+00,8.275153085280e+00,8.291387642834e-02
-1.224601728173e+00,9.032361731421e+00,8.289801826329e-02
-1.224535782709e+00,5.624441079028e+00,8.296357042147e-02
-1.224221006252e+00,7.929044438598e+00,8.291541686415e-02
-1.224193407779e+00,9.826620923055e+00,7.592091544627e-02
-1.224049609137e+00,2.916055703546e+00,8.297122547916e-02
-1.224040107930e+00,3.817728960748e+00,8.297425737804e-02
-1.223797189960e+00,7.019955623979e+00,8.292830897479e-02
-1.223789131595e+00,1.982179830019e+00,8.296528326976e-02
-1.223652844278e+00,4.218750135002e-01,8.299798711434e-02
-1.223652844278e+00,4.531250145001e-01,8.297717425171e-02
-1.223652844278e+00,8.593750274998e-01,8.296045614490e-02
-1.223652844278e+00,9.218750295000e-01,8.296045614490e-02
-1.223652844278e+00,9.531250305000e-01,8.296045614490e-02
-1.223652844278e+00,1.093750035002e-01,8.361821423732e-02
-1.223652844278e+00,1.406250045003e-01,8.352676905422e-02
-1.223652844278e+00,2.968750095005e-01,8.316118217424e-02
-1.223652844278e+00,3.281250105004e-01,8.310877844284e-02
-1.223652844278e+00,3.906250125002e-01,8.302696817025e-02
-1.223652844278e+00,5.781250184999e-01,8.296045614490e-02
-1.223652844278e+00,8.281250264997e-01,8.296045614490e-02
-1.223652844278e+00,8.906250284999e-01,8.296045614490e-02
-1.223652844278e+00,1.562500050003e-02,8.392240415696e-02
-1.223652844278e+00,4.687500150008e-02,8.381642477824e-02
-1.223652844278e+00,1.718750055004e-01,8.344094718949e-02
-1.223652844278e+00,2.031250065004e-01,8.336112478522e-02
-1.223652844278e+00,3.593750115003e-01,8.306396332493e-02
-1.223652844278e+00,4.843750155000e-01,8.296464134617e-02
-1.223652844278e+00,5.468750174999e-01,8.296045614490e-02
-1.223652844278e+00,6.093750194998e-01,8.296045614490e-02
-1.223652844278e+00,9.843750315000e-01,8.296045614490e-02
-1.223652844278e+00,7.812500250012e-02,8.371489677149e-02
-1.223652844278e+00,2.343750075005e-01,8.328766408011e-02
-1.223652844278e+00,2.656250085005e-01,8.322090923929e-02
-1.223652844278e+00,5.156250165000e-01,8.296045614490e-02
-1.223652844278e+00,6.406250204998e-01,8.296045614490e-02
-1.223652844278e+00,6.718750214997e-01,8.296045614490e-02
-1.223652844278e+00,7.031250224997e-01,8.296045614490e-02
-1.223652844278e+00,7.343750234997e-01,8.296045614490e-02
-1.223652844278e+00,7.656250244996e-01,8.296045614490e-02
-1.223652844278e+00,7.968750254997e-01,8.296045614490e-02
-1.223624492572e+00,9.443567666503e+00,8.206559472841e-02
-1.223554094909e+00,7.301514376303e+00,8.292016745945e-02
-1.223455183540e+00,4.741890204660e+00,8.296849173081e-02
-1.223193880407e+00,1.016101340164e+00,8.295575135887e-02
-1.223088484794e+00,2.948258319874e+00,8.296137886690e-02
-1.223057385287e+00,3.849931577077e+00,8.296419099965e-02
-1.222849605552e+00,2.014382446347e+00,8.295565277129e-02
-1.222581250130e+00,8.622234956222e+00,8.288526228761e-02
-1.222451094911e+00,1.058619305486e+01,6.608629162856e-06
-1.222372363389e+00,6.490241389569e+00,8.292417634553e-02
-1.222275952664e+00,1.048303956493e+00,8.294633271095e-02
-1.222155522128e+00,6.025233459667e+00,8.293018807608e-02
-1.222144124595e+00,4.892773367077e+00,8.295278095397e-02
-1.222127360451e+00,2.980460936203e+00,8.295151899298e-02
-1.222074662644e+00,3.882134193405e+00,8.295411075788e-02
-1.222044134287e+00,1.018146881726e+01,6.345750868005e-02
-1.221993098390e+00,6.739310701655e+00,8.291546610415e-02
-1.221910079509e+00,2.046585062676e+00,8.294600959237e-02
-1.221794942427e+00,5.809232428118e+00,8.293088510097e-02
-1.221358024920e+00,1.080506572821e+00,8.293690194258e-02
-1.221282596244e+00,9.001304407417e+00,8.286389698369e-02
-1.221257298070e+00,7.583951938589e+00,8.289077190104e-02
-1.221166236108e+00,3.012663552531e+00,8.294164583080e-02
-1.221155300525e+00,5.410060601197e+00,8.293189243202e-02
-1.221117972824e+00,8.244195616719e+00,8.287725767718e-02
-1.221109295404e+00,5.226811729863e+00,8.293466397081e-02
-1.221091940002e+00,3.914336809734e+00,8.294401662429e-02
-1.220970553466e+00,2.078787679004e+00,8.293635370811e-02
-1.220949031848e+00,9.801819779850e+00,7.647342713289e-02
-1.220941946049e+00,6.242036552578e+00,8.291348994600e-02
-1.220560754049e+00,7.898138844386e+00,8.287764955375e-02
-1.220440097177e+00,1.112709189150e+00,8.292745903053e-02
-1.220419528674e+00,9.412462363572e+00,8.242139849192e-02
-1.220205111765e+00,3.044866168860e+00,8.293175935369e-02
-1.220109217359e+00,3.946539426063e+00,8.293390857036e-02
-1.220031027423e+00,2.110990295333e+00,8.292668509360e-02
-1.219866036746e+00,5.594060541171e+00,8.291566560890e-02
-1.219798020160e+00,6.989213425722e+00,8.288720653751e-02
-1.219733422211e+00,5.044337050095e+00,8.292421086171e-02
-1.219667642837e+00,7.270716418411e+00,8.288014410008e-02
-1.219522169434e+00,1.144911805478e+00,8.291800395149e-02
-1.219450304393e+00,1.056136088128e+01,1.009238327631e-02
-1.219243987422e+00,3.077068785189e+00,8.292185953489e-02
-1.219148176773e+00,8.591226910698e+00,8.284992347425e-02
-1.219126494716e+00,3.978742042391e+00,8.292378656752e-02
-1.219091501380e+00,2.143192911661e+00,8.291700372385e-02
-1.218921512655e+00,1.015665186070e+01,6.479961456806e-02
-1.218604241691e+00,1.177114421807e+00,8.290853668215e-02
-1.218282863079e+00,3.109271401518e+00,8.291194634761e-02
-1.218234787905e+00,4.711846394914e+00,8.291471407990e-02
-1.218151975337e+00,2.175395527990e+00,8.290730957378e-02
-1.218148552679e+00,6.459614587475e+00,8.288049043685e-02
-1.218143772073e+00,4.010944658720e+00,8.291365058708e-02
-1.217963464316e+00,8.970247083412e+00,8.282962365977e-02
-1.217881473704e+00,6.708625555744e+00,8.287318539578e-02
-1.217708170014e+00,5.994727214531e+00,8.288434447637e-02
-1.217704655916e+00,9.777018636645e+00,7.699777992248e-02
-1.217686313947e+00,1.209317038135e+00,8.289905719908e-02
-1.217571190694e+00,8.213238148158e+00,8.284046307452e-02
-1.217483820541e+00,7.553099514985e+00,8.285173384301e-02
-1.217321738736e+00,3.141474017846e+00,8.290201976495e-02
-1.217236246945e+00,5.778788393502e+00,8.288397352683e-02
-1.217214564775e+00,9.381357060642e+00,8.276132893789e-02
-1.217212449294e+00,2.207598144318e+00,8.289760261827e-02
-1.217161049431e+00,4.043147275049e+00,8.290350060029e-02
-1.217033225283e+00,4.862659650627e+00,8.289990558781e-02
-1.216900501847e+00,7.867233250174e+00,8.283969576622e-02
-1.216768386204e+00,1.241519654464e+00,8.288956547881e-02
-1.216606224194e+00,6.211469384507e+00,8.286863824670e-02
-1.216449513875e+00,1.053652870769e+01,1.830124336543e-02
-1.216374802957e+00,5.379744844956e+00,8.288244682462e-02
-1.216360614393e+00,3.173676634175e+00,8.289207975995e-02
-1.216272923251e+00,2.239800760646e+00,8.288788283214e-02
-1.216218351094e+00,5.196562038689e+00,8.288419150599e-02
-1.216178326788e+00,4.075349891377e+00,8.289333657834e-02
-1.215850458461e+00,1.273722270792e+00,8.288006149782e-02
-1.215798891023e+00,1.013183490413e+01,6.604097792951e-02
-1.215798850360e+00,6.958471227465e+00,8.284588547678e-02
-1.215781190764e+00,7.239918460519e+00,8.283991274527e-02
-1.215715103417e+00,8.560218865173e+00,8.281442225336e-02
-1.215399490051e+00,3.205879250504e+00,8.288212630558e-02
-1.215333397208e+00,2.272003376975e+00,8.287815019011e-02
-1.215196290783e+00,5.563680003313e+00,8.286718249669e-02
-1.215195604145e+00,4.107552507706e+00,8.288315849231e-02
-1.214932530718e+00,1.305924887121e+00,8.287054523253e-02
-1.214732341996e+00,5.014154706005e+00,8.287264618597e-02
-1.214644332387e+00,8.939189759408e+00,8.279519733823e-02
-1.214460279985e+00,9.752217493439e+00,7.749694116306e-02
-1.214438365708e+00,3.238081866832e+00,8.287215937474e-02
-1.214393871165e+00,2.304205993303e+00,8.286840466687e-02
-1.214212881502e+00,4.139755124035e+00,8.287296631324e-02
-1.214024408563e+00,8.182280679597e+00,8.280349142663e-02
-1.214014602975e+00,1.338127503449e+00,8.286101665928e-02
-1.214009600876e+00,9.350251757711e+00,8.278007379132e-02
-1.213924741970e+00,6.428987785382e+00,8.283655708622e-02
-1.213769849018e+00,6.677940409832e+00,8.283067458889e-02
-1.213710343012e+00,7.522247091381e+00,8.281249762075e-02
-1.213477241365e+00,3.270284483161e+00,8.286217894026e-02
-1.213454345122e+00,2.336408609632e+00,8.285864623701e-02
-1.213448723357e+00,1.051169653411e+01,2.510867436685e-02
-1.213260817900e+00,5.964220969394e+00,8.283823075391e-02
-1.213240249645e+00,7.836327655961e+00,8.280155420643e-02
-1.213230158860e+00,4.171957740363e+00,8.286276001203e-02
-1.213096675231e+00,1.370330119778e+00,8.285147575436e-02
-1.213014392270e+00,4.681802585167e+00,8.286056913132e-02
-1.212677551463e+00,5.748344358887e+00,8.283678053532e-02
-1.212676269391e+00,1.010701794757e+01,6.719250307628e-02
-1.212516117022e+00,3.302487099489e+00,8.285218497488e-02
-1.212514819079e+00,2.368611225961e+00,8.284887487510e-02
-1.212282030060e+00,8.529210819648e+00,8.277868972129e-02
-1.212270502339e+00,6.180902216437e+00,8.282352709908e-02
-1.212247436217e+00,4.204160356692e+00,8.285253955957e-02
-1.212178747488e+00,1.402532736107e+00,8.284192249402e-02
-1.211922325971e+00,4.832545934176e+00,8.284667335098e-02
-1.211894738693e+00,7.209120502628e+00,8.279947189190e-02
-1.211799680560e+00,6.927729029208e+00,8.280434418603e-02
-1.211594305390e+00,5.349429088715e+00,8.283268811588e-02
-1.211575293036e+00,2.400813842289e+00,8.283909055561e-02
-1.211554992679e+00,3.334689715818e+00,8.284217745128e-02
-1.211327406784e+00,5.166312347516e+00,8.283339458795e-02
-1.211325200459e+00,8.908132435403e+00,8.276061705846e-02
-1.211264713574e+00,4.236362973020e+00,8.284230492661e-02
-1.211260819745e+00,1.434735352435e+00,8.283235685442e-02
-1.211215904054e+00,9.727416350234e+00,7.797266893873e-02
-1.210804636977e+00,9.319146454780e+00,8.274660990415e-02
-1.210635766993e+00,2.433016458617e+00,8.282929325294e-02
-1.210593868336e+00,3.366892332147e+00,8.283215634208e-02
-1.210526544819e+00,5.533299465456e+00,8.281839715402e-02
-1.210477626432e+00,8.151323211035e+00,8.276634152981e-02
-1.210447932839e+00,1.048686436053e+01,3.084517992895e-02
-1.210342892002e+00,1.466937968764e+00,8.282277881166e-02
-1.210281990931e+00,4.268565589349e+00,8.283205608386e-02
-1.209936865484e+00,7.491394667777e+00,8.277306182758e-02
-1.209731261780e+00,4.983972361916e+00,8.282074525201e-02
-1.209700931260e+00,6.398360983288e+00,8.279237435061e-02
-1.209696240950e+00,2.465219074946e+00,8.281948294143e-02
-1.209658224332e+00,6.647255263921e+00,8.278771607226e-02
-1.209632743993e+00,3.399094948475e+00,8.282212161980e-02
-1.209579997443e+00,7.805422061749e+00,8.276322356837e-02
-1.209553647759e+00,1.008220099101e+01,6.826357570568e-02
-1.209424964259e+00,1.499140585092e+00,8.281318834181e-02
-1.209299268289e+00,4.300768205678e+00,8.282179300195e-02
-1.208848956703e+00,8.498202774124e+00,8.274260425840e-02
-1.208813465787e+00,5.933714724257e+00,8.279184473603e-02
-1.208756714907e+00,2.497421691274e+00,8.280965959536e-02
-1.208671619650e+00,3.431297564804e+00,8.281207325689e-02
-1.208507036515e+00,1.531343201420e+00,8.280358542084e-02
-1.208316545646e+00,4.332970822006e+00,8.281151565140e-02
-1.208118855981e+00,5.717900324271e+00,8.278930384280e-02
-1.208008286620e+00,7.178322544736e+00,8.275882002390e-02
-1.208006068530e+00,8.877075111399e+00,8.272588185255e-02
-1.207971528122e+00,9.702615207029e+00,7.842656217778e-02
-1.207934780484e+00,6.150335048366e+00,8.277815443826e-02
-1.207817188864e+00,2.529624307603e+00,8.279982318894e-02
-1.207800510760e+00,6.896986830951e+00,8.276258104478e-02
-1.207793996635e+00,4.651758775420e+00,8.280605355177e-02
-1.207710495307e+00,3.463500181133e+00,8.280201122575e-02
-1.207599673078e+00,9.288041151849e+00,8.271300066144e-02
-1.207589108772e+00,1.563545817749e+00,8.279397002468e-02
-1.207447142321e+00,1.046203218695e+01,3.574491373705e-02
-1.207333823003e+00,4.365173438335e+00,8.280122400265e-02
-1.206930844301e+00,8.120365742474e+00,8.272901217032e-02
-1.206877662821e+00,2.561826923931e+00,8.278997369630e-02
-1.206813807823e+00,5.319113332473e+00,8.278261361764e-02
-1.206811426660e+00,4.802432217726e+00,8.279308100620e-02
-1.206749370965e+00,3.495702797461e+00,8.279193549868e-02
-1.206671181029e+00,1.595748434078e+00,8.278434212918e-02
-1.206436462473e+00,5.136062656342e+00,8.278227041777e-02
-1.206431026127e+00,1.005738403445e+01,6.926231837867e-02
-1.206351100361e+00,4.397376054664e+00,8.279091802609e-02
-1.206163387955e+00,7.460542244173e+00,8.273342504483e-02
-1.205938136778e+00,2.594029540260e+00,8.278011109152e-02
-1.205919745240e+00,7.774516467537e+00,8.272470253495e-02
-1.205856798856e+00,5.502918927598e+00,8.276930700346e-02
-1.205788246622e+00,3.527905413790e+00,8.278184604792e-02
-1.205753253286e+00,1.627951050406e+00,8.277470171017e-02
-1.205546599646e+00,6.616570118009e+00,8.274439006709e-02
-1.205477120551e+00,6.367734181194e+00,8.274794026890e-02
-1.205415883346e+00,8.467194728599e+00,8.270634927155e-02
-1.205368377718e+00,4.429578670992e+00,8.278059769201e-02
-1.204998610735e+00,2.626232156588e+00,8.277023534858e-02
-1.204835325542e+00,1.660153666734e+00,8.276504874337e-02
-1.204827122279e+00,3.560108030119e+00,8.277174284562e-02
-1.204730181565e+00,4.953790017827e+00,8.276850515222e-02
-1.204727152191e+00,9.677814063824e+00,7.886007819261e-02
-1.204686936602e+00,8.846017787394e+00,8.269099074515e-02
-1.204446351803e+00,1.043720001337e+01,3.997840495910e-02
-1.204394709180e+00,9.256935848919e+00,8.267924517197e-02
-1.204385655075e+00,4.461781287321e+00,8.277026297062e-02
-1.204366113673e+00,5.903208479120e+00,8.274518423004e-02
-1.204121834548e+00,7.147524586845e+00,8.271795561222e-02
-1.204059084692e+00,2.658434772917e+00,8.276034644145e-02
-1.203917397799e+00,1.692356283063e+00,8.275538320444e-02
-1.203865997936e+00,3.592310646447e+00,8.276162586388e-02
-1.203801340960e+00,6.866244632694e+00,8.272059441864e-02
-1.203599058629e+00,6.119767880295e+00,8.273251818022e-02
-1.203560160500e+00,5.687456289656e+00,8.274154114489e-02
-1.203402932432e+00,4.493983903650e+00,8.275991383206e-02
-1.203384062171e+00,8.089408273913e+00,8.269150212429e-02
-1.203308404495e+00,1.003256707789e+01,7.019579610157e-02
-1.203119558648e+00,2.690637389245e+00,8.275044434397e-02
-1.202999470056e+00,1.724558899391e+00,8.274570506903e-02
-1.202904873593e+00,3.624513262776e+00,8.275149507469e-02
-1.202573601000e+00,4.621714965673e+00,8.275116397574e-02
-1.202420209790e+00,4.526186519978e+00,8.274955024634e-02
-1.202389910426e+00,7.429689820568e+00,8.269358584168e-02
-1.202259493038e+00,7.743610873325e+00,8.268598977791e-02
-1.202180032605e+00,2.722840005574e+00,8.274052902995e-02
-1.202081542313e+00,1.756761515720e+00,8.273601431266e-02
-1.202033310256e+00,5.288797576232e+00,8.273222061585e-02
-1.201982809989e+00,8.436186683074e+00,8.266992363151e-02
-1.201943749250e+00,3.656715879105e+00,8.274135045001e-02
-1.201700527348e+00,4.772318501276e+00,8.273912528395e-02
-1.201545518163e+00,5.105812965168e+00,8.273081617019e-02
-1.201482776259e+00,9.653012920618e+00,7.927454796158e-02
-1.201445561285e+00,1.041236783979e+01,4.367279382205e-02
-1.201437487147e+00,4.558389136307e+00,8.273917218344e-02
-1.201434974960e+00,6.585884972097e+00,8.270082228315e-02
-1.201367804673e+00,8.814960463390e+00,8.265594275346e-02
-1.201253309841e+00,6.337107379100e+00,8.270325286179e-02
-1.201240506562e+00,2.755042621902e+00,8.273060047310e-02
-1.201189745281e+00,9.225830545988e+00,8.264534253780e-02
-1.201187052893e+00,5.472538389741e+00,8.271990944240e-02
-1.201163614570e+00,1.788964132048e+00,8.272631091084e-02
-1.200982624907e+00,3.688918495433e+00,8.273119196166e-02
-1.200454764504e+00,4.590591752636e+00,8.272877961325e-02
-1.200300980519e+00,2.787245238231e+00,8.272065864710e-02
-1.200245686826e+00,1.821166748377e+00,8.271659483897e-02
-1.200235382476e+00,7.116726628953e+00,8.267687711458e-02
-1.200185782863e+00,1.000775012133e+01,7.107018302217e-02
-1.200021500564e+00,3.721121111762e+00,8.272101958147e-02
-1.199918761560e+00,5.872702233983e+00,8.269824702318e-02
-1.199837280040e+00,8.058450805352e+00,8.265381015758e-02
-1.199802171160e+00,6.835502434437e+00,8.267838265909e-02
-1.199729101349e+00,4.923607673737e+00,8.271591021460e-02
-1.199361454476e+00,2.819447854559e+00,8.271070352551e-02
-1.199327759083e+00,1.853369364705e+00,8.270686607243e-02
-1.199263336773e+00,6.089200712225e+00,8.268661622168e-02
-1.199060376221e+00,3.753323728091e+00,8.271083328111e-02
-1.199001465018e+00,5.657012255040e+00,8.269349011639e-02
-1.198616432898e+00,7.398837396964e+00,8.265354277507e-02
-1.198599240836e+00,7.712705279112e+00,8.264708395778e-02
-1.198549736632e+00,8.405178637550e+00,8.263332619974e-02
-1.198444770767e+00,1.038753566621e+01,4.692480603269e-02
-1.198421928433e+00,2.851650470888e+00,8.270073508186e-02
-1.198409831340e+00,1.885571981034e+00,8.269712458651e-02
-1.198238400328e+00,9.628211777413e+00,7.967118948281e-02
-1.198099251879e+00,3.785526344419e+00,8.270063303221e-02
-1.198048672745e+00,8.783903139385e+00,8.262073688713e-02
-1.197984781382e+00,9.194725243057e+00,8.261129185427e-02
-1.197491903597e+00,1.917774597362e+00,8.268737035645e-02
-1.197482402390e+00,2.883853087217e+00,8.269075328961e-02
-1.197323350273e+00,6.555199826185e+00,8.265701084130e-02
-1.197252812688e+00,5.258481819990e+00,8.268150637032e-02
-1.197138127536e+00,3.817728960748e+00,8.269041880634e-02
-1.197063161231e+00,9.982933164767e+00,7.189089855910e-02
-1.197029499132e+00,6.306480577006e+00,8.265831013162e-02
-1.196654573852e+00,5.075563273994e+00,8.267902899331e-02
-1.196589628037e+00,4.742204784826e+00,8.268480288217e-02
-1.196573975854e+00,1.949977213690e+00,8.267760335740e-02
-1.196542876347e+00,2.916055703546e+00,8.268075812213e-02
-1.196517306930e+00,5.442157851883e+00,8.267020184274e-02
-1.196348930404e+00,7.085928671061e+00,8.263558297548e-02
-1.196290497909e+00,8.027493336791e+00,8.261593502574e-02
-1.196177003193e+00,3.849931577077e+00,8.268019057495e-02
-1.195803001360e+00,6.804760236180e+00,8.263594410337e-02
-1.195656048111e+00,1.982179830019e+00,8.266782356449e-02
-1.195603350304e+00,2.948258319874e+00,8.267074955272e-02
-1.195471409446e+00,5.842195988846e+00,8.265103088236e-02
-1.195443980249e+00,1.036270349263e+01,4.980933429028e-02
-1.195215878850e+00,3.882134193405e+00,8.266994830947e-02
-1.195116663275e+00,8.374170592025e+00,8.259655582829e-02
-1.194994024396e+00,9.603410634207e+00,8.005092309302e-02
-1.194938988634e+00,7.681799684900e+00,8.260798372369e-02
-1.194927614918e+00,6.058633544154e+00,8.264044643989e-02
-1.194861012648e+00,1.562500050003e-02,8.367770753557e-02
-1.194861012648e+00,4.687500150008e-02,8.356556777695e-02
-1.194861012648e+00,1.406250045003e-01,8.325850800892e-02
-1.194861012648e+00,3.281250105004e-01,8.281389453599e-02
-1.194861012648e+00,4.218750135002e-01,8.269573894480e-02
-1.194861012648e+00,5.781250184999e-01,8.265568346127e-02
-1.194861012648e+00,6.093750194998e-01,8.265568346127e-02
-1.194861012648e+00,8.281250264997e-01,8.265568346127e-02
-1.194861012648e+00,8.593750274998e-01,8.265568346127e-02
-1.194861012648e+00,9.531250305000e-01,8.265568346127e-02
-1.194861012648e+00,7.812500250012e-02,8.345803464301e-02
-1.194861012648e+00,1.093750035002e-01,8.335553837487e-02
-1.194861012648e+00,1.718750055004e-01,8.316736725334e-02
-1.194861012648e+00,2.968750095005e-01,8.286973601141e-02
-1.194861012648e+00,3.593750115003e-01,8.276611636371e-02
-1.194861012648e+00,3.906250125002e-01,8.272665904185e-02
-1.194861012648e+00,4.531250145001e-01,8.267352798290e-02
-1.194861012648e+00,5.156250165000e-01,8.265568346127e-02
-1.194861012648e+00,5.468750174999e-01,8.265568346127e-02
-1.194861012648e+00,7.031250224997e-01,8.265568346127e-02
-1.194861012648e+00,7.343750234997e-01,8.265568346127e-02
-1.194861012648e+00,7.656250244996e-01,8.265568346127e-02
-1.194861012648e+00,7.968750254997e-01,8.265568346127e-02
-1.194861012648e+00,8.906250284999e-01,8.265568346127e-02
-1.194861012648e+00,9.218750295000e-01,8.265568346127e-02
-1.194861012648e+00,9.843750315000e-01,8.265568346127e-02
-1.194861012648e+00,2.031250065004e-01,8.308253008275e-02
-1.194861012648e+00,2.343750075005e-01,8.300439611949e-02
-1.194861012648e+00,2.656250085005e-01,8.293334588421e-02
-1.194861012648e+00,4.843750155000e-01,8.266015093147e-02
-1.194861012648e+00,6.406250204998e-01,8.265568346127e-02
-1.194861012648e+00,6.718750214997e-01,8.265568346127e-02
-1.194842955369e+00,7.367984973360e+00,8.261329438961e-02
-1.194779817484e+00,9.163619940127e+00,8.257709220989e-02
-1.194738120367e+00,2.014382446347e+00,8.265803095274e-02
-1.194729540816e+00,8.752845815381e+00,8.258522519981e-02
-1.194728021134e+00,4.893425329648e+00,8.266248270561e-02
-1.194663824261e+00,2.980460936203e+00,8.266072755463e-02
-1.194442769536e+00,5.626568220424e+00,8.264484033959e-02
-1.194412847926e+00,1.016101340164e+00,8.265089756854e-02
-1.194254754507e+00,3.914336809734e+00,8.265969198119e-02
-1.193940539600e+00,9.958116208205e+00,7.266271930953e-02
-1.193820192624e+00,2.046585062676e+00,8.264822549713e-02
-1.193724298218e+00,3.012663552531e+00,8.265069210100e-02
-1.193516518483e+00,1.048303956493e+00,8.264131658749e-02
-1.193293630164e+00,3.946539426063e+00,8.264942156137e-02
-1.193211725587e+00,6.524514680274e+00,8.261295384499e-02
-1.192902264881e+00,2.078787679004e+00,8.263840717257e-02
-1.192805688422e+00,6.275853774912e+00,8.261311006215e-02
-1.192784772175e+00,3.044866168860e+00,8.264064316495e-02
-1.192743715778e+00,7.996535868230e+00,8.257787547393e-02
-1.192620189040e+00,1.080506572821e+00,8.263172332613e-02
-1.192472315121e+00,5.228166063749e+00,8.263046811451e-02
-1.192462478332e+00,7.055130713170e+00,8.259407162603e-02
-1.192443189730e+00,1.033787131905e+01,5.238526945491e-02
-1.192332505821e+00,3.978742042391e+00,8.263913702116e-02
-1.191984337138e+00,2.110990295333e+00,8.262857595392e-02
-1.191847560967e+00,5.411777314025e+00,8.262018155075e-02
-1.191845246132e+00,3.077068785189e+00,8.263058071948e-02
-1.191826548767e+00,9.575434071974e+00,8.045947815550e-02
-1.191803831560e+00,6.774018037923e+00,8.259327707446e-02
-1.191763629541e+00,5.045313582820e+00,8.262690600852e-02
-1.191723859596e+00,1.112709189150e+00,8.262211776103e-02
-1.191683589918e+00,8.343162546500e+00,8.255961135977e-02
-1.191574853585e+00,9.132514637197e+00,8.254274268628e-02
-1.191478728725e+00,4.712091068376e+00,8.263011046618e-02
-1.191410408888e+00,8.721788491377e+00,8.254944767872e-02
-1.191371381478e+00,4.010944658720e+00,8.262883833166e-02
-1.191278736431e+00,7.650894090688e+00,8.256868771337e-02
-1.191069477841e+00,7.337132549756e+00,8.257283921744e-02
-1.191066409395e+00,2.143192911661e+00,8.261873181593e-02
-1.191024057333e+00,5.811689743709e+00,8.260353355407e-02
-1.190905720089e+00,3.109271401518e+00,8.262050473755e-02
-1.190827530153e+00,1.144911805478e+00,8.261249986869e-02
-1.190817917968e+00,9.933299251644e+00,7.338987161862e-02
-1.190591893063e+00,6.028066376083e+00,8.259400669250e-02
-1.190410257135e+00,4.043147275049e+00,8.261852546386e-02
-1.190148481651e+00,2.175395527990e+00,8.260887473334e-02
-1.189966194046e+00,3.141474017846e+00,8.261041519204e-02
-1.189931200710e+00,1.177114421807e+00,8.260286962553e-02
-1.189884074054e+00,5.596124185808e+00,8.259577233899e-02
-1.189726940918e+00,4.863242985559e+00,8.260869573703e-02
-1.189449132793e+00,4.075349891377e+00,8.260819838870e-02
-1.189442399212e+00,1.031303914547e+01,5.469955761248e-02
-1.189230553908e+00,2.207598144318e+00,8.259900468079e-02
-1.189196933648e+00,7.965578399668e+00,8.253963023676e-02
-1.189100100901e+00,6.493829534362e+00,8.256864938007e-02
-1.189034871266e+00,1.209317038135e+00,8.259322700795e-02
-1.189026668003e+00,3.173676634175e+00,8.260031205576e-02
-1.188735973441e+00,9.544282090712e+00,8.089185236194e-02
-1.188581877712e+00,6.245226972819e+00,8.256765061845e-02
-1.188576026260e+00,7.024332755278e+00,8.255234148384e-02
-1.188488008450e+00,4.107552507706e+00,8.259785707702e-02
-1.188369889686e+00,9.101409334266e+00,8.250824235819e-02
-1.188312626165e+00,2.239800760646e+00,8.258912163287e-02
-1.188250516561e+00,8.312154500976e+00,8.252249162723e-02
-1.188138541823e+00,1.241519654464e+00,8.258357199225e-02
-1.188091276959e+00,8.690731167372e+00,8.251350544485e-02
-1.188087141960e+00,3.205879250504e+00,8.259019530144e-02
-1.187804661760e+00,6.743275839666e+00,8.255007495101e-02
-1.187695296336e+00,9.908482295083e+00,7.407610860017e-02
-1.187691817554e+00,5.197850307508e+00,8.257910305540e-02
-1.187618484229e+00,7.619988496476e+00,8.252919455293e-02
-1.187526884107e+00,4.139755124035e+00,8.258750149960e-02
-1.187394698422e+00,2.272003376975e+00,8.257922556407e-02
-1.187296000312e+00,7.306280126152e+00,8.253217577818e-02
-1.187242212380e+00,1.273722270792e+00,8.257390455471e-02
-1.187177815003e+00,5.381396776168e+00,8.256984588678e-02
-1.187147615917e+00,3.238081866832e+00,8.258006490173e-02
-1.186872685231e+00,5.015063891647e+00,8.257444431028e-02
-1.186576705219e+00,5.781183498572e+00,8.255575276421e-02
-1.186565759764e+00,4.171957740363e+00,8.257713162711e-02
-1.186476770678e+00,2.304205993303e+00,8.256931644886e-02
-1.186441608694e+00,1.028820697189e+01,5.679008236814e-02
-1.186367829414e+00,4.681977351925e+00,8.257504466834e-02
-1.186345882936e+00,1.305924887121e+00,8.256422467150e-02
-1.186256171208e+00,5.997499208013e+00,8.254729481740e-02
-1.186208089873e+00,3.270284483161e+00,8.256992082923e-02
-1.185650151517e+00,7.934620931107e+00,8.250119803823e-02
-1.185645398115e+00,9.513130109451e+00,8.130291490219e-02
-1.185604635421e+00,4.204160356692e+00,8.256674743018e-02
-1.185558842935e+00,2.336408609632e+00,8.255939426163e-02
-1.185449553493e+00,1.338127503449e+00,8.255453231878e-02
-1.185325378572e+00,5.565680151193e+00,8.254639989575e-02
-1.185268563831e+00,3.302487099489e+00,8.255976305645e-02
-1.185164925787e+00,9.070304031335e+00,8.247359029334e-02
-1.184988476215e+00,6.463144388451e+00,8.252409551459e-02
-1.184817443204e+00,8.281146455451e+00,8.248519545409e-02
-1.184772145031e+00,8.659673843368e+00,8.247739742044e-02
-1.184725860703e+00,4.833060641470e+00,8.255454604231e-02
-1.184689574188e+00,6.993534797387e+00,8.251039095292e-02
-1.184643511078e+00,4.236362973020e+00,8.255634887932e-02
-1.184640915192e+00,2.368611225961e+00,8.254945897668e-02
-1.184572674704e+00,9.883665338522e+00,7.472477457258e-02
-1.184553224050e+00,1.370330119778e+00,8.254482747261e-02
-1.184358067003e+00,6.214600170725e+00,8.252192974673e-02
-1.184329037787e+00,3.334689715818e+00,8.254959155582e-02
-1.183958232027e+00,7.589082902264e+00,8.248950285688e-02
-1.183805491960e+00,6.712533641409e+00,8.250659443248e-02
-1.183722987449e+00,2.400813842289e+00,8.253951056825e-02
-1.183682386735e+00,4.268565589349e+00,8.254593594498e-02
-1.183656894606e+00,1.402532736107e+00,8.253511010902e-02
-1.183522522783e+00,7.275427702547e+00,8.249130257874e-02
-1.183440818176e+00,1.026337479831e+01,5.868775096103e-02
-1.183389511744e+00,3.366892332147e+00,8.253940629972e-02
-1.182911319986e+00,5.167534551266e+00,8.252740837324e-02
-1.182805059706e+00,2.433016458617e+00,8.252954901055e-02
-1.182760565163e+00,1.434735352435e+00,8.252538020395e-02
-1.182721262392e+00,4.300768205678e+00,8.253550859754e-02
-1.182554822789e+00,9.481978128190e+00,8.169434857823e-02
-1.182508069040e+00,5.351016238310e+00,8.251919214512e-02
-1.182449985701e+00,3.399094948475e+00,8.252920726045e-02
-1.182129353106e+00,5.750677253435e+00,8.250768621794e-02
-1.182103369386e+00,7.903663462546e+00,8.246257759166e-02
-1.181981740920e+00,4.984814200473e+00,8.252164096595e-02
-1.181959961889e+00,9.039198728405e+00,8.243878555246e-02
-1.181920449353e+00,5.966932039942e+00,8.250030863252e-02
-1.181887131962e+00,2.465219074946e+00,8.251957427768e-02
-1.181864235719e+00,1.466937968764e+00,8.251563773329e-02
-1.181760138049e+00,4.332970822006e+00,8.252506680727e-02
-1.181510459658e+00,3.431297564804e+00,8.251899441021e-02
-1.181453013103e+00,8.628616519363e+00,8.244112251895e-02
-1.181450053072e+00,9.858848381961e+00,7.533885924543e-02
-1.181384369848e+00,8.250138409926e+00,8.244772165401e-02
-1.181256930102e+00,4.651863635475e+00,8.251960208789e-02
-1.180969204219e+00,2.497421691274e+00,8.250958634368e-02
-1.180967906276e+00,1.499140585092e+00,8.250588267289e-02
-1.180876851529e+00,6.432459242539e+00,8.247929029872e-02
-1.180803122116e+00,6.962736839496e+00,8.246821842353e-02
-1.180799013707e+00,4.365173438335e+00,8.251461054438e-02
-1.180766683090e+00,5.535236116577e+00,8.249672041750e-02
-1.180570933615e+00,3.463500181133e+00,8.250876772116e-02
-1.180440027658e+00,1.023854262473e+01,6.041802949162e-02
-1.180297979824e+00,7.558177308052e+00,8.244961122795e-02
-1.180134256293e+00,6.183973368631e+00,8.247594537415e-02
-1.180071576833e+00,1.531343201420e+00,8.249611499849e-02
-1.180051276476e+00,2.529624307603e+00,8.249958518254e-02
-1.179837889364e+00,4.397376054664e+00,8.250413977899e-02
-1.179806322160e+00,6.681791443152e+00,8.246287388804e-02
-1.179749045255e+00,7.244575278943e+00,8.245021811325e-02
-1.179724780487e+00,4.802878297380e+00,8.250003032189e-02
-1.179631407572e+00,3.495702797461e+00,8.249852716537e-02
-1.179464247463e+00,9.450826146929e+00,8.206751186250e-02
-1.179175247389e+00,1.563545817749e+00,8.248633468583e-02
-1.179133348733e+00,2.561826923931e+00,8.248957076816e-02
-1.178876765021e+00,4.429578670992e+00,8.249365448114e-02
-1.178754997990e+00,9.008093425474e+00,8.240368492664e-02
-1.178691881529e+00,3.527905413790e+00,8.248827271482e-02
-1.178556587255e+00,7.872705993985e+00,8.242376759955e-02
-1.178327431440e+00,9.834031425400e+00,7.592104350959e-02
-1.178278917946e+00,1.595748434078e+00,8.247654171052e-02
-1.178215420990e+00,2.594029540260e+00,8.247954307438e-02
-1.178133881174e+00,8.597559195358e+00,8.240467964504e-02
-1.178130822419e+00,5.137218795025e+00,8.247538122136e-02
-1.177951296491e+00,8.219130364402e+00,8.241006903088e-02
-1.177915640678e+00,4.461781287321e+00,8.248315462079e-02
-1.177838323077e+00,5.320635700453e+00,8.246821759374e-02
-1.177752355486e+00,3.560108030119e+00,8.247800434144e-02
-1.177682000992e+00,5.720171008298e+00,8.245933159950e-02
-1.177584727498e+00,5.936364871872e+00,8.245304593571e-02
-1.177439237140e+00,1.021371045115e+01,6.200208982712e-02
-1.177382588503e+00,1.627951050406e+00,8.246673604817e-02
-1.177297493246e+00,2.626232156588e+00,8.246950207498e-02
-1.177090796610e+00,4.954564509299e+00,8.246849301570e-02
-1.176954516335e+00,4.493983903650e+00,8.247264016782e-02
-1.176916670044e+00,6.931938881605e+00,8.242582227215e-02
-1.176812829443e+00,3.592310646447e+00,8.246772201707e-02
-1.176765226843e+00,6.401774096628e+00,8.243423176451e-02
-1.176637727622e+00,7.527271713840e+00,8.240951825698e-02
-1.176486259059e+00,1.660153666734e+00,8.245691767428e-02
-1.176379565503e+00,2.658434772917e+00,8.245944774366e-02
-1.176373672137e+00,9.419674165667e+00,8.236817784486e-02
-1.176207987609e+00,5.504792081962e+00,8.244673128636e-02
-1.176146030791e+00,4.621749919025e+00,8.246377929075e-02
-1.175993391992e+00,4.526186519978e+00,8.246211109201e-02
-1.175975567726e+00,7.213722855339e+00,8.240892086299e-02
-1.175910445584e+00,6.153346566537e+00,8.242969540867e-02
-1.175873303400e+00,3.624513262776e+00,8.245742571347e-02
-1.175807152360e+00,6.651049244894e+00,8.241891146695e-02
-1.175589929616e+00,1.692356283063e+00,8.244708656433e-02
-1.175550034091e+00,8.976988122544e+00,8.236832422319e-02
-1.175461637760e+00,2.690637389245e+00,8.244938005406e-02
-1.175204809808e+00,9.809214468838e+00,7.647330882535e-02
-1.175032267649e+00,4.558389136307e+00,8.245156736308e-02
-1.175009805125e+00,7.841748525424e+00,8.238476675351e-02
-1.174933777357e+00,3.656715879105e+00,8.244711540235e-02
-1.174814749245e+00,8.566501871354e+00,8.236806769441e-02
-1.174723700272e+00,4.772695953291e+00,8.244514524296e-02
-1.174693600172e+00,1.724558899391e+00,8.243724269369e-02
-1.174543710017e+00,2.722840005574e+00,8.243929897973e-02
-1.174518223134e+00,8.188122318877e+00,8.237223637866e-02
-1.174438446622e+00,1.018887827757e+01,6.345767814273e-02
-1.174071143306e+00,4.590591752636e+00,8.244100895065e-02
-1.173994251314e+00,3.688918495433e+00,8.243679105532e-02
-1.173797270729e+00,1.756761515720e+00,8.242738603769e-02
-1.173625782274e+00,2.755042621902e+00,8.242920449419e-02
-1.173350324852e+00,5.106903038783e+00,8.242301872601e-02
-1.173283096811e+00,9.388522184406e+00,8.233415845293e-02
-1.173249005643e+00,5.905797703801e+00,8.240550450454e-02
-1.173234648878e+00,5.689664763161e+00,8.241059530164e-02
-1.173168577114e+00,5.290255162595e+00,8.241691947407e-02
-1.173054725271e+00,3.721121111762e+00,8.242645264392e-02
-1.173030217972e+00,6.901140923713e+00,8.238320086125e-02
-1.172977475420e+00,7.496366119627e+00,8.236922252287e-02
-1.172900941286e+00,1.788964132048e+00,8.241751657162e-02
-1.172860815969e+00,1.059361384924e+01,6.608629146927e-06
-1.172707854530e+00,2.787245238231e+00,8.241909657085e-02
-1.172653602156e+00,6.371088950716e+00,8.238891792575e-02
-1.172345070192e+00,8.945882819613e+00,8.233280432499e-02
-1.172202090197e+00,7.182870431735e+00,8.236740929619e-02
-1.172199852299e+00,4.924314818125e+00,8.241478227234e-02
-1.172115199228e+00,3.753323728091e+00,8.241610013961e-02
-1.172082188176e+00,9.784397512277e+00,7.699767123071e-02
-1.172004611842e+00,1.821166748377e+00,8.240763427065e-02
-1.171807982560e+00,6.620307046637e+00,8.237470530137e-02
-1.171789926787e+00,2.819447854559e+00,8.240897518307e-02
-1.171686634874e+00,6.122719764443e+00,8.238317773889e-02
-1.171649292127e+00,5.474348047346e+00,8.239642985872e-02
-1.171495617317e+00,8.535444547350e+00,8.233128555381e-02
-1.171463022994e+00,7.810791056863e+00,8.234557373416e-02
-1.171437656104e+00,1.016404610399e+01,6.479978085563e-02
-1.171175673185e+00,3.785526344419e+00,8.240573351377e-02
-1.171108282399e+00,1.853369364705e+00,8.239773910996e-02
-1.171085149777e+00,8.157114273352e+00,8.233422248132e-02
-1.170871999044e+00,2.851650470888e+00,8.239884030413e-02
-1.170236147142e+00,3.817728960748e+00,8.239535273772e-02
-1.170211952956e+00,1.885571981034e+00,8.238783106458e-02
-1.170192521485e+00,9.357370203144e+00,8.229999300522e-02
-1.169981930463e+00,1.056876705535e+01,1.009245244745e-02
-1.169954071301e+00,2.883853087217e+00,8.238869190725e-02
-1.169722620057e+00,4.742513609202e+00,8.238988743917e-02
-1.169317223218e+00,7.465460525415e+00,8.232872259242e-02
-1.169315623512e+00,1.917774597362e+00,8.237791010956e-02
-1.169296621099e+00,3.849931577077e+00,8.238495778267e-02
-1.169143765900e+00,6.870342965822e+00,8.234021905624e-02
-1.169140106294e+00,8.914777516682e+00,8.229712421095e-02
-1.169036143558e+00,2.916055703546e+00,8.237852996558e-02
-1.168959566544e+00,9.759580555716e+00,7.749684131326e-02
-1.168913283787e+00,5.875230535731e+00,8.235768209616e-02
-1.168787296765e+00,5.659158518024e+00,8.236122408208e-02
-1.168569827284e+00,5.076587282542e+00,8.237031798617e-02
-1.168541977470e+00,6.340403804804e+00,8.234334677780e-02
-1.168498831151e+00,5.259874624738e+00,8.236529500085e-02
-1.168436865586e+00,1.013921393041e+01,6.604114102833e-02
-1.168428612669e+00,7.152018008131e+00,8.232568186799e-02
-1.168419294069e+00,1.949977213690e+00,8.236797621983e-02
-1.168357095056e+00,3.882134193405e+00,8.237454861981e-02
-1.168176485389e+00,8.504387223345e+00,8.229433210091e-02
-1.168118215814e+00,2.948258319874e+00,8.236835445218e-02
-1.167916240863e+00,7.779833588302e+00,8.230618721100e-02
-1.167808812759e+00,6.589564848380e+00,8.233025350615e-02
-1.167652076420e+00,8.126106227828e+00,8.229602611275e-02
-1.167522964626e+00,1.982179830019e+00,8.235802937026e-02
-1.167462824165e+00,6.092092962349e+00,8.233639023384e-02
-1.167417569012e+00,3.914336809734e+00,8.236412522018e-02
-1.167308907989e+00,4.894065126951e+00,8.236042166525e-02
-1.167200288071e+00,2.980460936203e+00,8.235816534007e-02
-1.167103044957e+00,1.054392026146e+01,1.830135709205e-02
-1.167101946159e+00,9.326218221883e+00,8.226568061691e-02
-1.167090596645e+00,5.443904012730e+00,8.234581346496e-02
-1.166626635182e+00,2.014382446347e+00,8.234806953570e-02
-1.166478042970e+00,3.946539426063e+00,8.235368755480e-02
-1.166282360328e+00,3.012663552531e+00,8.234796260217e-02
-1.166069181018e+00,4.687500150008e-02,8.330628205722e-02
-1.166069181018e+00,3.281250105004e-01,8.250695388009e-02
-1.166069181018e+00,8.593750274998e-01,8.233796036316e-02
-1.166069181018e+00,1.562500050003e-02,8.342504363425e-02
-1.166069181018e+00,1.406250045003e-01,8.298045298935e-02
-1.166069181018e+00,2.968750095005e-01,8.256653705283e-02
-1.166069181018e+00,3.593750115003e-01,8.245594788485e-02
-1.166069181018e+00,3.906250125002e-01,8.241380642567e-02
-1.166069181018e+00,4.218750135002e-01,8.238077122822e-02
-1.166069181018e+00,4.531250145001e-01,8.235703454086e-02
-1.166069181018e+00,5.156250165000e-01,8.233796036316e-02
-1.166069181018e+00,5.468750174999e-01,8.233796036316e-02
-1.166069181018e+00,5.781250184999e-01,8.233796036316e-02
-1.166069181018e+00,6.093750194998e-01,8.233796036316e-02
-1.166069181018e+00,6.406250204998e-01,8.233796036316e-02
-1.166069181018e+00,7.031250224997e-01,8.233796036316e-02
-1.166069181018e+00,7.656250244996e-01,8.233796036316e-02
-1.166069181018e+00,7.968750254997e-01,8.233796036316e-02
-1.166069181018e+00,8.281250264997e-01,8.233796036316e-02
-1.166069181018e+00,8.906250284999e-01,8.233796036316e-02
-1.166069181018e+00,9.218750295000e-01,8.233796036316e-02
-1.166069181018e+00,9.531250305000e-01,8.233796036316e-02
-1.166069181018e+00,7.812500250012e-02,8.319228298362e-02
-1.166069181018e+00,1.093750035002e-01,8.308351654689e-02
-1.166069181018e+00,1.718750055004e-01,8.288355805291e-02
-1.166069181018e+00,2.031250065004e-01,8.279328801745e-02
-1.166069181018e+00,2.343750075005e-01,8.271008446371e-02
-1.166069181018e+00,2.656250085005e-01,8.263436885552e-02
-1.166069181018e+00,4.843750155000e-01,8.234273600840e-02
-1.166069181018e+00,6.718750214997e-01,8.233796036316e-02
-1.166069181018e+00,7.343750234997e-01,8.233796036316e-02
-1.166069181018e+00,9.843750315000e-01,8.233796036316e-02
-1.165935142395e+00,8.883672213752e+00,8.226128285178e-02
-1.165836944913e+00,9.734763599155e+00,7.797257723238e-02
-1.165730305739e+00,2.046585062676e+00,8.233809669086e-02
-1.165656971016e+00,7.434554931203e+00,8.228801702027e-02
-1.165631815446e+00,1.016101340164e+00,8.233309074513e-02
-1.165538516926e+00,3.978742042391e+00,8.234323559457e-02
-1.165436075068e+00,1.011438175683e+01,6.719266300020e-02
-1.165364432585e+00,3.044866168860e+00,8.233774621132e-02
-1.165257313828e+00,6.839545007931e+00,8.229679416440e-02
-1.164857353460e+00,8.473329899341e+00,8.225720620421e-02
-1.164833976296e+00,2.078787679004e+00,8.232811081046e-02
-1.164757084303e+00,1.048303956493e+00,8.232334219146e-02
-1.164721539841e+00,4.712331265112e+00,8.233425351043e-02
-1.164655135140e+00,7.121165584527e+00,8.228373702035e-02
-1.164598990883e+00,4.010944658720e+00,8.233276931034e-02
-1.164577561932e+00,5.844663367660e+00,8.230957644715e-02
-1.164446504842e+00,3.077068785189e+00,8.232751614035e-02
-1.164430352784e+00,6.309718658892e+00,8.229751629742e-02
-1.164369458732e+00,7.748876119740e+00,8.226660584237e-02
-1.164339944651e+00,5.628652272887e+00,8.231154876332e-02
-1.164224159452e+00,1.051907346757e+01,2.510881707426e-02
-1.164219003063e+00,8.095098182303e+00,8.225764603666e-02
-1.164011370833e+00,9.295066240621e+00,8.223114085436e-02
-1.163937646852e+00,2.110990295333e+00,8.231811186910e-02
-1.163882353159e+00,1.080506572821e+00,8.231358119463e-02
-1.163829085188e+00,5.229494086880e+00,8.231334136186e-02
-1.163809642959e+00,6.558822650123e+00,8.228555417864e-02
-1.163789329717e+00,5.046271526301e+00,8.231727607337e-02
-1.163659464840e+00,4.043147275049e+00,8.232228867287e-02
-1.163528577098e+00,3.109271401518e+00,8.231727236195e-02
-1.163239013455e+00,6.061466160256e+00,8.228933074287e-02
-1.163041317409e+00,2.143192911661e+00,8.230809984135e-02
-1.163007622016e+00,1.112709189150e+00,8.230380773100e-02
-1.162730178496e+00,8.852566910821e+00,8.222527921003e-02
-1.162719938797e+00,4.075349891377e+00,8.231179365282e-02
-1.162714323281e+00,9.709946642594e+00,7.842647798302e-02
-1.162610649355e+00,3.141474017846e+00,8.230701484876e-02
-1.162531901163e+00,5.413459978115e+00,8.229487940930e-02
-1.162435284550e+00,1.008954958325e+01,6.826373248877e-02
-1.162417963678e+00,4.863815435777e+00,8.230569571208e-02
-1.162144987965e+00,2.175395527990e+00,8.229807470169e-02
-1.162132890872e+00,1.144911805478e+00,8.229402177686e-02
-1.161996718813e+00,7.403649336990e+00,8.224710434876e-02
-1.161780412754e+00,4.107552507706e+00,8.230128422083e-02
-1.161692721612e+00,3.173676634175e+00,8.229674357335e-02
-1.161538221532e+00,8.442272575336e+00,8.221990672298e-02
-1.161370861756e+00,6.808747050039e+00,8.225313272611e-02
-1.161345273946e+00,1.049422667368e+01,3.084534144661e-02
-1.161258159729e+00,1.177114421807e+00,8.228422330841e-02
-1.161248658522e+00,2.207598144318e+00,8.228803642455e-02
-1.160920795507e+00,9.263914259360e+00,8.219629059996e-02
-1.160881657612e+00,7.090313160923e+00,8.224157318182e-02
-1.160840886711e+00,4.139755124035e+00,8.229076034739e-02
-1.160822676602e+00,7.717918651179e+00,8.222682827532e-02
-1.160785929706e+00,8.064090136779e+00,8.221908100652e-02
-1.160774793869e+00,3.205879250504e+00,8.228645850822e-02
-1.160383428585e+00,1.209317038135e+00,8.227441230185e-02
-1.160352329079e+00,2.239800760646e+00,8.227798498429e-02
-1.160318728098e+00,6.279033512981e+00,8.225142444264e-02
-1.160241840077e+00,5.814096199589e+00,8.226118527331e-02
-1.159901360668e+00,4.171957740363e+00,8.228022200296e-02
-1.159892592538e+00,5.598146027750e+00,8.226156676456e-02
-1.159856866125e+00,3.238081866832e+00,8.227615962581e-02
-1.159810473159e+00,6.528080451866e+00,8.224060539865e-02
-1.159720459626e+00,4.682148921023e+00,8.227824002268e-02
-1.159591701649e+00,9.685129686032e+00,7.886000093663e-02
-1.159525214597e+00,8.821461607890e+00,8.218911223985e-02
-1.159508697442e+00,1.241519654464e+00,8.226458873324e-02
-1.159455999635e+00,2.272003376975e+00,8.226792035518e-02
-1.159434494032e+00,1.006471740967e+01,6.926247206967e-02
-1.159159339225e+00,5.199113549023e+00,8.226105571772e-02
-1.159015202746e+00,6.030839358162e+00,8.224199709545e-02
-1.159008832150e+00,5.015955770059e+00,8.226389003150e-02
-1.158961834625e+00,4.204160356692e+00,8.226966915788e-02
-1.158938938382e+00,3.270284483161e+00,8.226584689845e-02
-1.158633966298e+00,1.273722270792e+00,8.225475257864e-02
-1.158559670192e+00,2.304205993303e+00,8.225784251147e-02
-1.158466388440e+00,1.046937987979e+01,3.574508725525e-02
-1.158336466611e+00,7.372743742778e+00,8.220598310782e-02
-1.158219089603e+00,8.411215251331e+00,8.218243250716e-02
-1.158022308582e+00,4.236362973020e+00,8.225910178245e-02
-1.158021010639e+00,3.302487099489e+00,8.225552029842e-02
-1.157973205681e+00,5.383015943499e+00,8.224362496950e-02
-1.157830220181e+00,9.232762278099e+00,8.216128723487e-02
-1.157759235155e+00,1.305924887121e+00,8.224490381406e-02
-1.157663340748e+00,2.336408609632e+00,8.224775142730e-02
-1.157527019368e+00,4.833565744603e+00,8.225060108492e-02
-1.157484409684e+00,6.777949092147e+00,8.220923293576e-02
-1.157352856349e+00,8.033082091254e+00,8.218032976540e-02
-1.157275894471e+00,7.686961182618e+00,8.218685314546e-02
-1.157108180083e+00,7.059460737318e+00,8.219918876755e-02
-1.157103082896e+00,3.334689715818e+00,8.224517979793e-02
-1.157082782539e+00,4.268565589349e+00,8.224851984686e-02
-1.156884504011e+00,1.338127503449e+00,8.223504241537e-02
-1.156767011305e+00,2.368611225961e+00,8.223764707676e-02
-1.156469080017e+00,9.660312729471e+00,7.927447712411e-02
-1.156433703514e+00,1.003988523609e+01,7.019594675970e-02
-1.156320250699e+00,8.790356304960e+00,8.215278088706e-02
-1.156207103412e+00,6.248348367070e+00,8.220506915254e-02
-1.156185155153e+00,3.366892332147e+00,8.223482536911e-02
-1.156143256496e+00,4.300768205678e+00,8.223792332122e-02
-1.156009772868e+00,1.370330119778e+00,8.222516835846e-02
-1.155906118222e+00,5.783529031519e+00,8.221250626958e-02
-1.155870681862e+00,2.400813842289e+00,8.222752943387e-02
-1.155811303359e+00,6.497338253609e+00,8.219540522812e-02
-1.155587502935e+00,1.044453308590e+01,3.997858582778e-02
-1.155445240424e+00,5.567639782614e+00,8.221127547943e-02
-1.155267227409e+00,3.399094948475e+00,8.222445698400e-02
-1.155203730453e+00,4.332970822006e+00,8.222731217558e-02
-1.155135041724e+00,1.402532736107e+00,8.221528161914e-02
-1.154974352419e+00,2.433016458617e+00,8.221739847261e-02
-1.154899957675e+00,8.380157927327e+00,8.214478239732e-02
-1.154791392036e+00,6.000212556068e+00,8.219438710099e-02
-1.154739644855e+00,9.201610296838e+00,8.212612979842e-02
-1.154719379410e+00,4.651966576934e+00,8.222184350761e-02
-1.154676214409e+00,7.341838148566e+00,8.216465181492e-02
-1.154489593262e+00,5.168733011165e+00,8.220843520174e-02
-1.154349299666e+00,3.431297564804e+00,8.221407461461e-02
-1.154264204410e+00,4.365173438335e+00,8.221668637987e-02
-1.154260310581e+00,1.434735352435e+00,8.220538217312e-02
-1.154228334582e+00,4.985640013818e+00,8.221015687665e-02
-1.154078022975e+00,2.465219074946e+00,8.220725416682e-02
-1.153919782993e+00,8.002074045729e+00,8.214139104596e-02
-1.153729112340e+00,7.656003714057e+00,8.214667907695e-02
-1.153597957612e+00,6.747151134256e+00,8.216509297106e-02
-1.153432912996e+00,1.001505306251e+01,7.107033071395e-02
-1.153431371923e+00,3.463500181133e+00,8.220367823282e-02
-1.153414510199e+00,5.352571908883e+00,8.219204739670e-02
-1.153385579437e+00,1.466937968764e+00,8.219546999610e-02
-1.153346458385e+00,9.635495772910e+00,7.967112459035e-02
-1.153334702554e+00,7.028608313714e+00,8.215658217913e-02
-1.153324678367e+00,4.397376054664e+00,8.220604590399e-02
-1.153181693532e+00,2.497421691274e+00,8.219709649036e-02
-1.153115286800e+00,8.759251002029e+00,8.211628408903e-02
-1.152708617429e+00,1.041968629201e+01,4.367297881736e-02
-1.152636075057e+00,4.803316053430e+00,8.219513442188e-02
-1.152513444180e+00,3.495702797461e+00,8.219326781045e-02
-1.152510848293e+00,1.499140585092e+00,8.218554506366e-02
-1.152385152324e+00,4.429578670992e+00,8.219539071772e-02
-1.152285364088e+00,2.529624307603e+00,8.218692541697e-02
-1.152095478726e+00,6.217663221158e+00,8.215844834709e-02
-1.151812133559e+00,6.466596055352e+00,8.214995171107e-02
-1.151649069529e+00,9.170458315576e+00,8.209081732236e-02
-1.151636117150e+00,1.531343201420e+00,8.217560735137e-02
-1.151595516436e+00,3.527905413790e+00,8.218284331929e-02
-1.151580825746e+00,8.349100603322e+00,8.210695522448e-02
-1.151570396367e+00,5.752961863448e+00,8.216353710977e-02
-1.151445626281e+00,4.461781287321e+00,8.218472079076e-02
-1.151389034645e+00,2.561826923931e+00,8.217674092030e-02
-1.151015962206e+00,7.310932554354e+00,8.212310897486e-02
-1.150997888311e+00,5.537133537477e+00,8.216067227579e-02
-1.150761386006e+00,1.563545817749e+00,8.216565683474e-02
-1.150677588693e+00,3.560108030119e+00,8.217240473100e-02
-1.150567581326e+00,5.969585753974e+00,8.214649854874e-02
-1.150506100238e+00,4.493983903650e+00,8.217403609274e-02
-1.150492705202e+00,2.594029540260e+00,8.216654297401e-02
-1.150486709636e+00,7.971066000205e+00,8.210226357029e-02
-1.150432122478e+00,9.990220888925e+00,7.189104335594e-02
-1.150223836753e+00,9.610678816348e+00,8.005086371170e-02
-1.150182330209e+00,7.625046245496e+00,8.210630468237e-02
-1.149910322901e+00,8.728145699098e+00,8.207962077456e-02
-1.149886654863e+00,1.595748434078e+00,8.215569348916e-02
-1.149829731923e+00,1.039483949812e+01,4.692499289469e-02
-1.149819847298e+00,5.138352473307e+00,8.215547691963e-02
-1.149759660950e+00,3.592310646447e+00,8.216195201719e-02
-1.149718299195e+00,4.621784232845e+00,8.216506046245e-02
-1.149711505540e+00,6.716353176364e+00,8.212071099287e-02
-1.149596375758e+00,2.626232156588e+00,8.215633155160e-02
-1.149566574195e+00,4.526186519978e+00,8.216333659319e-02
-1.149561225026e+00,6.997755890110e+00,8.211369342004e-02
-1.149447837015e+00,4.955324257576e+00,8.215607359694e-02
-1.149011923719e+00,1.627951050406e+00,8.214571729001e-02
-1.148855814718e+00,5.322127874268e+00,8.214014391515e-02
-1.148841733207e+00,3.624513262776e+00,8.215148514936e-02
-1.148700046315e+00,2.658434772917e+00,8.214610662658e-02
-1.148627048151e+00,4.558389136307e+00,8.215262226158e-02
-1.148558494203e+00,9.139306334315e+00,8.205534883085e-02
-1.148261693818e+00,8.318043279318e+00,8.206894981015e-02
-1.148137192576e+00,1.660153666734e+00,8.213572821259e-02
-1.147983854040e+00,6.186978075246e+00,8.211155992699e-02
-1.147923805464e+00,3.656715879105e+00,8.214100409901e-02
-1.147812963759e+00,6.435853857095e+00,8.210424287340e-02
-1.147803716872e+00,2.690637389245e+00,8.213586817233e-02
-1.147745130747e+00,4.773066362256e+00,8.213929232674e-02
-1.147687522108e+00,4.590591752636e+00,8.214189306727e-02
-1.147431331960e+00,9.965388715345e+00,7.266286128590e-02
-1.147355710004e+00,7.280026960142e+00,8.208135307975e-02
-1.147262461432e+00,1.692356283063e+00,8.212572623213e-02
-1.147234674512e+00,5.722394695378e+00,8.211392486133e-02
-1.147174539800e+00,9.582671659076e+00,8.045968409863e-02
-1.147053636279e+00,7.940057954680e+00,8.206294604985e-02
-1.147005877720e+00,3.688918495433e+00,8.213050883748e-02
-1.146950846418e+00,1.036999270423e+01,4.980952142323e-02
-1.146907387428e+00,2.722840005574e+00,8.212561616221e-02
-1.146705359002e+00,8.697040396168e+00,8.204278986384e-02
-1.146635548079e+00,7.594088776935e+00,8.206572856255e-02
-1.146550536197e+00,5.506627292340e+00,8.210975449548e-02
-1.146387730289e+00,1.724558899391e+00,8.211571132382e-02
-1.146343770617e+00,5.938958951881e+00,8.209832920753e-02
-1.146087949977e+00,3.721121111762e+00,8.211999933606e-02
-1.146011057985e+00,2.755042621902e+00,8.211535056945e-02
-1.145825053468e+00,6.685555218473e+00,8.207608514513e-02
-1.145787747497e+00,6.966903466507e+00,8.207029166053e-02
-1.145512999145e+00,1.756761515720e+00,8.210568346275e-02
-1.145467918877e+00,9.108154353054e+00,8.201972334038e-02
-1.145170022234e+00,3.753323728091e+00,8.210947556600e-02
-1.145150101335e+00,5.107971935450e+00,8.210217794940e-02
-1.145114728541e+00,2.787245238231e+00,8.210507136728e-02
-1.144942561889e+00,8.286985955314e+00,8.203076496613e-02
-1.144667339448e+00,4.925008501335e+00,8.210119680652e-02
-1.144638268002e+00,1.788964132048e+00,8.209564262399e-02
-1.144430541442e+00,9.940556541765e+00,7.339001085062e-02
-1.144297119236e+00,5.291683839652e+00,8.208791172203e-02
-1.144252094491e+00,3.785526344419e+00,8.209893749844e-02
-1.144218399098e+00,2.819447854559e+00,8.209477852879e-02
-1.144198567527e+00,9.551474301093e+00,8.089254304233e-02
-1.144071960912e+00,1.034514591034e+01,5.238545572842e-02
-1.143872229353e+00,6.156292929335e+00,8.206440177353e-02
-1.143813793959e+00,6.405111658838e+00,8.205827672269e-02
-1.143763536858e+00,1.821166748377e+00,8.208558878250e-02
-1.143695457802e+00,7.249121365929e+00,8.203938260890e-02
-1.143620562922e+00,7.909049909155e+00,8.202343718539e-02
-1.143500395104e+00,8.665935093237e+00,8.200579026840e-02
-1.143334166748e+00,3.817728960748e+00,8.208838510441e-02
-1.143322069655e+00,2.851650470888e+00,8.208447202707e-02
-1.143088765948e+00,7.563131308374e+00,8.202494930656e-02
-1.142898952657e+00,5.691827527307e+00,8.206392495656e-02
-1.142888805715e+00,1.853369364705e+00,8.207552191322e-02
-1.142854186436e+00,4.742816671082e+00,8.208307136882e-02
-1.142425740211e+00,2.883853087217e+00,8.207415183509e-02
-1.142416239004e+00,3.849931577077e+00,8.207781835494e-02
-1.142377343551e+00,9.077002371792e+00,8.198393985968e-02
-1.142119959907e+00,5.908332149787e+00,8.204987682566e-02
-1.142103184084e+00,5.476121047203e+00,8.205851945408e-02
-1.142014269969e+00,6.936051042903e+00,8.202665668203e-02
-1.142014074571e+00,1.885571981034e+00,8.206544199097e-02
-1.141938601396e+00,6.654757260582e+00,8.203121355461e-02
-1.141623429961e+00,8.255928631309e+00,8.199239949450e-02
-1.141529410768e+00,2.916055703546e+00,8.206381792574e-02
-1.141498311261e+00,3.882134193405e+00,8.206723722092e-02
-1.141429750924e+00,9.915724368185e+00,7.407624516449e-02
-1.141222595254e+00,9.520276943110e+00,8.130404117072e-02
-1.141193075406e+00,1.032029911645e+01,5.469974222677e-02
-1.141139343428e+00,1.917774597362e+00,8.205534899057e-02
-1.140633081325e+00,2.948258319874e+00,8.205347027189e-02
-1.140580383518e+00,3.914336809734e+00,8.205664167318e-02
-1.140480355372e+00,5.077591397592e+00,8.204853534108e-02
-1.140295431205e+00,8.634829790306e+00,8.196862089098e-02
-1.140264612284e+00,1.949977213690e+00,8.204524288675e-02
-1.140187489565e+00,7.878041863631e+00,8.198373566677e-02
-1.140035205600e+00,7.218215771717e+00,8.199719602864e-02
-1.139886841880e+00,4.894692745093e+00,8.204587466219e-02
-1.139814624159e+00,6.374369460581e+00,8.201205124811e-02
-1.139760604667e+00,6.125607783423e+00,8.201697174837e-02
-1.139738423754e+00,5.261239805036e+00,8.203534798714e-02
-1.139736751881e+00,2.980460936203e+00,8.204310884629e-02
-1.139662455775e+00,3.946539426063e+00,8.204603168247e-02
-1.139541983817e+00,7.532173839813e+00,8.198396549154e-02
-1.139389881141e+00,1.982179830019e+00,8.203512365414e-02
-1.139286768225e+00,9.045850390531e+00,8.194799738965e-02
-1.138840422438e+00,3.012663552532e+00,8.203273362166e-02
-1.138744528032e+00,3.978742042391e+00,8.203540721947e-02
-1.138563230801e+00,5.661260359236e+00,8.201361870237e-02
-1.138515149997e+00,2.014382446347e+00,8.202499126735e-02
-1.138428960406e+00,9.890892194605e+00,7.472490854571e-02
-1.138314189900e+00,1.029545232256e+01,5.679026476106e-02
-1.138304298032e+00,8.224871307305e+00,8.195385218750e-02
-1.138246622981e+00,9.489079585127e+00,8.169586669583e-02
-1.138240792440e+00,6.905198619299e+00,8.198278672314e-02
-1.138052149324e+00,6.623959302690e+00,8.198609433078e-02
-1.137963242126e+00,4.712566979908e+00,8.202646808260e-02
-1.137944092994e+00,3.044866168860e+00,8.202234457060e-02
-1.137896149198e+00,5.877705347693e+00,8.200113913075e-02
-1.137826600288e+00,4.010944658720e+00,8.202476825478e-02
-1.137655831970e+00,5.445614802066e+00,8.200696444071e-02
-1.137640418854e+00,2.046585062676e+00,8.201484570093e-02
-1.137277349388e+00,2.031250065004e-01,8.249281819794e-02
-1.137277349388e+00,2.656250085005e-01,8.232331584195e-02
-1.137277349388e+00,2.968750095005e-01,8.225088567064e-02
-1.137277349388e+00,3.281250105004e-01,8.218722285835e-02
-1.137277349388e+00,3.593750115003e-01,8.213269425234e-02
-1.137277349388e+00,3.906250125002e-01,8.208762122681e-02
-1.137277349388e+00,4.218750135002e-01,8.205227448884e-02
-1.137277349388e+00,4.531250145001e-01,8.202686957268e-02
-1.137277349388e+00,6.406250204998e-01,8.200645040004e-02
-1.137277349388e+00,7.656250244996e-01,8.200645040004e-02
-1.137277349388e+00,7.968750254997e-01,8.200645040004e-02
-1.137277349388e+00,8.593750274998e-01,8.200645040004e-02
-1.137277349388e+00,8.906250284999e-01,8.200645040004e-02
-1.137277349388e+00,9.218750295000e-01,8.200645040004e-02
-1.137277349388e+00,9.531250305000e-01,8.200645040004e-02
-1.137277349388e+00,1.562500050003e-02,8.316409049738e-02
-1.137277349388e+00,4.687500150008e-02,8.303820446595e-02
-1.137277349388e+00,7.812500250012e-02,8.291723607836e-02
-1.137277349388e+00,1.718750055004e-01,8.258898245064e-02
-1.137277349388e+00,2.343750075005e-01,8.240410677375e-02
-1.137277349388e+00,4.843750155000e-01,8.201156316735e-02
-1.137277349388e+00,5.156250165000e-01,8.200645040004e-02
-1.137277349388e+00,5.468750174999e-01,8.200645040004e-02
-1.137277349388e+00,6.093750194998e-01,8.200645040004e-02
-1.137277349388e+00,6.718750214997e-01,8.200645040004e-02
-1.137277349388e+00,7.031250224997e-01,8.200645040004e-02
-1.137277349388e+00,7.343750234997e-01,8.200645040004e-02
-1.137277349388e+00,8.281250264997e-01,8.200645040004e-02
-1.137277349388e+00,9.843750315000e-01,8.200645040004e-02
-1.137277349388e+00,1.093750035002e-01,8.280169952367e-02
-1.137277349388e+00,1.406250045003e-01,8.269211077751e-02
-1.137277349388e+00,5.781250184999e-01,8.200645040004e-02
-1.137090467306e+00,8.603724487375e+00,8.193128062549e-02
-1.137047763551e+00,3.077068785189e+00,8.201194166568e-02
-1.136908672545e+00,4.043147275049e+00,8.201411475890e-02
-1.136850782966e+00,1.016101340164e+00,8.200149432267e-02
-1.136765687710e+00,2.078787679004e+00,8.200468692930e-02
-1.136754416208e+00,7.847033818106e+00,8.194384017300e-02
-1.136374953398e+00,7.187310177505e+00,8.195479179225e-02
-1.136196192899e+00,9.014698409270e+00,8.191189492335e-02
-1.136151434108e+00,3.109271401518e+00,8.200152487937e-02
-1.135997650122e+00,1.048303956493e+00,8.199157272607e-02
-1.135995201686e+00,7.501216371252e+00,8.194277568266e-02
-1.135990744802e+00,4.075349891377e+00,8.200344670227e-02
-1.135890956567e+00,2.110990295333e+00,8.199451492690e-02
-1.135815454359e+00,6.343627262323e+00,8.196556442016e-02
-1.135810609409e+00,5.047210859735e+00,8.199454611658e-02
-1.135648979981e+00,6.094922637512e+00,8.196926769339e-02
-1.135435304395e+00,1.027060552867e+01,5.868793074294e-02
-1.135428169888e+00,9.866060021025e+00,7.533899070304e-02
-1.135270650708e+00,9.457882227145e+00,8.189149264935e-02
-1.135255104664e+00,3.141474017846e+00,8.199109418409e-02
-1.135179728272e+00,5.230795770421e+00,8.198244985285e-02
-1.135144517279e+00,1.080506572821e+00,8.198163852051e-02
-1.135106344313e+00,4.864376988852e+00,8.199018119325e-02
-1.135072817059e+00,4.107552507706e+00,8.199276405526e-02
-1.135016225423e+00,2.143192911661e+00,8.198432966803e-02
-1.134985166104e+00,8.193813983300e+00,8.191512182744e-02
-1.134467314911e+00,6.874346195695e+00,8.193868000631e-02
-1.134358775221e+00,3.173676634175e+00,8.198064955215e-02
-1.134291384435e+00,1.112709189150e+00,8.197169168208e-02
-1.134227508946e+00,5.630693191166e+00,8.196300350510e-02
-1.134165697252e+00,6.593161344798e+00,8.194072556564e-02
-1.134154889316e+00,4.139755124035e+00,8.198206678812e-02
-1.134141494279e+00,2.175395527990e+00,8.197413112697e-02
-1.133885503407e+00,8.572619184445e+00,8.189376835689e-02
-1.133672338488e+00,5.847078545599e+00,8.195211382950e-02
-1.133462445778e+00,3.205879250504e+00,8.197019095585e-02
-1.133438251591e+00,1.144911805478e+00,8.196173218687e-02
-1.133321342851e+00,7.816025772581e+00,8.190374937204e-02
-1.133266763136e+00,2.207598144318e+00,8.196391927793e-02
-1.133236961572e+00,4.171957740363e+00,8.197135487105e-02
-1.133208479856e+00,5.415108556929e+00,8.195508671775e-02
-1.133105617573e+00,8.983546428009e+00,8.187563144584e-02
-1.133072297815e+00,4.682317288734e+00,8.196947896750e-02
-1.132714701195e+00,7.156404583293e+00,8.191216833988e-02
-1.132585118748e+00,1.177114421807e+00,8.195176001089e-02
-1.132566116334e+00,3.238081866832e+00,8.195971836736e-02
-1.132556418889e+00,1.024575873478e+01,6.041820639900e-02
-1.132448419556e+00,7.470258902691e+00,8.190137843293e-02
-1.132427379370e+00,9.841227847444e+00,7.592117252611e-02
-1.132392031992e+00,2.239800760646e+00,8.195369409502e-02
-1.132319033829e+00,4.204160356692e+00,8.196062827417e-02
-1.132294678434e+00,9.426684869161e+00,8.185648842181e-02
-1.131816284559e+00,6.312885064066e+00,8.191881419056e-02
-1.131731985904e+00,1.209317038135e+00,8.194177513009e-02
-1.131669786891e+00,3.270284483161e+00,8.194923175877e-02
-1.131666034175e+00,8.162756659296e+00,8.187620718663e-02
-1.131537355295e+00,6.064237491600e+00,8.192128743052e-02
-1.131517300849e+00,2.272003376975e+00,8.194345555232e-02
-1.131401106086e+00,4.236362973020e+00,8.194988696752e-02
-1.131140863446e+00,5.016830321877e+00,8.194020726947e-02
-1.130878853060e+00,1.241519654464e+00,8.193177752037e-02
-1.130773457447e+00,3.302487099489e+00,8.193873110217e-02
-1.130693837383e+00,6.843493772091e+00,8.189433473766e-02
-1.130680539509e+00,8.541513881514e+00,8.185608296118e-02
-1.130642569705e+00,2.304205993303e+00,8.193320362381e-02
-1.130621032790e+00,5.200351735805e+00,8.192921443367e-02
-1.130483178343e+00,4.268565589349e+00,8.193913092103e-02
-1.130325846746e+00,4.834061232610e+00,8.193411301042e-02
-1.130279245180e+00,6.562363386907e+00,8.189510533358e-02
-1.130025720217e+00,1.273722270792e+00,8.192176715753e-02
-1.130015042247e+00,8.952394446747e+00,8.183920593419e-02
-1.129891787091e+00,5.600126023095e+00,8.191207674537e-02
-1.129888269494e+00,7.785017727057e+00,8.186346192069e-02
-1.129877128004e+00,3.334689715818e+00,8.192821636948e-02
-1.129767838562e+00,2.336408609632e+00,8.192293828344e-02
-1.129677533383e+00,1.022091194089e+01,6.200226368932e-02
-1.129565250599e+00,4.300768205678e+00,8.192836010458e-02
-1.129448527779e+00,5.816451743505e+00,8.190279860760e-02
-1.129426588852e+00,9.816395673864e+00,7.647319145386e-02
-1.129318706161e+00,9.395487511178e+00,8.182133303309e-02
-1.129172587373e+00,1.305924887121e+00,8.191174401735e-02
-1.129054448993e+00,7.125498989081e+00,8.186923549275e-02
-1.128980798561e+00,3.366892332147e+00,8.191768753262e-02
-1.128901637425e+00,7.439301434129e+00,8.185977228318e-02
-1.128893107418e+00,2.368611225961e+00,8.191265950508e-02
-1.128761127743e+00,5.384602311792e+00,8.190288352065e-02
-1.128647322856e+00,4.332970822006e+00,8.191757448796e-02
-1.128346902247e+00,8.131699335291e+00,8.183710702730e-02
-1.128319454529e+00,1.338127503449e+00,8.190170807554e-02
-1.128181353505e+00,4.652067597561e+00,8.191210048764e-02
-1.128084469117e+00,3.399094948475e+00,8.190714456339e-02
-1.128018376275e+00,2.400813842289e+00,8.190236726250e-02
-1.127817114759e+00,6.282142865809e+00,8.187179849206e-02
-1.127729395113e+00,4.365173438335e+00,8.190677404087e-02
-1.127475575610e+00,8.510408578583e+00,8.181822330523e-02
-1.127466321686e+00,1.370330119778e+00,8.189165930776e-02
-1.127425730609e+00,6.033552345688e+00,8.187302876161e-02
-1.127188139674e+00,3.431297564804e+00,8.189658743355e-02
-1.127143645131e+00,2.433016458617e+00,8.189206152945e-02
-1.126924466921e+00,8.921242465486e+00,8.180261735735e-02
-1.126920359854e+00,6.812641348487e+00,8.184974910682e-02
-1.126811467370e+00,4.397376054664e+00,8.189595873292e-02
-1.126798647878e+00,1.019606514700e+01,6.345784885766e-02
-1.126613188842e+00,1.402532736107e+00,8.188159768956e-02
-1.126471117482e+00,4.986449784020e+00,8.188551576481e-02
-1.126455196137e+00,7.754009681532e+00,8.182297646461e-02
-1.126425798333e+00,9.791563500284e+00,7.699756345843e-02
-1.126392793108e+00,6.531565429015e+00,8.184923169118e-02
-1.126342733888e+00,9.364290153195e+00,8.178602555007e-02
-1.126291810231e+00,3.463500181133e+00,8.188601611475e-02
-1.126268913988e+00,2.465219074946e+00,8.188174227957e-02
-1.126062337309e+00,5.169907701190e+00,8.187563881622e-02
-1.125893539627e+00,4.429578670992e+00,8.188512853368e-02
-1.125760055998e+00,1.434735352435e+00,8.187152319647e-02
-1.125556065236e+00,5.569558855024e+00,8.186083577775e-02
-1.125545349178e+00,4.803745476369e+00,8.187766668942e-02
-1.125395480787e+00,3.495702797461e+00,8.187543057860e-02
-1.125394196791e+00,7.094593394869e+00,8.182582342853e-02
-1.125394182844e+00,2.497421691274e+00,8.187140948646e-02
-1.125354855294e+00,7.408343965568e+00,8.181795576191e-02
-1.125224717069e+00,5.785824941412e+00,8.185296742450e-02
-1.125027770318e+00,8.100642011287e+00,8.179782010141e-02
-1.124975611883e+00,4.461781287321e+00,8.187428341258e-02
-1.124906923154e+00,1.466937968764e+00,8.186143580396e-02
-1.124519451701e+00,2.529624307603e+00,8.186106312366e-02
-1.124499151344e+00,3.527905413790e+00,8.186483079661e-02
-1.124313775629e+00,5.354096066655e+00,8.185035205763e-02
-1.124270611711e+00,8.479303275653e+00,8.178018824675e-02
-1.124057684140e+00,4.493983903650e+00,8.186342333899e-02
-1.124053790311e+00,1.499140585092e+00,8.185133548744e-02
-1.123919762372e+00,1.017121835311e+01,6.479994837196e-02
-1.123833891595e+00,8.890090484224e+00,8.176586467610e-02
-1.123817944959e+00,6.251400667552e+00,8.182451523828e-02
-1.123644720557e+00,2.561826923931e+00,8.185070316459e-02
-1.123602821901e+00,3.560108030119e+00,8.185421674021e-02
-1.123425007815e+00,9.766731326704e+00,7.749674236680e-02
-1.123366761615e+00,9.333092795212e+00,8.175056503237e-02
-1.123314105923e+00,6.002867199777e+00,8.182448946815e-02
-1.123290409194e+00,4.621817906387e+00,8.185432907155e-02
-1.123236330991e+00,1.060080234268e+01,6.608629142254e-06
-1.123200657467e+00,1.531343201420e+00,8.184122222221e-02
-1.123146882326e+00,6.781788924883e+00,8.180492128681e-02
-1.123139756397e+00,4.526186519978e+00,8.185254828222e-02
-1.123022122780e+00,7.723001636008e+00,8.178229163806e-02
-1.122769989414e+00,2.594029540260e+00,8.184032958266e-02
-1.122706492457e+00,3.592310646447e+00,8.184358838077e-02
-1.122506341036e+00,6.500767471124e+00,8.180310267704e-02
-1.122347524623e+00,1.563545817749e+00,8.183109598355e-02
-1.122221828654e+00,4.558389136307e+00,8.184165821147e-02
-1.121895258270e+00,2.626232156588e+00,8.182994235117e-02
-1.121810163014e+00,3.624513262776e+00,8.183294568958e-02
-1.121808073163e+00,7.377386497007e+00,8.177592738517e-02
-1.121801371519e+00,4.956069246162e+00,8.183031087067e-02
-1.121733944588e+00,7.063687800656e+00,8.178218132188e-02
-1.121708638390e+00,8.069584687282e+00,8.175834515074e-02
-1.121503641827e+00,5.139463666574e+00,8.182172005889e-02
-1.121494391780e+00,1.595748434078e+00,8.182095674669e-02
-1.121303900911e+00,4.590591752636e+00,8.183075309586e-02
-1.121220343381e+00,5.538991686954e+00,8.180927793058e-02
-1.121065647812e+00,8.448197972722e+00,8.174197663425e-02
-1.121040876866e+00,1.014637155921e+01,6.604130533230e-02
-1.121020527127e+00,2.658434772917e+00,8.181954144337e-02
-1.121000906359e+00,5.755198139318e+00,8.180262003697e-02
-1.120913833570e+00,3.656715879105e+00,8.182228863785e-02
-1.120764851611e+00,4.773429720128e+00,8.182083877073e-02
-1.120743316269e+00,8.858938502963e+00,8.172894684299e-02
-1.120641258936e+00,1.627951050406e+00,8.181080448675e-02
-1.120479421481e+00,1.057594152554e+01,1.009252212656e-02
-1.120424217298e+00,9.741899153123e+00,7.797248641371e-02
-1.120390789341e+00,9.301895437229e+00,8.171495053235e-02
-1.120145795983e+00,2.690637389245e+00,8.180912683245e-02
-1.120017504127e+00,3.688918495433e+00,8.181161719671e-02
-1.119866423516e+00,5.323589821518e+00,8.179748950955e-02
-1.119818775159e+00,6.220658469295e+00,8.177696232351e-02
-1.119788126092e+00,1.660153666734e+00,8.180063917884e-02
-1.119589049424e+00,7.691993590483e+00,8.174140606398e-02
-1.119373404797e+00,6.750936501279e+00,8.175984943382e-02
-1.119271064839e+00,2.722840005574e+00,8.179869849149e-02
-1.119202481237e+00,5.972182053865e+00,8.177566731123e-02
-1.119121174684e+00,3.721121111762e+00,8.180093133722e-02
-1.118934993249e+00,1.692356283063e+00,8.179046079795e-02
-1.118619888964e+00,6.469969513233e+00,8.175671631167e-02
-1.118396333696e+00,2.755042621902e+00,8.178825639355e-02
-1.118389506461e+00,8.038527363278e+00,8.171868090663e-02
-1.118261291033e+00,7.346429028446e+00,8.173368565651e-02
-1.118224845240e+00,3.753323728091e+00,8.179023103036e-02
-1.118161991361e+00,1.012152476533e+01,6.719282410579e-02
-1.118081860405e+00,1.724558899391e+00,8.178026931905e-02
-1.118073692386e+00,7.032782206444e+00,8.173830745482e-02
-1.117860683914e+00,8.417092669791e+00,8.170358730684e-02
-1.117722511970e+00,1.055108070841e+01,1.830147165367e-02
-1.117652740943e+00,8.827786521702e+00,8.169186280227e-02
-1.117521602553e+00,2.787245238231e+00,8.177780051157e-02
-1.117423426779e+00,9.717066979543e+00,7.842639466069e-02
-1.117414817068e+00,9.270698079246e+00,8.167918109501e-02
-1.117328515797e+00,3.785526344419e+00,8.177951624703e-02
-1.117228727561e+00,1.756761515720e+00,8.177006471702e-02
-1.117131625556e+00,4.925688708304e+00,8.177437152673e-02
-1.116944946345e+00,5.109019631958e+00,8.176745519173e-02
-1.116884621526e+00,5.508424518883e+00,8.175740050572e-02
-1.116777095650e+00,5.724571337224e+00,8.175196660275e-02
-1.116646871409e+00,2.819447854559e+00,8.176733081846e-02
-1.116432186354e+00,3.817728960748e+00,8.176878695805e-02
-1.116375594718e+00,1.788964132048e+00,8.175984696672e-02
-1.116155976067e+00,7.660985544958e+00,8.170031835371e-02
-1.115984354044e+00,4.743113963886e+00,8.176362575929e-02
-1.115819605359e+00,6.189916271038e+00,8.172913762258e-02
-1.115772140265e+00,2.851650470888e+00,8.175684728705e-02
-1.115599927268e+00,6.720084077675e+00,8.171453168710e-02
-1.115535856910e+00,3.849931577077e+00,8.175804313418e-02
-1.115522461874e+00,1.821166748377e+00,8.174961604287e-02
-1.115419071402e+00,5.293083576381e+00,8.174429302954e-02
-1.115283105855e+00,1.009667797143e+01,6.826389043029e-02
-1.115090856550e+00,5.941496907954e+00,8.172656003130e-02
-1.115070374533e+00,8.007470039273e+00,8.167882609000e-02
-1.114965602460e+00,1.052621989128e+01,2.510896082931e-02
-1.114897409122e+00,2.883853087217e+00,8.174634989007e-02
-1.114733436892e+00,6.439171555341e+00,8.171007059723e-02
-1.114714508902e+00,7.315471559885e+00,8.169122906680e-02
-1.114669329030e+00,1.853369364705e+00,8.173937192020e-02
-1.114655720015e+00,8.385987366860e+00,8.166501909429e-02
-1.114639527467e+00,3.882134193405e+00,8.174728474608e-02
-1.114562165617e+00,8.796634540440e+00,8.165461148978e-02
-1.114438844795e+00,9.239500721263e+00,8.164325575797e-02
-1.114422636261e+00,9.692234805963e+00,7.885992453827e-02
-1.114413440184e+00,7.001876612232e+00,8.169420009363e-02
-1.114022677978e+00,2.916055703546e+00,8.173583860023e-02
-1.113816196187e+00,1.885571981034e+00,8.172911457332e-02
-1.113743198023e+00,3.914336809734e+00,8.173651176432e-02
-1.113147946835e+00,2.948258319874e+00,8.172531339011e-02
-1.112963063343e+00,1.917774597362e+00,8.171884397682e-02
-1.112846868580e+00,3.946539426063e+00,8.172572415943e-02
-1.112722902710e+00,7.629977499434e+00,8.165902710702e-02
-1.112553284940e+00,5.693944535130e+00,8.170100454205e-02
-1.112548899671e+00,5.477857350813e+00,8.170520077828e-02
-1.112461879593e+00,4.895308170447e+00,8.171805820332e-02
-1.112404220349e+00,1.007183117754e+01,6.926262689623e-02
-1.112386250863e+00,5.078575597343e+00,8.171284121612e-02
-1.112273215691e+00,2.980460936203e+00,8.171477423226e-02
-1.112208692949e+00,1.050135907414e+01,3.084550414987e-02
-1.112109930499e+00,1.949977213690e+00,8.170856010521e-02
-1.111950539137e+00,3.978742042391e+00,8.171492190183e-02
-1.111826449740e+00,6.689231654071e+00,8.166896616877e-02
-1.111820435558e+00,6.159174072781e+00,8.168103899067e-02
-1.111751242605e+00,7.976412715269e+00,8.163877941119e-02
-1.111471590291e+00,8.765482559179e+00,8.161719183289e-02
-1.111462872522e+00,9.208303363280e+00,8.160717355131e-02
-1.111450756116e+00,8.354882063930e+00,8.162627081682e-02
-1.111421845743e+00,9.667402632383e+00,7.927440712985e-02
-1.111398484548e+00,3.012663552532e+00,8.170422109916e-02
-1.111256797655e+00,1.982179830019e+00,8.169826293289e-02
-1.111203856477e+00,4.712798207645e+00,8.170602412418e-02
-1.111167726771e+00,7.284514091323e+00,8.164855609418e-02
-1.111054209693e+00,4.010944658720e+00,8.170410496188e-02
-1.110979231864e+00,5.910811762042e+00,8.167716534799e-02
-1.110971719289e+00,5.262577331244e+00,8.169075974293e-02
-1.110846984820e+00,6.408373597450e+00,8.166316351746e-02
-1.110753187982e+00,6.970971018021e+00,8.164985748880e-02
-1.110523753404e+00,3.044866168860e+00,8.169365396317e-02
-1.110403664812e+00,2.014382446347e+00,8.168795243427e-02
-1.110157880250e+00,4.043147275049e+00,8.169327330983e-02
-1.109649022261e+00,3.077068785189e+00,8.168307279663e-02
-1.109550531968e+00,2.046585062676e+00,8.167762858366e-02
-1.109525334843e+00,1.004698438365e+01,7.019609853096e-02
-1.109451783439e+00,1.047649825701e+01,3.574526204699e-02
-1.109289829353e+00,7.598969453909e+00,8.161753091195e-02
-1.109261550807e+00,4.075349891377e+00,8.168242691589e-02
-1.108774291117e+00,3.109271401518e+00,8.167247757180e-02
-1.108697399124e+00,2.078787679004e+00,8.166729135527e-02
-1.108486900249e+00,9.177106005297e+00,8.157093349763e-02
-1.108485517758e+00,2.343750075005e-01,8.208579658887e-02
-1.108485517758e+00,2.656250085005e-01,8.199947521872e-02
-1.108485517758e+00,2.968750095005e-01,8.192202795976e-02
-1.108485517758e+00,3.281250105004e-01,8.185390896086e-02
-1.108485517758e+00,4.218750135002e-01,8.170936974475e-02
-1.108485517758e+00,4.531250145001e-01,8.168213708928e-02
-1.108485517758e+00,4.843750155000e-01,8.166572605829e-02
-1.108485517758e+00,5.156250165000e-01,8.166024374175e-02
-1.108485517758e+00,7.031250224997e-01,8.166024374175e-02
-1.108485517758e+00,7.343750234996e-01,8.166024374175e-02
-1.108485517758e+00,7.656250244996e-01,8.166024374175e-02
-1.108485517758e+00,7.968750254997e-01,8.166024374175e-02
-1.108485517758e+00,8.281250264997e-01,8.166024374175e-02
-1.108485517758e+00,8.593750274998e-01,8.166024374175e-02
-1.108485517758e+00,8.906250284999e-01,8.166024374175e-02
-1.108485517758e+00,9.218750295000e-01,8.166024374175e-02
-1.108485517758e+00,9.531250305000e-01,8.166024374175e-02
-1.108485517758e+00,9.843750315000e-01,8.166024374175e-02
-1.108485517758e+00,1.562500050003e-02,8.289451621165e-02
-1.108485517758e+00,7.812500250012e-02,8.263246969632e-02
-1.108485517758e+00,1.093750035002e-01,8.250961479149e-02
-1.108485517758e+00,1.406250045003e-01,8.239295984795e-02
-1.108485517758e+00,1.718750055004e-01,8.228306979449e-02
-1.108485517758e+00,2.031250065004e-01,8.218050141395e-02
-1.108485517758e+00,3.593750115003e-01,8.179552878761e-02
-1.108485517758e+00,3.906250125002e-01,8.174724773664e-02
-1.108485517758e+00,5.468750174999e-01,8.166024374175e-02
-1.108485517758e+00,6.718750214997e-01,8.166024374175e-02
-1.108485517758e+00,4.687500150008e-02,8.276095779007e-02
-1.108485517758e+00,6.406250204998e-01,8.166024374175e-02
-1.108485517758e+00,5.781250184999e-01,8.166024374175e-02
-1.108485517758e+00,6.093750194998e-01,8.166024374175e-02
-1.108432110676e+00,7.945355391264e+00,8.159853956988e-02
-1.108421055225e+00,9.642570458802e+00,7.967106052711e-02
-1.108381014965e+00,8.734330577918e+00,8.157960275045e-02
-1.108365221363e+00,4.107552507706e+00,8.167156575016e-02
-1.108329474231e+00,5.663317733036e+00,8.164973124937e-02
-1.108245792217e+00,8.323776760999e+00,8.158734128507e-02
-1.108213177815e+00,5.447290182742e+00,8.165267599641e-02
-1.108069750486e+00,1.016101340164e+00,8.165519835003e-02
-1.108052972211e+00,6.658379230467e+00,8.162315098363e-02
-1.107899559974e+00,3.141474017846e+00,8.166186826083e-02
-1.107844266281e+00,2.110990295333e+00,8.165694072329e-02
-1.107827555381e+00,5.048131562727e+00,8.165787510467e-02
-1.107821265758e+00,6.128431874524e+00,8.163266426311e-02
-1.107792133630e+00,4.864927632589e+00,8.166136748545e-02
-1.107620944640e+00,7.253556622762e+00,8.160542971107e-02
-1.107468891920e+00,4.139755124035e+00,8.166068978268e-02
-1.107238215942e+00,1.048303956493e+00,8.164509799827e-02
-1.107092935780e+00,6.940065423809e+00,8.160527787486e-02
-1.107024828830e+00,3.173676634175e+00,8.165124483584e-02
-1.106991133437e+00,2.143192911661e+00,8.164657666183e-02
-1.106960532748e+00,6.377575639558e+00,8.161599303744e-02
-1.106867607178e+00,5.880126616131e+00,8.162748095997e-02
-1.106694873928e+00,1.045163743988e+01,3.997876802380e-02
-1.106646449338e+00,1.002213758976e+01,7.107047949692e-02
-1.106572562476e+00,4.171957740363e+00,8.164979898338e-02
-1.106524367175e+00,5.232071086107e+00,8.163688674686e-02
-1.106423358909e+00,4.682482451403e+00,8.164803029837e-02
-1.106406681398e+00,1.080506572821e+00,8.163498486873e-02
-1.106150097687e+00,3.205879250504e+00,8.164060726883e-02
-1.106138000593e+00,2.175395527990e+00,8.163619914494e-02
-1.105856755996e+00,7.567961408385e+00,8.157582834472e-02
-1.105676233033e+00,4.204160356692e+00,8.163889332214e-02
-1.105575146854e+00,1.112709189150e+00,8.162485893732e-02
-1.105510927975e+00,9.145908647314e+00,8.153453461191e-02
-1.105420264707e+00,9.617738285222e+00,8.005080514602e-02
-1.105290439639e+00,8.703178596656e+00,8.154184315271e-02
-1.105284867750e+00,2.207598144318e+00,8.162580814660e-02
-1.105275366543e+00,3.238081866832e+00,8.162995553178e-02
-1.105112978748e+00,7.914298067260e+00,8.155810525502e-02
-1.105040828319e+00,8.292671458068e+00,8.154822930008e-02
-1.104779903590e+00,4.236362973020e+00,8.162797276875e-02
-1.104743612310e+00,1.144911805478e+00,8.161472017992e-02
-1.104431734906e+00,2.239800760646e+00,8.161540364070e-02
-1.104400635399e+00,3.270284483161e+00,8.161928959658e-02
-1.104279494683e+00,6.627526806863e+00,8.157708421909e-02
-1.104105663521e+00,5.632690930943e+00,8.159814409330e-02
-1.104074162510e+00,7.222599154201e+00,8.156197286423e-02
-1.103937964418e+00,1.042677662274e+01,4.367316517021e-02
-1.103912077767e+00,1.177114421807e+00,8.160456857232e-02
-1.103883574146e+00,4.268565589349e+00,8.161703729290e-02
-1.103877455960e+00,5.416723014671e+00,8.159982338099e-02
-1.103822095958e+00,6.097689676267e+00,8.158401125526e-02
-1.103767563832e+00,9.997290795873e+00,7.189118922258e-02
-1.103578602062e+00,2.272003376975e+00,8.160498560109e-02
-1.103525904256e+00,3.302487099489e+00,8.160860943500e-02
-1.103432683577e+00,6.909159829597e+00,8.156045947017e-02
-1.103268859899e+00,5.017687528111e+00,8.160255380100e-02
-1.103122387667e+00,4.834547094732e+00,8.160429592250e-02
-1.103080543223e+00,1.209317038135e+00,8.159440409025e-02
-1.103074080676e+00,6.346777681667e+00,8.156855710342e-02
-1.102987244703e+00,4.300768205678e+00,8.160608686422e-02
-1.102755982492e+00,5.849441470219e+00,8.157735486350e-02
-1.102725469219e+00,2.304205993303e+00,8.159455400154e-02
-1.102651173112e+00,3.334689715818e+00,8.159791501880e-02
-1.102534955702e+00,9.114711289332e+00,8.149797590142e-02
-1.102489289044e+00,9.589701482377e+00,8.045988453290e-02
-1.102423682639e+00,7.536953362860e+00,8.153391796962e-02
-1.102249008679e+00,1.241519654464e+00,8.158422670939e-02
-1.102199864313e+00,8.672026615395e+00,8.150391194121e-02
-1.102090915260e+00,4.332970822006e+00,8.159512145224e-02
-1.102077015062e+00,5.201564840970e+00,8.158267111017e-02
-1.101872336375e+00,2.336408609632e+00,8.158410881578e-02
-1.101835864420e+00,8.261566155138e+00,8.150893365306e-02
-1.101793846819e+00,7.883240743255e+00,8.151747514476e-02
-1.101776441969e+00,3.366892332147e+00,8.158720631961e-02
-1.101642861342e+00,4.652166695162e+00,8.158964067845e-02
-1.101417474135e+00,1.273722270792e+00,8.157403640536e-02
-1.101194585816e+00,4.365173438335e+00,8.158414102643e-02
-1.101181054907e+00,1.040191580561e+01,4.692518112783e-02
-1.101019203531e+00,2.368611225961e+00,8.157365001742e-02
-1.100901710825e+00,3.399094948475e+00,8.157648330903e-02
-1.100888678326e+00,9.972444001983e+00,7.266300431120e-02
-1.100585939591e+00,1.305924887121e+00,8.156383315370e-02
-1.100527380379e+00,7.191641685640e+00,8.151828900268e-02
-1.100506017154e+00,6.596674383258e+00,8.153076394491e-02
-1.100298256373e+00,4.397376054664e+00,8.157314555615e-02
-1.100166070688e+00,2.400813842289e+00,8.156317758004e-02
-1.100026979682e+00,3.431297564804e+00,8.156574595858e-02
-1.099881852812e+00,5.602064128849e+00,8.154624041618e-02
-1.099822926158e+00,6.066947478010e+00,8.153507776229e-02
-1.099772431375e+00,6.878254235385e+00,8.151540047682e-02
-1.099754405048e+00,1.338127503449e+00,8.155361692992e-02
-1.099628128236e+00,9.558460050266e+00,8.089321648235e-02
-1.099558983429e+00,9.083513931349e+00,8.146125636572e-02
-1.099541734105e+00,5.386155846601e+00,8.154664012550e-02
-1.099401926929e+00,4.429578670992e+00,8.156213501071e-02
-1.099312937844e+00,2.433016458617e+00,8.155269147714e-02
-1.099187628604e+00,6.315979723775e+00,8.152085364270e-02
-1.099152248538e+00,3.463500181133e+00,8.155499423965e-02
-1.099109288987e+00,8.640874634133e+00,8.146580800872e-02
-1.098990609282e+00,7.505945317336e+00,8.149179833896e-02
-1.098922870504e+00,1.370330119778e+00,8.154338770945e-02
-1.098710164418e+00,4.987243493496e+00,8.154687421949e-02
-1.098644357806e+00,5.818756324307e+00,8.152663584630e-02
-1.098630900521e+00,8.230460852207e+00,8.146945312543e-02
-1.098505597486e+00,4.461781287321e+00,8.155110935930e-02
-1.098474714891e+00,7.852183419251e+00,8.147664790623e-02
-1.098459805000e+00,2.465219074946e+00,8.154219168218e-02
-1.098452641704e+00,4.804166556874e+00,8.154684002793e-02
-1.098424145397e+00,1.037705498848e+01,4.980970992923e-02
-1.098277517395e+00,3.495702797461e+00,8.154422812364e-02
-1.098091335960e+00,1.402532736107e+00,8.153314546764e-02
-1.098009792821e+00,9.947597208093e+00,7.339015111125e-02
-1.097629662948e+00,5.171058595834e+00,8.152810987314e-02
-1.097609268043e+00,4.493983903650e+00,8.154006857106e-02
-1.097606672157e+00,2.497421691274e+00,8.153167816848e-02
-1.097402786251e+00,3.527905413790e+00,8.153344758178e-02
-1.097259801416e+00,1.434735352435e+00,8.152289017980e-02
-1.096980598248e+00,7.160684217079e+00,8.147437645087e-02
-1.096862363775e+00,4.621850938921e+00,8.153085162433e-02
-1.096766967428e+00,9.527218618156e+00,8.130513956900e-02
-1.096753539313e+00,2.529624307603e+00,8.152115090936e-02
-1.096732539625e+00,6.565821959654e+00,8.148418821306e-02
-1.096712938599e+00,4.526186519978e+00,8.152901261501e-02
-1.096583011156e+00,9.052316573366e+00,8.142437499655e-02
-1.096528055108e+00,3.560108030119e+00,8.152265258531e-02
-1.096428266872e+00,1.466937968764e+00,8.151262182119e-02
-1.096112179173e+00,6.847348641173e+00,8.147009908047e-02
-1.096018713661e+00,8.609722652872e+00,8.142753023919e-02
-1.095900406469e+00,2.561826923931e+00,8.151060987805e-02
-1.095823756358e+00,6.036205279753e+00,8.148586155903e-02
-1.095816609156e+00,4.558389136307e+00,8.151794146011e-02
-1.095667235886e+00,1.035219417134e+01,5.238564336859e-02
-1.095658042102e+00,5.571437326755e+00,8.149401753391e-02
-1.095653323964e+00,3.592310646447e+00,8.151184310535e-02
-1.095596732328e+00,1.499140585092e+00,8.150234036697e-02
-1.095557535925e+00,7.474937271811e+00,8.144946799286e-02
-1.095425936623e+00,8.199355549276e+00,8.142978648866e-02
-1.095301176532e+00,6.285181765884e+00,8.147288056342e-02
-1.095206012250e+00,5.355588678530e+00,8.149312339567e-02
-1.095155582962e+00,7.821126095246e+00,8.143562219562e-02
-1.095130907315e+00,9.922750414202e+00,7.407638273773e-02
-1.095047273626e+00,2.594029540260e+00,8.150005504772e-02
-1.094920279713e+00,4.590591752636e+00,8.150685507525e-02
-1.094778592821e+00,3.624513262776e+00,8.150101911294e-02
-1.094765197784e+00,1.531343201420e+00,8.149204579228e-02
-1.094532733120e+00,5.788071178396e+00,8.147561105446e-02
-1.094194140782e+00,2.626232156588e+00,8.148948639142e-02
-1.094151468936e+00,4.956799458880e+00,8.149041277074e-02
-1.093933663240e+00,1.563545817749e+00,8.148173807216e-02
-1.093905806620e+00,9.495977186046e+00,8.138015996596e-02
-1.093903861677e+00,3.656715879105e+00,8.149018057905e-02
-1.093782895740e+00,4.773786019017e+00,8.148899627898e-02
-1.093607038883e+00,9.021119215383e+00,8.138733077777e-02
-1.093433816117e+00,7.129726748518e+00,8.143023351810e-02
-1.093341007938e+00,2.658434772917e+00,8.147890388220e-02
-1.093182310834e+00,5.140552350696e+00,8.147320004723e-02
-1.093102128697e+00,1.595748434077e+00,8.147141718161e-02
-1.093029130534e+00,3.688918495433e+00,8.147932747460e-02
-1.092959062097e+00,6.534969536050e+00,8.143735505756e-02
-1.092928138335e+00,8.578570671610e+00,8.138907750763e-02
-1.092910326375e+00,1.032733335421e+01,5.469992819547e-02
-1.092487875094e+00,2.690637389245e+00,8.146830749299e-02
-1.092451926971e+00,6.816443046961e+00,8.142455345011e-02
-1.092270594153e+00,1.627951050406e+00,8.146108309555e-02
-1.092252021809e+00,9.897903620312e+00,7.472504350860e-02
-1.092220972724e+00,8.168250246346e+00,8.138993250424e-02
-1.092154399390e+00,3.721121111762e+00,8.146845977037e-02
-1.092124462569e+00,7.443929226286e+00,8.140692545926e-02
-1.091836451034e+00,7.790068771242e+00,8.139439665794e-02
-1.091824586558e+00,6.005463081496e+00,8.143636039981e-02
-1.091634742251e+00,2.722840005574e+00,8.145769719668e-02
-1.091439059609e+00,1.660153666734e+00,8.145073578886e-02
-1.091434231393e+00,5.540810524661e+00,8.144147273571e-02
-1.091414724460e+00,6.254383807992e+00,8.142463575439e-02
-1.091279668247e+00,3.753323728091e+00,8.145757743713e-02
-1.091044645812e+00,9.464735753936e+00,8.134435969058e-02
-1.090870290395e+00,5.325021510460e+00,8.143927032927e-02
-1.090781609407e+00,2.755042621902e+00,8.144707296609e-02
-1.090631066609e+00,8.989921857400e+00,8.135012268531e-02
-1.090607525065e+00,1.692356283063e+00,8.144037523634e-02
-1.090421108434e+00,5.757386032484e+00,8.142427792308e-02
-1.090404937103e+00,3.785526344419e+00,8.144668044551e-02
-1.090153416865e+00,1.030247253707e+01,5.679044849204e-02
-1.089928476563e+00,2.787245238231e+00,8.143643477392e-02
-1.089887033987e+00,7.098769279957e+00,8.138585849829e-02
-1.089837563009e+00,8.547418690349e+00,8.135044868008e-02
-1.089775990521e+00,1.724558899391e+00,8.143000141272e-02
-1.089592773454e+00,4.926355424264e+00,8.143345744850e-02
-1.089530205960e+00,3.817728960748e+00,8.143576876612e-02
-1.089373136304e+00,9.873056826422e+00,7.533912313182e-02
-1.089185584568e+00,6.504117112446e+00,8.139026249435e-02
-1.089113149777e+00,4.743405481159e+00,8.143076111634e-02
-1.089075343720e+00,2.819447854559e+00,8.142578259286e-02
-1.089016008825e+00,8.137144943415e+00,8.134988992353e-02
-1.088944455977e+00,1.756761515720e+00,8.141961429267e-02
-1.088791674769e+00,6.785537452749e+00,8.137876173804e-02
-1.088734958721e+00,5.110046105560e+00,8.141793861487e-02
-1.088691389212e+00,7.412921180762e+00,8.136399934844e-02
-1.088655474816e+00,3.849931577077e+00,8.142484236947e-02
-1.088517319105e+00,7.759011447237e+00,8.135296992701e-02
-1.088222210876e+00,2.851650470888e+00,8.141511639550e-02
-1.088183485004e+00,9.433494321825e+00,8.130840641260e-02
-1.088112921434e+00,1.788964132048e+00,8.140921385083e-02
-1.087825416758e+00,5.974720883239e+00,8.138657201825e-02
-1.087780743672e+00,3.882134193405e+00,8.141390122596e-02
-1.087655094336e+00,8.958724499417e+00,8.131274968703e-02
-1.087528272388e+00,6.223585850101e+00,8.137611708492e-02
-1.087396507354e+00,1.027761171994e+01,5.868811184369e-02
-1.087369078032e+00,2.883853087217e+00,8.140443615437e-02
-1.087281386890e+00,1.821166748377e+00,8.139880006171e-02
-1.087210420683e+00,5.510183722567e+00,8.138860328384e-02
-1.086906012529e+00,3.914336809734e+00,8.140294530596e-02
-1.086746987683e+00,8.516266709088e+00,8.131164261344e-02
-1.086534568540e+00,5.294454342389e+00,8.138507803591e-02
-1.086515945189e+00,2.916055703546e+00,8.139374184190e-02
-1.086494250798e+00,9.848210032532e+00,7.592130249574e-02
-1.086449852346e+00,1.853369364705e+00,8.138837289980e-02
-1.086340251856e+00,7.067811811396e+00,8.134124966996e-02
-1.086309483748e+00,5.726700886573e+00,8.137263386170e-02
-1.086031281385e+00,3.946539426063e+00,8.139197457972e-02
-1.085811044926e+00,8.106039640484e+00,8.130965748772e-02
-1.085662812345e+00,2.948258319874e+00,8.138303343049e-02
-1.085618317802e+00,1.885571981034e+00,8.137793233952e-02
-1.085412107040e+00,6.473264688842e+00,8.134290852104e-02
-1.085322324196e+00,9.402252889715e+00,8.127229919760e-02
-1.085258315855e+00,7.381913135237e+00,8.132068460509e-02
-1.085198187177e+00,7.727954123233e+00,8.131134062530e-02
-1.085156550242e+00,3.978742042391e+00,8.138098901743e-02
-1.085131422566e+00,6.754631858537e+00,8.133272207960e-02
-1.085034077972e+00,4.895911389649e+00,8.137612204706e-02
-1.084809679501e+00,2.980460936203e+00,8.137231089243e-02
-1.084786783258e+00,1.917774597362e+00,8.136747835522e-02
-1.084679122063e+00,8.927527141434e+00,8.127521074279e-02
-1.084639597844e+00,1.025275090281e+01,6.041838460410e-02
-1.084443403814e+00,4.713024943301e+00,8.137213094383e-02
-1.084287606607e+00,5.079539860423e+00,8.136232252929e-02
-1.084281819098e+00,4.010944658720e+00,8.136998858921e-02
-1.083956546658e+00,3.012663552532e+00,8.136157419998e-02
-1.083955248714e+00,1.949977213690e+00,8.135701092118e-02
-1.083826246958e+00,5.943978684982e+00,8.133649412712e-02
-1.083656412357e+00,8.485114727826e+00,8.127265815553e-02
-1.083641820316e+00,6.192787892210e+00,8.132732240465e-02
-1.083615365292e+00,9.823363238641e+00,7.647307501849e-02
-1.083407087955e+00,4.043147275049e+00,8.135897326508e-02
-1.083123714171e+00,1.982179830019e+00,8.134653001163e-02
-1.083103413814e+00,3.044866168860e+00,8.135082332528e-02
-1.082986609973e+00,5.479556920474e+00,8.133540641335e-02
-1.082793469725e+00,7.036854342835e+00,8.129640529595e-02
-1.082606081028e+00,8.074934337554e+00,8.126923392773e-02
-1.082532356811e+00,4.075349891377e+00,8.134794301499e-02
-1.082461163388e+00,9.371011457605e+00,8.123603710401e-02
-1.082292179627e+00,2.014382446347e+00,8.133603560071e-02
-1.082250280970e+00,3.077068785189e+00,8.134005824042e-02
-1.082198846685e+00,5.263887174318e+00,8.133054359674e-02
-1.082197859061e+00,5.696015740661e+00,8.132067625401e-02
-1.081882688333e+00,1.022789008567e+01,6.200243882686e-02
-1.081879055248e+00,7.696896799228e+00,8.126950736390e-02
-1.081825242498e+00,7.350905089712e+00,8.127714734802e-02
-1.081703149790e+00,8.896329783451e+00,8.123750480419e-02
-1.081657625668e+00,4.107552507706e+00,8.133689780880e-02
-1.081638629511e+00,6.442412265238e+00,8.129529111682e-02
-1.081471170364e+00,6.723726264325e+00,8.128643259304e-02
-1.081460645083e+00,2.046585062676e+00,8.132552766252e-02
-1.081397148126e+00,3.109271401518e+00,8.132927891742e-02
-1.080782894524e+00,4.139755124035e+00,8.132583761629e-02
-1.080736479787e+00,9.798516444751e+00,7.699745660569e-02
-1.080629110539e+00,2.078787679004e+00,8.131500617108e-02
-1.080565837031e+00,8.453962746565e+00,8.123349414488e-02
-1.080544015283e+00,3.141474017846e+00,8.131848532823e-02
-1.080475382490e+00,4.865467355033e+00,8.131840309119e-02
-1.079908163381e+00,4.171957740363e+00,8.131476240719e-02
-1.079840254494e+00,5.049033615286e+00,8.130634871424e-02
-1.079827077158e+00,5.913236486725e+00,8.128598918436e-02
-1.079797575995e+00,2.110990295333e+00,8.130447110033e-02
-1.079773657851e+00,4.682644405444e+00,8.131310212812e-02
-1.079755368244e+00,6.161989934318e+00,8.127824954339e-02
-1.079693686128e+00,1.562500050003e-02,8.261597972752e-02
-1.079693686128e+00,1.093750035002e-01,8.220676589677e-02
-1.079693686128e+00,1.406250045003e-01,8.208244907647e-02
-1.079693686128e+00,2.343750075005e-01,8.175443982409e-02
-1.079693686128e+00,2.656250085005e-01,8.166208176040e-02
-1.079693686128e+00,2.968750095005e-01,8.157915067661e-02
-1.079693686128e+00,3.281250105004e-01,8.150615498426e-02
-1.079693686128e+00,3.593750115003e-01,8.144355528962e-02
-1.079693686128e+00,3.906250125002e-01,8.139175655725e-02
-1.079693686128e+00,4.218750135002e-01,8.135110094268e-02
-1.079693686128e+00,4.531250145001e-01,8.132186153583e-02
-1.079693686128e+00,4.843750155000e-01,8.130423723635e-02
-1.079693686128e+00,5.156250165000e-01,8.129834894819e-02
-1.079693686128e+00,7.031250224997e-01,8.129834894819e-02
-1.079693686128e+00,7.343750234996e-01,8.129834894819e-02
-1.079693686128e+00,7.656250244996e-01,8.129834894819e-02
-1.079693686128e+00,7.968750254997e-01,8.129834894819e-02
-1.079693686128e+00,8.281250264997e-01,8.129834894819e-02
-1.079693686128e+00,8.593750274998e-01,8.129834894819e-02
-1.079693686128e+00,8.906250284999e-01,8.129834894819e-02
-1.079693686128e+00,9.218750295000e-01,8.129834894819e-02
-1.079693686128e+00,9.531250305000e-01,8.129834894819e-02
-1.079693686128e+00,9.843750315000e-01,8.129834894819e-02
-1.079693686128e+00,4.687500150008e-02,8.247415116087e-02
-1.079693686128e+00,1.718750055004e-01,8.196521393138e-02
-1.079693686128e+00,5.468750174999e-01,8.129834894819e-02
-1.079693686128e+00,6.718750214997e-01,8.129834894819e-02
-1.079693686128e+00,7.812500250012e-02,8.233754100175e-02
-1.079693686128e+00,2.031250065004e-01,8.185567690723e-02
-1.079693686128e+00,5.781250184999e-01,8.129834894819e-02
-1.079693686128e+00,6.093750194998e-01,8.129834894819e-02
-1.079693686128e+00,6.406250204998e-01,8.129834894819e-02
-1.079690882439e+00,3.173676634175e+00,8.130767744472e-02
-1.079600002580e+00,9.339770025495e+00,8.119961918308e-02
-1.079401117129e+00,8.043829034623e+00,8.122861796408e-02
-1.079288718006e+00,1.016101340164e+00,8.129321126042e-02
-1.079246687594e+00,7.005896874274e+00,8.125132362336e-02
-1.079125778823e+00,1.020302926854e+01,6.345802082480e-02
-1.079033432237e+00,4.204160356692e+00,8.130367215109e-02
-1.078966041451e+00,2.143192911661e+00,8.129392242418e-02
-1.078837749595e+00,3.205879250504e+00,8.129685523866e-02
-1.078762799264e+00,5.448930118380e+00,8.128187933186e-02
-1.078727177516e+00,8.865132425468e+00,8.119963081469e-02
-1.078559923320e+00,7.665839475224e+00,8.122746874236e-02
-1.078478781762e+00,1.048303956493e+00,8.128292618791e-02
-1.078392169141e+00,7.319897044188e+00,8.123338595781e-02
-1.078158701094e+00,4.236362973020e+00,8.129256681757e-02
-1.078134506907e+00,2.175395527990e+00,8.128336011645e-02
-1.078086234375e+00,5.665330594750e+00,8.126840245755e-02
-1.077984616752e+00,3.238081866832e+00,8.128601868180e-02
-1.077865151982e+00,6.411559841634e+00,8.124740824220e-02
-1.077863124829e+00,5.233320006248e+00,8.127566406424e-02
-1.077857594281e+00,9.773669650861e+00,7.749664432376e-02
-1.077810918162e+00,6.692820670113e+00,8.123989137935e-02
-1.077668845518e+00,1.080506572821e+00,8.127262816591e-02
-1.077475261705e+00,8.422810765303e+00,8.119414941070e-02
-1.077302972364e+00,2.207598144318e+00,8.127278415088e-02
-1.077283969950e+00,4.268565589349e+00,8.128144637604e-02
-1.077131483908e+00,3.270284483161e+00,8.127516774577e-02
-1.076858909274e+00,1.112709189150e+00,8.126231717015e-02
-1.076738841773e+00,9.308528593384e+00,8.116304447877e-02
-1.076471437820e+00,2.239800760646e+00,8.126219450116e-02
-1.076409238807e+00,4.300768205678e+00,8.127031079591e-02
-1.076368869312e+00,1.017816845140e+01,6.480011711699e-02
-1.076278351064e+00,3.302487099489e+00,8.126430240216e-02
-1.076196153230e+00,8.012723731692e+00,8.118780830687e-02
-1.076048973030e+00,1.144911805478e+00,8.125199317626e-02
-1.075916687009e+00,4.835023320417e+00,8.126029706913e-02
-1.075868916172e+00,6.131191976427e+00,8.122889631090e-02
-1.075827907358e+00,5.882494288468e+00,8.123487307118e-02
-1.075751205243e+00,8.833935067485e+00,8.116158770939e-02
-1.075699905464e+00,6.974939405713e+00,8.120600288334e-02
-1.075639903276e+00,2.272003376975e+00,8.125159114091e-02
-1.075534507663e+00,4.332970822006e+00,8.125916004648e-02
-1.075425218221e+00,3.334689715818e+00,8.125342262245e-02
-1.075392902380e+00,5.018527370149e+00,8.125001406380e-02
-1.075240791391e+00,7.634782151220e+00,8.118522334859e-02
-1.075239036786e+00,1.177114421807e+00,8.124165615984e-02
-1.075103911888e+00,4.652263867586e+00,8.125367099841e-02
-1.074978708775e+00,9.748822856971e+00,7.797239648277e-02
-1.074959095784e+00,7.288888998663e+00,8.118939880042e-02
-1.074808368732e+00,2.304205993303e+00,8.124097404369e-02
-1.074659776520e+00,4.365173438335e+00,8.124799409694e-02
-1.074572085377e+00,3.366892332147e+00,8.124252837806e-02
-1.074538988554e+00,5.418303316286e+00,8.122801921923e-02
-1.074429100542e+00,1.209317038135e+00,8.123130609640e-02
-1.074384686379e+00,8.391658784042e+00,8.115462277283e-02
-1.074150665960e+00,6.661915075900e+00,8.119309652213e-02
-1.074091674454e+00,6.380707418030e+00,8.119925783897e-02
-1.073976834188e+00,2.336408609632e+00,8.123034318298e-02
-1.073974609689e+00,5.634645448838e+00,8.121580980356e-02
-1.073877680965e+00,9.277287161274e+00,8.112631202771e-02
-1.073785045376e+00,4.397376054664e+00,8.123681291642e-02
-1.073718952533e+00,3.399094948475e+00,8.123161964035e-02
-1.073619164298e+00,1.241519654464e+00,8.122094296142e-02
-1.073611959802e+00,1.015330763427e+01,6.604147084138e-02
-1.073578728139e+00,1.060775837753e+01,6.608629141036e-06
-1.073527402974e+00,5.202752838177e+00,8.122043646200e-02
-1.073145299644e+00,2.368611225961e+00,8.121969853220e-02
-1.072991189331e+00,7.981618428762e+00,8.114680365564e-02
-1.072910314232e+00,4.429578670992e+00,8.122561647398e-02
-1.072865819690e+00,3.431297564804e+00,8.122069638059e-02
-1.072809228054e+00,1.273722270792e+00,8.121056673030e-02
-1.072775232970e+00,8.802737709501e+00,8.112337441505e-02
-1.072313765101e+00,2.400813842289e+00,8.120904006469e-02
-1.072153123333e+00,6.943981937153e+00,8.116044129098e-02
-1.072099823270e+00,9.723976063081e+00,7.842631221084e-02
-1.072035583089e+00,4.461781287321e+00,8.121440473856e-02
-1.072012686846e+00,3.463500181133e+00,8.120975856998e-02
-1.071999291810e+00,1.305924887121e+00,8.120017737838e-02
-1.071982464100e+00,6.100394018535e+00,8.117926049676e-02
-1.071921659463e+00,7.603724827215e+00,8.114276975885e-02
-1.071828737558e+00,5.851752090211e+00,8.118345142241e-02
-1.071526022427e+00,7.257880953139e+00,8.114518422723e-02
-1.071482230557e+00,2.433016458617e+00,8.119836775373e-02
-1.071357991527e+00,4.804579285802e+00,8.120180043230e-02
-1.071294111053e+00,8.360506802781e+00,8.111491304160e-02
-1.071189355566e+00,1.338127503449e+00,8.118977488094e-02
-1.071160851945e+00,4.493983903650e+00,8.120317767906e-02
-1.071159554002e+00,3.495702797461e+00,8.119880617962e-02
-1.071016520157e+00,9.246045729164e+00,8.108942085911e-02
-1.070945550266e+00,4.988021125012e+00,8.119315570579e-02
-1.070943862690e+00,1.058288413457e+01,1.009259231363e-02
-1.070855050291e+00,1.012844681714e+01,6.719298639300e-02
-1.070650696013e+00,2.465219074946e+00,8.118768157254e-02
-1.070490413757e+00,6.631009481688e+00,8.114604608739e-02
-1.070434165925e+00,4.621883329729e+00,8.119383384614e-02
-1.070379419322e+00,1.370330119778e+00,8.117935921320e-02
-1.070318196925e+00,6.349854994426e+00,8.115083782986e-02
-1.070315177845e+00,5.387676514192e+00,8.117382322743e-02
-1.070306421159e+00,3.527905413790e+00,8.118783918057e-02
-1.070286120802e+00,4.526186519978e+00,8.119193526425e-02
-1.069862985003e+00,5.603960302926e+00,8.116289559661e-02
-1.069819161469e+00,2.497421691274e+00,8.117698149425e-02
-1.069799260697e+00,8.771540351518e+00,8.108498984995e-02
-1.069786225433e+00,7.950513125831e+00,8.110560269928e-02
-1.069569483078e+00,1.402532736107e+00,8.116893035031e-02
-1.069453288315e+00,3.560108030119e+00,8.117685754379e-02
-1.069411389658e+00,4.558389136307e+00,8.118067746284e-02
-1.069220937764e+00,9.699129269191e+00,7.885984899757e-02
-1.069191681119e+00,5.172185670106e+00,8.116485778443e-02
-1.068987626925e+00,2.529624307603e+00,8.116626749194e-02
-1.068759546834e+00,1.434735352435e+00,8.115848826735e-02
-1.068606341202e+00,6.913024468592e+00,8.111463704514e-02
-1.068602527534e+00,7.572667503211e+00,8.109985693594e-02
-1.068600155471e+00,3.592310646447e+00,8.116586124018e-02
-1.068536658515e+00,4.590591752636e+00,8.116940424348e-02
-1.068308997241e+00,1.055800989160e+01,1.830158705030e-02
-1.068203535727e+00,8.329354821519e+00,8.107501901778e-02
-1.068156092381e+00,2.561826923931e+00,8.115553953861e-02
-1.068155359349e+00,9.214804297053e+00,8.105236999477e-02
-1.068098140780e+00,1.010358600000e+01,6.826404953021e-02
-1.068096012028e+00,6.069596060644e+00,8.112933987019e-02
-1.068092949070e+00,7.226872907614e+00,8.110074057472e-02
-1.067949610590e+00,1.466937968764e+00,8.114803293940e-02
-1.067829567758e+00,5.821009891954e+00,8.113172168908e-02
-1.067747022628e+00,3.624513262776e+00,8.115485024054e-02
-1.067324557837e+00,2.594029540260e+00,8.114479760721e-02
-1.067139674346e+00,1.499140585092e+00,8.113756434137e-02
-1.066893889784e+00,3.656715879105e+00,8.114382451561e-02
-1.066830161555e+00,6.600103887476e+00,8.109873812339e-02
-1.066823288424e+00,8.740342993535e+00,8.104643292389e-02
-1.066799296045e+00,4.774135251186e+00,8.114290959487e-02
-1.066581261534e+00,7.919407822900e+00,8.106420411594e-02
-1.066544719397e+00,6.319002570822e+00,8.110214611855e-02
-1.066498198153e+00,4.957514879875e+00,8.113553505190e-02
-1.066493023294e+00,2.626232156588e+00,8.113404167057e-02
-1.066342052258e+00,9.674282475301e+00,7.927433797884e-02
-1.066329738102e+00,1.531343201420e+00,8.112708244821e-02
-1.066091367135e+00,5.357049712098e+00,8.111928848015e-02
-1.066040756940e+00,3.688918495433e+00,8.113278403605e-02
-1.065751360317e+00,5.573275157015e+00,8.110965711442e-02
-1.065674131791e+00,1.053313564863e+01,2.510910563199e-02
-1.065661488750e+00,2.658434772917e+00,8.112327170150e-02
-1.065519801858e+00,1.563545817749e+00,8.111658723474e-02
-1.065341231270e+00,1.007872518287e+01,6.926278285831e-02
-1.065294198541e+00,9.183562864943e+00,8.101515844891e-02
-1.065283395606e+00,7.541610179206e+00,8.105664043663e-02
-1.065187624096e+00,3.721121111762e+00,8.112172877245e-02
-1.065112960401e+00,8.298202840258e+00,8.103493949249e-02
-1.065059559072e+00,6.882067000031e+00,8.106858832823e-02
-1.064855959264e+00,5.141618502036e+00,8.110892499655e-02
-1.064829954206e+00,2.690637389245e+00,8.111248767272e-02
-1.064709865614e+00,1.595748434077e+00,8.110607867575e-02
-1.064659875713e+00,7.195864862089e+00,8.105606616449e-02
-1.064334491253e+00,3.753323728091e+00,8.111065869529e-02
-1.064209559956e+00,6.038798102752e+00,8.107913217987e-02
-1.063998419662e+00,2.722840005574e+00,8.110168955689e-02
-1.063899929370e+00,1.627951050406e+00,8.109555674594e-02
-1.063847316150e+00,8.709145635553e+00,8.100770253803e-02
-1.063830397958e+00,5.790267693697e+00,8.107968129681e-02
-1.063481358409e+00,3.785526344419e+00,8.109957377500e-02
-1.063463166753e+00,9.649435681410e+00,7.967099729312e-02
-1.063376297635e+00,7.888302519969e+00,8.102260657296e-02
-1.063169909353e+00,6.569198293264e+00,8.105117066046e-02
-1.063166885118e+00,2.755042621902e+00,8.109087732658e-02
-1.063089993126e+00,1.660153666734e+00,8.108502141998e-02
-1.063039266342e+00,1.050826140567e+01,3.084566803868e-02
-1.062771241868e+00,6.288150147218e+00,8.105318058933e-02
-1.062628225565e+00,3.817728960748e+00,8.108847398193e-02
-1.062584321759e+00,1.005386436574e+01,7.019625141531e-02
-1.062433037733e+00,9.152321432833e+00,8.097778522821e-02
-1.062335350574e+00,2.787245238231e+00,8.108005095431e-02
-1.062280056882e+00,1.692356283063e+00,8.107447267244e-02
-1.062240600563e+00,4.743691216570e+00,8.108362093350e-02
-1.062050846039e+00,4.927008634738e+00,8.107753162865e-02
-1.062022385075e+00,8.267050858996e+00,8.099467324712e-02
-1.061964263677e+00,7.510552855202e+00,8.101320568765e-02
-1.061867556426e+00,5.326422910005e+00,8.106441207267e-02
-1.061775092722e+00,3.849931577077e+00,8.107735928637e-02
-1.061639735631e+00,5.542590011103e+00,8.105609160759e-02
-1.061512776941e+00,6.851109531470e+00,8.102229330620e-02
-1.061503816031e+00,2.819447854559e+00,8.106921041251e-02
-1.061470120638e+00,1.724558899391e+00,8.106391047785e-02
-1.061226802357e+00,7.164856816565e+00,8.101115930296e-02
-1.060921959878e+00,3.882134193405e+00,8.106622965847e-02
-1.060871343877e+00,8.677948277569e+00,8.096879758490e-02
-1.060672281487e+00,2.851650470888e+00,8.105835567356e-02
-1.060660184394e+00,1.756761515720e+00,8.105333481067e-02
-1.060584281247e+00,9.624588887520e+00,8.005074739601e-02
-1.060520237409e+00,5.111051333965e+00,8.105263503379e-02
-1.060404400893e+00,1.048338716270e+01,3.574543811226e-02
-1.060323107884e+00,6.008000144861e+00,8.102863515371e-02
-1.060171333736e+00,7.857197217039e+00,8.098080872677e-02
-1.060068827034e+00,3.914336809734e+00,8.105508506834e-02
-1.059850248150e+00,1.788964132048e+00,8.104274564530e-02
-1.059840746943e+00,2.883853087217e+00,8.104748670975e-02
-1.059831228158e+00,5.759525495440e+00,8.102732764547e-02
-1.059827412249e+00,1.002900354860e+01,7.107062937105e-02
-1.059571876925e+00,9.121080000723e+00,8.094024933167e-02
-1.059509657151e+00,6.538292699052e+00,8.100334171087e-02
-1.059215694191e+00,3.946539426063e+00,8.104392548603e-02
-1.059040311906e+00,1.821166748377e+00,8.103214295605e-02
-1.059009212399e+00,2.916055703546e+00,8.103660349329e-02
-1.058997764339e+00,6.257297723614e+00,8.100393910705e-02
-1.058931809749e+00,8.235898877735e+00,8.095421905324e-02
-1.058645131749e+00,7.479495531198e+00,8.096955112363e-02
-1.058362561347e+00,3.978742042391e+00,8.103275088148e-02
-1.058230375662e+00,1.853369364705e+00,8.102152671721e-02
-1.058177677855e+00,2.948258319874e+00,8.102570599636e-02
-1.057965994810e+00,6.820152062909e+00,8.097575012819e-02
-1.057895371604e+00,8.646750919586e+00,8.092971694826e-02
-1.057793729000e+00,7.133848771041e+00,8.096601828133e-02
-1.057771764993e+00,9.596523389231e+00,8.046007944306e-02
-1.057769535443e+00,1.045851291973e+01,3.997895154718e-02
-1.057681905081e+00,4.713247181955e+00,8.102393078701e-02
-1.057643745716e+00,5.295796107911e+00,8.100919107155e-02
-1.057603493926e+00,4.896502389601e+00,8.101914193798e-02
-1.057528110944e+00,5.511904865192e+00,8.100219629930e-02
-1.057509428503e+00,4.010944658720e+00,8.102156122456e-02
-1.057420439418e+00,1.885571981034e+00,8.101089690296e-02
-1.057346143311e+00,2.980460936203e+00,8.101479419101e-02
-1.057070502738e+00,1.000414273147e+01,7.189133615895e-02
-1.056966369838e+00,7.826091914108e+00,8.093880922276e-02
-1.056710716117e+00,9.089838568613e+00,8.090254975057e-02
-1.056656295660e+00,4.043147275049e+00,8.101035648505e-02
-1.056610503174e+00,1.917774597362e+00,8.100025348745e-02
-1.056514608767e+00,3.012663552532e+00,8.100386804926e-02
-1.056436655812e+00,5.977202186969e+00,8.097765809872e-02
-1.056184515554e+00,5.080484165895e+00,8.099598480171e-02
-1.055849404948e+00,6.507387104840e+00,8.095524926867e-02
-1.055841234423e+00,8.204746896474e+00,8.091357567251e-02
-1.055832058358e+00,5.728783297183e+00,8.097465810897e-02
-1.055803162816e+00,4.075349891377e+00,8.099913663266e-02
-1.055800566930e+00,1.949977213690e+00,8.098959644474e-02
-1.055683074224e+00,3.044866168860e+00,8.099292754305e-02
-1.055325999821e+00,7.448438207193e+00,8.092567516529e-02
-1.055224286811e+00,6.226445300010e+00,8.095441951686e-02
-1.055134669994e+00,1.043363867677e+01,4.367335288059e-02
-1.055025617991e+00,9.565239186545e+00,8.086787562087e-02
-1.054990630686e+00,1.982179830019e+00,8.097892574883e-02
-1.054950029972e+00,4.107552507706e+00,8.098790163701e-02
-1.054919399331e+00,8.615553561603e+00,8.089045950305e-02
-1.054851539680e+00,3.077068785189e+00,8.098197264424e-02
-1.054419212679e+00,6.789194594348e+00,8.092895692656e-02
-1.054360655643e+00,7.102840725516e+00,8.092064137541e-02
-1.054313593228e+00,9.979281914336e+00,7.266314838538e-02
-1.054180694442e+00,2.014382446347e+00,8.096824137366e-02
-1.054096897129e+00,4.139755124035e+00,8.097665146767e-02
-1.054020005136e+00,3.109271401518e+00,8.097100332460e-02
-1.053849555309e+00,9.058597136503e+00,8.086468546838e-02
-1.053761405939e+00,7.794986611178e+00,8.089660669521e-02
-1.053419935007e+00,5.265169305817e+00,8.095362251437e-02
-1.053416486258e+00,5.481219719280e+00,8.094796838509e-02
-1.053370758198e+00,2.046585062676e+00,8.095754329310e-02
-1.053243764285e+00,4.171957740363e+00,8.096538609407e-02
-1.053188470592e+00,3.141474017846e+00,8.096001955586e-02
-1.053156141812e+00,4.865996144464e+00,8.096036244475e-02
-1.053123209600e+00,4.682803147339e+00,8.096383545602e-02
-1.052750659097e+00,8.173594915212e+00,8.087274185659e-02
-1.052560821954e+00,2.078787679004e+00,8.094683148095e-02
-1.052550203740e+00,5.946404229078e+00,8.092611802920e-02
-1.052499804545e+00,1.040876443380e+01,4.692537073210e-02
-1.052390631441e+00,4.204160356692e+00,8.095410548561e-02
-1.052356936048e+00,3.173676634175e+00,8.094902130965e-02
-1.052279470988e+00,9.533954983859e+00,8.083139178807e-02
-1.052189152746e+00,6.476481510628e+00,8.090689130942e-02
-1.052006867892e+00,7.417380883188e+00,8.088157621930e-02
-1.051943427057e+00,8.584356203620e+00,8.085102411533e-02
-1.051848793699e+00,5.049916997824e+00,8.093897117577e-02
-1.051832888557e+00,5.698041098926e+00,8.092167003502e-02
-1.051750885710e+00,2.110990295333e+00,8.093610591096e-02
-1.051556683717e+00,9.954421097203e+00,7.339029240048e-02
-1.051537498597e+00,4.236362973020e+00,8.094280961158e-02
-1.051525401504e+00,3.205879250504e+00,8.093800855753e-02
-1.051450809282e+00,6.195592876406e+00,8.090461964408e-02
-1.050988394501e+00,9.027355704392e+00,8.082665546077e-02
-1.050940949466e+00,2.143192911661e+00,8.092536655678e-02
-1.050927582286e+00,7.071832679991e+00,8.087502684542e-02
-1.050901854498e+00,6.718750214997e-01,8.091968360558e-02
-1.050901854498e+00,7.031250224997e-01,8.091968360558e-02
-1.050901854498e+00,1.562500050003e-02,8.232813200774e-02
-1.050901854498e+00,4.687500150008e-02,8.217738075036e-02
-1.050901854498e+00,7.812500250012e-02,8.203198870701e-02
-1.050901854498e+00,1.093750035002e-01,8.189263196512e-02
-1.050901854498e+00,1.406250045003e-01,8.175999653984e-02
-1.050901854498e+00,1.718750055004e-01,8.163477121194e-02
-1.050901854498e+00,2.031250065004e-01,8.151763951968e-02
-1.050901854498e+00,2.343750075005e-01,8.140927101885e-02
-1.050901854498e+00,2.656250085005e-01,8.131031197014e-02
-1.050901854498e+00,2.968750095005e-01,8.122137565647e-02
-1.050901854498e+00,3.281250105004e-01,8.114303257344e-02
-1.050901854498e+00,3.593750115003e-01,8.107580076807e-02
-1.050901854498e+00,3.906250125002e-01,8.102013662326e-02
-1.050901854498e+00,4.218750135002e-01,8.097642639333e-02
-1.050901854498e+00,4.531250145001e-01,8.094497878956e-02
-1.050901854498e+00,4.843750155000e-01,8.092601888960e-02
-1.050901854498e+00,5.156250165000e-01,8.091968360558e-02
-1.050901854498e+00,5.468750174999e-01,8.091968360558e-02
-1.050901854498e+00,5.781250184999e-01,8.091968360558e-02
-1.050901854498e+00,6.093750194998e-01,8.091968360558e-02
-1.050901854498e+00,6.406250204998e-01,8.091968360558e-02
-1.050901854498e+00,7.343750234996e-01,8.091968360558e-02
-1.050901854498e+00,7.656250244996e-01,8.091968360558e-02
-1.050901854498e+00,7.968750254996e-01,8.091968360558e-02
-1.050901854498e+00,8.281250264997e-01,8.091968360558e-02
-1.050901854498e+00,8.593750274998e-01,8.091968360558e-02
-1.050901854498e+00,8.906250284999e-01,8.091968360558e-02
-1.050901854498e+00,9.218750295000e-01,8.091968360558e-02
-1.050901854498e+00,9.531250305000e-01,8.091968360558e-02
-1.050901854498e+00,9.843750315000e-01,8.091968360558e-02
-1.050872430549e+00,6.758237125787e+00,8.088191181655e-02
-1.050693866961e+00,3.238081866832e+00,8.092698127101e-02
-1.050684365754e+00,4.268565589349e+00,8.093149844120e-02
-1.050556442040e+00,7.763881308247e+00,8.085404650863e-02
-1.050507685526e+00,1.016101340164e+00,8.091445050766e-02
-1.050131013222e+00,2.175395527990e+00,8.091461339203e-02
-1.049864939095e+00,1.038389019083e+01,4.980989980825e-02
-1.049862332417e+00,3.270284483161e+00,8.091593942149e-02
-1.049831232910e+00,4.300768205678e+00,8.092017194362e-02
-1.049719347582e+00,1.048303956493e+00,8.090397448407e-02
-1.049660083771e+00,8.142442933951e+00,8.083171634709e-02
-1.049533323986e+00,9.502670781173e+00,8.079475402645e-02
-1.049321076978e+00,2.207598144318e+00,8.090384639023e-02
-1.049304861572e+00,5.450534573369e+00,8.089340503261e-02
-1.049196124297e+00,5.234542503723e+00,8.089770340951e-02
-1.049030797873e+00,3.302487099489e+00,8.090488298032e-02
-1.048978100066e+00,4.332970822006e+00,8.090883008786e-02
-1.048967454784e+00,8.553158845637e+00,8.081140964217e-02
-1.048931009637e+00,1.080506572821e+00,8.089348533648e-02
-1.048799774207e+00,9.929560280069e+00,7.407652131984e-02
-1.048708789699e+00,4.835489899327e+00,8.090118957635e-02
-1.048687735964e+00,7.386323559184e+00,8.083725267817e-02
-1.048663751668e+00,5.915606271187e+00,8.087427262853e-02
-1.048564514118e+00,4.652359112723e+00,8.090333120261e-02
-1.048528900544e+00,6.445575916416e+00,8.085826579015e-02
-1.048511140734e+00,2.239800760646e+00,8.089306552486e-02
-1.048199263329e+00,3.334689715818e+00,8.089381191877e-02
-1.048142671693e+00,1.112709189150e+00,8.088298304038e-02
-1.048127233693e+00,8.996114272282e+00,8.078845869544e-02
-1.048124967223e+00,4.365173438335e+00,8.089747284291e-02
-1.047833718757e+00,5.667298900669e+00,8.086836074479e-02
-1.047701204490e+00,2.272003376975e+00,8.088227076932e-02
-1.047677331754e+00,6.164740452802e+00,8.085453729404e-02
-1.047513071843e+00,5.019349829753e+00,8.088159100117e-02
-1.047494508929e+00,7.040824634467e+00,8.082917293589e-02
-1.047367728785e+00,3.366892332147e+00,8.088272620802e-02
-1.047354333749e+00,1.144911805478e+00,8.087246757120e-02
-1.047351478141e+00,7.732776005316e+00,8.081109625178e-02
-1.047325648418e+00,6.727279657226e+00,8.083461289630e-02
-1.047271834379e+00,4.397376054664e+00,8.088610017765e-02
-1.047230073646e+00,1.035901594787e+01,5.238583237539e-02
-1.046891268246e+00,2.304205993303e+00,8.087146209695e-02
-1.046787176984e+00,9.471386578487e+00,8.075796140821e-02
-1.046569508445e+00,8.111290952689e+00,8.079049787543e-02
-1.046565995805e+00,1.177114421807e+00,8.086193890431e-02
-1.046536194241e+00,3.399094948475e+00,8.087162581920e-02
-1.046418701535e+00,4.429578670992e+00,8.087471206089e-02
-1.046081332002e+00,2.336408609632e+00,8.086063948100e-02
-1.046042864696e+00,9.904699462936e+00,7.472517946121e-02
-1.045991482511e+00,8.521961487654e+00,8.077161493160e-02
-1.045777657861e+00,1.209317038135e+00,8.085139701506e-02
-1.045704659697e+00,3.431297564804e+00,8.086051072333e-02
-1.045565568692e+00,4.461781287321e+00,8.086330846133e-02
-1.045368604035e+00,7.355266235180e+00,8.079270292011e-02
-1.045271395758e+00,2.368611225961e+00,8.084980289468e-02
-1.045266072885e+00,8.964872840172e+00,8.075009413211e-02
-1.045193236886e+00,5.419849427457e+00,8.083850338131e-02
-1.044989319916e+00,1.241519654464e+00,8.084084187868e-02
-1.044972313587e+00,5.203915701629e+00,8.084143073588e-02
-1.044873125154e+00,3.463500181133e+00,8.084938089139e-02
-1.044868648342e+00,6.414670322204e+00,8.080937064911e-02
-1.044777299596e+00,5.884808313295e+00,8.082211936464e-02
-1.044712435848e+00,4.493983903650e+00,8.085188934760e-02
-1.044595208197e+00,1.033414170490e+01,5.470011551856e-02
-1.044461459514e+00,2.400813842289e+00,8.083895231110e-02
-1.044261437585e+00,4.804983654190e+00,8.084161972241e-02
-1.044200981972e+00,1.273722270792e+00,8.083027347038e-02
-1.044146514242e+00,7.701670702385e+00,8.076793328088e-02
-1.044061435572e+00,7.009816588943e+00,8.078307787552e-02
-1.044041590610e+00,3.495702797461e+00,8.083823629427e-02
-1.044041029981e+00,9.440102375801e+00,8.072101299850e-02
-1.044005818636e+00,4.621915078108e+00,8.084241425007e-02
-1.043903854225e+00,6.133888029198e+00,8.080417025185e-02
-1.043859303004e+00,4.526186519978e+00,8.084045468826e-02
-1.043834548957e+00,5.636556702411e+00,8.081472753273e-02
-1.043778866287e+00,6.696322188665e+00,8.078705824651e-02
-1.043651523270e+00,2.433016458617e+00,8.082808770334e-02
-1.043478933119e+00,8.080138971428e+00,8.074908516280e-02
-1.043412644028e+00,1.305924887121e+00,8.081969176527e-02
-1.043285955186e+00,9.879838645802e+00,7.533925653171e-02
-1.043210056066e+00,3.527905413790e+00,8.082707690278e-02
-1.043177349988e+00,4.988782661683e+00,8.082336997812e-02
-1.043015510238e+00,8.490764129671e+00,8.073163882248e-02
-1.043006170161e+00,4.558389136307e+00,8.082900445179e-02
-1.042841587026e+00,2.465219074946e+00,8.081720904437e-02
-1.042624306084e+00,1.338127503449e+00,8.080909673845e-02
-1.042404912077e+00,8.933631408061e+00,8.071156072246e-02
-1.042378521522e+00,3.560108030119e+00,8.081590268764e-02
-1.042153037317e+00,4.590591752636e+00,8.081753860652e-02
-1.042049472107e+00,7.324208911175e+00,8.074792530883e-02
-1.042031650782e+00,2.497421691274e+00,8.080631630713e-02
-1.041960342747e+00,1.030926746193e+01,5.679063356106e-02
-1.041835968140e+00,1.370330119778e+00,8.079848836492e-02
-1.041546986978e+00,3.592310646447e+00,8.080471361951e-02
-1.041294882979e+00,9.408818173115e+00,8.068390785544e-02
-1.041221714538e+00,2.529624307603e+00,8.079540946445e-02
-1.041208396139e+00,6.383764727992e+00,8.076020380560e-02
-1.041081612200e+00,5.389164281545e+00,8.078326054222e-02
-1.041047630196e+00,1.402532736107e+00,8.078786661962e-02
-1.040941550344e+00,7.670565399455e+00,8.072455609585e-02
-1.040890847524e+00,5.854010355404e+00,8.076965568024e-02
-1.040748502878e+00,5.173288899535e+00,8.078480144268e-02
-1.040715452434e+00,3.624513262776e+00,8.079350966897e-02
-1.040628362215e+00,6.978808543418e+00,8.073673987696e-02
-1.040529045675e+00,9.854977828669e+00,7.592143341845e-02
-1.040411778294e+00,2.561826923931e+00,8.078448848913e-02
-1.040388357793e+00,8.048986990167e+00,8.070747692003e-02
-1.040259292251e+00,1.434735352435e+00,8.077723147743e-02
-1.040232084157e+00,6.665364720104e+00,8.073924593041e-02
-1.040130376696e+00,6.103035605594e+00,8.075351628228e-02
-1.040039537964e+00,8.459566771688e+00,8.069148014451e-02
-1.039883917890e+00,3.656715879105e+00,8.078229080654e-02
-1.039835379157e+00,5.605814504154e+00,8.076076766627e-02
-1.039814085472e+00,4.774477409053e+00,8.078164923443e-02
-1.039601842050e+00,2.594029540260e+00,8.077355335387e-02
-1.039543751269e+00,8.902389975951e+00,8.067285741003e-02
-1.039470954307e+00,1.466937968764e+00,8.076658291319e-02
-1.039325477298e+00,1.028439321896e+01,5.868829426326e-02
-1.039052383347e+00,3.688918495433e+00,8.077105700262e-02
-1.038841628133e+00,4.958215493612e+00,8.076467394614e-02
-1.038791905806e+00,2.626232156588e+00,8.076260403130e-02
-1.038730340178e+00,7.293151587171e+00,8.070291819351e-02
-1.038682616363e+00,1.499140585092e+00,8.075592090164e-02
-1.038548735977e+00,9.377533970428e+00,8.064664503004e-02
-1.038220848803e+00,3.721121111762e+00,8.075980822757e-02
-1.037981969562e+00,2.658434772917e+00,8.075164049402e-02
-1.037894278419e+00,1.531343201420e+00,8.074524541748e-02
-1.037772136165e+00,9.830117011535e+00,7.647295951931e-02
-1.037736586445e+00,7.639460096524e+00,8.068096318343e-02
-1.037548143937e+00,6.352859133780e+00,8.071076315982e-02
-1.037389314259e+00,3.753323728091e+00,8.074854445165e-02
-1.037297782467e+00,8.017835008905e+00,8.066567184753e-02
-1.037195288859e+00,6.947800497894e+00,8.069015713672e-02
-1.037172033318e+00,2.690637389245e+00,8.074066271451e-02
-1.037105940475e+00,1.563545817749e+00,8.073455643533e-02
-1.037063565691e+00,8.428369413705e+00,8.065113771808e-02
-1.037004395452e+00,5.823212397512e+00,8.071687899245e-02
-1.036969987514e+00,5.358479135634e+00,8.072767359770e-02
-1.036690611849e+00,1.025951897600e+01,6.041856410689e-02
-1.036685302026e+00,6.634407251543e+00,8.069117399354e-02
-1.036682590461e+00,8.871148543841e+00,8.063398313012e-02
-1.036557779715e+00,3.785526344419e+00,8.073726564506e-02
-1.036524692168e+00,5.142662097442e+00,8.072781244917e-02
-1.036362097073e+00,2.722840005574e+00,8.072967066521e-02
-1.036356899168e+00,6.072183181990e+00,8.070257312952e-02
-1.036317602531e+00,1.595748434077e+00,8.072385392979e-02
-1.035836209357e+00,5.575072305897e+00,8.070647838555e-02
-1.035802588975e+00,9.346249767742e+00,8.060922356611e-02
-1.035726245171e+00,3.817728960748e+00,8.072597177791e-02
-1.035552160829e+00,2.755042621902e+00,8.071866431848e-02
-1.035529264586e+00,1.627951050406e+00,8.071313787533e-02
-1.035411208250e+00,7.262094263166e+00,8.065767990854e-02
-1.035366733358e+00,4.743971163916e+00,8.072127442538e-02
-1.035015226654e+00,9.805256194402e+00,7.699735067255e-02
-1.034894710627e+00,3.849931577077e+00,8.071466282022e-02
-1.034742224586e+00,2.787245238231e+00,8.070764364659e-02
-1.034740926642e+00,1.660153666734e+00,8.070240824642e-02
-1.034531622546e+00,7.608354793594e+00,8.063715301707e-02
-1.034505906278e+00,4.927648325541e+00,8.070558892941e-02
-1.034207207141e+00,7.986683027644e+00,8.062366863519e-02
-1.034087593418e+00,8.397172055722e+00,8.061061035420e-02
-1.034063176084e+00,3.882134193405e+00,8.070333874194e-02
-1.034055746399e+00,1.023464473303e+01,6.200261523970e-02
-1.033952588698e+00,1.692356283063e+00,8.069166501739e-02
-1.033932288342e+00,2.819447854559e+00,8.069660862177e-02
-1.033887891735e+00,6.321953539567e+00,8.066104659274e-02
-1.033821429653e+00,8.839907111730e+00,8.059493680982e-02
-1.033762215502e+00,6.916792452370e+00,8.064332783499e-02
-1.033231641540e+00,3.914336809734e+00,8.069199951296e-02
-1.033164250754e+00,1.724558899391e+00,8.068090816260e-02
-1.033138519895e+00,6.603449782982e+00,8.064284046356e-02
-1.033122352097e+00,2.851650470888e+00,8.068555921616e-02
-1.033117943380e+00,5.792414439621e+00,8.066378669264e-02
-1.033056441972e+00,9.314965565056e+00,8.057164250022e-02
-1.032858362828e+00,5.327793989722e+00,8.067173960116e-02
-1.032583421639e+00,6.041330758386e+00,8.065101970465e-02
-1.032400106996e+00,3.946539426063e+00,8.068064510306e-02
-1.032375912810e+00,1.756761515720e+00,8.067013765628e-02
-1.032312415853e+00,2.883853087217e+00,8.067449540184e-02
-1.032300881459e+00,5.112035295348e+00,8.067046064440e-02
-1.032258317144e+00,9.780395377268e+00,7.749654718420e-02
-1.032092076321e+00,7.231036939162e+00,8.061220877347e-02
-1.031837039557e+00,5.544330107640e+00,8.065185690319e-02
-1.031587574866e+00,1.788964132048e+00,8.065935347261e-02
-1.031568572452e+00,3.978742042391e+00,8.066927548195e-02
-1.031502479610e+00,2.916055703546e+00,8.066341715079e-02
-1.031420880950e+00,1.020977049006e+01,6.345819404411e-02
-1.031326658648e+00,7.577249490663e+00,8.059312405682e-02
-1.031116631815e+00,7.955531046382e+00,8.058122733833e-02
-1.031111621145e+00,8.365974697739e+00,8.056989685446e-02
-1.030960268845e+00,8.808665679620e+00,8.055571736786e-02
-1.030919381244e+00,4.713464918779e+00,8.066049156942e-02
-1.030799236921e+00,1.821166748377e+00,8.064855558570e-02
-1.030737037908e+00,4.010944658720e+00,8.065789061928e-02
-1.030692543366e+00,2.948258319874e+00,8.065232443495e-02
-1.030329142145e+00,6.885784406846e+00,8.059625013548e-02
-1.030310294970e+00,9.283681362370e+00,8.053390086167e-02
-1.030227639533e+00,6.291047945356e+00,8.061105196579e-02
-1.030170184423e+00,4.897081157471e+00,8.064611137117e-02
-1.030010898977e+00,1.853369364705e+00,8.063774396961e-02
-1.029905503364e+00,4.043147275049e+00,8.064649048457e-02
-1.029882607121e+00,2.980460936203e+00,8.064121722616e-02
-1.029591737764e+00,6.572492314421e+00,8.059424335012e-02
-1.029501407633e+00,9.755534560135e+00,7.797230743961e-02
-1.029231491308e+00,5.761616481729e+00,8.061037614608e-02
-1.029222561033e+00,1.885571981034e+00,8.062691859833e-02
-1.029073968820e+00,4.075349891377e+00,8.063507504731e-02
-1.029072670877e+00,3.012663552532e+00,8.063009549624e-02
-1.028809944111e+00,6.010478334782e+00,8.059902734458e-02
-1.028786015501e+00,1.018489624710e+01,6.480028709071e-02
-1.028772944393e+00,7.199979615157e+00,8.056650309279e-02
-1.028746738141e+00,5.297108843811e+00,8.061545557677e-02
-1.028434223089e+00,1.917774597362e+00,8.061607944578e-02
-1.028262734634e+00,3.044866168860e+00,8.061895921686e-02
-1.028242434277e+00,4.107552507706e+00,8.062364427688e-02
-1.028135648872e+00,8.334777339756e+00,8.052899601086e-02
-1.028121694749e+00,7.546144187732e+00,8.054887474919e-02
-1.028099108037e+00,8.777424247510e+00,8.051632371454e-02
-1.028077070749e+00,5.081408493254e+00,8.061274288696e-02
-1.028026056489e+00,7.924379065121e+00,8.053848861508e-02
-1.027837869757e+00,5.513587909383e+00,8.059690040398e-02
-1.027645885145e+00,1.949977213690e+00,8.060522648579e-02
-1.027564147968e+00,9.252397159684e+00,8.049599767237e-02
-1.027452798389e+00,3.077068785189e+00,8.060780835967e-02
-1.027410899733e+00,4.139755124035e+00,8.061219814260e-02
-1.026896068788e+00,6.854776361321e+00,8.054892218528e-02
-1.026857547201e+00,1.982179830019e+00,8.059435969218e-02
-1.026744498123e+00,9.730673743001e+00,7.842623063352e-02
-1.026642862145e+00,3.109271401518e+00,8.059664289624e-02
-1.026579365189e+00,4.171957740363e+00,8.060073661368e-02
-1.026567387330e+00,6.260142351144e+00,8.056077712085e-02
-1.026472029131e+00,4.682958673642e+00,8.059929690149e-02
-1.026151150051e+00,1.016002200413e+01,6.604163755556e-02
-1.026069209257e+00,2.014382446347e+00,8.058347903867e-02
-1.026044955634e+00,6.541534845860e+00,8.054538064472e-02
-1.025834462568e+00,4.866513989400e+00,8.058623767676e-02
-1.025832925901e+00,3.141474017846e+00,8.058546279804e-02
-1.025747830645e+00,4.204160356692e+00,8.058925965927e-02
-1.025453812464e+00,7.168922291153e+00,8.052056115587e-02
-1.025345039236e+00,5.730818523838e+00,8.055664469174e-02
-1.025280871312e+00,2.046585062676e+00,8.057258449891e-02
-1.025237947229e+00,8.746182815400e+00,8.047675475170e-02
-1.025159676598e+00,8.303579981773e+00,8.048790660586e-02
-1.025036466582e+00,5.979625911178e+00,8.054672982230e-02
-1.025022989657e+00,3.173676634175e+00,8.057426803649e-02
-1.024935481163e+00,7.893227083860e+00,8.049554238225e-02
-1.024916730850e+00,7.515038884802e+00,8.050440352699e-02
-1.024916296101e+00,4.236362973020e+00,8.057776724843e-02
-1.024818000965e+00,9.221112956997e+00,8.045793194681e-02
-1.024635113455e+00,5.266423697899e+00,8.055881851927e-02
-1.024492533368e+00,2.078787679004e+00,8.056167604647e-02
-1.024213053413e+00,3.205879250504e+00,8.056305858293e-02
-1.024084761557e+00,4.268565589349e+00,8.056625935014e-02
-1.023987588612e+00,9.705812925868e+00,7.885977431457e-02
-1.023889096323e+00,1.061448180128e+01,6.608629137834e-06
-1.023853260040e+00,5.050781691160e+00,8.055465600481e-02
-1.023838699957e+00,5.482845711126e+00,8.054160604465e-02
-1.023704195424e+00,2.110990295333e+00,8.055075365490e-02
-1.023516284602e+00,1.013514776116e+01,6.719314986182e-02
-1.023462995431e+00,6.823768315797e+00,8.050134211466e-02
-1.023403117169e+00,3.238081866832e+00,8.055183440862e-02
-1.023253227013e+00,4.300768205678e+00,8.055473593329e-02
-1.022915857480e+00,2.143192911661e+00,8.053981729765e-02
-1.022907135128e+00,6.229236756932e+00,8.051021987993e-02
-1.022593180925e+00,3.270284483161e+00,8.054059548476e-02
-1.022498173503e+00,6.510577377299e+00,8.049625032043e-02
-1.022421692470e+00,4.332970822006e+00,8.054319696670e-02
-1.022376786421e+00,8.714941383289e+00,8.043700937260e-02
-1.022183704325e+00,8.272382623790e+00,8.044662741215e-02
-1.022134680536e+00,7.137864967149e+00,8.047438123671e-02
-1.022127519536e+00,2.175395527990e+00,8.052886694810e-02
-1.022110022868e+00,4.687500150008e-02,8.187023083520e-02
-1.022110022868e+00,7.812500250012e-02,8.171533353987e-02
-1.022110022868e+00,1.093750035002e-01,8.156666746165e-02
-1.022110022868e+00,1.406250045003e-01,8.142498846336e-02
-1.022110022868e+00,1.718750055004e-01,8.129105852906e-02
-1.022110022868e+00,2.031250065004e-01,8.116563674261e-02
-1.022110022868e+00,2.343750075005e-01,8.104946933841e-02
-1.022110022868e+00,3.281250105004e-01,8.076353502603e-02
-1.022110022868e+00,3.593750115003e-01,8.069120728246e-02
-1.022110022868e+00,4.531250145001e-01,8.055032591337e-02
-1.022110022868e+00,5.468750174999e-01,8.052306364325e-02
-1.022110022868e+00,5.781250184999e-01,8.052306364325e-02
-1.022110022868e+00,6.093750194998e-01,8.052306364325e-02
-1.022110022868e+00,6.406250204998e-01,8.052306364325e-02
-1.022110022868e+00,6.718750214997e-01,8.052306364325e-02
-1.022110022868e+00,8.593750274998e-01,8.052306364325e-02
-1.022110022868e+00,9.531250305000e-01,8.052306364325e-02
-1.022110022868e+00,1.562500050003e-02,8.203061757763e-02
-1.022110022868e+00,2.656250085005e-01,8.094327900242e-02
-1.022110022868e+00,2.968750095005e-01,8.084775365837e-02
-1.022110022868e+00,3.906250125002e-01,8.063128618790e-02
-1.022110022868e+00,4.218750135002e-01,8.058420905245e-02
-1.022110022868e+00,4.843750155000e-01,8.052989226615e-02
-1.022110022868e+00,5.156250165000e-01,8.052306364325e-02
-1.022110022868e+00,7.031250224997e-01,8.052306364325e-02
-1.022110022868e+00,7.343750234996e-01,8.052306364325e-02
-1.022110022868e+00,7.656250244996e-01,8.052306364325e-02
-1.022110022868e+00,8.281250264997e-01,8.052306364325e-02
-1.022110022868e+00,8.906250284999e-01,8.052306364325e-02
-1.022110022868e+00,9.218750295000e-01,8.052306364325e-02
-1.022110022868e+00,9.843750315000e-01,8.052306364325e-02
-1.022110022868e+00,7.968750254996e-01,8.052306364325e-02
-1.022071853963e+00,9.189828754312e+00,8.041970269200e-02
-1.022024677017e+00,4.652452428505e+00,8.053768661701e-02
-1.021844905837e+00,7.862075102598e+00,8.045238720181e-02
-1.021783244681e+00,3.302487099489e+00,8.052934178246e-02
-1.021726653046e+00,1.016101340164e+00,8.051773188299e-02
-1.021711766951e+00,7.483933581871e+00,8.045970880927e-02
-1.021590157926e+00,4.365173438335e+00,8.053164241909e-02
-1.021498740713e+00,4.835946821330e+00,8.052596421315e-02
-1.021458587164e+00,5.700020565947e+00,8.050258964202e-02
-1.021376340082e+00,1.058959473022e+01,1.009266300865e-02
-1.021339181592e+00,2.207598144318e+00,8.051790257958e-02
-1.021262989053e+00,5.948773487574e+00,8.049412462360e-02
-1.021230679102e+00,9.680952108735e+00,7.927426967112e-02
-1.020973308437e+00,3.334689715818e+00,8.051807327275e-02
-1.020959913401e+00,1.048303956493e+00,8.050705840194e-02
-1.020881419153e+00,1.011027351819e+01,6.826420978849e-02
-1.020758623382e+00,4.397376054664e+00,8.052007225912e-02
-1.020550843647e+00,2.239800760646e+00,8.050692416532e-02
-1.020523488769e+00,5.235738551987e+00,8.050182539365e-02
-1.020193173757e+00,1.080506572821e+00,8.049637161961e-02
-1.020163372193e+00,3.366892332147e+00,8.050678992660e-02
-1.020029922074e+00,6.792760270272e+00,8.045350803696e-02
-1.019927088838e+00,4.429578670992e+00,8.050848645533e-02
-1.019839530157e+00,5.452103512869e+00,8.048597095359e-02
-1.019762505703e+00,2.272003376975e+00,8.049593167854e-02
-1.019629449330e+00,5.020154889067e+00,8.049595496660e-02
-1.019515625613e+00,8.683699951179e+00,8.039708646188e-02
-1.019426434113e+00,1.112709189150e+00,8.048567151129e-02
-1.019353435949e+00,3.399094948475e+00,8.049549171490e-02
-1.019325706961e+00,9.158544551625e+00,8.038130890738e-02
-1.019246882926e+00,6.198331162720e+00,8.045937804513e-02
-1.019207732052e+00,8.241185265807e+00,8.040515719273e-02
-1.019095554294e+00,4.461781287321e+00,8.049688497622e-02
-1.018974167759e+00,2.304205993303e+00,8.048492509233e-02
-1.018951391372e+00,6.479619908738e+00,8.044685033187e-02
-1.018863583840e+00,1.056470765916e+01,1.830170328192e-02
-1.018815548607e+00,7.106807643144e+00,8.042796159388e-02
-1.018754330511e+00,7.830923121337e+00,8.040902162337e-02
-1.018659694468e+00,1.144911805478e+00,8.047495805224e-02
-1.018543499705e+00,3.431297564804e+00,8.048417860847e-02
-1.018506803053e+00,7.452828278940e+00,8.041478900104e-02
-1.018473769591e+00,9.656091291601e+00,7.967093488842e-02
-1.018264019750e+00,4.493983903650e+00,8.048526779016e-02
-1.018246553703e+00,1.008539927523e+01,6.926293995589e-02
-1.018185829815e+00,2.336408609632e+00,8.047390437974e-02
-1.017892954824e+00,1.177114421807e+00,8.046423121760e-02
-1.017733563461e+00,3.463500181133e+00,8.047285057804e-02
-1.017577324904e+00,4.621946183369e+00,8.047565687148e-02
-1.017572135092e+00,5.669222608055e+00,8.044820828242e-02
-1.017489511525e+00,5.917921063970e+00,8.044120920924e-02
-1.017432485207e+00,4.526186519978e+00,8.047363486546e-02
-1.017397491871e+00,2.368611225961e+00,8.046286951378e-02
-1.017163018857e+00,4.805379653259e+00,8.046528730865e-02
-1.017126215180e+00,1.209317038135e+00,8.045349098252e-02
-1.016923627217e+00,3.495702797461e+00,8.046150759426e-02
-1.016654464805e+00,8.652458519068e+00,8.035698489549e-02
-1.016609153927e+00,2.400813842289e+00,8.045182046733e-02
-1.016600950663e+00,4.558389136307e+00,8.046198617036e-02
-1.016596848717e+00,6.761752224748e+00,8.040541804842e-02
-1.016579559958e+00,9.127260348939e+00,8.034274958481e-02
-1.016411864083e+00,5.205053406076e+00,8.044447313494e-02
-1.016359475535e+00,1.241519654464e+00,8.044273732204e-02
-1.016350827599e+00,1.053982058810e+01,2.510925148228e-02
-1.016231759779e+00,8.209987907824e+00,8.036349470064e-02
-1.016113690973e+00,3.527905413790e+00,8.045014962772e-02
-1.015840360357e+00,5.421361314612e+00,8.042999223058e-02
-1.015820815982e+00,2.433016458617e+00,8.044075721324e-02
-1.015769416119e+00,4.590591752636e+00,8.045032167297e-02
-1.015716860080e+00,9.631230474467e+00,8.005069046171e-02
-1.015663755185e+00,7.799771140075e+00,8.036544418390e-02
-1.015611688254e+00,1.006052503226e+01,7.019640541272e-02
-1.015592735891e+00,1.273722270792e+00,8.043197021112e-02
-1.015586630724e+00,6.167425568508e+00,8.040824939835e-02
-1.015496416679e+00,7.075750319140e+00,8.038130047034e-02
-1.015405638620e+00,4.989528086973e+00,8.043654042888e-02
-1.015404609241e+00,6.448662440177e+00,8.039717861491e-02
-1.015303754729e+00,3.560108030119e+00,8.043877664892e-02
-1.015301839154e+00,7.421722976010e+00,8.036964249334e-02
-1.015032478038e+00,2.465219074946e+00,8.042967972428e-02
-1.014825996247e+00,1.305924887121e+00,8.042118962473e-02
-1.014493818485e+00,3.592310646447e+00,8.042738862829e-02
-1.014244140094e+00,2.497421691274e+00,8.041858797315e-02
-1.014059256602e+00,1.338127503449e+00,8.041039553771e-02
-1.013838071357e+00,1.051493351704e+01,3.084583311305e-02
-1.013833412956e+00,9.095976146253e+00,8.030402370843e-02
-1.013793303997e+00,8.621217086958e+00,8.031670354058e-02
-1.013716033996e+00,5.887068640366e+00,8.038798101464e-02
-1.013685683020e+00,5.638424650163e+00,8.039349787138e-02
-1.013683882241e+00,3.624513262776e+00,8.041598553618e-02
-1.013455802150e+00,2.529624307603e+00,8.040748193250e-02
-1.013292516958e+00,1.370330119778e+00,8.039958792488e-02
-1.013255787505e+00,8.178790549840e+00,8.032144332175e-02
-1.013163775361e+00,6.730744179223e+00,8.035707022797e-02
-1.013022936859e+00,9.603137231509e+00,8.027840255784e-02
-1.012976822805e+00,1.003565078929e+01,7.107078033630e-02
-1.012873945997e+00,3.656715879105e+00,8.040456734286e-02
-1.012827297002e+00,4.774812485188e+00,8.040420325249e-02
-1.012667464206e+00,2.561826923931e+00,8.039636157488e-02
-1.012573179859e+00,7.768619158814e+00,8.032165340773e-02
-1.012525777314e+00,1.402532736107e+00,8.038876676097e-02
-1.012300239397e+00,5.174368260164e+00,8.038675864790e-02
-1.012177284750e+00,7.044692995135e+00,8.033439609327e-02
-1.012096875255e+00,7.390617673079e+00,8.032426766292e-02
-1.012064009753e+00,3.688918495433e+00,8.039313401854e-02
-1.011926378522e+00,6.136519974296e+00,8.035675663590e-02
-1.011879126262e+00,2.594029540260e+00,8.038522687279e-02
-1.011857827111e+00,6.417704971616e+00,8.034723308657e-02
-1.011841190557e+00,5.390619116355e+00,8.037366694654e-02
-1.011759037669e+00,1.434735352435e+00,8.037793202065e-02
-1.011325315116e+00,1.049004644598e+01,3.574561545101e-02
-1.011254073509e+00,3.721121111762e+00,8.038168553331e-02
-1.011181827911e+00,4.958901284879e+00,8.037673418460e-02
-1.011090788317e+00,2.626232156588e+00,8.037407779865e-02
-1.011087265954e+00,9.064691943567e+00,8.026513025466e-02
-1.010992298025e+00,1.466937968764e+00,8.036708367855e-02
-1.010932143189e+00,8.589975654848e+00,8.027624125546e-02
-1.010444137265e+00,3.753323728091e+00,8.037022185723e-02
-1.010391999926e+00,9.571811562727e+00,8.024101107352e-02
-1.010341957355e+00,1.001077654633e+01,7.189148416504e-02
-1.010302450373e+00,2.658434772917e+00,8.036291432482e-02
-1.010279815232e+00,8.147593191858e+00,8.027906225199e-02
-1.010225558381e+00,1.499140585092e+00,8.035622170921e-02
-1.009942556467e+00,5.856216216762e+00,8.033443744965e-02
-1.009799230948e+00,5.607626692272e+00,8.033845563991e-02
-1.009730702004e+00,6.699736133699e+00,8.030846263712e-02
-1.009634201021e+00,3.785526344419e+00,8.035874296025e-02
-1.009514112429e+00,2.690637389245e+00,8.035173642356e-02
-1.009482604533e+00,7.737467177553e+00,8.027764780637e-02
-1.009458818736e+00,1.531343201420e+00,8.034534608712e-02
-1.008891911356e+00,7.359512370148e+00,8.027866287221e-02
-1.008858152822e+00,7.013635671131e+00,8.028724667394e-02
-1.008824264777e+00,3.817728960748e+00,8.034724881224e-02
-1.008812558875e+00,1.046515937491e+01,3.997913639787e-02
-1.008725774485e+00,2.722840005574e+00,8.034054406710e-02
-1.008692079092e+00,1.563545817749e+00,8.033445678672e-02
-1.008491575147e+00,4.744245317118e+00,8.034270829449e-02
-1.008341118952e+00,9.033407740881e+00,8.022606819210e-02
-1.008311044980e+00,6.386747503055e+00,8.029701164482e-02
-1.008266126319e+00,6.105614380083e+00,8.030458465078e-02
-1.008188614711e+00,5.143683114253e+00,8.032867880681e-02
-1.008070982381e+00,8.558734222738e+00,8.023559688951e-02
-1.008014328533e+00,3.849931577077e+00,8.033573938302e-02
-1.007937436541e+00,2.755042621902e+00,8.032933722758e-02
-1.007925339448e+00,1.595748434077e+00,8.032355378235e-02
-1.007842020757e+00,5.359876918098e+00,8.031699214322e-02
-1.007761062993e+00,9.540485893945e+00,8.020349199033e-02
-1.007707091906e+00,9.985902303361e+00,7.266329350843e-02
-1.007303842959e+00,8.116395833875e+00,8.023647993011e-02
-1.007204392289e+00,3.882134193405e+00,8.032421464229e-02
-1.007158599803e+00,1.627951050406e+00,8.031263704831e-02
-1.007149098597e+00,2.787245238231e+00,8.031811587706e-02
-1.006958017201e+00,4.928274482785e+00,8.031653265724e-02
-1.006394456045e+00,3.914336809734e+00,8.031267455971e-02
-1.006392029207e+00,7.706315196291e+00,8.023342587841e-02
-1.006391860159e+00,1.660153666734e+00,8.030170655885e-02
-1.006360760652e+00,2.819447854559e+00,8.030687998754e-02
-1.006299802633e+00,1.044027230385e+01,4.367354194844e-02
-1.006297628647e+00,6.668728088174e+00,8.025959331980e-02
-1.006169078939e+00,5.825363793158e+00,8.028057589825e-02
-1.005912778876e+00,5.576828734381e+00,8.028307879140e-02
-1.005686947458e+00,7.328407067218e+00,8.023282646913e-02
-1.005625120515e+00,1.692356283063e+00,8.029076228811e-02
-1.005594971949e+00,9.002123538195e+00,8.018683648147e-02
-1.005584519801e+00,3.946539426063e+00,8.030111910482e-02
-1.005572422708e+00,2.851650470888e+00,8.029562953094e-02
-1.005539020894e+00,6.982578347127e+00,8.023985040756e-02
-1.005209821573e+00,8.527492790627e+00,8.019476928310e-02
-1.005130126060e+00,9.509160225164e+00,8.016581619684e-02
-1.005072226457e+00,9.961028060394e+00,7.339043471829e-02
-1.004858380870e+00,1.724558899391e+00,8.027980421022e-02
-1.004784084764e+00,2.883853087217e+00,8.028436447912e-02
-1.004774583557e+00,3.978742042391e+00,8.028954824711e-02
-1.004764262849e+00,6.355790034494e+00,8.024651216844e-02
-1.004605874117e+00,6.074708785871e+00,8.025211010761e-02
-1.004327870686e+00,8.085198475891e+00,8.019369498885e-02
-1.004155853292e+00,4.713678149047e+00,8.028079864465e-02
-1.004091641226e+00,1.756761515720e+00,8.026883229920e-02
-1.004076990024e+00,5.112997968341e+00,8.027023045522e-02
-1.003995746820e+00,2.916055703546e+00,8.027308480385e-02
-1.003964647313e+00,4.010944658720e+00,8.027796195598e-02
-1.003842850957e+00,5.329134719841e+00,8.025996483298e-02
-1.003787046392e+00,1.041538523279e+01,4.692556170743e-02
-1.003324901582e+00,1.788964132048e+00,8.025784652903e-02
-1.003301453881e+00,7.675163215030e+00,8.018898610937e-02
-1.003207408876e+00,2.948258319874e+00,8.026179047684e-02
-1.003154711069e+00,4.043147275049e+00,8.026636020075e-02
-1.002864555290e+00,6.637720042650e+00,8.021046030213e-02
-1.002848824947e+00,8.970839335509e+00,8.014743407556e-02
-1.002734206492e+00,4.897647680691e+00,8.025593223193e-02
-1.002558161937e+00,1.821166748377e+00,8.024684687362e-02
-1.002499189128e+00,9.477834556382e+00,8.012798275889e-02
-1.002481983559e+00,7.297301764287e+00,8.018675678698e-02
-1.002437361007e+00,9.936153817428e+00,7.407666091080e-02
-1.002419070932e+00,2.980460936203e+00,8.025048146973e-02
-1.002395601410e+00,5.794511369554e+00,8.022639371833e-02
-1.002348660766e+00,8.496251358517e+00,8.015375726753e-02
-1.002344774825e+00,4.075349891377e+00,8.025474295066e-02
-1.002219888965e+00,6.951521023123e+00,8.019220547311e-02
-1.002026326804e+00,5.546030776489e+00,8.022736450127e-02
-1.001791422293e+00,1.853369364705e+00,8.023583330682e-02
-1.001630732987e+00,3.012663552532e+00,8.023915775407e-02
-1.001534838581e+00,4.107552507706e+00,8.024311017485e-02
-1.001351898413e+00,8.054001117908e+00,8.015070604930e-02
-1.001274290150e+00,1.039049816173e+01,4.981009106023e-02
-1.001217480718e+00,6.324832565933e+00,8.019573251679e-02
-1.001024682649e+00,1.885571981034e+00,8.022480580239e-02
-1.000945621915e+00,6.043803191659e+00,8.019933053557e-02
-1.000842395043e+00,3.044866168860e+00,8.022781930136e-02
-1.000724902337e+00,4.139755124035e+00,8.023146184241e-02
-1.000257943004e+00,1.917774597362e+00,8.021376433406e-02
-1.000210878555e+00,7.644011233769e+00,8.014432697160e-02
-1.000102677945e+00,8.939555132823e+00,8.010785991912e-02
-1.000054057099e+00,3.077068785189e+00,8.021646608300e-02
-9.999653653384e-01,5.082312822430e+00,8.021141040563e-02
-9.999149660931e-01,4.171957740363e+00,8.021979792232e-02
-9.998682521948e-01,9.446508887600e+00,8.008999073534e-02
-9.998436811566e-01,5.298392521584e+00,8.020258199851e-02
-9.998201314369e-01,4.683110980977e+00,8.021847047277e-02
-9.998024955581e-01,9.911279574461e+00,7.472531640350e-02
-9.994912033601e-01,1.949977213690e+00,8.020270887546e-02
-9.994874999575e-01,8.465009926407e+00,8.011255966491e-02
-9.994314819330e-01,6.606711997125e+00,8.016106159234e-02
-9.992770196602e-01,7.266196461356e+00,8.014045214427e-02
-9.992657191549e-01,3.109271401518e+00,8.020509807035e-02
-9.991050298491e-01,4.204160356692e+00,8.020811838350e-02
-9.989007570367e-01,6.920463699119e+00,8.014431003320e-02
-9.987615339087e-01,1.036561109067e+01,5.238602274879e-02
-9.987244637158e-01,1.982179830019e+00,8.019163940017e-02
-9.986221238817e-01,5.763658945950e+00,8.017188824140e-02
-9.985103957823e-01,4.867020878597e+00,8.019492925499e-02
-9.984773812107e-01,3.141474017846e+00,8.019371523465e-02
-9.983759261395e-01,8.022803759925e+00,8.010751172082e-02
-9.982950936051e-01,4.236362973020e+00,8.019642319477e-02
-9.981398747316e-01,5.515232818598e+00,8.017130991678e-02
-9.979577240715e-01,2.014382446347e+00,8.018055588172e-02
-9.976890432666e-01,3.173676634175e+00,8.018231754712e-02
-9.976706985877e-01,6.293875097372e+00,8.014467052968e-02
-9.974851573611e-01,4.268565589349e+00,8.018471232488e-02
-9.973565309425e-01,8.908270930136e+00,8.006811294886e-02
-9.972853697126e-01,6.012897597447e+00,8.014624343927e-02
-9.972373152620e-01,9.415183218818e+00,8.005183917803e-02
-9.971909844271e-01,2.046585062676e+00,8.016945829354e-02
-9.971676301088e-01,9.886405331494e+00,7.533939090270e-02
-9.971203032291e-01,7.612859252507e+00,8.009944692414e-02
-9.969007053224e-01,3.205879250504e+00,8.017090497885e-02
-9.966752211171e-01,4.300768205678e+00,8.017298574248e-02
-9.966263391496e-01,8.433768494296e+00,8.007111859571e-02
-9.964242447828e-01,2.078787679004e+00,8.015834660901e-02
-9.962487776673e-01,1.034072401961e+01,5.470030419600e-02
-9.961123673782e-01,3.238081866832e+00,8.015947750090e-02
-9.960720557614e-01,7.235091158425e+00,8.009391084460e-02
-9.959984085761e-01,6.575703951601e+00,8.011139518053e-02
-9.958652848731e-01,4.332970822006e+00,8.016124341615e-02
-9.958537406522e-01,5.051627676518e+00,8.015218615779e-02
-9.958445113566e-01,5.267650323327e+00,8.014484059255e-02
-9.956575051385e-01,2.110990295333e+00,8.014722080145e-02
-9.955816251082e-01,6.889406375115e+00,8.009616223391e-02
-9.954844095817e-01,4.652543812906e+00,8.015571990815e-02
-9.953999538662e-01,7.991606401942e+00,8.006411060088e-02
-9.953240294341e-01,3.270284483161e+00,8.014803508423e-02
-9.950553486291e-01,4.365173438335e+00,8.014948531440e-02
-9.948907654942e-01,2.143192911661e+00,8.013608084411e-02
-9.948486463531e-01,5.732806522346e+00,8.011705677231e-02
-9.946103839401e-01,8.876986727450e+00,8.002819209332e-02
-9.946063783292e-01,9.383857550036e+00,8.001352713177e-02
-9.945356914899e-01,3.302487099489e+00,8.013657769973e-02
-9.945327646594e-01,9.861531088527e+00,7.592131097992e-02
-9.942865850727e-01,4.836394076503e+00,8.013352003356e-02
-9.942534226596e-01,5.484434860707e+00,8.011491215672e-02
-9.942454123851e-01,4.397376054664e+00,8.013771140562e-02
-9.941240258498e-01,2.175395527990e+00,8.012492671015e-02
-9.941239164570e-01,6.262917628811e+00,8.009332402720e-02
-9.940297279031e-01,7.581707271246e+00,8.005434441257e-02
-9.937651783416e-01,8.402527062186e+00,8.002922312866e-02
-9.937473535457e-01,3.334689715818e+00,8.012510531822e-02
-9.937360214259e-01,1.031583694855e+01,5.679081996806e-02
-9.936251175104e-01,5.981992003235e+00,8.009284629851e-02
-9.934354761410e-01,4.429578670992e+00,8.012592165814e-02
-9.933572862055e-01,2.207598144318e+00,8.011375837269e-02
-9.933181912377e-01,6.718750214997e-01,8.010719110869e-02
-9.933181912377e-01,1.093750035002e-01,8.122830227767e-02
-9.933181912377e-01,4.531250145001e-01,8.013662946065e-02
-9.933181912377e-01,6.406250204998e-01,8.010719110869e-02
-9.933181912377e-01,4.687500150008e-02,8.155227531983e-02
-9.933181912377e-01,7.812500250012e-02,8.138707911573e-02
-9.933181912377e-01,1.406250045003e-01,8.107677839031e-02
-9.933181912377e-01,1.718750055004e-01,8.093335144854e-02
-9.933181912377e-01,2.031250065004e-01,8.079886570439e-02
-9.933181912377e-01,3.281250105004e-01,8.036656927154e-02
-9.933181912377e-01,3.593750115003e-01,8.028862276409e-02
-9.933181912377e-01,4.843750155000e-01,8.011456558336e-02
-9.933181912377e-01,5.468750174999e-01,8.010719110869e-02
-9.933181912377e-01,7.031250224997e-01,8.010719110869e-02
-9.933181912377e-01,8.593750274998e-01,8.010719110869e-02
-9.933181912377e-01,9.531250305000e-01,8.010719110869e-02
-9.933181912377e-01,1.562500050003e-02,8.172307656690e-02
-9.933181912377e-01,2.343750075005e-01,8.067415433921e-02
-9.933181912377e-01,2.656250085005e-01,8.056002715918e-02
-9.933181912377e-01,2.968750095005e-01,8.045725758461e-02
-9.933181912377e-01,3.906250125002e-01,8.022400261864e-02
-9.933181912377e-01,4.218750135001e-01,8.017320546429e-02
-9.933181912377e-01,5.156250165000e-01,8.010719110869e-02
-9.933181912377e-01,5.781250184999e-01,8.010719110869e-02
-9.933181912377e-01,6.093750194998e-01,8.010719110869e-02
-9.933181912377e-01,7.343750234996e-01,8.010719110869e-02
-9.933181912377e-01,7.656250244996e-01,8.010719110869e-02
-9.933181912377e-01,8.281250264997e-01,8.010719110869e-02
-9.933181912377e-01,8.906250284999e-01,8.010719110869e-02
-9.933181912377e-01,9.218750295000e-01,8.010719110869e-02
-9.933181912377e-01,9.843750315000e-01,8.010719110869e-02
-9.933181912377e-01,7.968750254996e-01,8.010719110869e-02
-9.929590156015e-01,3.366892332147e+00,8.011361791045e-02
-9.929456205654e-01,1.016101340164e+00,8.010175729030e-02
-9.928670918627e-01,7.203985855495e+00,8.004713117651e-02
-9.926255398970e-01,4.461781287321e+00,8.011411604021e-02
-9.925905465612e-01,2.239800760646e+00,8.010257580477e-02
-9.925653352192e-01,6.544695906076e+00,8.006145903856e-02
-9.924239815930e-01,7.960409043959e+00,8.002050127496e-02
-9.922624931798e-01,6.858349051111e+00,8.004776020462e-02
-9.922004792209e-01,1.048303956493e+00,8.009087955822e-02
-9.921706776574e-01,3.399094948475e+00,8.010211544707e-02
-9.919754413964e-01,9.352531881254e+00,7.997505363420e-02
-9.918978992101e-01,9.836656845560e+00,7.647284495635e-02
-9.918642369378e-01,8.845702524764e+00,7.998809627283e-02
-9.918453415565e-01,5.236908125070e+00,8.008673753763e-02
-9.918238069169e-01,2.272003376975e+00,8.009137897936e-02
-9.918156036530e-01,4.493983903650e+00,8.010229451998e-02
-9.917421159661e-01,5.020942530606e+00,8.009202584400e-02
-9.914553378765e-01,1.080506572821e+00,8.007998834502e-02
-9.913823397132e-01,3.431297564804e+00,8.009059789867e-02
-9.912232651845e-01,1.029094987749e+01,5.868847800160e-02
-9.911486877266e-01,4.621976644835e+00,8.009254303913e-02
-9.910751688245e-01,5.701954098742e+00,8.006189658901e-02
-9.910570672725e-01,2.304205993303e+00,8.008016786938e-02
-9.910056674090e-01,4.526186519978e+00,8.009045706552e-02
-9.909391525771e-01,7.550555289985e+00,8.000901786894e-02
-9.909040175336e-01,8.371285630075e+00,7.998713353775e-02
-9.907101965320e-01,1.112709189150e+00,8.006908362579e-02
-9.905940017690e-01,3.463500181133e+00,8.007906523577e-02
-9.905771343263e-01,6.231960160250e+00,8.004169080949e-02
-9.903669705876e-01,5.453636902815e+00,8.005816831110e-02
-9.902903276282e-01,2.336408609632e+00,8.006894244765e-02
-9.901957311650e-01,4.558389136307e+00,8.007860364481e-02
-9.900627743632e-01,4.805767274410e+00,8.007170083524e-02
-9.899650551875e-01,1.144911805478e+00,8.005816537558e-02
-9.899648653082e-01,5.951086409023e+00,8.003913656803e-02
-9.898056638249e-01,3.495702797461e+00,8.006751742880e-02
-9.896621279639e-01,7.172880552565e+00,8.000011141335e-02
-9.895235879839e-01,2.368611225961e+00,8.005770268694e-02
-9.894480093198e-01,7.929211685976e+00,7.997668231648e-02
-9.893857949210e-01,4.590591752636e+00,8.006673422577e-02
-9.893445044636e-01,9.321206212472e+00,7.993641771579e-02
-9.892630337608e-01,9.811782602594e+00,7.699724565904e-02
-9.892199138430e-01,1.177114421807e+00,8.004723356935e-02
-9.891322618624e-01,6.513687860552e+00,8.001125111982e-02
-9.891180899355e-01,8.814418322078e+00,7.994782439944e-02
-9.890173258807e-01,3.527905413790e+00,8.005595444812e-02
-9.889433612514e-01,6.827291727106e+00,7.999910205789e-02
-9.887568483396e-01,2.400813842289e+00,8.004644855996e-02
-9.887105089430e-01,1.026606280643e+01,6.041874490731e-02
-9.884747724985e-01,1.209317038135e+00,8.003628818203e-02
-9.882289879365e-01,3.560108030119e+00,8.004437626401e-02
-9.880428567257e-01,8.340044197965e+00,7.994484853303e-02
-9.879901086952e-01,2.433016458617e+00,8.003518003934e-02
-9.878485772512e-01,7.519403308723e+00,7.996346571157e-02
-9.878461717564e-01,5.206165926813e+00,8.002826972581e-02
-9.877296311540e-01,1.241519654464e+00,8.002532918845e-02
-9.876304912799e-01,4.990257384695e+00,8.003147109785e-02
-9.874406499924e-01,3.592310646447e+00,8.003278284667e-02
-9.873016912959e-01,5.671101675138e+00,8.000640494225e-02
-9.872233690509e-01,2.465219074946e+00,8.002389709762e-02
-9.870303521955e-01,6.201002691689e+00,7.998938107421e-02
-9.869844898095e-01,1.273722270792e+00,8.001435656342e-02
-9.867135675308e-01,9.289880543690e+00,7.989761839979e-02
-9.866523120482e-01,3.624513262776e+00,8.002117416623e-02
-9.866281683115e-01,9.786908359627e+00,7.749645094812e-02
-9.864805185156e-01,5.422838944923e+00,8.000107544096e-02
-9.864720370466e-01,7.898014327993e+00,7.993265228661e-02
-9.864571640652e-01,7.141775249634e+00,7.995284981309e-02
-9.864566294066e-01,2.497421691274e+00,8.001259970731e-02
-9.863719429332e-01,8.783134119391e+00,7.990737537683e-02
-9.863046131059e-01,5.920180814811e+00,7.998511167719e-02
-9.862393484650e-01,1.305924887121e+00,8.000337028165e-02
-9.861977527016e-01,1.024117573536e+01,6.200279292780e-02
-9.858639741040e-01,3.656715879105e+00,8.000955019274e-02
-9.858389636536e-01,4.775140472316e+00,8.000946788764e-02
-9.856991885055e-01,6.482679815028e+00,7.996076935912e-02
-9.856898897623e-01,2.529624307603e+00,8.000128784082e-02
-9.856242293229e-01,6.796234403102e+00,7.995018588924e-02
-9.854942071206e-01,1.338127503449e+00,7.999237031782e-02
-9.851816959177e-01,8.308802765855e+00,7.990236681373e-02
-9.850756361599e-01,3.688918495433e+00,7.999791089616e-02
-9.849231501179e-01,2.561826923931e+00,7.998996147051e-02
-9.847580019251e-01,7.488251327462e+00,7.991768634495e-02
-9.847490657761e-01,1.370330119778e+00,7.998135664652e-02
-9.842872982157e-01,3.721121111762e+00,7.998625624639e-02
-9.841564104736e-01,2.594029540260e+00,7.997862056866e-02
-9.840826305981e-01,9.258554874908e+00,7.985865470209e-02
-9.840039244316e-01,1.402532736107e+00,7.997032924229e-02
-9.839933028622e-01,9.762034116660e+00,7.797221928425e-02
-9.838470019564e-01,5.175423728556e+00,7.996943401839e-02
-9.836849964601e-01,1.021628866430e+01,6.345836851556e-02
-9.836257959309e-01,8.751849916705e+00,7.986674810027e-02
-9.835282137673e-01,5.640249251534e+00,7.995057905534e-02
-9.835188665937e-01,4.959572238783e+00,7.997051832497e-02
-9.834989602715e-01,3.753323728091e+00,7.997458621323e-02
-9.834960647733e-01,7.866816970010e+00,7.988840973420e-02
-9.834835700648e-01,6.170045223128e+00,7.993669528727e-02
-9.833896708293e-01,2.626232156588e+00,7.996726510747e-02
-9.832587830871e-01,1.434735352435e+00,7.995928807961e-02
-9.832522001665e-01,7.110669946703e+00,7.990534461822e-02
-9.827106223273e-01,3.785526344419e+00,7.996290076643e-02
-9.826443609037e-01,5.889275220599e+00,7.993076902980e-02
-9.826229311850e-01,2.658434772917e+00,7.995589505909e-02
-9.825940664435e-01,5.392040987032e+00,7.994363057802e-02
-9.825136417426e-01,1.466937968764e+00,7.994823313289e-02
-9.823205351097e-01,8.277561333745e+00,7.985968706822e-02
-9.823050973945e-01,6.765177079097e+00,7.990100977705e-02
-9.822661151486e-01,6.451671769503e+00,7.991001167249e-02
-9.819222843832e-01,3.817728960748e+00,7.995119987562e-02
-9.818561915407e-01,2.690637389245e+00,7.994451039558e-02
-9.817685003981e-01,1.499140585092e+00,7.993716437649e-02
-9.816674265991e-01,7.457099346200e+00,7.987167815964e-02
-9.816151529441e-01,4.744513670222e+00,7.994681737803e-02
-9.814516936653e-01,9.227229206126e+00,7.981952563127e-02
-9.813584374129e-01,9.737159873693e+00,7.842614992875e-02
-9.811722402187e-01,1.019140159324e+01,6.480045829306e-02
-9.811339464390e-01,3.849931577077e+00,7.993948351040e-02
-9.810894518963e-01,2.722840005574e+00,7.993311108893e-02
-9.810233590536e-01,1.531343201420e+00,7.992608178468e-02
-9.808796489286e-01,8.720565714019e+00,7.982594145654e-02
-9.805200925001e-01,7.835619612027e+00,7.984395319567e-02
-9.803456084948e-01,3.882134193405e+00,7.992775164025e-02
-9.803227122520e-01,2.755042621902e+00,7.992169711109e-02
-9.802782177092e-01,1.563545817749e+00,7.991498533169e-02
-9.800472362677e-01,7.079564643773e+00,7.985759405558e-02
-9.799367879341e-01,6.139087754567e+00,7.988370702145e-02
-9.798478321563e-01,5.144681530299e+00,7.991022724567e-02
-9.797547362387e-01,5.609396827930e+00,7.989441612384e-02
-9.795572705507e-01,3.914336809734e+00,7.991600423458e-02
-9.795559726077e-01,2.787245238231e+00,7.991026843389e-02
-9.795330763647e-01,1.595748434077e+00,7.990387499168e-02
-9.794593743018e-01,8.246319901634e+00,7.981680797388e-02
-9.794072419076e-01,4.928887092872e+00,7.990916389223e-02
-9.789859654660e-01,6.734119755093e+00,7.985157178236e-02
-9.789841087015e-01,5.858369626387e+00,7.987610600378e-02
-9.788330417917e-01,6.420663723979e+00,7.985897595701e-02
-9.788207567325e-01,9.195903537344e+00,7.978023018842e-02
-9.787892329633e-01,2.819447854560e+00,7.989882502912e-02
-9.787879350202e-01,1.627951050406e+00,7.989275073874e-02
-9.787689326065e-01,3.946539426063e+00,7.990424126273e-02
-9.787235719635e-01,9.712285630727e+00,7.885970048929e-02
-9.787076143715e-01,5.361243029140e+00,7.988583072446e-02
-9.786594839773e-01,1.016651452218e+01,6.604180547476e-02
-9.785768512731e-01,7.425947364939e+00,7.982543953205e-02
-9.781335019263e-01,8.689281511333e+00,7.978477856482e-02
-9.780427936757e-01,1.660153666734e+00,7.988161254690e-02
-9.780224933190e-01,2.851650470888e+00,7.988736686849e-02
-9.779805946623e-01,3.978742042391e+00,7.989246269396e-02
-9.775441202269e-01,7.804422254044e+00,7.979928119485e-02
-9.773913422345e-01,4.713886868128e+00,7.988374545293e-02
-9.772976523312e-01,1.692356283063e+00,7.987046039013e-02
-9.772557536747e-01,2.883853087217e+00,7.987589392363e-02
-9.771922567182e-01,4.010944658720e+00,7.988066849742e-02
-9.768422723690e-01,7.048459340842e+00,7.980959633621e-02
-9.765982134938e-01,8.215078469524e+00,7.977372819696e-02
-9.765525109867e-01,1.724558899391e+00,7.985929424232e-02
-9.764890140304e-01,2.916055703546e+00,7.986440616612e-02
-9.764039187740e-01,4.043147275049e+00,7.986885864223e-02
-9.763900058034e-01,6.108130286006e+00,7.983041382539e-02
-9.761898197997e-01,9.164577868562e+00,7.974076736719e-02
-9.761467277358e-01,1.014162745112e+01,6.719331451217e-02
-9.760887065142e-01,9.687411387760e+00,7.927420220671e-02
-9.759812587101e-01,5.578544404326e+00,7.983791331533e-02
-9.758486623562e-01,5.113939332042e+00,7.985064620671e-02
-9.758073696422e-01,1.756761515720e+00,7.984811407732e-02
-9.757222743860e-01,2.948258319874e+00,7.985290356744e-02
-9.756668335376e-01,6.703062431089e+00,7.980186994873e-02
-9.756155808298e-01,4.075349891377e+00,7.985703309738e-02
-9.754862759471e-01,7.394795383677e+00,7.977896882441e-02
-9.753999684348e-01,6.389655678454e+00,7.980766009063e-02
-9.753873549240e-01,8.657997308647e+00,7.974329061527e-02
-9.753238564992e-01,5.827464032175e+00,7.982111995092e-02
-9.752956172215e-01,4.898201946960e+00,7.984740412729e-02
-9.750622282978e-01,1.788964132048e+00,7.983691986889e-02
-9.749555347417e-01,2.980460936203e+00,7.984138609901e-02
-9.748272428857e-01,4.107552507706e+00,7.984519183180e-02
-9.748211622995e-01,5.330445071249e+00,7.982767285260e-02
-9.745681479537e-01,7.773224896061e+00,7.975439224287e-02
-9.743170869533e-01,1.821166748377e+00,7.982571159073e-02
-9.741887950974e-01,3.012663552532e+00,7.982985373218e-02
-9.741685251417e-01,1.062097246648e+01,6.608629147080e-06
-9.740389049415e-01,4.139755124035e+00,7.983333481434e-02
-9.737370526858e-01,8.183837037414e+00,7.973044639256e-02
-9.736373084703e-01,7.017354037912e+00,7.976134965522e-02
-9.736339714944e-01,1.011674038006e+01,6.826437120509e-02
-9.735719456088e-01,1.853369364705e+00,7.981448921650e-02
-9.735588828669e-01,9.133252199780e+00,7.970113615366e-02
-9.734538410649e-01,9.662537144793e+00,7.967087331302e-02
-9.734220554530e-01,3.044866168860e+00,7.981830643822e-02
-9.732505669973e-01,4.171957740363e+00,7.982146201376e-02
-9.731675315249e-01,4.683260066035e+00,7.982024821773e-02
-9.728432236726e-01,6.077172817445e+00,7.977681322349e-02
-9.728268042643e-01,1.885571981034e+00,7.980325271975e-02
-9.726553158087e-01,3.077068785189e+00,7.980674418832e-02
-9.726412079217e-01,8.626713105960e+00,7.970161514451e-02
-9.724622290531e-01,4.204160356692e+00,7.980957339875e-02
-9.723957006211e-01,7.363643402416e+00,7.973226438453e-02
-9.723477016091e-01,6.672005107085e+00,7.975190230206e-02
-9.722077811815e-01,5.547691980722e+00,7.978106776908e-02
-9.720816629198e-01,1.917774597362e+00,7.979200207401e-02
-9.719668950780e-01,6.358647632930e+00,7.975606193204e-02
-9.718885761644e-01,3.109271401518e+00,7.979516695362e-02
-9.718494925562e-01,5.083197133785e+00,7.979068766898e-02
-9.717779403333e-01,1.059607316538e+01,1.009273421161e-02
-9.716738911090e-01,4.236362973020e+00,7.979766893789e-02
-9.716636042970e-01,5.796558437963e+00,7.976580819661e-02
-9.715921756804e-01,7.742027538078e+00,7.970928483809e-02
-9.713365215753e-01,1.949977213690e+00,7.978073725270e-02
-9.711839925353e-01,4.867516801048e+00,7.978523531822e-02
-9.711218365201e-01,3.141474017846e+00,7.978357470515e-02
-9.711212152530e-01,1.009185330900e+01,6.926309818891e-02
-9.709347102275e-01,5.299647113358e+00,7.976915390466e-02
-9.709279459341e-01,9.101926530998e+00,7.966133552628e-02
-9.708855531648e-01,4.268565589349e+00,7.978574859972e-02
-9.708758918779e-01,8.152595605303e+00,7.968696120443e-02
-9.708189756155e-01,9.637662901826e+00,7.964305908821e-02
-9.705913802309e-01,1.982179830019e+00,7.976945822920e-02
-9.704323445716e-01,6.986248734982e+00,7.971285219159e-02
-9.703550968757e-01,3.173676634175e+00,7.977196741390e-02
-9.700972152206e-01,4.300768205678e+00,7.977381235266e-02
-9.698950609194e-01,8.595428903274e+00,7.965975093444e-02
-9.698462388864e-01,2.014382446347e+00,7.975816497683e-02
-9.695883572314e-01,3.205879250504e+00,7.976034505077e-02
-9.693873555249e-01,1.057117386428e+01,1.830182034849e-02
-9.693088772765e-01,4.332970822006e+00,7.976186016505e-02
-9.693051252951e-01,7.332491421155e+00,7.968532454575e-02
-9.692964415419e-01,6.046215348884e+00,7.972290271560e-02
-9.691010975419e-01,2.046585062676e+00,7.974685746882e-02
-9.690285696807e-01,6.640947783080e+00,7.970166685043e-02
-9.689437208154e-01,4.652633263941e+00,7.975632173631e-02
-9.688216175871e-01,3.238081866832e+00,7.974870758658e-02
-9.686162034072e-01,7.710830180095e+00,7.966395746589e-02
-9.686084590115e-01,1.006696623794e+01,7.019656052314e-02
-9.685338217211e-01,6.327639587405e+00,7.970417932044e-02
-9.685205393323e-01,4.365173438335e+00,7.974989200516e-02
-9.684343036529e-01,5.516839557118e+00,7.972387659582e-02
-9.683559561974e-01,2.078787679004e+00,7.973553567835e-02
-9.682970090013e-01,9.070600862217e+00,7.962136445585e-02
-9.682437745507e-01,9.609542865594e+00,7.960423261464e-02
-9.680548779427e-01,3.270284483161e+00,7.973705499208e-02
-9.680147310699e-01,8.121354173193e+00,7.964327126490e-02
-9.680033520948e-01,5.765652843751e+00,7.971016803957e-02
-9.678503227561e-01,5.052454935527e+00,7.972991638900e-02
-9.677322013881e-01,4.397376054664e+00,7.973790784118e-02
-9.676108148529e-01,2.110990295333e+00,7.972419957853e-02
-9.672881382984e-01,3.302487099489e+00,7.972538723795e-02
-9.672273806728e-01,6.955143432051e+00,7.966410210810e-02
-9.671489139171e-01,8.564144700588e+00,7.961769675699e-02
-9.670723678492e-01,4.836831655137e+00,7.972265371306e-02
-9.670482581555e-01,5.268849155466e+00,7.971027079247e-02
-9.669967707166e-01,1.054627456318e+01,2.510939838014e-02
-9.669438634440e-01,4.429578670992e+00,7.972590764119e-02
-9.668656735084e-01,2.143192911661e+00,7.971284914239e-02
-9.665213986541e-01,3.334689715818e+00,7.971370429478e-02
-9.662145499691e-01,7.301339439893e+00,7.963814762675e-02
-9.661555254998e-01,4.461781287321e+00,7.971389137322e-02
-9.661205321639e-01,2.175395527990e+00,7.970148434291e-02
-9.660957027701e-01,1.004207916688e+01,7.107093239263e-02
-9.657546590097e-01,3.366892332147e+00,7.970200613310e-02
-9.657496594112e-01,6.015257880323e+00,7.966867977675e-02
-9.657282378703e-01,9.578177036097e+00,7.956575511153e-02
-9.657094377522e-01,6.609890459076e+00,7.965116158395e-02
-9.656660720685e-01,9.039275193435e+00,7.958122190539e-02
-9.656402311340e-01,7.679632822112e+00,7.961840859862e-02
-9.653753908195e-01,2.207598144318e+00,7.969010515300e-02
-9.653671875556e-01,4.493983903650e+00,7.970185900518e-02
-9.651535702620e-01,8.090112741083e+00,7.959937519481e-02
-9.651007483642e-01,6.296631541881e+00,7.965166683172e-02
-9.649879193654e-01,3.399094948475e+00,7.969029272336e-02
-9.647199101058e-01,4.622006461847e+00,7.969196203061e-02
-9.646608261243e-01,5.485987133514e+00,7.966633687745e-02
-9.646302494750e-01,2.239800760646e+00,7.967871154548e-02
-9.646061859082e-01,1.052137526208e+01,3.084599937291e-02
-9.645788496115e-01,4.526186519978e+00,7.968981050492e-02
-9.645263596076e-01,6.718750214997e-01,7.967064013480e-02
-9.645263596076e-01,1.093750035002e-01,8.087694225093e-02
-9.645263596076e-01,1.406250045003e-01,8.071468666993e-02
-9.645263596076e-01,2.031250065004e-01,8.041647015132e-02
-9.645263596076e-01,4.531250145001e-01,7.970249208873e-02
-9.645263596076e-01,4.843750155000e-01,7.967862015866e-02
-9.645263596076e-01,6.406250204998e-01,7.967064013480e-02
-9.645263596076e-01,1.718750055004e-01,8.056088251116e-02
-9.645263596076e-01,2.968750095005e-01,8.004877502123e-02
-9.645263596076e-01,3.281250105004e-01,7.995094692815e-02
-9.645263596076e-01,3.593750115003e-01,7.986679068103e-02
-9.645263596076e-01,3.906250125002e-01,7.979697082105e-02
-9.645263596076e-01,4.218750135001e-01,7.974205315219e-02
-9.645263596076e-01,5.468750174999e-01,7.967064013480e-02
-9.645263596076e-01,5.781250184999e-01,7.967064013480e-02
-9.645263596076e-01,6.093750194998e-01,7.967064013480e-02
-9.645263596076e-01,7.031250224997e-01,7.967064013480e-02
-9.645263596076e-01,7.343750234996e-01,7.967064013480e-02
-9.645263596076e-01,7.656250244996e-01,7.967064013480e-02
-9.645263596076e-01,7.968750254996e-01,7.967064013480e-02
-9.645263596076e-01,9.531250305000e-01,7.967064013480e-02
-9.645263596076e-01,1.562500050003e-02,8.140514735030e-02
-9.645263596076e-01,4.687500150008e-02,8.122307983084e-02
-9.645263596076e-01,7.812500250012e-02,8.104671332717e-02
-9.645263596076e-01,2.656250085005e-01,8.015952594726e-02
-9.645263596076e-01,5.156250165000e-01,7.967064013480e-02
-9.645263596076e-01,8.281250264997e-01,7.967064013480e-02
-9.645263596076e-01,8.593750274998e-01,7.967064013480e-02
-9.645263596076e-01,8.906250284999e-01,7.967064013480e-02
-9.645263596076e-01,9.218750295000e-01,7.967064013480e-02
-9.645263596076e-01,9.843750315000e-01,7.967064013480e-02
-9.645263596076e-01,2.343750075005e-01,8.028238152208e-02
-9.644027669148e-01,8.532860497902e+00,7.957545137401e-02
-9.643430998926e-01,5.734747249539e+00,7.965419675160e-02
-9.642211797211e-01,3.431297564804e+00,7.967856403593e-02
-9.641645880853e-01,1.016101340164e+00,7.966510071362e-02
-9.640224167741e-01,6.924038129121e+00,7.961509755107e-02
-9.638851081305e-01,2.272003376975e+00,7.966730349313e-02
-9.638511529560e-01,5.021712737270e+00,7.966858442998e-02
-9.637905116673e-01,4.558389136307e+00,7.967774584019e-02
-9.635829465287e-01,1.001719209582e+01,7.189163324080e-02
-9.634544400768e-01,3.463500181133e+00,7.966682004109e-02
-9.634410450406e-01,1.048303956493e+00,7.965401163940e-02
-9.632127011899e-01,9.546811206600e+00,7.952714993533e-02
-9.631618060835e-01,5.238051197575e+00,7.965102039719e-02
-9.631399667860e-01,2.304205993303e+00,7.965588096864e-02
-9.631239746431e-01,7.270187458632e+00,7.959073193141e-02
-9.630351351358e-01,9.007949524653e+00,7.954090683015e-02
-9.630021737231e-01,4.590591752636e+00,7.966566497866e-02
-9.629607431630e-01,4.806146509225e+00,7.965965551945e-02
-9.627175019960e-01,1.080506572821e+00,7.964290890182e-02
-9.626877004324e-01,3.495702797461e+00,7.965506070908e-02
-9.626642588608e-01,7.648435464129e+00,7.957263669544e-02
-9.623948254415e-01,2.336408609632e+00,7.964444394465e-02
-9.623903058237e-01,6.578833135071e+00,7.960038447457e-02
-9.622924094540e-01,8.058871308972e+00,7.955527160333e-02
-9.622156010998e-01,1.049647596098e+01,3.574579406320e-02
-9.622028772804e-01,5.984300411762e+00,7.961414185695e-02
-9.619939589513e-01,1.112709189150e+00,7.963179247578e-02
-9.619209607881e-01,3.527905413790e+00,7.964328601002e-02
-9.616676750074e-01,6.265623496356e+00,7.959873402477e-02
-9.616566199125e-01,8.501576295216e+00,7.953301353716e-02
-9.616496840970e-01,2.368611225961e+00,7.963299239372e-02
-9.612704159067e-01,1.144911805478e+00,7.962066233613e-02
-9.611542211438e-01,3.560108030119e+00,7.963149591398e-02
-9.610701902873e-01,9.992305024755e+00,7.266343968029e-02
-9.609045427526e-01,2.400813842289e+00,7.962152628834e-02
-9.608873485957e-01,5.455134709910e+00,7.960844566675e-02
-9.608174528754e-01,6.892932826191e+00,7.956583665030e-02
-9.606971645095e-01,9.515445377102e+00,7.948838528056e-02
-9.606828476903e-01,5.703841655327e+00,7.959789157725e-02
-9.605468728620e-01,1.177114421807e+00,7.960951845765e-02
-9.604041982029e-01,8.976623855871e+00,7.950015189869e-02
-9.603874814994e-01,3.592310646447e+00,7.961969039094e-02
-9.601594014081e-01,2.433016458617e+00,7.961004560093e-02
-9.600333993171e-01,7.239035477371e+00,7.954307574869e-02
-9.598519831559e-01,4.990970539013e+00,7.960685169988e-02
-9.598250162915e-01,1.047157665988e+01,3.997932257580e-02
-9.598233298174e-01,1.209317038135e+00,7.959836081506e-02
-9.596882865876e-01,7.617238106146e+00,7.952664020220e-02
-9.596207418551e-01,3.624513262776e+00,7.960786941082e-02
-9.594312486460e-01,8.027629876862e+00,7.951095908790e-02
-9.594142600636e-01,2.465219074946e+00,7.959855030386e-02
-9.592753540115e-01,5.207253239683e+00,7.959139956906e-02
-9.590997867727e-01,1.241519654464e+00,7.958718938301e-02
-9.590711738953e-01,6.547775811067e+00,7.954933347593e-02
-9.589104729102e-01,8.470292092529e+00,7.949038198784e-02
-9.588540022108e-01,3.656715879105e+00,7.959603294343e-02
-9.588491184769e-01,4.775461363314e+00,7.959623690419e-02
-9.586691187191e-01,2.497421691274e+00,7.958704036939e-02
-9.586560951497e-01,5.953342943202e+00,7.955928638088e-02
-9.585574340459e-01,9.967417953694e+00,7.339057806461e-02
-9.583762437281e-01,1.273722270792e+00,7.957600413609e-02
-9.582346016505e-01,6.234615450832e+00,7.954550119158e-02
-9.581816278292e-01,9.484079547605e+00,7.944946020815e-02
-9.580872625665e-01,3.688918495433e+00,7.958418095854e-02
-9.579239773746e-01,2.529624307603e+00,7.957551576975e-02
-9.577732612701e-01,8.945298187089e+00,7.945917463501e-02
-9.576527006834e-01,1.305924887121e+00,7.956480504885e-02
-9.576124889767e-01,6.861827523260e+00,7.951631751887e-02
-9.574344314831e-01,1.044667735878e+01,4.367373237370e-02
-9.573205229221e-01,3.721121111762e+00,7.957231342580e-02
-9.571788360301e-01,2.561826923931e+00,7.956397647708e-02
-9.571138710671e-01,5.424282286306e+00,7.955019998710e-02
-9.570225954881e-01,5.672936061115e+00,7.954124973360e-02
-9.569428239911e-01,7.207883496109e+00,7.949517735250e-02
-9.569291576388e-01,1.338127503449e+00,7.955359209574e-02
-9.567123143143e-01,7.586040748163e+00,7.948041755131e-02
-9.565700878381e-01,7.996388444752e+00,7.946643623410e-02
-9.565537832778e-01,3.753323728091e+00,7.956043031482e-02
-9.564336946857e-01,2.594029540260e+00,7.955242246345e-02
-9.562056145941e-01,1.370330119778e+00,7.954236525117e-02
-9.561643259079e-01,8.439007889843e+00,7.944755545707e-02
-9.560446778045e-01,9.942530882633e+00,7.407680151056e-02
-9.558528133559e-01,4.960228340756e+00,7.954471454931e-02
-9.557870436335e-01,3.785526344419e+00,7.954853159511e-02
-9.557520419668e-01,6.516718487063e+00,7.949800652320e-02
-9.556885533412e-01,2.626232156588e+00,7.954085370086e-02
-9.556660911488e-01,9.452713718108e+00,7.941037377216e-02
-9.554820715495e-01,1.402532736107e+00,7.953112448949e-02
-9.553889019395e-01,5.176455281792e+00,7.953140512709e-02
-9.551423243374e-01,8.913972518307e+00,7.941801710874e-02
-9.551093130190e-01,5.922385474641e+00,7.950411074762e-02
-9.550438466748e-01,1.042177805768e+01,4.692575405376e-02
-9.550203039891e-01,3.817728960748e+00,7.953661723610e-02
-9.549434119967e-01,2.658434772917e+00,7.952927016125e-02
-9.548015282937e-01,6.203607405308e+00,7.949196592501e-02
-9.547585285049e-01,1.434735352435e+00,7.951986978497e-02
-9.547374937907e-01,4.744776217402e+00,7.953239399284e-02
-9.544075250780e-01,6.830722220330e+00,7.946653825298e-02
-9.542535643448e-01,3.849931577077e+00,7.952468720714e-02
-9.541982706522e-01,2.690637389245e+00,7.951767181648e-02
-9.540349854602e-01,1.466937968764e+00,7.950860111185e-02
-9.538522486651e-01,7.176731514848e+00,7.944703500151e-02
-9.537363420411e-01,7.554843390180e+00,7.943396716162e-02
-9.537089270301e-01,7.965147012641e+00,7.942170161553e-02
-9.535319215631e-01,9.917643811572e+00,7.472545433544e-02
-9.534868247005e-01,3.882134193405e+00,7.951274147751e-02
-9.534531293077e-01,2.722840005574e+00,7.950605863833e-02
-9.534181789056e-01,8.407723687157e+00,7.940453266542e-02
-9.533623432859e-01,5.642030466903e+00,7.948426840998e-02
-9.533403935385e-01,5.393429862702e+00,7.949159683221e-02
-9.533114424156e-01,1.499140585092e+00,7.949731844425e-02
-9.531505544684e-01,9.421347888611e+00,7.937112501968e-02
-9.527200850562e-01,3.914336809734e+00,7.950078001640e-02
-9.527079879632e-01,2.755042621902e+00,7.949443059852e-02
-9.526532618665e-01,1.039687875657e+01,4.981028368512e-02
-9.525878993709e-01,1.531343201420e+00,7.948602175629e-02
-9.525113874046e-01,8.882646849525e+00,7.937667817788e-02
-9.524329100384e-01,6.485661163059e+00,7.944640153287e-02
-9.519628466187e-01,2.787245238231e+00,7.948278766870e-02
-9.519533454118e-01,3.946539426063e+00,7.948880279292e-02
-9.518643563263e-01,1.563545817749e+00,7.947471102198e-02
-9.518536435558e-01,4.929486142499e+00,7.948216928933e-02
-9.515625308883e-01,5.891428006080e+00,7.944861233045e-02
-9.515024498675e-01,5.145657323901e+00,7.947103385882e-02
-9.513684549368e-01,6.172599359783e+00,7.943812579414e-02
-9.512177052743e-01,2.819447854560e+00,7.947112982045e-02
-9.512025611793e-01,6.799616917399e+00,7.941649693179e-02
-9.511866057675e-01,3.978742042391e+00,7.947680977612e-02
-9.511408132816e-01,1.595748434077e+00,7.946338621528e-02
-9.510191653216e-01,9.892756740512e+00,7.533952624474e-02
-9.508477662222e-01,7.933905580531e+00,7.937675379373e-02
-9.507616733391e-01,7.145579533587e+00,7.939864693904e-02
-9.507603697679e-01,7.523646032197e+00,7.938728743829e-02
-9.506720319033e-01,8.376439484471e+00,7.936131232287e-02
-9.506350177880e-01,9.389982059113e+00,7.933171299084e-02
-9.506258691046e-01,4.714091071491e+00,7.946812286932e-02
-9.504725639298e-01,2.851650470888e+00,7.945945702525e-02
-9.504198661232e-01,4.010944658720e+00,7.946480093493e-02
-9.504172702370e-01,1.627951050406e+00,7.945204731010e-02
-9.502626770581e-01,1.037197945547e+01,5.238621448870e-02
-9.498804504718e-01,8.851321180743e+00,7.933515669126e-02
-9.497274225853e-01,2.883853087217e+00,7.944776925455e-02
-9.497020910836e-01,5.611124872691e+00,7.942694476764e-02
-9.496937271923e-01,1.660153666734e+00,7.944069428026e-02
-9.496531264788e-01,4.043147275049e+00,7.945277623824e-02
-9.495669160099e-01,5.362577439098e+00,7.943263316585e-02
-9.491137781099e-01,6.454603839054e+00,7.939451640264e-02
-9.489822812408e-01,2.916055703546e+00,7.943606647969e-02
-9.489701841477e-01,1.692356283063e+00,7.942932709954e-02
-9.488863868345e-01,4.075349891377e+00,7.944073565482e-02
-9.485064090802e-01,9.867869669451e+00,7.592118696338e-02
-9.482466411031e-01,1.724558899391e+00,7.941794574163e-02
-9.482371398963e-01,2.948258319874e+00,7.942434867196e-02
-9.481196471902e-01,4.107552507706e+00,7.942867915338e-02
-9.481194811076e-01,9.358616229616e+00,7.929213671870e-02
-9.480157487575e-01,5.860470537519e+00,7.939278847649e-02
-9.479975972806e-01,6.768511614468e+00,7.936619161731e-02
-9.479866054142e-01,7.902664148421e+00,7.933159131801e-02
-9.479353815799e-01,6.141591314259e+00,7.938397834413e-02
-9.479258849010e-01,8.345155281784e+00,7.931789312876e-02
-9.478720922497e-01,1.034708015437e+01,5.470049422772e-02
-9.478544737558e-01,4.898743944242e+00,7.941921219102e-02
-9.477843974947e-01,7.492448674214e+00,7.934037677265e-02
-9.476710980131e-01,7.114427552326e+00,7.935001139291e-02
-9.476159977954e-01,5.114859366009e+00,7.941028252004e-02
-9.475230980584e-01,1.756761515720e+00,7.940655018018e-02
-9.474919985518e-01,2.980460936203e+00,7.941261580258e-02
-9.473529075458e-01,4.139755124035e+00,7.941660670256e-02
-9.472495135390e-01,8.819995511961e+00,7.929345148848e-02
-9.467995550138e-01,1.788964132048e+00,7.939514038876e-02
-9.467468572073e-01,3.012663552532e+00,7.940086784266e-02
-9.465861679015e-01,4.171957740363e+00,7.940451827088e-02
-9.465142444184e-01,4.683405925579e+00,7.940341957548e-02
-9.460760119691e-01,1.821166748377e+00,7.938371634088e-02
-9.460418388814e-01,5.580219278479e+00,7.936927593953e-02
-9.460017158628e-01,3.044866168860e+00,7.938910476329e-02
-9.459936528388e-01,9.842982598390e+00,7.647273132963e-02
-9.458194282572e-01,4.204160356692e+00,7.939241382682e-02
-9.457946461814e-01,6.423546515050e+00,7.934234901120e-02
-9.457934384813e-01,5.331725015494e+00,7.937330592153e-02
-9.456039444273e-01,9.327250400119e+00,7.925232613903e-02
-9.454815074413e-01,1.032218085327e+01,5.679100771298e-02
-9.453524689245e-01,1.853369364705e+00,7.937227800997e-02
-9.452565745183e-01,3.077068785189e+00,7.937732653544e-02
-9.451797378987e-01,8.313871079098e+00,7.927427377163e-02
-9.451254446062e-01,7.871422716310e+00,7.928621272538e-02
-9.450526886128e-01,4.236362973020e+00,7.938029333874e-02
-9.448084252215e-01,7.461251316231e+00,7.929323354206e-02
-9.447926333819e-01,6.737406311538e+00,7.931562035416e-02
-9.446289258798e-01,1.885571981034e+00,7.936082536942e-02
-9.446185766062e-01,8.788669843179e+00,7.925156139980e-02
-9.445805226871e-01,7.083275571064e+00,7.930112657529e-02
-9.445114331739e-01,3.109271401518e+00,7.936553313003e-02
-9.445023082231e-01,6.110583268734e+00,7.932952109588e-02
-9.444689666268e-01,5.829513068958e+00,7.933663650649e-02
-9.442859489685e-01,4.268565589349e+00,7.936815677495e-02
-9.439053828352e-01,1.917774597362e+00,7.934935839254e-02
-9.438553039557e-01,4.868001745985e+00,7.935583948511e-02
-9.437662918294e-01,3.141474017846e+00,7.935372451791e-02
-9.437295457234e-01,5.084061408118e+00,7.934887598232e-02
-9.435192093242e-01,4.300768205678e+00,7.935600410365e-02
-9.434808965974e-01,9.818095527329e+00,7.699714156519e-02
-9.431818397905e-01,1.949977213690e+00,7.933787705256e-02
-9.430909226330e-01,1.029728155217e+01,5.868866305865e-02
-9.430884077469e-01,9.295884570621e+00,7.921211467186e-02
-9.430211504849e-01,3.173676634175e+00,7.934190066983e-02
-9.427524696799e-01,4.332970822006e+00,7.934383529296e-02
-9.424755142530e-01,6.392489191046e+00,7.928947745366e-02
-9.424582967459e-01,1.982179830019e+00,7.932638132267e-02
-9.424335908964e-01,8.282586876412e+00,7.923045292919e-02
-9.424026197323e-01,4.652720779667e+00,7.933828011070e-02
-9.423815866791e-01,5.549313684267e+00,7.931125903001e-02
-9.422760091404e-01,3.205879250504e+00,7.933006155649e-02
-9.422642837982e-01,7.840181284200e+00,7.924061654042e-02
-9.420199609527e-01,5.300872591890e+00,7.931361200228e-02
-9.419876396734e-01,8.757344174397e+00,7.920948524606e-02
-9.419857300355e-01,4.365173438335e+00,7.933165031093e-02
-9.418324529483e-01,7.430053958248e+00,7.924585610982e-02
-9.417347537013e-01,2.014382446347e+00,7.931487117597e-02
-9.415876694831e-01,6.706301008608e+00,7.926478116948e-02
-9.415308677959e-01,3.238081866832e+00,7.931820714850e-02
-9.414899473611e-01,7.052123589803e+00,7.925199068255e-02
-9.412189903912e-01,4.397376054664e+00,7.931944912553e-02
-9.410692348662e-01,6.079575223210e+00,7.927475154583e-02
-9.410112106566e-01,2.046585062676e+00,7.930334658551e-02
-9.409681403560e-01,9.793208456268e+00,7.749635561557e-02
-9.409221844961e-01,5.798555600397e+00,7.928015371456e-02
-9.407857264514e-01,3.270284483161e+00,7.930633741640e-02
-9.407003378246e-01,1.027238225107e+01,6.041892700530e-02
-9.405728710665e-01,9.264518741124e+00,7.917173173961e-02
-9.404522507469e-01,4.429578670992e+00,7.930723170461e-02
-9.402876676120e-01,2.078787679004e+00,7.929180752427e-02
-9.400405851069e-01,3.302487099489e+00,7.929445233066e-02
-9.398561341556e-01,4.837259547728e+00,7.929204736148e-02
-9.398430936514e-01,5.053263450226e+00,7.928673659859e-02
-9.396874438941e-01,8.251302673726e+00,7.918642926816e-02
-9.396855111026e-01,4.461781287321e+00,7.929499801597e-02
-9.395641245673e-01,2.110990295333e+00,7.928025396515e-02
-9.394031229903e-01,7.808939852090e+00,7.919480127515e-02
-9.393567027406e-01,8.726018505615e+00,7.916722183859e-02
-9.392954437624e-01,3.334689715818e+00,7.928255186167e-02
-9.391563823245e-01,6.361431867041e+00,7.923626019683e-02
-9.389187714582e-01,4.493983903650e+00,7.928274802731e-02
-9.388564806751e-01,7.398856600265e+00,7.919824282499e-02
-9.388405815227e-01,2.143192911661e+00,7.926868588099e-02
-9.387213344769e-01,5.518408090055e+00,7.925289111453e-02
-9.385503024179e-01,3.366892332147e+00,7.927063597973e-02
-9.384553841146e-01,9.768321385208e+00,7.797213201672e-02
-9.383993720351e-01,7.020971608542e+00,7.920260189512e-02
-9.383827055844e-01,6.675195705677e+00,7.921367207273e-02
-9.383097530162e-01,1.024748294997e+01,6.200297189107e-02
-9.382909950461e-01,4.622035633756e+00,7.927270043151e-02
-9.382464834241e-01,5.270020168286e+00,7.925354828031e-02
-9.381520318139e-01,4.526186519978e+00,7.927048170626e-02
-9.381170384780e-01,2.175395527990e+00,7.925710324458e-02
-9.380573343861e-01,9.233152911627e+00,7.913117628701e-02
-9.378051610735e-01,3.399094948475e+00,7.925870465509e-02
-9.376361615093e-01,6.048567177686e+00,7.921966716568e-02
-9.373934954334e-01,2.207598144318e+00,7.924550602861e-02
-9.373852921696e-01,4.558389136307e+00,7.925819902033e-02
-9.373754023653e-01,5.767598131836e+00,7.922333736787e-02
-9.370600197290e-01,3.431297564804e+00,7.924675785791e-02
-9.369412968917e-01,8.220018471040e+00,7.914220144420e-02
-9.367257658078e-01,8.694692836833e+00,7.912476997913e-02
-9.366699523887e-01,2.239800760646e+00,7.923389420572e-02
-9.366185525252e-01,4.590591752636e+00,7.924589993699e-02
-9.365419621823e-01,7.777698419980e+00,7.914876542894e-02
-9.363148783845e-01,3.463500181133e+00,7.923479555826e-02
-9.359566415793e-01,5.022465492335e+00,7.922419370105e-02
-9.359464093441e-01,2.272003376975e+00,7.922226774848e-02
-9.359426278732e-01,9.743434314147e+00,7.842607009655e-02
-9.359191682078e-01,1.022258364887e+01,6.345854423906e-02
-9.358805084018e-01,7.367659242282e+00,7.915039202228e-02
-9.358569643555e-01,4.806517349471e+00,7.922783196879e-02
-9.358372503961e-01,6.330374543037e+00,7.918274527064e-02
-9.357345279774e-01,1.093750035002e-01,8.051197025514e-02
-9.357345279774e-01,3.906250125002e-01,7.934875008052e-02
-9.357345279774e-01,4.218750135001e-01,7.928925620033e-02
-9.357345279774e-01,5.781250184999e-01,7.921184077979e-02
-9.357345279774e-01,6.093750194998e-01,7.921184077979e-02
-9.357345279774e-01,6.406250204998e-01,7.921184077979e-02
-9.357345279774e-01,7.343750234996e-01,7.921184077979e-02
-9.357345279774e-01,7.656250244996e-01,7.921184077979e-02
-9.357345279774e-01,7.968750254996e-01,7.921184077979e-02
-9.357345279774e-01,9.531250305000e-01,7.921184077979e-02
-9.357345279774e-01,4.687500150008e-02,8.088220451840e-02
-9.357345279774e-01,1.406250045003e-01,8.033800038904e-02
-9.357345279774e-01,2.031250065004e-01,8.001753750029e-02
-9.357345279774e-01,6.718750214997e-01,7.921184077979e-02
-9.357345279774e-01,8.281250264997e-01,7.921184077979e-02
-9.357345279774e-01,9.843750315000e-01,7.921184077979e-02
-9.357345279774e-01,1.562500050003e-02,8.107646991514e-02
-9.357345279774e-01,7.812500250012e-02,8.069371038924e-02
-9.357345279774e-01,1.718750055004e-01,8.017283981210e-02
-9.357345279774e-01,2.656250085005e-01,7.974066369497e-02
-9.357345279774e-01,2.968750095005e-01,7.962110004763e-02
-9.357345279774e-01,3.593750115003e-01,7.942433838603e-02
-9.357345279774e-01,4.531250145001e-01,7.924637719043e-02
-9.357345279774e-01,5.468750174999e-01,7.921184077979e-02
-9.357345279774e-01,7.031250224997e-01,7.921184077979e-02
-9.357345279774e-01,9.218750295000e-01,7.921184077979e-02
-9.357345279774e-01,2.343750075005e-01,7.987313771563e-02
-9.357345279774e-01,3.281250105004e-01,7.951537433170e-02
-9.357345279774e-01,4.843750155000e-01,7.922049445009e-02
-9.357345279774e-01,5.156250165000e-01,7.921184077979e-02
-9.357345279774e-01,8.593750274998e-01,7.921184077979e-02
-9.357345279774e-01,8.906250284999e-01,7.921184077979e-02
-9.355697370400e-01,3.495702797461e+00,7.922281772616e-02
-9.355417977057e-01,9.201787082130e+00,7.909044725052e-02
-9.353835556050e-01,1.016101340164e+00,7.920619205757e-02
-9.353087967092e-01,6.989819627281e+00,7.915295837731e-02
-9.352228662995e-01,2.304205993303e+00,7.921062662939e-02
-9.351777416857e-01,6.644090402746e+00,7.916229105553e-02
-9.350610822747e-01,5.487502495843e+00,7.919416923940e-02
-9.348245956955e-01,3.527905413790e+00,7.921082433152e-02
-9.346816108602e-01,1.048303956493e+00,7.919488424309e-02
-9.344993232548e-01,2.336408609632e+00,7.919897082089e-02
-9.344730058955e-01,5.239167744682e+00,7.919311159675e-02
-9.342030881525e-01,6.017559132161e+00,7.916426540212e-02
-9.341951498894e-01,8.188734268353e+00,7.909776810177e-02
-9.340948288749e-01,8.663367168051e+00,7.908212845974e-02
-9.340794543510e-01,3.560108030119e+00,7.919881534422e-02
-9.339796661154e-01,1.080506572821e+00,7.918356258086e-02
-9.338286202346e-01,5.736640663275e+00,7.916618470637e-02
-9.337757802102e-01,2.368611225961e+00,7.918730029533e-02
-9.336808013743e-01,7.746456987869e+00,7.910250748835e-02
-9.335285833995e-01,1.019768434777e+01,6.480063072398e-02
-9.334298716318e-01,9.718547243086e+00,7.885962752175e-02
-9.333343130065e-01,3.592310646447e+00,7.918679073400e-02
-9.332777213706e-01,1.112709189150e+00,7.917222704561e-02
-9.330522371655e-01,2.400813842289e+00,7.917561502501e-02
-9.330262610254e-01,9.170421252633e+00,7.904954355829e-02
-9.329045361286e-01,7.336461884299e+00,7.910230202189e-02
-9.325891716620e-01,3.624513262776e+00,7.917475047058e-02
-9.325757766258e-01,1.144911805478e+00,7.916087761197e-02
-9.325181184676e-01,6.299317219033e+00,7.912893031216e-02
-9.323286941209e-01,2.433016458617e+00,7.916391498215e-02
-9.322182213832e-01,6.958667646020e+00,7.910305827722e-02
-9.320701895073e-01,4.991667534443e+00,7.916124362611e-02
-9.319727777869e-01,6.612985099816e+00,7.911063609151e-02
-9.318738318810e-01,1.177114421807e+00,7.914951425456e-02
-9.318577945555e-01,4.775775151214e+00,7.916318941403e-02
-9.318440303175e-01,3.656715879105e+00,7.916269452357e-02
-9.316051510762e-01,2.465219074946e+00,7.915220013891e-02
-9.314638919422e-01,8.632041499269e+00,7.903929606270e-02
-9.314490028872e-01,8.157450065667e+00,7.905312787409e-02
-9.314008300725e-01,5.456596901631e+00,7.913509042144e-02
-9.311718871362e-01,1.209317038135e+00,7.913813694789e-02
-9.311379985911e-01,1.017278504667e+01,6.604197459894e-02
-9.310988889731e-01,3.688918495433e+00,7.915062286250e-02
-9.309171153904e-01,9.693660172025e+00,7.899665283947e-02
-9.308816080316e-01,2.497421691274e+00,7.914047046737e-02
-9.308196405663e-01,7.715215555759e+00,7.905602592703e-02
-9.307700147956e-01,5.986551086637e+00,7.910854367659e-02
-9.306995283669e-01,5.208315321078e+00,7.913229876139e-02
-9.305107243450e-01,9.139055423136e+00,7.900846413007e-02
-9.304699423914e-01,1.241519654464e+00,7.912674566643e-02
-9.303537476286e-01,3.721121111762e+00,7.913853545684e-02
-9.302818381039e-01,5.705683194714e+00,7.910869294255e-02
-9.301580649869e-01,2.529624307603e+00,7.912872593954e-02
-9.299285638554e-01,7.305264526316e+00,7.905397112941e-02
-9.297679976466e-01,1.273722270792e+00,7.911534038459e-02
-9.296086062841e-01,3.753323728091e+00,7.912643227597e-02
-9.294345219423e-01,2.561826923931e+00,7.911696652737e-02
-9.291989865392e-01,6.268259895028e+00,7.907481293538e-02
-9.291276460572e-01,6.927515664759e+00,7.905289972652e-02
-9.290660529018e-01,1.305924887121e+00,7.910392107672e-02
-9.288634649396e-01,3.785526344419e+00,7.911431328918e-02
-9.288329550094e-01,8.600715830487e+00,7.899627156042e-02
-9.287678138882e-01,6.581879796885e+00,7.905870513615e-02
-9.287474137828e-01,1.014788574557e+01,6.719348034401e-02
-9.287109788977e-01,2.594029540260e+00,7.910519220273e-02
-9.287028558849e-01,8.126165862981e+00,7.900827938294e-02
-9.284043591489e-01,9.668773100964e+00,7.895571014887e-02
-9.283641081570e-01,1.338127503449e+00,7.909248771709e-02
-9.281837374353e-01,4.960869576552e+00,7.909788267038e-02
-9.281183235951e-01,3.817728960748e+00,7.910217846570e-02
-9.279951876646e-01,9.107689593639e+00,7.896720787711e-02
-9.279874358530e-01,2.626232156588e+00,7.909340293742e-02
-9.279584797584e-01,7.683974123649e+00,7.900931920562e-02
-9.278586247554e-01,4.745032952957e+00,7.909811576211e-02
-9.277405778702e-01,5.425691307419e+00,7.907565164779e-02
-9.276621634122e-01,1.370330119778e+00,7.908104027992e-02
-9.273731822506e-01,3.849931577077e+00,7.909002777467e-02
-9.273369414387e-01,5.955543041112e+00,7.905249938499e-02
-9.272638928084e-01,2.658434772917e+00,7.908159870318e-02
-9.269602186674e-01,1.402532736107e+00,7.906957873937e-02
-9.269525915822e-01,7.274067168333e+00,7.900539763565e-02
-9.269260508383e-01,5.177462897474e+00,7.907110655235e-02
-9.267350559732e-01,5.674725726153e+00,7.905085926115e-02
-9.266280409061e-01,3.882134193405e+00,7.907786118516e-02
-9.265403497637e-01,2.690637389245e+00,7.906977947166e-02
-9.263568289744e-01,1.012298644447e+01,6.826453377993e-02
-9.262582739226e-01,1.434735352435e+00,7.905810306953e-02
-9.262020180766e-01,8.569390161705e+00,7.895305371536e-02
-9.260370707312e-01,6.896363683498e+00,7.900248084035e-02
-9.259567088826e-01,8.094881660295e+00,7.896322123866e-02
-9.258916029075e-01,9.643886029903e+00,7.891554167532e-02
-9.258828995616e-01,3.914336809734e+00,7.906567866613e-02
-9.258798546107e-01,6.237202571024e+00,7.902039073085e-02
-9.258168067191e-01,2.722840005574e+00,7.905794521446e-02
-9.255628499895e-01,6.550774493955e+00,7.900649612659e-02
-9.255563291778e-01,1.466937968764e+00,7.904661324443e-02
-9.254796509843e-01,9.076323764142e+00,7.892577370211e-02
-9.251377582171e-01,3.946539426063e+00,7.905348018650e-02
-9.250973189504e-01,7.652732691538e+00,7.896238577159e-02
-9.250932636744e-01,2.755042621902e+00,7.904609590308e-02
-9.248543844329e-01,1.499140585092e+00,7.903510923802e-02
-9.244181048576e-01,1.062723023081e+01,6.608629159312e-06
-9.243926168726e-01,3.978742042391e+00,7.904126571509e-02
-9.243697206298e-01,2.787245238231e+00,7.903423150898e-02
-9.242972853633e-01,4.930071618660e+00,7.903410709016e-02
-9.241524396881e-01,1.531343201420e+00,7.902359102423e-02
-9.240803256680e-01,5.394785713207e+00,7.901584987553e-02
-9.239766193089e-01,7.242869810350e+00,7.895657981652e-02
-9.239662441660e-01,1.009808714337e+01,6.926325755731e-02
-9.239038680818e-01,5.924534995588e+00,7.899612989745e-02
-9.238594549553e-01,4.714290754700e+00,7.903260703539e-02
-9.236474755281e-01,4.010944658720e+00,7.902903522063e-02
-9.236461775851e-01,2.819447854560e+00,7.902235200352e-02
-9.235710811438e-01,8.538064492923e+00,7.890964127995e-02
-9.234504949433e-01,1.563545817749e+00,7.901205857687e-02
-9.234352486218e-01,9.615740152393e+00,7.887513866965e-02
-9.232105618803e-01,8.063597457609e+00,7.891795203995e-02
-9.231882738424e-01,5.643768257592e+00,7.899268081885e-02
-9.231525733097e-01,5.146610473870e+00,7.900953171587e-02
-9.229641143039e-01,9.044957934645e+00,7.888416049915e-02
-9.229464954053e-01,6.865211702237e+00,7.895179971712e-02
-9.229226345405e-01,2.851650470888e+00,7.901045735801e-02
-9.229023341837e-01,4.043147275049e+00,7.901678867177e-02
-9.227485501985e-01,1.595748434077e+00,7.900051186972e-02
-9.225607226823e-01,6.206145247020e+00,7.896566126553e-02
-9.223578860907e-01,6.519669191024e+00,7.895384788710e-02
-9.222361581425e-01,7.621491259428e+00,7.891522405911e-02
-9.221990914958e-01,2.883853087217e+00,7.899854754367e-02
-9.221571928392e-01,4.075349891377e+00,7.900452603710e-02
-9.221497507839e-01,1.060231929802e+01,1.009280592248e-02
-9.220466054537e-01,1.627951050406e+00,7.898895087649e-02
-9.215756593576e-01,1.007318784226e+01,7.019671674651e-02
-9.214755484512e-01,2.916055703546e+00,7.898662253167e-02
-9.214120514947e-01,4.107552507706e+00,7.899224728511e-02
-9.213446607089e-01,1.660153666734e+00,7.897737557083e-02
-9.210352962917e-01,9.584335468433e+00,7.883522327959e-02
-9.210006470357e-01,7.211672452367e+00,7.890751593288e-02
-9.209401442110e-01,8.506738824141e+00,7.886603299645e-02
-9.207520054066e-01,2.948258319874e+00,7.897468229307e-02
-9.206669101502e-01,4.139755124035e+00,7.897995238420e-02
-9.206427159641e-01,1.692356283063e+00,7.896578592631e-02
-9.204707947250e-01,5.893526950064e+00,7.893943255801e-02
-9.204644148780e-01,8.032313254922e+00,7.887247037380e-02
-9.204485776235e-01,9.013592105147e+00,7.884236715356e-02
-9.204200734657e-01,5.363880118995e+00,7.895568203145e-02
-9.204108332913e-01,4.899273660769e+00,7.896991310109e-02
-9.200284623619e-01,2.980460936203e+00,7.896272679890e-02
-9.199407712193e-01,1.724558899391e+00,7.895418191645e-02
-9.199217688057e-01,4.171957740363e+00,7.896764130271e-02
-9.198813967102e-01,1.057740836524e+01,1.830193824999e-02
-9.198602851553e-01,4.683548556443e+00,7.896665921332e-02
-9.198559200793e-01,6.834059720975e+00,7.890085443841e-02
-9.196414917117e-01,5.612810789031e+00,7.893415474400e-02
-9.193790957811e-01,5.115758050266e+00,7.894743042530e-02
-9.193749973345e-01,7.590249827318e+00,7.886783248899e-02
-9.193049193173e-01,3.012663552532e+00,7.895075602008e-02
-9.192415907539e-01,6.175087923016e+00,7.891062208248e-02
-9.192388264745e-01,1.756761515720e+00,7.894256351470e-02
-9.191850745493e-01,1.004828854116e+01,7.107108553997e-02
-9.191766274612e-01,4.204160356692e+00,7.895531400889e-02
-9.191529221920e-01,6.488563888094e+00,7.890060009996e-02
-9.186353439617e-01,9.552930784473e+00,7.879516861901e-02
-9.185813762726e-01,3.044866168860e+00,7.893876992747e-02
-9.185368817297e-01,1.788964132048e+00,7.893093069443e-02
-9.184314861167e-01,4.236362973020e+00,7.894297047089e-02
-9.183092072782e-01,8.475413155359e+00,7.882222759690e-02
-9.180246747625e-01,7.180475094384e+00,7.885820423038e-02
-9.179330409431e-01,8.982226275650e+00,7.880039254192e-02
-9.178578332280e-01,3.077068785189e+00,7.892676849187e-02
-9.178349369849e-01,1.821166748377e+00,7.891928342898e-02
-9.177182678757e-01,8.001029052236e+00,7.882677481541e-02
-9.176863447722e-01,4.268565589349e+00,7.893061065680e-02
-9.176130426365e-01,1.055249743246e+01,2.510954632551e-02
-9.171342901833e-01,3.109271401518e+00,7.891475168398e-02
-9.171329922401e-01,1.853369364705e+00,7.890762169158e-02
-9.170377213681e-01,5.862518904539e+00,7.888240468442e-02
-9.169412034277e-01,4.300768205678e+00,7.891823453462e-02
-9.167944897409e-01,1.002338924006e+01,7.189178338617e-02
-9.167653447533e-01,6.802907739714e+00,7.884964306875e-02
-9.167598212635e-01,5.332974524783e+00,7.889514501174e-02
-9.165243812193e-01,4.868475702877e+00,7.890529687763e-02
-9.165138365266e-01,7.559008395208e+00,7.882020946847e-02
-9.164310474953e-01,1.885571981034e+00,7.889594545543e-02
-9.164107471387e-01,3.141474017846e+00,7.890271947444e-02
-9.162353916317e-01,9.521526100513e+00,7.875494752354e-02
-9.161960620833e-01,4.332970822006e+00,7.890584207224e-02
-9.160947095810e-01,5.581853320470e+00,7.887527813639e-02
-9.159479582933e-01,6.457458585163e+00,7.884705920369e-02
-9.159224588254e-01,6.144030599011e+00,7.885527070062e-02
-9.158611153552e-01,4.652806358186e+00,7.890026823194e-02
-9.157291027505e-01,1.917774597362e+00,7.888425469365e-02
-9.156872040940e-01,3.173676634175e+00,7.889067183383e-02
-9.156782703454e-01,8.444087486577e+00,7.877822380301e-02
-9.156056182525e-01,5.084905626662e+00,7.888445184087e-02
-9.154509207388e-01,4.365173438335e+00,7.889343323751e-02
-9.154175042627e-01,8.950860446153e+00,7.875823553189e-02
-9.153446885628e-01,1.052758649967e+01,3.084616681818e-02
-9.150487024893e-01,7.149277736401e+00,7.880864293938e-02
-9.150271580057e-01,1.949977213690e+00,7.887254937929e-02
-9.149721208734e-01,7.969744849550e+00,7.878086392801e-02
-9.149636610494e-01,3.205879250504e+00,7.887860873262e-02
-9.147057793943e-01,4.397376054664e+00,7.888100799817e-02
-9.144039049326e-01,9.998489938964e+00,7.266358690091e-02
-9.143252132609e-01,1.982179830019e+00,7.886082948533e-02
-9.142401180047e-01,3.238081866832e+00,7.886653014122e-02
-9.139606380498e-01,4.429578670992e+00,7.886856632187e-02
-9.138354393017e-01,9.490121416554e+00,7.871455899375e-02
-9.136747694274e-01,6.771755758453e+00,7.879816365551e-02
-9.136526757186e-01,7.527766963098e+00,7.877235339114e-02
-9.136232685161e-01,2.014382446347e+00,7.884909498470e-02
-9.136046480112e-01,5.831510859015e+00,7.882504356779e-02
-9.135165749601e-01,3.270284483161e+00,7.885443602999e-02
-9.132154967053e-01,4.461781287321e+00,7.885610817619e-02
-9.130995690613e-01,5.302068930571e+00,7.883423568174e-02
-9.130763344891e-01,1.050267556688e+01,3.574597394873e-02
-9.130473334126e-01,8.412761817795e+00,7.873402032605e-02
-9.129213237713e-01,2.046585062676e+00,7.883734585025e-02
-9.129019675824e-01,8.919494616656e+00,7.871589498222e-02
-9.127930319154e-01,3.302487099489e+00,7.884232636917e-02
-9.127429943945e-01,6.426353282233e+00,7.879322290206e-02
-9.126379291472e-01,4.837677744986e+00,7.884025455271e-02
-9.126033268969e-01,6.112973275007e+00,7.879960461450e-02
-9.125479274502e-01,5.550895851909e+00,7.881604806690e-02
-9.124703553608e-01,4.493983903650e+00,7.884363352862e-02
-9.122259738711e-01,7.938460646864e+00,7.873473626282e-02
-9.122193790265e-01,2.078787679004e+00,7.882558205477e-02
-9.120727302161e-01,7.118080378418e+00,7.875883027473e-02
-9.120694888708e-01,3.334689715818e+00,7.883020112897e-02
-9.120133201243e-01,9.973590637863e+00,7.339072243940e-02
-9.118619455551e-01,4.622064159928e+00,7.883342998349e-02
-9.118321407238e-01,5.054053203058e+00,7.882106700499e-02
-9.117252140163e-01,4.526186519978e+00,7.883114234657e-02
-9.115174342817e-01,2.110990295332e+00,7.881380357097e-02
-9.114354869717e-01,9.458716732594e+00,7.867400202261e-02
-9.113459458261e-01,3.366892332147e+00,7.881806027948e-02
-9.109800726718e-01,4.558389136307e+00,7.881863459734e-02
-9.108154895369e-01,2.143192911661e+00,7.880201037151e-02
-9.108079804154e-01,1.047776463410e+01,3.997951008091e-02
-9.107915149106e-01,7.496525530987e+00,7.872426263683e-02
-9.106224027815e-01,3.399094948475e+00,7.880590379074e-02
-9.105841941014e-01,6.740603777192e+00,7.874641422874e-02
-9.104163964798e-01,8.381436149013e+00,7.868961586680e-02
-9.103864309020e-01,8.888128787158e+00,7.867336974259e-02
-9.102349313273e-01,4.590591752636e+00,7.880611024818e-02
-9.101715746544e-01,5.800502813490e+00,7.876734647238e-02
-9.101135447921e-01,2.175395527990e+00,7.879020242896e-02
-9.098988597368e-01,3.431297564804e+00,7.879373163270e-02
-9.096227353159e-01,9.948691336763e+00,7.407694311905e-02
-9.095380304958e-01,6.395247979302e+00,7.873908887653e-02
-9.094798268688e-01,7.907176444177e+00,7.868839035887e-02
-9.094393168590e-01,5.271163336359e+00,7.877295087559e-02
-9.094116000473e-01,2.207598144318e+00,7.877837971585e-02
-9.092841949685e-01,6.081915951003e+00,7.874362129400e-02
-9.091753166922e-01,3.463500181133e+00,7.878154377526e-02
-9.090967579429e-01,7.086883020435e+00,7.870876443568e-02
-9.090355346416e-01,9.427312048634e+00,7.863327559534e-02
-9.090011453195e-01,5.519938383348e+00,7.875646157722e-02
-9.087514770752e-01,4.806879787094e+00,7.877478221720e-02
-9.087096553024e-01,2.239800760646e+00,7.876654220462e-02
-9.085396263417e-01,1.045285370132e+01,4.367392415628e-02
-9.084517736475e-01,3.495702797461e+00,7.876934018821e-02
-9.080586631952e-01,5.023200779454e+00,7.875727224205e-02
-9.080077105576e-01,2.272003376975e+00,7.875468986765e-02
-9.079303541027e-01,7.465284098877e+00,7.867593557142e-02
-9.078708942216e-01,8.856762957661e+00,7.863065865359e-02
-9.077854595470e-01,8.350110480231e+00,7.864500911538e-02
-9.077282306029e-01,3.527905413790e+00,7.875712084127e-02
-9.074936187754e-01,6.709451795931e+00,7.869439280098e-02
-9.073057658129e-01,2.304205993303e+00,7.874282267724e-02
-9.072321505076e-01,9.923792035662e+00,7.472559325696e-02
-9.070046875582e-01,3.560108030119e+00,7.874488570411e-02
-9.069426963473e-01,9.531250305000e-01,7.872906035347e-02
-9.069426963473e-01,9.843750315000e-01,7.872906035347e-02
-9.069426963473e-01,1.562500050003e-02,8.073669010771e-02
-9.069426963473e-01,4.687500150008e-02,8.052920772867e-02
-9.069426963473e-01,7.812500250012e-02,8.032753371192e-02
-9.069426963473e-01,1.093750035002e-01,8.013274802937e-02
-9.069426963473e-01,1.406250045003e-01,7.994597390850e-02
-9.069426963473e-01,1.718750055004e-01,7.976836599946e-02
-9.069426963473e-01,2.031250065004e-01,7.960109607379e-02
-9.069426963473e-01,2.343750075005e-01,7.944533635796e-02
-9.069426963473e-01,2.656250085005e-01,7.930224074359e-02
-9.069426963473e-01,3.906250125002e-01,7.887775907528e-02
-9.069426963473e-01,4.218750135001e-01,7.881316872352e-02
-9.069426963473e-01,5.781250184999e-01,7.872906035347e-02
-9.069426963473e-01,6.093750194998e-01,7.872906035347e-02
-9.069426963473e-01,6.406250204997e-01,7.872906035347e-02
-9.069426963473e-01,6.718750214997e-01,7.872906035347e-02
-9.069426963473e-01,7.031250224997e-01,7.872906035347e-02
-9.069426963473e-01,7.343750234996e-01,7.872906035347e-02
-9.069426963473e-01,7.656250244996e-01,7.872906035347e-02
-9.069426963473e-01,7.968750254996e-01,7.872906035347e-02
-9.069426963473e-01,8.281250264997e-01,7.872906035347e-02
-9.069426963473e-01,9.218750295000e-01,7.872906035347e-02
-9.069426963473e-01,2.968750095005e-01,7.917292426934e-02
-9.069426963473e-01,4.531250145001e-01,7.876659119610e-02
-9.069426963473e-01,5.156250165000e-01,7.872906035347e-02
-9.069426963473e-01,8.593750274998e-01,7.872906035347e-02
-9.069426963473e-01,3.593750115003e-01,7.895976396652e-02
-9.069426963473e-01,4.843750155000e-01,7.873846563004e-02
-9.069426963473e-01,5.468750174999e-01,7.872906035347e-02
-9.069426963473e-01,8.906250284999e-01,7.872906035347e-02
-9.069426963473e-01,3.281250105004e-01,7.905844142409e-02
-9.067385012975e-01,5.769494767966e+00,7.870931063528e-02
-9.067336798664e-01,7.875892241491e+00,7.864182474295e-02
-9.066355823116e-01,9.395907364674e+00,7.859237868941e-02
-9.066038210680e-01,2.336408609632e+00,7.873094060565e-02
-9.066025231248e-01,1.016101340164e+00,7.872329847440e-02
-9.063330665971e-01,6.364142676372e+00,7.868465478602e-02
-9.062811445136e-01,3.592310646447e+00,7.873263474627e-02
-9.062712722680e-01,1.042794276853e+01,4.692594777103e-02
-9.061207856697e-01,7.055685662452e+00,7.865844360570e-02
-9.059650630400e-01,6.050858626999e+00,7.868731818411e-02
-9.059221766798e-01,1.048303956493e+00,7.871176420665e-02
-9.059018763232e-01,2.368611225961e+00,7.871904362504e-02
-9.057790646568e-01,5.240257742147e+00,7.871128739599e-02
-9.055576014689e-01,3.624513262776e+00,7.872036793727e-02
-9.054543631888e-01,5.488980914787e+00,7.869651567960e-02
-9.053553575412e-01,8.825397128164e+00,7.858776054658e-02
-9.052418302349e-01,1.080506572821e+00,7.870021590492e-02
-9.051999315784e-01,2.400813842289e+00,7.870713170750e-02
-9.051545226142e-01,8.318784811449e+00,7.860019875122e-02
-9.050691932947e-01,7.434042666766e+00,7.862737054675e-02
-9.048650250032e-01,4.776081829203e+00,7.870887591953e-02
-9.048415656993e-01,9.898892734562e+00,7.533966255776e-02
-9.048340584243e-01,3.656715879105e+00,7.870808524651e-02
-9.045614837899e-01,1.112709189150e+00,7.868865354375e-02
-9.044979868336e-01,2.433016458617e+00,7.869520482509e-02
-9.044030434494e-01,6.678299814669e+00,7.864209736714e-02
-9.042851856666e-01,4.992348355850e+00,7.869306383640e-02
-9.042356299816e-01,9.364502680714e+00,7.855131027443e-02
-9.041105153796e-01,3.688918495433e+00,7.869578664333e-02
-9.040029181943e-01,1.040303183575e+01,4.981047768282e-02
-9.039875328641e-01,7.844608038805e+00,7.859503792944e-02
-9.038811373450e-01,1.144911805478e+00,7.867707709760e-02
-9.037960420888e-01,2.465219074946e+00,7.868326294975e-02
-9.033869723350e-01,3.721121111762e+00,7.868347209698e-02
-9.033054279407e-01,5.738486722442e+00,7.865093326616e-02
-9.032007909000e-01,1.177114421807e+00,7.866548654089e-02
-9.031448133965e-01,7.024488304469e+00,7.860786595236e-02
-9.031281026984e-01,6.333037373441e+00,7.862991826670e-02
-9.030940973440e-01,2.497421691274e+00,7.867130605338e-02
-9.028398208608e-01,8.794031298666e+00,7.854467424364e-02
-9.026634292903e-01,3.753323728091e+00,7.867114157664e-02
-9.026459311116e-01,6.019801302994e+00,7.863069270463e-02
-9.025235856814e-01,8.287459142667e+00,7.855518344293e-02
-9.025204444550e-01,1.209317038135e+00,7.865388184798e-02
-9.024509808909e-01,9.873993433461e+00,7.592106390020e-02
-9.023921525992e-01,2.529624307603e+00,7.865933410781e-02
-9.022080324867e-01,7.402801234656e+00,7.857856590050e-02
-9.021188124546e-01,5.209352147935e+00,7.864924201391e-02
-9.019398862457e-01,3.785526344419e+00,7.865879505141e-02
-9.019075810580e-01,5.458023446226e+00,7.863620735656e-02
-9.018400980101e-01,1.241519654464e+00,7.864226299314e-02
-9.018356776515e-01,9.333097996754e+00,7.851006931211e-02
-9.017345641206e-01,1.037812090296e+01,5.238640759504e-02
-9.016902078544e-01,2.561826923931e+00,7.864734708478e-02
-9.013124681234e-01,6.647147833408e+00,7.858947385472e-02
-9.012413858618e-01,7.813323836119e+00,7.854802842025e-02
-9.012163432010e-01,3.817728960748e+00,7.864643249031e-02
-9.011597515651e-01,1.273722270792e+00,7.863062995061e-02
-9.009882631096e-01,2.594029540260e+00,7.863534495598e-02
-9.009785729312e-01,4.745283871311e+00,7.864253166521e-02
-9.005117081380e-01,4.961495932246e+00,7.862843803187e-02
-9.004928001564e-01,3.849931577077e+00,7.863405386227e-02
-9.004794051201e-01,1.305924887121e+00,7.861898269455e-02
-9.003242841804e-01,8.762665469169e+00,7.850139855751e-02
-9.002863183648e-01,2.626232156588e+00,7.862332769302e-02
-9.001688411233e-01,6.993290946487e+00,7.855702962716e-02
-9.000603960826e-01,9.849094132361e+00,7.647261863922e-02
-8.999231387997e-01,6.301932070511e+00,7.857487693169e-02
-8.998926487486e-01,8.256133473885e+00,7.850996184818e-02
-8.998723545838e-01,5.707478676917e+00,7.859221154698e-02
-8.997990586752e-01,1.338127503449e+00,7.860732119905e-02
-8.997692571117e-01,3.882134193405e+00,7.862165913616e-02
-8.995843736200e-01,2.658434772917e+00,7.861129526744e-02
-8.994662100469e-01,1.035320997017e+01,5.470068561361e-02
-8.994357253215e-01,9.301693312794e+00,7.846865475616e-02
-8.993468716788e-01,7.371559802546e+00,7.852951995602e-02
-8.993267991831e-01,5.988743978990e+00,7.857374224996e-02
-8.991187122302e-01,1.370330119778e+00,7.859564543817e-02
-8.990457140671e-01,3.914336809734e+00,7.860924828075e-02
-8.988824288752e-01,2.690637389245e+00,7.859924765070e-02
-8.984952388595e-01,7.782039633433e+00,7.850079470463e-02
-8.984585602524e-01,5.178446553723e+00,7.858681146829e-02
-8.984383657852e-01,1.402532736107e+00,7.858395538587e-02
-8.983607989273e-01,5.427065977665e+00,7.857553356056e-02
-8.983221710224e-01,3.946539426063e+00,7.859682126473e-02
-8.982218927974e-01,6.615995852147e+00,7.853614798367e-02
-8.981804841304e-01,2.722840005574e+00,7.858718481421e-02
-8.978087475001e-01,8.731299639672e+00,7.845793229144e-02
-8.977580193403e-01,1.434735352435e+00,7.857225101606e-02
-8.976698112742e-01,9.824194831260e+00,7.699703839104e-02
-8.975986279778e-01,3.978742042391e+00,7.858437805673e-02
-8.974785393856e-01,2.755042621902e+00,7.857510672928e-02
-8.972617118158e-01,8.224807805103e+00,7.846453261365e-02
-8.971978559732e-01,1.032829903739e+01,5.679119679571e-02
-8.971928688501e-01,6.962093588504e+00,7.850593276541e-02
-8.970921208592e-01,4.714485913420e+00,7.857574541640e-02
-8.970776728953e-01,1.466937968764e+00,7.856053230259e-02
-8.970357729915e-01,9.270288628834e+00,7.842706555225e-02
-8.968750849331e-01,4.010944658720e+00,7.857191862529e-02
-8.967765946408e-01,2.787245238231e+00,7.856301336718e-02
-8.967382306094e-01,4.930643508642e+00,7.856339103134e-02
-8.967181749009e-01,6.270826767580e+00,7.851952837087e-02
-8.964857108708e-01,7.340318370435e+00,7.848023102223e-02
-8.964392812269e-01,5.676470631393e+00,7.853314263173e-02
-8.963973264503e-01,1.499140585092e+00,7.854879921926e-02
-8.961515418885e-01,4.043147275049e+00,7.855944293884e-02
-8.960746498960e-01,2.819447854560e+00,7.855090469908e-02
-8.960076672547e-01,5.957686654986e+00,7.851646418878e-02
-8.957490918572e-01,7.750755430746e+00,7.845333525913e-02
-8.957169800054e-01,1.531343201420e+00,7.853705173977e-02
-8.954279988438e-01,4.075349891377e+00,7.854695096576e-02
-8.953727051512e-01,2.851650470888e+00,7.853878069609e-02
-8.952932108197e-01,8.699933810175e+00,7.841427423915e-02
-8.952792264659e-01,9.799295530160e+00,7.749626118658e-02
-8.951313174714e-01,6.584843870885e+00,7.848253336625e-02
-8.950366335604e-01,1.563545817749e+00,7.852528983778e-02
-8.949295018995e-01,1.030338810460e+01,5.868884943432e-02
-8.948140167966e-01,5.396108509104e+00,7.851449121375e-02
-8.947983080501e-01,5.147540959511e+00,7.852394903944e-02
-8.947044557992e-01,4.107552507706e+00,7.853444267436e-02
-8.946707604064e-01,2.883853087217e+00,7.852664132925e-02
-8.946358206614e-01,9.238883944874e+00,7.838530063788e-02
-8.946307748830e-01,8.193482136321e+00,7.841889437489e-02
-8.943562871154e-01,1.595748434077e+00,7.851351348690e-02
-8.942168965769e-01,6.930896230522e+00,7.845457348604e-02
-8.939809127545e-01,4.139755124035e+00,7.852191803282e-02
-8.939688156615e-01,2.916055703546e+00,7.851448656952e-02
-8.936759406705e-01,1.627951050406e+00,7.850172266064e-02
-8.936245500629e-01,7.309076938325e+00,7.843069739344e-02
-8.935132110022e-01,6.239721464650e+00,7.846387015062e-02
-8.932668709167e-01,2.948258319874e+00,7.850231638778e-02
-8.932573697099e-01,4.171957740363e+00,7.850937700928e-02
-8.932056687872e-01,4.683687955529e+00,7.850851309147e-02
-8.930062078701e-01,5.645462585868e+00,7.847372364609e-02
-8.930029448549e-01,7.719471228060e+00,7.840564854744e-02
-8.929955942255e-01,1.660153666734e+00,7.848991733247e-02
-8.929647530808e-01,4.899791085038e+00,7.849791899630e-02
-8.928886416576e-01,9.774396229059e+00,7.797204563706e-02
-8.927776741393e-01,8.668567980677e+00,7.837042318473e-02
-8.926885353262e-01,5.926629330982e+00,7.845885586381e-02
-8.926611478258e-01,1.027847717182e+01,6.041911040077e-02
-8.925649261719e-01,2.980460936203e+00,7.849013075487e-02
-8.925338266652e-01,4.204160356692e+00,7.849681957177e-02
-8.923152477805e-01,1.692356283063e+00,7.847809747578e-02
-8.922358683314e-01,9.207479260914e+00,7.834335894240e-02
-8.920407421454e-01,6.553691889624e+00,7.842862777154e-02
-8.919998379502e-01,8.162156467539e+00,7.837304575621e-02
-8.918629814271e-01,3.012663552532e+00,7.847792964151e-02
-8.918102836206e-01,4.236362973020e+00,7.848424568827e-02
-8.916349013356e-01,1.724558899391e+00,7.846626306392e-02
-8.912672346658e-01,5.365151040543e+00,7.845307720765e-02
-8.912409243037e-01,6.899698872539e+00,7.840294989150e-02
-8.911610366823e-01,3.044866168860e+00,7.846571301838e-02
-8.911380558479e-01,5.116635365299e+00,7.846009785353e-02
-8.910867405759e-01,4.268565589349e+00,7.847165532663e-02
-8.909545548906e-01,1.756761515720e+00,7.845441407016e-02
-8.907633892549e-01,7.277835506215e+00,7.838091734930e-02
-8.904980568492e-01,9.749496927959e+00,7.832516556931e-02
-8.904590919375e-01,3.077068785189e+00,7.845348085607e-02
-8.903927937521e-01,1.025356623903e+01,6.200315212944e-02
-8.903631975313e-01,4.300768205678e+00,7.845904845466e-02
-8.903082471035e-01,6.208616161720e+00,7.840789981353e-02
-8.902742084456e-01,1.788964132048e+00,7.844255046768e-02
-8.902621374589e-01,8.637202151180e+00,7.832637790256e-02
-8.902567978526e-01,7.688187025374e+00,7.835773302026e-02
-8.898359160014e-01,9.176074576955e+00,7.830123938685e-02
-8.897571471927e-01,3.109271401518e+00,7.844123312511e-02
-8.896396544866e-01,4.332970822006e+00,7.844642504007e-02
-8.895938620007e-01,1.821166748377e+00,7.843067222963e-02
-8.895731345132e-01,5.614454540344e+00,7.841395168721e-02
-8.893694033978e-01,5.895572006977e+00,7.840091459154e-02
-8.893689010174e-01,8.130830798757e+00,7.832698537060e-02
-8.893192167152e-01,4.652889997637e+00,7.844083056452e-02
-8.891912755522e-01,4.868938661434e+00,7.843201804640e-02
-8.890552024479e-01,3.141474017846e+00,7.842896979594e-02
-8.889501668194e-01,6.522539908363e+00,7.837442894720e-02
-8.889161114420e-01,4.365173438335e+00,7.843378505047e-02
-8.889135155557e-01,1.853369364705e+00,7.841877932909e-02
-8.883532577031e-01,3.173676634175e+00,7.841669083892e-02
-8.882649520305e-01,6.868501514556e+00,7.835106006755e-02
-8.882331691108e-01,1.885571981034e+00,7.840687173905e-02
-8.881925683973e-01,4.397376054664e+00,7.842112845340e-02
-8.881244396783e-01,1.022865530625e+01,6.345872121453e-02
-8.881074720409e-01,9.724597626859e+00,7.826084169560e-02
-8.879022284469e-01,7.246594074104e+00,7.833088915455e-02
-8.877466007785e-01,8.605836321683e+00,7.828213715720e-02
-8.877204525351e-01,5.334193571983e+00,7.839128840290e-02
-8.876513129583e-01,3.205879250504e+00,7.840439622437e-02
-8.875528226658e-01,1.917774597362e+00,7.839494943246e-02
-8.875106508503e-01,7.656902822688e+00,7.830958711520e-02
-8.874778036457e-01,5.085729771087e+00,7.839583768845e-02
-8.874690253527e-01,4.429578670992e+00,7.840845521633e-02
-8.874359636714e-01,9.144669892995e+00,7.825894088394e-02
-8.871032832048e-01,6.177510858789e+00,7.835161487822e-02
-8.869493682135e-01,3.238081866832e+00,7.839208592250e-02
-8.868724762208e-01,1.949977213690e+00,7.838301238220e-02
-8.867454823080e-01,4.461781287321e+00,7.839576530662e-02
-8.867379640846e-01,8.099505129975e+00,7.828071181964e-02
-8.862474234687e-01,3.270284483161e+00,7.837975990345e-02
-8.861921297759e-01,1.982179830019e+00,7.837106056105e-02
-8.861400611563e-01,5.583446494819e+00,7.835382382339e-02
-8.860502714693e-01,5.864514682973e+00,7.834263766193e-02
-8.860219392634e-01,4.493983903650e+00,7.838305869156e-02
-8.858595914934e-01,6.491387927102e+00,7.831993461919e-02
-8.858560856046e-01,1.020374437346e+01,6.480080438336e-02
-8.857168872325e-01,9.699698325758e+00,7.820900076804e-02
-8.855454787238e-01,3.302487099489e+00,7.836741813729e-02
-8.855117833309e-01,2.014382446347e+00,7.835909394178e-02
-8.854327646431e-01,4.622092039746e+00,7.837269366497e-02
-8.854177980236e-01,4.838086237830e+00,7.836568425898e-02
-8.852983962187e-01,4.526186519978e+00,7.837033533834e-02
-8.852889797573e-01,6.837304156573e+00,7.829890208316e-02
-8.852310640981e-01,8.574470492186e+00,7.823769970334e-02
-8.850410676389e-01,7.215352641994e+00,7.828061105899e-02
-8.850360113414e-01,9.113265209035e+00,7.821646233793e-02
-8.848435339790e-01,3.334689715818e+00,7.835506059403e-02
-8.848314368859e-01,2.046585062676e+00,7.834711249704e-02
-8.847645038480e-01,7.625618620002e+00,7.826120925667e-02
-8.845748531741e-01,4.558389136307e+00,7.835759521408e-02
-8.841736704044e-01,5.303236103422e+00,7.832912162892e-02
-8.841510904410e-01,2.078787679004e+00,7.833511619945e-02
-8.841415892342e-01,3.366892332147e+00,7.834268724357e-02
-8.841070271518e-01,8.068179461193e+00,7.823422369335e-02
-8.838983193060e-01,6.146405555859e+00,7.829501283901e-02
-8.838513101294e-01,4.590591752636e+00,7.834483828581e-02
-8.838175514434e-01,5.054824176875e+00,7.833116485884e-02
-8.835877315310e-01,1.017883344068e+01,6.604214492799e-02
-8.834707439960e-01,2.110990295332e+00,7.832310502154e-02
-8.834396444894e-01,3.399094948475e+00,7.833029805577e-02
-8.833263024241e-01,9.674799024657e+00,7.816766712196e-02
-8.827903975510e-01,2.143192911661e+00,7.831107893578e-02
-8.827690161674e-01,6.460235945841e+00,7.826514249156e-02
-8.827376997446e-01,3.431297564804e+00,7.831789300037e-02
-8.827311395409e-01,5.833457358969e+00,7.828402233820e-02
-8.827155274177e-01,8.543104662688e+00,7.819306428566e-02
-8.827069877994e-01,5.552438449295e+00,7.829333709381e-02
-8.826360590113e-01,9.081860525075e+00,7.817380264462e-02
-8.823130074841e-01,6.806106798590e+00,7.824647399034e-02
-8.821799068310e-01,7.184111209884e+00,7.823008129725e-02
-8.821100511061e-01,2.175395527990e+00,7.829903791458e-02
-8.820357549998e-01,3.463500181133e+00,7.830547204708e-02
-8.820183568457e-01,7.594334417316e+00,7.821259785573e-02
-8.816443204950e-01,4.807233814226e+00,7.829891366860e-02
-8.814760902190e-01,8.036853792411e+00,7.818751957010e-02
-8.814297046611e-01,2.207598144318e+00,7.828698193026e-02
-8.813338102550e-01,3.495702797461e+00,7.829303516550e-02
-8.813193774572e-01,1.015392250789e+01,6.719364735724e-02
-8.809357176158e-01,9.649899723557e+00,7.812479645258e-02
-8.807493582161e-01,2.239800760646e+00,7.827491095510e-02
-8.806933554073e-01,6.115300252928e+00,7.823809116573e-02
-8.806318655102e-01,3.527905413790e+00,7.828058232516e-02
-8.806268882737e-01,5.272278634861e+00,7.826657368367e-02
-8.802361066813e-01,9.050455841115e+00,7.813096069120e-02
-8.801999907374e-01,8.511738833191e+00,7.814822963878e-02
-8.801572992412e-01,5.023918582662e+00,7.826607563912e-02
-8.800690117712e-01,2.272003376975e+00,7.826282496129e-02
-8.799299207654e-01,3.560108030119e+00,7.826811349553e-02
-8.796784408414e-01,6.429083964580e+00,7.821005024621e-02
-8.794120076124e-01,5.802400034965e+00,7.822506585648e-02
-8.793886653262e-01,2.304205993303e+00,7.825072392096e-02
-8.793370352109e-01,6.774909440607e+00,7.819365421848e-02
-8.793187460230e-01,7.152869777774e+00,7.817929808873e-02
-8.792739144426e-01,5.521430403771e+00,7.823248850823e-02
-8.792722098434e-01,7.563050214630e+00,7.816375130997e-02
-8.792279760206e-01,3.592310646447e+00,7.825562864598e-02
-8.790510233835e-01,1.012901157511e+01,6.826469751293e-02
-8.788451532863e-01,8.005528123629e+00,7.814059801652e-02
-8.787083188813e-01,2.336408609632e+00,7.823860780617e-02
-8.785983302264e-01,9.621728957343e+00,7.808200472955e-02
-8.785260312758e-01,3.624513262776e+00,7.824312774580e-02
-8.781508647172e-01,9.531250305000e-01,7.822038176190e-02
-8.781508647172e-01,4.531250145001e-01,7.826126312713e-02
-8.781508647172e-01,8.906250284999e-01,7.822038176190e-02
-8.781508647172e-01,1.562500050003e-02,8.038546493829e-02
-8.781508647172e-01,4.687500150008e-02,8.016365074561e-02
-8.781508647172e-01,7.812500250012e-02,7.994763980956e-02
-8.781508647172e-01,1.093750035002e-01,7.973861896136e-02
-8.781508647172e-01,1.406250045003e-01,7.953783021167e-02
-8.781508647172e-01,1.718750055004e-01,7.934655787898e-02
-8.781508647172e-01,2.031250065004e-01,7.916611267015e-02
-8.781508647172e-01,2.343750075005e-01,7.899781278042e-02
-8.781508647172e-01,2.656250085005e-01,7.884296225378e-02
-8.781508647172e-01,2.968750095005e-01,7.870282703920e-02
-8.781508647172e-01,3.281250105004e-01,7.857860938293e-02
-8.781508647172e-01,3.593750115003e-01,7.847142139221e-02
-8.781508647172e-01,3.906250125002e-01,7.838225877336e-02
-8.781508647172e-01,4.218750135001e-01,7.831197586406e-02
-8.781508647172e-01,4.843750155000e-01,7.823062823681e-02
-8.781508647172e-01,5.156250165000e-01,7.822038176190e-02
-8.781508647172e-01,5.468750174999e-01,7.822038176190e-02
-8.781508647172e-01,5.781250184999e-01,7.822038176190e-02
-8.781508647172e-01,6.093750194998e-01,7.822038176190e-02
-8.781508647172e-01,6.406250204997e-01,7.822038176190e-02
-8.781508647172e-01,6.718750214997e-01,7.822038176190e-02
-8.781508647172e-01,7.031250224996e-01,7.822038176190e-02
-8.781508647172e-01,7.343750234996e-01,7.822038176190e-02
-8.781508647172e-01,7.656250244996e-01,7.822038176190e-02
-8.781508647172e-01,7.968750254996e-01,7.822038176190e-02
-8.781508647172e-01,8.281250264997e-01,7.822038176190e-02
-8.781508647172e-01,8.593750274998e-01,7.822038176190e-02
-8.781508647172e-01,9.218750295000e-01,7.822038176190e-02
-8.781508647172e-01,9.843750315000e-01,7.822038176190e-02
-8.780279724363e-01,2.368611225961e+00,7.822647658891e-02
-8.778708429664e-01,4.776381390622e+00,7.823170226663e-02
-8.778361543513e-01,9.019051157155e+00,7.808793535622e-02
-8.778240865309e-01,3.656715879105e+00,7.823061076423e-02
-8.778214906446e-01,1.016101340164e+00,7.821450270974e-02
-8.776844540570e-01,8.480373003694e+00,7.810319448715e-02
-8.774883915086e-01,6.084194949997e+00,7.818084730342e-02
-8.773476259913e-01,2.400813842289e+00,7.821433024111e-02
-8.771627424995e-01,1.048303956493e+00,7.820273395515e-02
-8.771221417861e-01,3.688918495433e+00,7.821807767040e-02
-8.770801061429e-01,5.241321166300e+00,7.820364133330e-02
-8.767826693098e-01,1.010410064232e+01,6.926341806099e-02
-8.766672795464e-01,2.433016458617e+00,7.820216873460e-02
-8.765878655155e-01,6.397931983318e+00,7.815465554266e-02
-8.765260628411e-01,7.531766011943e+00,7.811466800341e-02
-8.765039943544e-01,1.080506572821e+00,7.819095097888e-02
-8.764970470389e-01,4.993012988450e+00,7.820056626303e-02
-8.764575852151e-01,7.121628345664e+00,7.812825963739e-02
-8.764201970413e-01,3.721121111762e+00,7.820552843338e-02
-8.763610629377e-01,6.743712082624e+00,7.814020112747e-02
-8.763141402559e-01,9.590286726017e+00,7.804085005657e-02
-8.762142163535e-01,7.974202454847e+00,7.809345758739e-02
-8.760928756840e-01,5.771342710960e+00,7.816576542558e-02
-8.759869331014e-01,2.465219074946e+00,7.818999204119e-02
-8.758452462093e-01,1.112709189150e+00,7.817915375528e-02
-8.758408410857e-01,5.490422358246e+00,7.817127504670e-02
-8.757182522965e-01,3.753323728091e+00,7.819296302215e-02
-8.754362020213e-01,8.987646473195e+00,7.804472550951e-02
-8.753065866564e-01,2.497421691274e+00,7.817780013257e-02
-8.751864980641e-01,1.144911805478e+00,7.816734225867e-02
-8.751689173766e-01,8.449007174197e+00,7.805795754495e-02
-8.750163075517e-01,3.785526344419e+00,7.818038140561e-02
-8.746389264174e-01,1.063325495705e+01,6.608629166220e-06
-8.746262402115e-01,2.529624307603e+00,7.816559298039e-02
-8.745277499190e-01,1.177114421807e+00,7.815551646328e-02
-8.745143152361e-01,1.007918970954e+01,7.019687408274e-02
-8.743143628069e-01,3.817728960748e+00,7.816778355260e-02
-8.742834276099e-01,6.053089647067e+00,7.812327867209e-02
-8.740973654378e-01,4.745528967018e+00,7.816404600075e-02
-8.740299502854e-01,9.558844494691e+00,7.799955559838e-02
-8.739458937665e-01,2.561826923931e+00,7.815337055623e-02
-8.738690017739e-01,1.209317038135e+00,7.814367634331e-02
-8.737799158388e-01,7.500481809257e+00,7.806534630633e-02
-8.736124180621e-01,3.849931577077e+00,7.815516943185e-02
-8.735964244071e-01,7.090386913554e+00,7.807696413167e-02
-8.735832794207e-01,7.942876786065e+00,7.804609682550e-02
-8.735333240122e-01,5.210363697739e+00,7.814032131191e-02
-8.734972901895e-01,6.366780002057e+00,7.809895601781e-02
-8.733850906645e-01,6.712514724642e+00,7.808646346331e-02
-8.732655473216e-01,2.594029540260e+00,7.814113283157e-02
-8.732102536288e-01,1.241519654464e+00,7.813182187285e-02
-8.730362496912e-01,8.956241789235e+00,7.800133001209e-02
-8.729104733173e-01,3.882134193405e+00,7.814253901204e-02
-8.728367948367e-01,4.962107394238e+00,7.813463292320e-02
-8.727737437555e-01,5.740285386956e+00,7.810611822671e-02
-8.726533806962e-01,8.417641344699e+00,7.801251751602e-02
-8.725852008766e-01,2.626232156588e+00,7.812887977786e-02
-8.725515054836e-01,1.273722270792e+00,7.811995302599e-02
-8.724928594551e-01,1.060833299122e+01,1.009287814124e-02
-8.724077677288e-01,5.459414312722e+00,7.810969365927e-02
-8.722459611624e-01,1.005427877675e+01,7.107123977824e-02
-8.722085285725e-01,3.914336809734e+00,7.812989226175e-02
-8.719048544316e-01,2.658434772917e+00,7.811661136645e-02
-8.718927573385e-01,1.305924887121e+00,7.810806977669e-02
-8.717457603149e-01,9.527402263364e+00,7.795809159700e-02
-8.715065838277e-01,3.946539426063e+00,7.811722914949e-02
-8.712340091934e-01,1.338127503449e+00,7.809617209891e-02
-8.712245079867e-01,2.690637389245e+00,7.810432756863e-02
-8.710784637111e-01,6.021984344137e+00,7.806538266646e-02
-8.710337688365e-01,7.469197606571e+00,7.801578457520e-02
-8.709523424879e-01,7.911551117283e+00,7.799851426157e-02
-8.708046390829e-01,3.978742042391e+00,7.810454964367e-02
-8.707352635992e-01,7.059145481443e+00,7.802540974429e-02
-8.706362973612e-01,8.924837105275e+00,7.795774771608e-02
-8.705752610483e-01,1.370330119778e+00,7.808425996650e-02
-8.705441615417e-01,2.722840005574e+00,7.809202835561e-02
-8.704091183914e-01,6.681317366659e+00,7.803243905918e-02
-8.704067148635e-01,6.335628020796e+00,7.804294928570e-02
-8.703467924929e-01,1.058341102539e+01,1.830205698637e-02
-8.703238879092e-01,4.714676543414e+00,7.809594077449e-02
-8.701378440159e-01,8.386275515202e+00,7.796687309373e-02
-8.701026943380e-01,4.010944658720e+00,7.809185371263e-02
-8.699865418815e-01,5.179406229178e+00,7.807661032122e-02
-8.699776070887e-01,1.002936784397e+01,7.189193460106e-02
-8.699165129031e-01,1.402532736107e+00,7.807233335328e-02
-8.698638150967e-01,2.755042621902e+00,7.807971369854e-02
-8.694615703445e-01,9.495960032038e+00,7.791645704716e-02
-8.694546118271e-01,5.709228062952e+00,7.804612141316e-02
-8.694007495932e-01,4.043147275049e+00,7.807914132465e-02
-8.692577647580e-01,1.434735352435e+00,7.806039223298e-02
-8.691834686518e-01,2.787245238231e+00,7.806738356848e-02
-8.691765426345e-01,4.931201800026e+00,7.806827177065e-02
-8.689746943719e-01,5.428406267197e+00,7.804774126572e-02
-8.686988048484e-01,4.075349891377e+00,7.806641244790e-02
-8.685990166129e-01,1.466937968764e+00,7.804843657928e-02
-8.685031222068e-01,2.819447854560e+00,7.805503793645e-02
-8.683214055550e-01,7.880225448501e+00,7.795070841412e-02
-8.682876218342e-01,7.437913403885e+00,7.796598115250e-02
-8.682363450312e-01,8.893432421316e+00,7.791397746464e-02
-8.682007255307e-01,1.055848905956e+01,2.510969531834e-02
-8.679968601036e-01,4.107552507706e+00,7.805366705047e-02
-8.679402684678e-01,1.499140585092e+00,7.803646636580e-02
-8.678741027912e-01,7.027904049333e+00,7.797359463215e-02
-8.678734998124e-01,5.990879041206e+00,7.800715665566e-02
-8.678227757618e-01,2.851650470888e+00,7.804267677337e-02
-8.677092530150e-01,1.000445691118e+01,7.266373517019e-02
-8.676223073355e-01,8.354909685705e+00,7.792102296094e-02
-8.674331461181e-01,6.650120008676e+00,7.797812572762e-02
-8.673161395375e-01,6.304476039535e+00,7.798663293724e-02
-8.672949153588e-01,4.139755124035e+00,7.804090510038e-02
-8.672815203226e-01,1.531343201420e+00,7.802448156609e-02
-8.671773803740e-01,9.464517800712e+00,7.787465093595e-02
-8.671424293169e-01,2.883853087217e+00,7.803030005009e-02
-8.666227721775e-01,1.563545817749e+00,7.801248215363e-02
-8.665929706140e-01,4.171957740363e+00,7.802812656556e-02
-8.665504103806e-01,4.683824119810e+00,7.802738244680e-02
-8.664620828719e-01,2.916055703546e+00,7.801790773739e-02
-8.664397597508e-01,5.148448760617e+00,7.801186442787e-02
-8.661354798987e-01,5.678170738948e+00,7.798577211006e-02
-8.660546585684e-01,1.053356709374e+01,3.084633544883e-02
-8.659640240324e-01,1.595748434077e+00,7.800046810186e-02
-8.658910258692e-01,4.204160356692e+00,7.801533141387e-02
-8.658363927011e-01,8.862027737356e+00,7.787001809191e-02
-8.657817364269e-01,2.948258319874e+00,7.800549980599e-02
-8.656904686222e-01,7.848899779719e+00,7.790267778939e-02
-8.655416210151e-01,5.397398221673e+00,7.798541475523e-02
-8.655414748319e-01,7.406629201198e+00,7.791593436663e-02
-8.655162904322e-01,4.900296205814e+00,7.800147891438e-02
-8.654408989414e-01,9.979545978399e+00,7.339086784257e-02
-8.653052758873e-01,1.627951050406e+00,7.798843938412e-02
-8.651890811244e-01,4.236362973020e+00,7.800251961307e-02
-8.651067706551e-01,8.323543856207e+00,7.787496578985e-02
-8.651013899819e-01,2.980460936203e+00,7.799307622652e-02
-8.650129419833e-01,6.996662617223e+00,7.792151693617e-02
-8.648931904035e-01,9.433075569385e+00,7.783267224287e-02
-8.646685359137e-01,5.959773738276e+00,7.794859798302e-02
-8.646465277421e-01,1.660153666734e+00,7.797639597371e-02
-8.644871363796e-01,4.268565589349e+00,7.798969113084e-02
-8.644571738449e-01,6.618922650693e+00,7.792352126035e-02
-8.644210435370e-01,3.012663552532e+00,7.798063696954e-02
-8.642255642115e-01,6.273324058273e+00,7.793000454003e-02
-8.639877795970e-01,1.692356283063e+00,7.796433784387e-02
-8.639085916062e-01,1.050864512791e+01,3.574615510756e-02
-8.637851916348e-01,4.300768205678e+00,7.797684593478e-02
-8.637406970920e-01,3.044866168860e+00,7.796818200554e-02
-8.634364403711e-01,8.830623053396e+00,7.782586842287e-02
-8.633290314519e-01,1.724558899391e+00,7.795226496775e-02
-8.631725448677e-01,9.954635045614e+00,7.407708573621e-02
-8.630832468900e-01,4.332970822006e+00,7.796398399240e-02
-8.630603506470e-01,3.077068785189e+00,7.795571130493e-02
-8.630595316894e-01,7.817574110937e+00,7.785442088117e-02
-8.628929776200e-01,5.117491292056e+00,7.794669386871e-02
-8.628163479702e-01,5.647113414943e+00,7.792506741409e-02
-8.627953278296e-01,7.375344998512e+00,7.786564253176e-02
-8.627769328520e-01,4.652971696206e+00,7.795836683152e-02
-8.626702833067e-01,1.756761515720e+00,7.794017731845e-02
-8.626090004330e-01,9.401633338059e+00,7.779051993969e-02
-8.625912339747e-01,8.292178026710e+00,7.782870024193e-02
-8.623813021451e-01,4.365173438335e+00,7.795110527115e-02
-8.623800042021e-01,3.109271401518e+00,7.794322483806e-02
-8.621517811753e-01,6.965421185114e+00,7.786917478114e-02
-8.621085476582e-01,5.366390176148e+00,7.792271098611e-02
-8.620115351616e-01,1.788964132048e+00,7.792807486901e-02
-8.618560382300e-01,4.869390611602e+00,7.793425042083e-02
-8.617625246440e-01,1.048372316208e+01,3.997969891310e-02
-8.616996577571e-01,3.141474017846e+00,7.793072257519e-02
-8.616793574003e-01,4.397376054664e+00,7.793820973836e-02
-8.614812015717e-01,6.587725292710e+00,7.786862342804e-02
-8.614635720150e-01,5.928668435345e+00,7.788970396578e-02
-8.613527870165e-01,1.821166748377e+00,7.791595759240e-02
-8.611349888855e-01,6.242172077012e+00,7.787306163806e-02
-8.610364880411e-01,8.799218369436e+00,7.778152727330e-02
-8.610193113121e-01,3.173676634175e+00,7.791820448651e-02
-8.609774126555e-01,4.429578670992e+00,7.792529736130e-02
-8.609041907940e-01,9.929724112830e+00,7.472573316799e-02
-8.606940388714e-01,1.853369364705e+00,7.790382546152e-02
-8.604285947566e-01,7.786248442155e+00,7.780593617074e-02
-8.603389648672e-01,3.205879250504e+00,7.790567054213e-02
-8.603248104625e-01,9.370191106732e+00,7.774819299040e-02
-8.602754679107e-01,4.461781287321e+00,7.791236810714e-02
-8.600756972943e-01,8.260812197213e+00,7.778222496780e-02
-8.600491808273e-01,7.344060795826e+00,7.781510394769e-02
-8.600352907262e-01,1.885571981034e+00,7.789167844920e-02
-8.596586184222e-01,3.238081866832e+00,7.789312071210e-02
-8.596164576817e-01,1.045880119625e+01,4.367411729613e-02
-8.595735231659e-01,4.493983903650e+00,7.789942194299e-02
-8.594972160417e-01,5.616056090939e+00,7.786400439317e-02
-8.593765425811e-01,1.917774597362e+00,7.787951652821e-02
-8.593461954893e-01,5.086533823495e+00,7.788110792630e-02
-8.592906203674e-01,6.934179753004e+00,7.781656627557e-02
-8.590034553234e-01,4.622119272602e+00,7.788888969700e-02
-8.589782719772e-01,3.270284483161e+00,7.788055496638e-02
-8.588715784211e-01,4.526186519978e+00,7.788645883584e-02
-8.587177944360e-01,1.949977213690e+00,7.786733967126e-02
-8.586754743014e-01,5.335382130624e+00,7.785962678550e-02
-8.586365357110e-01,8.767813685476e+00,7.773699344970e-02
-8.586358367203e-01,9.904813180045e+00,7.533979984170e-02
-8.585052292985e-01,6.556527934727e+00,7.781342998007e-02
-8.582979255323e-01,3.302487099489e+00,7.786797327486e-02
-8.582586081162e-01,5.897563132415e+00,7.783047189477e-02
-8.581957860278e-01,4.838485017390e+00,7.786658231351e-02
-8.581696336763e-01,4.558389136307e+00,7.787347875261e-02
-8.580590462909e-01,1.982179830019e+00,7.785514785099e-02
-8.580444135596e-01,6.211020095751e+00,7.781580175147e-02
-8.580406204920e-01,9.338748875406e+00,7.770569035117e-02
-8.577976578238e-01,7.754922773373e+00,7.775722212675e-02
-8.576175790873e-01,3.334689715818e+00,7.785537560735e-02
-8.575601606139e-01,8.229446367716e+00,7.773553860717e-02
-8.574703907195e-01,1.043387923043e+01,4.692614285912e-02
-8.574676889315e-01,4.590591752636e+00,7.786048166015e-02
-8.574002981458e-01,2.014382446347e+00,7.784294103996e-02
-8.573030338250e-01,7.312776593140e+00,7.776431689975e-02
-8.569372326423e-01,3.366892332147e+00,7.784276193360e-02
-8.567415500006e-01,2.046585062676e+00,7.783071921068e-02
-8.564294595595e-01,6.902938320894e+00,7.776330059527e-02
-8.563674826466e-01,9.879902247260e+00,7.592094179045e-02
-8.562568861973e-01,3.399094948475e+00,7.783013222326e-02
-8.562365833810e-01,8.736409001516e+00,7.769226574919e-02
-8.561780841133e-01,5.584998766935e+00,7.780258008618e-02
-8.560828018555e-01,2.078787679004e+00,7.781848233558e-02
-8.557994133586e-01,5.055576354934e+00,7.781510286762e-02
-8.557564305215e-01,9.307306644079e+00,7.766301097024e-02
-8.555765397524e-01,3.431297564804e+00,7.781748644592e-02
-8.555292570253e-01,6.525330576744e+00,7.775793864432e-02
-8.554240537104e-01,2.110990295332e+00,7.780623038704e-02
-8.553243237573e-01,1.040895726460e+01,4.981067305326e-02
-8.552424009445e-01,5.304374085100e+00,7.779615894909e-02
-8.551667208910e-01,7.723597104591e+00,7.770827720505e-02
-8.550536442175e-01,5.866457829484e+00,7.777089903422e-02
-8.550446239335e-01,8.198080538218e+00,7.768863978871e-02
-8.549538382336e-01,6.179868114490e+00,7.775822237631e-02
-8.548961933074e-01,3.463500181133e+00,7.780482457108e-02
-8.547653055652e-01,2.143192911661e+00,7.779396333735e-02
-8.545568868227e-01,7.281492390454e+00,7.771327965865e-02
-8.545355338256e-01,4.807579423178e+00,7.779847057244e-02
-8.542158468624e-01,3.495702797461e+00,7.779214656818e-02
-8.541065574201e-01,2.175395527990e+00,7.778168115874e-02
-8.540991285730e-01,9.854991314475e+00,7.647250688519e-02
-8.538366310510e-01,8.705004317556e+00,7.764734295943e-02
-8.535682987516e-01,6.871696888783e+00,7.770966942498e-02
-8.535355004175e-01,3.527905413790e+00,7.777945240657e-02
-8.534722405511e-01,9.275864412753e+00,7.762015378786e-02
-8.534478092750e-01,2.207598144318e+00,7.776938382339e-02
-8.531782567950e-01,1.038403529877e+01,5.238660206773e-02
-8.528589521848e-01,5.553941442931e+00,7.774079150270e-02
-8.528551539725e-01,3.560108030119e+00,7.776674205552e-02
-8.527890611299e-01,2.239800760646e+00,7.775707130339e-02
-8.525532847521e-01,6.494133218761e+00,7.770214712693e-02
-8.525357839582e-01,7.692271435809e+00,7.765909984864e-02
-8.525290872532e-01,8.166714708721e+00,7.764152712995e-02
-8.522526312278e-01,5.024618886373e+00,7.774867491887e-02
-8.521748075275e-01,3.592310646447e+00,7.775401548423e-02
-8.521303129847e-01,2.272003376975e+00,7.774474357076e-02
-8.518632629076e-01,6.148716133229e+00,7.770032098429e-02
-8.518486803188e-01,5.835352526554e+00,7.771098262144e-02
-8.518307744993e-01,9.830080381690e+00,7.699693613668e-02
-8.518107398204e-01,7.250208187767e+00,7.766199048033e-02
-8.518093275876e-01,5.273366039575e+00,7.773230424079e-02
-8.514944610826e-01,3.624513262776e+00,7.774127266182e-02
-8.514715648396e-01,2.304205993303e+00,7.773240059747e-02
-8.514366787209e-01,8.673599633596e+00,7.760222385854e-02
-8.511880505806e-01,9.244422181427e+00,7.757711773625e-02
-8.510321898328e-01,1.035911333294e+01,5.470087835361e-02
-8.508752816233e-01,4.776673828966e+00,7.772991113373e-02
-8.508141146376e-01,3.656715879105e+00,7.772851355733e-02
-8.508128166945e-01,2.336408609632e+00,7.772004235541e-02
-8.507071379436e-01,6.840455456673e+00,7.765575767520e-02
-8.501540685494e-01,2.368611225961e+00,7.770766881640e-02
-8.501337681926e-01,3.688918495433e+00,7.771573813973e-02
-8.500135505728e-01,8.135348879224e+00,7.759419923721e-02
-8.499048470254e-01,7.660945767027e+00,7.760968848753e-02
-8.495773124789e-01,6.462935860779e+00,7.764605311209e-02
-8.495624204256e-01,9.805169448905e+00,7.749616766122e-02
-8.495398202564e-01,5.522884118926e+00,7.767863562268e-02
-8.494953204043e-01,2.400813842289e+00,7.769527995219e-02
-8.494534217477e-01,3.721121111762e+00,7.770294637790e-02
-8.493590330872e-01,4.531250145001e-01,7.772832089550e-02
-8.493590330872e-01,1.093750035002e-01,7.932891209256e-02
-8.493590330872e-01,1.406250045003e-01,7.911276332992e-02
-8.493590330872e-01,3.906250125002e-01,7.786033287810e-02
-8.493590330872e-01,4.218750135001e-01,7.778367188500e-02
-8.493590330872e-01,4.843750155000e-01,7.769486934979e-02
-8.493590330872e-01,5.156250165000e-01,7.768367829959e-02
-8.493590330872e-01,5.468750174999e-01,7.768367829959e-02
-8.493590330872e-01,5.781250184998e-01,7.768367829959e-02
-8.493590330872e-01,6.718750214997e-01,7.768367829959e-02
-8.493590330872e-01,7.031250224996e-01,7.768367829959e-02
-8.493590330872e-01,7.656250244996e-01,7.768367829959e-02
-8.493590330872e-01,7.968750254996e-01,7.768367829959e-02
-8.493590330872e-01,8.281250264997e-01,7.768367829959e-02
-8.493590330872e-01,8.593750274998e-01,7.768367829959e-02
-8.493590330872e-01,8.906250284999e-01,7.768367829959e-02
-8.493590330872e-01,9.218750295000e-01,7.768367829959e-02
-8.493590330872e-01,1.562500050003e-02,8.002246915554e-02
-8.493590330872e-01,4.687500150008e-02,7.978510383892e-02
-8.493590330872e-01,7.812500250012e-02,7.955348350498e-02
-8.493590330872e-01,1.718750055004e-01,7.890646687162e-02
-8.493590330872e-01,2.031250065004e-01,7.871149067848e-02
-8.493590330872e-01,2.343750075005e-01,7.852931964635e-02
-8.493590330872e-01,2.656250085005e-01,7.836143070426e-02
-8.493590330872e-01,2.968750095005e-01,7.820926485177e-02
-8.493590330872e-01,3.281250105004e-01,7.807419687327e-02
-8.493590330872e-01,3.593750115003e-01,7.795750373171e-02
-8.493590330872e-01,6.093750194998e-01,7.768367829959e-02
-8.493590330872e-01,6.406250204997e-01,7.768367829959e-02
-8.493590330872e-01,7.343750234996e-01,7.768367829959e-02
-8.493590330872e-01,9.531250305000e-01,7.768367829959e-02
-8.493590330872e-01,9.843750315000e-01,7.768367829959e-02
-8.490645928181e-01,7.218923985081e+00,7.761044760585e-02
-8.490404581645e-01,1.016101340164e+00,7.767767789639e-02
-8.490367263909e-01,8.642194949636e+00,7.755690721502e-02
-8.489038606101e-01,9.212979950101e+00,7.753390173950e-02
-8.488861228706e-01,1.033419136712e+01,5.679138721618e-02
-8.488365722591e-01,2.433016458617e+00,7.768287573447e-02
-8.487730753027e-01,3.753323728091e+00,7.769013824064e-02
-8.487726875816e-01,6.117564151967e+00,7.764209502251e-02
-8.487058490971e-01,4.993661417812e+00,7.768182026501e-02
-8.486437164201e-01,5.804247223623e+00,7.765071986655e-02
-8.484033083192e-01,1.048303956493e+00,7.766566629830e-02
-8.483762542308e-01,5.242357994051e+00,7.766805939247e-02
-8.481778241140e-01,2.465219074946e+00,7.767045613484e-02
-8.480927288577e-01,3.785526344419e+00,7.767731369667e-02
-8.478459771357e-01,6.809214024563e+00,7.760156324194e-02
-8.477661584740e-01,1.080506572821e+00,7.765364028981e-02
-8.475190759689e-01,2.497421691274e+00,7.765802112486e-02
-8.474980138924e-01,8.103983049727e+00,7.754665470546e-02
-8.474123824128e-01,3.817728960748e+00,7.766447271465e-02
-8.472940663519e-01,9.780258516120e+00,7.756907266495e-02
-8.472739100927e-01,7.629620098245e+00,7.756004153859e-02
-8.472150294211e-01,4.745768234754e+00,7.766089988907e-02
-8.471290086287e-01,1.112709189150e+00,7.764159984514e-02
-8.468603278238e-01,2.529624307603e+00,7.764557067599e-02
-8.467400559083e-01,1.030926940129e+01,5.868903712851e-02
-8.467320359678e-01,3.849931577077e+00,7.765161526314e-02
-8.466367740609e-01,8.610790265676e+00,7.751139178764e-02
-8.466196706396e-01,9.181537718774e+00,7.749050471351e-02
-8.466013402057e-01,6.431738502796e+00,7.758965426179e-02
-8.464918587834e-01,1.144911805478e+00,7.762954493844e-02
-8.463184458158e-01,7.187639782395e+00,7.755864926125e-02
-8.462206883279e-01,5.491826794922e+00,7.761610939617e-02
-8.462015796786e-01,2.561826923931e+00,7.763310475964e-02
-8.460516895228e-01,3.882134193405e+00,7.763874131062e-02
-8.458547089381e-01,1.177114421807e+00,7.761747554380e-02
-8.456821122556e-01,6.086412170706e+00,7.758354191321e-02
-8.455428315335e-01,2.594029540260e+00,7.762062334713e-02
-8.454387525214e-01,5.773141920693e+00,7.759010795219e-02
-8.453713430779e-01,3.914336809734e+00,7.762585082550e-02
-8.452175590928e-01,1.209317038135e+00,7.760539163523e-02
-8.451590669663e-01,4.962703949251e+00,7.761453504927e-02
-8.450257122782e-01,9.755347583336e+00,7.748287655338e-02
-8.449848163277e-01,6.777972592453e+00,7.754708400147e-02
-8.449824772120e-01,8.072617220229e+00,7.749889211822e-02
-8.449431808739e-01,5.211349948526e+00,7.760342110364e-02
-8.448840833884e-01,2.626232156588e+00,7.760812640974e-02
-8.446909966329e-01,3.946539426063e+00,7.761294377611e-02
-8.446429731599e-01,7.598294429463e+00,7.751015740548e-02
-8.445939889461e-01,1.028434743546e+01,6.041929509362e-02
-8.445804092475e-01,1.241519654464e+00,7.759329318670e-02
-8.443354806691e-01,9.150095487448e+00,7.744692556591e-02
-8.442368217308e-01,8.579385581716e+00,7.746567632539e-02
-8.442253352433e-01,2.658434772917e+00,7.759561391865e-02
-8.440106501879e-01,3.978742042391e+00,7.760002013069e-02
-8.439432594022e-01,1.273722270792e+00,7.758118017211e-02
-8.436253679325e-01,6.400541144813e+00,7.753294821559e-02
-8.435722988135e-01,7.156355579709e+00,7.750659365741e-02
-8.435665870981e-01,2.690637389245e+00,7.758308584498e-02
-8.435547772188e-01,4.714862640542e+00,7.759143268531e-02
-8.433303037429e-01,4.010944658720e+00,7.758707985740e-02
-8.433061095569e-01,1.305924887121e+00,7.756905256528e-02
-8.429078389530e-01,2.722840005574e+00,7.757054215978e-02
-8.429015563995e-01,5.460769470918e+00,7.755320974303e-02
-8.427573582045e-01,9.730436650551e+00,7.741048678028e-02
-8.426689597117e-01,1.338127503449e+00,7.755691034001e-02
-8.426499572980e-01,4.043147275049e+00,7.757412292432e-02
-8.425915369296e-01,6.055260189445e+00,7.752465905351e-02
-8.424669405317e-01,8.041251390732e+00,7.745091004748e-02
-8.424479219838e-01,1.025942546963e+01,6.200333364283e-02
-8.422490908079e-01,2.755042621902e+00,7.755798283402e-02
-8.422337886226e-01,5.742036617763e+00,7.752914403326e-02
-8.421236555198e-01,6.746731160343e+00,7.749231781005e-02
-8.420512906987e-01,9.118653256122e+00,7.740316319601e-02
-8.420318098664e-01,1.370330119778e+00,7.754475346999e-02
-8.420120362271e-01,7.566968760681e+00,7.746003447849e-02
-8.419696108530e-01,4.075349891377e+00,7.756114929945e-02
-8.418368694008e-01,8.547980897756e+00,7.741975956735e-02
-8.416122848356e-01,4.931746480690e+00,7.754681537275e-02
-8.415903426628e-01,2.787245238231e+00,7.754540783861e-02
-8.415101075170e-01,5.180341903002e+00,7.753773849016e-02
-8.413946600211e-01,1.402532736107e+00,7.753258192888e-02
-8.412892644080e-01,4.107552507706e+00,7.754815895071e-02
-8.409315945176e-01,2.819447854560e+00,7.753281714438e-02
-8.408261518112e-01,7.125071377023e+00,7.745427898991e-02
-8.407575101758e-01,1.434735352435e+00,7.752039569026e-02
-8.406493956593e-01,6.369343786830e+00,7.747593259038e-02
-8.406089179631e-01,4.139755124035e+00,7.753515184594e-02
-8.404890041309e-01,9.705525717766e+00,7.735240582832e-02
-8.403018550216e-01,1.023450350381e+01,6.345889944188e-02
-8.402728463725e-01,2.851650470888e+00,7.752021072209e-02
-8.401203603305e-01,1.466937968764e+00,7.750819472765e-02
-8.399514038513e-01,8.009885561235e+00,7.740270705361e-02
-8.399285715181e-01,4.171957740363e+00,7.752212795289e-02
-8.398945250166e-01,4.683957046330e+00,7.752150532389e-02
-8.397671007282e-01,9.087211024796e+00,7.735921649468e-02
-8.396140982274e-01,2.883853087217e+00,7.750758854243e-02
-8.395824244710e-01,5.429712146913e+00,7.748993355263e-02
-8.395009616036e-01,6.024108208184e+00,7.746544381514e-02
-8.394832104852e-01,1.499140585092e+00,7.749597901451e-02
-8.394369170708e-01,8.516576213796e+00,7.737364024265e-02
-8.393810992943e-01,7.535643091899e+00,7.740967113445e-02
-8.392624947118e-01,6.715489728233e+00,7.743726250375e-02
-8.392482250731e-01,4.204160356692e+00,7.750908723923e-02
-8.390288247239e-01,5.710931314832e+00,7.746782523663e-02
-8.389553500822e-01,2.916055703546e+00,7.749495057600e-02
-8.388460606399e-01,1.531343201420e+00,7.748374852424e-02
-8.385678786282e-01,4.236362973020e+00,7.749602967254e-02
-8.382966019371e-01,2.948258319874e+00,7.748229679336e-02
-8.382206500571e-01,9.680614784981e+00,7.730904483662e-02
-8.382089107946e-01,1.563545817749e+00,7.747150323016e-02
-8.381557880593e-01,1.020958153798e+01,6.480097927113e-02
-8.380800048089e-01,7.093787174337e+00,7.740170343889e-02
-8.380770341602e-01,5.149333857478e+00,7.747162075248e-02
-8.380655027049e-01,4.900789012129e+00,7.747865729384e-02
-8.378875321832e-01,4.268565589349e+00,7.748295522033e-02
-8.376734233861e-01,6.338146428847e+00,7.741860498015e-02
-8.376378537920e-01,2.980460936203e+00,7.746962716497e-02
-8.375717609494e-01,1.595748434077e+00,7.745924310554e-02
-8.374829107577e-01,9.055768793469e+00,7.731508434434e-02
-8.374358671709e-01,7.978519731738e+00,7.735428168519e-02
-8.372071857382e-01,4.300768205678e+00,7.746986385002e-02
-8.370369647408e-01,8.485171529836e+00,7.732731707032e-02
-8.369791056468e-01,3.012663552532e+00,7.745694166122e-02
-8.369346111041e-01,1.627951050406e+00,7.744696812359e-02
-8.367501623615e-01,7.504317423117e+00,7.735906573657e-02
-8.365268392933e-01,4.332970822006e+00,7.745675552896e-02
-8.364103862777e-01,5.992956226923e+00,7.740589354420e-02
-8.364013339039e-01,6.684248296123e+00,7.738191589822e-02
-8.363203575017e-01,3.044866168860e+00,7.744424025244e-02
-8.362974612588e-01,1.660153666734e+00,7.743467825743e-02
-8.362632925425e-01,5.398654822909e+00,7.742627768354e-02
-8.362342728144e-01,4.653051452118e+00,7.745111356046e-02
-8.360097210971e-01,1.018465957215e+01,6.604231646184e-02
-8.359522959834e-01,9.655703852196e+00,7.726307307156e-02
-8.358464928483e-01,4.365173438335e+00,7.744363022438e-02
-8.358238608252e-01,5.679826011901e+00,7.740614866088e-02
-8.356616093566e-01,3.077068785189e+00,7.743152290887e-02
-8.356603114135e-01,1.692356283063e+00,7.742237348015e-02
-8.353338578066e-01,7.062502971651e+00,7.734845453073e-02
-8.351987207872e-01,9.024326562143e+00,7.727076561882e-02
-8.351661464033e-01,4.397376054664e+00,7.743048790346e-02
-8.350231615682e-01,1.724558899391e+00,7.741005376475e-02
-8.350028612115e-01,3.109271401518e+00,7.741878960068e-02
-8.349203304905e-01,7.947153902240e+00,7.730563247896e-02
-8.346974511129e-01,6.306949070864e+00,7.736096295573e-02
-8.346439608033e-01,5.118325811953e+00,7.740508494015e-02
-8.346370124107e-01,8.453766845876e+00,7.728078875927e-02
-8.345187205742e-01,4.869831543568e+00,7.741005682786e-02
-8.344857999584e-01,4.429578670992e+00,7.741732853329e-02
-8.343860117229e-01,1.756761515720e+00,7.739771908417e-02
-8.343441130663e-01,3.141474017846e+00,7.740604029797e-02
-8.341192254287e-01,7.472991754335e+00,7.730821663436e-02
-8.338636541349e-01,1.015973760632e+01,6.719381555178e-02
-8.338054535134e-01,4.461781287321e+00,7.740415208086e-02
-8.337488618776e-01,1.788964132048e+00,7.738536941128e-02
-8.337339910995e-01,9.627509150413e+00,7.721929366404e-02
-8.336853649212e-01,3.173676634175e+00,7.739327497078e-02
-8.335401730959e-01,6.653006864012e+00,7.732627578849e-02
-8.333198109517e-01,5.961804245662e+00,7.734600556088e-02
-8.331251070684e-01,4.493983903650e+00,7.739095851309e-02
-8.331117120324e-01,1.821166748377e+00,7.737300471891e-02
-8.330266167761e-01,3.205879250504e+00,7.738049358903e-02
-8.329441606141e-01,5.367597498905e+00,7.736223896326e-02
-8.329145308168e-01,8.992884330816e+00,7.722625918336e-02
-8.326188969265e-01,5.648720708971e+00,7.734411137595e-02
-8.325877108043e-01,7.031218768965e+00,7.729486728778e-02
-8.325740206121e-01,4.622145857906e+00,7.738025310432e-02
-8.324745621871e-01,1.853369364705e+00,7.736062497980e-02
-8.324447606234e-01,4.526186519978e+00,7.737774779679e-02
-8.324047938101e-01,7.915788072743e+00,7.725675795969e-02
-8.323678686309e-01,3.238081866832e+00,7.736769612261e-02
-8.322370600807e-01,8.422362161916e+00,7.723405400814e-02
-8.318374123418e-01,1.885571981034e+00,7.734823016662e-02
-8.317644141785e-01,4.558389136307e+00,7.736451989873e-02
-8.317214788397e-01,6.275751712881e+00,7.730300406459e-02
-8.317175871726e-01,1.013481564050e+01,6.826486240401e-02
-8.317091204858e-01,3.270284483161e+00,7.735488254132e-02
-8.315657354054e-01,9.596030679631e+00,7.717683440856e-02
-8.314882884959e-01,7.441666085553e+00,7.725712216349e-02
-8.312108874464e-01,5.087317766429e+00,7.733812731532e-02
-8.312002624965e-01,1.917774597362e+00,7.733582025200e-02
-8.310840677335e-01,4.590591752636e+00,7.735127478556e-02
-8.310503723407e-01,3.302487099489e+00,7.734205281488e-02
-8.309719384434e-01,4.838874075007e+00,7.734100994647e-02
-8.306790122880e-01,6.621765431902e+00,7.727033994876e-02
-8.306303408463e-01,8.961442099490e+00,7.718156389445e-02
-8.305631126512e-01,1.949977213690e+00,7.732339520847e-02
-8.303916241956e-01,3.334689715818e+00,7.732920691293e-02
-8.302292356257e-01,5.930652264400e+00,7.728577715917e-02
-8.299259628059e-01,1.982179830019e+00,7.731095500852e-02
-8.298892571298e-01,7.884422243246e+00,7.720765664009e-02
-8.298415638021e-01,6.999934566279e+00,7.724100531493e-02
-8.298371077507e-01,8.390957477956e+00,7.718711150525e-02
-8.297328760504e-01,3.366892332147e+00,7.731634480505e-02
-8.296250286856e-01,5.336540174900e+00,7.729781418791e-02
-8.295715202104e-01,1.010989367467e+01,6.926357969989e-02
-8.294139330277e-01,5.617615406040e+00,7.728171042294e-02
-8.293974797113e-01,9.564552208850e+00,7.713423537133e-02
-8.292888129607e-01,2.014382446347e+00,7.729849962457e-02
-8.290741279053e-01,3.399094948475e+00,7.730346646072e-02
-8.288573515631e-01,7.410340416771e+00,7.720578064562e-02
-8.287455065665e-01,6.244554354899e+00,7.724472583054e-02
-8.286516631154e-01,2.046585062676e+00,7.728602902896e-02
-8.284153797602e-01,3.431297564804e+00,7.729057184938e-02
-8.283461508758e-01,8.929999868164e+00,7.713667859983e-02
-8.280145132701e-01,2.078787679004e+00,7.727354319397e-02
-8.278178514800e-01,6.590523999792e+00,7.721410613212e-02
-8.277778140895e-01,5.056309720904e+00,7.727074409936e-02
-8.277566316150e-01,3.463500181133e+00,7.727766094035e-02
-8.274371554206e-01,8.359552793996e+00,7.713995992846e-02
-8.274254532481e-01,1.008497170884e+01,7.019703253176e-02
-8.274251563127e-01,4.807916606446e+00,7.727151257727e-02
-8.273773634248e-01,2.110990295332e+00,7.726104209181e-02
-8.273737204494e-01,7.853056413748e+00,7.715832702068e-02
-8.272292240172e-01,9.533073738069e+00,7.709146373312e-02
-8.271386602997e-01,5.899500283139e+00,7.722520560662e-02
-8.270978834699e-01,3.495702797461e+00,7.726473370291e-02
-8.270954167998e-01,6.968650363594e+00,7.718686658874e-02
-8.267402135795e-01,2.143192911661e+00,7.724852569463e-02
-8.264391353248e-01,3.527905413790e+00,7.725179010624e-02
-8.263058967572e-01,5.305482850896e+00,7.723300012194e-02
-8.262264146303e-01,7.379014747989e+00,7.715419038837e-02
-8.262089691290e-01,5.586510103110e+00,7.721894281374e-02
-8.261030637342e-01,2.175395527990e+00,7.723599397452e-02
-8.260619609053e-01,8.898557636837e+00,7.709160213834e-02
-8.257803871796e-01,3.560108030119e+00,7.723883011945e-02
-8.257695342933e-01,6.213356996916e+00,7.718612575350e-02
-8.254659138889e-01,2.207598144318e+00,7.722344690347e-02
-8.252793862859e-01,1.006004974301e+01,7.107139510736e-02
-8.251216390345e-01,3.592310646447e+00,7.722585371157e-02
-8.250609683230e-01,9.501595267288e+00,7.704851848486e-02
-8.250372030906e-01,8.328148110036e+00,7.709259794515e-02
-8.249566906721e-01,6.559282567682e+00,7.715757207043e-02
-8.248581837690e-01,7.821690584251e+00,7.710876758970e-02
-8.248320814228e-01,1.063904651308e+01,6.608629166912e-06
-8.248287640437e-01,2.239800760646e+00,7.721088445343e-02
-8.244628908894e-01,3.624513262776e+00,7.721286085156e-02
-8.243492697975e-01,6.937366160908e+00,7.713244906701e-02
-8.243447407327e-01,5.025301675380e+00,7.720293147234e-02
-8.241916141984e-01,2.272003376975e+00,7.719830659627e-02
-8.240480849737e-01,5.868348301878e+00,7.716428814408e-02
-8.238783741820e-01,4.776959137885e+00,7.720156060327e-02
-8.238041427443e-01,3.656715879105e+00,7.719985150829e-02
-8.237777709348e-01,8.867115405511e+00,7.704633333993e-02
-8.235954776975e-01,7.347689079207e+00,7.710234968510e-02
-8.235544643531e-01,2.304205993303e+00,7.718571330380e-02
-8.231453945991e-01,3.688918495433e+00,7.718682565055e-02
-8.231333193236e-01,1.003512777719e+01,7.189208688540e-02
-8.230040052303e-01,5.555404800180e+00,7.715580553080e-02
-8.229867648287e-01,5.274425526892e+00,7.716779349782e-02
-8.229173145078e-01,2.336408609632e+00,7.717310454775e-02
-8.228927126289e-01,9.470116796506e+00,7.700539860999e-02
-8.228083550232e-01,1.061411411312e+01,1.009295086789e-02
-8.227935620201e-01,6.182159638933e+00,7.712720130928e-02
-8.226372507606e-01,8.296743426076e+00,7.704502421205e-02
-8.224866464540e-01,3.721121111762e+00,7.717378324707e-02
-8.223426470886e-01,7.790324754754e+00,7.705897682297e-02
-8.222801646625e-01,2.368611225961e+00,7.716048029980e-02
-8.220955298641e-01,6.528041135572e+00,7.710073547399e-02
-8.218278983089e-01,3.753323728091e+00,7.716072426649e-02
-8.216430148172e-01,2.400813842289e+00,7.714784053153e-02
-8.216031227953e-01,6.906081958222e+00,7.707775068861e-02
-8.214935809643e-01,8.835673174184e+00,7.700087102548e-02
-8.211691501637e-01,3.785526344419e+00,7.714764867735e-02
-8.210058649719e-01,2.433016458617e+00,7.713518521448e-02
-8.209872523614e-01,1.001020581136e+01,7.266388448807e-02
-8.209645407647e-01,7.316363410425e+00,7.705025681482e-02
-8.209575096477e-01,5.837196320617e+00,7.710302198537e-02
-8.209116673758e-01,4.994293629855e+00,7.713468557257e-02
-8.207846286235e-01,1.058918171316e+01,1.830217655760e-02
-8.207244569348e-01,9.438638325725e+00,7.696210308440e-02
-8.205672014571e-01,7.656250244996e-01,7.711658419042e-02
-8.205672014571e-01,7.968750254996e-01,7.711658419042e-02
-8.205672014571e-01,4.687500150008e-02,7.939315390165e-02
-8.205672014571e-01,2.031250065004e-01,7.823606902322e-02
-8.205672014571e-01,2.343750075005e-01,7.803852276525e-02
-8.205672014571e-01,4.218750135001e-01,7.722603484534e-02
-8.205672014571e-01,4.531250145001e-01,7.716546373575e-02
-8.205672014571e-01,5.468750174999e-01,7.711658419042e-02
-8.205672014571e-01,5.781250184998e-01,7.711658419042e-02
-8.205672014571e-01,6.406250204997e-01,7.711658419042e-02
-8.205672014571e-01,6.718750214997e-01,7.711658419042e-02
-8.205672014571e-01,7.031250224996e-01,7.711658419042e-02
-8.205672014571e-01,8.593750274998e-01,7.711658419042e-02
-8.205672014571e-01,7.812500250012e-02,7.914452474161e-02
-8.205672014571e-01,1.093750035002e-01,7.890294767844e-02
-8.205672014571e-01,1.406250045003e-01,7.866994218373e-02
-8.205672014571e-01,2.656250085005e-01,7.785613821347e-02
-8.205672014571e-01,3.906250125002e-01,7.730986543184e-02
-8.205672014571e-01,4.843750155000e-01,7.712883961147e-02
-8.205672014571e-01,5.156250165000e-01,7.711658419042e-02
-8.205672014571e-01,6.093750194998e-01,7.711658419042e-02
-8.205672014571e-01,7.343750234996e-01,7.711658419042e-02
-8.205672014571e-01,8.281250264997e-01,7.711658419042e-02
-8.205672014571e-01,8.906250284999e-01,7.711658419042e-02
-8.205672014571e-01,1.562500050003e-02,7.964740333650e-02
-8.205672014571e-01,1.718750055004e-01,7.844710064705e-02
-8.205672014571e-01,2.968750095005e-01,7.769055992857e-02
-8.205672014571e-01,3.281250105004e-01,7.754336480831e-02
-8.205672014571e-01,3.593750115003e-01,7.741602418548e-02
-8.205672014571e-01,9.218750295000e-01,7.711658419042e-02
-8.205672014571e-01,9.531250305000e-01,7.711658419042e-02
-8.205672014571e-01,9.843750315000e-01,7.711658419042e-02
-8.205104020186e-01,3.817728960748e+00,7.713455644816e-02
-8.203687151267e-01,2.465219074946e+00,7.712251432011e-02
-8.203315920512e-01,4.746001669324e+00,7.713114986240e-02
-8.202594256844e-01,1.016101340164e+00,7.711045809737e-02
-8.202372984305e-01,8.265338742116e+00,7.699723737519e-02
-8.198516538735e-01,3.849931577077e+00,7.712144754730e-02
-8.198271104082e-01,7.758958925257e+00,7.700895318380e-02
-8.198175897469e-01,6.150962280950e+00,7.706794994929e-02
-8.197990413316e-01,5.524299497249e+00,7.709229552682e-02
-8.197315652814e-01,2.497421691274e+00,7.710982781980e-02
-8.196676329003e-01,5.243368202888e+00,7.710216124585e-02
-8.196438741390e-01,1.048303956493e+00,7.709819497783e-02
-8.192343690562e-01,6.496799703462e+00,7.704359403141e-02
-8.192093909939e-01,8.804230942858e+00,7.695521400683e-02
-8.191929057284e-01,3.882134193405e+00,7.710832194310e-02
-8.190944154361e-01,2.529624307603e+00,7.709712568487e-02
-8.190283225935e-01,1.080506572821e+00,7.708591725879e-02
-8.188569757930e-01,6.874797755536e+00,7.702276937328e-02
-8.188411853992e-01,9.985283845532e+00,7.339101427404e-02
-8.187609022240e-01,1.056424931321e+01,2.510984535861e-02
-8.185562012407e-01,9.407159854943e+00,7.691863087637e-02
-8.185341575832e-01,3.914336809734e+00,7.709517960380e-02
-8.184572655908e-01,2.561826923931e+00,7.708440788658e-02
-8.184127710481e-01,1.112709189150e+00,7.707362491431e-02
-8.183336038319e-01,7.285037741643e+00,7.699791004207e-02
-8.178754094381e-01,3.946539426063e+00,7.708202049755e-02
-8.178669343218e-01,5.806044339356e+00,7.704140431706e-02
-8.178373461005e-01,8.233934058156e+00,7.694923606980e-02
-8.178201157455e-01,2.594029540260e+00,7.707167439610e-02
-8.177972195026e-01,1.144911805478e+00,7.706131791839e-02
-8.174785940189e-01,4.963285584331e+00,7.706600249614e-02
-8.173115737278e-01,7.727593095759e+00,7.695869512290e-02
-8.172166612930e-01,3.978742042391e+00,7.706884459245e-02
-8.171829659002e-01,2.626232156588e+00,7.705892518454e-02
-8.171816679572e-01,1.177114421807e+00,7.704899624499e-02
-8.169252010234e-01,8.772788711532e+00,7.690936108660e-02
-8.168416174737e-01,6.119764922967e+00,7.700836910030e-02
-8.167848099205e-01,4.715044200763e+00,7.706027614706e-02
-8.167371758243e-01,1.053931691325e+01,3.084650526481e-02
-8.166951184370e-01,9.960361879704e+00,7.407722936196e-02
-8.165940774328e-01,5.493194194319e+00,7.702840972444e-02
-8.165661164117e-01,1.209317038135e+00,7.703665986797e-02
-8.165579131478e-01,4.010944658720e+00,7.705565185648e-02
-8.165458160550e-01,2.658434772917e+00,7.704616022293e-02
-8.163879455465e-01,9.375681384162e+00,7.687498094653e-02
-8.163732082482e-01,6.465558271352e+00,7.698614540928e-02
-8.163485009718e-01,5.212310878883e+00,7.703547482142e-02
-8.161108287907e-01,6.843513552850e+00,7.696750302138e-02
-8.159505648663e-01,1.241519654464e+00,7.702430876115e-02
-8.159086662097e-01,2.690637389245e+00,7.703337948224e-02
-8.158991650027e-01,4.043147275049e+00,7.704244225756e-02
-8.157026668991e-01,7.253712072861e+00,7.694508898475e-02
-8.154373937705e-01,8.202529374196e+00,7.690101892020e-02
-8.153350133208e-01,1.273722270792e+00,7.701194289830e-02
-8.152715163644e-01,2.722840005574e+00,7.702058293337e-02
-8.152404168576e-01,4.075349891377e+00,7.702921576353e-02
-8.147960370474e-01,7.696227266262e+00,7.690820107822e-02
-8.147763589958e-01,5.774892358095e+00,7.697943229817e-02
-8.147194617754e-01,1.305924887121e+00,7.699956225310e-02
-8.147134494247e-01,1.051438451330e+01,3.574633753962e-02
-8.146410110529e-01,8.741346480205e+00,7.686331105817e-02
-8.146343665191e-01,2.755042621902e+00,7.700777054714e-02
-8.145816687124e-01,4.107552507706e+00,7.701597234214e-02
-8.145490514748e-01,9.935439913877e+00,7.472587406846e-02
-8.142196898524e-01,9.344202913380e+00,7.683115224776e-02
-8.141039102299e-01,1.338127503449e+00,7.698716679919e-02
-8.140455206621e-01,4.932277538806e+00,7.699687829642e-02
-8.139972166738e-01,2.787245238231e+00,7.699494229429e-02
-8.139229205673e-01,4.139755124035e+00,7.700271196107e-02
-8.138656452005e-01,6.088567564984e+00,7.694845616420e-02
-8.135120474403e-01,6.434316839241e+00,7.692838725204e-02
-8.134883586845e-01,1.370330119778e+00,7.697475651014e-02
-8.133891135341e-01,5.462088891388e+00,7.696414501597e-02
-8.133646817884e-01,6.812229350163e+00,7.691194951374e-02
-8.133600668285e-01,2.819447854560e+00,7.698209814552e-02
-8.132641724222e-01,4.171957740363e+00,7.698943458790e-02
-8.132380277898e-01,4.684086732202e+00,7.698893520357e-02
-8.130717299663e-01,7.222386404079e+00,7.689174901954e-02
-8.130374414404e-01,8.171124690236e+00,7.685258453972e-02
-8.130293690434e-01,5.181253554879e+00,7.696837136863e-02
-8.128728071390e-01,1.402532736107e+00,7.696233135944e-02
-8.127229169832e-01,2.851650470888e+00,7.696923807141e-02
-8.126897230251e-01,1.048945211334e+01,3.997988907232e-02
-8.126054242770e-01,4.204160356692e+00,7.697614019014e-02
-8.124029845126e-01,9.910517948050e+00,7.533993809649e-02
-8.123568210824e-01,8.709904248879e+00,7.681706270558e-02
-8.122805003671e-01,7.664861436765e+00,7.685746947486e-02
-8.122572555936e-01,1.434735352435e+00,7.694989132054e-02
-8.120857671379e-01,2.883853087217e+00,7.695636204252e-02
-8.120514341583e-01,9.312724442599e+00,7.678714372512e-02
-8.119466761319e-01,4.236362973020e+00,7.696282873522e-02
-8.116857836698e-01,5.743740376834e+00,7.691710305988e-02
-8.116417040482e-01,1.466937968764e+00,7.693743636683e-02
-8.114486172926e-01,2.916055703546e+00,7.694347002930e-02
-8.112879279868e-01,4.268565589349e+00,7.694950019048e-02
-8.110261525027e-01,1.499140585092e+00,7.692496647161e-02
-8.108896729273e-01,6.057370207002e+00,7.688820851772e-02
-8.108114674473e-01,2.948258319874e+00,7.693056200213e-02
-8.106659966255e-01,1.046451971339e+01,4.367431179316e-02
-8.106508866323e-01,6.403075407131e+00,7.687031718168e-02
-8.106374891104e-01,8.139720006277e+00,7.680393153057e-02
-8.106291798417e-01,4.300768205678e+00,7.693615452316e-02
-8.106185347861e-01,6.780945147477e+00,7.685610671145e-02
-8.106124473052e-01,4.901269493282e+00,7.692730898358e-02
-8.104407930336e-01,7.191060735297e+00,7.683814181151e-02
-8.104106009573e-01,1.531343201420e+00,7.691248160814e-02
-8.102569175504e-01,9.885595982222e+00,7.592082063418e-02
-8.101841496354e-01,5.430983588458e+00,7.689949826309e-02
-8.101743176021e-01,2.980460936203e+00,7.691763793134e-02
-8.100726311119e-01,8.678462017552e+00,7.677061480347e-02
-8.099704316965e-01,4.332970822006e+00,7.692279170046e-02
-8.098831784642e-01,9.281245971818e+00,7.674295431583e-02
-8.097950494118e-01,1.563545817749e+00,7.689998174961e-02
-8.097649636867e-01,7.633495607268e+00,7.680649872496e-02
-8.097102371150e-01,5.150196230875e+00,7.690084718796e-02
-8.096912456591e-01,4.653129263641e+00,7.691712273171e-02
-8.095371677568e-01,3.012663552532e+00,7.690469778717e-02
-8.093116835514e-01,4.365173438335e+00,7.690941168946e-02
-8.091794978664e-01,1.595748434077e+00,7.688746686914e-02
-8.089000179115e-01,3.044866168860e+00,7.689174153978e-02
-8.086529354063e-01,4.397376054664e+00,7.689601445716e-02
-8.086422702259e-01,1.043958731343e+01,4.692633931801e-02
-8.085952083438e-01,5.712588395572e+00,7.685441370528e-02
-8.085639463209e-01,1.627951050406e+00,7.687493693979e-02
-8.082628680662e-01,3.077068785189e+00,7.687876915927e-02
-8.082375367804e-01,8.108315322317e+00,7.675505848378e-02
-8.081108505881e-01,9.860674016395e+00,7.647239606757e-02
-8.079941872612e-01,4.429578670992e+00,7.688259997048e-02
-8.079483947755e-01,1.660153666734e+00,7.686239193455e-02
-8.079137006541e-01,6.026172849019e+00,7.682762351215e-02
-8.078723877839e-01,6.749660944791e+00,7.679997245563e-02
-8.078098561008e-01,7.159735066516e+00,7.678426543255e-02
-8.077897258244e-01,6.371833975021e+00,7.681193279753e-02
-8.077884411414e-01,8.647019786226e+00,7.672396611696e-02
-8.077149227700e-01,9.249767501036e+00,7.669858294913e-02
-8.076257182209e-01,3.109271401518e+00,7.686578061566e-02
-8.073354391160e-01,4.461781287321e+00,7.686916819627e-02
-8.073328432300e-01,1.692356283063e+00,7.684983182636e-02
-8.072494270063e-01,7.602129777771e+00,7.675528722757e-02
-8.071793739483e-01,4.870261447758e+00,7.685729052412e-02
-8.069885683756e-01,3.141474017846e+00,7.685277587890e-02
-8.069791857366e-01,5.399878285527e+00,7.683446629654e-02
-8.067172916846e-01,1.724558899391e+00,7.683725658809e-02
-8.066766909709e-01,4.493983903650e+00,7.685571910128e-02
-8.066185438263e-01,1.041465491347e+01,4.981086979636e-02
-8.063911051865e-01,5.119138906871e+00,7.683289853963e-02
-8.063514185303e-01,3.173676634175e+00,7.683975491887e-02
-8.061444635283e-01,4.622171795080e+00,7.684483438422e-02
-8.061017401391e-01,1.756761515720e+00,7.682466619254e-02
-8.060179428258e-01,4.526186519978e+00,7.684225265217e-02
-8.059647836259e-01,9.835752050567e+00,7.690389638947e-02
-8.058375844504e-01,8.076910638357e+00,7.670596397910e-02
-8.057142686850e-01,3.205879250504e+00,7.682671770535e-02
-8.055466670759e-01,9.218289030255e+00,7.665402854630e-02
-8.055046330178e-01,5.681436414311e+00,7.679136130905e-02
-8.055042511709e-01,8.615577554900e+00,7.667711540158e-02
-8.054861885937e-01,1.788964132048e+00,7.681206061243e-02
-8.053591946806e-01,4.558389136307e+00,7.682876881552e-02
-8.051789191680e-01,7.128409397734e+00,7.673011793703e-02
-8.051262407816e-01,6.718376742105e+00,7.674354456721e-02
-8.050771188397e-01,3.238081866832e+00,7.681366420806e-02
-8.049377283808e-01,5.994975491036e+00,7.676669847314e-02
-8.049285650164e-01,6.340592542911e+00,7.675323167602e-02
-8.048706370483e-01,1.821166748377e+00,7.679943982045e-02
-8.047338903259e-01,7.570763948274e+00,7.670383336855e-02
-8.047004465355e-01,4.590591752636e+00,7.681526755784e-02
-8.045948174267e-01,1.038972251352e+01,5.238679790669e-02
-8.044399689945e-01,3.270284483161e+00,7.680059439667e-02
-8.042550855028e-01,1.853369364705e+00,7.678680378919e-02
-8.038187166637e-01,9.810830084740e+00,7.677644484446e-02
-8.038028191492e-01,3.302487099489e+00,7.678750824074e-02
-8.037742218379e-01,5.368772982597e+00,7.676904591584e-02
-8.037463005915e-01,4.839253402233e+00,7.678681884034e-02
-8.036395339574e-01,1.885571981034e+00,7.677415249120e-02
-8.034376321204e-01,8.045505954397e+00,7.665664658487e-02
-8.033784113818e-01,9.186810559474e+00,7.660929002052e-02
-8.032200612004e-01,8.584135323573e+00,7.663006140321e-02
-8.031656693039e-01,3.334689715818e+00,7.677440570976e-02
-8.030719732580e-01,5.088081582866e+00,7.676452164305e-02
-8.030239824119e-01,1.917774597362e+00,7.676148589895e-02
-8.025710910271e-01,1.036479011356e+01,5.470107244764e-02
-8.025479822352e-01,7.097083728952e+00,7.667569736155e-02
-8.025285194586e-01,3.366892332147e+00,7.676128677316e-02
-8.024140576919e-01,5.650284433050e+00,7.672794291720e-02
-8.024084308665e-01,1.949977213690e+00,7.674880398485e-02
-8.023800937793e-01,6.687092539419e+00,7.668682084677e-02
-8.022183536456e-01,7.539398118777e+00,7.665213552045e-02
-8.020674042085e-01,6.309351110801e+00,7.669421137043e-02
-8.019617561076e-01,5.963778133053e+00,7.670543070039e-02
-8.018913696133e-01,3.399094948475e+00,7.674815140027e-02
-8.017928793210e-01,1.982179830019e+00,7.673610672124e-02
-8.016726497015e-01,9.785908118913e+00,7.666330805794e-02
-8.012542197680e-01,3.431297564804e+00,7.673499956038e-02
-8.012101556877e-01,9.155332088693e+00,7.656436627682e-02
-8.011773277756e-01,2.014382446347e+00,7.672339408039e-02
-8.010376797903e-01,8.014101270437e+00,7.660710485792e-02
-8.009358712300e-01,8.552693092247e+00,7.658280285798e-02
-8.006170699227e-01,3.463500181133e+00,7.672183122266e-02
-8.005692579392e-01,5.337667679666e+00,7.670323388897e-02
-8.005617762301e-01,2.046585062676e+00,7.671066603451e-02
-8.005473646274e-01,1.033985771360e+01,5.679157897432e-02
-8.003132272346e-01,4.808245356709e+00,7.671588980988e-02
-7.999799200774e-01,3.495702797461e+00,7.670864635624e-02
-7.999462246847e-01,2.078787679004e+00,7.669792255574e-02
-7.999170453024e-01,7.065758060170e+00,7.662100172477e-02
-7.997528413296e-01,5.057024258862e+00,7.669571267638e-02
-7.997028169652e-01,7.508032289279e+00,7.660019204236e-02
-7.996339467770e-01,6.655808336733e+00,7.662979907428e-02
-7.995265827393e-01,9.760986153086e+00,7.656530747337e-02
-7.993427702321e-01,3.527905413790e+00,7.669544493016e-02
-7.993306731392e-01,2.110990295332e+00,7.668516361615e-02
-7.993234823659e-01,5.619132451789e+00,7.666415554678e-02
-7.992062434005e-01,6.278109678691e+00,7.663486941067e-02
-7.990418999936e-01,9.123853617912e+00,7.651925621203e-02
-7.989857838345e-01,5.932580775070e+00,7.664381746737e-02
-7.987151215938e-01,2.143192911661e+00,7.667238918776e-02
-7.987056203868e-01,3.560108030119e+00,7.668222691336e-02
-7.986516812595e-01,8.521250860920e+00,7.653533849216e-02
-7.986377274603e-01,7.982696586477e+00,7.655733734350e-02
-7.985236382278e-01,1.031492531365e+01,5.868922614116e-02
-7.980995700484e-01,2.175395527990e+00,7.665959924250e-02
-7.980684705415e-01,3.592310646447e+00,7.666899227473e-02
-7.974840185029e-01,2.207598144318e+00,7.664679375224e-02
-7.974313206963e-01,3.624513262776e+00,7.665574098309e-02
-7.973805157771e-01,9.736064187258e+00,7.648317704453e-02
-7.973642940405e-01,5.306562376736e+00,7.663702695212e-02
-7.972861083696e-01,7.034432391388e+00,7.656602902724e-02
-7.971872802848e-01,7.476666459782e+00,7.654800127985e-02
-7.968877997747e-01,6.624524134047e+00,7.657247700890e-02
-7.968801538777e-01,4.777237311184e+00,7.664449926521e-02
-7.968736442994e-01,9.092375147130e+00,7.647395871471e-02
-7.968684669575e-01,2.239800760646e+00,7.663397268878e-02
-7.967941708510e-01,3.656715879105e+00,7.664247300715e-02
-7.964999118282e-01,1.028999291369e+01,6.041948108380e-02
-7.964337094011e-01,5.025966934858e+00,7.662646777607e-02
-7.963674912890e-01,8.489808629594e+00,7.648766702212e-02
-7.963450825926e-01,6.246868246581e+00,7.657520330302e-02
-7.962529154120e-01,2.272003376975e+00,7.662113602386e-02
-7.962377751303e-01,7.951291902517e+00,7.650734257517e-02
-7.962329070399e-01,5.587980470527e+00,7.659999618559e-02
-7.961570210057e-01,3.688918495433e+00,7.662918831557e-02
-7.960098115613e-01,5.901383417087e+00,7.658185602110e-02
-7.956373638666e-01,2.304205993303e+00,7.660828372914e-02
-7.955198711604e-01,3.721121111762e+00,7.661588687691e-02
-7.952344488148e-01,9.711142221431e+00,7.641754822468e-02
-7.950218123211e-01,2.336408609632e+00,7.659541577623e-02
-7.948827213151e-01,3.753323728091e+00,7.660256865966e-02
-7.947053886053e-01,9.060896676349e+00,7.642847266502e-02
-7.946717436044e-01,7.445300630284e+00,7.649522922240e-02
-7.946551714369e-01,7.003106722607e+00,7.651077725123e-02
-7.944761854286e-01,1.026506051374e+01,6.200351643116e-02
-7.944062607757e-01,2.368611225961e+00,7.658253213665e-02
-7.942455714698e-01,3.785526344419e+00,7.658923363225e-02
-7.941593301417e-01,5.275457073805e+00,7.657027139777e-02
-7.941416527724e-01,6.593239931361e+00,7.651485238878e-02
-7.940833013185e-01,8.458366398267e+00,7.643978715421e-02
-7.938378228002e-01,7.919887218557e+00,7.645711907466e-02
-7.937907092302e-01,2.400813842289e+00,7.656963278186e-02
-7.936084216245e-01,3.817728960748e+00,7.657588176299e-02
-7.934839217846e-01,6.215626814471e+00,7.651521052989e-02
-7.934470805208e-01,4.746229265660e+00,7.657264299312e-02
-7.931751576848e-01,2.433016458617e+00,7.655671768326e-02
-7.931423317139e-01,5.556828489266e+00,7.653546179188e-02
-7.931145774727e-01,4.994909610854e+00,7.655678303634e-02
-7.930883818526e-01,9.686220255603e+00,7.636893650246e-02
-7.930338392881e-01,5.870186059105e+00,7.651954358183e-02
-7.929712717792e-01,3.849931577077e+00,7.656251302015e-02
-7.925596061393e-01,2.465219074946e+00,7.654378681215e-02
-7.925371329112e-01,9.029418205568e+00,7.638279693475e-02
-7.924524590289e-01,1.024012811378e+01,6.345907892106e-02
-7.923341219339e-01,3.882134193405e+00,7.654912737190e-02
-7.921562069240e-01,7.413934800787e+00,7.644205885636e-02
-7.920242345041e-01,6.971781053825e+00,7.645524436046e-02
-7.919440545939e-01,2.497421691274e+00,7.653084013980e-02
-7.917991113480e-01,8.426924166941e+00,7.639169758469e-02
-7.917753698271e-01,4.687500150008e-02,7.898741401243e-02
-7.917753698271e-01,2.031250065004e-01,7.773862232214e-02
-7.917753698271e-01,2.343750075005e-01,7.752399759523e-02
-7.917753698271e-01,4.531250145001e-01,7.657013002279e-02
-7.917753698271e-01,5.781250184998e-01,7.651646001643e-02
-7.917753698271e-01,6.093750194998e-01,7.651646001643e-02
-7.917753698271e-01,6.406250204997e-01,7.651646001643e-02
-7.917753698271e-01,7.031250224996e-01,7.651646001643e-02
-7.917753698271e-01,7.656250244995e-01,7.651646001643e-02
-7.917753698271e-01,8.593750274998e-01,7.651646001643e-02
-7.917753698271e-01,1.562500050003e-02,7.926000377610e-02
-7.917753698271e-01,7.812500250012e-02,7.872023738447e-02
-7.917753698271e-01,2.656250085005e-01,7.732545889054e-02
-7.917753698271e-01,4.843750155000e-01,7.652991926469e-02
-7.917753698271e-01,6.718750214997e-01,7.651646001643e-02
-7.917753698271e-01,7.343750234996e-01,7.651646001643e-02
-7.917753698271e-01,7.968750254996e-01,7.651646001643e-02
-7.917753698271e-01,8.906250284999e-01,7.651646001643e-02
-7.917753698271e-01,1.093750035002e-01,7.846004471831e-02
-7.917753698271e-01,1.406250045003e-01,7.820851626926e-02
-7.917753698271e-01,1.718750055004e-01,7.796742635523e-02
-7.917753698271e-01,2.968750095005e-01,7.714488806227e-02
-7.917753698271e-01,3.281250105004e-01,7.698409952334e-02
-7.917753698271e-01,3.593750115003e-01,7.684479466063e-02
-7.917753698271e-01,3.906250125002e-01,7.672851512436e-02
-7.917753698271e-01,4.218750135001e-01,7.663659724112e-02
-7.917753698271e-01,5.156250165000e-01,7.651646001643e-02
-7.917753698271e-01,5.468750174999e-01,7.651646001643e-02
-7.917753698271e-01,8.281250264997e-01,7.651646001643e-02
-7.917753698271e-01,9.218750295000e-01,7.651646001643e-02
-7.917753698271e-01,9.531250305000e-01,7.651646001643e-02
-7.917753698271e-01,9.843750315000e-01,7.651646001643e-02
-7.916969720886e-01,3.914336809734e+00,7.653572478632e-02
-7.914783932043e-01,1.016101340164e+00,7.651020373772e-02
-7.914378704702e-01,7.888482534597e+00,7.640666535182e-02
-7.913955057701e-01,6.561955728675e+00,7.645692293080e-02
-7.913285030485e-01,2.529624307603e+00,7.651787763740e-02
-7.910598222434e-01,3.946539426063e+00,7.652230523144e-02
-7.909543662430e-01,5.244351770875e+00,7.650256155800e-02
-7.909423148903e-01,9.661298289776e+00,7.632228397000e-02
-7.908844399587e-01,1.048303956493e+00,7.649768010533e-02
-7.907129515030e-01,2.561826923931e+00,7.650489927604e-02
-7.906227609767e-01,6.184385382361e+00,7.645488854959e-02
-7.904287326293e-01,1.021519571383e+01,6.480115538722e-02
-7.904226723981e-01,3.978742042391e+00,7.650886867519e-02
-7.903688772171e-01,8.997939734786e+00,7.633693038716e-02
-7.902904867131e-01,1.080506572821e+00,7.648514168461e-02
-7.900973999576e-01,2.594029540260e+00,7.649190502677e-02
-7.900578670149e-01,5.838988701122e+00,7.645687734282e-02
-7.900517563879e-01,5.525676508005e+00,7.647054929407e-02
-7.900140071640e-01,4.715221220135e+00,7.650031673424e-02
-7.897954455442e-01,4.963852286849e+00,7.648665450873e-02
-7.897855225528e-01,4.010944658720e+00,7.649541508542e-02
-7.896965334675e-01,1.112709189150e+00,7.647258844952e-02
-7.896406702437e-01,7.382568971290e+00,7.638862830154e-02
-7.895149213775e-01,8.395481935614e+00,7.634339699962e-02
-7.894818484121e-01,2.626232156588e+00,7.647889486056e-02
-7.893932975713e-01,6.940455385044e+00,7.639942830002e-02
-7.891483727075e-01,4.043147275049e+00,7.648194442990e-02
-7.891025802219e-01,1.144911805478e+00,7.646002037393e-02
-7.890379181402e-01,7.857077850637e+00,7.635597990448e-02
-7.888662968667e-01,2.658434772917e+00,7.646586874831e-02
-7.888432036106e-01,9.633080606093e+00,7.627755213072e-02
-7.886493587678e-01,6.530671525989e+00,7.639868633040e-02
-7.885112228622e-01,4.075349891377e+00,7.646845667632e-02
-7.885086269763e-01,1.177114421807e+00,7.644743743165e-02
-7.884050062297e-01,1.019026331387e+01,6.604248920042e-02
-7.882507453212e-01,2.690637389245e+00,7.645282666086e-02
-7.882006215230e-01,8.966461264005e+00,7.629087187694e-02
-7.879146737307e-01,1.209317038135e+00,7.643483959644e-02
-7.878740730169e-01,4.107552507706e+00,7.645495179229e-02
-7.877616001687e-01,6.153143950250e+00,7.639423479602e-02
-7.877494023443e-01,5.213246467944e+00,7.643443208759e-02
-7.876351937758e-01,2.722840005574e+00,7.643976856896e-02
-7.873207204850e-01,1.241519654464e+00,7.642222684199e-02
-7.872369231716e-01,4.139755124035e+00,7.644142974533e-02
-7.872307314071e-01,8.364039704288e+00,7.629488407481e-02
-7.871251335633e-01,7.351203141793e+00,7.633493572064e-02
-7.870818947417e-01,5.807791343139e+00,7.639385447002e-02
-7.870196422303e-01,2.755042621902e+00,7.642669444330e-02
-7.869611810619e-01,5.494524526744e+00,7.640525559047e-02
-7.867910480132e-01,9.601567204555e+00,7.623372046050e-02
-7.867623606385e-01,6.909129716262e+00,7.634332699607e-02
-7.867267672395e-01,1.273722270792e+00,7.640959914193e-02
-7.866379658101e-01,7.825673166677e+00,7.630506121833e-02
-7.865997733263e-01,4.171957740363e+00,7.642789050289e-02
-7.865809338071e-01,4.684213174611e+00,7.642751618251e-02
-7.864763136158e-01,4.932794962845e+00,7.641607820159e-02
-7.864040906849e-01,2.787245238231e+00,7.641360425448e-02
-7.863812798301e-01,1.016533091391e+01,6.719398492757e-02
-7.861328139938e-01,1.305924887121e+00,7.639695646982e-02
-7.860323658288e-01,8.934982793223e+00,7.624462025014e-02
-7.859626234810e-01,4.204160356692e+00,7.641433403233e-02
-7.859032117655e-01,6.499387323303e+00,7.634014026129e-02
-7.857885391395e-01,2.819447854560e+00,7.640049797307e-02
-7.855388607482e-01,1.338127503449e+00,7.638429879917e-02
-7.853254736358e-01,4.236362973020e+00,7.640076030094e-02
-7.851729875940e-01,2.851650470888e+00,7.638737556952e-02
-7.849465414366e-01,8.332597472962e+00,7.624615747568e-02
-7.849449075026e-01,1.370330119778e+00,7.637162610342e-02
-7.849004393608e-01,6.121902518140e+00,7.633324667849e-02
-7.847388924159e-01,9.570053803017e+00,7.618974969629e-02
-7.846883237905e-01,4.268565589349e+00,7.638716927590e-02
-7.846095968829e-01,7.319837312296e+00,7.628097925988e-02
-7.845574360485e-01,2.883853087217e+00,7.637423701424e-02
-7.845444384456e-01,5.182141165014e+00,7.636587928804e-02
-7.843575534305e-01,1.014039851396e+01,6.826502845311e-02
-7.843509542570e-01,1.402532736107e+00,7.635893835596e-02
-7.842380134801e-01,7.794268482717e+00,7.625390776688e-02
-7.841314237058e-01,6.877804047480e+00,7.628693835571e-02
-7.841059224685e-01,5.776593985156e+00,7.633047210179e-02
-7.840511739452e-01,4.300768205678e+00,7.637356092433e-02
-7.839418845031e-01,2.916055703546e+00,7.636108227756e-02
-7.838706057359e-01,5.463372545483e+00,7.633957754896e-02
-7.838641101347e-01,8.903504322442e+00,7.619817434411e-02
-7.837570010114e-01,1.434735352435e+00,7.634623553010e-02
-7.834140240999e-01,4.332970822006e+00,7.635993521326e-02
-7.833263329576e-01,2.948258319874e+00,7.634791132972e-02
-7.831630477658e-01,1.466937968764e+00,7.633351759910e-02
-7.831571816873e-01,4.901737638841e+00,7.634505007957e-02
-7.831570647632e-01,6.468103120617e+00,7.628128237531e-02
-7.831478604502e-01,4.653205129087e+00,7.635423698468e-02
-7.827768742546e-01,4.365173438335e+00,7.634629210964e-02
-7.827107814122e-01,2.980460936203e+00,7.633472414092e-02
-7.826867368186e-01,9.538540401479e+00,7.614560337092e-02
-7.826623514661e-01,8.301155241635e+00,7.619721585723e-02
-7.825690945202e-01,1.499140585092e+00,7.632078453613e-02
-7.823338270309e-01,1.011546611400e+01,6.926374247395e-02
-7.821397244093e-01,4.397376054664e+00,7.633263158034e-02
-7.820952298667e-01,3.012663552532e+00,7.632152068125e-02
-7.820940602025e-01,7.288471482798e+00,7.622675704891e-02
-7.820392785529e-01,6.090661086030e+00,7.627192158144e-02
-7.819751412746e-01,1.531343201420e+00,7.630803631434e-02
-7.818380611500e-01,7.762863798757e+00,7.620251801126e-02
-7.816958544406e-01,8.872025851661e+00,7.615153298738e-02
-7.815025745640e-01,4.429578670992e+00,7.631895359212e-02
-7.815004867730e-01,6.846478378698e+00,7.623026026678e-02
-7.814796783213e-01,3.044866168860e+00,7.630830092076e-02
-7.813811880290e-01,1.563545817749e+00,7.629527290679e-02
-7.813394745469e-01,5.151035862083e+00,7.629689942065e-02
-7.811299501953e-01,5.745396627174e+00,7.626672734869e-02
-7.808654247187e-01,4.461781287321e+00,7.630525811168e-02
-7.808641267759e-01,3.077068785189e+00,7.629506482941e-02
-7.807872347834e-01,1.595748434077e+00,7.628249428648e-02
-7.807800304099e-01,5.432220564221e+00,7.627351200670e-02
-7.806345812213e-01,9.507026999941e+00,7.610128047416e-02
-7.804109177610e-01,6.436818917931e+00,7.622211030211e-02
-7.803781614956e-01,8.269713010309e+00,7.614805786389e-02
-7.803101006312e-01,1.009053371405e+01,7.019719209351e-02
-7.802485752304e-01,3.109271401518e+00,7.628181237707e-02
-7.802282748734e-01,4.493983903650e+00,7.629154510564e-02
-7.801932815378e-01,1.627951050406e+00,7.626970042634e-02
-7.798380497589e-01,4.870680314836e+00,7.627356606318e-02
-7.797147870934e-01,4.622197083562e+00,7.628047473980e-02
-7.796330236850e-01,3.141474017846e+00,7.626854353358e-02
-7.795993282922e-01,1.660153666734e+00,7.625689129924e-02
-7.795911250281e-01,4.526186519978e+00,7.627781454051e-02
-7.795785235221e-01,7.257105653301e+00,7.617226720058e-02
-7.795275987464e-01,8.840547380879e+00,7.610469499963e-02
-7.794381088200e-01,7.731459114797e+00,7.615089040021e-02
-7.791781177449e-01,6.059419653920e+00,7.621025686417e-02
-7.790174721395e-01,3.173676634175e+00,7.625525826866e-02
-7.790053750466e-01,1.692356283063e+00,7.624406687799e-02
-7.789539751829e-01,4.558389136307e+00,7.626406638274e-02
-7.788695498402e-01,6.815152709916e+00,7.617329059760e-02
-7.785824256240e-01,9.475513598403e+00,7.605677998848e-02
-7.784114218010e-01,1.724558899391e+00,7.623122713534e-02
-7.784019205941e-01,3.205879250504e+00,7.624195655198e-02
-7.783168253376e-01,4.590591752636e+00,7.625030059867e-02
-7.782863742316e-01,1.006560131409e+01,7.107155152727e-02
-7.781539779221e-01,5.714199269191e+00,7.620261729310e-02
-7.781345106481e-01,5.119930559153e+00,7.622748870605e-02
-7.780939715251e-01,8.238270778982e+00,7.609868212946e-02
-7.778174685554e-01,1.756761515720e+00,7.621837204397e-02
-7.777863690486e-01,3.238081866832e+00,7.622863835314e-02
-7.776894550839e-01,5.401068582960e+00,7.620705576988e-02
-7.776647707587e-01,6.405534715245e+00,7.616262164900e-02
-7.773593430523e-01,8.809068910098e+00,7.605765919160e-02
-7.772235153098e-01,1.788964132048e+00,7.620550157647e-02
-7.771708175031e-01,3.270284483161e+00,7.621530364164e-02
-7.770629868418e-01,7.225739823804e+00,7.611750781083e-02
-7.770381564900e-01,7.700054430837e+00,7.609902336989e-02
-7.766295620642e-01,1.821166748377e+00,7.619261570542e-02
-7.765552659577e-01,3.302487099489e+00,7.620195238693e-02
-7.765302700267e-01,9.444000196865e+00,7.601210088892e-02
-7.765189178304e-01,4.839622990832e+00,7.620162202821e-02
-7.763169569370e-01,6.028178221810e+00,7.614824986059e-02
-7.762626478320e-01,1.004066891414e+01,7.189224023913e-02
-7.762386129075e-01,6.783827041134e+00,7.611602719686e-02
-7.760356088186e-01,1.853369364705e+00,7.617971440328e-02
-7.759397144122e-01,3.334689715818e+00,7.618858455837e-02
-7.758097815546e-01,8.206828547656e+00,7.604908727702e-02
-7.754416555729e-01,1.885571981034e+00,7.616679764248e-02
-7.753241628668e-01,3.366892332147e+00,7.617520012525e-02
-7.751910873582e-01,8.777590439316e+00,7.601042436501e-02
-7.751780056489e-01,5.683001911208e+00,7.613813898904e-02
-7.749986620871e-01,1.064460477189e+01,6.608629157725e-06
-7.749295467494e-01,5.088825256223e+00,7.615764332373e-02
-7.749186237564e-01,6.374250512559e+00,7.610281400067e-02
-7.748477023273e-01,1.917774597362e+00,7.615386539536e-02
-7.747086113214e-01,3.399094948475e+00,7.616179905678e-02
-7.746382041600e-01,7.668649746877e+00,7.604659092216e-02
-7.745988797580e-01,5.369916601699e+00,7.614020561334e-02
-7.745474501614e-01,7.194373994307e+00,7.606247695844e-02
-7.744781144294e-01,9.412486795327e+00,7.596724214307e-02
-7.742537490817e-01,1.949977213690e+00,7.614091763421e-02
-7.742389214324e-01,1.001573651418e+01,7.266403485449e-02
-7.740930597759e-01,3.431297564804e+00,7.614838132211e-02
-7.736597958361e-01,1.982179830019e+00,7.612795433126e-02
-7.736076759747e-01,6.752501372353e+00,7.605846789333e-02
-7.735255915842e-01,8.175386316330e+00,7.599927191883e-02
-7.734775082305e-01,3.463500181133e+00,7.613494689029e-02
-7.734557961290e-01,5.996936789700e+00,7.608589787895e-02
-7.731997859020e-01,4.808565666828e+00,7.612921380530e-02
-7.730973267742e-01,1.061966253698e+01,1.009302410241e-02
-7.730658425905e-01,2.014382446347e+00,7.611497545864e-02
-7.730228316640e-01,8.746111968535e+00,7.596298931247e-02
-7.728619566850e-01,3.495702797461e+00,7.612149573031e-02
-7.724718893449e-01,2.046585062676e+00,7.610198098847e-02
-7.724259588320e-01,9.380973393789e+00,7.592220271097e-02
-7.722464051396e-01,3.527905413790e+00,7.610802781108e-02
-7.722382518299e-01,7.637245062918e+00,7.599376353874e-02
-7.722151950328e-01,9.990804114224e+00,7.339116173377e-02
-7.722020333757e-01,5.651804553225e+00,7.607328946180e-02
-7.721724767541e-01,6.342966309873e+00,7.604268491896e-02
-7.720319134810e-01,7.163008164810e+00,7.600717270493e-02
-7.718779360993e-01,2.078787679004e+00,7.608897089274e-02
-7.717245828507e-01,5.057719953292e+00,7.608735941156e-02
-7.716308535941e-01,3.560108030119e+00,7.609454310141e-02
-7.715083044320e-01,5.338764620438e+00,7.607295828035e-02
-7.712839828537e-01,2.110990295332e+00,7.607594514341e-02
-7.712414016137e-01,8.143944085003e+00,7.594923465624e-02
-7.711959914612e-01,1.059472030207e+01,1.830229696367e-02
-7.710153020487e-01,3.592310646447e+00,7.608104157008e-02
-7.709767390419e-01,6.721175703571e+00,7.600061049570e-02
-7.708545759699e-01,8.714633497754e+00,7.591535281744e-02
-7.706900296081e-01,2.143192911661e+00,7.606290371238e-02
-7.705946353211e-01,5.965695357590e+00,7.602319820162e-02
-7.703997505032e-01,3.624513262776e+00,7.606752318575e-02
-7.703738032347e-01,9.349459992251e+00,7.587698154506e-02
-7.701914686332e-01,9.965871714268e+00,7.407737399624e-02
-7.700960763625e-01,2.175395527990e+00,7.604984657145e-02
-7.698806539735e-01,4.777508342824e+00,7.605633717938e-02
-7.698382994999e-01,7.605840378958e+00,7.594068435831e-02
-7.697841989578e-01,3.656715879105e+00,7.605398791703e-02
-7.695163768006e-01,7.131642335312e+00,7.595159309433e-02
-7.695021231169e-01,2.207598144318e+00,7.603677369239e-02
-7.694263297518e-01,6.311682107187e+00,7.598223194265e-02
-7.692946561483e-01,1.056977806716e+01,2.510999644626e-02
-7.692260611025e-01,5.620607195242e+00,7.600806570771e-02
-7.691686474123e-01,3.688918495433e+00,7.604043573242e-02
-7.689572116432e-01,8.112501853677e+00,7.589897407956e-02
-7.689081698713e-01,2.239800760646e+00,7.602368504687e-02
-7.686863202758e-01,8.683155026972e+00,7.586751365412e-02
-7.685530958669e-01,3.721121111762e+00,7.602686660038e-02
-7.685196189519e-01,5.026614650362e+00,7.601663306527e-02
-7.684177291060e-01,5.307612639177e+00,7.600495472983e-02
-7.683458021091e-01,6.689850034789e+00,7.594245279238e-02
-7.683216476374e-01,9.317946590713e+00,7.583157759014e-02
-7.683142166257e-01,2.272003376975e+00,7.601058060651e-02
-7.681677422336e-01,9.940939314313e+00,7.472601595831e-02
-7.679375443214e-01,3.753323728091e+00,7.601328048927e-02
-7.677334745131e-01,5.934453925480e+00,7.596014808478e-02
-7.677202633801e-01,2.304205993303e+00,7.599746034285e-02
-7.674383471699e-01,7.574435694998e+00,7.588735164531e-02
-7.673933208354e-01,1.054483583225e+01,3.084667626606e-02
-7.673219927760e-01,3.785526344419e+00,7.599967736737e-02
-7.671263101345e-01,2.336408609632e+00,7.598432422738e-02
-7.670008401203e-01,7.100276505815e+00,7.589573615302e-02
-7.667064412305e-01,3.817728960748e+00,7.598605720289e-02
-7.666801827495e-01,6.280397904501e+00,7.592145258718e-02
-7.666730216727e-01,8.081059622350e+00,7.584848876805e-02
-7.665615220451e-01,4.746451018819e+00,7.598298788917e-02
-7.665323568889e-01,2.368611225961e+00,7.597117223151e-02
-7.665180645817e-01,8.651676556191e+00,7.581947058736e-02
-7.662694920401e-01,9.286433189175e+00,7.578598978329e-02
-7.662500888293e-01,5.589409837259e+00,7.594246469384e-02
-7.661440158340e-01,9.916006914357e+00,7.533983604731e-02
-7.660908896851e-01,3.849931577077e+00,7.597241996395e-02
-7.659384036433e-01,2.400813842289e+00,7.595800432657e-02
-7.657148651764e-01,6.658524366007e+00,7.588399255125e-02
-7.654919855225e-01,1.051989359733e+01,3.574652124488e-02
-7.654753381396e-01,3.882134193405e+00,7.595876561860e-02
-7.653444503977e-01,2.433016458617e+00,7.594482048384e-02
-7.653271537800e-01,5.276460657916e+00,7.593617935370e-02
-7.653146550532e-01,4.995509347431e+00,7.594546033804e-02
-7.650383948399e-01,7.543031011038e+00,7.583376364898e-02
-7.648723137052e-01,5.903212493369e+00,7.589674475817e-02
-7.648597865942e-01,3.914336809734e+00,7.594509413481e-02
-7.647504971521e-01,2.465219074946e+00,7.593162067453e-02
-7.644853034399e-01,7.068910676318e+00,7.583959988955e-02
-7.643888317022e-01,8.049617391024e+00,7.579777728973e-02
-7.643498088875e-01,8.620198085410e+00,7.577122237264e-02
-7.642442350487e-01,3.946539426063e+00,7.593140548047e-02
-7.642173364428e-01,9.254919787637e+00,7.574021705378e-02
-7.641565439065e-01,2.497421691274e+00,7.591840486977e-02
-7.641202894344e-01,9.891074514401e+00,7.592070043142e-02
-7.639340357473e-01,6.249113701815e+00,7.586034434446e-02
-7.636286835033e-01,3.978742042391e+00,7.591769962337e-02
-7.635906502096e-01,1.049495136242e+01,3.998008055854e-02
-7.635625906609e-01,2.529624307603e+00,7.590517304062e-02
-7.632741165560e-01,5.558212479277e+00,7.587648335771e-02
-7.632423901166e-01,4.715393694815e+00,7.590916162670e-02
-7.630839282436e-01,6.627198697225e+00,7.582522751948e-02
-7.630131319578e-01,4.010944658720e+00,7.590397653126e-02
-7.629835381971e-01,1.562500050003e-02,7.886005450077e-02
-7.629835381971e-01,4.687500150008e-02,7.856753531632e-02
-7.629835381971e-01,6.093750194998e-01,7.588035196893e-02
-7.629835381971e-01,6.406250204997e-01,7.588035196893e-02
-7.629835381971e-01,7.812500250012e-02,7.828012046829e-02
-7.629835381971e-01,1.093750035002e-01,7.799953096632e-02
-7.629835381971e-01,1.406250045003e-01,7.772762373534e-02
-7.629835381971e-01,1.718750055004e-01,7.746637600502e-02
-7.629835381971e-01,2.968750095005e-01,7.657026586587e-02
-7.629835381971e-01,3.281250105004e-01,7.639419430257e-02
-7.629835381971e-01,3.593750115003e-01,7.624140159796e-02
-7.629835381971e-01,3.906250125002e-01,7.611368578274e-02
-7.629835381971e-01,4.218750135001e-01,7.601261187334e-02
-7.629835381971e-01,4.531250145001e-01,7.593945956245e-02
-7.629835381971e-01,4.843750155000e-01,7.589517817894e-02
-7.629835381971e-01,5.156250165000e-01,7.588035196893e-02
-7.629835381971e-01,5.468750174999e-01,7.588035196893e-02
-7.629835381971e-01,5.781250184998e-01,7.588035196893e-02
-7.629835381971e-01,6.718750214997e-01,7.588035196893e-02
-7.629835381971e-01,7.031250224996e-01,7.588035196893e-02
-7.629835381971e-01,8.906250284999e-01,7.588035196893e-02
-7.629835381971e-01,2.031250065004e-01,7.721786277403e-02
-7.629835381971e-01,2.656250085005e-01,7.676764153076e-02
-7.629835381971e-01,7.343750234995e-01,7.588035196893e-02
-7.629835381971e-01,7.656250244995e-01,7.588035196893e-02
-7.629835381971e-01,7.968750254996e-01,7.588035196893e-02
-7.629835381971e-01,8.593750274998e-01,7.588035196893e-02
-7.629835381971e-01,9.218750295000e-01,7.588035196893e-02
-7.629835381971e-01,9.843750315000e-01,7.588035196893e-02
-7.629835381971e-01,2.343750075005e-01,7.698422687255e-02
-7.629835381971e-01,8.281250264997e-01,7.588035196893e-02
-7.629835381971e-01,9.531250305000e-01,7.588035196893e-02
-7.629686374153e-01,2.561826923931e+00,7.589192515808e-02
-7.626973607242e-01,1.016101340164e+00,7.587396085960e-02
-7.626384425099e-01,7.511626327078e+00,7.577991860320e-02
-7.623975804124e-01,4.043147275049e+00,7.589023617177e-02
-7.623746841697e-01,2.594029540260e+00,7.587866119308e-02
-7.622365784540e-01,5.245308676654e+00,7.586698181048e-02
-7.621815531934e-01,8.588719614628e+00,7.572276775591e-02
-7.621651808455e-01,9.223406386100e+00,7.569425832306e-02
-7.621250057784e-01,1.048303956493e+00,7.586116742529e-02
-7.621096911545e-01,4.964404044500e+00,7.587383723992e-02
-7.621046417318e-01,8.018175159698e+00,7.574683820134e-02
-7.620965630348e-01,9.866142114445e+00,7.611192847075e-02
-7.620111528972e-01,5.871971061259e+00,7.583298542482e-02
-7.619697667595e-01,7.037544846821e+00,7.578318229446e-02
-7.617820288669e-01,4.075349891377e+00,7.587647851247e-02
-7.617807309240e-01,2.626232156588e+00,7.586538111646e-02
-7.616893148966e-01,1.047000912751e+01,4.367450764732e-02
-7.615526508326e-01,1.080506572821e+00,7.584835901504e-02
-7.611878887450e-01,6.217829499129e+00,7.579890468259e-02
-7.611867776784e-01,2.658434772917e+00,7.585208489902e-02
-7.611664773215e-01,4.107552507706e+00,7.586270352085e-02
-7.609802958869e-01,1.112709189150e+00,7.583553560266e-02
-7.605928244328e-01,2.690637389245e+00,7.583877251147e-02
-7.605509257760e-01,4.139755124035e+00,7.584891116429e-02
-7.604529913108e-01,6.595873028443e+00,7.576615542331e-02
-7.604079409411e-01,1.144911805478e+00,7.582269716193e-02
-7.602981442828e-01,5.527015121294e+00,7.581011860699e-02
-7.602384901798e-01,7.480221643118e+00,7.572581472635e-02
-7.601130252482e-01,9.191892984562e+00,7.564811250465e-02
-7.600728366353e-01,9.841209714490e+00,7.595053043451e-02
-7.600132974993e-01,8.557241143847e+00,7.567410547358e-02
-7.599988711872e-01,2.722840005574e+00,7.582544392444e-02
-7.599353742306e-01,4.171957740363e+00,7.583510141014e-02
-7.599232581881e-01,4.684336370811e+00,7.583485403674e-02
-7.598355859953e-01,1.177114421807e+00,7.580984366655e-02
-7.598204517613e-01,7.986732928371e+00,7.569567004823e-02
-7.597879795837e-01,1.044506689260e+01,4.692653714760e-02
-7.594542300792e-01,7.006179017324e+00,7.572648134007e-02
-7.594049179416e-01,2.755042621902e+00,7.581209910852e-02
-7.593198226851e-01,4.204160356692e+00,7.582127422562e-02
-7.592632310496e-01,1.209317038135e+00,7.579697509017e-02
-7.591499920893e-01,5.840729629149e+00,7.576886726078e-02
-7.591460031280e-01,5.214156695393e+00,7.579735840594e-02
-7.589047272558e-01,4.933298741570e+00,7.580175973739e-02
-7.588109646960e-01,2.787245238231e+00,7.579873803420e-02
-7.587042711397e-01,4.236362973020e+00,7.580742957789e-02
-7.586908761038e-01,1.241519654464e+00,7.578409140637e-02
-7.584417417427e-01,6.186545296443e+00,7.573713104563e-02
-7.582170114504e-01,2.819447854560e+00,7.578536067191e-02
-7.581185211581e-01,1.273722270792e+00,7.577119258869e-02
-7.580887195942e-01,4.268565589349e+00,7.579356743403e-02
-7.580608696508e-01,9.160379583024e+00,7.560177850408e-02
-7.580491102356e-01,9.816277314534e+00,7.580437744872e-02
-7.578866442708e-01,1.042012465769e+01,4.981106791208e-02
-7.578450418051e-01,8.525762673065e+00,7.562523425241e-02
-7.578385378498e-01,7.448816959158e+00,7.567145022115e-02
-7.578220543780e-01,6.564547359661e+00,7.570677396783e-02
-7.576230582048e-01,2.851650470888e+00,7.577196699201e-02
-7.575461662123e-01,1.305924887121e+00,7.575827861057e-02
-7.575362617908e-01,7.955290697045e+00,7.564427136425e-02
-7.574731680488e-01,4.300768205678e+00,7.577968776102e-02
-7.573221720096e-01,5.495817763311e+00,7.574336731922e-02
-7.570291049592e-01,2.883853087217e+00,7.575855696479e-02
-7.569738112665e-01,1.338127503449e+00,7.574534944543e-02
-7.569386933988e-01,6.974813187828e+00,7.566949498032e-02
-7.568576165033e-01,4.332970822006e+00,7.576579052577e-02
-7.566041262597e-01,4.653279046806e+00,7.576006071631e-02
-7.564351517136e-01,2.916055703546e+00,7.574513056045e-02
-7.564014563208e-01,1.370330119778e+00,7.573240506659e-02
-7.562888312813e-01,5.809488197039e+00,7.570438741485e-02
-7.562420649579e-01,4.365173438335e+00,7.575187569511e-02
-7.560554278021e-01,5.183004714132e+00,7.572730540585e-02
-7.560253838361e-01,9.791344914579e+00,7.567459857652e-02
-7.560087140535e-01,9.128866181486e+00,7.555525521885e-02
-7.559853089579e-01,1.039518242277e+01,5.238699511186e-02
-7.558411984680e-01,2.948258319874e+00,7.573168774915e-02
-7.558291013750e-01,1.402532736107e+00,7.571944544734e-02
-7.556997633570e-01,4.902193438639e+00,7.572922375282e-02
-7.556955947404e-01,6.155261093757e+00,7.567502085334e-02
-7.556767861110e-01,8.494284202284e+00,7.557615280940e-02
-7.556265134124e-01,4.397376054664e+00,7.573794323579e-02
-7.554385855198e-01,7.417412275198e+00,7.561682327447e-02
-7.552567464292e-01,1.434735352435e+00,7.570647056088e-02
-7.552520718203e-01,7.923848465718e+00,7.559238347216e-02
-7.552472452224e-01,2.980460936203e+00,7.571822850095e-02
-7.551911174452e-01,6.533221690880e+00,7.564708083675e-02
-7.550109618670e-01,4.429578670992e+00,7.572399311445e-02
-7.546843914835e-01,1.466937968764e+00,7.569348038036e-02
-7.546532919768e-01,3.012663552532e+00,7.570475278584e-02
-7.544231567185e-01,6.943447358331e+00,7.561222115059e-02
-7.543954103215e-01,4.461781287321e+00,7.571002529766e-02
-7.543461997364e-01,5.464620405328e+00,7.567622634154e-02
-7.541120365377e-01,1.499140585092e+00,7.568047487887e-02
-7.540839736449e-01,1.037024018786e+01,5.470126789563e-02
-7.540593387312e-01,3.044866168860e+00,7.569126057374e-02
-7.540016574365e-01,9.766412514623e+00,7.556223673548e-02
-7.539565584562e-01,9.097352779948e+00,7.550854153834e-02
-7.537798587761e-01,4.493983903650e+00,7.569603975193e-02
-7.535396815919e-01,1.531343201420e+00,7.566745402944e-02
-7.535085304169e-01,8.462805731503e+00,7.552685985175e-02
-7.534653854855e-01,3.077068785189e+00,7.567775183452e-02
-7.534276704734e-01,5.778246764929e+00,7.563954300833e-02
-7.532849943312e-01,4.622221722802e+00,7.568477721415e-02
-7.531643072306e-01,4.526186519978e+00,7.568203644365e-02
-7.530386331897e-01,7.386007591238e+00,7.556193205723e-02
-7.529678818498e-01,7.892406234392e+00,7.554004791373e-02
-7.529673266462e-01,1.563545817749e+00,7.565441780502e-02
-7.529648524761e-01,5.151852732871e+00,7.565681903548e-02
-7.529494477381e-01,6.123976891071e+00,7.561257150096e-02
-7.528714322399e-01,3.109271401518e+00,7.566422653793e-02
-7.525601805124e-01,6.501896022098e+00,7.558707369222e-02
-7.525487556852e-01,4.558389136307e+00,7.566801533915e-02
-7.524947994583e-01,4.871088135709e+00,7.565622516401e-02
-7.523949717004e-01,1.595748434077e+00,7.564136617851e-02
-7.522774789943e-01,3.141474017846e+00,7.565068465369e-02
-7.521826383320e-01,1.034529795295e+01,5.679177207008e-02
-7.519779310368e-01,9.741480114667e+00,7.546822635893e-02
-7.519332041397e-01,4.590591752636e+00,7.565397640465e-02
-7.519076200381e-01,6.912081528834e+00,7.555465776747e-02
-7.519044028589e-01,9.065839378410e+00,7.546163634374e-02
-7.518226167546e-01,1.627951050406e+00,7.562829912275e-02
-7.516835257487e-01,3.173676634175e+00,7.563712615143e-02
-7.513702274632e-01,5.433423047345e+00,7.560869249035e-02
-7.513402747228e-01,8.431327260721e+00,7.547735407678e-02
-7.512502618089e-01,1.660153666734e+00,7.561521661050e-02
-7.510895725031e-01,3.205879250504e+00,7.562355100069e-02
-7.506836918793e-01,7.860964003065e+00,7.548747003787e-02
-7.506779068631e-01,1.692356283063e+00,7.560211861446e-02
-7.506386808597e-01,7.354602907278e+00,7.550677472417e-02
-7.505665096655e-01,5.747005332819e+00,7.557433113470e-02
-7.504956192575e-01,3.238081866832e+00,7.560995917097e-02
-7.502813030191e-01,1.032035571804e+01,5.868941647220e-02
-7.502033007358e-01,6.092692688385e+00,7.554978035892e-02
-7.501055519173e-01,1.724558899391e+00,7.558900510729e-02
-7.499542046372e-01,9.716547714712e+00,7.539337223232e-02
-7.499292435796e-01,6.470570353316e+00,7.552675017455e-02
-7.499016660119e-01,3.270284483161e+00,7.559635063165e-02
-7.498742771501e-01,5.120700751610e+00,7.558589547915e-02
-7.498522472616e-01,9.034325976872e+00,7.541453850799e-02
-7.495331969716e-01,1.756761515720e+00,7.557587606155e-02
-7.493920833578e-01,6.880715699337e+00,7.549680272861e-02
-7.493077127663e-01,3.302487099489e+00,7.558272535208e-02
-7.492898355596e-01,4.839982832779e+00,7.558275980363e-02
-7.491720190287e-01,8.399848789940e+00,7.542763417180e-02
-7.489608420258e-01,1.788964132048e+00,7.556273144975e-02
-7.487137595207e-01,3.334689715818e+00,7.556908330151e-02
-7.483995019088e-01,7.829521771739e+00,7.543464821874e-02
-7.483942551900e-01,5.402225689362e+00,7.554076255106e-02
-7.483884870801e-01,1.821166748377e+00,7.554957124435e-02
-7.483799677062e-01,1.029541348313e+01,6.041966837125e-02
-7.482387285297e-01,7.323198223318e+00,7.545134941376e-02
-7.481198062751e-01,3.366892332147e+00,7.555542444912e-02
-7.479304782376e-01,9.691615314756e+00,7.533833040408e-02
-7.478161321343e-01,1.853369364705e+00,7.553639541773e-02
-7.478000916643e-01,9.002812575334e+00,7.536724689573e-02
-7.477053488575e-01,5.715763900709e+00,7.550874885936e-02
-7.475258530295e-01,3.399094948475e+00,7.554174876401e-02
-7.474571537336e-01,6.061408485699e+00,7.548664477264e-02
-7.472983066468e-01,6.439244684534e+00,7.546610790203e-02
-7.472437771885e-01,1.885571981034e+00,7.552320394220e-02
-7.470037633345e-01,8.368370319158e+00,7.537769881407e-02
-7.469318997838e-01,3.431297564804e+00,7.552805621522e-02
-7.468765466774e-01,6.849349869840e+00,7.543865391248e-02
-7.467837018241e-01,5.089548770349e+00,7.551453087975e-02
-7.466714222428e-01,1.917774597362e+00,7.550999679001e-02
-7.464786323932e-01,1.027047124821e+01,6.200370049436e-02
-7.463379465382e-01,3.463500181133e+00,7.551434677170e-02
-7.461153119384e-01,7.798079540413e+00,7.538158081662e-02
-7.460990672970e-01,1.949977213690e+00,7.549677393335e-02
-7.460848716609e-01,4.808877529848e+00,7.550882345876e-02
-7.459067518380e-01,9.666682914800e+00,7.529116690467e-02
-7.458387761996e-01,7.291793539358e+00,7.539565424796e-02
-7.457479360670e-01,8.971299173796e+00,7.531976036321e-02
-7.457439932926e-01,3.495702797461e+00,7.550062040232e-02
-7.455267123512e-01,1.982179830019e+00,7.548353534434e-02
-7.454182829168e-01,5.371028331379e+00,7.547243327777e-02
-7.451500400470e-01,3.527905413790e+00,7.548687707588e-02
-7.449543574055e-01,2.014382446347e+00,7.547028099503e-02
-7.448441880496e-01,5.684522468599e+00,7.544279321937e-02
-7.448355076404e-01,8.336891848377e+00,7.532754667069e-02
-7.447110067313e-01,6.030124283013e+00,7.542316206221e-02
-7.446673697141e-01,6.407919015753e+00,7.540514447069e-02
-7.445772970803e-01,1.024552901330e+01,6.345925965199e-02
-7.445560868014e-01,3.560108030119e+00,7.547311676111e-02
-7.443820024597e-01,2.046585062676e+00,7.545701085741e-02
-7.443610099970e-01,6.817984040342e+00,7.538020917821e-02
-7.439621335558e-01,3.592310646447e+00,7.545933942666e-02
-7.439269407480e-01,9.638443203403e+00,7.524554940998e-02
-7.438311219679e-01,7.766637309086e+00,7.532826617773e-02
-7.438096475139e-01,2.078787679004e+00,7.544372490340e-02
-7.436957804697e-01,8.939785772258e+00,7.527207775819e-02
-7.436931264981e-01,5.058396789087e+00,7.544272133821e-02
-7.434388238696e-01,7.260388855398e+00,7.533968733210e-02
-7.433681803102e-01,3.624513262776e+00,7.544554504109e-02
-7.432372925682e-01,2.110990295332e+00,7.543042310486e-02
-7.428799077621e-01,4.777772226918e+00,7.543441187031e-02
-7.427742270646e-01,3.656715879105e+00,7.543173357290e-02
-7.426759617674e-01,1.022058677839e+01,6.480133273158e-02
-7.426672519463e-01,8.305413377595e+00,7.527717639852e-02
-7.426649376224e-01,2.143192911661e+00,7.541710543358e-02
-7.424423106436e-01,5.339830973397e+00,7.540303755828e-02
-7.421802738190e-01,3.688918495433e+00,7.541790499051e-02
-7.420925826767e-01,2.175395527990e+00,7.540377186127e-02
-7.420364327813e-01,6.376593346971e+00,7.534385745408e-02
-7.419910449678e-01,9.606896180565e+00,7.520027580718e-02
-7.419830272416e-01,5.653281036489e+00,7.537646122317e-02
-7.419648597290e-01,5.998840080327e+00,7.535932952220e-02
-7.418454733167e-01,6.786618210845e+00,7.532146636540e-02
-7.416436248723e-01,8.908272370720e+00,7.522419791994e-02
-7.415863205734e-01,3.721121111762e+00,7.540405926224e-02
-7.415469319974e-01,7.735195077760e+00,7.527470263413e-02
-7.415202277309e-01,2.207598144318e+00,7.539042235959e-02
-7.410388715396e-01,7.228984171439e+00,7.528344675471e-02
-7.409923673278e-01,3.753323728091e+00,7.539019635636e-02
-7.409478727851e-01,2.239800760646e+00,7.537705690013e-02
-7.407746264545e-01,1.019564454348e+01,6.604266314367e-02
-7.406025511721e-01,5.027244807826e+00,7.537046291309e-02
-7.404989962521e-01,8.273934906814e+00,7.522658664411e-02
-7.403984140822e-01,3.785526344419e+00,7.537631624105e-02
-7.403755178394e-01,2.272003376975e+00,7.536367545440e-02
-7.400551491874e-01,9.575349157728e+00,7.515486470393e-02
-7.398044608366e-01,3.817728960748e+00,7.536241888440e-02
-7.398031628936e-01,2.304205993303e+00,7.535027799385e-02
-7.396749438634e-01,4.746666923987e+00,7.535952073256e-02
-7.395914692750e-01,8.876758969182e+00,7.517611967913e-02
-7.394663383704e-01,5.308633615414e+00,7.533315280207e-02
-7.394054958485e-01,6.345267678189e+00,7.528224440301e-02
-7.393299366363e-01,6.755252381348e+00,7.526242329389e-02
-7.392627420269e-01,7.703752846433e+00,7.522088850352e-02
-7.392308079478e-01,2.336408609632e+00,7.533686448988e-02
-7.392187127267e-01,5.967555877641e+00,7.529514442134e-02
-7.392105075909e-01,3.849931577077e+00,7.534850425445e-02
-7.391218664337e-01,5.622039604379e+00,7.530974985025e-02
-7.388732911415e-01,1.017070230857e+01,6.719415548454e-02
-7.386584530021e-01,2.368611225961e+00,7.532343491379e-02
-7.386389192096e-01,7.197579487479e+00,7.522693058731e-02
-7.386165543453e-01,3.882134193405e+00,7.533457231914e-02
-7.383307405580e-01,8.242456436033e+00,7.517577604359e-02
-7.381192534072e-01,9.543802134890e+00,7.510927523997e-02
-7.380860980563e-01,2.400813842289e+00,7.530998923683e-02
-7.380226010997e-01,3.914336809734e+00,7.532062304633e-02
-7.375393136777e-01,8.845245567644e+00,7.512784185774e-02
-7.375137431105e-01,2.433016458617e+00,7.529652743018e-02
-7.375119758461e-01,4.996092826565e+00,7.529775161999e-02
-7.374286478541e-01,3.946539426063e+00,7.530665640381e-02
-7.369785520564e-01,7.672310615107e+00,7.516682208918e-02
-7.369719558286e-01,1.014576007365e+01,6.826519566016e-02
-7.369413881648e-01,2.465219074946e+00,7.528304946495e-02
-7.368346946085e-01,3.978742042391e+00,7.529267235928e-02
-7.368143999560e-01,6.723886551851e+00,7.520307776356e-02
-7.367745589157e-01,6.313942009407e+00,7.522030284537e-02
-7.364903660972e-01,5.277436257431e+00,7.526284342911e-02
-7.364725657244e-01,5.936271674955e+00,7.523060400231e-02
-7.364699799647e-01,4.715561621057e+00,7.528414569261e-02
-7.363690332190e-01,2.497421691274e+00,7.526955531218e-02
-7.362607056257e-01,5.590798172268e+00,7.524265605092e-02
-7.362407413629e-01,4.010944658720e+00,7.527867088037e-02
-7.362389668795e-01,7.166174803519e+00,7.517013688430e-02
-7.361833576269e-01,9.512255112053e+00,7.506350640734e-02
-7.361624848639e-01,8.210977965251e+00,7.512453723474e-02
-7.357966782733e-01,2.529624307603e+00,7.525604494284e-02
-7.356467881173e-01,4.043147275049e+00,7.526465193462e-02
-7.354871580804e-01,8.813732166106e+00,7.507936326903e-02
-7.352243233275e-01,2.561826923931e+00,7.524251832783e-02
-7.350706205157e-01,1.012081783874e+01,6.926390638308e-02
-7.350528348717e-01,4.075349891377e+00,7.525061548951e-02
-7.346943620859e-01,7.640868383781e+00,7.511250167976e-02
-7.346519683817e-01,2.594029540260e+00,7.522897543798e-02
-7.344588816261e-01,4.107552507706e+00,7.523656151240e-02
-7.344214005201e-01,4.964940845304e+00,7.522458343113e-02
-7.342988632756e-01,6.692520722354e+00,7.514342755414e-02
-7.342474618466e-01,9.480708089215e+00,7.501755719092e-02
-7.341917065670e-01,1.562500050003e-02,7.844740177098e-02
-7.341917065670e-01,4.687500150008e-02,7.813322168162e-02
-7.341917065670e-01,7.812500250012e-02,7.782371244120e-02
-7.341917065670e-01,1.093750035002e-01,7.752075605227e-02
-7.341917065670e-01,1.406250045003e-01,7.722640253790e-02
-7.341917065670e-01,2.968750095005e-01,7.596453768993e-02
-7.341917065670e-01,3.281250105004e-01,7.577122926267e-02
-7.341917065670e-01,3.593750115003e-01,7.560317875864e-02
-7.341917065670e-01,3.906250125002e-01,7.546249244320e-02
-7.341917065670e-01,4.218750135001e-01,7.535101205686e-02
-7.341917065670e-01,4.531250145001e-01,7.527024923441e-02
-7.341917065670e-01,4.843750155000e-01,7.522132859151e-02
-7.341917065670e-01,5.156250165000e-01,7.520494359420e-02
-7.341917065670e-01,5.468750174999e-01,7.520494359420e-02
-7.341917065670e-01,6.406250204997e-01,7.520494359420e-02
-7.341917065670e-01,6.718750214996e-01,7.520494359420e-02
-7.341917065670e-01,7.031250224996e-01,7.520494359420e-02
-7.341917065670e-01,1.718750055004e-01,7.694285470122e-02
-7.341917065670e-01,2.656250085005e-01,7.618080312371e-02
-7.341917065670e-01,5.781250184998e-01,7.520494359420e-02
-7.341917065670e-01,6.093750194998e-01,7.520494359420e-02
-7.341917065670e-01,7.343750234995e-01,7.520494359420e-02
-7.341917065670e-01,7.656250244995e-01,7.520494359420e-02
-7.341917065670e-01,7.968750254996e-01,7.520494359420e-02
-7.341917065670e-01,8.906250284999e-01,7.520494359420e-02
-7.341917065670e-01,9.218750295000e-01,7.520494359420e-02
-7.341917065670e-01,9.843750315000e-01,7.520494359420e-02
-7.341917065670e-01,2.031250065004e-01,7.667244446528e-02
-7.341917065670e-01,2.343750075005e-01,7.641759997873e-02
-7.341917065670e-01,8.281250264996e-01,7.520494359420e-02
-7.341917065670e-01,9.531250305000e-01,7.520494359420e-02
-7.341917065670e-01,8.593750274998e-01,7.520494359420e-02
-7.341436219829e-01,6.282616340625e+00,7.515803028584e-02
-7.340796134360e-01,2.626232156588e+00,7.521541624406e-02
-7.339942291698e-01,8.179499494470e+00,7.507281594023e-02
-7.339163282441e-01,1.016101340164e+00,7.519841287342e-02
-7.338649283805e-01,4.139755124035e+00,7.522248997060e-02
-7.338390145495e-01,7.134770119559e+00,7.511306368275e-02
-7.337264187221e-01,5.904987472269e+00,7.516570548145e-02
-7.335143938240e-01,5.246238899448e+00,7.519210575308e-02
-7.335072584902e-01,2.658434772917e+00,7.520184071676e-02
-7.334350024831e-01,8.782218764568e+00,7.503068271744e-02
-7.333995448178e-01,5.559556740158e+00,7.517517674603e-02
-7.333655715981e-01,1.048303956493e+00,7.518534007723e-02
-7.332709751348e-01,4.171957740363e+00,7.520840083134e-02
-7.332650160660e-01,4.684456318126e+00,7.520828234983e-02
-7.331692852027e-01,1.009587560383e+01,7.019735276791e-02
-7.329349035444e-01,2.690637389245e+00,7.518824882670e-02
-7.328148149522e-01,1.080506572821e+00,7.517225211969e-02
-7.326770218892e-01,4.204160356692e+00,7.519429406176e-02
-7.324101721155e-01,7.609426152455e+00,7.505792554916e-02
-7.323625485987e-01,2.722840005574e+00,7.517464054443e-02
-7.323115660663e-01,9.449161066377e+00,7.497142656832e-02
-7.322640583063e-01,1.112709189150e+00,7.515914897455e-02
-7.320830686436e-01,4.236362973020e+00,7.518016962891e-02
-7.318259734756e-01,8.148021023689e+00,7.502086264293e-02
-7.317901936529e-01,2.755042621902e+00,7.516101584044e-02
-7.317833265952e-01,6.661154892857e+00,7.508347042500e-02
-7.317133016603e-01,1.144911805478e+00,7.514603061549e-02
-7.315126850502e-01,6.251290671844e+00,7.509542420570e-02
-7.314891153980e-01,4.268565589349e+00,7.516602749976e-02
-7.314390622195e-01,7.103365435599e+00,7.505570900220e-02
-7.313828468857e-01,8.750705363030e+00,7.498179899852e-02
-7.313308251941e-01,4.933788864042e+00,7.515095427481e-02
-7.312679498898e-01,1.007093336892e+01,7.107170903791e-02
-7.312178387071e-01,2.787245238231e+00,7.514737468512e-02
-7.311625450144e-01,1.177114421807e+00,7.513289701614e-02
-7.309802717198e-01,5.873703269583e+00,7.510044604850e-02
-7.308951621524e-01,4.300768205678e+00,7.515186764122e-02
-7.306454837614e-01,2.819447854560e+00,7.513371704884e-02
-7.306117883685e-01,1.209317038135e+00,7.511974815006e-02
-7.305384215508e-01,5.215041541465e+00,7.512093604788e-02
-7.305383840098e-01,5.528315308048e+00,7.510730882662e-02
-7.303756702860e-01,9.417614043539e+00,7.492511350990e-02
-7.303012089068e-01,4.332970822006e+00,7.513769002010e-02
-7.301259821450e-01,7.577983921128e+00,7.500309195639e-02
-7.300731288156e-01,2.851650470888e+00,7.512004290184e-02
-7.300610317226e-01,1.241519654464e+00,7.510658399075e-02
-7.300600521672e-01,4.653351015196e+00,7.513192625538e-02
-7.297072556612e-01,4.365173438335e+00,7.512349460312e-02
-7.296577177815e-01,8.116542552907e+00,7.496867583175e-02
-7.295102750767e-01,1.273722270792e+00,7.509340451165e-02
-7.295007738699e-01,2.883853087217e+00,7.510635221432e-02
-7.293666145769e-01,1.004599113401e+01,7.189239466218e-02
-7.293306912884e-01,8.719191961492e+00,7.493271089887e-02
-7.292677899148e-01,6.629789063360e+00,7.502320411495e-02
-7.291133024156e-01,4.397376054664e+00,7.510928135692e-02
-7.290391098895e-01,7.071960751639e+00,7.499807084455e-02
-7.289595184307e-01,1.305924887121e+00,7.508020968614e-02
-7.289284189241e-01,2.916055703546e+00,7.509264495642e-02
-7.288817481174e-01,6.219965003062e+00,7.503248206254e-02
-7.285193491700e-01,4.429578670992e+00,7.509505024807e-02
-7.284397745057e-01,9.386067020701e+00,7.487861697867e-02
-7.284087617848e-01,1.338127503449e+00,7.506699948754e-02
-7.283560639783e-01,2.948258319874e+00,7.507892109818e-02
-7.282402498682e-01,4.902636882781e+00,7.507686003492e-02
-7.282341247176e-01,5.842419066897e+00,7.503482286636e-02
-7.279253959244e-01,4.461781287321e+00,7.508080124305e-02
-7.278580051389e-01,1.370330119778e+00,7.505377388910e-02
-7.278417921745e-01,7.546541689802e+00,7.494799914540e-02
-7.277837090325e-01,2.980460936203e+00,7.506518060959e-02
-7.276772232019e-01,5.497073875938e+00,7.503904915370e-02
-7.275624492776e-01,5.183844183482e+00,7.504933054721e-02
-7.274894620874e-01,8.085064082126e+00,7.491625398300e-02
-7.274652792639e-01,1.002104889909e+01,7.266418626938e-02
-7.273314426788e-01,4.493983903650e+00,7.506653430825e-02
-7.273072484930e-01,1.402532736107e+00,7.504053286403e-02
-7.272785356911e-01,8.687678559954e+00,7.488341719606e-02
-7.272113540868e-01,3.012663552532e+00,7.505142346054e-02
-7.268550882685e-01,4.622245712265e+00,7.505507291163e-02
-7.267564918470e-01,1.434735352435e+00,7.502727638544e-02
-7.267522532345e-01,6.598423233863e+00,7.496262634203e-02
-7.267374894332e-01,4.526186519978e+00,7.505224940998e-02
-7.266391575594e-01,7.040556067680e+00,7.494014719380e-02
-7.266389991410e-01,3.044866168860e+00,7.503764962089e-02
-7.265038787254e-01,9.354519997864e+00,7.483193593021e-02
-7.262508111846e-01,6.188639334280e+00,7.496920129010e-02
-7.262057352011e-01,1.466937968764e+00,7.501400442641e-02
-7.261435361876e-01,4.558389136307e+00,7.503794651447e-02
-7.260666441952e-01,3.077068785189e+00,7.502385906038e-02
-7.256549785552e-01,1.499140585092e+00,7.500071695994e-02
-7.255639439511e-01,9.996106664182e+00,7.339131022169e-02
-7.255576022040e-01,7.515099458476e+00,7.489264534493e-02
-7.255495829419e-01,4.590591752636e+00,7.502362558786e-02
-7.254942892495e-01,3.109271401518e+00,7.501005174872e-02
-7.254879777153e-01,5.811134864211e+00,7.496883307077e-02
-7.253212063933e-01,8.053585611344e+00,7.486359556030e-02
-7.252263800938e-01,8.656165158416e+00,7.483391665855e-02
-7.251496745422e-01,4.871484901520e+00,7.500229655040e-02
-7.251397611930e-01,1.064992961162e+01,6.608629150480e-06
-7.251042219093e-01,1.531343201420e+00,7.498741395899e-02
-7.249219343037e-01,3.141474017846e+00,7.499622765551e-02
-7.248160623939e-01,5.465832443828e+00,7.497039455794e-02
-7.245864770044e-01,5.152646825500e+00,7.497728544407e-02
-7.245679829451e-01,9.322972975026e+00,7.478506931267e-02
-7.245534652633e-01,1.563545817749e+00,7.497409539642e-02
-7.243495793579e-01,3.173676634175e+00,7.498238675030e-02
-7.242392052294e-01,7.009151383720e+00,7.488193601595e-02
-7.242367165541e-01,6.567057404366e+00,7.490173480326e-02
-7.240027086174e-01,1.595748434077e+00,7.496076124506e-02
-7.237772244122e-01,3.205879250504e+00,7.496852900255e-02
-7.236626086381e-01,9.971164429270e+00,7.407751963899e-02
-7.236198742518e-01,6.157313665498e+00,7.490557929793e-02
-7.234519519715e-01,1.627951050406e+00,7.494741147767e-02
-7.233608645613e-01,1.062497814117e+01,1.009309784476e-02
-7.232734122335e-01,7.483657227149e+00,7.483702876841e-02
-7.232048694664e-01,3.238081866832e+00,7.495465438168e-02
-7.231742244965e-01,8.624651756878e+00,7.478420804560e-02
-7.231529506991e-01,8.022107140563e+00,7.481069901446e-02
-7.229011953256e-01,1.660153666734e+00,7.493404606692e-02
-7.227418307130e-01,5.779850661525e+00,7.490247377009e-02
-7.226325145206e-01,3.270284483161e+00,7.494076285698e-02
-7.226320871648e-01,9.291425952188e+00,7.473801606666e-02
-7.223504386796e-01,1.692356283063e+00,7.492066498545e-02
-7.220601595749e-01,3.302487099489e+00,7.492685439772e-02
-7.220590992162e-01,4.840332920259e+00,7.492725961476e-02
-7.219549015860e-01,5.434591011718e+00,7.490134183936e-02
-7.218392528994e-01,6.977746699761e+00,7.482343525877e-02
-7.217996820337e-01,1.724558899391e+00,7.490726820583e-02
-7.217612733252e-01,9.946222194359e+00,7.472615883747e-02
-7.217211798737e-01,6.535691574869e+00,7.484052717449e-02
-7.216105047312e-01,5.121449467517e+00,7.490479689029e-02
-7.215819679297e-01,1.060002667071e+01,1.830241820451e-02
-7.214878046291e-01,3.334689715818e+00,7.491292897306e-02
-7.212489253878e-01,1.756761515720e+00,7.489385570055e-02
-7.211220688991e-01,8.593138355340e+00,7.473429010725e-02
-7.209892222631e-01,7.452214995823e+00,7.478114761374e-02
-7.209889373191e-01,6.125987996716e+00,7.484161347124e-02
-7.209846950050e-01,7.990628669781e+00,7.475756278331e-02
-7.209154496833e-01,3.366892332147e+00,7.489898655210e-02
-7.206981687419e-01,1.788964132048e+00,7.488042744205e-02
-7.206961913845e-01,9.259878929350e+00,7.469077512519e-02
-7.203430947376e-01,3.399094948475e+00,7.488502710386e-02
-7.201474120959e-01,1.821166748377e+00,7.486698340269e-02
-7.199956837107e-01,5.748566458839e+00,7.483574204501e-02
-7.198599380123e-01,9.921279959447e+00,7.533970554180e-02
-7.198030712980e-01,1.057507520026e+01,2.511014858124e-02
-7.197707397918e-01,3.431297564804e+00,7.487105059730e-02
-7.195966554500e-01,1.853369364705e+00,7.485352355479e-02
-7.194393005694e-01,6.946342015801e+00,7.476464285159e-02
-7.192056431934e-01,6.504325745372e+00,7.477900111013e-02
-7.191983848460e-01,3.463500181133e+00,7.485705700127e-02
-7.190937407780e-01,5.403349579608e+00,7.483154824207e-02
-7.190699133018e-01,8.561624953802e+00,7.468416158418e-02
-7.190458988041e-01,1.885571981034e+00,7.484004787059e-02
-7.189685238902e-01,4.809180938998e+00,7.485174497553e-02
-7.188164393109e-01,7.959150199000e+00,7.470418529162e-02
-7.187602956042e-01,9.228331906513e+00,7.464334541365e-02
-7.187050322926e-01,7.420772764496e+00,7.472500006316e-02
-7.186345324580e-01,5.090252109534e+00,7.483186099603e-02
-7.186260299003e-01,3.495702797461e+00,7.484304628458e-02
-7.184951421582e-01,1.917774597362e+00,7.482655632225e-02
-7.183580003863e-01,6.094662327935e+00,7.477730117057e-02
-7.180536749545e-01,3.527905413790e+00,7.482901841595e-02
-7.180241746663e-01,1.055012372981e+01,3.084684845252e-02
-7.179586026994e-01,9.896337724535e+00,7.529924035793e-02
-7.179443855123e-01,1.949977213690e+00,7.481304888190e-02
-7.174813200087e-01,3.560108030119e+00,7.481497336403e-02
-7.173936288663e-01,1.982179830019e+00,7.479952552158e-02
-7.172495367084e-01,5.717282256153e+00,7.476863494826e-02
-7.170393482394e-01,6.914937331842e+00,7.470555670521e-02
-7.170177577045e-01,8.530111552264e+00,7.463356121359e-02
-7.169089650630e-01,3.592310646447e+00,7.480091109737e-02
-7.168428722204e-01,2.014382446347e+00,7.478598621327e-02
-7.168243998239e-01,9.196784883675e+00,7.459572584972e-02
-7.166901065130e-01,6.472959915875e+00,7.471715424298e-02
-7.166481836168e-01,7.927671728219e+00,7.465056495095e-02
-7.164208423221e-01,7.389330533170e+00,7.466858428311e-02
-7.163366101172e-01,3.624513262776e+00,7.478683158447e-02
-7.162921155745e-01,2.046585062676e+00,7.477243092888e-02
-7.162452780347e-01,1.052517225936e+01,3.574670622324e-02
-7.162325799701e-01,5.372108147498e+00,7.476093195592e-02
-7.160572673865e-01,9.871395489623e+00,7.509706136521e-02
-7.158779485642e-01,4.778028957736e+00,7.477574833376e-02
-7.157642551714e-01,3.656715879105e+00,7.477273479374e-02
-7.157413589286e-01,2.078787679004e+00,7.475885964026e-02
-7.157270634535e-01,6.063336659153e+00,7.471263973161e-02
-7.156585601848e-01,5.059054751551e+00,7.475847382933e-02
-7.151919002257e-01,3.688918495433e+00,7.475862069352e-02
-7.151906022826e-01,2.110990295332e+00,7.474527231919e-02
-7.149656021072e-01,8.498598150726e+00,7.458254931447e-02
-7.148885040436e-01,9.165237860838e+00,7.454791534328e-02
-7.146398456367e-01,2.143192911661e+00,7.473166893740e-02
-7.146393959094e-01,6.883532647882e+00,7.464617471160e-02
-7.146195452799e-01,3.721121111762e+00,7.474448925207e-02
-7.145033897062e-01,5.685998053467e+00,7.470114950439e-02
-7.144799279226e-01,7.896193257437e+00,7.459670015953e-02
-7.144663814031e-01,1.050022078890e+01,3.998027337165e-02
-7.141745698326e-01,6.441594086377e+00,7.465498418397e-02
-7.141559320736e-01,9.846453254711e+00,7.491072905812e-02
-7.141366523516e-01,7.357888301843e+00,7.461189842405e-02
-7.140890889908e-01,2.175395527990e+00,7.471804946653e-02
-7.140471903341e-01,3.753323728091e+00,7.473034043757e-02
-7.135383323449e-01,2.207598144318e+00,7.470441387815e-02
-7.134748353883e-01,3.785526344419e+00,7.471617421813e-02
-7.133714191621e-01,5.340866715388e+00,7.468989235167e-02
-7.130961265207e-01,6.032010990371e+00,7.464762646491e-02
-7.129875756989e-01,2.239800760646e+00,7.469076214380e-02
-7.129526082633e-01,9.133690838000e+00,7.449991279641e-02
-7.129134465099e-01,8.467084749188e+00,7.453131631809e-02
-7.129024804426e-01,3.817728960748e+00,7.470199056176e-02
-7.127873732382e-01,4.746876976475e+00,7.469926534347e-02
-7.126874847714e-01,1.047526931845e+01,4.367470485853e-02
-7.126825879116e-01,5.027857393568e+00,7.468463141555e-02
-7.124368190530e-01,2.272003376975e+00,7.467709423492e-02
-7.123301254968e-01,3.849931577077e+00,7.468778943642e-02
-7.123116722285e-01,7.864714786656e+00,7.454258930212e-02
-7.122545967607e-01,9.821511019799e+00,7.474175955793e-02
-7.122394435794e-01,6.852127963922e+00,7.458649474379e-02
-7.118860624071e-01,2.304205993303e+00,7.466341012288e-02
-7.118524623811e-01,7.326446070517e+00,7.455494062033e-02
-7.117577705511e-01,3.882134193405e+00,7.467357080998e-02
-7.117572427039e-01,5.654713850781e+00,7.463328270941e-02
-7.116590331522e-01,6.410228256880e+00,7.459248852194e-02
-7.113353057612e-01,2.336408609632e+00,7.464970977901e-02
-7.111854156053e-01,3.914336809734e+00,7.465933465022e-02
-7.110167124830e-01,9.102143815162e+00,7.445171710328e-02
-7.109085881398e-01,1.045031784800e+01,4.692673634781e-02
-7.108612909126e-01,8.435571347650e+00,7.447986083035e-02
-7.107845491153e-01,2.368611225961e+00,7.463599317454e-02
-7.106130606595e-01,3.946539426063e+00,7.464508092486e-02
-7.105102583542e-01,5.309625283277e+00,7.461842579380e-02
-7.104651895879e-01,6.000685321589e+00,7.458225865565e-02
-7.103532614478e-01,9.796568784888e+00,7.459159764239e-02
-7.102337924693e-01,2.400813842289e+00,7.462226028067e-02
-7.101434165344e-01,7.833236315875e+00,7.448823074990e-02
-7.100407057137e-01,3.978742042391e+00,7.463080960153e-02
-7.098394912494e-01,6.820723279962e+00,7.452651465564e-02
-7.097066156384e-01,4.996660035585e+00,7.461032973696e-02
-7.096967979122e-01,4.715724995214e+00,7.462229161113e-02
-7.096830358234e-01,2.433016458617e+00,7.460851106849e-02
-7.095682724106e-01,7.295003839191e+00,7.449770898998e-02
-7.094683507680e-01,4.010944658720e+00,7.461652064778e-02
-7.091434964719e-01,6.378862427383e+00,7.452966482347e-02
-7.091322791775e-01,2.465219074946e+00,7.459474550905e-02
-7.091296915081e-01,1.042536637755e+01,4.981126740029e-02
-7.090808167028e-01,9.070596792325e+00,7.440332715013e-02
-7.090110957016e-01,5.623429648095e+00,7.456503153061e-02
-7.088959958222e-01,4.043147275049e+00,7.460221403108e-02
-7.088091353152e-01,8.404057946112e+00,7.442818144588e-02
-7.085815225316e-01,2.497421691274e+00,7.458096357332e-02
-7.084519261349e-01,9.771626549976e+00,7.446158501199e-02
-7.083236408764e-01,4.075349891377e+00,7.458788971883e-02
-7.080307658856e-01,2.529624307603e+00,7.456716523221e-02
-7.079751608403e-01,7.801757845093e+00,7.443362286031e-02
-7.078342526551e-01,5.969359652808e+00,7.451653356337e-02
-7.077512859307e-01,4.107552507706e+00,7.457354767833e-02
-7.076490975462e-01,5.278383851167e+00,7.454652860787e-02
-7.074800092397e-01,2.561826923931e+00,7.455335045656e-02
-7.074395389194e-01,6.789318596002e+00,7.446623228166e-02
-7.073507948765e-01,1.040041490710e+01,5.238719368315e-02
-7.072840824402e-01,7.263561607864e+00,7.444020163461e-02
-7.071789309849e-01,4.139755124035e+00,7.455918787683e-02
-7.071449209224e-01,9.039049769487e+00,7.435474181514e-02
-7.069292525938e-01,2.594029540260e+00,7.453951921712e-02
-7.067569797179e-01,8.372544544574e+00,7.437627674792e-02
-7.067306433652e-01,4.965462677602e+00,7.453556473216e-02
-7.066279597915e-01,6.347496597886e+00,7.446651063259e-02
-7.066065760391e-01,4.171957740363e+00,7.454481028146e-02
-7.066062225863e-01,4.684573013953e+00,7.454482269513e-02
-7.065505908220e-01,9.746684315064e+00,7.435292854700e-02
-7.063784959479e-01,2.626232156588e+00,7.452567148461e-02
-7.062649486993e-01,5.592145445409e+00,7.449639290620e-02
-7.060342210934e-01,4.204160356692e+00,7.453041485931e-02
-7.058277393019e-01,2.658434772917e+00,7.451180722963e-02
-7.058069051461e-01,7.770279374312e+00,7.437876397694e-02
-7.055718982448e-01,1.037546343664e+01,5.470146469749e-02
-7.054618661476e-01,4.236362973020e+00,7.451600157735e-02
-7.053998749369e-01,1.562500050003e-02,7.802197147522e-02
-7.053998749369e-01,4.687500150008e-02,7.768424765688e-02
-7.053998749369e-01,7.812500250012e-02,7.735060905328e-02
-7.053998749369e-01,1.093750035002e-01,7.702310847858e-02
-7.053998749369e-01,1.406250045003e-01,7.670400553382e-02
-7.053998749369e-01,2.031250065004e-01,7.610097101308e-02
-7.053998749369e-01,2.343750075005e-01,7.582241488869e-02
-7.053998749369e-01,2.656250085005e-01,7.556292385816e-02
-7.053998749369e-01,2.968750095005e-01,7.532536264497e-02
-7.053998749369e-01,3.281250105004e-01,7.511254970373e-02
-7.053998749369e-01,3.593750115003e-01,7.492717669824e-02
-7.053998749369e-01,3.906250125002e-01,7.477172232657e-02
-7.053998749369e-01,4.218750135001e-01,7.464836510699e-02
-7.053998749369e-01,4.531250145001e-01,7.455890060667e-02
-7.053998749369e-01,4.843750155000e-01,7.450466897313e-02
-7.053998749369e-01,5.156250165000e-01,7.448649837022e-02
-7.053998749369e-01,5.468750174999e-01,7.448649837022e-02
-7.053998749369e-01,6.093750194998e-01,7.448649837022e-02
-7.053998749369e-01,6.406250204997e-01,7.448649837022e-02
-7.053998749369e-01,6.718750214996e-01,7.448649837022e-02
-7.053998749369e-01,7.031250224996e-01,7.448649837022e-02
-7.053998749369e-01,7.343750234995e-01,7.448649837022e-02
-7.053998749369e-01,7.656250244995e-01,7.448649837022e-02
-7.053998749369e-01,7.968750254996e-01,7.448649837022e-02
-7.053998749369e-01,8.281250264996e-01,7.448649837022e-02
-7.053998749369e-01,8.906250284999e-01,7.448649837022e-02
-7.053998749369e-01,9.218750295000e-01,7.448649837022e-02
-7.053998749369e-01,9.531250305000e-01,7.448649837022e-02
-7.053998749369e-01,9.843750315000e-01,7.448649837022e-02
-7.053998749369e-01,1.718750055004e-01,7.639575265858e-02
-7.053998749369e-01,5.781250184998e-01,7.448649837022e-02
-7.053998749369e-01,8.593750274998e-01,7.448649837022e-02
-7.052769826560e-01,2.690637389245e+00,7.449792642276e-02
-7.052090251422e-01,9.007502746649e+00,7.430595996842e-02
-7.052033157224e-01,5.938033984026e+00,7.445044842174e-02
-7.051352957639e-01,1.016101340164e+00,7.447982314186e-02
-7.050395865894e-01,6.757913912042e+00,7.440564543680e-02
-7.049998924697e-01,7.232119376538e+00,7.438241663919e-02
-7.048895112018e-01,4.268565589349e+00,7.450157040250e-02
-7.047879367383e-01,5.247142419057e+00,7.447419708002e-02
-7.047262260101e-01,2.722840005574e+00,7.448402903449e-02
-7.047048241206e-01,8.341031143036e+00,7.432414530826e-02
-7.046492555091e-01,9.721742080152e+00,7.426666990747e-02
-7.046061374178e-01,1.048303956493e+00,7.446646119414e-02
-7.043171562561e-01,4.300768205678e+00,7.448712130159e-02
-7.041754693642e-01,2.755042621902e+00,7.447011503522e-02
-7.041124231112e-01,6.316130768389e+00,7.440302347058e-02
-7.040769790717e-01,1.080506572821e+00,7.445308390322e-02
-7.037930016131e-01,1.035051196619e+01,5.679196650333e-02
-7.037546710920e-01,4.934265319620e+00,7.446033229560e-02
-7.037448013103e-01,4.332970822006e+00,7.447265424134e-02
-7.036386494520e-01,7.738800903530e+00,7.432365242937e-02
-7.036247127183e-01,2.787245238231e+00,7.445618439531e-02
-7.035478207256e-01,1.112709189150e+00,7.443969124279e-02
-7.035188016970e-01,5.560861242723e+00,7.442736374507e-02
-7.035156472603e-01,4.653421032692e+00,7.446685410526e-02
-7.032731293619e-01,8.975955723812e+00,7.425698047194e-02
-7.031724463645e-01,4.365173438335e+00,7.445816918844e-02
-7.030739560723e-01,2.819447854560e+00,7.444223708504e-02
-7.030186623795e-01,1.144911805478e+00,7.442628318648e-02
-7.027479201961e-01,9.696799845240e+00,7.420365790330e-02
-7.027157024992e-01,7.200677145212e+00,7.432435207191e-02
-7.026526685233e-01,8.309517741498e+00,7.427178568708e-02
-7.026396342594e-01,6.726509228083e+00,7.434475191629e-02
-7.026000914188e-01,4.397376054664e+00,7.444366610945e-02
-7.025723787896e-01,5.906708315244e+00,7.438400043825e-02
-7.025231994264e-01,2.851650470888e+00,7.442827307461e-02
-7.024895040335e-01,1.177114421807e+00,7.441285970786e-02
-7.020277364730e-01,4.429578670992e+00,7.442914497087e-02
-7.020141049815e-01,1.032556049574e+01,5.868960812154e-02
-7.019724427805e-01,2.883853087217e+00,7.441429233415e-02
-7.019603456874e-01,1.209317038135e+00,7.439942078043e-02
-7.019267759303e-01,5.215900986947e+00,7.440142745652e-02
-7.015968864308e-01,6.284764938892e+00,7.433920083576e-02
-7.014703937579e-01,7.707322432749e+00,7.426828653305e-02
-7.014553815272e-01,4.461781287321e+00,7.441460573911e-02
-7.014311873413e-01,1.241519654464e+00,7.438596637764e-02
-7.014216861345e-01,2.916055703546e+00,7.440029483373e-02
-7.013372335815e-01,8.944408700974e+00,7.420780217944e-02
-7.009020289952e-01,1.273722270792e+00,7.437249647287e-02
-7.008830265815e-01,4.493983903650e+00,7.440004838050e-02
-7.008709294886e-01,2.948258319874e+00,7.438628054335e-02
-7.008465848832e-01,9.671857610328e+00,7.415623499423e-02
-7.007786988188e-01,4.903067961637e+00,7.438462827710e-02
-7.007726546947e-01,5.529577040037e+00,7.435794092652e-02
-7.006005129260e-01,8.278004339960e+00,7.421919643286e-02
-7.004315125287e-01,7.169234913885e+00,7.426600598403e-02
-7.004250719343e-01,4.622269051431e+00,7.438838130210e-02
-7.003728706491e-01,1.305924887121e+00,7.435901103945e-02
-7.003201728427e-01,2.980460936203e+00,7.437224943292e-02
-7.003106716357e-01,4.526186519978e+00,7.438547286130e-02
-7.002396819294e-01,6.695104544123e+00,7.428354949541e-02
-7.002352083498e-01,1.030060902529e+01,6.041985695584e-02
-6.999414418568e-01,5.875382646462e+00,7.431718679403e-02
-6.998437123030e-01,1.338127503449e+00,7.434551005064e-02
-6.997694161968e-01,3.012663552532e+00,7.435820147229e-02
-6.997383166899e-01,4.558389136307e+00,7.437087914766e-02
-6.994013378013e-01,8.912861678136e+00,7.415834531705e-02
-6.993145539569e-01,1.370330119778e+00,7.433199347964e-02
-6.993021380637e-01,7.675843961968e+00,7.421266458918e-02
-6.992186595508e-01,3.044866168860e+00,7.434413663124e-02
-6.991659617442e-01,4.590591752636e+00,7.435626720565e-02
-6.990813497504e-01,6.253399109395e+00,7.427504020322e-02
-6.990656151224e-01,5.184659554837e+00,7.432821594330e-02
-6.989861760534e-01,9.643596825897e+00,7.410984422185e-02
-6.987853956109e-01,1.402532736107e+00,7.431846129960e-02
-6.986679029049e-01,3.077068785189e+00,7.433005487948e-02
-6.985483573286e-01,8.246490938422e+00,7.416637608228e-02
-6.984563117182e-01,1.027565755483e+01,6.200388583233e-02
-6.982562372648e-01,1.434735352435e+00,7.430491348359e-02
-6.981473225582e-01,7.137792682559e+00,7.420737640968e-02
-6.981171462590e-01,3.109271401518e+00,7.431595618663e-02
-6.980265076924e-01,5.498292837351e+00,7.428812129992e-02
-6.978397295994e-01,6.663699860163e+00,7.422203592928e-02
-6.978027265456e-01,4.871870603654e+00,7.430844848126e-02
-6.977270789187e-01,1.466937968764e+00,7.429135000463e-02
-6.975663896130e-01,3.141474017846e+00,7.430184052226e-02
-6.974654420209e-01,8.881314655298e+00,7.410831914270e-02
-6.973105049240e-01,5.844056977680e+00,7.425000464352e-02
-6.971979205726e-01,1.499140585092e+00,7.427777083567e-02
-6.971666937066e-01,9.612017491947e+00,7.406305891221e-02
-6.971338823696e-01,7.644365491187e+00,7.415678488451e-02
-6.970156329671e-01,3.173676634175e+00,7.428770785586e-02
-6.966774150865e-01,1.025070608438e+01,6.345944163457e-02
-6.966687622265e-01,1.531343201420e+00,7.426417594961e-02
-6.965658130701e-01,6.222033279898e+00,7.421053902463e-02
-6.964962017313e-01,8.214977536884e+00,7.411332316007e-02
-6.964648763212e-01,3.205879250504e+00,7.427355815683e-02
-6.962044543144e-01,5.153418122727e+00,7.425455870548e-02
-6.961396038804e-01,1.563545817749e+00,7.425056531927e-02
-6.959141196753e-01,3.238081866832e+00,7.425939139452e-02
-6.958631325878e-01,7.106350451233e+00,7.414846136570e-02
-6.956104455344e-01,1.595748434077e+00,7.423693891742e-02
-6.955295462407e-01,8.849767632460e+00,7.405808440889e-02
-6.954397772693e-01,6.632295176203e+00,7.416020895269e-02
-6.953633630293e-01,3.270284483161e+00,7.424520753819e-02
-6.953472113598e-01,9.580438157996e+00,7.401613890101e-02
-6.952803606901e-01,5.467008634665e+00,7.421777559755e-02
-6.950812871883e-01,1.627951050406e+00,7.422329671677e-02
-6.949656266755e-01,7.612887020405e+00,7.410064569128e-02
-6.948985184548e-01,1.022575461393e+01,6.480151130409e-02
-6.948267542724e-01,4.840673245671e+00,7.423178866704e-02
-6.948126063834e-01,3.302487099489e+00,7.423100655704e-02
-6.946795679913e-01,5.812731308899e+00,7.418245111425e-02
-6.945521288422e-01,1.660153666734e+00,7.420963868996e-02
-6.944440461340e-01,8.183464135346e+00,7.406003617896e-02
-6.942618497375e-01,3.334689715818e+00,7.421678842019e-02
-6.940502763897e-01,6.190667450401e+00,7.414569472797e-02
-6.940229704961e-01,1.692356283063e+00,7.419596480957e-02
-6.937110930915e-01,3.366892332147e+00,7.420255309668e-02
-6.935936504604e-01,8.818220609623e+00,7.400763984826e-02
-6.935789426173e-01,7.074908219906e+00,7.408925885148e-02
-6.935277290130e-01,9.548858824046e+00,7.396903797484e-02
-6.934938121500e-01,1.724558899391e+00,7.418227504810e-02
-6.933432935065e-01,5.122176690617e+00,7.418045186688e-02
-6.931603364456e-01,3.399094948475e+00,7.418830055548e-02
-6.931196218232e-01,1.020080314348e+01,6.604283829149e-02
-6.930398249393e-01,6.600890492243e+00,7.409806627988e-02
-6.929646538039e-01,1.756761515720e+00,7.416856937802e-02
-6.927973709814e-01,7.581408549624e+00,7.404424526701e-02
-6.926095797997e-01,3.431297564804e+00,7.417403076548e-02
-6.925342136878e-01,5.435724431979e+00,7.414638169342e-02
-6.924354954578e-01,1.788964132048e+00,7.415484777171e-02
-6.923918905367e-01,8.151950733808e+00,7.400651363950e-02
-6.920588231538e-01,3.463500181133e+00,7.415974369551e-02
-6.920486310585e-01,5.781405640117e+00,7.411452330655e-02
-6.919063371118e-01,1.821166748377e+00,7.414111020149e-02
-6.918507819992e-01,4.809475887688e+00,7.415464454714e-02
-6.917082466663e-01,9.517279490095e+00,7.392175513219e-02
-6.916577546800e-01,8.786673586785e+00,7.395698418353e-02
-6.915347397093e-01,6.159301620904e+00,7.408050471731e-02
-6.915080665079e-01,3.495702797461e+00,7.414543931431e-02
-6.913771787657e-01,1.853369364705e+00,7.412735663963e-02
-6.913407251915e-01,1.017585167303e+01,6.719432722259e-02
-6.912947526468e-01,7.043465988580e+00,7.402976684877e-02
-6.909573098619e-01,3.527905413790e+00,7.413111759056e-02
-6.908480204196e-01,1.885571981034e+00,7.411358705832e-02
-6.906398726093e-01,6.569485808284e+00,7.403560560434e-02
-6.906291152873e-01,7.549930078843e+00,7.398758185439e-02
-6.904821326985e-01,5.090935258507e+00,7.410589150954e-02
-6.904065532160e-01,3.560108030119e+00,7.411677849284e-02
-6.903397349394e-01,8.120437332270e+00,7.395275402999e-02
-6.903188620735e-01,1.917774597362e+00,7.409980142968e-02
-6.898887643195e-01,9.485700156145e+00,7.387428936459e-02
-6.898557965701e-01,3.592310646447e+00,7.410242198967e-02
-6.897897037274e-01,1.949977213690e+00,7.408599972579e-02
-6.897880666856e-01,5.404440229293e+00,7.407456584479e-02
-6.897218588998e-01,8.755126563947e+00,7.390611612744e-02
-6.895618285599e-01,1.015090020257e+01,6.826536402507e-02
-6.894176941257e-01,5.750079971335e+00,7.404621829331e-02
-6.893050399241e-01,3.624513262776e+00,7.408804804950e-02
-6.892605453813e-01,1.982179830019e+00,7.407218191865e-02
-6.890192030290e-01,6.127935791407e+00,7.401496637258e-02
-6.890105626764e-01,7.012023757254e+00,7.396998332151e-02
-6.888748097260e-01,4.778278529706e+00,7.407701178752e-02
-6.887542832782e-01,3.656715879105e+00,7.407365664069e-02
-6.887313870353e-01,2.014382446347e+00,7.405834798019e-02
-6.884608595931e-01,7.518451608061e+00,7.393065368113e-02
-6.882875793421e-01,8.088923930732e+00,7.389875582632e-02
-6.882399202793e-01,6.538081124324e+00,7.397282459858e-02
-6.882035266323e-01,3.688918495433e+00,7.405924773154e-02
-6.882022286892e-01,2.046585062676e+00,7.404449788229e-02
-6.880692819727e-01,9.454120822194e+00,7.382663965658e-02
-6.877859631194e-01,8.723579541109e+00,7.385503438266e-02
-6.877829319282e-01,1.012594873212e+01,6.926407142721e-02
-6.876730703431e-01,2.078787679004e+00,7.403063159675e-02
-6.876527699864e-01,3.721121111762e+00,7.404482129026e-02
-6.876209718906e-01,5.059693826397e+00,7.403087367323e-02
-6.871439119970e-01,2.110990295332e+00,7.401674909531e-02
-6.871020133404e-01,3.753323728091e+00,7.403037728497e-02
-6.870419196833e-01,5.373156026607e+00,7.400232447011e-02
-6.867867571929e-01,5.718754302554e+00,7.397753311969e-02
-6.867263727059e-01,6.980581525928e+00,7.390990621565e-02
-6.866147536509e-01,2.143192911661e+00,7.400285034965e-02
-6.865512566945e-01,3.785526344419e+00,7.401591568375e-02
-6.865036663486e-01,6.096569961910e+00,7.394907704932e-02
-6.862926038990e-01,7.486973137280e+00,7.387345895982e-02
-6.862497996259e-01,9.422541488243e+00,7.377880498566e-02
-6.862354237448e-01,8.057410529194e+00,7.384451749192e-02
-6.860855953049e-01,2.175395527990e+00,7.398893533137e-02
-6.860040352966e-01,1.010099726167e+01,7.019751455488e-02
-6.860005000486e-01,3.817728960748e+00,7.400143645457e-02
-6.858988374528e-01,4.747081171723e+00,7.399888600687e-02
-6.858500673391e-01,8.692032518272e+00,7.380373764166e-02
-6.858399679492e-01,6.506676440364e+00,7.390972091396e-02
-6.855564369588e-01,2.207598144318e+00,7.397500401202e-02
-6.854497434026e-01,3.849931577077e+00,7.398693956533e-02
-6.850272786127e-01,2.239800760646e+00,7.396105636306e-02
-6.848989867567e-01,3.882134193405e+00,7.397242498387e-02
-6.847598110826e-01,5.028452394287e+00,7.395539435493e-02
-6.844981202666e-01,2.272003376975e+00,7.394709235593e-02
-6.844421827354e-01,6.949139294603e+00,7.384953345900e-02
-6.844303172792e-01,9.390962154293e+00,7.373078432220e-02
-6.843482301108e-01,3.914336809734e+00,7.395789267792e-02
-6.842957726810e-01,5.341871823921e+00,7.392965394978e-02
-6.842251386649e-01,1.007604579122e+01,7.107186763918e-02
-6.841832681475e-01,8.025897127656e+00,7.379003747756e-02
-6.841558202602e-01,5.687428633772e+00,7.390846480287e-02
-6.841243482049e-01,7.455494666498e+00,7.381599588775e-02
-6.839881296682e-01,6.065204132413e+00,7.388283407842e-02
-6.839689619205e-01,2.304205993303e+00,7.393311196194e-02
-6.839141715589e-01,8.660485495434e+00,7.375222458666e-02
-6.837974734649e-01,3.946539426063e+00,7.394334261516e-02
-6.834400156192e-01,6.475271756405e+00,7.384629218045e-02
-6.834398035744e-01,2.336408609632e+00,7.391911515239e-02
-6.832467168189e-01,3.978742042391e+00,7.392877476318e-02
-6.829228651796e-01,4.715883813740e+00,7.392026277606e-02
-6.829106452283e-01,2.368611225961e+00,7.390510189848e-02
-6.826959601730e-01,4.010944658720e+00,7.391418908949e-02
-6.826108349324e-01,9.359382820342e+00,7.368257662944e-02
-6.824462420333e-01,1.005109432077e+01,7.189255015446e-02
-6.823814868823e-01,2.400813842289e+00,7.389107217134e-02
-6.821579927650e-01,6.917697063276e+00,7.378886296100e-02
-6.821452035271e-01,4.043147275049e+00,7.389958556152e-02
-6.821311125501e-01,7.994383726118e+00,7.373531422128e-02
-6.819782757785e-01,8.628938472596e+00,7.370049388951e-02
-6.819560925108e-01,7.424016195717e+00,7.375826264681e-02
-6.818986502747e-01,4.997210962176e+00,7.387944950837e-02
-6.818523285362e-01,2.433016458617e+00,7.387702594207e-02
-6.815944468812e-01,4.075349891377e+00,7.388496414663e-02
-6.815496256787e-01,5.310587621235e+00,7.385655062568e-02
-6.815248833274e-01,5.656102964990e+00,7.383901033178e-02
-6.814725929879e-01,6.033838302916e+00,7.381623476592e-02
-6.813231701901e-01,2.465219074946e+00,7.386296318165e-02
-6.810436902352e-01,4.107552507706e+00,7.387032481209e-02
-6.810400632892e-01,6.443867072445e+00,7.378253600640e-02
-6.807940118440e-01,2.497421691274e+00,7.384888386103e-02
-6.807913525856e-01,9.327803486392e+00,7.363393131364e-02
-6.806673454016e-01,1.002614285031e+01,7.266433873266e-02
-6.804929335893e-01,4.139755124035e+00,7.385566752509e-02
-6.802648534979e-01,2.529624307603e+00,7.383478795108e-02
-6.800789569528e-01,7.962870324580e+00,7.368034614826e-02
-6.800423799983e-01,8.597391449758e+00,7.364854421160e-02
-6.799468929064e-01,4.684686455757e+00,7.384113761758e-02
-6.799421769434e-01,4.171957740363e+00,7.384099225275e-02
-6.798738027945e-01,6.886254831950e+00,7.372789261257e-02
-6.797878368166e-01,7.392537724935e+00,7.370025740329e-02
-6.797356951518e-01,2.561826923931e+00,7.382067542260e-02
-6.793914202974e-01,4.204160356692e+00,7.382629896209e-02
-6.792065368058e-01,2.594029540260e+00,7.380654624632e-02
-6.790374894667e-01,4.965969530066e+00,7.380303504352e-02
-6.789718702388e-01,9.296224152441e+00,7.358490814275e-02
-6.789570563075e-01,6.002472473419e+00,7.374927639274e-02
-6.788939463946e-01,5.624777296208e+00,7.376916666679e-02
-6.788884487700e-01,1.000119137986e+01,7.339145973771e-02
-6.788406636515e-01,4.236362973020e+00,7.381158762009e-02
-6.788034786764e-01,5.279303418549e+00,7.378301080072e-02
-6.786773784597e-01,2.626232156588e+00,7.379240039291e-02
-6.786401109592e-01,6.412462388485e+00,7.371844997840e-02
-6.782899070056e-01,4.268565589349e+00,7.379685819359e-02
-6.781482201136e-01,2.658434772917e+00,7.377823783297e-02
-6.781064842179e-01,8.565844426921e+00,7.359637420377e-02
-6.780268013555e-01,7.931356923042e+00,7.362513167069e-02
-6.777391503597e-01,4.300768205678e+00,7.378211064940e-02
-6.776195811225e-01,7.361059254154e+00,7.364197830778e-02
-6.776190617675e-01,2.690637389245e+00,7.376405853701e-02
-6.775896128241e-01,6.854812600624e+00,7.366662028594e-02
-6.771883937137e-01,4.332970822006e+00,7.376734495423e-02
-6.771523878921e-01,9.264644818491e+00,7.353568887919e-02
-6.771095521384e-01,9.976239909411e+00,7.407766629012e-02
-6.770899034214e-01,2.722840005574e+00,7.374986247550e-02
-6.769709206332e-01,4.653489097774e+00,7.376150600506e-02
-6.766376370678e-01,4.365173438335e+00,7.375256107470e-02
-6.766080433068e-01,1.562500050003e-02,7.758378984731e-02
-6.766080433068e-01,4.687500150008e-02,7.722048031785e-02
-6.766080433068e-01,7.812500250012e-02,7.686048564867e-02
-6.766080433068e-01,1.093750035002e-01,7.650603742026e-02
-6.766080433068e-01,1.406250045003e-01,7.615962058867e-02
-6.766080433068e-01,1.718750055004e-01,7.582396217222e-02
-6.766080433068e-01,2.031250065004e-01,7.550200776136e-02
-6.766080433068e-01,2.343750075005e-01,7.519688385862e-02
-6.766080433068e-01,2.656250085005e-01,7.491184461168e-02
-6.766080433068e-01,2.968750095005e-01,7.465020242305e-02
-6.766080433068e-01,3.281250105004e-01,7.441524321283e-02
-6.766080433068e-01,3.593750115003e-01,7.421012871572e-02
-6.766080433068e-01,3.906250125002e-01,7.403778996587e-02
-6.766080433068e-01,4.218750135001e-01,7.390081783134e-02
-6.766080433068e-01,4.531250145001e-01,7.380135781351e-02
-6.766080433068e-01,4.843750155000e-01,7.374101702045e-02
-6.766080433068e-01,5.156250165000e-01,7.372079101510e-02
-6.766080433068e-01,5.468750174999e-01,7.372079101510e-02
-6.766080433068e-01,5.781250184998e-01,7.372079101510e-02
-6.766080433068e-01,6.718750214996e-01,7.372079101510e-02
-6.766080433068e-01,7.031250224996e-01,7.372079101510e-02
-6.766080433068e-01,7.343750234995e-01,7.372079101510e-02
-6.766080433068e-01,7.656250244995e-01,7.372079101510e-02
-6.766080433068e-01,7.968750254996e-01,7.372079101510e-02
-6.766080433068e-01,8.281250264996e-01,7.372079101510e-02
-6.766080433068e-01,8.593750274998e-01,7.372079101510e-02
-6.766080433068e-01,8.906250284999e-01,7.372079101510e-02
-6.766080433068e-01,9.218750295000e-01,7.372079101510e-02
-6.766080433068e-01,9.531250305000e-01,7.372079101510e-02
-6.766080433068e-01,9.843750315000e-01,7.372079101510e-02
-6.766080433068e-01,6.093750194998e-01,7.372079101510e-02
-6.766080433068e-01,6.406250204997e-01,7.372079101510e-02
-6.765607450754e-01,2.755042621902e+00,7.373564961883e-02
-6.764415196271e-01,5.971106643922e+00,7.368195621442e-02
-6.763542632836e-01,1.016101340164e+00,7.371396629798e-02
-6.762630094618e-01,5.593451627426e+00,7.369893073952e-02
-6.762401586292e-01,6.381057704525e+00,7.365403166096e-02
-6.761763286588e-01,4.934728097956e+00,7.372614682605e-02
-6.761705884377e-01,8.534297404083e+00,7.354398250620e-02
-6.760868804219e-01,4.397376054664e+00,7.373775897736e-02
-6.760573316741e-01,5.248019215863e+00,7.370903073839e-02
-6.760315867293e-01,2.787245238231e+00,7.372141993731e-02
-6.759746457582e-01,7.899843521504e+00,7.356966918765e-02
-6.758467032374e-01,1.048303956493e+00,7.370030524024e-02
-6.755361237760e-01,4.429578670992e+00,7.372293862867e-02
-6.755024283832e-01,2.819447854560e+00,7.370717340119e-02
-6.754513254284e-01,7.329580783373e+00,7.358342349496e-02
-6.753391431911e-01,1.080506572821e+00,7.368662866258e-02
-6.753329055453e-01,9.233065484540e+00,7.348627237765e-02
-6.753306555067e-01,9.951288438959e+00,7.472630270587e-02
-6.753054228536e-01,6.823370369297e+00,7.360504383442e-02
-6.752564720395e-01,1.065502091548e+01,6.608629155750e-06
-6.749853671300e-01,4.461781287321e+00,7.370809999502e-02
-6.749732700371e-01,2.851650470888e+00,7.369290998064e-02
-6.748315831449e-01,1.112709189150e+00,7.367293653867e-02
-6.744441116910e-01,2.883853087217e+00,7.367862964578e-02
-6.744346104841e-01,4.493983903650e+00,7.369324304270e-02
-6.743240230987e-01,1.144911805478e+00,7.365922884210e-02
-6.742346926574e-01,8.502750381245e+00,7.349136774833e-02
-6.739949483600e-01,4.622291739791e+00,7.368136336264e-02
-6.739259829468e-01,5.939740814425e+00,7.361427146089e-02
-6.739224901609e-01,7.868330119966e+00,7.351395708500e-02
-6.739149533449e-01,2.916055703546e+00,7.366433236665e-02
-6.738838538382e-01,4.526186519978e+00,7.367836773794e-02
-6.738402062992e-01,6.349653020565e+00,7.358927859639e-02
-6.738164630524e-01,1.177114421807e+00,7.364550554643e-02
-6.736320725290e-01,5.562125958645e+00,7.362829945248e-02
-6.736000587537e-01,1.063006080913e+01,1.009317209493e-02
-6.735517588751e-01,9.926336968507e+00,7.447569676289e-02
-6.735134231985e-01,9.201486150590e+00,7.343665748423e-02
-6.733857949988e-01,2.948258319874e+00,7.365001811320e-02
-6.733330971922e-01,4.558389136307e+00,7.366347404686e-02
-6.733151678508e-01,4.903486665846e+00,7.364878067682e-02
-6.733111846719e-01,5.216735013177e+00,7.363460666227e-02
-6.733089030062e-01,1.209317038135e+00,7.363176662513e-02
-6.732830697343e-01,7.298102312591e+00,7.352459108349e-02
-6.730212328831e-01,6.791928137971e+00,7.354316109225e-02
-6.728566366527e-01,2.980460936203e+00,7.363568685533e-02
-6.728013429599e-01,1.241519654464e+00,7.361801205163e-02
-6.727823405463e-01,4.590591752636e+00,7.364856193551e-02
-6.723274783066e-01,3.012663552532e+00,7.362133856288e-02
-6.722987968771e-01,8.471203358407e+00,7.343852854873e-02
-6.722937829137e-01,1.273722270792e+00,7.360424179929e-02
-6.719436454680e-01,1.060510070279e+01,1.830254028010e-02
-6.718703345635e-01,7.836816718428e+00,7.345799373521e-02
-6.717983199606e-01,3.044866168860e+00,7.360697320558e-02
-6.717862228674e-01,1.305924887121e+00,7.359045584140e-02
-6.717728622435e-01,9.901385498055e+00,7.422505811554e-02
-6.716939408518e-01,9.169906816639e+00,7.338684303631e-02
-6.714402539691e-01,6.318248336605e+00,7.352418830449e-02
-6.714104462664e-01,5.908374984927e+00,7.354621933623e-02
-6.712786628212e-01,1.338127503449e+00,7.357665415122e-02
-6.712691616145e-01,3.077068785189e+00,7.359259075312e-02
-6.711148140401e-01,7.266623841810e+00,7.346547917583e-02
-6.710011355962e-01,5.530800289863e+00,7.355722108276e-02
-6.707711027750e-01,1.370330119778e+00,7.356283670192e-02
-6.707400032684e-01,3.109271401518e+00,7.357819117512e-02
-6.707370429127e-01,6.760485906645e+00,7.348096987439e-02
-6.705650376696e-01,5.185450810491e+00,7.355973475558e-02
-6.704540070429e-01,4.872245233736e+00,7.357093237142e-02
-6.703629010968e-01,8.439656335570e+00,7.338546351503e-02
-6.702872321822e-01,1.058014059644e+01,2.511030176349e-02
-6.702635427287e-01,1.402532736107e+00,7.354900346662e-02
-6.702108449223e-01,3.141474017846e+00,7.356377444109e-02
-6.699939656118e-01,9.876434027603e+00,7.399030281906e-02
-6.698744585050e-01,9.138327482689e+00,7.333682786251e-02
-6.698181789662e-01,7.805303316890e+00,7.340177749728e-02
-6.697559826825e-01,1.434735352435e+00,7.353515441839e-02
-6.696816865762e-01,3.173676634175e+00,7.354934052052e-02
-6.692484226362e-01,1.466937968764e+00,7.352128953020e-02
-6.691525282301e-01,3.205879250504e+00,7.353488938280e-02
-6.690403016391e-01,6.286843652646e+00,7.345875828242e-02
-6.689465583460e-01,7.235145371029e+00,7.340608585808e-02
-6.688949095861e-01,5.877009155430e+00,7.347779701840e-02
-6.687408625900e-01,1.499140585092e+00,7.350740877501e-02
-6.686308188965e-01,1.055518049009e+01,3.084702182410e-02
-6.686233698840e-01,3.238081866832e+00,7.352042099723e-02
-6.684528529422e-01,6.729043675319e+00,7.341846797635e-02
-6.684270053165e-01,8.408109312732e+00,7.333217124380e-02
-6.683701986635e-01,5.499474621081e+00,7.348500184581e-02
-6.682333025437e-01,1.531343201420e+00,7.349351212568e-02
-6.682150689802e-01,9.851482557151e+00,7.377341371387e-02
-6.680942115380e-01,3.270284483161e+00,7.350593533308e-02
-6.680549761582e-01,9.106748148739e+00,7.328661078260e-02
-6.678188906673e-01,5.154166607805e+00,7.348441116071e-02
-6.677660233689e-01,7.773789915352e+00,7.334530671657e-02
-6.677257424975e-01,1.563545817749e+00,7.347959955504e-02
-6.675928462349e-01,4.841003801626e+00,7.349259763957e-02
-6.675650531919e-01,3.302487099489e+00,7.349143235951e-02
-6.672181824512e-01,1.595748434077e+00,7.346567103581e-02
-6.670358948458e-01,3.334689715818e+00,7.347691204562e-02
-6.669744056108e-01,1.053022038375e+01,3.574689247462e-02
-6.667783026519e-01,7.203666900247e+00,7.334640919985e-02
-6.667106224050e-01,1.627951050406e+00,7.345172654071e-02
-6.666403493091e-01,6.255438968686e+00,7.339298600439e-02
-6.665067364997e-01,3.366892332147e+00,7.346237436045e-02
-6.664911095362e-01,8.376562289894e+00,7.327865032047e-02
-6.664361723486e-01,9.826531086699e+00,7.357633962170e-02
-6.663793729057e-01,5.845643325933e+00,7.340900165898e-02
-6.662354938114e-01,9.075168814788e+00,7.323619060740e-02
-6.662030623588e-01,1.660153666734e+00,7.343776604234e-02
-6.661686629717e-01,6.697601443993e+00,7.335565317400e-02
-6.659775781536e-01,3.399094948475e+00,7.344781927293e-02
-6.657392617307e-01,5.468148952299e+00,7.341236213973e-02
-6.657138677716e-01,7.742276513814e+00,7.328857972473e-02
-6.656955023125e-01,1.692356283063e+00,7.342378951328e-02
-6.654484198075e-01,3.431297564804e+00,7.343324675196e-02
-6.653179923250e-01,1.050526027740e+01,3.998046751155e-02
-6.651879422663e-01,1.724558899391e+00,7.340979692602e-02
-6.650727436650e-01,5.122882405119e+00,7.340863197871e-02
-6.649192614614e-01,3.463500181133e+00,7.341865676634e-02
-6.647316854270e-01,4.809762369516e+00,7.341377216463e-02
-6.646803822200e-01,1.756761515720e+00,7.339578825300e-02
-6.646572757169e-01,9.801579616247e+00,7.340095287689e-02
-6.646100469578e-01,7.172188429466e+00,7.328644725405e-02
-6.645552137559e-01,8.345015267056e+00,7.322489931919e-02
-6.644160114647e-01,9.043589480838e+00,7.318556613876e-02
-6.643901031153e-01,3.495702797461e+00,7.340404928479e-02
-6.642403969791e-01,6.224034284727e+00,7.332686892149e-02
-6.641728221738e-01,1.788964132048e+00,7.338176346660e-02
-6.638844730013e-01,6.666159212666e+00,7.329252322333e-02
-6.638638362253e-01,5.814277496436e+00,7.333983038295e-02
-6.638609447692e-01,3.527905413790e+00,7.338942427598e-02
-6.636652621275e-01,1.821166748377e+00,7.336772253912e-02
-6.636617121742e-01,7.710763112276e+00,7.323159483949e-02
-6.636615790393e-01,1.048030017105e+01,4.367490342669e-02
-6.633317864232e-01,3.560108030119e+00,7.337478170848e-02
-6.631577020813e-01,1.853369364705e+00,7.335366544281e-02
-6.631083247979e-01,5.436823283517e+00,7.333929844035e-02
-6.628783790853e-01,9.776628145795e+00,7.324900424962e-02
-6.628026280771e-01,3.592310646447e+00,7.336012155080e-02
-6.626501420350e-01,1.885571981034e+00,7.333959214986e-02
-6.626193179756e-01,8.313468244219e+00,7.317091680275e-02
-6.625965291179e-01,9.012010146887e+00,7.313473616940e-02
-6.624417912636e-01,7.140709958685e+00,7.322619805676e-02
-6.623265966627e-01,5.091598202433e+00,7.333239326885e-02
-6.622734697310e-01,3.624513262776e+00,7.334544377137e-02
-6.621425819888e-01,1.917774597362e+00,7.332550263239e-02
-6.620051657535e-01,1.045534006471e+01,4.692693691856e-02
-6.618705246191e-01,4.778520937406e+00,7.333445158308e-02
-6.618404446491e-01,6.192629600767e+00,7.326040446146e-02
-6.617443113849e-01,3.656715879105e+00,7.333074833854e-02
-6.616350219425e-01,1.949977213690e+00,7.331139686245e-02
-6.616095565769e-01,7.679249710738e+00,7.317435036458e-02
-6.616002830308e-01,6.634716981340e+00,7.322907586032e-02
-6.613482995450e-01,5.782911666939e+00,7.327028028839e-02
-6.612151530388e-01,3.688918495433e+00,7.331603522060e-02
-6.611274618963e-01,1.982179830019e+00,7.329727481204e-02
-6.610994824536e-01,9.751676675344e+00,7.312207706753e-02
-6.607770467711e-01,8.980430812936e+00,7.308369948290e-02
-6.606859946927e-01,3.721121111762e+00,7.330130438574e-02
-6.606834221953e-01,8.281921221381e+00,7.311670132248e-02
-6.606199018501e-01,2.014382446347e+00,7.328313645308e-02
-6.604773878651e-01,5.405497614736e+00,7.326580718641e-02
-6.603487524678e-01,1.043037995836e+01,4.981146826092e-02
-6.602735355695e-01,7.109231487904e+00,7.316565962709e-02
-6.601568363466e-01,3.753323728091e+00,7.328655580210e-02
-6.601123418038e-01,2.046585062676e+00,7.326898175743e-02
-6.596276780006e-01,3.785526344419e+00,7.327178943772e-02
-6.596047817576e-01,2.078787679004e+00,7.325481069690e-02
-6.595804496604e-01,5.060313999747e+00,7.325569104808e-02
-6.595574009796e-01,7.647736309200e+00,7.311684458960e-02
-6.594404923191e-01,6.161224916807e+00,7.319359002842e-02
-6.593205858220e-01,9.726725204892e+00,7.302154266528e-02
-6.593160930603e-01,6.603274750014e+00,7.316530880069e-02
-6.590985196545e-01,3.817728960748e+00,7.325700526058e-02
-6.590972217113e-01,2.110990295332e+00,7.324062324321e-02
-6.590093638111e-01,4.747279505296e+00,7.325463148396e-02
-6.589575644243e-01,8.948851478986e+00,7.303245485356e-02
-6.588327628646e-01,5.751545837442e+00,7.320034844625e-02
-6.587475264150e-01,8.250374198543e+00,7.306225141813e-02
-6.586923391820e-01,1.040541985201e+01,5.238739362045e-02
-6.585896616651e-01,2.143192911661e+00,7.322641936804e-02
-6.585693613084e-01,3.849931577077e+00,7.324220323858e-02
-6.581052798754e-01,7.077753017122e+00,7.310482996696e-02
-6.580821016188e-01,2.175395527990e+00,7.321219904299e-02
-6.580402029623e-01,3.882134193405e+00,7.322738333953e-02
-6.578464509323e-01,5.374171945954e+00,7.319188477913e-02
-6.575745415726e-01,2.207598144318e+00,7.319796223958e-02
-6.575416891903e-01,9.701773734440e+00,7.294851947753e-02
-6.575110446162e-01,3.914336809734e+00,7.321254553117e-02
-6.575052453823e-01,7.616222907662e+00,7.305907578984e-02
-6.571380820776e-01,8.917272145035e+00,7.298100104637e-02
-6.570669815264e-01,2.239800760646e+00,7.318370892931e-02
-6.570405399891e-01,6.129820232847e+00,7.312642300270e-02
-6.570359258963e-01,1.038045974567e+01,5.470166285311e-02
-6.570319030898e-01,6.571832518687e+00,7.310121973973e-02
-6.569818862701e-01,3.946539426063e+00,7.319768978117e-02
-6.568343026581e-01,5.029029797061e+00,7.317852129056e-02
-6.568116306347e-01,8.218827175705e+00,7.300756561777e-02
-6.565594214801e-01,2.272003376975e+00,7.316943908358e-02
-6.564527279240e-01,3.978742042391e+00,7.318281605712e-02
-6.563172261843e-01,5.720180007945e+00,7.313003190010e-02
-6.561482030032e-01,4.716038073185e+00,7.317430740834e-02
-6.560518614339e-01,2.304205993303e+00,7.315515267371e-02
-6.559370241813e-01,7.046274546341e+00,7.304370706094e-02
-6.559235695779e-01,4.010944658720e+00,7.316792432653e-02
-6.557627925587e-01,9.676822263987e+00,7.290120613885e-02
-6.555443013876e-01,2.336408609632e+00,7.314084967099e-02
-6.554530897850e-01,7.584709506124e+00,7.300104222620e-02
-6.553944112319e-01,4.043147275049e+00,7.315301455683e-02
-6.553795126105e-01,1.035549963932e+01,5.679216227398e-02
-6.553185997308e-01,8.885692811085e+00,7.292933681687e-02
-6.552155139996e-01,5.342846277172e+00,7.311752758169e-02
-6.550367413414e-01,2.368611225961e+00,7.312653004663e-02
-6.548757348544e-01,8.187280152867e+00,7.295264243765e-02
-6.548652528858e-01,4.075349891377e+00,7.313808671536e-02
-6.547477131194e-01,6.540390287361e+00,7.303680635210e-02
-6.546405876591e-01,6.098415548887e+00,7.305890074054e-02
-6.545291812952e-01,2.400813842289e+00,7.311219377176e-02
-6.543360945397e-01,4.107552507706e+00,7.312314076941e-02
-6.540881556558e-01,4.997745594375e+00,7.310087992718e-02
-6.540218835411e-01,9.648541361674e+00,7.285150585575e-02
-6.540216212489e-01,2.433016458617e+00,7.309784081745e-02
-6.538069361936e-01,4.139755124035e+00,7.310817668616e-02
-6.538016895039e-01,5.688814178448e+00,7.305932766584e-02
-6.537687684872e-01,7.014796075560e+00,7.298228887613e-02
-6.537230993248e-01,1.033053953297e+01,5.868980108907e-02
-6.535140612027e-01,2.465219074946e+00,7.308347115472e-02
-6.534991173840e-01,8.854113477134e+00,7.287746091112e-02
-6.534009341877e-01,7.553196104586e+00,7.294274214498e-02
-6.532870421952e-01,4.684796641075e+00,7.309347484877e-02
-6.532777778475e-01,4.171957740363e+00,7.309319443273e-02
-6.530065011564e-01,2.497421691274e+00,7.306908475451e-02
-6.529398390741e-01,8.155733130030e+00,7.289748038215e-02
-6.527486195014e-01,4.204160356692e+00,7.307819397615e-02
-6.525845770668e-01,5.311520608390e+00,7.304273191885e-02
-6.524989411102e-01,2.529624307603e+00,7.305468158768e-02
-6.524635231489e-01,6.508948056035e+00,7.297206629162e-02
-6.523189621377e-01,9.616931027499e+00,7.280270390305e-02
-6.522406353290e-01,6.067010864928e+00,7.299102057393e-02
-6.522194611553e-01,4.236362973020e+00,7.306317528339e-02
-6.520666860390e-01,1.030557942663e+01,6.042004683749e-02
-6.519913810639e-01,2.561826923931e+00,7.304026162505e-02
-6.516903028092e-01,4.268565589349e+00,7.304813832131e-02
-6.516796350372e-01,8.822534143184e+00,7.282537206559e-02
-6.516005127931e-01,6.983317604779e+00,7.292057336195e-02
-6.514838210177e-01,2.594029540260e+00,7.302582483734e-02
-6.513487785904e-01,7.521682703048e+00,7.288417377784e-02
-6.513420086535e-01,4.966461391689e+00,7.302276284501e-02
-6.512861528235e-01,5.657448348951e+00,7.298823273145e-02
-6.511611444632e-01,4.300768205678e+00,7.303308305672e-02
-6.510039432938e-01,8.124186107192e+00,7.284207794363e-02
-6.509762609714e-01,2.626232156588e+00,7.301137119523e-02
-6.506319861171e-01,4.332970822006e+00,7.301800945632e-02
-6.506160407343e-01,9.585320693324e+00,7.275374625176e-02
-6.504687009252e-01,2.658434772917e+00,7.299690066932e-02
-6.504258813873e-01,4.653555208965e+00,7.301212924876e-02
-6.504102727533e-01,1.028061932028e+01,6.200407244499e-02
-6.501793331784e-01,6.477505824709e+00,7.290699719105e-02
-6.501028277710e-01,4.365173438335e+00,7.300291748676e-02
-6.499611408790e-01,2.690637389245e+00,7.298241323014e-02
-6.499536401340e-01,5.280194939608e+00,7.296749407649e-02
-6.498601526904e-01,8.790954809233e+00,7.277306900705e-02
-6.498406829990e-01,6.035606180968e+00,7.292277981031e-02
-6.495736694249e-01,4.397376054664e+00,7.298780711457e-02
-6.494535808327e-01,2.722840005574e+00,7.296790884815e-02
-6.494322570990e-01,6.951839133998e+00,7.285855844997e-02
-6.492966229931e-01,7.490169301510e+00,7.282533534157e-02
-6.490680475135e-01,8.092639084354e+00,7.278643360232e-02
-6.490445110788e-01,4.429578670992e+00,7.297267830624e-02
-6.489460207865e-01,2.755042621902e+00,7.295338749374e-02
-6.489131193309e-01,9.553710359150e+00,7.270459952749e-02
-6.487706161431e-01,5.626082519454e+00,7.291674405674e-02
-6.487538594675e-01,1.025565921393e+01,6.345962486871e-02
-6.485958616513e-01,4.935177189003e+00,7.294416588683e-02
-6.485153527327e-01,4.461781287321e+00,7.295753102816e-02
-6.484384607402e-01,2.787245238231e+00,7.293884913726e-02
-6.480406703437e-01,8.759375475282e+00,7.272055045253e-02
-6.479861943866e-01,4.493983903650e+00,7.294236524663e-02
-6.479309006940e-01,2.819447854560e+00,7.292429374894e-02
-6.478951432079e-01,6.446063593383e+00,7.284159666191e-02
-6.478162116766e-01,1.562500050003e-02,7.713300795296e-02
-6.478162116766e-01,4.687500150008e-02,7.674190565091e-02
-6.478162116766e-01,7.812500250012e-02,7.635312473309e-02
-6.478162116766e-01,1.093750035002e-01,7.596908043410e-02
-6.478162116766e-01,1.406250045003e-01,7.559249702654e-02
-6.478162116766e-01,1.718750055004e-01,7.522640105107e-02
-6.478162116766e-01,2.031250065004e-01,7.487410013445e-02
-6.478162116766e-01,2.343750075005e-01,7.453914443866e-02
-6.478162116766e-01,2.656250085005e-01,7.422526833837e-02
-6.478162116766e-01,2.968750095005e-01,7.393631098996e-02
-6.478162116766e-01,3.281250105004e-01,7.367611608112e-02
-6.478162116766e-01,3.593750115003e-01,7.344841319154e-02
-6.478162116766e-01,3.906250125002e-01,7.325668567807e-02
-6.478162116766e-01,4.218750135001e-01,7.310403250878e-02
-6.478162116766e-01,4.531250145001e-01,7.299303357673e-02
-6.478162116766e-01,4.843750155000e-01,7.292562925084e-02
-6.478162116766e-01,5.156250165000e-01,7.290302486038e-02
-6.478162116766e-01,5.468750174999e-01,7.290302486038e-02
-6.478162116766e-01,5.781250184998e-01,7.290302486038e-02
-6.478162116766e-01,6.406250204997e-01,7.290302486038e-02
-6.478162116766e-01,6.718750214996e-01,7.290302486038e-02
-6.478162116766e-01,7.031250224996e-01,7.290302486038e-02
-6.478162116766e-01,7.343750234995e-01,7.290302486038e-02
-6.478162116766e-01,7.656250244995e-01,7.290302486038e-02
-6.478162116766e-01,7.968750254996e-01,7.290302486038e-02
-6.478162116766e-01,8.281250264996e-01,7.290302486038e-02
-6.478162116766e-01,8.593750274998e-01,7.290302486038e-02
-6.478162116766e-01,8.906250284999e-01,7.290302486038e-02
-6.478162116766e-01,9.218750295000e-01,7.290302486038e-02
-6.478162116766e-01,9.531250305000e-01,7.290302486038e-02
-6.478162116766e-01,9.843750315000e-01,7.290302486038e-02
-6.478162116766e-01,6.093750194998e-01,7.290302486038e-02
-6.475732308034e-01,1.016101340164e+00,7.289604563168e-02
-6.475647205793e-01,4.622313776855e+00,7.293026600218e-02
-6.474570360406e-01,4.526186519978e+00,7.292718092789e-02
-6.474407306690e-01,6.004201497008e+00,7.285417573238e-02
-6.474233406477e-01,2.851650470888e+00,7.290972129899e-02
-6.473227032012e-01,5.248869270827e+00,7.289181030112e-02
-6.472640014049e-01,6.920360663217e+00,7.279624205375e-02
-6.472444673958e-01,7.458655899972e+00,7.276622503797e-02
-6.472101979275e-01,9.522100024975e+00,7.265526266322e-02
-6.471321517332e-01,8.061092061516e+00,7.273054582620e-02
-6.470974461818e-01,1.023069910759e+01,6.480169110466e-02
-6.470872690570e-01,1.048303956493e+00,7.288207542354e-02
-6.469278776945e-01,4.558389136307e+00,7.291197803807e-02
-6.469157806015e-01,2.883853087217e+00,7.289513175751e-02
-6.466013073106e-01,1.080506572821e+00,7.286808952583e-02
-6.464082205552e-01,2.916055703546e+00,7.288052509455e-02
-6.463987193484e-01,4.590591752636e+00,7.289675654324e-02
-6.462550794628e-01,5.594716689957e+00,7.284471905530e-02
-6.462211879969e-01,8.727796141332e+00,7.266781510920e-02
-6.461153455642e-01,1.112709189150e+00,7.285408791223e-02
-6.459006605090e-01,2.948258319874e+00,7.286590128010e-02
-6.458497146490e-01,4.903892986317e+00,7.286508485060e-02
-6.456293838178e-01,1.144911805478e+00,7.284007055634e-02
-6.456109532375e-01,6.414621362056e+00,7.277586229428e-02
-6.455072765240e-01,9.490489690800e+00,7.260573458416e-02
-6.454410328960e-01,1.020573900124e+01,6.604301464377e-02
-6.453931004627e-01,2.980460936203e+00,7.285126028405e-02
-6.451962559529e-01,8.029545038679e+00,7.267441307092e-02
-6.451923117984e-01,7.427142498434e+00,7.270684105375e-02
-6.451434220714e-01,1.177114421807e+00,7.282603743172e-02
-6.450957457108e-01,6.888882192436e+00,7.273362206865e-02
-6.450407783390e-01,5.972796813049e+00,7.278520559782e-02
-6.448855404165e-01,3.012663552532e+00,7.283660207626e-02
-6.446917662684e-01,5.217543602045e+00,7.281567679945e-02
-6.446574603250e-01,1.209317038135e+00,7.281198851188e-02
-6.444017056501e-01,8.696216807381e+00,7.261486167430e-02
-6.443779803702e-01,3.044866168860e+00,7.282192662648e-02
-6.441714985786e-01,1.241519654464e+00,7.279792377023e-02
-6.438704203240e-01,3.077068785189e+00,7.280723390441e-02
-6.438043551206e-01,9.458879356625e+00,7.255601420766e-02
-6.437846196103e-01,1.018077889490e+01,6.719450014163e-02
-6.437395427824e-01,5.563350860460e+00,7.277162538443e-02
-6.436855368322e-01,1.273722270792e+00,7.278384318017e-02
-6.433628602778e-01,3.109271401518e+00,7.279252387967e-02
-6.433267632670e-01,6.383179130730e+00,7.270979165656e-02
-6.432603601726e-01,7.997998015841e+00,7.261803377966e-02
-6.431995750858e-01,1.305924887121e+00,7.276974671501e-02
-6.431401562011e-01,7.395629096896e+00,7.264718156034e-02
-6.431035676467e-01,4.872608783631e+00,7.278551548895e-02
-6.429274900167e-01,6.857403721655e+00,7.267069637167e-02
-6.428553002315e-01,3.141474017846e+00,7.277779652182e-02
-6.427136133394e-01,1.338127503449e+00,7.275563434800e-02
-6.426408260090e-01,5.941392129089e+00,7.271586663910e-02
-6.425822233033e-01,8.664637473431e+00,7.256168883503e-02
-6.423477401852e-01,3.173676634175e+00,7.276305180035e-02
-6.422276515930e-01,1.370330119778e+00,7.274150605234e-02
-6.421282063245e-01,1.015581878855e+01,6.826553354774e-02
-6.421014337172e-01,9.427269022450e+00,7.250610044320e-02
-6.420608293357e-01,5.186217933263e+00,7.273908973788e-02
-6.418401801390e-01,3.205879250504e+00,7.274828968466e-02
-6.417416898466e-01,1.402532736107e+00,7.272736180116e-02
-6.413326200928e-01,3.238081866832e+00,7.273351014409e-02
-6.413244643923e-01,7.966450993003e+00,7.256140638299e-02
-6.412557281002e-01,1.434735352435e+00,7.271320156755e-02
-6.412240061020e-01,5.531985030963e+00,7.269811285557e-02
-6.410880006038e-01,7.364115695358e+00,7.258724471375e-02
-6.410425732965e-01,6.351736899404e+00,7.264338229527e-02
-6.408250600465e-01,3.270284483161e+00,7.271871314790e-02
-6.407697663538e-01,1.466937968764e+00,7.269902532452e-02
-6.407627409565e-01,8.633058139480e+00,7.250829526848e-02
-6.407592343226e-01,6.825925250874e+00,7.260746282127e-02
-6.404717930388e-01,1.013085868220e+01,6.926423760623e-02
-6.403985123137e-01,9.395658688275e+00,7.245599219230e-02
-6.403574206444e-01,4.841324580945e+00,7.270545350865e-02
-6.403175000003e-01,3.302487099489e+00,7.270389866530e-02
-6.402838046074e-01,1.499140585092e+00,7.268483304503e-02
-6.402408736790e-01,5.909987445129e+00,7.264615606318e-02
-6.398099399540e-01,3.334689715818e+00,7.268906666541e-02
-6.397978428610e-01,1.531343201420e+00,7.267062470195e-02
-6.394298924029e-01,5.154892264481e+00,7.266204524209e-02
-6.393885686120e-01,7.934903970165e+00,7.250452929882e-02
-6.393118811145e-01,1.563545817749e+00,7.265640026814e-02
-6.393023799078e-01,3.366892332147e+00,7.267421711726e-02
-6.390358450065e-01,7.332602293820e+00,7.252702865445e-02
-6.389432586098e-01,8.601478805530e+00,7.245467964150e-02
-6.388259193682e-01,1.595748434077e+00,7.264215971636e-02
-6.388153797530e-01,1.010589857586e+01,7.019767745432e-02
-6.387948198615e-01,3.399094948475e+00,7.265934998985e-02
-6.387583833261e-01,6.320294668078e+00,7.257663173487e-02
-6.387084694217e-01,5.500619201466e+00,7.262417800574e-02
-6.386955909103e-01,9.364048354100e+00,7.240568834843e-02
-6.385909786285e-01,6.794446780092e+00,7.254391925717e-02
-6.383399576217e-01,1.627951050406e+00,7.262790301932e-02
-6.382872598153e-01,3.431297564804e+00,7.264446525207e-02
-6.378539958753e-01,1.660153666734e+00,7.261363014967e-02
-6.378409213490e-01,5.878582761169e+00,7.257607105132e-02
-6.377796997690e-01,3.463500181133e+00,7.262956287275e-02
-6.376112736421e-01,4.810040378259e+00,7.262489457006e-02
-6.374526728317e-01,7.903356947327e+00,7.244740093221e-02
-6.373680341289e-01,1.692356283063e+00,7.259934107999e-02
-6.372721397228e-01,3.495702797461e+00,7.261464282066e-02
-6.371589664673e-01,1.008093846951e+01,7.107202733100e-02
-6.371237762630e-01,8.569899471579e+00,7.240084061069e-02
-6.369926695069e-01,9.332438019925e+00,7.235518779696e-02
-6.369836894092e-01,7.301088892282e+00,7.246653150718e-02
-6.368820723825e-01,1.724558899391e+00,7.258503578282e-02
-6.367989554701e-01,5.123566595700e+00,7.258453939651e-02
-6.367645796765e-01,3.527905413790e+00,7.259970506446e-02
-6.364741933556e-01,6.288852436752e+00,7.250953747748e-02
-6.364227229343e-01,6.762968309311e+00,7.248006350019e-02
-6.363961106361e-01,1.756761515720e+00,7.257071423061e-02
-6.362570196303e-01,3.560108030119e+00,7.258474957277e-02
-6.361929327413e-01,5.469253371969e+00,7.254981733590e-02
-6.359101488897e-01,1.788964132048e+00,7.255637639576e-02
-6.357494595840e-01,3.592310646447e+00,7.256977631413e-02
-6.355167770514e-01,7.871809924490e+00,7.239001967529e-02
-6.355025531815e-01,1.005597836316e+01,7.189270671590e-02
-6.354409690189e-01,5.847178077210e+00,7.250560875882e-02
-6.354241871433e-01,1.821166748377e+00,7.254202225062e-02
-6.353042939162e-01,8.538320137628e+00,7.234677682222e-02
-6.352897481035e-01,9.300827685751e+00,7.230448941508e-02
-6.352418995378e-01,3.624513262776e+00,7.255478525700e-02
-6.349382253969e-01,1.853369364705e+00,7.252765176745e-02
-6.349315338118e-01,7.269575490744e+00,7.240575138084e-02
-6.348651266398e-01,4.778756175573e+00,7.254383428666e-02
-6.347343394915e-01,3.656715879105e+00,7.253977636975e-02
-6.344522636505e-01,1.885571981034e+00,7.251326491846e-02
-6.342544672402e-01,6.731489838530e+00,7.241589335207e-02
-6.342267794453e-01,3.688918495433e+00,7.252474962071e-02
-6.341900033851e-01,6.257410205425e+00,7.244209700275e-02
-6.341680185373e-01,5.092240926918e+00,7.250656824385e-02
-6.339663019041e-01,1.917774597362e+00,7.249886167582e-02
-6.338461398958e-01,1.003101825682e+01,7.266449224424e-02
-6.337192193990e-01,3.721121111762e+00,7.250970497810e-02
-6.336773960609e-01,5.437887542472e+00,7.247502731048e-02
-6.335868267000e-01,9.269217351576e+00,7.225359207176e-02
-6.335808812711e-01,7.840262901652e+00,7.233238390715e-02
-6.334848115694e-01,8.506740803678e+00,7.229248691176e-02
-6.334803401577e-01,1.949977213690e+00,7.248444201160e-02
-6.332116593528e-01,3.753323728091e+00,7.249464241008e-02
-6.330410166889e-01,5.815773393250e+00,7.243476631474e-02
-6.329943784113e-01,1.982179830019e+00,7.247000589783e-02
-6.328793782145e-01,7.238062089206e+00,7.234468636831e-02
-6.327040993066e-01,3.785526344419e+00,7.247956188475e-02
-6.325084166649e-01,2.014382446347e+00,7.245555330646e-02
-6.321965392603e-01,3.817728960748e+00,7.246446337009e-02
-6.321897266101e-01,1.000605815047e+01,7.339161028174e-02
-6.321189796376e-01,4.747471972887e+00,7.246226822446e-02
-6.320862115461e-01,6.700011367749e+00,7.235140659526e-02
-6.320224549185e-01,2.046585062676e+00,7.244108420939e-02
-6.319058134147e-01,6.225967974099e+00,7.237430776757e-02
-6.318839052966e-01,9.237607017401e+00,7.220249462761e-02
-6.316889792141e-01,3.849931577077e+00,7.244934683407e-02
-6.316653292227e-01,8.475161469727e+00,7.223796950444e-02
-6.316449854908e-01,7.808715878814e+00,7.227449199366e-02
-6.315370816045e-01,5.060915258136e+00,7.242812778462e-02
-6.315364931721e-01,2.078787679004e+00,7.242659857845e-02
-6.311814191678e-01,3.882134193405e+00,7.243421224452e-02
-6.311618593806e-01,5.406521712975e+00,7.239980435700e-02
-6.310505314257e-01,2.110990295332e+00,7.241209638541e-02
-6.308272226172e-01,7.206548687668e+00,7.228333454633e-02
-6.306738591216e-01,3.914336809734e+00,7.241905956922e-02
-6.306410643589e-01,5.784368709290e+00,7.236354082171e-02
-6.305645696793e-01,2.143192911661e+00,7.239757760197e-02
-6.305333133243e-01,9.981098044123e+00,7.397507727512e-02
-6.301809838932e-01,9.205996683227e+00,7.215119593491e-02
-6.301662990753e-01,3.946539426063e+00,7.240388877589e-02
-6.300786079329e-01,2.175395527990e+00,7.238304219978e-02
-6.299179558520e-01,6.668532896967e+00,7.228660099278e-02
-6.298458468759e-01,8.443582135777e+00,7.218322321466e-02
-6.297090897105e-01,7.777168855976e+00,7.221634228741e-02
-6.296587390291e-01,3.978742042391e+00,7.238869983214e-02
-6.296216234442e-01,6.194525742773e+00,7.230616720588e-02
-6.295926461865e-01,2.207598144318e+00,7.236849015039e-02
-6.293728326353e-01,4.716187770201e+00,7.238019190147e-02
-6.291511789828e-01,4.010944658720e+00,7.237349270553e-02
-6.291066844401e-01,2.239800760646e+00,7.235392142534e-02
-6.289061446717e-01,5.029589589354e+00,7.234921397665e-02
-6.288769000386e-01,9.956137937777e+00,7.365509006087e-02
-6.287750670199e-01,7.175035286131e+00,7.222169397530e-02
-6.286463227002e-01,5.375155883478e+00,7.232414486559e-02
-6.286436189366e-01,4.043147275049e+00,7.235826736353e-02
-6.286207226937e-01,2.272003376975e+00,7.233933599604e-02
-6.284780624898e-01,9.174386349052e+00,7.209969483742e-02
-6.282411120289e-01,5.752964025331e+00,7.229192935564e-02
-6.281360588903e-01,4.075349891377e+00,7.234302377352e-02
-6.281347609473e-01,2.304205993303e+00,7.232473383390e-02
-6.280263645291e-01,8.412002801826e+00,7.212824664608e-02
-6.277731939302e-01,7.745621833139e+00,7.215793312758e-02
-6.277497001579e-01,6.637054426186e+00,7.222147428796e-02
-6.276487992009e-01,2.336408609632e+00,7.231011491022e-02
-6.276284988441e-01,4.107552507706e+00,7.232776190284e-02
-6.273374334737e-01,6.163083511447e+00,7.223767272848e-02
-6.272204867529e-01,9.931177831430e+00,7.334771406231e-02
-6.271628374545e-01,2.368611225961e+00,7.229547919624e-02
-6.271209387978e-01,4.139755124035e+00,7.231248171871e-02
-6.267751410864e-01,9.142776014877e+00,7.204799017040e-02
-6.267229114226e-01,7.143521884593e+00,7.215976269915e-02
-6.266768757081e-01,2.400813842289e+00,7.228082666315e-02
-6.266266856330e-01,4.684903567515e+00,7.229760078717e-02
-6.266133787516e-01,4.171957740363e+00,7.229718318830e-02
-6.262752077390e-01,4.998263920572e+00,7.226982273455e-02
-6.262068821823e-01,8.380423467875e+00,7.207303839147e-02
-6.261909139617e-01,2.433016458617e+00,7.226615728207e-02
-6.261307860198e-01,5.343790053981e+00,7.224804518856e-02
-6.261058187053e-01,4.204160356692e+00,7.228186627869e-02
-6.258411596989e-01,5.721559341371e+00,7.221992896549e-02
-6.258372981499e-01,7.714074810301e+00,7.209926283977e-02
-6.257049522153e-01,2.465219074946e+00,7.225147102404e-02
-6.255982586591e-01,4.236362973020e+00,7.226653095687e-02
-6.255814444638e-01,6.605575955405e+00,7.215602420434e-02
-6.255640734672e-01,9.906217725084e+00,7.305537933861e-02
-6.253498884600e-01,1.065987857185e+01,6.608629165406e-06
-6.252189904688e-01,2.497421691274e+00,7.223676786005e-02
-6.250906986129e-01,4.268565589349e+00,7.225117718978e-02
-6.250722196829e-01,9.111165680702e+00,7.199608076050e-02
-6.250532435033e-01,6.131641280121e+00,7.216882172274e-02
-6.247330287224e-01,2.529624307603e+00,7.222204776102e-02
-6.246707558253e-01,7.112008483055e+00,7.209753874521e-02
-6.245831385666e-01,4.300768205678e+00,7.223580494426e-02
-6.243873998356e-01,8.348844133925e+00,7.201759703263e-02
-6.242470669760e-01,2.561826923931e+00,7.220731069780e-02
-6.240755785204e-01,4.332970822006e+00,7.222041418707e-02
-6.239076601814e-01,9.881257618737e+00,7.278059690926e-02
-6.239014023696e-01,7.682527787464e+00,7.204032973590e-02
-6.238805386307e-01,4.653619364829e+00,7.221449030194e-02
-6.238160002555e-01,1.063491042947e+01,1.009324685291e-02
-6.237611052296e-01,2.594029540260e+00,7.219255664117e-02
-6.236442708062e-01,4.966938251791e+00,7.218994992926e-02
-6.236152493395e-01,5.312424224484e+00,7.217150164000e-02
-6.235680184741e-01,4.365173438335e+00,7.220500488491e-02
-6.234412073689e-01,5.690154657411e+00,7.214753667301e-02
-6.234131887697e-01,6.574097484624e+00,7.209024844542e-02
-6.233692982795e-01,9.079555346527e+00,7.194396542567e-02
-6.232751434832e-01,2.626232156588e+00,7.217778556184e-02
-6.230604584279e-01,4.397376054664e+00,7.218957700436e-02
-6.227891817368e-01,2.658434772917e+00,7.216299743047e-02
-6.227690535328e-01,6.100199048794e+00,7.209961155245e-02
-6.226186002280e-01,7.080495081517e+00,7.203502012399e-02
-6.225679174888e-01,8.317264799974e+00,7.196192114030e-02
-6.225528983816e-01,4.429578670992e+00,7.217413051197e-02
-6.223032199904e-01,2.690637389245e+00,7.214819221764e-02
-6.222821120510e-01,1.060994228709e+01,1.830266319042e-02
-6.222512468957e-01,9.856297512391e+00,7.252591504142e-02
-6.220453383354e-01,4.461781287321e+00,7.215866537417e-02
-6.219655065893e-01,7.650980764626e+00,7.198113211409e-02
-6.218172582440e-01,2.722840005574e+00,7.213336989386e-02
-6.216663768761e-01,9.047945012353e+00,7.189164297513e-02
-6.215377782891e-01,4.493983903650e+00,7.214318155733e-02
-6.213312964976e-01,2.755042621903e+00,7.211853042957e-02
-6.212449330755e-01,6.542619013842e+00,7.202414469448e-02
-6.211343916284e-01,4.622335162143e+00,7.213085581653e-02
-6.210997126591e-01,5.281058394987e+00,7.209451049525e-02
-6.210412550389e-01,5.658749973451e+00,7.207430831183e-02
-6.210302182429e-01,4.526186519978e+00,7.212767902773e-02
-6.210133338734e-01,4.935612583009e+00,7.210959138752e-02
-6.208453347512e-01,2.787245238231e+00,7.210367379516e-02
-6.207484351420e-01,8.285685466024e+00,7.190600927404e-02
-6.207482238465e-01,1.058497414471e+01,2.511045599300e-02
-6.205948336100e-01,9.831337406044e+00,7.229386706757e-02
-6.205664446307e-01,7.048981679979e+00,7.197220482908e-02
-6.205226581966e-01,4.558389136307e+00,7.211215775157e-02
-6.204848635623e-01,6.068756817468e+00,7.203003955755e-02
-6.203593730048e-01,2.819447854560e+00,7.208879996094e-02
-6.200296108090e-01,7.619433741788e+00,7.192166825854e-02
-6.200150981504e-01,4.590591752636e+00,7.209661769498e-02
-6.199634554727e-01,9.016334678178e+00,7.183911220924e-02
-6.198734112584e-01,2.851650470888e+00,7.207390889714e-02
-6.193874495120e-01,2.883853087217e+00,7.205900057395e-02
-6.192143356420e-01,1.056000600233e+01,3.084719638082e-02
-6.190766773814e-01,6.511140543061e+00,7.195771061438e-02
-6.190243800466e-01,7.812500250012e-02,7.582844979593e-02
-6.190243800466e-01,1.093750035002e-01,7.541189837868e-02
-6.190243800466e-01,2.031250065004e-01,7.421580025490e-02
-6.190243800466e-01,2.343750075005e-01,7.384727796769e-02
-6.190243800466e-01,3.281250105004e-01,7.289167002613e-02
-6.190243800466e-01,5.156250165000e-01,7.202773187570e-02
-6.190243800466e-01,5.468750174999e-01,7.202773187570e-02
-6.190243800466e-01,5.781250184998e-01,7.202773187570e-02
-6.190243800466e-01,6.093750194998e-01,7.202773187570e-02
-6.190243800466e-01,6.406250204997e-01,7.202773187570e-02
-6.190243800466e-01,7.343750234995e-01,7.202773187570e-02
-6.190243800466e-01,7.656250244995e-01,7.202773187570e-02
-6.190243800466e-01,7.968750254996e-01,7.202773187570e-02
-6.190243800466e-01,8.281250264996e-01,7.202773187570e-02
-6.190243800466e-01,9.218750295000e-01,7.202773187570e-02
-6.190243800466e-01,9.531250305000e-01,7.202773187570e-02
-6.190243800466e-01,9.843750315000e-01,7.202773187570e-02
-6.190243800466e-01,1.562500050003e-02,7.666993037932e-02
-6.190243800466e-01,4.687500150008e-02,7.624866015808e-02
-6.190243800466e-01,1.406250045003e-01,7.500198004701e-02
-6.190243800466e-01,1.718750055004e-01,7.460204442464e-02
-6.190243800466e-01,2.656250085005e-01,7.350076736354e-02
-6.190243800466e-01,2.968750095005e-01,7.318072777046e-02
-6.190243800466e-01,3.593750115003e-01,7.263801246514e-02
-6.190243800466e-01,3.906250125002e-01,7.242391656012e-02
-6.190243800466e-01,4.218750135001e-01,7.225311155742e-02
-6.190243800466e-01,4.843750155000e-01,7.205310398825e-02
-6.190243800466e-01,6.718750214996e-01,7.202773187570e-02
-6.190243800466e-01,7.031250224996e-01,7.202773187570e-02
-6.190243800466e-01,8.593750274997e-01,7.202773187570e-02
-6.190243800466e-01,8.906250284999e-01,7.202773187570e-02
-6.190243800466e-01,4.531250145001e-01,7.212872072966e-02
-6.189384203242e-01,9.806377299698e+00,7.208691189425e-02
-6.189289527952e-01,8.254106132073e+00,7.184985998213e-02
-6.189014877656e-01,2.916055703546e+00,7.204407496145e-02
-6.187921983233e-01,1.016101340164e+00,7.202059313183e-02
-6.186413027088e-01,5.627345289492e+00,7.200029009633e-02
-6.185841759787e-01,5.249692565490e+00,7.201706799055e-02
-6.185142890334e-01,7.017468278442e+00,7.190909083696e-02
-6.184155260192e-01,2.948258319874e+00,7.202913202970e-02
-6.183823969406e-01,4.904286914227e+00,7.202874289133e-02
-6.183278348767e-01,1.048303956493e+00,7.200630377312e-02
-6.182605340692e-01,8.984724344003e+00,7.178637191945e-02
-6.182006735919e-01,6.037314586142e+00,7.196010305391e-02
-6.180937150287e-01,7.587886718951e+00,7.186193643937e-02
-6.179295642728e-01,2.980460936203e+00,7.201417174865e-02
-6.178634714302e-01,1.080506572821e+00,7.199199856462e-02
-6.176804474375e-01,1.053503785994e+01,3.574707999901e-02
-6.174436025264e-01,3.012663552532e+00,7.199919408820e-02
-6.173991079836e-01,1.112709189150e+00,7.197767748004e-02
-6.172820070385e-01,9.781417193352e+00,7.190736915323e-02
-6.171094704484e-01,8.222526798123e+00,7.179347180149e-02
-6.169576407799e-01,3.044866168860e+00,7.198419901817e-02
-6.169347445370e-01,1.144911805478e+00,7.196334049306e-02
-6.169084216873e-01,6.479662072280e+00,7.189094384741e-02
-6.165576126658e-01,8.953114009828e+00,7.173342088823e-02
-6.164716790335e-01,3.077068785189e+00,7.196918650832e-02
-6.164703810905e-01,1.177114421807e+00,7.194898757728e-02
-6.164621334361e-01,6.985954876904e+00,7.184567610684e-02
-6.162413503788e-01,5.595940605532e+00,7.192585481265e-02
-6.161578192484e-01,7.556339696113e+00,7.180193491249e-02
-6.161465592330e-01,1.051006971757e+01,3.998066297826e-02
-6.160686392984e-01,5.218326735993e+00,7.193917032246e-02
-6.160060176439e-01,1.209317038135e+00,7.193461870625e-02
-6.159857172871e-01,3.109271401518e+00,7.195415652835e-02
-6.159164836214e-01,6.005872354816e+00,7.188979933313e-02
-6.157514600078e-01,4.872961245445e+00,7.194740017749e-02
-6.156255937528e-01,9.756457087005e+00,7.175735172775e-02
-6.155416541973e-01,1.241519654464e+00,7.192023385348e-02
-6.154997555407e-01,3.141474017846e+00,7.193910904785e-02
-6.152899881017e-01,8.190947464172e+00,7.173684325756e-02
-6.150772907508e-01,1.273722270792e+00,7.190583299238e-02
-6.150137937943e-01,3.173676634175e+00,7.192404403639e-02
-6.148546912624e-01,8.921503675653e+00,7.168025788898e-02
-6.147401659932e-01,6.448183601499e+00,7.182384201503e-02
-6.146129273042e-01,1.305924887121e+00,7.189141609634e-02
-6.146126710285e-01,1.048510157518e+01,4.367510335176e-02
-6.145278320479e-01,3.205879250504e+00,7.190896146344e-02
-6.144099778388e-01,6.954441475367e+00,7.178195858049e-02
-6.142219234681e-01,7.524792673275e+00,7.174166191950e-02
-6.141485638576e-01,1.338127503449e+00,7.187698313867e-02
-6.140418703015e-01,3.238081866832e+00,7.189386129840e-02
-6.139691804670e-01,9.731496980659e+00,7.163869905385e-02
-6.138413980488e-01,5.564535921572e+00,7.185099906323e-02
-6.136842004111e-01,1.370330119778e+00,7.186253409264e-02
-6.136322936509e-01,5.974430123490e+00,7.181912566228e-02
-6.135559085551e-01,3.270284483161e+00,7.187874351059e-02
-6.135531026180e-01,5.186960906496e+00,7.186081364752e-02
-6.134705057549e-01,8.159368130221e+00,7.167997286420e-02
-6.132198369645e-01,1.402532736107e+00,7.184806893144e-02
-6.131517698589e-01,8.889893341478e+00,7.162688168595e-02
-6.131205230751e-01,4.841635576663e+00,7.186555893705e-02
-6.130787828240e-01,1.046013343280e+01,4.692713885980e-02
-6.130699468087e-01,3.302487099489e+00,7.186360806930e-02
-6.127554735179e-01,1.434735352435e+00,7.183358762820e-02
-6.125839850623e-01,3.334689715818e+00,7.184845494369e-02
-6.125719102991e-01,6.416705130718e+00,7.175640271772e-02
-6.123578222415e-01,6.922928073829e+00,7.171793618209e-02
-6.123127671813e-01,9.706536874312e+00,7.155291503947e-02
-6.122911100714e-01,1.466937968764e+00,7.181909015600e-02
-6.122860276878e-01,7.493245650437e+00,7.168111568754e-02
-6.120980233159e-01,3.366892332147e+00,7.183328410290e-02
-6.118267466248e-01,1.499140585092e+00,7.180457648788e-02
-6.116510234081e-01,8.127788796271e+00,7.162285912356e-02
-6.116120615695e-01,3.399094948475e+00,7.181809551597e-02
-6.115448946195e-01,1.043516529042e+01,4.981167049393e-02
-6.114488484555e-01,8.858283007303e+00,7.157329103418e-02
-6.114414457188e-01,5.533131237613e+00,7.177571941557e-02
-6.113623831782e-01,1.531343201420e+00,7.179004659677e-02
-6.113481036805e-01,5.942987892163e+00,7.174807928368e-02
-6.111260998231e-01,3.431297564804e+00,7.180288915188e-02
-6.110375659377e-01,5.155595076998e+00,7.178199408169e-02
-6.108980197317e-01,1.563545817749e+00,7.177550045558e-02
-6.106563538955e-01,9.681576767965e+00,7.150114851653e-02
-6.106401380767e-01,3.463500181133e+00,7.178766497953e-02
-6.104895861423e-01,4.810309907881e+00,7.178321481478e-02
-6.104336562851e-01,1.595748434077e+00,7.176093803716e-02
-6.104036546050e-01,6.385226659936e+00,7.168862353474e-02
-6.103501319075e-01,7.461698627599e+00,7.162029442915e-02
-6.103056666442e-01,6.891414672291e+00,7.165360681806e-02
-6.101541763303e-01,3.495702797461e+00,7.177242296774e-02
-6.100110064150e-01,1.041019714804e+01,5.238759492374e-02
-6.099692928386e-01,1.627951050406e+00,7.174635931426e-02
-6.098315410613e-01,8.096209462320e+00,7.156550052604e-02
-6.097459270521e-01,8.826672673129e+00,7.151948467937e-02
-6.096682145838e-01,3.527905413790e+00,7.175716308527e-02
-6.095049293920e-01,1.660153666734e+00,7.173176425963e-02
-6.091822528374e-01,3.560108030119e+00,7.174188530081e-02
-6.090639137100e-01,5.911545660837e+00,7.167665741470e-02
-6.090414933888e-01,5.501726553653e+00,7.170001240173e-02
-6.090405659454e-01,1.692356283063e+00,7.171715284590e-02
-6.090350377226e-01,9.653276703373e+00,7.144736781016e-02
-6.086962910910e-01,3.592310646447e+00,7.172658958297e-02
-6.085762024989e-01,1.724558899391e+00,7.170252504567e-02
-6.085220292573e-01,5.124229247501e+00,7.170270769993e-02
-6.084771182105e-01,1.038522900566e+01,5.470186236246e-02
-6.084142361272e-01,7.430151604762e+00,7.155919634212e-02
-6.082535110469e-01,6.859901270753e+00,7.158896837689e-02
-6.082353989108e-01,6.353748189155e+00,7.162050202399e-02
-6.082103293446e-01,3.624513262776e+00,7.171127590029e-02
-6.081118390523e-01,1.756761515720e+00,7.168788083148e-02
-6.080430056486e-01,8.795062338954e+00,7.146546135786e-02
-6.080120587146e-01,8.064630128370e+00,7.150789555011e-02
-6.078586492095e-01,4.778984239100e+00,7.170036340864e-02
-6.077243675982e-01,3.656715879105e+00,7.169594422123e-02
-6.076474756057e-01,1.788964132048e+00,7.167322017581e-02
-6.074488186626e-01,9.621636680536e+00,7.139683659058e-02
-6.072384058518e-01,3.688918495433e+00,7.168059451417e-02
-6.071831121592e-01,1.821166748377e+00,7.165854305105e-02
-6.069432300060e-01,1.036026086328e+01,5.679235938201e-02
-6.067797237395e-01,5.880103429511e+00,7.160485724746e-02
-6.067524441054e-01,3.721121111762e+00,7.166522674745e-02
-6.067187487126e-01,1.853369364705e+00,7.164384942956e-02
-6.066415410588e-01,5.470321869693e+00,7.162387451800e-02
-6.064783403470e-01,7.398604581924e+00,7.149781960940e-02
-6.063400842452e-01,8.763452004779e+00,7.141121979651e-02
-6.062664823590e-01,3.753323728091e+00,7.164984088929e-02
-6.062543852660e-01,1.885571981034e+00,7.162913928362e-02
-6.062013554496e-01,6.828387869215e+00,7.152401872897e-02
-6.061925763678e-01,8.033050794419e+00,7.145004266225e-02
-6.060671432167e-01,6.322269718374e+00,7.155203572174e-02
-6.060064925769e-01,5.092863418004e+00,7.162295053568e-02
-6.058625996025e-01,9.589996657698e+00,7.134615152415e-02
-6.057900218195e-01,1.917774597362e+00,7.161441258547e-02
-6.057805206126e-01,3.785526344419e+00,7.163443690786e-02
-6.054093418015e-01,1.033529272090e+01,5.868999537476e-02
-6.053256583729e-01,1.949977213690e+00,7.159966930726e-02
-6.052945588662e-01,3.817728960748e+00,7.161901477126e-02
-6.052277122767e-01,4.747658570318e+00,7.161700026928e-02
-6.048612949263e-01,1.982179830019e+00,7.158490942110e-02
-6.048085971198e-01,3.849931577077e+00,7.160357444751e-02
-6.046371628418e-01,8.731841670604e+00,7.135675871264e-02
-6.045424445666e-01,7.367057559086e+00,7.143616239890e-02
-6.044955337690e-01,5.848661198185e+00,7.153267594866e-02
-6.043969314798e-01,2.014382446347e+00,7.157013289901e-02
-6.043730940210e-01,8.001471460468e+00,7.139194031682e-02
-6.043226353734e-01,3.882134193405e+00,7.158811590454e-02
-6.042763805425e-01,9.558356634861e+00,7.129527483401e-02
-6.042415887287e-01,5.438917185733e+00,7.154730222444e-02
-6.041491998523e-01,6.796874467677e+00,7.145875572641e-02
-6.039325680332e-01,2.046585062676e+00,7.155533971298e-02
-6.038988875226e-01,6.290791247593e+00,7.148322214247e-02
-6.038754535970e-01,1.031032457852e+01,6.042023801617e-02
-6.038366736270e-01,3.914336809734e+00,7.157263911023e-02
-6.034909558965e-01,5.061497588507e+00,7.154271858043e-02
-6.034682045867e-01,2.078787679004e+00,7.154052983493e-02
-6.033507118806e-01,3.946539426063e+00,7.155714403236e-02
-6.030038411401e-01,2.110990295332e+00,7.152570323668e-02
-6.029342414384e-01,8.700231336429e+00,7.130207681390e-02
-6.028647501341e-01,3.978742042391e+00,7.154163063866e-02
-6.026901614825e-01,9.526716612024e+00,7.124420546241e-02
-6.026065487864e-01,7.335510536249e+00,7.137422286342e-02
-6.025967753439e-01,4.716332901536e+00,7.153312089944e-02
-6.025536116743e-01,7.969892126518e+00,7.133358695594e-02
-6.025394776935e-01,2.143192911661e+00,7.151085989004e-02
-6.023787883877e-01,4.010944658720e+00,7.152609889675e-02
-6.023415653925e-01,1.028535643614e+01,6.200426033229e-02
-6.022113437986e-01,5.817218966859e+00,7.146011065932e-02
-6.020970442550e-01,6.765361066139e+00,7.139317720289e-02
-6.020751142470e-01,2.175395527990e+00,7.149599976673e-02
-6.018928266413e-01,4.043147275049e+00,7.151054877421e-02
-6.018416363987e-01,5.407512501773e+00,7.147029194447e-02
-6.017306318285e-01,6.259312776812e+00,7.141405877866e-02
-6.016107508004e-01,2.207598144318e+00,7.148112283839e-02
-6.014068648949e-01,4.075349891377e+00,7.149498023853e-02
-6.012313200349e-01,8.668621002254e+00,7.124717279826e-02
-6.011463873538e-01,2.239800760646e+00,7.146622907664e-02
-6.011039424225e-01,9.495076589186e+00,7.119294234414e-02
-6.009754192162e-01,5.030131759010e+00,7.146200778317e-02
-6.009209031485e-01,4.107552507706e+00,7.147939325710e-02
-6.008076771880e-01,1.026038829376e+01,6.345980935436e-02
-6.007341293275e-01,7.938312792567e+00,7.127498100942e-02
-6.006820239073e-01,2.272003376975e+00,7.145131845299e-02
-6.006706530060e-01,7.303963513411e+00,7.131199914044e-02
-6.004349414021e-01,4.139755124035e+00,7.146378779727e-02
-6.002176604607e-01,2.304205993303e+00,7.143639093891e-02
-6.000448886577e-01,6.733847664602e+00,7.132728097347e-02
-5.999658384112e-01,4.685007232754e+00,7.144872075347e-02
-5.999489796557e-01,4.171957740363e+00,7.144816382630e-02
-5.999271538281e-01,5.785776735533e+00,7.138715849456e-02
-5.997532970142e-01,2.336408609632e+00,7.142144650581e-02
-5.995623761344e-01,6.227834306031e+00,7.134454310056e-02
-5.995283986315e-01,8.637010668079e+00,7.119204535386e-02
-5.995177233624e-01,9.463436566348e+00,7.114148440638e-02
-5.994630179093e-01,4.204160356692e+00,7.143252131135e-02
-5.994416840687e-01,5.376107817814e+00,7.139284006441e-02
-5.992889335676e-01,2.368611225961e+00,7.140648512503e-02
-5.992737889835e-01,1.023542015138e+01,6.480187213327e-02
-5.989770561629e-01,4.236362973020e+00,7.141686021954e-02
-5.989146469807e-01,7.906733458617e+00,7.121612089460e-02
-5.988245701210e-01,2.400813842289e+00,7.139150676782e-02
-5.987347572257e-01,7.272416490573e+00,7.124948935202e-02
-5.984910944165e-01,4.268565589349e+00,7.140118051788e-02
-5.984598825358e-01,4.998765929513e+00,7.138081404998e-02
-5.983602066745e-01,2.433016458617e+00,7.137651140541e-02
-5.980051326701e-01,4.300768205678e+00,7.138548217332e-02
-5.979927330604e-01,6.702334263064e+00,7.126106483442e-02
-5.979315043024e-01,9.431796543511e+00,7.108983056870e-02
-5.978958432279e-01,2.465219074946e+00,7.136149900894e-02
-5.978254772281e-01,8.605400333904e+00,7.113669315896e-02
-5.977399007790e-01,1.021045200900e+01,6.604319220051e-02
-5.976429638577e-01,5.754334504206e+00,7.131365434090e-02
-5.975191709237e-01,4.332970822006e+00,7.136976515273e-02
-5.974314797813e-01,2.497421691274e+00,7.134646954948e-02
-5.973941204403e-01,6.196355835250e+00,7.127467255600e-02
-5.973349014784e-01,4.653681563973e+00,7.136379523675e-02
-5.970951646339e-01,7.875154124666e+00,7.115700501629e-02
-5.970417317387e-01,5.344703133854e+00,7.131494293310e-02
-5.970332091773e-01,4.365173438335e+00,7.135402942289e-02
-5.969671163348e-01,2.529624307603e+00,7.133142299804e-02
-5.967988614455e-01,7.240869467735e+00,7.118669160466e-02
-5.965472474308e-01,4.397376054664e+00,7.133827495053e-02
-5.965027528882e-01,2.561826923931e+00,7.131635932557e-02
-5.963452852423e-01,9.400156520673e+00,7.103797974296e-02
-5.962060125745e-01,1.018548386662e+01,6.719467424163e-02
-5.961225558247e-01,8.573789999729e+00,7.108111488183e-02
-5.960612856844e-01,4.429578670992e+00,7.132250170226e-02
-5.960383894416e-01,2.594029540260e+00,7.130127850295e-02
-5.959443458554e-01,4.967400100016e+00,7.129913324343e-02
-5.959405774631e-01,6.670820861526e+00,7.119452656304e-02
-5.955753239380e-01,4.461781287321e+00,7.130670964464e-02
-5.955740259951e-01,2.626232156588e+00,7.128618050100e-02
-5.953587738872e-01,5.722892272880e+00,7.123907278102e-02
-5.952756822871e-01,7.843574790716e+00,7.109763176659e-02
-5.952258647462e-01,6.164877364468e+00,7.120444457021e-02
-5.951096625485e-01,2.658434772917e+00,7.127106529046e-02
-5.950893621916e-01,4.493983903650e+00,7.129089874414e-02
-5.948629656652e-01,7.209322444898e+00,7.112360398913e-02
-5.947590661823e-01,9.368516497836e+00,7.098593083327e-02
-5.947039645456e-01,4.622355895191e+00,7.127833970514e-02
-5.946721243700e-01,1.016051572424e+01,6.826570422814e-02
-5.946452991020e-01,2.690637389245e+00,7.125593284201e-02
-5.946417794087e-01,5.313298449894e+00,7.123659686145e-02
-5.946034004452e-01,4.526186519978e+00,7.127506896715e-02
-5.944196344212e-01,8.542179665554e+00,7.102530918070e-02
-5.941809356554e-01,2.722840005574e+00,7.124078312627e-02
-5.941174386988e-01,4.558389136307e+00,7.125922027998e-02
-5.938884218658e-01,6.639307459988e+00,7.112766391749e-02
-5.937165722088e-01,2.755042621903e+00,7.122561611378e-02
-5.936314769524e-01,4.590591752636e+00,7.124335264888e-02
-5.934561999404e-01,7.811995456765e+00,7.103799952484e-02
-5.934288091751e-01,4.936034270519e+00,7.121696118218e-02
-5.932522087623e-01,2.787245238231e+00,7.121043177503e-02
-5.931728471223e-01,9.336876474998e+00,7.093368273591e-02
-5.931382361655e-01,1.013554758186e+01,6.926440492013e-02
-5.930745839167e-01,5.691450041554e+00,7.116407946925e-02
-5.930576090521e-01,6.133398893687e+00,7.113385654556e-02
-5.929270698849e-01,7.177775422060e+00,7.106022458034e-02
-5.927878453157e-01,2.819447854560e+00,7.119523008044e-02
-5.927167130178e-01,8.510569331380e+00,7.096927470360e-02
-5.923234818691e-01,2.851650470888e+00,7.118001100034e-02
-5.922418270787e-01,5.281893765934e+00,7.115779812196e-02
-5.918591184226e-01,2.883853087217e+00,7.116477450502e-02
-5.918362662685e-01,6.607794058450e+00,7.106047463661e-02
-5.916367175936e-01,7.780416122814e+00,7.097810665745e-02
-5.916043479610e-01,1.011057943947e+01,7.019784146621e-02
-5.915866280622e-01,9.305236452160e+00,7.088123433927e-02
-5.913947549760e-01,2.916055703546e+00,7.114952056468e-02
-5.910137916144e-01,8.478958997205e+00,7.091301008838e-02
-5.909911741046e-01,7.146228399222e+00,7.099655143719e-02
-5.909303915294e-01,2.948258319874e+00,7.113424914948e-02
-5.909132724947e-01,4.904668441022e+00,7.113429364039e-02
-5.908893533580e-01,6.101920422906e+00,7.106290586135e-02
-5.907903939462e-01,5.660007810228e+00,7.108867111167e-02
-5.904660280829e-01,2.980460936203e+00,7.111896022948e-02
-5.902325484165e-01,7.812500250012e-02,7.528656645073e-02
-5.902325484165e-01,1.093750035002e-01,7.483431904306e-02
-5.902325484165e-01,2.031250065004e-01,7.352570457349e-02
-5.902325484165e-01,2.343750075005e-01,7.311933847327e-02
-5.902325484165e-01,3.281250105004e-01,7.205808087761e-02
-5.902325484165e-01,5.156250165000e-01,7.108865094098e-02
-5.902325484165e-01,5.468750174999e-01,7.108865094098e-02
-5.902325484165e-01,5.781250184998e-01,7.108865094098e-02
-5.902325484165e-01,6.093750194998e-01,7.108865094098e-02
-5.902325484165e-01,6.406250204997e-01,7.108865094098e-02
-5.902325484165e-01,7.343750234995e-01,7.108865094098e-02
-5.902325484165e-01,7.656250244995e-01,7.108865094098e-02
-5.902325484165e-01,7.968750254996e-01,7.108865094098e-02
-5.902325484165e-01,8.281250264996e-01,7.108865094098e-02
-5.902325484165e-01,9.843750315000e-01,7.108865094098e-02
-5.902325484165e-01,1.562500050003e-02,7.619504850762e-02
-5.902325484165e-01,4.687500150008e-02,7.574106837023e-02
-5.902325484165e-01,2.656250085005e-01,7.273579942421e-02
-5.902325484165e-01,2.968750095005e-01,7.238027675401e-02
-5.902325484165e-01,3.593750115003e-01,7.177446881695e-02
-5.902325484165e-01,3.906250125002e-01,7.153443926210e-02
-5.902325484165e-01,4.218750135001e-01,7.134250878670e-02
-5.902325484165e-01,4.843750155000e-01,7.111726362693e-02
-5.902325484165e-01,9.218750294999e-01,7.108865094098e-02
-5.902325484165e-01,9.531250305000e-01,7.108865094098e-02
-5.902325484165e-01,1.406250045003e-01,7.438755506849e-02
-5.902325484165e-01,1.718750055004e-01,7.394996732188e-02
-5.902325484165e-01,4.531250145001e-01,7.120248594791e-02
-5.902325484165e-01,6.718750214996e-01,7.108865094098e-02
-5.902325484165e-01,7.031250224996e-01,7.108865094098e-02
-5.902325484165e-01,8.593750274997e-01,7.108865094098e-02
-5.902325484165e-01,8.906250284999e-01,7.108865094098e-02
-5.900704597565e-01,1.008561129709e+01,7.107218811334e-02
-5.900111658432e-01,1.016101340164e+00,7.108134778203e-02
-5.900016646363e-01,3.012663552532e+00,7.110365377469e-02
-5.900004090022e-01,9.273596429323e+00,7.082858452378e-02
-5.898418747487e-01,5.250489081975e+00,7.107854294830e-02
-5.898172352468e-01,7.748836788864e+00,7.091795151784e-02
-5.897841106711e-01,6.576280656912e+00,7.099295643973e-02
-5.895684006965e-01,1.048303956493e+00,7.106672948215e-02
-5.895373011897e-01,3.044866168860e+00,7.108832975506e-02
-5.893108702109e-01,8.447348663030e+00,7.085651396250e-02
-5.891256355497e-01,1.080506572821e+00,7.105209518452e-02
-5.890729377432e-01,3.077068785189e+00,7.107298814044e-02
-5.890552783243e-01,7.114681376385e+00,7.093258260243e-02
-5.887210976638e-01,6.070441952125e+00,7.099158987365e-02
-5.886828704030e-01,1.112709189150e+00,7.103744486299e-02
-5.886085742966e-01,3.109271401518e+00,7.105762890064e-02
-5.885365715520e-01,1.006064315471e+01,7.189286434645e-02
-5.885062039758e-01,5.628565578901e+00,7.101284438095e-02
-5.884141899422e-01,9.241956406486e+00,7.077573216184e-02
-5.883977358143e-01,4.873302611525e+00,7.105112634727e-02
-5.882401052563e-01,1.144911805478e+00,7.102277849132e-02
-5.881442108500e-01,3.141474017846e+00,7.104225200540e-02
-5.879977529000e-01,7.717257454913e+00,7.085753244627e-02
-5.877973401095e-01,1.177114421807e+00,7.100809604323e-02
-5.877319550739e-01,6.544767255374e+00,7.092510702651e-02
-5.876798474035e-01,3.173676634175e+00,7.102685742437e-02
-5.876079488075e-01,8.415738328855e+00,7.079978494304e-02
-5.874419224187e-01,5.219084398015e+00,7.099882753489e-02
-5.873545749628e-01,1.209317038135e+00,7.099339749237e-02
-5.872154839569e-01,3.205879250504e+00,7.101144512714e-02
-5.871193825440e-01,7.083134353547e+00,7.086831610250e-02
-5.870026833475e-01,1.003567501233e+01,7.266464680409e-02
-5.869118098161e-01,1.241519654464e+00,7.097868281235e-02
-5.868279708821e-01,9.210316383648e+00,7.072267611776e-02
-5.867511205103e-01,3.238081866832e+00,7.099601508325e-02
-5.865528419697e-01,6.038963481344e+00,7.091990591503e-02
-5.864690446694e-01,1.273722270792e+00,7.096395197671e-02
-5.862867570638e-01,3.270284483161e+00,7.098056726214e-02
-5.862220140053e-01,5.597123347575e+00,7.093659591595e-02
-5.861782705532e-01,7.685678120963e+00,7.079684776974e-02
-5.860262795226e-01,1.305924887121e+00,7.094920495893e-02
-5.859050274041e-01,8.384127994680e+00,7.074282163654e-02
-5.858821991340e-01,4.841936782028e+00,7.096745498655e-02
-5.858223936172e-01,3.302487099489e+00,7.096510163319e-02
-5.856797994765e-01,6.513253853837e+00,7.085692407674e-02
-5.855835143759e-01,1.338127503449e+00,7.093444173244e-02
-5.854687951430e-01,1.001070686995e+01,7.323830900659e-02
-5.853580301706e-01,3.334689715818e+00,7.094961816572e-02
-5.852417518221e-01,9.178676360811e+00,7.066941524770e-02
-5.851834867637e-01,7.051587330710e+00,7.080374994736e-02
-5.851407492292e-01,1.370330119778e+00,7.091966227062e-02
-5.850419700886e-01,5.187679714055e+00,7.091864803637e-02
-5.848936667241e-01,3.366892332147e+00,7.093411682897e-02
-5.846979840825e-01,1.402532736107e+00,7.090486654676e-02
-5.844293032775e-01,3.399094948475e+00,7.091859759211e-02
-5.843845862756e-01,6.007485010563e+00,7.084785129440e-02
-5.843587882065e-01,7.654098787013e+00,7.073589580189e-02
-5.842552189358e-01,1.434735352435e+00,7.089005453413e-02
-5.842021060007e-01,8.352517660505e+00,7.068562263895e-02
-5.839649398309e-01,3.431297564804e+00,7.090306042424e-02
-5.839378240348e-01,5.565681116249e+00,7.085992232134e-02
-5.839349069386e-01,9.985738727573e+00,7.285572851389e-02
-5.838124537890e-01,1.466937968764e+00,7.087522620591e-02
-5.836555327621e-01,9.147036337973e+00,7.061594839959e-02
-5.836276438792e-01,6.481740452299e+00,7.078840525014e-02
-5.835005763844e-01,3.463500181133e+00,7.088750529440e-02
-5.833696886423e-01,1.499140585092e+00,7.086038153525e-02
-5.833666624536e-01,4.810570952531e+00,7.088327519592e-02
-5.832475909834e-01,7.020040307872e+00,7.073888213042e-02
-5.830362129378e-01,3.495702797461e+00,7.087193217153e-02
-5.829269234956e-01,1.531343201420e+00,7.084552049520e-02
-5.826420177586e-01,5.156275030096e+00,7.083800056721e-02
-5.825718494912e-01,3.527905413790e+00,7.085634102452e-02
-5.825393058597e-01,7.622519453062e+00,7.067467484284e-02
-5.824991845972e-01,8.320907326330e+00,7.062818653553e-02
-5.824841583489e-01,1.563545817749e+00,7.083064305880e-02
-5.824010187341e-01,9.960770585192e+00,7.248323165589e-02
-5.822163305815e-01,5.976006539781e+00,7.077542329672e-02
-5.821074860447e-01,3.560108030119e+00,7.084073182219e-02
-5.820693137020e-01,9.115396315136e+00,7.056227441304e-02
-5.820413932021e-01,1.595748434077e+00,7.081574919900e-02
-5.816536340644e-01,5.534238884923e+00,7.078282016722e-02
-5.816431225981e-01,3.592310646447e+00,7.082510453329e-02
-5.815986280554e-01,1.627951050406e+00,7.080083888870e-02
-5.815754882819e-01,6.450227050761e+00,7.071954818623e-02
-5.813116952031e-01,6.988493285035e+00,7.067371062826e-02
-5.811787591515e-01,3.624513262776e+00,7.080945912648e-02
-5.811558629087e-01,1.660153666734e+00,7.078591210073e-02
-5.808671305296e-01,9.935802442812e+00,7.212367431094e-02
-5.808511257733e-01,4.779205123034e+00,7.079858256656e-02
-5.807962631938e-01,8.289296992155e+00,7.057051190071e-02
-5.807198235129e-01,7.590940119112e+00,7.061318317911e-02
-5.807143957049e-01,3.656715879105e+00,7.079379557035e-02
-5.807130977620e-01,1.692356283063e+00,7.077096880787e-02
-5.804830946420e-01,9.083756292298e+00,7.050839211933e-02
-5.802703326152e-01,1.724558899391e+00,7.075600898284e-02
-5.802500322584e-01,3.688918495433e+00,7.077811383344e-02
-5.802420654286e-01,5.124870346136e+00,7.075688120122e-02
-5.800480748874e-01,5.944528069000e+00,7.070261918285e-02
-5.798275674685e-01,1.756761515720e+00,7.074103259830e-02
-5.797856688118e-01,3.721121111762e+00,7.076241388421e-02
-5.795233326846e-01,6.418713649223e+00,7.065035050407e-02
-5.793848023218e-01,1.788964132048e+00,7.072603962685e-02
-5.793757994229e-01,6.956946262198e+00,7.060823340060e-02
-5.793694440939e-01,5.502796653597e+00,7.070528598868e-02
-5.793332423251e-01,9.910834300431e+00,7.178010752211e-02
-5.793213053652e-01,3.753323728091e+00,7.074669569101e-02
-5.790933417904e-01,8.257686657980e+00,7.051259729807e-02
-5.789420371751e-01,1.821166748377e+00,7.071103004102e-02
-5.789003411661e-01,7.559360785161e+00,7.055141908345e-02
-5.788968755820e-01,9.052116269461e+00,7.045430034127e-02
-5.788569419187e-01,3.785526344419e+00,7.073095922217e-02
-5.784992720283e-01,1.853369364705e+00,7.069600381328e-02
-5.783925784721e-01,3.817728960748e+00,7.071520444592e-02
-5.783355890929e-01,4.747839293537e+00,7.071337264258e-02
-5.780565068816e-01,1.885571981034e+00,7.068096091607e-02
-5.779282150256e-01,3.849931577077e+00,7.069943133042e-02
-5.778798191933e-01,5.913049598219e+00,7.062943618930e-02
-5.778421130986e-01,5.093465662176e+00,7.067528597105e-02
-5.777993541206e-01,9.885866158051e+00,7.145573602249e-02
-5.776137417349e-01,1.917774597362e+00,7.066590132172e-02
-5.774711770873e-01,6.387200247685e+00,7.058080980215e-02
-5.774638515790e-01,3.882134193405e+00,7.068363984375e-02
-5.774399036426e-01,6.925399239360e+00,7.054244839005e-02
-5.773904203869e-01,8.226076323806e+00,7.045444128019e-02
-5.773106565219e-01,9.020476246623e+00,7.039999789319e-02
-5.771709765882e-01,1.949977213690e+00,7.065082500254e-02
-5.770852541234e-01,5.471354422271e+00,7.062731628543e-02
-5.770808588194e-01,7.527781451211e+00,7.048938081479e-02
-5.769994881324e-01,3.914336809734e+00,7.066782995392e-02
-5.767282114415e-01,1.982179830019e+00,7.063573193075e-02
-5.765351246858e-01,3.946539426063e+00,7.065200162887e-02
-5.762854462947e-01,2.014382446347e+00,7.062062207853e-02
-5.762654659162e-01,9.860898015671e+00,7.115386237722e-02
-5.760707612393e-01,3.978742042391e+00,7.063615483647e-02
-5.758426811480e-01,2.046585062676e+00,7.060549541798e-02
-5.758200524125e-01,4.716473464040e+00,7.062764092051e-02
-5.757244374619e-01,8.988836223786e+00,7.034548358080e-02
-5.757115634992e-01,5.881571127438e+00,7.055587152803e-02
-5.756874989835e-01,8.194465989631e+00,7.039604238859e-02
-5.756063977927e-01,4.010944658720e+00,7.062028954450e-02
-5.755040078623e-01,6.893852216523e+00,7.047635352203e-02
-5.754421607686e-01,5.062060978216e+00,7.059321086776e-02
-5.754211048388e-01,1.066450247420e+01,6.608629165239e-06
-5.754190214900e-01,6.355686846147e+00,7.051092365812e-02
-5.753999160013e-01,2.078787679004e+00,7.059035192116e-02
-5.752613764726e-01,7.496202117260e+00,7.042706661801e-02
-5.751420343461e-01,4.043147275049e+00,7.060440572067e-02
-5.749571508546e-01,2.110990295332e+00,7.057519156005e-02
-5.748010641529e-01,5.439912190944e+00,7.054890752136e-02
-5.747315777117e-01,9.835929873290e+00,7.087781668695e-02
-5.746776708996e-01,4.075349891377e+00,7.058850333263e-02
-5.745143857078e-01,2.143192911661e+00,7.056001430656e-02
-5.742133074530e-01,4.107552507706e+00,7.057258234792e-02
-5.741382184019e-01,8.957196200948e+00,7.029075620121e-02
-5.740716205611e-01,2.175395527990e+00,7.054482013257e-02
-5.740097805200e-01,1.063952689584e+01,1.009332211870e-02
-5.739845775801e-01,8.162855655456e+00,7.033739915358e-02
-5.737489440065e-01,4.139755124035e+00,7.055664273406e-02
-5.736288554144e-01,2.207598144318e+00,7.052960900987e-02
-5.735681120820e-01,6.862305193685e+00,7.040994670454e-02
-5.735433078051e-01,5.850092656656e+00,7.048175416216e-02
-5.734418941258e-01,7.464622783309e+00,7.036447472391e-02
-5.733668658927e-01,6.324173444610e+00,7.044068962868e-02
-5.733045157322e-01,4.685107634543e+00,7.054138284871e-02
-5.732845805599e-01,4.171957740363e+00,7.054068445843e-02
-5.731976895072e-01,9.810961730910e+00,7.063087299612e-02
-5.731860902677e-01,2.239800760646e+00,7.051438091020e-02
-5.730422084386e-01,5.030656294257e+00,7.051065184033e-02
-5.728202171133e-01,4.204160356692e+00,7.052470748839e-02
-5.727433251209e-01,2.272003376975e+00,7.049913580522e-02
-5.725984562012e-01,1.061455131749e+01,1.830278693546e-02
-5.725519993418e-01,8.925556178111e+00,7.023581454276e-02
-5.725168741825e-01,5.408469959618e+00,7.047005612416e-02
-5.723558536668e-01,4.236362973020e+00,7.050871179118e-02
-5.723005599742e-01,2.304205993303e+00,7.048387366656e-02
-5.722816561767e-01,8.131245321281e+00,7.027851009424e-02
-5.718914902202e-01,4.268565589349e+00,7.049269733399e-02
-5.718577948275e-01,2.336408609632e+00,7.046859446575e-02
-5.716638013027e-01,9.785993588530e+00,7.041615497378e-02
-5.716322163018e-01,6.830758170847e+00,7.034322582806e-02
-5.716224117791e-01,7.433043449359e+00,7.030160334904e-02
-5.714271267736e-01,4.300768205678e+00,7.047666408393e-02
-5.714150296808e-01,2.368611225961e+00,7.045329817428e-02
-5.713750521109e-01,5.818614185875e+00,7.040655142158e-02
-5.713147102954e-01,6.292660043072e+00,7.037010524932e-02
-5.711871318824e-01,1.058957573914e+01,2.511061126976e-02
-5.709722645341e-01,2.400813842289e+00,7.043798476356e-02
-5.709657802818e-01,8.893916155273e+00,7.018065738502e-02
-5.709627633270e-01,4.332970822006e+00,7.046061200802e-02
-5.707889790518e-01,4.653741805046e+00,7.045459382691e-02
-5.706422561085e-01,4.999251610297e+00,7.042760479514e-02
-5.705787347733e-01,8.099634987106e+00,7.021937371825e-02
-5.705294993873e-01,2.433016458617e+00,7.042265420496e-02
-5.704983998805e-01,4.365173438335e+00,7.044454107321e-02
-5.702326842120e-01,5.377027728292e+00,7.039075848489e-02
-5.701299130982e-01,9.761025446149e+00,7.023653494579e-02
-5.700867342406e-01,2.465219074946e+00,7.040730646977e-02
-5.700340364339e-01,4.397376054664e+00,7.042845124639e-02
-5.698029294323e-01,7.401464115408e+00,7.023845069556e-02
-5.697758075636e-01,1.056460016078e+01,3.084737212262e-02
-5.696963205215e-01,6.799211148010e+00,7.027618876536e-02
-5.696439690939e-01,2.497421691274e+00,7.039194152921e-02
-5.695696729873e-01,4.429578670992e+00,7.041234249434e-02
-5.693795612217e-01,8.862276132436e+00,7.012528349866e-02
-5.692625546981e-01,6.261146641534e+00,7.029916803418e-02
-5.692067964169e-01,5.787135715094e+00,7.033094236491e-02
-5.692012039472e-01,2.529624307603e+00,7.037655935444e-02
-5.691053095408e-01,4.461781287321e+00,7.039621478379e-02
-5.688758133698e-01,8.068024652931e+00,7.015998852181e-02
-5.687584388004e-01,2.561826923931e+00,7.036115991658e-02
-5.686409460942e-01,4.493983903650e+00,7.038006808138e-02
-5.685960248937e-01,9.736057303769e+00,7.009453175450e-02
-5.683644832448e-01,1.053962458243e+01,3.574726879639e-02
-5.683156736537e-01,2.594029540260e+00,7.034574318664e-02
-5.682734423714e-01,4.622375975548e+00,7.036726920559e-02
-5.682423037785e-01,4.967846926337e+00,7.034406559554e-02
-5.681765826477e-01,4.526186519978e+00,7.036390235366e-02
-5.679834470855e-01,7.369884781458e+00,7.017501495113e-02
-5.679484942415e-01,5.345585496966e+00,7.031101095753e-02
-5.678729085070e-01,2.626232156588e+00,7.033030913561e-02
-5.677933421617e-01,8.830636109598e+00,7.006969164543e-02
-5.677604247412e-01,6.767664125172e+00,7.020883337135e-02
-5.677122192011e-01,4.558389136307e+00,7.034771756713e-02
-5.674301433603e-01,2.658434772917e+00,7.031485773438e-02
-5.672478557545e-01,4.590591752636e+00,7.033151368819e-02
-5.672103991008e-01,6.229633239996e+00,7.022787547581e-02
-5.671728919664e-01,8.036414318756e+00,7.010035298958e-02
-5.670621366892e-01,9.711089161388e+00,6.999221396448e-02
-5.670385407227e-01,5.755657244313e+00,7.025492380445e-02
-5.669873782136e-01,2.690637389245e+00,7.029938895380e-02
-5.669531589261e-01,1.051464900408e+01,3.998085977171e-02
-5.665446130668e-01,2.722840005574e+00,7.028390276463e-02
-5.662071231017e-01,8.798996086760e+00,7.001388057805e-02
-5.661639647387e-01,7.338305447507e+00,7.011129428880e-02
-5.661018479201e-01,2.755042621903e+00,7.026839913759e-02
-5.658423514485e-01,4.936442242377e+00,7.026003006129e-02
-5.658245289609e-01,6.736117102335e+00,7.014115748290e-02
-5.656643042711e-01,5.314143265640e+00,7.023080985858e-02
-5.656590827734e-01,2.787245238231e+00,7.025287804333e-02
-5.655418346073e-01,1.048967342572e+01,4.367530463374e-02
-5.655282484847e-01,9.686121019007e+00,6.993115433603e-02
-5.654699705630e-01,8.004803984581e+00,7.004046559452e-02
-5.652163176267e-01,2.819447854560e+00,7.023733945240e-02
-5.651582435035e-01,6.198119838459e+00,7.015622504503e-02
-5.648702850286e-01,5.724178773532e+00,7.017849252072e-02
-5.647735524799e-01,2.851650470888e+00,7.022178333534e-02
-5.646209040416e-01,8.767356063923e+00,6.995784904013e-02
-5.643444823919e-01,7.306726113556e+00,7.004728686683e-02
-5.643307873332e-01,2.883853087217e+00,7.020620966258e-02
-5.641305102885e-01,1.046469784737e+01,4.692734217151e-02
-5.640266136675e-01,9.657802748170e+00,6.987606281717e-02
-5.638886331806e-01,6.704570079497e+00,7.007315891870e-02
-5.638880221865e-01,2.916055703546e+00,7.019061840451e-02
-5.637670491596e-01,7.973193650407e+00,6.998032479783e-02
-5.634452570397e-01,2.948258319874e+00,7.017500953142e-02
-5.634423991185e-01,4.905037558417e+00,7.017549396813e-02
-5.633801143006e-01,5.282701034313e+00,7.015015146662e-02
-5.631060879062e-01,6.166606436921e+00,7.008421419066e-02
-5.630346849816e-01,8.735716041085e+00,6.990159576610e-02
-5.630024918930e-01,2.980460936203e+00,7.015938301358e-02
-5.627191859697e-01,1.043972226902e+01,4.981187409928e-02
-5.627020293345e-01,5.692700302751e+00,7.010164526203e-02
-5.625597267463e-01,3.012663552532e+00,7.014373882114e-02
-5.625572322376e-01,9.626134348876e+00,6.982372880892e-02
-5.625250000452e-01,7.275146779606e+00,6.998299082860e-02
-5.621169615996e-01,3.044866168860e+00,7.012807692424e-02
-5.620641277561e-01,7.941583316232e+00,6.991992904882e-02
-5.619527374003e-01,6.673023056659e+00,7.000483547910e-02
-5.616741964528e-01,3.077068785189e+00,7.011239729290e-02
-5.614484659215e-01,8.704076018248e+00,6.984511948118e-02
-5.614407167865e-01,1.562500050003e-02,7.570907863417e-02
-5.614407167865e-01,4.687500150008e-02,7.521968689769e-02
-5.614407167865e-01,7.812500250012e-02,7.472781199540e-02
-5.614407167865e-01,2.031250065004e-01,7.280250606585e-02
-5.614407167865e-01,2.343750075005e-01,7.235339591430e-02
-5.614407167865e-01,2.656250085005e-01,7.192773644724e-02
-5.614407167865e-01,2.968750095005e-01,7.153157511745e-02
-5.614407167865e-01,3.281250105004e-01,7.117118191018e-02
-5.614407167865e-01,3.593750115003e-01,7.085283882427e-02
-5.614407167865e-01,3.906250125002e-01,7.058258402597e-02
-5.614407167865e-01,4.218750135001e-01,7.036592481889e-02
-5.614407167865e-01,4.531250145001e-01,7.020754156694e-02
-5.614407167865e-01,4.843750155000e-01,7.011101086853e-02
-5.614407167865e-01,5.156250165000e-01,7.007857863671e-02
-5.614407167865e-01,5.468750174999e-01,7.007857863671e-02
-5.614407167865e-01,5.781250184998e-01,7.007857863671e-02
-5.614407167865e-01,6.093750194998e-01,7.007857863671e-02
-5.614407167865e-01,6.406250204997e-01,7.007857863671e-02
-5.614407167865e-01,7.656250244995e-01,7.007857863671e-02
-5.614407167865e-01,7.968750254995e-01,7.007857863671e-02
-5.614407167865e-01,8.281250264996e-01,7.007857863671e-02
-5.614407167865e-01,1.093750035002e-01,7.423639115839e-02
-5.614407167865e-01,1.406250045003e-01,7.374890431624e-02
-5.614407167865e-01,1.718750055004e-01,7.326940099740e-02
-5.614407167865e-01,6.718750214996e-01,7.007857863671e-02
-5.614407167865e-01,7.031250224996e-01,7.007857863671e-02
-5.614407167865e-01,7.343750234995e-01,7.007857863671e-02
-5.614407167865e-01,8.593750274997e-01,7.007857863671e-02
-5.614407167865e-01,8.906250284999e-01,7.007857863671e-02
-5.614407167865e-01,9.218750294999e-01,7.007857863671e-02
-5.614407167865e-01,9.531250305000e-01,7.007857863671e-02
-5.614407167865e-01,9.843750315000e-01,7.007857863671e-02
-5.613078616509e-01,1.041474669066e+01,5.238779759297e-02
-5.612314313061e-01,3.109271401518e+00,7.009669989710e-02
-5.612301333631e-01,1.016101340164e+00,7.007110638279e-02
-5.610959243301e-01,5.251258802987e+00,7.006903202188e-02
-5.610878508077e-01,9.594465949583e+00,6.977124449030e-02
-5.610539323089e-01,6.135093035383e+00,7.001184033941e-02
-5.610424467885e-01,4.873632874458e+00,7.009045304722e-02
-5.608089665162e-01,1.048303956493e+00,7.005614979377e-02
-5.607886661594e-01,3.141474017846e+00,7.008098470676e-02
-5.607055176984e-01,7.243567445655e+00,6.991840430243e-02
-5.605337736404e-01,5.661221831969e+00,7.002437874421e-02
-5.603877996693e-01,1.080506572821e+00,7.004117707487e-02
-5.603612063527e-01,7.909972982057e+00,6.985927678481e-02
-5.603459010127e-01,3.173676634175e+00,7.006525169171e-02
-5.600168416201e-01,6.641476033822e+00,6.993618494589e-02
-5.599666328224e-01,1.112709189150e+00,7.002618820008e-02
-5.599031358659e-01,3.205879250504e+00,7.004950082172e-02
-5.598965373321e-01,1.038977111231e+01,5.470206322551e-02
-5.598622468615e-01,8.672435995410e+00,6.978841890120e-02
-5.596184693778e-01,9.562797550289e+00,6.971856652466e-02
-5.595454659755e-01,1.144911805478e+00,7.001118314335e-02
-5.594603707192e-01,3.238081866832e+00,7.003373206649e-02
-5.591242991286e-01,1.177114421807e+00,6.999616187854e-02
-5.590176055725e-01,3.270284483161e+00,7.001794539567e-02
-5.590017767116e-01,6.103579633845e+00,6.993910089561e-02
-5.588860353516e-01,7.211988111705e+00,6.985352540151e-02
-5.588117343597e-01,5.219816571661e+00,6.998744772579e-02
-5.587031322817e-01,1.209317038135e+00,6.998112437948e-02
-5.586582849493e-01,7.878362647882e+00,6.979836643107e-02
-5.586424944585e-01,4.842228190498e+00,7.000490298468e-02
-5.585748404258e-01,3.302487099489e+00,7.000214077880e-02
-5.584852130133e-01,1.036479553396e+01,5.679255782736e-02
-5.583655179463e-01,5.629743361188e+00,6.994668965014e-02
-5.582819654349e-01,1.241519654464e+00,6.996607061995e-02
-5.582760278015e-01,8.640795972573e+00,6.973149273263e-02
-5.581490879480e-01,9.531129150995e+00,6.966569387024e-02
-5.581320752790e-01,3.334689715818e+00,6.998631818540e-02
-5.580809458397e-01,6.609929010984e+00,6.986720508221e-02
-5.578607985880e-01,1.273722270792e+00,6.995100057364e-02
-5.576893101323e-01,3.366892332147e+00,6.997047758490e-02
-5.574396317411e-01,1.305924887121e+00,6.993591421422e-02
-5.572465449856e-01,3.399094948475e+00,6.995461894664e-02
-5.570738886945e-01,1.033981995560e+01,5.869019097857e-02
-5.570665530048e-01,7.180408777754e+00,6.978835222372e-02
-5.570184648942e-01,1.338127503449e+00,6.992081151528e-02
-5.569553635458e-01,7.846752313707e+00,6.973719640064e-02
-5.569496211143e-01,6.072066232307e+00,6.986599324106e-02
-5.568037798388e-01,3.431297564804e+00,6.993874223992e-02
-5.566898087414e-01,8.609155949735e+00,6.967433967241e-02
-5.566797065181e-01,9.499460751701e+00,6.961262547811e-02
-5.565972980473e-01,1.370330119778e+00,6.990569245036e-02
-5.565275443892e-01,5.188374340335e+00,6.990539474054e-02
-5.563610146921e-01,3.463500181133e+00,6.992284743395e-02
-5.562425421284e-01,4.810823506538e+00,6.991883942102e-02
-5.561972622522e-01,5.598264890407e+00,6.986857462942e-02
-5.561761312004e-01,1.402532736107e+00,6.989055699295e-02
-5.561450500595e-01,6.578381988146e+00,6.979789363232e-02
-5.559182495454e-01,3.495702797461e+00,6.990693449789e-02
-5.557549643536e-01,1.434735352435e+00,6.987540511647e-02
-5.556625643757e-01,1.031484437725e+01,6.042043049183e-02
-5.554754843987e-01,3.527905413790e+00,6.989100340081e-02
-5.553337975067e-01,1.466937968764e+00,6.986023679429e-02
-5.552524421424e-01,7.815141979532e+00,6.967576509426e-02
-5.552470706581e-01,7.148829443804e+00,6.972288285148e-02
-5.552103250882e-01,9.467792352407e+00,6.955936029209e-02
-5.551035896814e-01,8.577515926897e+00,6.961695840794e-02
-5.550327192519e-01,3.560108030119e+00,6.987505411173e-02
-5.549126306598e-01,1.499140585092e+00,6.984505199971e-02
-5.548974655170e-01,6.040552830770e+00,6.979251473478e-02
-5.545899541052e-01,3.592310646447e+00,6.985908659958e-02
-5.544914638129e-01,1.531343201420e+00,6.982985070599e-02
-5.542512400569e-01,1.028986879890e+01,6.200444949420e-02
-5.542433544187e-01,5.156932109009e+00,6.982286918861e-02
-5.542091542792e-01,6.546834965309e+00,6.972824832148e-02
-5.541471889585e-01,3.624513262776e+00,6.984310083322e-02
-5.540702969660e-01,1.563545817749e+00,6.981463288633e-02
-5.540290065580e-01,5.566786419626e+00,6.979003029800e-02
-5.538425897984e-01,4.779418822579e+00,6.983225795069e-02
-5.537409436582e-01,9.436123953113e+00,6.950589724873e-02
-5.537044238118e-01,3.656715879105e+00,6.982709678146e-02
-5.536491301191e-01,1.595748434077e+00,6.979939851387e-02
-5.535495207390e-01,7.783531645357e+00,6.961407090030e-02
-5.535173706213e-01,8.545875904060e+00,6.955934761696e-02
-5.534275883113e-01,7.117250109853e+00,6.965711535166e-02
-5.532616586650e-01,3.688918495433e+00,6.981107441302e-02
-5.532279632723e-01,1.627951050406e+00,6.978414756167e-02
-5.528453099197e-01,6.009039429232e+00,6.971866271286e-02
-5.528399157381e-01,1.026489322054e+01,6.345999509150e-02
-5.528188935183e-01,3.721121111762e+00,6.979503369656e-02
-5.528067964254e-01,1.660153666734e+00,6.976888000277e-02
-5.523856295785e-01,1.692356283063e+00,6.975359581012e-02
-5.523761283716e-01,3.753323728091e+00,6.977897460065e-02
-5.522732584989e-01,6.515287942471e+00,6.965826685571e-02
-5.522715622284e-01,9.404455553819e+00,6.945223527719e-02
-5.519644627316e-01,1.724558899391e+00,6.973829495663e-02
-5.519591644483e-01,5.125489877682e+00,6.973986715233e-02
-5.519333632249e-01,3.785526344419e+00,6.976289709381e-02
-5.519311515613e-01,8.514235881222e+00,6.950150596748e-02
-5.518607508639e-01,5.535307948845e+00,6.971105323777e-02
-5.518465993355e-01,7.751921311182e+00,6.955211219458e-02
-5.516081059645e-01,7.085670775903e+00,6.959104777542e-02
-5.515432958847e-01,1.756761515720e+00,6.972297741513e-02
-5.514905980781e-01,3.817728960748e+00,6.974680114447e-02
-5.514426374684e-01,4.748014138619e+00,6.974515412150e-02
-5.514285914193e-01,1.023991764219e+01,6.480205438986e-02
-5.511221290378e-01,1.788964132048e+00,6.970764315843e-02
-5.510478329314e-01,3.849931577077e+00,6.973068672101e-02
-5.508021807985e-01,9.372787154525e+00,6.939837329925e-02
-5.507931543224e-01,5.977526027694e+00,6.964443448823e-02
-5.507009621910e-01,1.821166748377e+00,6.969229215923e-02
-5.506050677847e-01,3.882134193405e+00,6.971455379171e-02
-5.503449325013e-01,8.482595858385e+00,6.944343211770e-02
-5.503373627186e-01,6.483740919634e+00,6.958794692171e-02
-5.502797953441e-01,1.853369364705e+00,6.967692439021e-02
-5.501623026379e-01,3.914336809734e+00,6.969840232481e-02
-5.501436779321e-01,7.720310977008e+00,6.948988734030e-02
-5.500172671006e-01,1.021494206384e+01,6.604337096164e-02
-5.498586284972e-01,1.885571981034e+00,6.966153982397e-02
-5.497886236178e-01,7.054091441953e+00,6.952467815803e-02
-5.497195374912e-01,3.946539426063e+00,6.968223228844e-02
-5.496924951698e-01,5.503829478064e+00,6.963163999618e-02
-5.496749744778e-01,5.094047646356e+00,6.965638467345e-02
-5.494374616503e-01,1.917774597362e+00,6.964613843307e-02
-5.493327993686e-01,9.341118755231e+00,6.934431022919e-02
-5.492767723445e-01,3.978742042391e+00,6.966604365068e-02
-5.490426851384e-01,4.716609454659e+00,6.965752343415e-02
-5.490162948034e-01,1.949977213690e+00,6.963072018999e-02
-5.488340071978e-01,4.010944658720e+00,6.964983637954e-02
-5.487587134412e-01,8.450955835547e+00,6.938512471592e-02
-5.487409987251e-01,5.946012626156e+00,6.956928994413e-02
-5.486059427818e-01,1.018996648548e+01,6.719484952255e-02
-5.485951279566e-01,1.982179830019e+00,6.961528506715e-02
-5.484407565287e-01,7.688700642833e+00,6.942739468794e-02
-5.484014669383e-01,6.452193896796e+00,6.951728618663e-02
-5.483912420511e-01,4.043147275049e+00,6.963361044295e-02
-5.481739611097e-01,2.014382446347e+00,6.959983303693e-02
-5.479691412710e-01,7.022512108003e+00,6.945800451882e-02
-5.479484769043e-01,4.075349891377e+00,6.961736580875e-02
-5.478634179387e-01,9.309450355937e+00,6.929004497378e-02
-5.477527942628e-01,2.046585062676e+00,6.958436407163e-02
-5.475242394757e-01,5.472351007283e+00,6.955178708583e-02
-5.475057117576e-01,4.107552507706e+00,6.960110244474e-02
-5.473907845073e-01,5.062605415030e+00,6.957241775260e-02
-5.473316274159e-01,2.078787679004e+00,6.956887814349e-02
-5.471946184630e-01,1.016499090713e+01,6.826587606623e-02
-5.471724943812e-01,8.419315812709e+00,6.932658240046e-02
-5.470629466109e-01,4.139755124035e+00,6.958482031863e-02
-5.469104605690e-01,2.110990295332e+00,6.955337522471e-02
-5.467378351253e-01,7.657090308658e+00,6.936463257513e-02
-5.466888431278e-01,5.914499224618e+00,6.949340894230e-02
-5.466427328084e-01,4.685204770699e+00,6.956936134165e-02
-5.466201814641e-01,4.171957740363e+00,6.956851939803e-02
-5.464892937222e-01,2.143192911661e+00,6.953785528740e-02
-5.464655711580e-01,6.420646873959e+00,6.944628229788e-02
-5.463940365088e-01,9.277781956643e+00,6.923557643218e-02
-5.461774163174e-01,4.204160356692e+00,6.955219965052e-02
-5.461496589243e-01,6.990932774053e+00,6.939102486093e-02
-5.460681268753e-01,2.175395527990e+00,6.952231830365e-02
-5.457832941442e-01,1.014001532878e+01,6.926457336885e-02
-5.457346511707e-01,4.236362973020e+00,6.953586104358e-02
-5.456469600284e-01,2.207598144318e+00,6.950676424543e-02
-5.455862753212e-01,8.387675789872e+00,6.926780379958e-02
-5.453559837816e-01,5.440872536501e+00,6.947149098409e-02
-5.452918860240e-01,4.268565589349e+00,6.951950354461e-02
-5.452257931815e-01,2.239800760646e+00,6.949119308470e-02
-5.451065945368e-01,5.031163183704e+00,6.948796234891e-02
-5.450349137218e-01,7.625479974483e+00,6.930159932653e-02
-5.449246550789e-01,9.246113557349e+00,6.918090349589e-02
-5.448491208772e-01,4.300768205678e+00,6.950312712095e-02
-5.448046263346e-01,2.272003376975e+00,6.947560479333e-02
-5.446366875305e-01,5.882985823081e+00,6.941712725023e-02
-5.445296753777e-01,6.389099851121e+00,6.937493288301e-02
-5.444063557305e-01,4.332970822006e+00,6.948673173987e-02
-5.443834594877e-01,2.304205993303e+00,6.945999934315e-02
-5.443719698254e-01,1.011503975042e+01,7.019800659050e-02
-5.443301765775e-01,6.959353440103e+00,6.932373717126e-02
-5.442427804784e-01,4.653800086740e+00,6.948066324883e-02
-5.440000562611e-01,8.356035767034e+00,6.920878753139e-02
-5.439635905838e-01,4.365173438335e+00,6.947031736854e-02
-5.439622926409e-01,2.336408609632e+00,6.944437670592e-02
-5.435411257940e-01,2.368611225961e+00,6.942873685332e-02
-5.435208254371e-01,4.397376054664e+00,6.945388397408e-02
-5.434552736490e-01,9.214445158055e+00,6.912602504871e-02
-5.433319923184e-01,7.593869640309e+00,6.923829325375e-02
-5.431877280875e-01,5.409394065720e+00,6.939074813271e-02
-5.431199589471e-01,2.400813842289e+00,6.941307975698e-02
-5.430780602903e-01,4.429578670992e+00,6.943743152350e-02
-5.429606455066e-01,1.009006417207e+01,7.107234998615e-02
-5.428224045664e-01,4.999720952378e+00,6.940301437945e-02
-5.426987921002e-01,2.433016458617e+00,6.939740538849e-02
-5.426352951436e-01,4.461781287321e+00,6.942095998378e-02
-5.425937795974e-01,6.357552828283e+00,6.930323554950e-02
-5.425845319332e-01,5.851472421543e+00,6.934044178966e-02
-5.425106942307e-01,6.927774106152e+00,6.925613942027e-02
-5.424138372011e-01,8.324395744197e+00,6.914953220377e-02
-5.422776252533e-01,2.465219074946e+00,6.938171371934e-02
-5.421925299969e-01,4.493983903650e+00,6.940446932179e-02
-5.419858922191e-01,9.182776758762e+00,6.907093996665e-02
-5.418564584065e-01,2.497421691274e+00,6.936600472098e-02
-5.418428281484e-01,4.622395402780e+00,6.939142451176e-02
-5.417497648502e-01,4.526186519978e+00,6.938795950433e-02
-5.416290709150e-01,7.562259306134e+00,6.917471265521e-02
-5.415493211878e-01,1.006508859372e+01,7.189302304608e-02
-5.414352915596e-01,2.529624307603e+00,6.935027836479e-02
-5.413069997034e-01,4.558389136307e+00,6.937143049812e-02
-5.410194723934e-01,5.377915594939e+00,6.930955493738e-02
-5.410141247127e-01,2.561826923931e+00,6.933453462210e-02
-5.408642345567e-01,4.590591752636e+00,6.935488226983e-02
-5.408276181410e-01,8.292755721359e+00,6.909003641427e-02
-5.406912118840e-01,6.896194772202e+00,6.918822956186e-02
-5.406578838172e-01,6.326005805446e+00,6.923118788459e-02
-5.405929578658e-01,2.594029540260e+00,6.931877346415e-02
-5.405382145959e-01,4.968278721051e+00,6.931756971883e-02
-5.405323763359e-01,5.819959020005e+00,6.926334945221e-02
-5.405165107892e-01,9.151108359468e+00,6.901564711789e-02
-5.401717910189e-01,2.626232156588e+00,6.930299486214e-02
-5.401379968690e-01,1.004011301536e+01,7.255197077576e-02
-5.399261495116e-01,7.530648971959e+00,6.911085581602e-02
-5.397506241720e-01,2.658434772917e+00,6.928719878720e-02
-5.393294573252e-01,2.690637389245e+00,6.927138521040e-02
-5.392413990810e-01,8.261115698522e+00,6.903029875005e-02
-5.390471293593e-01,9.119439960174e+00,6.896014536269e-02
-5.389082904783e-01,2.722840005574e+00,6.925555410273e-02
-5.388717295372e-01,6.864615438251e+00,6.912000553321e-02
-5.388512166993e-01,5.346437124158e+00,6.922790776732e-02
-5.387266725502e-01,1.001513743701e+01,7.210066670696e-02
-5.387219880369e-01,6.294458782609e+00,6.915878745509e-02
-5.384871236314e-01,2.755042621903e+00,6.923970543513e-02
-5.384802207386e-01,5.788445618467e+00,6.918584709898e-02
-5.382540246254e-01,4.936836489725e+00,6.923162419865e-02
-5.382232281082e-01,7.499038637784e+00,6.904672100790e-02
-5.380659567845e-01,2.787245238231e+00,6.922383917847e-02
-5.376551800210e-01,8.229475675684e+00,6.897031778776e-02
-5.376447899376e-01,2.819447854560e+00,6.920795530357e-02
-5.375777479294e-01,9.087771560880e+00,6.890443355334e-02
-5.373153482315e-01,9.990161858659e+00,7.165537352446e-02
-5.372236230907e-01,2.851650470888e+00,6.919205378117e-02
-5.370522471905e-01,6.833036104301e+00,6.905146525464e-02
-5.368024562439e-01,2.883853087217e+00,6.917613458194e-02
-5.367860922566e-01,6.262911759771e+00,6.908603180725e-02
-5.366829610052e-01,5.314958653377e+00,6.914580295491e-02
-5.365203067047e-01,7.467428303609e+00,6.898230648902e-02
-5.364280651412e-01,5.756932216930e+00,6.910793156024e-02
-5.363812893970e-01,2.916055703546e+00,6.916019767650e-02
-5.361083664995e-01,9.056103161586e+00,6.884851053411e-02
-5.360689609609e-01,8.197835652846e+00,6.891009209348e-02
-5.359698346550e-01,4.905394258399e+00,6.914517360706e-02
-5.359601225501e-01,2.948258319874e+00,6.914424303540e-02
-5.359040239127e-01,9.965186280306e+00,7.121925464440e-02
-5.355389557032e-01,2.980460936203e+00,6.912827062913e-02
-5.352327648437e-01,6.801456770350e+00,6.898260662947e-02
-5.351177888563e-01,3.012663552532e+00,6.911228042809e-02
-5.348501964763e-01,6.231364736934e+00,6.901291846649e-02
-5.348173853013e-01,7.435817969434e+00,6.891761050392e-02
-5.346966220094e-01,3.044866168860e+00,6.909627240265e-02
-5.346389850696e-01,9.024434762292e+00,6.879237514116e-02
-5.345147053110e-01,5.283480182595e+00,6.906323679521e-02
-5.344926995939e-01,9.940210701953e+00,7.079581879894e-02
-5.344827419009e-01,8.166195630009e+00,6.884962022260e-02
-5.343759095439e-01,5.725418815392e+00,6.902959963510e-02
-5.342754551625e-01,3.077068785189e+00,6.908024652308e-02
-5.338542883156e-01,3.109271401518e+00,6.906420275962e-02
-5.336856446845e-01,4.873952027073e+00,6.905821368825e-02
-5.334331214688e-01,3.141474017846e+00,6.904814108241e-02
-5.334132824969e-01,6.769877436400e+00,6.891342754385e-02
-5.331696036397e-01,8.992766362998e+00,6.873602620250e-02
-5.331144638979e-01,7.404207635259e+00,6.885263128337e-02
-5.330813752751e-01,9.915235123600e+00,7.038889486529e-02
-5.330119546219e-01,3.173676634175e+00,6.903206146154e-02
-5.329143006960e-01,6.199817714096e+00,6.893944493734e-02
-5.328965228409e-01,8.134555607171e+00,6.878890071977e-02
-5.326488851565e-01,1.562500050003e-02,7.521300500252e-02
-5.326488851565e-01,1.718750055004e-01,7.255980663062e-02
-5.326488851565e-01,3.593750115003e-01,6.986764853279e-02
-5.326488851565e-01,4.843750155000e-01,6.902615204053e-02
-5.326488851565e-01,5.156250165000e-01,6.898918503076e-02
-5.326488851565e-01,5.468750174999e-01,6.898918503076e-02
-5.326488851565e-01,5.781250184998e-01,6.898918503076e-02
-5.326488851565e-01,6.093750194998e-01,6.898918503076e-02
-5.326488851565e-01,6.406250204997e-01,6.898918503076e-02
-5.326488851565e-01,6.718750214996e-01,6.898918503076e-02
-5.326488851565e-01,7.656250244995e-01,6.898918503076e-02
-5.326488851565e-01,8.593750274997e-01,6.898918503076e-02
-5.326488851565e-01,4.687500150008e-02,7.468535549624e-02
-5.326488851565e-01,7.812500250012e-02,7.415281444411e-02
-5.326488851565e-01,1.093750035002e-01,7.361845058209e-02
-5.326488851565e-01,1.406250045003e-01,7.308597832368e-02
-5.326488851565e-01,2.031250065004e-01,7.204506554276e-02
-5.326488851565e-01,2.343750075005e-01,7.154759903364e-02
-5.326488851565e-01,2.656250085005e-01,7.107391164853e-02
-5.326488851565e-01,2.968750095005e-01,7.063105665888e-02
-5.326488851565e-01,3.281250105004e-01,7.022645607620e-02
-5.326488851565e-01,3.906250125002e-01,6.956197000609e-02
-5.326488851565e-01,4.218750135001e-01,6.931618400513e-02
-5.326488851565e-01,4.531250145001e-01,6.913609033938e-02
-5.326488851565e-01,7.031250224996e-01,6.898918503076e-02
-5.326488851565e-01,7.343750234995e-01,6.898918503076e-02
-5.326488851565e-01,7.968750254995e-01,6.898918503076e-02
-5.326488851565e-01,8.281250264996e-01,6.898918503076e-02
-5.326488851565e-01,8.906250284999e-01,6.898918503076e-02
-5.326488851565e-01,9.218750294999e-01,6.898918503076e-02
-5.326488851565e-01,9.531250305000e-01,6.898918503076e-02
-5.326488851565e-01,9.843750315000e-01,6.898918503076e-02
-5.325907877750e-01,3.205879250504e+00,6.901596386703e-02
-5.324491008829e-01,1.016101340164e+00,6.898153938153e-02
-5.323464496169e-01,5.252001711814e+00,6.898020554557e-02
-5.323237539466e-01,5.693905413854e+00,6.895084809110e-02
-5.321696209281e-01,3.238081866832e+00,6.899984826885e-02
-5.320495323359e-01,1.048303956493e+00,6.896623591772e-02
-5.317484540812e-01,3.270284483161e+00,6.898371463686e-02
-5.317002222098e-01,8.961097963704e+00,6.867946253790e-02
-5.316700509564e-01,9.890259545247e+00,7.000258652228e-02
-5.316499637888e-01,1.080506572821e+00,6.895091621198e-02
-5.315938001502e-01,6.738298102450e+00,6.884392586665e-02
-5.314115424944e-01,7.372597301084e+00,6.878736704424e-02
-5.314014547140e-01,4.842509795746e+00,6.897074014196e-02
-5.313272872343e-01,3.302487099489e+00,6.896756294090e-02
-5.313103037808e-01,8.102915584334e+00,6.872793211878e-02
-5.312503952418e-01,1.112709189150e+00,6.893558023854e-02
-5.309784049157e-01,6.168270691258e+00,6.886560870315e-02
-5.309061203874e-01,3.334689715818e+00,6.895139315072e-02
-5.308508266948e-01,1.144911805478e+00,6.892022797157e-02
-5.304849535406e-01,3.366892332147e+00,6.893520523600e-02
-5.304512581477e-01,1.177114421807e+00,6.890485938518e-02
-5.302715983493e-01,5.662392012316e+00,6.887167366393e-02
-5.302587266376e-01,9.865283966894e+00,6.964120393984e-02
-5.302308407799e-01,8.929429564410e+00,6.862268295884e-02
-5.301781939228e-01,5.220523241033e+00,6.889670542519e-02
-5.300637866937e-01,3.399094948475e+00,6.891899916637e-02
-5.300516896007e-01,1.209317038135e+00,6.888947445342e-02
-5.297743178034e-01,6.706718768499e+00,6.877409944925e-02
-5.297240847208e-01,8.071275561496e+00,6.866671294247e-02
-5.297086210910e-01,7.340986966910e+00,6.872181598944e-02
-5.296521210536e-01,1.241519654464e+00,6.887407315030e-02
-5.296426198468e-01,3.431297564804e+00,6.890277491136e-02
-5.292525525066e-01,1.273722270792e+00,6.885865544976e-02
-5.292214529999e-01,3.463500181133e+00,6.888653244046e-02
-5.291172647436e-01,4.811067564420e+00,6.888274862296e-02
-5.290425091355e-01,6.136723668421e+00,6.879140722597e-02
-5.288529839596e-01,1.305924887121e+00,6.884322132570e-02
-5.288474023188e-01,9.840308388541e+00,6.930917096028e-02
-5.288002861530e-01,3.495702797461e+00,6.887027172309e-02
-5.287614593500e-01,8.897761165116e+00,6.856568626843e-02
-5.284534154125e-01,1.338127503449e+00,6.882777075196e-02
-5.283791193061e-01,3.527905413790e+00,6.885399272859e-02
-5.282194427520e-01,5.630878610778e+00,6.879207305698e-02
-5.281378656608e-01,8.039635538658e+00,6.860524170265e-02
-5.280538468655e-01,1.370330119778e+00,6.881230370230e-02
-5.280099382287e-01,5.189044770252e+00,6.881273261471e-02
-5.280056996876e-01,7.309376632734e+00,6.865597630770e-02
-5.279579524593e-01,3.560108030119e+00,6.883769542623e-02
-5.279548354567e-01,6.675139434549e+00,6.870394612544e-02
-5.276542783184e-01,1.402532736107e+00,6.879682015046e-02
-5.275367856124e-01,3.592310646447e+00,6.882137978523e-02
-5.274360780000e-01,9.815332810188e+00,6.901090814824e-02
-5.272920779201e-01,8.866092765822e+00,6.850847126135e-02
-5.272547097714e-01,1.434735352435e+00,6.878132007011e-02
-5.271156187655e-01,3.624513262776e+00,6.880504577472e-02
-5.271066133552e-01,6.105176645583e+00,6.871683794633e-02
-5.268551412243e-01,1.466937968764e+00,6.876580343485e-02
-5.268330747731e-01,4.779625333094e+00,6.879423474057e-02
-5.266944519186e-01,3.656715879105e+00,6.878869336376e-02
-5.265516466007e-01,8.007995515821e+00,6.854351690001e-02
-5.264555726773e-01,1.499140585092e+00,6.875027021825e-02
-5.263027782842e-01,7.277766298560e+00,6.858984617356e-02
-5.262732850717e-01,3.688918495433e+00,6.877232252137e-02
-5.261672871547e-01,5.599365209241e+00,6.871204294106e-02
-5.261353531099e-01,6.643560100598e+00,6.863346371124e-02
-5.260560041302e-01,1.531343201420e+00,6.873472039381e-02
-5.260247536813e-01,9.790357231835e+00,6.875069461792e-02
-5.258521182248e-01,3.721121111762e+00,6.875593321647e-02
-5.258416825346e-01,5.157566299471e+00,6.872828325572e-02
-5.258226964902e-01,8.834424366528e+00,6.845103672380e-02
-5.256564355832e-01,1.563545817749e+00,6.871915393496e-02
-5.254712160757e-01,1.066889252112e+01,6.608629149337e-06
-5.254309513780e-01,3.753323728091e+00,6.873952541791e-02
-5.252568670362e-01,1.595748434077e+00,6.870357081511e-02
-5.251707175749e-01,6.073629622746e+00,6.864143066183e-02
-5.250097845311e-01,3.785526344419e+00,6.872309909449e-02
-5.249654275407e-01,7.976355492983e+00,6.848153702400e-02
-5.248572984891e-01,1.627951050406e+00,6.868797100757e-02
-5.246134293625e-01,9.765381653482e+00,6.853251448314e-02
-5.245998568807e-01,7.246155964385e+00,6.852342374715e-02
-5.245886176842e-01,3.817728960748e+00,6.870665421493e-02
-5.245488848026e-01,4.748183101768e+00,6.870519405814e-02
-5.244577299421e-01,1.660153666734e+00,6.867235448562e-02
-5.243533150603e-01,8.802755967234e+00,6.839338143338e-02
-5.243158707631e-01,6.611980766648e+00,6.856265000478e-02
-5.241824915141e-01,1.064391010705e+01,1.009339789228e-02
-5.241674508373e-01,3.849931577077e+00,6.869019074787e-02
-5.241151315574e-01,5.567851807703e+00,6.863157995398e-02
-5.240581613950e-01,1.692356283063e+00,6.865672122248e-02
-5.237462839904e-01,3.882134193405e+00,6.867370866190e-02
-5.236734268405e-01,5.126087828690e+00,6.864335345036e-02
-5.236585928480e-01,1.724558899391e+00,6.864107119130e-02
-5.233792084807e-01,7.944715470146e+00,6.841930055278e-02
-5.233251171435e-01,3.914336809734e+00,6.865720792553e-02
-5.232590243009e-01,1.756761515720e+00,6.862540436520e-02
-5.232348217946e-01,6.042082599908e+00,6.856520830981e-02
-5.232021050437e-01,9.740406075129e+00,6.835989673750e-02
-5.229039502966e-01,3.946539426063e+00,6.864068850718e-02
-5.228969354773e-01,7.214545630210e+00,6.845670717415e-02
-5.228937669526e-01,1.061892769297e+01,1.830291151519e-02
-5.228839336304e-01,8.771087567940e+00,6.833550415909e-02
-5.228594557539e-01,1.788964132048e+00,6.860972071721e-02
-5.224963884163e-01,6.580401432698e+00,6.849150278608e-02
-5.224827834497e-01,3.978742042391e+00,6.862415037523e-02
-5.224598872069e-01,1.821166748377e+00,6.859402022031e-02
-5.222646948321e-01,4.716740870442e+00,6.861562209254e-02
-5.220629759601e-01,5.536338406165e+00,6.855068070019e-02
-5.220616166029e-01,4.010944658720e+00,6.860759349796e-02
-5.220603186598e-01,1.853369364705e+00,6.857830284744e-02
-5.217929894206e-01,7.913075447308e+00,6.835680595308e-02
-5.217907807249e-01,9.715430496776e+00,6.823575983855e-02
-5.216607501128e-01,1.885571981034e+00,6.856256857148e-02
-5.216404497560e-01,4.043147275049e+00,6.859101784361e-02
-5.216050423911e-01,1.059394527889e+01,2.511076759371e-02
-5.215051711464e-01,5.094609357908e+00,6.855793926087e-02
-5.214145522005e-01,8.739419168646e+00,6.827740366121e-02
-5.212989260143e-01,6.010535577071e+00,6.848859410908e-02
-5.212611815657e-01,1.917774597362e+00,6.854681736522e-02
-5.212192829091e-01,4.075349891377e+00,6.857442338032e-02
-5.211940140739e-01,7.182935296035e+00,6.838969458559e-02
-5.208616130187e-01,1.949977213690e+00,6.853104920143e-02
-5.207981160622e-01,4.107552507706e+00,6.855781007616e-02
-5.206769060696e-01,6.548822098747e+00,6.842001981697e-02
-5.204620444717e-01,1.982179830019e+00,6.851526405279e-02
-5.203794564061e-01,9.690454918423e+00,6.816231904629e-02
-5.203769492153e-01,4.139755124035e+00,6.854117789916e-02
-5.203163178295e-01,1.056896286481e+01,3.084754904949e-02
-5.202067703606e-01,7.881435424471e+00,6.829405168013e-02
-5.200624759246e-01,2.014382446347e+00,6.849946189196e-02
-5.200108203628e-01,5.504825004627e+00,6.846934175041e-02
-5.199805048617e-01,4.685298639115e+00,6.852551431363e-02
-5.199557823684e-01,4.171957740363e+00,6.852452681723e-02
-5.199451707706e-01,8.707750769352e+00,6.821907869124e-02
-5.196629073776e-01,2.046585062676e+00,6.848364269151e-02
-5.195346155216e-01,4.204160356692e+00,6.850785679824e-02
-5.194910926705e-01,7.151324961861e+00,6.832238409777e-02
-5.193630302340e-01,5.978988554233e+00,6.841158512294e-02
-5.193369154522e-01,5.063130887127e+00,6.847203670913e-02
-5.192633388305e-01,2.078787679004e+00,6.846780642395e-02
-5.191134486747e-01,4.236362973020e+00,6.849116780999e-02
-5.190275932680e-01,1.054398045073e+01,3.574745886670e-02
-5.189975869320e-01,9.662119397782e+00,6.810612464334e-02
-5.188637702835e-01,2.110990295332e+00,6.845195306174e-02
-5.188574237228e-01,6.517242764797e+00,6.834819884090e-02
-5.186922818278e-01,4.268565589349e+00,6.847445982017e-02
-5.186205513005e-01,7.849795401633e+00,6.823103617757e-02
-5.184757893407e-01,8.676082370058e+00,6.816052799183e-02
-5.184642017365e-01,2.143192911661e+00,6.843608257729e-02
-5.182711149809e-01,4.300768205678e+00,6.845773279644e-02
-5.180646331894e-01,2.175395527990e+00,6.842019494294e-02
-5.179586647655e-01,5.473311603090e+00,6.838755964124e-02
-5.178499481340e-01,4.332970822006e+00,6.844098670636e-02
-5.177881712671e-01,7.119714627686e+00,6.825477381215e-02
-5.177388687065e-01,1.051899803666e+01,3.998105789185e-02
-5.176963148912e-01,4.653856407789e+00,6.843486614375e-02
-5.176650646424e-01,2.207598144318e+00,6.840429013098e-02
-5.176451723027e-01,9.630423934854e+00,6.805192725924e-02
-5.174287812871e-01,4.365173438335e+00,6.842422151743e-02
-5.174271344537e-01,5.947441531396e+00,6.833417838655e-02
-5.172654960953e-01,2.239800760646e+00,6.838836811361e-02
-5.171686597581e-01,5.031652416346e+00,6.838564177618e-02
-5.170379413760e-01,6.485663430847e+00,6.827603758275e-02
-5.170343322405e-01,7.818155378795e+00,6.816775787732e-02
-5.170076144402e-01,4.397376054664e+00,6.840743719707e-02
-5.170064079108e-01,8.644413970764e+00,6.810175029673e-02
-5.168659275483e-01,2.272003376975e+00,6.837242886301e-02
-5.165864475934e-01,4.429578670992e+00,6.839063371263e-02
-5.164663590012e-01,2.304205993303e+00,6.835647235128e-02
-5.164501441450e-01,1.049401562258e+01,4.367550727253e-02
-5.162927576733e-01,9.598728471927e+00,6.799758545595e-02
-5.161652807465e-01,4.461781287321e+00,6.837381103137e-02
-5.160852498636e-01,7.088104293511e+00,6.818686181516e-02
-5.160667904542e-01,2.336408609632e+00,6.834049855045e-02
-5.159065091682e-01,5.441798201552e+00,6.830533087479e-02
-5.157441138996e-01,4.493983903650e+00,6.835696912049e-02
-5.156672219072e-01,2.368611225961e+00,6.832450743252e-02
-5.155370264809e-01,8.612745571470e+00,6.804274433067e-02
-5.154912386735e-01,5.915894508558e+00,6.825637090664e-02
-5.154481131805e-01,7.786515355958e+00,6.810421519953e-02
-5.154121249207e-01,4.622414176463e+00,6.834367295720e-02
-5.153229470527e-01,4.526186519978e+00,6.834010794713e-02
-5.152676533601e-01,2.400813842289e+00,6.830849896940e-02
-5.152184590293e-01,6.454084096896e+00,6.820353374874e-02
-5.151614195835e-01,1.046903320850e+01,4.692754685359e-02
-5.150004040640e-01,5.000173945565e+00,6.829875040182e-02
-5.149403430440e-01,9.567033008999e+00,6.794304873666e-02
-5.149017802058e-01,4.558389136307e+00,6.832322747832e-02
-5.148680848131e-01,2.433016458617e+00,6.829247313295e-02
-5.144806133589e-01,4.590591752636e+00,6.830632768103e-02
-5.144685162660e-01,2.465219074946e+00,6.827642989498e-02
-5.143823284602e-01,7.056493959337e+00,6.811864617816e-02
-5.140689477190e-01,2.497421691274e+00,6.826036922721e-02
-5.140676450510e-01,8.581077172176e+00,6.798350880937e-02
-5.138726950219e-01,1.044405079442e+01,4.981207907691e-02
-5.138618941204e-01,7.754875333120e+00,6.804040655244e-02
-5.138543535709e-01,5.410284800014e+00,6.822265191828e-02
-5.136693791719e-01,2.529624307603e+00,6.824429110134e-02
-5.135879284147e-01,9.535337546071e+00,6.788831608403e-02
-5.135553428932e-01,5.884347485720e+00,6.817815966115e-02
-5.133989766825e-01,6.422504762946e+00,6.813068502622e-02
-5.132698106249e-01,2.561826923931e+00,6.822819548896e-02
-5.128702420779e-01,2.594029540260e+00,6.821208236164e-02
-5.128321483699e-01,4.968695474783e+00,6.821135848408e-02
-5.126794070568e-01,7.024883625162e+00,6.805012495720e-02
-5.125982636211e-01,8.549408772882e+00,6.792404243936e-02
-5.125839704604e-01,1.041906838034e+01,5.238800162808e-02
-5.124706735308e-01,2.626232156588e+00,6.819595169088e-02
-5.122756750604e-01,7.723235310283e+00,6.797633033229e-02
-5.122355137853e-01,9.503642083143e+00,6.783338647392e-02
-5.120711049838e-01,2.658434772917e+00,6.817980344809e-02
-5.118021979736e-01,5.378771398476e+00,6.813951920364e-02
-5.116715364367e-01,2.690637389245e+00,6.816363760466e-02
-5.116194471129e-01,5.852800462883e+00,6.809954159893e-02
-5.115794943357e-01,6.390925428995e+00,6.805748908353e-02
-5.112952458989e-01,1.039408596627e+01,5.470226544219e-02
-5.112719678897e-01,2.722840005574e+00,6.814745413188e-02
-5.111288821912e-01,8.517740373588e+00,6.786434391799e-02
-5.109764856534e-01,6.993273290988e+00,6.798129619301e-02
-5.108830991560e-01,9.471946620215e+00,6.777825887539e-02
-5.108723993427e-01,2.755042621903e+00,6.813125300100e-02
-5.106894560003e-01,7.691595287445e+00,6.791198492324e-02
-5.106638926758e-01,4.937217004002e+00,6.812346187881e-02
-5.104728307956e-01,2.787245238231e+00,6.811503418320e-02
-5.100732622486e-01,2.819447854560e+00,6.809879764960e-02
-5.100065213373e-01,1.036910355219e+01,5.679275760998e-02
-5.097600119890e-01,6.359346095045e+00,6.798394356985e-02
-5.097500423763e-01,5.347257996938e+00,6.805592912712e-02
-5.096835513326e-01,5.821253440046e+00,6.802051363946e-02
-5.096736937015e-01,2.851650470888e+00,6.808254337126e-02
-5.096595007614e-01,8.486071974294e+00,6.780441193333e-02
-5.095306845266e-01,9.440251157287e+00,6.772293225063e-02
-5.092741251545e-01,2.883853087217e+00,6.806627131917e-02
-5.092735642500e-01,6.961662956813e+00,6.791215791078e-02
-5.091032369403e-01,7.659955264608e+00,6.784736869726e-02
-5.088745566074e-01,2.916055703546e+00,6.804998146425e-02
-5.087177967758e-01,1.034412113811e+01,5.869038790041e-02
-5.084956369817e-01,4.905738533221e+00,6.803505639914e-02
-5.084749880604e-01,2.948258319874e+00,6.803367377739e-02
-5.081901193314e-01,8.454403575000e+00,6.774424516407e-02
-5.081782698973e-01,9.408555694359e+00,6.766740555489e-02
-5.080754195134e-01,2.980460936203e+00,6.801734822936e-02
-5.079405296422e-01,6.327766761094e+00,6.791004611501e-02
-5.077476555523e-01,5.789706417208e+00,6.794107267242e-02
-5.076978867790e-01,5.315744595401e+00,6.797187804889e-02
-5.076758509663e-01,3.012663552532e+00,6.800100479092e-02
-5.075706428466e-01,6.930052622639e+00,6.784270812009e-02
-5.075170178803e-01,7.628315241771e+00,6.778248001401e-02
-5.074290722143e-01,1.031913872403e+01,6.042062426440e-02
-5.072762824193e-01,3.044866168860e+00,6.798464343275e-02
-5.068767138722e-01,3.077068785189e+00,6.796826412545e-02
-5.068258552679e-01,9.376860231432e+00,6.761167773645e-02
-5.067207379016e-01,8.422735175706e+00,6.768384227950e-02
-5.064771453252e-01,3.109271401518e+00,6.795186683956e-02
-5.063273812876e-01,4.874260062440e+00,6.794613781508e-02
-5.061403476527e-01,1.029415630996e+01,6.200463993062e-02
-5.061210472954e-01,6.296187427144e+00,6.783579432935e-02
-5.060775767781e-01,3.141474017846e+00,6.793545154557e-02
-5.059307988202e-01,7.596675218933e+00,6.771731722077e-02
-5.058677214432e-01,6.898442288464e+00,6.777294481473e-02
-5.058117597720e-01,5.758159394370e+00,6.786121555749e-02
-5.056780082311e-01,3.173676634175e+00,6.791901821390e-02
-5.056457311817e-01,5.284231193863e+00,6.788736229266e-02
-5.054734406386e-01,9.345164768504e+00,6.755574773656e-02
-5.052784396840e-01,3.205879250504e+00,6.790256681491e-02
-5.052513564717e-01,8.391066776412e+00,6.762320193939e-02
-5.048788711370e-01,3.238081866832e+00,6.788609731886e-02
-5.048516230912e-01,1.026917389588e+01,6.346018208005e-02
-5.044793025899e-01,3.270284483161e+00,6.786960969600e-02
-5.043445797602e-01,7.565035196095e+00,6.765187865230e-02
-5.043015649487e-01,6.264608093194e+00,6.776118580357e-02
-5.041648000398e-01,6.866831954289e+00,6.770286597260e-02
-5.041591255934e-01,4.842781591659e+00,6.785670185297e-02
-5.041210260092e-01,9.313469305576e+00,6.749961448938e-02
-5.040797340429e-01,3.302487099489e+00,6.785310391648e-02
-5.038758639917e-01,5.726612371533e+00,6.778093912391e-02
-5.038570535264e-01,1.562500050003e-02,7.470812748775e-02
-5.038570535264e-01,1.093750035002e-01,7.298120043732e-02
-5.038570535264e-01,1.406250045003e-01,7.239908529971e-02
-5.038570535264e-01,5.156250165000e-01,6.781078449183e-02
-5.038570535264e-01,5.468750174999e-01,6.781078449183e-02
-5.038570535264e-01,5.781250184998e-01,6.781078449183e-02
-5.038570535264e-01,6.093750194998e-01,6.781078449183e-02
-5.038570535264e-01,6.406250204997e-01,6.781078449183e-02
-5.038570535264e-01,7.031250224996e-01,6.781078449183e-02
-5.038570535264e-01,7.343750234995e-01,6.781078449183e-02
-5.038570535264e-01,7.656250244995e-01,6.781078449183e-02
-5.038570535264e-01,8.593750274997e-01,6.781078449183e-02
-5.038570535264e-01,4.687500150008e-02,7.413925533801e-02
-5.038570535264e-01,7.812500250012e-02,7.356256189133e-02
-5.038570535264e-01,1.718750055004e-01,7.182097071084e-02
-5.038570535264e-01,2.031250065004e-01,7.125250780338e-02
-5.038570535264e-01,2.343750075005e-01,7.070026480002e-02
-5.038570535264e-01,2.656250085005e-01,7.017169271638e-02
-5.038570535264e-01,2.968750095005e-01,6.967501778954e-02
-5.038570535264e-01,3.281250105004e-01,6.921904379137e-02
-5.038570535264e-01,3.593750115003e-01,6.881285381344e-02
-5.038570535264e-01,3.906250125002e-01,6.846541293648e-02
-5.038570535264e-01,4.218750135001e-01,6.818509006023e-02
-5.038570535264e-01,4.843750155000e-01,6.785317847681e-02
-5.038570535264e-01,6.718750214996e-01,6.781078449183e-02
-5.038570535264e-01,7.968750254995e-01,6.781078449183e-02
-5.038570535264e-01,8.281250264996e-01,6.781078449183e-02
-5.038570535264e-01,9.843750315000e-01,6.781078449183e-02
-5.038570535264e-01,4.531250145001e-01,6.797913672331e-02
-5.038570535264e-01,8.906250284999e-01,6.781078449183e-02
-5.038570535264e-01,9.218750294999e-01,6.781078449183e-02
-5.038570535264e-01,9.531250305000e-01,6.781078449183e-02
-5.037819750418e-01,8.359398377118e+00,6.756232279391e-02
-5.036801654959e-01,3.334689715818e+00,6.783657995038e-02
-5.036680684028e-01,1.016101340164e+00,6.780296174500e-02
-5.035935755844e-01,5.252717792325e+00,6.780237814519e-02
-5.035628985297e-01,1.024419148180e+01,6.480223787436e-02
-5.032900981556e-01,1.048303956493e+00,6.778730402074e-02
-5.032805969488e-01,3.366892332147e+00,6.782003776774e-02
-5.029121279084e-01,1.080506572821e+00,6.777162996788e-02
-5.028810284018e-01,3.399094948475e+00,6.780347733851e-02
-5.027686113799e-01,9.281773842648e+00,6.744327692195e-02
-5.027583607002e-01,7.533395173258e+00,6.758616263077e-02
-5.025341576612e-01,1.112709189150e+00,6.775593956094e-02
-5.024820826019e-01,6.233028759244e+00,6.768618937828e-02
-5.024814598547e-01,3.431297564804e+00,6.778689863259e-02
-5.024618786363e-01,6.835221620114e+00,6.763246955557e-02
-5.023125936118e-01,8.327729977825e+00,6.750120348357e-02
-5.022741739682e-01,1.021920906772e+01,6.604355092708e-02
-5.021561874140e-01,1.144911805478e+00,6.774023277438e-02
-5.020818913077e-01,3.463500181133e+00,6.777030161981e-02
-5.019908698993e-01,4.811303120878e+00,6.776674419503e-02
-5.019399682115e-01,5.695065348695e+00,6.770024017018e-02
-5.017782171668e-01,1.177114421807e+00,6.772450958265e-02
-5.016823227606e-01,3.495702797461e+00,6.775368626992e-02
-5.015414199871e-01,5.221204390787e+00,6.771692185599e-02
-5.014161967505e-01,9.250078379720e+00,6.738673395407e-02
-5.014002469196e-01,1.209317038135e+00,6.770876996010e-02
-5.012827542136e-01,3.527905413790e+00,6.773705255262e-02
-5.011721416401e-01,7.501755150420e+00,6.752016746565e-02
-5.010222766724e-01,1.241519654464e+00,6.769301388105e-02
-5.009854494066e-01,1.019422665364e+01,6.719502598430e-02
-5.008831856665e-01,3.560108030119e+00,6.772040043754e-02
-5.008432121820e-01,8.296061578531e+00,6.743984263918e-02
-5.007589572329e-01,6.803611285940e+00,6.756175350933e-02
-5.006626002551e-01,6.201449425293e+00,6.760993988207e-02
-5.006443064252e-01,1.273722270792e+00,6.767724131977e-02
-5.004836171195e-01,3.592310646447e+00,6.770372989425e-02
-5.002663361780e-01,1.305924887121e+00,6.766145225046e-02
-5.000840485725e-01,3.624513262776e+00,6.768704089222e-02
-5.000637821212e-01,9.218382916792e+00,6.732998449835e-02
-5.000040724312e-01,5.663518325858e+00,6.761911546373e-02
-4.998883659308e-01,1.338127503449e+00,6.764564664727e-02
-4.998226142052e-01,4.779824650096e+00,6.767626047888e-02
-4.996967248451e-01,1.016924423957e+01,6.826604906193e-02
-4.996844800254e-01,3.656715879105e+00,6.767033340089e-02
-4.995859225801e-01,7.470115127583e+00,6.745389145359e-02
-4.995103956835e-01,1.370330119778e+00,6.762982448433e-02
-4.994892643898e-01,5.189690989249e+00,6.763098963681e-02
-4.993738307521e-01,8.264393179236e+00,6.737823888168e-02
-4.992849114784e-01,3.688918495433e+00,6.765360738963e-02
-4.991324254364e-01,1.402532736107e+00,6.761398573566e-02
-4.990560358295e-01,6.772000951765e+00,6.749071576329e-02
-4.988853429313e-01,3.721121111762e+00,6.763686282771e-02
-4.988431179084e-01,6.169870091343e+00,6.753331027887e-02
-4.987544551892e-01,1.434735352435e+00,6.759813037525e-02
-4.987113674918e-01,9.186687453865e+00,6.727302746005e-02
-4.984857743843e-01,3.753323728091e+00,6.762009968437e-02
-4.984080002836e-01,1.014426182549e+01,6.926474295232e-02
-4.983764849420e-01,1.466937968764e+00,6.758225837706e-02
-4.980862058372e-01,3.785526344419e+00,6.760331792875e-02
-4.980681766509e-01,5.631971303020e+00,6.753756174058e-02
-4.979997035201e-01,7.438475104745e+00,6.738733287832e-02
-4.979985146947e-01,1.499140585092e+00,6.756636971496e-02
-4.979044493222e-01,8.232724779942e+00,6.731639082216e-02
-4.976866372902e-01,3.817728960748e+00,6.758651752995e-02
-4.976543585111e-01,4.748346179315e+00,6.758524629700e-02
-4.976205444475e-01,1.531343201420e+00,6.755046436278e-02
-4.974371087925e-01,5.158177587712e+00,6.754457766124e-02
-4.973589528625e-01,9.154991990937e+00,6.721586173709e-02
-4.973531144261e-01,6.740390617590e+00,6.741935423041e-02
-4.972870687431e-01,3.849931577077e+00,6.756969845698e-02
-4.972425742003e-01,1.563545817749e+00,6.753454229431e-02
-4.971192757220e-01,1.011927941141e+01,7.019817282712e-02
-4.970236355616e-01,6.138290757392e+00,6.745629780054e-02
-4.968875001961e-01,3.882134193405e+00,6.755286067879e-02
-4.968646039531e-01,1.595748434077e+00,6.751860348325e-02
-4.964879316491e-01,3.914336809734e+00,6.753600416426e-02
-4.964866337059e-01,1.627951050406e+00,6.750264790326e-02
-4.964350678923e-01,8.201056380649e+00,6.725429706170e-02
-4.964134844600e-01,7.406835081908e+00,6.732049001055e-02
-4.961322808706e-01,5.600424280183e+00,6.745557570493e-02
-4.961086634587e-01,1.660153666734e+00,6.748667552797e-02
-4.960883631020e-01,3.946539426063e+00,6.751912888221e-02
-4.960065382332e-01,9.123296528009e+00,6.715848621996e-02
-4.958305511605e-01,1.009429699733e+01,7.107251294936e-02
-4.957306932115e-01,1.692356283063e+00,6.747068633093e-02
-4.956887945550e-01,3.978742042391e+00,6.750223480137e-02
-4.956501930227e-01,6.708780283416e+00,6.734766680708e-02
-4.954861028170e-01,4.716867708534e+00,6.749369719628e-02
-4.953849531952e-01,5.126664186174e+00,6.745768206432e-02
-4.953527229643e-01,1.724558899391e+00,6.745468028562e-02
-4.952892260079e-01,4.010944658720e+00,6.748532189042e-02
-4.952041532149e-01,6.106711423442e+00,6.737889965310e-02
-4.949747527171e-01,1.756761515720e+00,6.743865736551e-02
-4.949656864624e-01,8.169387981355e+00,6.719195619135e-02
-4.948896574609e-01,4.043147275049e+00,6.746839011797e-02
-4.948272654000e-01,7.375195059070e+00,6.725336110786e-02
-4.946541236038e-01,9.091601065081e+00,6.710089979169e-02
-4.945967824699e-01,1.788964132048e+00,6.742261754396e-02
-4.945418265990e-01,1.006931458326e+01,7.189318281470e-02
-4.944900889138e-01,4.075349891377e+00,6.745143945254e-02
-4.942188122227e-01,1.821166748377e+00,6.740656079431e-02
-4.941963850903e-01,5.568877257345e+00,6.737315402890e-02
-4.940905203668e-01,4.107552507706e+00,6.743446986260e-02
-4.939472716193e-01,6.677169949241e+00,6.727565137298e-02
-4.938408419755e-01,1.853369364705e+00,6.739048708985e-02
-4.936909518197e-01,4.139755124035e+00,6.741748131655e-02
-4.934963050325e-01,8.137719582061e+00,6.712936679201e-02
-4.934628717283e-01,1.885571981034e+00,6.737439640378e-02
-4.933846708681e-01,6.075132089492e+00,6.730111301641e-02
-4.933327975979e-01,5.095150784636e+00,6.737029894207e-02
-4.933178471229e-01,4.685389237753e+00,6.740160867750e-02
-4.933017089745e-01,9.059905602154e+00,6.704310132776e-02
-4.932913832727e-01,4.171957740363e+00,6.740047378269e-02
-4.932531020374e-01,1.004433216918e+01,7.141726627727e-02
-4.932410463399e-01,7.343555036232e+00,6.718594441460e-02
-4.930849014811e-01,1.917774597362e+00,6.735828870927e-02
-4.928918147257e-01,4.204160356692e+00,6.738344722930e-02
-4.927069312339e-01,1.949977213690e+00,6.734216397942e-02
-4.924922461786e-01,4.236362973020e+00,6.736640162455e-02
-4.923289609867e-01,1.982179830019e+00,6.732602218728e-02
-4.922604893100e-01,5.537330234508e+00,6.729029335210e-02
-4.922443502159e-01,6.645559615066e+00,6.720330579095e-02
-4.920926776316e-01,4.268565589349e+00,6.734933693655e-02
-4.920269236026e-01,8.106051182767e+00,6.706652743438e-02
-4.919643774759e-01,1.001934975510e+01,7.089336741218e-02
-4.919509907395e-01,2.014382446347e+00,6.730986330584e-02
-4.919492943451e-01,9.028210139226e+00,6.698508969609e-02
-4.916931090845e-01,4.300768205678e+00,6.733225313333e-02
-4.916548272799e-01,7.311915013395e+00,6.711823816176e-02
-4.915730204923e-01,2.046585062676e+00,6.729368730805e-02
-4.915651885213e-01,6.043552755541e+00,6.722293504395e-02
-4.912935405375e-01,4.332970822006e+00,6.731515018288e-02
-4.912806420005e-01,5.063637383098e+00,6.728242435107e-02
-4.911950502451e-01,2.078787679004e+00,6.727749416677e-02
-4.911495914288e-01,4.653910766972e+00,6.730897619482e-02
-4.908939719904e-01,4.365173438335e+00,6.729802805308e-02
-4.908170799979e-01,2.110990295332e+00,6.726128385483e-02
-4.906756529144e-01,9.994367341023e+00,7.037288224457e-02
-4.905968797158e-01,8.996514676298e+00,6.692686375692e-02
-4.905575421727e-01,8.074382783473e+00,6.700343667886e-02
-4.905414288124e-01,6.613949280891e+00,6.713062790684e-02
-4.904944034434e-01,4.397376054664e+00,6.728088671175e-02
-4.904391097507e-01,2.143192911661e+00,6.724505634499e-02
-4.903245935297e-01,5.505783211670e+00,6.720699028129e-02
-4.900948348963e-01,4.429578670992e+00,6.726372612665e-02
-4.900686082199e-01,7.280274990557e+00,6.705024056689e-02
-4.900611395035e-01,2.175395527990e+00,6.722881160995e-02
-4.897457061745e-01,6.011973421591e+00,6.714436286247e-02
-4.896952663493e-01,4.461781287321e+00,6.724654626547e-02
-4.896831692563e-01,2.207598144318e+00,6.721254962236e-02
-4.893869283529e-01,9.969384926945e+00,6.985955164694e-02
-4.893051990091e-01,2.239800760646e+00,6.719627035482e-02
-4.892956978023e-01,4.493983903650e+00,6.722934709581e-02
-4.892444650864e-01,8.964819213370e+00,6.686842236282e-02
-4.892284864032e-01,5.032123981560e+00,6.719405430799e-02
-4.890881607428e-01,8.042714384179e+00,6.694009307546e-02
-4.889813357347e-01,4.622432296191e+00,6.721579515525e-02
-4.889272287619e-01,2.272003376975e+00,6.717997377985e-02
-4.888961292552e-01,4.526186519978e+00,6.721212858520e-02
-4.888385074090e-01,6.582338946717e+00,6.705761554939e-02
-4.885492585147e-01,2.304205993303e+00,6.716365986993e-02
-4.884965607082e-01,4.558389136307e+00,6.719489070110e-02
-4.884823891598e-01,7.248634967720e+00,6.698194983397e-02
-4.883886977494e-01,5.474236188833e+00,6.712324139004e-02
-4.881712882675e-01,2.336408609632e+00,6.714732859747e-02
-4.880982037914e-01,9.944402512868e+00,6.935764112758e-02
-4.880969921611e-01,4.590591752636e+00,6.717763341091e-02
-4.879262238278e-01,5.980394087641e+00,6.706539357174e-02
-4.878920504571e-01,8.933123750442e+00,6.680976435856e-02
-4.877933180203e-01,2.368611225961e+00,6.713097993482e-02
-4.876187793129e-01,8.011045984885e+00,6.687649516373e-02
-4.874153477731e-01,2.400813842289e+00,6.711461385429e-02
-4.871763308059e-01,5.000610580023e+00,6.710518478924e-02
-4.871355860056e-01,6.550728612542e+00,6.698426653007e-02
-4.870373775259e-01,2.433016458617e+00,6.709823032811e-02
-4.868961700998e-01,7.216994944882e+00,6.691336415331e-02
-4.868094792299e-01,9.919420098790e+00,6.887192974464e-02
-4.866594072787e-01,2.465219074946e+00,6.708182932847e-02
-4.865396358277e-01,8.901428287514e+00,6.675088858110e-02
-4.864528019692e-01,5.442689165995e+00,6.703904321832e-02
-4.862814370315e-01,2.497421691274e+00,6.706541082748e-02
-4.861493978830e-01,7.979377585591e+00,6.681264147269e-02
-4.861067414810e-01,5.948814753690e+00,6.698602424427e-02
-4.859034667843e-01,2.529624307603e+00,6.704897479721e-02
-4.855254965371e-01,2.561826923931e+00,6.703252120965e-02
-4.855207546684e-01,9.894437684712e+00,6.840766988631e-02
-4.854326646022e-01,6.519118278367e+00,6.691057864294e-02
-4.853099510398e-01,7.185354922045e+00,6.684448170142e-02
-4.851872211984e-01,8.869732824586e+00,6.669179385954e-02
-4.851475262899e-01,2.594029540260e+00,6.701605003675e-02
-4.851241752086e-01,4.969097178485e+00,6.701581173039e-02
-4.847695560427e-01,2.626232156588e+00,6.699956125040e-02
-4.846800164531e-01,7.947709186297e+00,6.674853052073e-02
-4.845169061889e-01,5.411142143157e+00,6.695439227216e-02
-4.843915857955e-01,2.658434772917e+00,6.698305482241e-02
-4.842872591343e-01,5.917235419740e+00,6.690625192493e-02
-4.842320301069e-01,9.869455270635e+00,6.797051125313e-02
-4.840136155483e-01,2.690637389245e+00,6.696653072454e-02
-4.838348065690e-01,8.838037361658e+00,6.663247901500e-02
-4.837297431988e-01,6.487507944193e+00,6.683654966454e-02
-4.837237319797e-01,7.153714899207e+00,6.677530064093e-02
-4.836356453011e-01,2.722840005574e+00,6.694998892850e-02
-4.832576750539e-01,2.755042621903e+00,6.693342940594e-02
-4.832106350232e-01,7.916040787003e+00,6.668416081551e-02
-4.830720196113e-01,4.937583776947e+00,6.692593102583e-02
-4.829433055453e-01,9.844472856557e+00,6.756638376462e-02
-4.828797048067e-01,2.787245238231e+00,6.691685212842e-02
-4.825810104086e-01,5.379595120320e+00,6.686928502326e-02
-4.825017345595e-01,2.819447854560e+00,6.690025706747e-02
-4.824823919397e-01,8.806341898730e+00,6.657294286061e-02
-4.824677767875e-01,5.885656085789e+00,6.682607363077e-02
-4.821375129197e-01,7.122074876370e+00,6.670581912047e-02
-4.821237643123e-01,2.851650470888e+00,6.688364419455e-02
-4.820268217953e-01,6.455897610018e+00,6.676217735372e-02
-4.817457940651e-01,2.883853087217e+00,6.686701348106e-02
-4.817412535933e-01,7.884372387709e+00,6.661953085390e-02
-4.816545809838e-01,9.819490442480e+00,6.720133690872e-02
-4.813678238178e-01,2.916055703546e+00,6.685036489833e-02
-4.811299773103e-01,8.774646435802e+00,6.651318420145e-02
-4.810198640140e-01,4.906070375409e+00,6.683553852826e-02
-4.809898535706e-01,2.948258319874e+00,6.683369841764e-02
-4.806482944407e-01,5.854076751839e+00,6.674548635060e-02
-4.806451146283e-01,5.348048097482e+00,6.678371790863e-02
-4.806118833234e-01,2.980460936203e+00,6.681701401021e-02
-4.805512938597e-01,7.090434853532e+00,6.663603527452e-02
-4.803658564223e-01,9.794508028402e+00,6.688133738190e-02
-4.803239003919e-01,6.424287275843e+00,6.668745945151e-02
-4.802718721634e-01,7.852703988415e+00,6.655463912191e-02
-4.802339130762e-01,3.012663552532e+00,6.680031164719e-02
-4.798559428290e-01,3.044866168860e+00,6.678359129965e-02
-4.797775626810e-01,8.742950972874e+00,6.645320183445e-02
-4.794779725818e-01,3.077068785189e+00,6.676685293865e-02
-4.791000023346e-01,3.109271401518e+00,6.675009653513e-02
-4.790771318608e-01,9.769525614325e+00,6.661203252557e-02
-4.789677084167e-01,4.874556973871e+00,6.674463004823e-02
-4.789650747997e-01,7.058794830695e+00,6.656594722336e-02
-4.788288120940e-01,5.822497417889e+00,6.666448704476e-02
-4.788024907335e-01,7.821035589121e+00,6.648948409456e-02
-4.787220320874e-01,3.141474017846e+00,6.673332206000e-02
-4.787092188480e-01,5.316501074645e+00,6.669768733017e-02
-4.786209789885e-01,6.392676941668e+00,6.661213346564e-02
-4.784251480516e-01,8.711255509947e+00,6.639299454836e-02
-4.783440618402e-01,3.173676634175e+00,6.671652948411e-02
-4.779660915930e-01,3.205879250504e+00,6.669971877823e-02
-4.777884072992e-01,9.744543200247e+00,6.639849339842e-02
-4.775881213458e-01,3.238081866832e+00,6.668288991309e-02
-4.773788557396e-01,7.027154807858e+00,6.649555307290e-02
-4.773331093036e-01,7.789367189827e+00,6.642406423581e-02
-4.772101510986e-01,3.270284483161e+00,6.666604285931e-02
-4.770727334223e-01,8.679560047019e+00,6.633256112369e-02
-4.770093297472e-01,5.790918083939e+00,6.658307264479e-02
-4.769180575851e-01,6.361066607494e+00,6.653577614501e-02
-4.769155528194e-01,4.843043572333e+00,6.665320135370e-02
-4.768321808514e-01,3.302487099489e+00,6.664917758751e-02
-4.767733230677e-01,5.284954051807e+00,6.661118965431e-02
-4.764996827377e-01,9.719560786169e+00,6.624495722453e-02
-4.764542106042e-01,3.334689715818e+00,6.663229406820e-02
-4.760762403570e-01,3.366892332147e+00,6.661539227184e-02
-4.758637278737e-01,7.757698790533e+00,6.635837799850e-02
-4.757926366796e-01,6.995514785021e+00,6.642485091459e-02
-4.757203187929e-01,8.647864584091e+00,6.627190033262e-02
-4.756982701098e-01,3.399094948475e+00,6.659847216884e-02
-4.755013175135e-01,1.067304861637e+01,6.608629138823e-06
-4.753202998626e-01,3.431297564804e+00,6.658153372953e-02
-4.752151361817e-01,6.329456273319e+00,6.645905041192e-02
-4.752109581762e-01,9.694578372091e+00,6.615464684874e-02
-4.751898474005e-01,5.759338749988e+00,6.650124005309e-02
-4.750652218963e-01,1.562500050003e-02,7.418414152379e-02
-4.750652218963e-01,4.687500150008e-02,7.358297419356e-02
-4.750652218963e-01,5.781250184998e-01,6.653204817657e-02
-4.750652218963e-01,6.093750194997e-01,6.653204817657e-02
-4.750652218963e-01,6.406250204997e-01,6.653204817657e-02
-4.750652218963e-01,7.656250244995e-01,6.653204817657e-02
-4.750652218963e-01,7.968750254995e-01,6.653204817657e-02
-4.750652218963e-01,8.281250264996e-01,6.653204817657e-02
-4.750652218963e-01,7.812500250012e-02,7.295848265631e-02
-4.750652218963e-01,1.093750035002e-01,7.232580676413e-02
-4.750652218963e-01,1.406250045003e-01,7.168900142897e-02
-4.750652218963e-01,1.718750055004e-01,7.105312705683e-02
-4.750652218963e-01,2.031250065004e-01,7.042434969438e-02
-4.750652218963e-01,2.343750075005e-01,6.981000356660e-02
-4.750652218963e-01,2.656250085005e-01,6.921859178815e-02
-4.750652218963e-01,2.968750095005e-01,6.865969735815e-02
-4.750652218963e-01,3.281250105004e-01,6.814377658379e-02
-4.750652218963e-01,3.593750115003e-01,6.768181342541e-02
-4.750652218963e-01,3.906250125002e-01,6.728482817309e-02
-4.750652218963e-01,4.218750135001e-01,6.696325791750e-02
-4.750652218963e-01,4.531250145001e-01,6.672625678624e-02
-4.750652218963e-01,4.843750155000e-01,6.658099406987e-02
-4.750652218963e-01,5.468750174999e-01,6.653204817657e-02
-4.750652218963e-01,7.031250224995e-01,6.653204817657e-02
-4.750652218963e-01,7.343750234995e-01,6.653204817657e-02
-4.750652218963e-01,8.593750274997e-01,6.653204817657e-02
-4.750652218963e-01,5.156250165000e-01,6.653204817657e-02
-4.750652218963e-01,6.718750214996e-01,6.653204817657e-02
-4.750652218963e-01,8.906250284999e-01,6.653204817657e-02
-4.750652218963e-01,9.218750294999e-01,6.653204817657e-02
-4.750652218963e-01,9.531250305000e-01,6.653204817657e-02
-4.750652218963e-01,9.843750315000e-01,6.653204817657e-02
-4.749423296154e-01,3.463500181133e+00,6.656457692417e-02
-4.748870359226e-01,1.016101340164e+00,6.652404552734e-02
-4.748633972221e-01,4.811530170796e+00,6.656124816956e-02
-4.748374272874e-01,5.253407028970e+00,6.652422121159e-02
-4.745643593682e-01,3.495702797461e+00,6.654760172298e-02
-4.745306639752e-01,1.048303956493e+00,6.650802795689e-02
-4.743943464438e-01,7.726030391239e+00,6.629242382423e-02
-4.743679041636e-01,8.616169121163e+00,6.621101093897e-02
-4.743352256467e-01,1.064805996698e+01,1.009347417364e-02
-4.742064176196e-01,6.963874762184e+00,6.635383882530e-02
-4.741863891210e-01,3.527905413790e+00,6.653060809609e-02
-4.741742920278e-01,1.080506572821e+00,6.649199400295e-02
-4.739489335067e-01,9.666226558476e+00,6.609771873917e-02
-4.738179200805e-01,1.112709189150e+00,6.647594364044e-02
-4.738084188738e-01,3.560108030119e+00,6.651359601358e-02
-4.735122147782e-01,6.297845939144e+00,6.638195366472e-02
-4.734615481331e-01,1.144911805478e+00,6.645987684424e-02
-4.734304486266e-01,3.592310646447e+00,6.649656544547e-02
-4.733703650537e-01,5.727759416038e+00,6.641898614264e-02
-4.731691337799e-01,1.062307131760e+01,1.830303692958e-02
-4.731051761858e-01,1.177114421807e+00,6.644379358918e-02
-4.730524783793e-01,3.624513262776e+00,6.647951636169e-02
-4.730154895342e-01,8.584473658235e+00,6.614989169810e-02
-4.729249650139e-01,7.694361991945e+00,6.622620014328e-02
-4.729015315072e-01,5.221860006132e+00,6.643677829632e-02
-4.728112416248e-01,4.780016769258e+00,6.646876617717e-02
-4.727488042384e-01,1.209317038135e+00,6.642769385004e-02
-4.727136087292e-01,9.634505345325e+00,6.604162168596e-02
-4.726745081322e-01,3.656715879105e+00,6.646244873214e-02
-4.726201985596e-01,6.932234739347e+00,6.628251486723e-02
-4.723924322910e-01,1.241519654464e+00,6.641157760152e-02
-4.722965378850e-01,3.688918495433e+00,6.644536252662e-02
-4.720360603437e-01,1.273722270792e+00,6.639544481831e-02
-4.720030419132e-01,1.059808266822e+01,2.511092496481e-02
-4.719185676377e-01,3.721121111762e+00,6.642825771489e-02
-4.718092933748e-01,6.266235604970e+00,6.630448327817e-02
-4.716796883963e-01,1.305924887121e+00,6.637929547503e-02
-4.716630749049e-01,8.552778195307e+00,6.608854135690e-02
-4.715508827069e-01,5.696180082088e+00,6.633630775667e-02
-4.715405973905e-01,3.753323728091e+00,6.641113426663e-02
-4.714782839518e-01,9.602784132173e+00,6.598538944279e-02
-4.714555835840e-01,7.662693592651e+00,6.615970537452e-02
-4.713233164489e-01,1.338127503449e+00,6.636312954623e-02
-4.711626271433e-01,3.785526344419e+00,6.639399215146e-02
-4.710339794996e-01,6.900594716509e+00,6.621087708774e-02
-4.709669445016e-01,1.370330119778e+00,6.634694700645e-02
-4.709656357269e-01,5.190312983295e+00,6.634885716613e-02
-4.708369500464e-01,1.057309401884e+01,3.084772716130e-02
-4.707846568961e-01,3.817728960748e+00,6.637683133895e-02
-4.707590860275e-01,4.748503367720e+00,6.637575101384e-02
-4.706105725542e-01,1.402532736107e+00,6.633074783013e-02
-4.704066866489e-01,3.849931577077e+00,6.635965179856e-02
-4.703106602755e-01,8.521082732379e+00,6.602695865364e-02
-4.702542006069e-01,1.434735352435e+00,6.631453199170e-02
-4.702429591743e-01,9.571062919022e+00,6.592896208153e-02
-4.701063719714e-01,6.234625270795e+00,6.622663660316e-02
-4.700287164017e-01,3.882134193405e+00,6.634245349972e-02
-4.699862021541e-01,7.631025193357e+00,6.609293792535e-02
-4.698978286595e-01,1.466937968764e+00,6.629829946550e-02
-4.697314003601e-01,5.664600748137e+00,6.625320170829e-02
-4.696708581796e-01,1.054810536945e+01,3.574765020983e-02
-4.696507461545e-01,3.914336809734e+00,6.632523641179e-02
-4.695414567121e-01,1.499140585092e+00,6.628205022585e-02
-4.694477604395e-01,6.868954693672e+00,6.613892351929e-02
-4.692727759073e-01,3.946539426063e+00,6.630800050405e-02
-4.691850847648e-01,1.531343201420e+00,6.626578424699e-02
-4.690297399466e-01,5.158765960457e+00,6.626045404157e-02
-4.690076343969e-01,9.539341705870e+00,6.587233861987e-02
-4.689582456462e-01,8.489387269451e+00,6.596514231800e-02
-4.688948056601e-01,3.978742042391e+00,6.629074574573e-02
-4.688287128174e-01,1.563545817749e+00,6.624950150313e-02
-4.687069304302e-01,4.716989966182e+00,6.628219827242e-02
-4.685168354129e-01,4.010944658720e+00,6.627347210597e-02
-4.685168207242e-01,7.599356794063e+00,6.602589619155e-02
-4.685047663129e-01,1.052311672007e+01,3.998125733861e-02
-4.684723408701e-01,1.595748434077e+00,6.623320196842e-02
-4.684034505680e-01,6.203014936621e+00,6.614841096646e-02
-4.681388651657e-01,4.043147275049e+00,6.625617955387e-02
-4.681159689227e-01,1.627951050406e+00,6.621688561693e-02
-4.679119180134e-01,5.633021414187e+00,6.616966478023e-02
-4.678615413795e-01,6.837314670834e+00,6.606665217930e-02
-4.677723096195e-01,9.507620492718e+00,6.581551806924e-02
-4.677608949185e-01,4.075349891377e+00,6.623886805844e-02
-4.677595969753e-01,1.660153666734e+00,6.620055242273e-02
-4.676058310168e-01,8.457691806523e+00,6.590309107095e-02
-4.674032250280e-01,1.692356283063e+00,6.618420235980e-02
-4.673829246713e-01,4.107552507706e+00,6.622153758862e-02
-4.673386744461e-01,1.049812807069e+01,4.367571126806e-02
-4.670938441663e-01,5.127218937620e+00,6.617156510573e-02
-4.670474392943e-01,7.567688394770e+00,6.595857855727e-02
-4.670468530806e-01,1.724558899391e+00,6.616783540206e-02
-4.670049544241e-01,4.139755124035e+00,6.620418811331e-02
-4.667005291646e-01,6.171404602446e+00,6.606980367045e-02
-4.666904811332e-01,1.756761515720e+00,6.615145152340e-02
-4.666547748329e-01,4.685476564644e+00,6.618810350077e-02
-4.666269841769e-01,4.171957740363e+00,6.618681960132e-02
-4.665369848420e-01,9.475899279567e+00,6.575849943475e-02
-4.663341091859e-01,1.788964132048e+00,6.613505069763e-02
-4.662753223195e-01,6.805674647997e+00,6.599406106999e-02
-4.662534163875e-01,8.425996343595e+00,6.584080362468e-02
-4.662490139297e-01,4.204160356692e+00,6.616943202139e-02
-4.661725825793e-01,1.047313942131e+01,4.692775290600e-02
-4.660924356666e-01,5.601442080236e+00,6.608569372448e-02
-4.659777372385e-01,1.821166748377e+00,6.611863289855e-02
-4.658710436825e-01,4.236362973020e+00,6.615202534220e-02
-4.656213652912e-01,1.853369364705e+00,6.610219809985e-02
-4.655780578644e-01,7.536019995476e+00,6.589098339484e-02
-4.654930734353e-01,4.268565589349e+00,6.613459953236e-02
-4.653016600645e-01,9.444178066415e+00,6.570128171519e-02
-4.652649933438e-01,1.885571981034e+00,6.608574627522e-02
-4.651579483860e-01,5.095671914782e+00,6.608218650380e-02
-4.651151031881e-01,4.300768205678e+00,6.611715456042e-02
-4.650064907126e-01,1.044815077193e+01,4.981228542670e-02
-4.649976077612e-01,6.139794268271e+00,6.599081199289e-02
-4.649086213964e-01,1.917774597362e+00,6.606927739825e-02
-4.649010017582e-01,8.394300880667e+00,6.577827868256e-02
-4.647371329409e-01,4.332970822006e+00,6.609969039483e-02
-4.646891032595e-01,6.774034625159e+00,6.592114817835e-02
-4.646026192356e-01,4.653963163107e+00,6.609346220128e-02
-4.645522494491e-01,1.949977213690e+00,6.605279144249e-02
-4.643591626937e-01,4.365173438335e+00,6.608220700401e-02
-4.642729533198e-01,5.569862746286e+00,6.600128526195e-02
-4.641958775017e-01,1.982179830019e+00,6.603628838145e-02
-4.641086764345e-01,7.504351596182e+00,6.582310906479e-02
-4.640663352871e-01,9.412456853263e+00,6.564386390293e-02
-4.639811924464e-01,4.397376054664e+00,6.606470435629e-02
-4.638403988458e-01,1.042316212254e+01,5.238820702896e-02
-4.638395055543e-01,2.014382446347e+00,6.601976818858e-02
-4.636032221992e-01,4.429578670992e+00,6.604718241993e-02
-4.635485871288e-01,8.362605417739e+00,6.571551493909e-02
-4.634831336070e-01,2.046585062676e+00,6.600323083726e-02
-4.632946863578e-01,6.108183934097e+00,6.591143318666e-02
-4.632252519520e-01,4.461781287321e+00,6.602964116313e-02
-4.632220526057e-01,5.064124891945e+00,6.599231434269e-02
-4.631267616596e-01,2.078787679004e+00,6.598667630083e-02
-4.631028841994e-01,6.742394602322e+00,6.584791147595e-02
-4.628472817048e-01,4.493983903650e+00,6.601208055400e-02
-4.628310105096e-01,9.380735640112e+00,6.558624498392e-02
-4.627703897123e-01,2.110990295332e+00,6.597010455256e-02
-4.626743069790e-01,1.039817347316e+01,5.470246901238e-02
-4.626392950046e-01,7.472683196887e+00,6.575495391567e-02
-4.625504636383e-01,4.622449761569e+00,6.599826983040e-02
-4.624693114576e-01,4.526186519978e+00,6.599450056060e-02
-4.624534709731e-01,5.538283412336e+00,6.591643608212e-02
-4.624140177649e-01,2.143192911661e+00,6.595351556568e-02
-4.621961724994e-01,8.330909954811e+00,6.565251107976e-02
-4.620913412104e-01,4.558389136307e+00,6.597690115092e-02
-4.620576458175e-01,2.175395527990e+00,6.593690931336e-02
-4.617133709632e-01,4.590591752636e+00,6.595928229286e-02
-4.617012738702e-01,2.207598144318e+00,6.592028576872e-02
-4.615956857322e-01,9.349014426960e+00,6.552842393763e-02
-4.615917649543e-01,6.076573599922e+00,6.583166447944e-02
-4.615166651394e-01,6.710754579485e+00,6.577434891885e-02
-4.615082151122e-01,1.037318482378e+01,5.679295872974e-02
-4.613449019228e-01,2.239800760646e+00,6.590364490480e-02
-4.612861568254e-01,5.032577869107e+00,6.590194469057e-02
-4.611699135748e-01,7.441014797593e+00,6.568651628399e-02
-4.609885299754e-01,2.272003376975e+00,6.588698669461e-02
-4.608437578701e-01,8.299214491884e+00,6.558926578106e-02
-4.606339886263e-01,5.506704078385e+00,6.583114284274e-02
-4.606321580281e-01,2.304205993303e+00,6.587031111110e-02
-4.603603609548e-01,9.317293213808e+00,6.547039973697e-02
-4.603421232455e-01,1.034819617440e+01,5.869058614021e-02
-4.602757860807e-01,2.336408609632e+00,6.585361812714e-02
-4.599304460794e-01,6.679114556647e+00,6.570045844749e-02
-4.599194141334e-01,2.368611225961e+00,6.583690771559e-02
-4.598888435509e-01,6.044963265747e+00,6.575150307352e-02
-4.597005321449e-01,7.409346398299e+00,6.561779449413e-02
-4.595630421860e-01,2.400813842289e+00,6.582017984920e-02
-4.594913432408e-01,8.267519028956e+00,6.552577771035e-02
-4.593502610451e-01,5.001030846269e+00,6.581107357648e-02
-4.592066702386e-01,2.433016458617e+00,6.580343450070e-02
-4.591760313787e-01,1.032320752502e+01,6.042081933377e-02
-4.591250361773e-01,9.285572000657e+00,6.541217134831e-02
-4.588502982913e-01,2.465219074946e+00,6.578667164276e-02
-4.588145062796e-01,5.475124744435e+00,6.574540216943e-02
-4.584939263439e-01,2.497421691274e+00,6.576989124796e-02
-4.583442270193e-01,6.647474533810e+00,6.562623798651e-02
-4.582311507150e-01,7.377677999005e+00,6.554878685827e-02
-4.581859221475e-01,6.013352931573e+00,6.567094614546e-02
-4.581389286114e-01,8.235823566028e+00,6.546204552587e-02
-4.581375543966e-01,2.529624307603e+00,6.575309328888e-02
-4.580099395119e-01,1.029821887563e+01,6.200483164148e-02
-4.578897113999e-01,9.253850787505e+00,6.535373773136e-02
-4.577811824492e-01,2.561826923931e+00,6.573627773798e-02
-4.574248105018e-01,2.594029540260e+00,6.571944456771e-02
-4.574143652649e-01,4.969483823432e+00,6.571969698987e-02
-4.570684385545e-01,2.626232156588e+00,6.570259375044e-02
-4.569950239328e-01,5.443545410485e+00,6.565921065539e-02
-4.568438476451e-01,1.027323022625e+01,6.346037031990e-02
-4.567865139821e-01,8.204128103100e+00,6.539806787659e-02
-4.567617692851e-01,7.346009599712e+00,6.547949167624e-02
-4.567580079593e-01,6.615834510972e+00,6.555168544473e-02
-4.567120666071e-01,2.658434772917e+00,6.568572525850e-02
-4.566543866224e-01,9.222129574354e+00,6.529509783918e-02
-4.564830007441e-01,5.981742597398e+00,6.558999084585e-02
-4.563556946598e-01,2.690637389245e+00,6.566883906413e-02
-4.559993227124e-01,2.722840005574e+00,6.565193513954e-02
-4.556777557784e-01,1.024824157687e+01,6.480242258667e-02
-4.556429507650e-01,2.755042621903e+00,6.563501345688e-02
-4.554784694846e-01,4.937936800594e+00,6.562781088021e-02
-4.554340993527e-01,8.172432640172e+00,6.533384340217e-02
-4.554190618450e-01,9.190408361202e+00,6.523625061810e-02
-4.552923878552e-01,7.314341200418e+00,6.540990723547e-02
-4.552865788177e-01,2.787245238231e+00,6.561807398822e-02
-4.551755415860e-01,5.411966076534e+00,6.557256486100e-02
-4.551717888993e-01,6.584194488135e+00,6.547637699855e-02
-4.549302068703e-01,2.819447854560e+00,6.560111670560e-02
-4.547800793407e-01,5.950132263223e+00,6.550863429906e-02
-4.545738349229e-01,2.851650470888e+00,6.558414158098e-02
-4.545116639116e-01,1.022325292749e+01,6.604373209676e-02
-4.542174629756e-01,2.883853087217e+00,6.556714858627e-02
-4.541837370675e-01,9.158687148050e+00,6.517719500767e-02
-4.540816847234e-01,8.140737177244e+00,6.526937073292e-02
-4.538610910282e-01,2.916055703546e+00,6.555013769333e-02
-4.538230064253e-01,7.282672801123e+00,6.534003181088e-02
-4.535855698392e-01,6.552554465298e+00,6.540019432350e-02
-4.535425737043e-01,4.906389777757e+00,6.553541115654e-02
-4.535047190808e-01,2.948258319874e+00,6.553310887393e-02
-4.533560592392e-01,5.380386742584e+00,6.548546131348e-02
-4.533455720448e-01,1.019826427811e+01,6.719520362681e-02
-4.531483471335e-01,2.980460936203e+00,6.551606209982e-02
-4.530771579373e-01,5.918521929049e+00,6.542687360290e-02
-4.529484122901e-01,9.126965934899e+00,6.511792994067e-02
-4.527919751861e-01,3.012663552532e+00,6.549899734267e-02
-4.527292700940e-01,8.109041714316e+00,6.520464848969e-02
-4.524356032387e-01,3.044866168860e+00,6.548191457408e-02
-4.523536249954e-01,7.251004401830e+00,6.526986366478e-02
-4.521794801780e-01,1.017327562872e+01,6.826622321516e-02
-4.520792312914e-01,3.077068785189e+00,6.546481376561e-02
-4.519993507792e-01,6.520914442460e+00,6.532365745806e-02
-4.517228593440e-01,3.109271401518e+00,6.544769488876e-02
-4.517130875126e-01,9.095244721747e+00,6.505845434294e-02
-4.516066779240e-01,4.874842754919e+00,6.544249368700e-02
-4.515365768925e-01,5.348807408634e+00,6.539789650653e-02
-4.513768554647e-01,8.077346251388e+00,6.513967528382e-02
-4.513742365338e-01,5.886911594874e+00,6.534470582837e-02
-4.513664873966e-01,3.141474017846e+00,6.543055791496e-02
-4.510133883113e-01,1.014828697934e+01,6.926491367045e-02
-4.510101154493e-01,3.173676634175e+00,6.541340281556e-02
-4.508842435655e-01,7.219336002536e+00,6.519940104681e-02
-4.506537435019e-01,3.205879250504e+00,6.539622956191e-02
-4.504777627352e-01,9.063523508596e+00,6.499876713346e-02
-4.504131317192e-01,6.489274419623e+00,6.524676398755e-02
-4.502973715546e-01,3.238081866832e+00,6.537903812523e-02
-4.500244408353e-01,8.045650788460e+00,6.507444971707e-02
-4.499409996072e-01,3.270284483161e+00,6.536182847672e-02
-4.498472964445e-01,1.012329832996e+01,7.019834017599e-02
-4.497170945457e-01,5.317228074683e+00,6.530986689999e-02
-4.496713151304e-01,5.855301260699e+00,6.526212801939e-02
-4.496707821437e-01,4.843295732081e+00,6.534905429845e-02
-4.495846276598e-01,3.302487099489e+00,6.534460058752e-02
-4.494148621356e-01,7.187667603242e+00,6.512864219380e-02
-4.492424379577e-01,9.031802295444e+00,6.493886722423e-02
-4.492282557125e-01,3.334689715818e+00,6.532735442869e-02
-4.488718837651e-01,3.366892332147e+00,6.531008997123e-02
-4.488269126591e-01,6.457634396786e+00,6.516951147609e-02
-4.486812045777e-01,1.009830968058e+01,7.107267700288e-02
-4.486720262060e-01,8.013955325532e+00,6.500897038153e-02
-4.485155118177e-01,3.399094948475e+00,6.529280718611e-02
-4.481591398704e-01,3.431297564804e+00,6.527550604418e-02
-4.480071131803e-01,9.000081082292e+00,6.487875352024e-02
-4.479683937270e-01,5.823690926525e+00,6.517913719248e-02
-4.479454807057e-01,7.155999203948e+00,6.505758532967e-02
-4.478976121990e-01,5.285648740733e+00,6.522136891943e-02
-4.478027679230e-01,3.463500181133e+00,6.525818651630e-02
-4.477348863634e-01,4.811748709244e+00,6.525508877598e-02
-4.475151127109e-01,1.007332103119e+01,7.083575851298e-02
-4.474463959756e-01,3.495702797461e+00,6.524084857320e-02
-4.473196115767e-01,7.982259862604e+00,6.494323585958e-02
-4.472406935991e-01,6.425994373948e+00,6.509189746636e-02
-4.470900240283e-01,3.527905413790e+00,6.522349218560e-02
-4.467717884028e-01,8.968359869141e+00,6.481842491941e-02
-4.467336520809e-01,3.560108030119e+00,6.520611732413e-02
-4.464760992758e-01,7.124330804654e+00,6.498622866539e-02
-4.463772801335e-01,3.592310646447e+00,6.518872395936e-02
-4.463490208442e-01,1.004833238181e+01,7.023072469298e-02
-4.462733902661e-01,1.562500050003e-02,7.362861929608e-02
-4.462733902661e-01,4.687500150008e-02,7.300816036899e-02
-4.462733902661e-01,7.812500250012e-02,7.234253592223e-02
-4.462733902661e-01,2.343750075005e-01,6.887589166035e-02
-4.462733902661e-01,2.968750095005e-01,6.758140660996e-02
-4.462733902661e-01,3.281250105004e-01,6.699525247858e-02
-4.462733902661e-01,3.593750115003e-01,6.646728743729e-02
-4.462733902661e-01,3.906250125002e-01,6.601113570795e-02
-4.462733902661e-01,4.218750135001e-01,6.563992038569e-02
-4.462733902661e-01,4.531250145001e-01,6.536531710904e-02
-4.462733902661e-01,4.843750155000e-01,6.519657320720e-02
-4.462733902661e-01,5.781250184998e-01,6.513964010566e-02
-4.462733902661e-01,7.031250224995e-01,6.513964010566e-02
-4.462733902661e-01,7.343750234995e-01,6.513964010566e-02
-4.462733902661e-01,7.656250244995e-01,6.513964010566e-02
-4.462733902661e-01,7.968750254995e-01,6.513964010566e-02
-4.462733902661e-01,8.281250264996e-01,6.513964010566e-02
-4.462733902661e-01,1.093750035002e-01,7.165401065582e-02
-4.462733902661e-01,2.031250065004e-01,6.956066850962e-02
-4.462733902661e-01,2.656250085005e-01,6.821242683436e-02
-4.462733902661e-01,5.156250165000e-01,6.513964010566e-02
-4.462733902661e-01,5.468750174999e-01,6.513964010566e-02
-4.462733902661e-01,6.093750194997e-01,6.513964010566e-02
-4.462733902661e-01,6.406250204997e-01,6.513964010566e-02
-4.462733902661e-01,6.718750214996e-01,6.513964010566e-02
-4.462733902661e-01,9.531250305000e-01,6.513964010566e-02
-4.462733902661e-01,9.843750315000e-01,6.513964010566e-02
-4.462733902661e-01,1.406250045003e-01,7.095710495208e-02
-4.462733902661e-01,1.718750055004e-01,7.025711084128e-02
-4.462733902661e-01,8.593750274997e-01,6.513964010566e-02
-4.462733902661e-01,9.218750294999e-01,6.513964010566e-02
-4.462733902661e-01,8.906250284999e-01,6.513964010566e-02
-4.462654723236e-01,5.792080592350e+00,6.509573033647e-02
-4.461060034423e-01,1.016101340164e+00,6.513145605839e-02
-4.460781298522e-01,5.254069406782e+00,6.513239895580e-02
-4.460209081862e-01,3.624513262776e+00,6.517131206180e-02
-4.459671969473e-01,7.950564399676e+00,6.487724472378e-02
-4.457989905831e-01,4.780201686406e+00,6.516059286245e-02
-4.457712297948e-01,1.048303956493e+00,6.511507568022e-02
-4.456645362388e-01,3.656715879105e+00,6.515388160191e-02
-4.456544745391e-01,6.394354351111e+00,6.501391947939e-02
-4.455364636254e-01,8.936638655989e+00,6.475788031254e-02
-4.454364561473e-01,1.080506572821e+00,6.509867890342e-02
-4.453081642914e-01,3.688918495433e+00,6.513643255008e-02
-4.451829289774e-01,1.002334373243e+01,6.962123559343e-02
-4.451016824998e-01,1.112709189150e+00,6.508226570343e-02
-4.450067178459e-01,7.092662405360e+00,6.491457039884e-02
-4.449517923441e-01,3.721121111762e+00,6.511896487662e-02
-4.447669088523e-01,1.144911805478e+00,6.506583605564e-02
-4.446147823179e-01,7.918868936748e+00,6.481099553685e-02
-4.445954203967e-01,3.753323728091e+00,6.510147855179e-02
-4.445625509202e-01,5.760470258176e+00,6.501190441225e-02
-4.444321352047e-01,1.177114421807e+00,6.504938993537e-02
-4.443011388479e-01,8.904917442837e+00,6.469711858329e-02
-4.442586475054e-01,5.222490072832e+00,6.504295336509e-02
-4.442390484494e-01,3.785526344419e+00,6.508397354580e-02
-4.440973615572e-01,1.209317038135e+00,6.503292731792e-02
-4.440682554791e-01,6.362714328273e+00,6.493557501435e-02
-4.440168371107e-01,9.998355083049e+00,6.901086518013e-02
-4.438826765020e-01,3.817728960748e+00,6.506644982877e-02
-4.438630948029e-01,4.748654663569e+00,6.506556225808e-02
-4.437625879097e-01,1.241519654464e+00,6.501644817851e-02
-4.435373364160e-01,7.060994006067e+00,6.484260871469e-02
-4.435263045546e-01,3.849931577077e+00,6.504890737078e-02
-4.434278142622e-01,1.273722270792e+00,6.499995249234e-02
-4.432623676886e-01,7.887173473821e+00,6.474448685153e-02
-4.431699326073e-01,3.882134193405e+00,6.503134614183e-02
-4.430930406146e-01,1.305924887121e+00,6.498344023455e-02
-4.430658140704e-01,8.873196229685e+00,6.463613860808e-02
-4.428596295168e-01,5.728859924001e+00,6.492765635241e-02
-4.428507452439e-01,9.973366433667e+00,6.840391464519e-02
-4.428135606599e-01,3.914336809734e+00,6.501376611187e-02
-4.427582669671e-01,1.338127503449e+00,6.496691138021e-02
-4.424820364190e-01,6.331074305436e+00,6.485686154828e-02
-4.424571887125e-01,3.946539426063e+00,6.499616725076e-02
-4.424391651587e-01,5.190910738882e+00,6.495302846788e-02
-4.424234933196e-01,1.370330119778e+00,6.495036590437e-02
-4.421008167652e-01,3.978742042391e+00,6.497854952834e-02
-4.420887196721e-01,1.402532736106e+00,6.493380378202e-02
-4.420679549861e-01,7.029325606773e+00,6.477034178439e-02
-4.419271990226e-01,4.717107640731e+00,6.496999262000e-02
-4.419099530592e-01,7.855478010893e+00,6.467771721057e-02
-4.418304892930e-01,8.841475016534e+00,6.457493925606e-02
-4.417539460245e-01,1.434735352435e+00,6.491722498808e-02
-4.417444448178e-01,4.010944658720e+00,6.496091291433e-02
-4.416846533771e-01,9.948377784285e+00,6.780546429016e-02
-4.414191723770e-01,1.466937968764e+00,6.490062949745e-02
-4.413880728705e-01,4.043147275049e+00,6.494325737843e-02
-4.411567081134e-01,5.697249589826e+00,6.484298306097e-02
-4.410843987295e-01,1.499140585092e+00,6.488401728497e-02
-4.410317009231e-01,4.075349891377e+00,6.492558289026e-02
-4.408958173590e-01,6.299434282598e+00,6.477777653592e-02
-4.407496250820e-01,1.531343201420e+00,6.486738832541e-02
-4.406753289757e-01,4.107552507706e+00,6.490788941937e-02
-4.406196828119e-01,5.159331404931e+00,6.486262054901e-02
-4.405985735562e-01,6.997657207480e+00,6.469776776596e-02
-4.405951645155e-01,8.809753803382e+00,6.451351938909e-02
-4.405575384299e-01,7.823782547965e+00,6.461068514663e-02
-4.405185615104e-01,9.923389134903e+00,6.722139935569e-02
-4.404148514345e-01,1.563545817749e+00,6.485074259351e-02
-4.403189570283e-01,4.139755124035e+00,6.489017693525e-02
-4.400800777869e-01,1.595748434077e+00,6.483408006396e-02
-4.399913032423e-01,4.685560617894e+00,6.487387956172e-02
-4.399625850810e-01,4.171957740363e+00,6.487244540732e-02
-4.397453041394e-01,1.627951050406e+00,6.481740071138e-02
-4.396062131336e-01,4.204160356692e+00,6.485469480495e-02
-4.394537867099e-01,5.665639255651e+00,6.475788141310e-02
-4.394105304919e-01,1.660153666734e+00,6.480070451037e-02
-4.393598397381e-01,8.778032590231e+00,6.445187786164e-02
-4.393524696436e-01,9.898400485521e+00,6.665839691797e-02
-4.393095982990e-01,6.267794259761e+00,6.469831740942e-02
-4.392498411863e-01,4.236362973020e+00,6.483692509741e-02
-4.392051238005e-01,7.792087085037e+00,6.454338918218e-02
-4.391291921264e-01,6.965988808186e+00,6.462488480398e-02
-4.390757568444e-01,1.692356283063e+00,6.478399143545e-02
-4.388934692389e-01,4.268565589349e+00,6.481913625395e-02
-4.388002004651e-01,5.127752070981e+00,6.477172585722e-02
-4.387409831968e-01,1.724558899391e+00,6.476726146110e-02
-4.385370972915e-01,4.300768205678e+00,6.480132824372e-02
-4.384062095493e-01,1.756761515720e+00,6.475051456174e-02
-4.381863777769e-01,9.873411836139e+00,6.612385966774e-02
-4.381807253442e-01,4.332970822006e+00,6.478350103581e-02
-4.381245149606e-01,8.746311377079e+00,6.439001352076e-02
-4.380714359018e-01,1.788964132048e+00,6.473375071176e-02
-4.380554074620e-01,4.654013595056e+00,6.477721865274e-02
-4.378527091712e-01,7.760391622109e+00,6.447582782947e-02
-4.378243533968e-01,4.365173438335e+00,6.476565459925e-02
-4.377508653065e-01,5.634028921477e+00,6.467234825475e-02
-4.377366622543e-01,1.821166748377e+00,6.471696988547e-02
-4.377233792390e-01,6.236154236924e+00,6.461848157816e-02
-4.376598106965e-01,6.934320408892e+00,6.455169102945e-02
-4.374679814494e-01,4.397376054664e+00,6.474778890300e-02
-4.374018886068e-01,1.853369364705e+00,6.470017205716e-02
-4.371116095021e-01,4.429578670992e+00,6.472990391596e-02
-4.370671149592e-01,1.885571981034e+00,6.468335720104e-02
-4.370202859101e-01,9.848423186757e+00,6.562578282778e-02
-4.369807181184e-01,5.096172737031e+00,6.468034060467e-02
-4.368891901832e-01,8.714590163927e+00,6.432792520604e-02
-4.367552375547e-01,4.461781287321e+00,6.471199960694e-02
-4.367323413117e-01,1.917774597362e+00,6.466652529127e-02
-4.365002945418e-01,7.728696159181e+00,6.440799959046e-02
-4.363988656073e-01,4.493983903650e+00,6.469407594473e-02
-4.363975676642e-01,1.949977213690e+00,6.464967630198e-02
-4.361904292666e-01,6.902652009599e+00,6.447818455970e-02
-4.361371601789e-01,6.204514214087e+00,6.453826642848e-02
-4.361195116817e-01,4.622466572219e+00,6.468000541804e-02
-4.360627940167e-01,1.982179830019e+00,6.463281020722e-02
-4.360479439031e-01,5.602418587302e+00,6.458638040240e-02
-4.360424936600e-01,4.526186519978e+00,6.467613289799e-02
-4.358541940433e-01,9.823434537375e+00,6.517254362563e-02
-4.357280203691e-01,2.014382446347e+00,6.461592698102e-02
-4.356861217126e-01,4.558389136307e+00,6.465817043536e-02
-4.356538654057e-01,8.682868950775e+00,6.426561174952e-02
-4.353932467216e-01,2.046585062676e+00,6.459902659733e-02
-4.353297497653e-01,4.590591752636e+00,6.464018852540e-02
-4.351612357716e-01,5.064593403080e+00,6.458846096665e-02
-4.351478799125e-01,7.697000696254e+00,6.433990295668e-02
-4.350584730741e-01,2.078787679004e+00,6.458210903004e-02
-4.347236994266e-01,2.110990295332e+00,6.456517425303e-02
-4.347210478367e-01,6.870983610305e+00,6.440436349830e-02
-4.346881021766e-01,9.798445887993e+00,6.477260944674e-02
-4.345509411189e-01,6.172874191249e+00,6.445766932345e-02
-4.344185406283e-01,8.651147737624e+00,6.420307197567e-02
-4.343889257790e-01,2.143192911661e+00,6.454822224008e-02
-4.343450224997e-01,5.570808253127e+00,6.449997464271e-02
-4.340541521315e-01,2.175395527990e+00,6.453125296494e-02
-4.337954652831e-01,7.665305233326e+00,6.427153640923e-02
-4.337193784840e-01,2.207598144318e+00,6.451426640130e-02
-4.335220103098e-01,9.773457238611e+00,6.443417130038e-02
-4.333846048365e-01,2.239800760646e+00,6.449726252281e-02
-4.333417534248e-01,5.033014069130e+00,6.449608308112e-02
-4.332516664068e-01,6.839315211011e+00,6.433022593493e-02
-4.331832158508e-01,8.619426524472e+00,6.414030470134e-02
-4.330498311890e-01,2.272003376975e+00,6.448024130305e-02
-4.329647220589e-01,6.141234168412e+00,6.437668760262e-02
-4.327150575415e-01,2.304205993303e+00,6.446320271556e-02
-4.326421010963e-01,5.539197918953e+00,6.441312773223e-02
-4.324430506538e-01,7.633609770398e+00,6.420289841866e-02
-4.323802838939e-01,2.336408609632e+00,6.444614673380e-02
-4.323559184430e-01,9.748468589229e+00,6.416472272881e-02
-4.320455102464e-01,2.368611225961e+00,6.442907333121e-02
-4.319478910734e-01,8.587705311320e+00,6.407730873569e-02
-4.317822849769e-01,6.807646811717e+00,6.425502869144e-02
-4.317107365989e-01,2.400813842289e+00,6.441198248116e-02
-4.315222710781e-01,5.001434735180e+00,6.440320304835e-02
-4.313785029989e-01,6.109594145574e+00,6.429531858182e-02
-4.313759629514e-01,2.433016458617e+00,6.439487415695e-02
-4.311898265763e-01,9.723479939847e+00,6.397061857500e-02
-4.310906360245e-01,7.601914307470e+00,6.413398744492e-02
-4.310411893038e-01,2.465219074946e+00,6.437774833186e-02
-4.309391796929e-01,5.507587584778e+00,6.432583639706e-02
-4.307125662959e-01,8.555984098168e+00,6.401408288012e-02
-4.307064156563e-01,2.497421691274e+00,6.436060497909e-02
-4.303716420088e-01,2.529624307603e+00,6.434344407179e-02
-4.303129035471e-01,6.775978412423e+00,6.417927442308e-02
-4.300368683613e-01,2.561826923932e+00,6.432626558307e-02
-4.300237347095e-01,9.698491290465e+00,6.385672488203e-02
-4.297922839388e-01,6.077954122737e+00,6.421355955283e-02
-4.297382213951e-01,7.570218844542e+00,6.406480193725e-02
-4.297027887313e-01,4.969855401229e+00,6.430981693047e-02
-4.297020947137e-01,2.594029540260e+00,6.430906948595e-02
-4.294772415185e-01,8.524262885017e+00,6.395062592826e-02
-4.293673210662e-01,2.626232156588e+00,6.429185575343e-02
-4.292362582894e-01,5.475977250604e+00,6.423809733252e-02
-4.290325474187e-01,2.658434772917e+00,6.427462435844e-02
-4.288816297782e-01,9.670124141071e+00,6.379969654732e-02
-4.288435221172e-01,6.744310013130e+00,6.410318236350e-02
-4.286977737712e-01,2.690637389245e+00,6.425737527386e-02
-4.283858067658e-01,7.538523381614e+00,6.399534033416e-02
-4.283630001237e-01,2.722840005574e+00,6.424010847250e-02
-4.282419167410e-01,8.492541671865e+00,6.388693666587e-02
-4.282060648788e-01,6.046314099900e+00,6.413140778324e-02
-4.280282264761e-01,2.755042621903e+00,6.422282392714e-02
-4.278833063845e-01,4.938276067279e+00,6.421592075111e-02
-4.277635117825e-01,9.638378491665e+00,6.374170642893e-02
-4.276934528286e-01,2.787245238231e+00,6.420552161049e-02
-4.275333368860e-01,5.444366916429e+00,6.414990720285e-02
-4.273741406873e-01,6.712641613836e+00,6.402675029998e-02
-4.273586791811e-01,2.819447854560e+00,6.418820149519e-02
-4.270333921364e-01,7.506827918686e+00,6.392560106329e-02
-4.270239055336e-01,2.851650470888e+00,6.417086355384e-02
-4.270065919636e-01,8.460820458713e+00,6.382301387085e-02
-4.266891318860e-01,2.883853087217e+00,6.415350775899e-02
-4.266453937867e-01,9.606632842259e+00,6.368359516969e-02
-4.266198458188e-01,6.014674077062e+00,6.404886051608e-02
-4.263543582385e-01,2.916055703546e+00,6.413613408311e-02
-4.260638240378e-01,4.906696733328e+00,6.412151049499e-02
-4.260195845910e-01,2.948258319874e+00,6.411874249865e-02
-4.259047592574e-01,6.680973214542e+00,6.394997600109e-02
-4.258304154826e-01,5.412756582254e+00,6.406126264086e-02
-4.257712671861e-01,8.429099245562e+00,6.375885631308e-02
-4.256848109435e-01,2.980460936203e+00,6.410133297796e-02
-4.256809775071e-01,7.475132455758e+00,6.385558254137e-02
-4.255272757910e-01,9.574887192853e+00,6.362529009072e-02
-4.255125048616e-01,1.067697066879e+01,6.608629151424e-06
-4.253500372960e-01,3.012663552532e+00,6.408390549336e-02
-4.250336267588e-01,5.983034054225e+00,6.396591496968e-02
-4.250152636484e-01,3.044866168860e+00,6.406646001712e-02
-4.246804900009e-01,3.077068785189e+00,6.404899652143e-02
-4.245359424087e-01,8.397378032410e+00,6.369446275448e-02
-4.244690756937e-01,1.065197638468e+01,1.009355096276e-02
-4.244353778275e-01,6.649304815248e+00,6.387285721651e-02
-4.244091577952e-01,9.543141543447e+00,6.356679025817e-02
-4.243457163534e-01,3.109271401518e+00,6.403151497842e-02
-4.243285628777e-01,7.443436992830e+00,6.378528317413e-02
-4.242443416910e-01,4.875117399378e+00,6.402658210747e-02
-4.241274940792e-01,5.381146248079e+00,6.397216024762e-02
-4.240109427058e-01,3.141474017846e+00,6.401401536020e-02
-4.236761690583e-01,3.173676634175e+00,6.399649763879e-02
-4.234474076987e-01,5.951394031388e+00,6.388256833732e-02
-4.234256465259e-01,1.062698210057e+01,1.830316317860e-02
-4.233413954108e-01,3.205879250504e+00,6.397896178616e-02
-4.233006176312e-01,8.365656819258e+00,6.362983194888e-02
-4.232910397995e-01,9.511395894041e+00,6.350809473256e-02
-4.230066217633e-01,3.238081866832e+00,6.396140777421e-02
-4.229761482484e-01,7.411741529902e+00,6.371470135625e-02
-4.229659963976e-01,6.617636415954e+00,6.379539167681e-02
-4.226718481157e-01,3.270284483161e+00,6.394383557482e-02
-4.224248593442e-01,4.843538065428e+00,6.393113149416e-02
-4.224245726758e-01,5.349535913905e+00,6.388259659207e-02
-4.223822173580e-01,1.060198781646e+01,2.511108338304e-02
-4.223370744682e-01,3.302487099490e+00,6.392624515976e-02
-4.221729218037e-01,9.479650244634e+00,6.344920256873e-02
-4.220652928538e-01,8.333935606107e+00,6.356496264199e-02
-4.220023008207e-01,3.334689715818e+00,6.390863650078e-02
-4.218611886387e-01,5.919754008550e+00,6.379881778703e-02
-4.216675271732e-01,3.366892332147e+00,6.389100956956e-02
-4.216237336190e-01,7.380046066975e+00,6.364383547125e-02
-4.214966149677e-01,6.585968016660e+00,6.371757709327e-02
-4.213387881902e-01,1.057699353236e+01,3.084790645809e-02
-4.213327535256e-01,3.399094948475e+00,6.387336433772e-02
-4.210548038080e-01,9.447904595228e+00,6.339011281586e-02
-4.209979798781e-01,3.431297564804e+00,6.385570077682e-02
-4.208299680763e-01,8.302214392955e+00,6.349985357133e-02
-4.207216512724e-01,5.317925579730e+00,6.379256821077e-02
-4.206632062306e-01,3.463500181133e+00,6.383801885836e-02
-4.206053769975e-01,4.811958731477e+00,6.383515452052e-02
-4.203284325831e-01,3.495702797461e+00,6.382031855380e-02
-4.202953590224e-01,1.055199924825e+01,3.574784282580e-02
-4.202749695787e-01,5.888113985713e+00,6.371466046131e-02
-4.202713189897e-01,7.348350604047e+00,6.357268389141e-02
-4.200272335378e-01,6.554299617367e+00,6.363941115769e-02
-4.199936589356e-01,3.527905413790e+00,6.380259983450e-02
-4.199366858122e-01,9.416158945822e+00,6.333082451735e-02
-4.196588852880e-01,3.560108030119e+00,6.378486267180e-02
-4.195946432989e-01,8.270493179803e+00,6.343450346620e-02
-4.193241116405e-01,3.592310646447e+00,6.376710703697e-02
-4.192519298545e-01,1.052700496414e+01,3.998145811194e-02
-4.190187298689e-01,5.286315245555e+00,6.370207160746e-02
-4.189893379930e-01,3.624513262776e+00,6.374933290121e-02
-4.189189043603e-01,7.316655141119e+00,6.350124497772e-02
-4.188185678164e-01,9.384413296416e+00,6.327133671082e-02
-4.187858946507e-01,4.780379397527e+00,6.373864701138e-02
-4.186887505186e-01,5.856473962876e+00,6.363009347684e-02
-4.186545643455e-01,3.656715879105e+00,6.373154023566e-02
-4.185578521079e-01,6.522631218073e+00,6.356089154220e-02
-4.183593185214e-01,8.238771966651e+00,6.336891104761e-02
-4.183197906979e-01,3.688918495433e+00,6.371372901141e-02
-4.182085006867e-01,1.050201068003e+01,4.367591662029e-02
-4.179850170504e-01,3.721121111762e+00,6.369589919949e-02
-4.177004498207e-01,9.352667647009e+00,6.321164842811e-02
-4.176502434029e-01,3.753323728091e+00,6.367805077087e-02
-4.175664897310e-01,7.284959678191e+00,6.342951707978e-02
-4.174815586360e-01,3.281250105004e-01,6.576797740896e-02
-4.174815586360e-01,3.593750115003e-01,6.516148200112e-02
-4.174815586360e-01,1.562500050003e-02,7.306479362869e-02
-4.174815586360e-01,4.687500150008e-02,7.239309256510e-02
-4.174815586360e-01,7.812500250012e-02,7.170929006850e-02
-4.174815586360e-01,2.343750075005e-01,6.789770602284e-02
-4.174815586360e-01,2.656250085005e-01,6.715155408155e-02
-4.174815586360e-01,2.968750095005e-01,6.643673265407e-02
-4.174815586360e-01,3.906250125002e-01,6.463418013468e-02
-4.174815586360e-01,4.218750135001e-01,6.420271090166e-02
-4.174815586360e-01,5.156250165000e-01,6.361775203895e-02
-4.174815586360e-01,5.468750174999e-01,6.361775203895e-02
-4.174815586360e-01,6.406250204997e-01,6.361775203895e-02
-4.174815586360e-01,8.281250264996e-01,6.361775203895e-02
-4.174815586360e-01,8.593750274997e-01,6.361775203895e-02
-4.174815586360e-01,9.843750315000e-01,6.361775203895e-02
-4.174815586360e-01,1.093750035002e-01,7.096825672339e-02
-4.174815586360e-01,2.031250065004e-01,6.866232031699e-02
-4.174815586360e-01,4.531250145001e-01,6.388213137825e-02
-4.174815586360e-01,4.843750155000e-01,6.368452799691e-02
-4.174815586360e-01,5.781250184998e-01,6.361775203895e-02
-4.174815586360e-01,6.093750194997e-01,6.361775203895e-02
-4.174815586360e-01,6.718750214996e-01,6.361775203895e-02
-4.174815586360e-01,7.031250224995e-01,6.361775203895e-02
-4.174815586360e-01,7.343750234995e-01,6.361775203895e-02
-4.174815586360e-01,7.656250244994e-01,6.361775203895e-02
-4.174815586360e-01,7.968750254995e-01,6.361775203895e-02
-4.174815586360e-01,9.531250305000e-01,6.361775203895e-02
-4.174815586360e-01,1.406250045003e-01,7.020553606596e-02
-4.174815586360e-01,1.718750055004e-01,6.943454990847e-02
-4.174815586360e-01,8.906250284999e-01,6.361775203895e-02
-4.174815586360e-01,9.218750294999e-01,6.361775203895e-02
-4.173249709622e-01,1.016101340164e+00,6.360938697542e-02
-4.173158084655e-01,5.254704911381e+00,6.361110325279e-02
-4.173154697554e-01,3.785526344419e+00,6.366018369644e-02
-4.171650715188e-01,1.047701639592e+01,4.692796032864e-02
-4.171239937440e-01,8.207050753500e+00,6.330307502821e-02
-4.171025314586e-01,5.824833940038e+00,6.354511392427e-02
-4.170884706780e-01,6.490962818779e+00,6.348201589906e-02
-4.170117956145e-01,1.048303956493e+00,6.359264459015e-02
-4.169806961078e-01,3.817728960748e+00,6.364229794706e-02
-4.169664123039e-01,4.748800063577e+00,6.364160475059e-02
-4.166986202668e-01,1.080506572821e+00,6.357588584067e-02
-4.166459224603e-01,3.849931577077e+00,6.362439349350e-02
-4.165823318249e-01,9.320921997603e+00,6.315175869516e-02
-4.163854449191e-01,1.112709189150e+00,6.355911070304e-02
-4.163111488128e-01,3.882134193405e+00,6.360647030649e-02
-4.162140751016e-01,7.253264215263e+00,6.335749853575e-02
-4.161216423510e-01,1.045202211182e+01,4.981249314865e-02
-4.160722695714e-01,1.144911805478e+00,6.354231915328e-02
-4.159763751653e-01,3.914336809734e+00,6.358852835669e-02
-4.158886689665e-01,8.175329540348e+00,6.323699411225e-02
-4.157590942238e-01,1.177114421807e+00,6.352551116736e-02
-4.156416015177e-01,3.946539426063e+00,6.357056761470e-02
-4.156190892481e-01,6.459294419485e+00,6.340278186044e-02
-4.156128870621e-01,5.223094577206e+00,6.351965958393e-02
-4.155163123986e-01,5.793193917201e+00,6.345971886789e-02
-4.154642138292e-01,9.289176348197e+00,6.309166653204e-02
-4.154459188761e-01,1.209317038135e+00,6.350868672119e-02
-4.153068278702e-01,3.978742042391e+00,6.355258805107e-02
-4.151469299572e-01,4.717220729626e+00,6.354402348053e-02
-4.151327435284e-01,1.241519654464e+00,6.349184579064e-02
-4.150782131832e-01,1.042702782771e+01,5.238841379558e-02
-4.149720542227e-01,4.010944658720e+00,6.353458963626e-02
-4.148616604723e-01,7.221568752335e+00,6.328518767221e-02
-4.148195681807e-01,1.273722270792e+00,6.347498835155e-02
-4.146533441891e-01,8.143608327196e+00,6.317066699552e-02
-4.146372805752e-01,4.043147275049e+00,6.351657234069e-02
-4.145063928330e-01,1.305924887121e+00,6.345811437969e-02
-4.143460958334e-01,9.257430698791e+00,6.303137095291e-02
-4.143025069276e-01,4.075349891377e+00,6.349853613472e-02
-4.141932174853e-01,1.338127503449e+00,6.344122385078e-02
-4.141497078183e-01,6.427626020191e+00,6.332318703827e-02
-4.140347840153e-01,1.040203354360e+01,5.470267393604e-02
-4.139677332801e-01,4.107552507706e+00,6.348048098864e-02
-4.139300933386e-01,5.761553894364e+00,6.337390534539e-02
-4.139099656587e-01,5.191484243031e+00,6.342773700423e-02
-4.138800421377e-01,1.370330119778e+00,6.342431674053e-02
-4.136329596326e-01,4.139755124035e+00,6.346240687267e-02
-4.135668667900e-01,1.402532736106e+00,6.340739302455e-02
-4.135092458430e-01,7.189873289408e+00,6.321258280416e-02
-4.134180194116e-01,8.111887114045e+00,6.310409236528e-02
-4.133274476104e-01,4.685641395676e+00,6.344589890171e-02
-4.132981859851e-01,4.171957740363e+00,6.344431375699e-02
-4.132536914423e-01,1.434735352435e+00,6.339045267843e-02
-4.132279778377e-01,9.225685049385e+00,6.297087096591e-02
-4.129913548475e-01,1.037703925949e+01,5.679316118663e-02
-4.129634123375e-01,4.204160356692e+00,6.342620161170e-02
-4.129405160946e-01,1.466937968764e+00,6.337349567773e-02
-4.126803263884e-01,6.395957620897e+00,6.324322902398e-02
-4.126286386900e-01,4.236362973020e+00,6.340807040683e-02
-4.126273407469e-01,1.499140585092e+00,6.335652199792e-02
-4.123438742786e-01,5.729913871526e+00,6.328767036759e-02
-4.123141653992e-01,1.531343201420e+00,6.333953161446e-02
-4.122938650425e-01,4.268565589349e+00,6.338992011238e-02
-4.122070442553e-01,5.159873908857e+00,6.333533188288e-02
-4.121826946342e-01,8.080165900893e+00,6.303726890022e-02
-4.121568312136e-01,7.158177826480e+00,6.313968223489e-02
-4.121098598419e-01,9.193939399979e+00,6.291016557321e-02
-4.120009900516e-01,1.563545817749e+00,6.332252450274e-02
-4.119590913950e-01,4.300768205678e+00,6.337175069825e-02
-4.119479256796e-01,1.035204497538e+01,5.869078569790e-02
-4.116878147039e-01,1.595748434077e+00,6.330550063810e-02
-4.116243177474e-01,4.332970822006e+00,6.335356213429e-02
-4.115079652636e-01,4.654062061725e+00,6.334722667231e-02
-4.113746393562e-01,1.627951050406e+00,6.328845999585e-02
-4.112895440999e-01,4.365173438335e+00,6.333535439030e-02
-4.112109449585e-01,6.364289221604e+00,6.316290538833e-02
-4.110614640085e-01,1.660153666734e+00,6.327140255123e-02
-4.109917418462e-01,9.162193750573e+00,6.284925377093e-02
-4.109547704524e-01,4.397376054664e+00,6.331712743599e-02
-4.109473698567e-01,8.048444687741e+00,6.297019527041e-02
-4.109044965118e-01,1.032705069127e+01,6.042101569991e-02
-4.108044165843e-01,7.126482363552e+00,6.306648425590e-02
-4.107576552185e-01,5.698273848689e+00,6.320101091812e-02
-4.107482886608e-01,1.692356283063e+00,6.325432827945e-02
-4.106199968049e-01,4.429578670992e+00,6.329888124104e-02
-4.105041228519e-01,5.128263574682e+00,6.324244055452e-02
-4.104351133131e-01,1.724558899391e+00,6.323723715566e-02
-4.102852231573e-01,4.461781287321e+00,6.328061577504e-02
-4.101219379655e-01,1.756761515720e+00,6.322012915496e-02
-4.099504495098e-01,4.493983903650e+00,6.326233100752e-02
-4.098736238504e-01,9.130448101167e+00,6.278813454907e-02
-4.098610673439e-01,1.030205640717e+01,6.200502462672e-02
-4.098087626178e-01,1.788964132048e+00,6.320300425241e-02
-4.097415635286e-01,6.332620822310e+00,6.308221368120e-02
-4.097120450793e-01,8.016723474589e+00,6.290287013720e-02
-4.096884829169e-01,4.622482727775e+00,6.324800240778e-02
-4.096156758623e-01,4.526186519978e+00,6.324402690795e-02
-4.094955872701e-01,1.821166748377e+00,6.318586242302e-02
-4.094520019549e-01,7.094786900624e+00,6.299242048810e-02
-4.092809022148e-01,4.558389136307e+00,6.322570344574e-02
-4.091824119224e-01,1.853369364705e+00,6.316870364173e-02
-4.091714361585e-01,5.666633825852e+00,6.311392395320e-02
-4.089461285672e-01,4.590591752636e+00,6.320736059021e-02
-4.088692365747e-01,1.885571981034e+00,6.315152788346e-02
-4.088176381761e-01,1.027706212306e+01,6.346055981101e-02
-4.088012014484e-01,5.096653240508e+00,6.314905931890e-02
-4.087555058547e-01,9.098702451761e+00,6.272680689154e-02
-4.085560612271e-01,1.917774597362e+00,6.313433512307e-02
-4.084767203018e-01,7.985002261438e+00,6.283529215320e-02
-4.082721820987e-01,6.300952423016e+00,6.300115143136e-02
-4.082428858794e-01,1.949977213690e+00,6.311712533535e-02
-4.080995873256e-01,7.063091437697e+00,6.291763745016e-02
-4.079297105317e-01,1.982179830019e+00,6.309989849508e-02
-4.077742090082e-01,1.025206783895e+01,6.480260852676e-02
-4.076373878589e-01,9.066956802355e+00,6.266526977607e-02
-4.076165351840e-01,2.014382446347e+00,6.308265457696e-02
-4.075852170985e-01,5.634993803014e+00,6.302640640130e-02
-4.073033598363e-01,2.046585062676e+00,6.306539355564e-02
-4.072413955244e-01,7.953281048286e+00,6.276745996222e-02
-4.070982800450e-01,5.065042906333e+00,6.305518444050e-02
-4.069901844886e-01,2.078787679004e+00,6.304811540573e-02
-4.068028006688e-01,6.269284023723e+00,6.291971614627e-02
-4.067471726963e-01,7.031395974769e+00,6.284253684606e-02
-4.067307798404e-01,1.022707355484e+01,6.604391447063e-02
-4.066770091410e-01,2.110990295332e+00,6.303082010180e-02
-4.065192698632e-01,9.035211152948e+00,6.260352217417e-02
-4.063638337933e-01,2.143192911661e+00,6.301350761835e-02
-4.060506584456e-01,2.175395527990e+00,6.299617792982e-02
-4.060060707469e-01,7.921559835134e+00,6.269937219920e-02
-4.059989980384e-01,5.603353780177e+00,6.293845516290e-02
-4.057374830979e-01,2.207598144318e+00,6.297883101064e-02
-4.056873506725e-01,1.020207927073e+01,6.719538245002e-02
-4.054243077502e-01,2.239800760646e+00,6.296146683516e-02
-4.054011518674e-01,9.003465503542e+00,6.254156305113e-02
-4.053953586416e-01,5.033432572158e+00,6.296081214821e-02
-4.053947580669e-01,6.999700511842e+00,6.276711669097e-02
-4.053334192389e-01,6.237615624429e+00,6.283790531188e-02
-4.051111324025e-01,2.272003376975e+00,6.294408537768e-02
-4.047979570549e-01,2.304205993303e+00,6.292668661244e-02
-4.047707459695e-01,7.889838621983e+00,6.263102749014e-02
-4.046439215047e-01,1.017708498662e+01,6.826639852586e-02
-4.044847817072e-01,2.336408609632e+00,6.290927051367e-02
-4.044127789784e-01,5.571713757340e+00,6.285006711016e-02
-4.042830338716e-01,8.971719854136e+00,6.247939136593e-02
-4.041716063595e-01,2.368611225961e+00,6.289183705550e-02
-4.040423434376e-01,6.968005048914e+00,6.269137498399e-02
-4.038640378091e-01,6.205947225135e+00,6.275571639239e-02
-4.038584310118e-01,2.400813842289e+00,6.287438621204e-02
-4.036924372382e-01,5.001822237983e+00,6.286593863487e-02
-4.036004923368e-01,1.015209070252e+01,6.926508552320e-02
-4.035452556641e-01,2.433016458617e+00,6.285691795733e-02
-4.035354211920e-01,7.858117408831e+00,6.256242445208e-02
-4.032320803165e-01,2.465219074946e+00,6.283943226537e-02
-4.031649158759e-01,8.939974204730e+00,6.241700607124e-02
-4.029189049688e-01,2.497421691274e+00,6.282192911010e-02
-4.028265599184e-01,5.540073734502e+00,6.276123908665e-02
-4.026899288083e-01,6.936309585986e+00,6.261530970798e-02
-4.026057296211e-01,2.529624307603e+00,6.280440846542e-02
-4.025570631690e-01,1.012709641841e+01,7.019850863705e-02
-4.023946563792e-01,6.174278825841e+00,6.267314683005e-02
-4.023000964146e-01,7.826396195679e+00,6.249356169298e-02
-4.022925542734e-01,2.561826923932e+00,6.278687030516e-02
-4.020467978801e-01,8.908228555323e+00,6.235440611336e-02
-4.019895158348e-01,4.970211903809e+00,6.277056005700e-02
-4.019793789257e-01,2.594029540260e+00,6.276931460313e-02
-4.016662035780e-01,2.626232156588e+00,6.275174133303e-02
-4.015136340011e-01,1.010210213430e+01,7.038661286795e-02
-4.013530282304e-01,2.658434772917e+00,6.273415046858e-02
-4.013375141789e-01,6.904614123059e+00,6.253891882948e-02
-4.012403408583e-01,5.508433711665e+00,6.267196790705e-02
-4.010647716371e-01,7.794674982527e+00,6.242443781173e-02
-4.010398528827e-01,2.690637389245e+00,6.271654198339e-02
-4.009286798844e-01,8.876482905917e+00,6.229159043216e-02
-4.009252749493e-01,6.142610426547e+00,6.259019404494e-02
-4.007266775350e-01,2.722840005574e+00,6.269891585104e-02
-4.004702048333e-01,1.007710785019e+01,6.970260669416e-02
-4.004135021873e-01,2.755042621903e+00,6.268127204506e-02
-4.002865944314e-01,4.938601569634e+00,6.267467253432e-02
-4.001003268396e-01,2.787245238231e+00,6.266361053892e-02
-3.999850995496e-01,6.872918660131e+00,6.246220029843e-02
-3.998294468596e-01,7.762953769376e+00,6.235505139803e-02
-3.998105618886e-01,8.844737256511e+00,6.222855796109e-02
-3.997871514919e-01,2.819447854560e+00,6.264593130603e-02
-3.996541217983e-01,5.476793688828e+00,6.258225035685e-02
-3.994739761443e-01,2.851650470888e+00,6.262823431978e-02
-3.994558935194e-01,6.110942027254e+00,6.250685543471e-02
-3.994267756655e-01,1.005211356608e+01,6.900444053534e-02
-3.991608007966e-01,2.883853087217e+00,6.261051955346e-02
-3.988476254489e-01,2.916055703546e+00,6.259278698034e-02
-3.986924438929e-01,8.812991607105e+00,6.216530762711e-02
-3.986326849203e-01,6.841223197203e+00,6.238515204813e-02
-3.985941220822e-01,7.731232556224e+00,6.228540103240e-02
-3.985836730279e-01,4.906991235459e+00,6.257827214948e-02
-3.985344501012e-01,2.948258319874e+00,6.257503657362e-02
-3.983833464976e-01,1.002711928198e+01,6.829497340716e-02
-3.982212747535e-01,2.980460936203e+00,6.255726830645e-02
-3.980679027383e-01,5.445153665990e+00,6.249208319207e-02
-3.979865120895e-01,6.079273627960e+00,6.242312837443e-02
-3.979080994058e-01,3.012663552532e+00,6.253948215194e-02
-3.975949240582e-01,3.044866168860e+00,6.252167808311e-02
-3.975743258971e-01,8.781245957699e+00,6.210183835063e-02
-3.973587973047e-01,7.699511343073e+00,6.221548528603e-02
-3.973399173298e-01,1.000212499787e+01,6.757792272269e-02
-3.972817487105e-01,3.077068785189e+00,6.250385607298e-02
-3.972802702909e-01,6.809527734275e+00,6.230777199500e-02
-3.969685733628e-01,3.109271401518e+00,6.248601609446e-02
-3.968807516245e-01,4.875380901285e+00,6.248135494757e-02
-3.966553980151e-01,3.141474017846e+00,6.246815812044e-02
-3.965171306596e-01,6.047605228666e+00,6.233901021628e-02
-3.964816836782e-01,5.413513643153e+00,6.240146313892e-02
-3.964562079013e-01,8.749500308292e+00,6.203814904549e-02
-3.963422226674e-01,3.173676634175e+00,6.245028212375e-02
-3.962964881620e-01,9.977130713760e+00,6.685799855708e-02
-3.961234725273e-01,7.667790129921e+00,6.214530272079e-02
-3.960290473197e-01,3.205879250504e+00,6.243238807716e-02
-3.959278556616e-01,6.777832271348e+00,6.223005803848e-02
-3.957158719720e-01,3.238081866832e+00,6.241447595338e-02
-3.954026966244e-01,3.270284483161e+00,6.239654572508e-02
-3.953380899056e-01,8.717754658886e+00,6.197423861893e-02
-3.952530589941e-01,9.952136429652e+00,6.614103091795e-02
-3.951778302211e-01,4.843770567110e+00,6.238391693581e-02
-3.950895212767e-01,3.302487099490e+00,6.237859736486e-02
-3.950477492297e-01,6.015936829373e+00,6.225449828938e-02
-3.948954646182e-01,5.381873620315e+00,6.231038689351e-02
-3.948881477498e-01,7.636068916770e+00,6.207485188916e-02
-3.947763459290e-01,3.334689715818e+00,6.236063084527e-02
-3.945754410323e-01,6.746136808420e+00,6.215200806080e-02
-3.944631705813e-01,3.366892332147e+00,6.234264613881e-02
-3.942199719098e-01,8.686009009480e+00,6.191010597152e-02
-3.942096298263e-01,9.927142145544e+00,6.543407448516e-02
-3.941499952336e-01,3.399094948475e+00,6.232464321793e-02
-3.938368198859e-01,3.431297564804e+00,6.230662205499e-02
-3.936528229724e-01,7.604347703618e+00,6.200413133415e-02
-3.935783677998e-01,5.984268430079e+00,6.216958989953e-02
-3.935236445383e-01,3.463500181133e+00,6.228858262234e-02
-3.934749088177e-01,4.812160232935e+00,6.228595408312e-02
-3.933092455582e-01,5.350233597478e+00,6.221885112155e-02
-3.932230264029e-01,6.714441345492e+00,6.207361992686e-02
-3.932104691906e-01,3.495702797461e+00,6.227052489224e-02
-3.931662006585e-01,9.902147861435e+00,6.474546936331e-02
-3.931018539141e-01,8.654263360074e+00,6.184574999715e-02
-3.928972938429e-01,3.527905413790e+00,6.225244883690e-02
-3.925841184952e-01,3.560108030119e+00,6.223435442851e-02
-3.924174981949e-01,7.572626490466e+00,6.193313958924e-02
-3.922709431475e-01,3.592310646447e+00,6.221624163914e-02
-3.921227714906e-01,9.877153577327e+00,6.408483065790e-02
-3.921089863700e-01,5.952600030785e+00,6.208428232898e-02
-3.919837359183e-01,8.622517710668e+00,6.178116958297e-02
-3.919577677998e-01,3.624513262776e+00,6.219811044086e-02
-3.918706117736e-01,6.682745882564e+00,6.199489148406e-02
-3.917719874143e-01,4.780549898761e+00,6.218746231976e-02
-3.917230264982e-01,5.318593574641e+00,6.212685245805e-02
-3.916445924521e-01,3.656715879105e+00,6.217996080565e-02
-3.913314171045e-01,3.688918495433e+00,6.216179270544e-02
-3.911821734175e-01,7.540905277315e+00,6.186187517834e-02
-3.910793423228e-01,9.852159293219e+00,6.346293581328e-02
-3.910182417568e-01,3.721121111762e+00,6.214360611212e-02
-3.908656179226e-01,8.590772061261e+00,6.171636360932e-02
-3.907050664091e-01,3.753323728091e+00,6.212540099750e-02
-3.906396049401e-01,5.920931631491e+00,6.199857283619e-02
-3.905181971442e-01,6.651050419637e+00,6.191582056212e-02
-3.903918910614e-01,3.785526344419e+00,6.210717733334e-02
-3.901368074381e-01,5.286953551803e+00,6.203438750694e-02
-3.900787157137e-01,3.817728960748e+00,6.208893509135e-02
-3.900690660109e-01,4.748939564586e+00,6.208843753691e-02
-3.900359131550e-01,9.827165009111e+00,6.289147911790e-02
-3.899468486401e-01,7.509184064163e+00,6.179033661573e-02
-3.897655403660e-01,3.849931577077e+00,6.207067424318e-02
-3.897474999268e-01,8.559026411855e+00,6.165133094976e-02
-3.894523650184e-01,3.882134193405e+00,6.205239476041e-02
-3.891702235102e-01,5.889263232197e+00,6.191245865562e-02
-3.891657825149e-01,6.619354956709e+00,6.183640497290e-02
-3.891391896707e-01,3.914336809734e+00,6.203409661458e-02
-3.889924839871e-01,9.802170725003e+00,6.238267055393e-02
-3.888260143230e-01,3.946539426063e+00,6.201577977716e-02
-3.887115238626e-01,7.477462851011e+00,6.171852240596e-02
-3.886897270060e-01,2.656250085005e-01,6.603519722818e-02
-3.886897270060e-01,2.968750095005e-01,6.522284853679e-02
-3.886897270060e-01,3.281250105004e-01,6.445660958749e-02
-3.886897270060e-01,3.593750115003e-01,6.375617501890e-02
-3.886897270060e-01,3.906250125002e-01,6.314268988391e-02
-3.886897270060e-01,8.593750274997e-01,6.194750272123e-02
-3.886897270060e-01,8.906250284999e-01,6.194750272123e-02
-3.886897270060e-01,1.093750035002e-01,7.026742189351e-02
-3.886897270060e-01,2.343750075005e-01,6.687623837706e-02
-3.886897270060e-01,4.218750135001e-01,6.263742962311e-02
-3.886897270060e-01,6.718750214996e-01,6.194750272123e-02
-3.886897270060e-01,8.281250264996e-01,6.194750272123e-02
-3.886897270060e-01,9.218750294999e-01,6.194750272123e-02
-3.886897270060e-01,9.531250305000e-01,6.194750272123e-02
-3.886897270060e-01,9.843750315000e-01,6.194750272123e-02
-3.886897270060e-01,1.562500050003e-02,7.249523458604e-02
-3.886897270060e-01,4.687500150008e-02,7.176850994762e-02
-3.886897270060e-01,7.812500250012e-02,7.102456230281e-02
-3.886897270060e-01,1.406250045003e-01,6.943738292844e-02
-3.886897270060e-01,1.718750055004e-01,6.858809762114e-02
-3.886897270060e-01,2.031250065004e-01,6.773121823072e-02
-3.886897270060e-01,4.531250145001e-01,6.226004221177e-02
-3.886897270060e-01,4.843750155000e-01,6.202655645341e-02
-3.886897270060e-01,5.156250165000e-01,6.194750272123e-02
-3.886897270060e-01,5.468750174999e-01,6.194750272123e-02
-3.886897270060e-01,5.781250184998e-01,6.194750272123e-02
-3.886897270060e-01,6.406250204997e-01,6.194750272123e-02
-3.886897270060e-01,7.031250224995e-01,6.194750272123e-02
-3.886897270060e-01,7.343750234995e-01,6.194750272123e-02
-3.886897270060e-01,7.656250244994e-01,6.194750272123e-02
-3.886897270060e-01,7.968750254995e-01,6.194750272123e-02
-3.886897270060e-01,6.093750194997e-01,6.194750272123e-02
-3.886293819311e-01,8.527280762449e+00,6.158607047095e-02
-3.885505883781e-01,5.255313528966e+00,6.194145284085e-02
-3.885439384820e-01,1.016101340164e+00,6.193895968994e-02
-3.885128389753e-01,3.978742042391e+00,6.199744421956e-02
-3.883661446074e-01,4.717329230411e+00,6.198887558628e-02
-3.882523614342e-01,1.048303956493e+00,6.192186144074e-02
-3.881996636276e-01,4.010944658720e+00,6.197908991316e-02
-3.879607843864e-01,1.080506572821e+00,6.190474692339e-02
-3.879490548193e-01,9.777176440895e+00,6.194867374466e-02
-3.878864882799e-01,4.043147275049e+00,6.196071682923e-02
-3.878133678855e-01,6.587659493781e+00,6.175664251026e-02
-3.877008420803e-01,5.857594832904e+00,6.182593699743e-02
-3.876692073385e-01,1.112709189150e+00,6.188761611472e-02
-3.875733129323e-01,4.075349891377e+00,6.194232493902e-02
-3.875112639353e-01,8.495535113043e+00,6.152058103267e-02
-3.874761990852e-01,7.445741637859e+00,6.164608786360e-02
-3.873776302907e-01,1.144911805478e+00,6.187046899152e-02
-3.872601375846e-01,4.107552507706e+00,6.192391421372e-02
-3.870860532428e-01,1.177114421807e+00,6.185330553053e-02
-3.869643693181e-01,5.223673506129e+00,6.184804500071e-02
-3.869469622369e-01,4.139755124035e+00,6.190548462445e-02
-3.869056256514e-01,9.752182156787e+00,6.160090558848e-02
-3.867944761950e-01,1.209317038135e+00,6.183612570845e-02
-3.866632232040e-01,4.685718896237e+00,6.188877227973e-02
-3.866337868892e-01,4.171957740363e+00,6.188703614226e-02
-3.865028991472e-01,1.241519654464e+00,6.181892950193e-02
-3.864609532562e-01,6.555964030853e+00,6.167653094984e-02
-3.863931459396e-01,8.463789463637e+00,6.145486148773e-02
-3.863206115415e-01,4.204160356692e+00,6.186856873817e-02
-3.862408743077e-01,7.414020424708e+00,6.157273053422e-02
-3.862314606504e-01,5.825926433610e+00,6.173900504733e-02
-3.862113220993e-01,1.273722270792e+00,6.180171688757e-02
-3.860074361938e-01,4.236362973020e+00,6.185008238311e-02
-3.859197450515e-01,1.305924887121e+00,6.178448784193e-02
-3.858621964836e-01,9.727187872679e+00,6.134925485960e-02
-3.856942608461e-01,4.268565589349e+00,6.183157704799e-02
-3.856281680036e-01,1.338127503449e+00,6.176724234154e-02
-3.853810854985e-01,4.300768205678e+00,6.181305270360e-02
-3.853781502581e-01,5.192033483291e+00,6.175416049545e-02
-3.853365909558e-01,1.370330119778e+00,6.174998036287e-02
-3.852750279438e-01,8.432043814230e+00,6.138891068195e-02
-3.851085386269e-01,6.524268567926e+00,6.159606804894e-02
-3.850679101508e-01,4.332970822006e+00,6.179450932074e-02
-3.850450139079e-01,1.402532736106e+00,6.173270188235e-02
-3.850055495303e-01,7.382299211556e+00,6.149907871509e-02
-3.849603018006e-01,4.654108562062e+00,6.178812338883e-02
-3.848187673157e-01,9.702193588571e+00,6.120139159204e-02
-3.847620792205e-01,5.794258034316e+00,6.165165996621e-02
-3.847547348031e-01,4.365173438335e+00,6.177594687010e-02
-3.847534368601e-01,1.434735352435e+00,6.171540687634e-02
-3.844618598123e-01,1.466937968764e+00,6.169809532121e-02
-3.844415594554e-01,4.397376054664e+00,6.175736532232e-02
-3.841702827644e-01,1.499140585092e+00,6.168076719324e-02
-3.841569099481e-01,8.400298164824e+00,6.132272745413e-02
-3.841283841077e-01,4.429578670992e+00,6.173876464799e-02
-3.838787057166e-01,1.531343201420e+00,6.166342246868e-02
-3.838152087600e-01,4.461781287321e+00,6.172014481765e-02
-3.837966525277e-01,9.673812060936e+00,6.114534155663e-02
-3.837919311980e-01,5.160393460454e+00,6.165979580171e-02
-3.837702247528e-01,7.350577998404e+00,6.142513066289e-02
-3.837561239975e-01,6.492573104998e+00,6.151525154629e-02
-3.835871286687e-01,1.563545817749e+00,6.164606112372e-02
-3.835020334124e-01,4.493983903650e+00,6.170150580174e-02
-3.832955516209e-01,1.595748434077e+00,6.162868313453e-02
-3.832926977906e-01,5.762589635023e+00,6.156389889000e-02
-3.832573803972e-01,4.622498227887e+00,6.168692464448e-02
-3.831888580647e-01,4.526186519978e+00,6.168284757068e-02
-3.830387919523e-01,8.368552515418e+00,6.125631063597e-02
-3.830039745730e-01,1.627951050406e+00,6.161128847722e-02
-3.828756827170e-01,4.558389136307e+00,6.166417009481e-02
-3.827958521194e-01,9.642043289775e+00,6.108553874591e-02
-3.827123975252e-01,1.660153666734e+00,6.159387712786e-02
-3.825625073693e-01,4.590591752636e+00,6.164547334441e-02
-3.825348999753e-01,7.318856785252e+00,6.135088462091e-02
-3.824208204773e-01,1.692356283063e+00,6.157644906244e-02
-3.824037093682e-01,6.460877642070e+00,6.143407916190e-02
-3.822057121380e-01,5.128753437617e+00,6.156494736346e-02
-3.821292434295e-01,1.724558899391e+00,6.155900425698e-02
-3.819206739565e-01,8.336806866012e+00,6.118965905208e-02
-3.818376663817e-01,1.756761515720e+00,6.154154268737e-02
-3.818233163607e-01,5.730921235729e+00,6.147571892937e-02
-3.817950517111e-01,9.610274518615e+00,6.102563597522e-02
-3.815460893338e-01,1.788964132048e+00,6.152406432951e-02
-3.812995751979e-01,7.287135572101e+00,6.127633881890e-02
-3.812545122860e-01,1.821166748377e+00,6.150656915923e-02
-3.810512947388e-01,6.429182179142e+00,6.135254859689e-02
-3.809629352381e-01,1.853369364705e+00,6.148905715231e-02
-3.808025559608e-01,8.305061216606e+00,6.112277151987e-02
-3.807942513028e-01,9.578505747454e+00,6.096554278964e-02
-3.806713581903e-01,1.885571981034e+00,6.147152828451e-02
-3.806194930780e-01,5.097113414779e+00,6.146961159170e-02
-3.803797811425e-01,1.917774597362e+00,6.145398253151e-02
-3.803539349309e-01,5.699252836435e+00,6.138711716949e-02
-3.800882040946e-01,1.949977213690e+00,6.143641986897e-02
-3.800642504204e-01,7.255414358949e+00,6.120149147299e-02
-3.797966270468e-01,1.982179830019e+00,6.141884027248e-02
-3.797934508946e-01,9.546736976293e+00,6.090525832070e-02
-3.796988801095e-01,6.397486716215e+00,6.127065753326e-02
-3.796844379650e-01,8.273315567199e+00,6.105564684958e-02
-3.795050499989e-01,2.014382446347e+00,6.140124371760e-02
-3.792134729511e-01,2.046585062676e+00,6.138363017985e-02
-3.790332740180e-01,5.065473391942e+00,6.137378486409e-02
-3.789218959032e-01,2.078787679004e+00,6.136599963468e-02
-3.788845535010e-01,5.667584437141e+00,6.129809066976e-02
-3.788289256430e-01,7.223693145798e+00,6.112634078553e-02
-3.787926504863e-01,9.514968205132e+00,6.084478169503e-02
-3.786303188554e-01,2.110990295332e+00,6.134835205750e-02
-3.785663199693e-01,8.241569917793e+00,6.098828384417e-02
-3.783464654801e-01,6.365791253287e+00,6.118840363376e-02
-3.783387418076e-01,2.143192911661e+00,6.133068742368e-02
-3.780471647597e-01,2.175395527990e+00,6.131300570854e-02
-3.777918500780e-01,9.483199433971e+00,6.078411203440e-02
-3.777555877119e-01,2.207598144318e+00,6.129530688735e-02
-3.775936008655e-01,7.191971932646e+00,6.105088494496e-02
-3.774640106640e-01,2.239800760646e+00,6.127759093533e-02
-3.774482019735e-01,8.209824268387e+00,6.092068129932e-02
-3.774470549579e-01,5.033833369104e+00,6.127746352468e-02
-3.774151720711e-01,5.635916037847e+00,6.120863646358e-02
-3.771724336162e-01,2.272003376975e+00,6.125985782766e-02
-3.769940508508e-01,6.334095790359e+00,6.110578454167e-02
-3.768808565684e-01,2.304205993303e+00,6.124210753946e-02
-3.767910496697e-01,9.451430662811e+00,6.072324845564e-02
-3.765892795205e-01,2.336408609632e+00,6.122434004582e-02
-3.763582760881e-01,7.160250719495e+00,6.097512212573e-02
-3.763300839778e-01,8.178078618981e+00,6.085283800338e-02
-3.762977024727e-01,2.368611225961e+00,6.120655532177e-02
-3.760061254248e-01,2.400813842289e+00,6.118875334228e-02
-3.759457906412e-01,5.604247638554e+00,6.111875155805e-02
-3.758608358979e-01,5.002193346267e+00,6.118064388351e-02
-3.757902492615e-01,9.419661891650e+00,6.066219007063e-02
-3.757145483770e-01,2.433016458617e+00,6.117093408229e-02
-3.756416362215e-01,6.302400327432e+00,6.102279788061e-02
-3.755058742631e-01,1.068065859240e+01,6.608629155206e-06
-3.754229713291e-01,2.465219074946e+00,6.115309751670e-02
-3.752119659820e-01,8.146332969574e+00,6.078475273732e-02
-3.751313942813e-01,2.497421691274e+00,6.113524362033e-02
-3.751229513106e-01,7.128529506343e+00,6.089905048809e-02
-3.748398172335e-01,2.529624307603e+00,6.111737236797e-02
-3.747894488532e-01,9.387893120489e+00,6.060093598627e-02
-3.745851348639e-01,1.065565927428e+01,1.009362825963e-02
-3.745482401856e-01,2.561826923932e+00,6.109948373437e-02
-3.744764092113e-01,5.572579239260e+00,6.102843293375e-02
-3.742892215921e-01,6.270704864504e+00,6.093944125439e-02
-3.742746168379e-01,4.970553323430e+00,6.108332221629e-02
-3.742566631378e-01,2.594029540260e+00,6.108157769420e-02
-3.740938479863e-01,8.114587320168e+00,6.071642427468e-02
-3.739650860899e-01,2.626232156588e+00,6.106365422212e-02
-3.738876265332e-01,7.096808293191e+00,6.082266817807e-02
-3.737886484449e-01,9.356124349328e+00,6.053948530445e-02
-3.736735090421e-01,2.658434772917e+00,6.104571329272e-02
-3.736643954647e-01,1.063065995617e+01,1.830329026225e-02
-3.733819319943e-01,2.690637389245e+00,6.102775488053e-02
-3.730903549464e-01,2.722840005574e+00,6.100977896005e-02
-3.730070277814e-01,5.540910839966e+00,6.093767754443e-02
-3.729757299905e-01,8.082841670762e+00,6.064785138154e-02
-3.729368069628e-01,6.239009401576e+00,6.085571224677e-02
-3.727987778986e-01,2.755042621903e+00,6.099178550573e-02
-3.727878480366e-01,9.324355578167e+00,6.047783712203e-02
-3.727436560655e-01,1.060566063806e+01,2.511124284836e-02
-3.726883977778e-01,4.938913300592e+00,6.098549476406e-02
-3.726523017558e-01,7.065087080040e+00,6.074597332723e-02
-3.725072008507e-01,2.787245238231e+00,6.097377449196e-02
-3.722156238029e-01,2.819447854560e+00,6.095574589308e-02
-3.719240467550e-01,2.851650470888e+00,6.093769968338e-02
-3.718576119947e-01,8.051096021355e+00,6.057903281645e-02
-3.718229166663e-01,1.058066131994e+01,3.084808693980e-02
-3.717870476284e-01,9.292586807007e+00,6.041599053081e-02
-3.716324697072e-01,2.883853087217e+00,6.091963583711e-02
-3.715843923335e-01,6.207313938649e+00,6.077160842130e-02
-3.715376463515e-01,5.509242440672e+00,6.084648231681e-02
-3.714169769783e-01,7.033365866889e+00,6.066896405260e-02
-3.713408926593e-01,2.916055703546e+00,6.090155432846e-02
-3.711021787178e-01,4.907273277755e+00,6.088715773284e-02
-3.710493156115e-01,2.948258319874e+00,6.088345513158e-02
-3.709021772671e-01,1.055566200183e+01,3.574803671455e-02
-3.707862472201e-01,9.260818035846e+00,6.035394461746e-02
-3.707577385637e-01,2.980460936203e+00,6.086533822055e-02
-3.707394939990e-01,8.019350371949e+00,6.050996733047e-02
-3.704661615158e-01,3.012663552532e+00,6.084720356942e-02
-3.702319777041e-01,6.175618475721e+00,6.068712732106e-02
-3.701816522009e-01,7.001644653738e+00,6.059163845655e-02
-3.701745844680e-01,3.044866168860e+00,6.082905115218e-02
-3.700682649216e-01,5.477574041379e+00,6.075484415024e-02
-3.699814378680e-01,1.053066268372e+01,3.998166021181e-02
-3.698830074201e-01,3.077068785189e+00,6.081088094277e-02
-3.697854468118e-01,9.229049264685e+00,6.029169846356e-02
-3.696213760032e-01,7.987604722543e+00,6.044065366698e-02
-3.695914303723e-01,3.109271401518e+00,6.079269291508e-02
-3.695159596578e-01,4.875633254918e+00,6.078830729326e-02
-3.692998533244e-01,3.141474017846e+00,6.077448704295e-02
-3.690606984688e-01,1.050566336561e+01,4.367612332919e-02
-3.690082762766e-01,3.173676634175e+00,6.075626330015e-02
-3.689463274235e-01,6.969923440586e+00,6.051399462663e-02
-3.688795630748e-01,6.143923012793e+00,6.060226646859e-02
-3.687846464035e-01,9.197280493524e+00,6.022925114555e-02
-3.687166992288e-01,3.205879250504e+00,6.073802166044e-02
-3.685988834917e-01,5.445905642085e+00,6.066275991646e-02
-3.685032580075e-01,7.955859073137e+00,6.037109056179e-02
-3.684251221809e-01,3.238081866832e+00,6.071976209749e-02
-3.681399590696e-01,1.048066404750e+01,4.692816912152e-02
-3.681335451331e-01,3.270284483161e+00,6.070148458493e-02
-3.679297405978e-01,4.843993232080e+00,6.068893958027e-02
-3.678419680852e-01,3.302487099490e+00,6.068318909635e-02
-3.677838459952e-01,9.165511722364e+00,6.016660173464e-02
-3.677110026460e-01,6.938202227435e+00,6.043603063541e-02
-3.675503910374e-01,3.334689715818e+00,6.066487560528e-02
-3.675271484454e-01,6.112227549865e+00,6.051702336555e-02
-3.673851400117e-01,7.924113423731e+00,6.030127674300e-02
-3.672588139895e-01,3.366892332147e+00,6.064654408519e-02
-3.672192196704e-01,1.045566472938e+01,4.981270224266e-02
-3.671295020619e-01,5.414237242791e+00,6.057022645933e-02
-3.669672369417e-01,3.399094948475e+00,6.062819450950e-02
-3.667830455870e-01,9.133742951203e+00,6.010374929688e-02
-3.666756598938e-01,3.431297564804e+00,6.060982685159e-02
-3.664756778686e-01,6.906481014283e+00,6.035774454042e-02
-3.663840828460e-01,3.463500181133e+00,6.059144108478e-02
-3.663435215377e-01,4.812353209243e+00,6.058905069269e-02
-3.662984802712e-01,1.043066541127e+01,5.238862192788e-02
-3.662670220160e-01,7.892367774324e+00,6.023121093098e-02
-3.661747338161e-01,6.080532086938e+00,6.043139549262e-02
-3.660925057982e-01,3.495702797461e+00,6.057303718234e-02
-3.658009287503e-01,3.527905413790e+00,6.055461511748e-02
-3.657822451787e-01,9.101974180042e+00,6.004069289306e-02
-3.656601206320e-01,5.382568843497e+00,6.047724059454e-02
-3.655093517025e-01,3.560108030119e+00,6.053617486335e-02
-3.653777408720e-01,1.040566609316e+01,5.470288021315e-02
-3.652403530911e-01,6.874759801132e+00,6.027913438392e-02
-3.652177746546e-01,3.592310646447e+00,6.051771639309e-02
-3.651489040202e-01,7.860622124918e+00,6.016015561422e-02
-3.649261976068e-01,3.624513262776e+00,6.049923967973e-02
-3.648223191868e-01,6.048836624010e+00,6.034538030923e-02
-3.647814447704e-01,9.070205408882e+00,5.997743157869e-02
-3.647573024777e-01,4.780713186405e+00,6.048863669294e-02
-3.646346205589e-01,3.656715879105e+00,6.048074469628e-02
-3.644570014728e-01,1.038066677504e+01,5.679336498057e-02
-3.643430435111e-01,3.688918495433e+00,6.046223141569e-02
-3.641907392021e-01,5.350900444204e+00,6.038379910934e-02
-3.640514664633e-01,3.721121111762e+00,6.044369981086e-02
-3.640307860244e-01,7.828876475512e+00,6.008858966847e-02
-3.640050283137e-01,6.843038587980e+00,6.020019819281e-02
-3.637806443622e-01,9.038436637721e+00,5.991396440400e-02
-3.637598894154e-01,3.753323728091e+00,6.042514985463e-02
-3.635362620736e-01,1.035566745693e+01,5.869098657345e-02
-3.634699045574e-01,6.017141161083e+00,6.025897525341e-02
-3.634683123676e-01,3.785526344419e+00,6.040658151979e-02
-3.631767353197e-01,3.817728960748e+00,6.038799477907e-02
-3.631710834177e-01,4.749073163568e+00,6.038769360665e-02
-3.629126680287e-01,7.797130826106e+00,6.001675424980e-02
-3.628851582719e-01,3.849931577077e+00,6.036938960516e-02
-3.627798439539e-01,9.006667866560e+00,5.985029041391e-02
-3.627697035362e-01,6.811317374828e+00,6.012093397851e-02
-3.627213577722e-01,5.319232044910e+00,6.028989876225e-02
-3.626155226744e-01,1.033066813882e+01,6.042121336276e-02
-3.625935812240e-01,3.882134193405e+00,6.035076597069e-02
-3.623020041762e-01,3.914336809734e+00,6.033212384822e-02
-3.621174899281e-01,5.985445698155e+00,6.017217774153e-02
-3.620104271284e-01,3.946539426063e+00,6.031346321027e-02
-3.617945500329e-01,7.765385176700e+00,5.994464785927e-02
-3.617790435456e-01,8.974899095399e+00,5.978640864793e-02
-3.617188500805e-01,3.978742042391e+00,6.029478402931e-02
-3.616947832753e-01,1.030566882071e+01,6.200521888630e-02
-3.615848643577e-01,4.717433140731e+00,6.028621742229e-02
-3.615343787588e-01,6.779596161677e+00,6.004133973674e-02
-3.614272730327e-01,4.010944658720e+00,6.027608627775e-02
-3.612519763423e-01,5.287563645616e+00,6.019553628281e-02
-3.611356959848e-01,4.043147275049e+00,6.025736992795e-02
-3.608441189370e-01,4.075349891377e+00,6.023863495220e-02
-3.607782431373e-01,8.943130324238e+00,5.972231814025e-02
-3.607740438761e-01,1.028066950259e+01,6.346075055334e-02
-3.607650752988e-01,5.953750235227e+00,6.008498516814e-02
-3.606764320372e-01,7.733639527294e+00,5.987226898710e-02
-3.605525418891e-01,4.107552507706e+00,6.021988132274e-02
-3.602990539814e-01,6.747874948526e+00,5.996141344747e-02
-3.602609648413e-01,4.139755124035e+00,6.020110901177e-02
-3.599986452976e-01,4.685793117893e+00,6.018420409080e-02
-3.599693877934e-01,4.171957740363e+00,6.018231799143e-02
-3.598978953759e-01,1.562500050003e-02,7.192313370341e-02
-3.598978953759e-01,7.812500250012e-02,7.032886425313e-02
-3.598978953759e-01,1.093750035002e-01,6.950047779639e-02
-3.598978953759e-01,1.406250045003e-01,6.865689086417e-02
-3.598978953759e-01,1.718750055004e-01,6.772170873412e-02
-3.598978953759e-01,2.031250065004e-01,6.677067947482e-02
-3.598978953759e-01,2.343750075005e-01,6.581370834563e-02
-3.598978953759e-01,2.656250085005e-01,6.486390600673e-02
-3.598978953759e-01,2.968750095005e-01,6.393797590002e-02
-3.598978953759e-01,3.281250105004e-01,6.305636249154e-02
-3.598978953759e-01,3.593750115003e-01,6.224297917641e-02
-3.598978953759e-01,3.906250125002e-01,6.152432014626e-02
-3.598978953759e-01,4.218750135001e-01,6.092781244493e-02
-3.598978953759e-01,4.531250145001e-01,6.047941650935e-02
-3.598978953759e-01,4.843750155000e-01,6.020073351502e-02
-3.598978953759e-01,5.156250165000e-01,6.010615300110e-02
-3.598978953759e-01,5.468750174999e-01,6.010615300109e-02
-3.598978953759e-01,5.781250184998e-01,6.010615300109e-02
-3.598978953759e-01,6.718750214996e-01,6.010615300109e-02
-3.598978953759e-01,7.031250224995e-01,6.010615300109e-02
-3.598978953759e-01,7.968750254995e-01,6.010615300109e-02
-3.598978953759e-01,8.281250264996e-01,6.010615300109e-02
-3.598978953759e-01,8.593750274997e-01,6.010615300109e-02
-3.598978953759e-01,8.906250284999e-01,6.010615300109e-02
-3.598978953759e-01,9.218750294999e-01,6.010615300109e-02
-3.598978953759e-01,9.531250305000e-01,6.010615300109e-02
-3.598978953759e-01,9.843750315000e-01,6.010615300110e-02
-3.598978953759e-01,4.687500150008e-02,7.113767427956e-02
-3.598978953759e-01,6.093750194997e-01,6.010615300109e-02
-3.598978953759e-01,6.406250204997e-01,6.010615300109e-02
-3.598978953759e-01,7.656250244994e-01,6.010615300109e-02
-3.598978953759e-01,7.343750234994e-01,6.010615300109e-02
-3.598533044769e-01,1.025567018448e+01,6.480279569457e-02
-3.597825949124e-01,5.255895246322e+00,6.010070837123e-02
-3.597774427290e-01,8.911361553077e+00,5.965801791960e-02
-3.597629060019e-01,1.016101340164e+00,6.009743882216e-02
-3.596778107456e-01,4.204160356692e+00,6.016350823379e-02
-3.595583140414e-01,7.701893877888e+00,5.979961611254e-02
-3.594929272539e-01,1.048303956493e+00,6.007999840658e-02
-3.594126606694e-01,5.922054772299e+00,5.999739490574e-02
-3.593862336978e-01,4.236362973020e+00,6.014467971086e-02
-3.592229485059e-01,1.080506572821e+00,6.006254189553e-02
-3.590946566499e-01,4.268565589349e+00,6.012583239464e-02
-3.590637292039e-01,6.716153735374e+00,5.988115307470e-02
-3.589529697579e-01,1.112709189150e+00,6.004506926678e-02
-3.589325650777e-01,1.023067086637e+01,6.604409804862e-02
-3.588030796021e-01,4.300768205678e+00,6.010696625702e-02
-3.587766423208e-01,8.879592781916e+00,5.959350700928e-02
-3.586829910099e-01,1.144911805478e+00,6.002758049803e-02
-3.585115025542e-01,4.332970822006e+00,6.008808126985e-02
-3.584401960457e-01,7.670148228481e+00,5.972668770384e-02
-3.584130122619e-01,1.177114421807e+00,6.001007556697e-02
-3.584124262376e-01,4.654153095056e+00,6.008164952527e-02
-3.583132134825e-01,5.224226847029e+00,6.000541169815e-02
-3.582199255064e-01,4.365173438335e+00,6.006917740494e-02
-3.581430335139e-01,1.209317038135e+00,5.999255445123e-02
-3.580602460401e-01,5.890359309372e+00,5.990940430452e-02
-3.580118256785e-01,1.020567154826e+01,6.719556245388e-02
-3.579283484585e-01,4.397376054664e+00,6.005025463404e-02
-3.578730547659e-01,1.241519654464e+00,5.997501712840e-02
-3.578284044265e-01,6.684432522223e+00,5.980055656633e-02
-3.577758419125e-01,8.847824010756e+00,5.952878442715e-02
-3.576367714107e-01,4.429578670992e+00,6.003131292883e-02
-3.576030760179e-01,1.273722270792e+00,5.995746357604e-02
-3.573451943629e-01,4.461781287321e+00,6.001235226095e-02
-3.573330972699e-01,1.305924887121e+00,5.993989377165e-02
-3.573220780499e-01,7.638402579075e+00,5.965348221809e-02
-3.570910862793e-01,1.018067223014e+01,6.826657499400e-02
-3.570631185219e-01,1.338127503449e+00,5.992230769271e-02
-3.570536173150e-01,4.493983903650e+00,5.999337260194e-02
-3.568438320526e-01,5.192558447735e+00,5.990964290434e-02
-3.568262071776e-01,4.622513072219e+00,5.997854960051e-02
-3.567931397739e-01,1.370330119778e+00,5.990470531664e-02
-3.567750415042e-01,8.816055239595e+00,5.946384918551e-02
-3.567620402672e-01,4.526186519978e+00,5.997437392336e-02
-3.567078314107e-01,5.858663846444e+00,5.982101069224e-02
-3.565930796490e-01,6.652711309071e+00,5.971962185405e-02
-3.565231610259e-01,1.402532736106e+00,5.988708662083e-02
-3.564704632193e-01,4.558389136307e+00,5.995535619664e-02
-3.562531822779e-01,1.434735352435e+00,5.986945158262e-02
-3.562039600542e-01,7.606656929669e+00,5.957999810114e-02
-3.561788861715e-01,4.590591752636e+00,5.993631939320e-02
-3.561703468801e-01,1.015567291203e+01,6.926525851052e-02
-3.559832035299e-01,1.466937968764e+00,5.985180017933e-02
-3.557742410959e-01,8.784286468434e+00,5.939870029117e-02
-3.557132247819e-01,1.499140585092e+00,5.983413238819e-02
-3.554432460339e-01,1.531343201420e+00,5.981644818644e-02
-3.553744506228e-01,5.160890048441e+00,5.981339860042e-02
-3.553577548716e-01,6.620990095919e+00,5.963834685314e-02
-3.553554167814e-01,5.826968383516e+00,5.973221137394e-02
-3.552496074809e-01,1.013067359392e+01,7.009685746389e-02
-3.551732672859e-01,1.563545817749e+00,5.979874755124e-02
-3.550858420584e-01,7.574911280263e+00,5.950623378752e-02
-3.549032885379e-01,1.595748434077e+00,5.978103045974e-02
-3.547734406876e-01,8.752517697273e+00,5.933333674537e-02
-3.546333097899e-01,1.627951050406e+00,5.976329688902e-02
-3.543633310419e-01,1.660153666734e+00,5.974554681613e-02
-3.543288680817e-01,1.010567427581e+01,6.934171795246e-02
-3.541224300941e-01,6.589268882768e+00,5.955672946234e-02
-3.540933522939e-01,1.692356283063e+00,5.972778021808e-02
-3.540030021521e-01,5.795272920589e+00,5.964300363175e-02
-3.539677240627e-01,7.543165630857e+00,5.943218770035e-02
-3.539050691929e-01,5.129221649147e+00,5.971667536651e-02
-3.538233735459e-01,1.724558899391e+00,5.970999707182e-02
-3.537726402794e-01,8.720748926112e+00,5.926775754377e-02
-3.535533947979e-01,1.756761515720e+00,5.969219735428e-02
-3.534081286826e-01,1.008067495769e+01,6.856164176220e-02
-3.532834160499e-01,1.788964132048e+00,5.967438104235e-02
-3.530134373019e-01,1.821166748377e+00,5.965654811284e-02
-3.528871053167e-01,6.557547669616e+00,5.947476756371e-02
-3.528496060669e-01,7.511419981451e+00,5.935785825119e-02
-3.527718398711e-01,8.688980154951e+00,5.920196167639e-02
-3.527434585539e-01,1.853369364705e+00,5.963869854255e-02
-3.526505875227e-01,5.763577457661e+00,5.955338472465e-02
-3.524873892834e-01,1.005567563958e+01,6.775818446707e-02
-3.524734798059e-01,1.885571981034e+00,5.962083230823e-02
-3.524356877630e-01,5.097553249854e+00,5.961946975203e-02
-3.522035010579e-01,1.917774597362e+00,5.960294938658e-02
-3.519335223099e-01,1.949977213690e+00,5.958504975426e-02
-3.517710394628e-01,8.657211383791e+00,5.913594812762e-02
-3.517314880712e-01,7.479674332044e+00,5.928324383999e-02
-3.516635435619e-01,1.982179830019e+00,5.956713338791e-02
-3.516517805393e-01,6.525826456465e+00,5.939245902246e-02
-3.515666498842e-01,1.003067632147e+01,6.693374192776e-02
-3.513935648139e-01,2.014382446347e+00,5.954920026407e-02
-3.512981728934e-01,5.731881994733e+00,5.946335188827e-02
-3.511235860659e-01,2.046585062676e+00,5.953125035929e-02
-3.509663063331e-01,5.065884850560e+00,5.952177827528e-02
-3.508536073179e-01,2.078787679004e+00,5.951328365004e-02
-3.507702390545e-01,8.625442612630e+00,5.906971587617e-02
-3.506459104850e-01,1.000567700336e+01,6.609175689673e-02
-3.506133700754e-01,7.447928682638e+00,5.920834285499e-02
-3.505836285699e-01,2.110990295332e+00,5.949530011279e-02
-3.504164557618e-01,6.494105243313e+00,5.930980168675e-02
-3.503136498219e-01,2.143192911661e+00,5.947729972392e-02
-3.500436710739e-01,2.175395527990e+00,5.945928245977e-02
-3.499457582640e-01,5.700186531806e+00,5.937290233466e-02
-3.497736923259e-01,2.207598144318e+00,5.944124829668e-02
-3.497694386462e-01,8.593673841469e+00,5.900326389503e-02
-3.497251710858e-01,9.980677685244e+00,6.523695232184e-02
-3.495037135779e-01,2.239800760646e+00,5.942319721089e-02
-3.494969249032e-01,5.034216451266e+00,5.942359742324e-02
-3.494952520796e-01,7.416183033232e+00,5.913315367256e-02
-3.492337348299e-01,2.272003376975e+00,5.940512917864e-02
-3.491811309843e-01,6.462384030162e+00,5.922679338766e-02
-3.489637560819e-01,2.304205993303e+00,5.938704417609e-02
-3.488044316867e-01,9.955678367131e+00,6.437558260911e-02
-3.487686382380e-01,8.561905070308e+00,5.893659115148e-02
-3.486937773339e-01,2.336408609632e+00,5.936894217940e-02
-3.485933436347e-01,5.668491068878e+00,5.928203325204e-02
-3.484237985859e-01,2.368611225961e+00,5.935082316462e-02
-3.483771340839e-01,7.384437383826e+00,5.905767465717e-02
-3.481538198379e-01,2.400813842289e+00,5.933268710781e-02
-3.480275434733e-01,5.002548051972e+00,5.932492365122e-02
-3.479458062069e-01,6.430662817010e+00,5.914343193889e-02
-3.478838410899e-01,2.433016458617e+00,5.931453398496e-02
-3.478836922875e-01,9.930679049019e+00,6.351568527375e-02
-3.477678378297e-01,8.530136299147e+00,5.886969660702e-02
-3.476138623419e-01,2.465219074946e+00,5.929636377204e-02
-3.473438835939e-01,2.497421691274e+00,5.927817644494e-02
-3.472590160881e-01,7.352691734420e+00,5.898190416122e-02
-3.472409290054e-01,5.636795605950e+00,5.919074180460e-02
-3.470739048459e-01,2.529624307603e+00,5.925997197952e-02
-3.469629528883e-01,9.905679730906e+00,6.266730314339e-02
-3.468039260979e-01,2.561826923932e+00,5.924175035160e-02
-3.467670374214e-01,8.498367527986e+00,5.880257921735e-02
-3.467104814295e-01,6.398941603859e+00,5.905971513667e-02
-3.465581620434e-01,4.970879652678e+00,5.922575338256e-02
-3.465339473499e-01,2.594029540260e+00,5.922351153696e-02
-3.462639686019e-01,2.626232156588e+00,5.920525551132e-02
-3.461408980924e-01,7.320946085013e+00,5.890584052501e-02
-3.460422134891e-01,9.880680412794e+00,6.184263197909e-02
-3.459939898539e-01,2.658434772917e+00,5.918698225035e-02
-3.458885143760e-01,5.605100143022e+00,5.909902513229e-02
-3.457662370131e-01,8.466598756825e+00,5.873523793238e-02
-3.457240111059e-01,2.690637389245e+00,5.916869172969e-02
-3.454751566520e-01,6.367220390707e+00,5.897564075961e-02
-3.454540323579e-01,2.722840005574e+00,5.915038392493e-02
-3.451840536099e-01,2.755042621903e+00,5.913205881161e-02
-3.451214740899e-01,9.855681094682e+00,6.105603211244e-02
-3.450887806135e-01,4.939211253384e+00,5.912608300831e-02
-3.450227800966e-01,7.289200435607e+00,5.882948207657e-02
-3.449140748618e-01,2.787245238231e+00,5.911371636522e-02
-3.447654366048e-01,8.434829985664e+00,5.866767169613e-02
-3.446440961138e-01,2.819447854560e+00,5.909535656121e-02
-3.445360997467e-01,5.573404680095e+00,5.900688035050e-02
-3.443741173658e-01,2.851650470888e+00,5.907697937499e-02
-3.442398318746e-01,6.335499177556e+00,5.889120656848e-02
-3.442007346908e-01,9.830681776569e+00,6.032383016588e-02
-3.441041386178e-01,2.883853087217e+00,5.905858478191e-02
-3.439046621009e-01,7.257454786201e+00,5.875282713155e-02
-3.438341598698e-01,2.916055703546e+00,5.904017275728e-02
-3.437646361966e-01,8.403061214503e+00,5.859910175722e-02
-3.436193991836e-01,4.907542854091e+00,5.902590888695e-02
-3.435641811218e-01,2.948258319874e+00,5.902174327636e-02
-3.432942023738e-01,2.980460936203e+00,5.900329631436e-02
-3.432799952916e-01,9.805682458457e+00,5.966383604048e-02
-3.431836851173e-01,5.541709217167e+00,5.891430454994e-02
-3.430242236258e-01,3.012663552532e+00,5.898483184648e-02
-3.430045070971e-01,6.303777964404e+00,5.880641030612e-02
-3.427865441051e-01,7.225709136795e+00,5.867587399318e-02
-3.427638357883e-01,8.371292443343e+00,5.853009851458e-02
-3.427542448778e-01,3.044866168860e+00,5.896634984781e-02
-3.424842661298e-01,3.077068785189e+00,5.894785029343e-02
-3.423592558924e-01,9.780683140345e+00,5.909452129378e-02
-3.422142873818e-01,3.109271401518e+00,5.892933315837e-02
-3.421500177537e-01,4.875874454797e+00,5.892522734406e-02
-3.419443086338e-01,3.141474017846e+00,5.891079841761e-02
-3.418312704880e-01,5.510013754240e+00,5.882129479631e-02
-3.417691823197e-01,6.272056751253e+00,5.872124969719e-02
-3.417630353800e-01,8.339523672182e+00,5.846085449549e-02
-3.416743298858e-01,3.173676634175e+00,5.889224604609e-02
-3.416684261094e-01,7.193963487389e+00,5.859862095210e-02
-3.414385164932e-01,9.755683822232e+00,5.863385644470e-02
-3.414043511378e-01,3.205879250504e+00,5.887367601870e-02
-3.411343723898e-01,3.238081866832e+00,5.885508831025e-02
-3.408643936418e-01,3.270284483161e+00,5.883648289555e-02
-3.407622349717e-01,8.307754901021e+00,5.839136845654e-02
-3.406806363238e-01,4.844206055503e+00,5.882403467199e-02
-3.405944148938e-01,3.302487099490e+00,5.881785974934e-02
-3.405503081136e-01,7.162217837983e+00,5.852106628626e-02
-3.405338575423e-01,6.240335538102e+00,5.863572244809e-02
-3.405177770940e-01,9.730684504120e+00,5.829788680028e-02
-3.404788558587e-01,5.478318291312e+00,5.872784813010e-02
-3.403244361458e-01,3.334689715818e+00,5.879921884631e-02
-3.400544573978e-01,3.366892332147e+00,5.878056016111e-02
-3.397844786498e-01,3.399094948475e+00,5.876188366833e-02
-3.397614345634e-01,8.275986129860e+00,5.832163914593e-02
-3.395970376948e-01,9.705685186007e+00,5.809932732506e-02
-3.395144999018e-01,3.431297564804e+00,5.874318934252e-02
-3.394321901179e-01,7.130472188577e+00,5.844320826083e-02
-3.392985327648e-01,6.208614324950e+00,5.854982624671e-02
-3.392445211538e-01,3.463500181133e+00,5.872447715818e-02
-3.392112548940e-01,4.812537656209e+00,5.872232712958e-02
-3.391264412293e-01,5.446622828384e+00,5.863396156637e-02
-3.389745424058e-01,3.495702797461e+00,5.870574708977e-02
-3.387606341552e-01,8.244217358699e+00,5.825166530340e-02
-3.387045636578e-01,3.527905413790e+00,5.868699911168e-02
-3.386949789245e-01,9.677290237994e+00,5.804611111273e-02
-3.384345849098e-01,3.560108030119e+00,5.866823319827e-02
-3.383140721221e-01,7.098726539171e+00,5.836504512808e-02
-3.381646061618e-01,3.592310646447e+00,5.864944932385e-02
-3.380632079874e-01,6.176893111798e+00,5.846355876232e-02
-3.378946274138e-01,3.624513262776e+00,5.863064746266e-02
-3.378116007830e-01,9.645499660080e+00,5.798470200692e-02
-3.377740266000e-01,5.414927365456e+00,5.853963209447e-02
-3.377598337469e-01,8.212448587538e+00,5.818144566021e-02
-3.377418734641e-01,4.780869256916e+00,5.862010094182e-02
-3.376246486658e-01,3.656715879105e+00,5.861182758892e-02
-3.373546699178e-01,3.688918495433e+00,5.859298967679e-02
-3.371959541264e-01,7.066980889765e+00,5.828657512724e-02
-3.370846911698e-01,3.721121111762e+00,5.857413370036e-02
-3.369282226416e-01,9.613709082167e+00,5.792322501297e-02
-3.368278832099e-01,6.145171898647e+00,5.837691764536e-02
-3.368147124218e-01,3.753323728091e+00,5.855525963371e-02
-3.367590333386e-01,8.180679816378e+00,5.811097893898e-02
-3.365447336738e-01,3.785526344419e+00,5.853636745084e-02
-3.364216119706e-01,5.383231902529e+00,5.844485667783e-02
-3.362747549258e-01,3.817728960748e+00,5.851745712569e-02
-3.362724920342e-01,4.749200857622e+00,5.851735229954e-02
-3.360778361306e-01,7.035235240359e+00,5.820779648443e-02
-3.360448445001e-01,9.581918504254e+00,5.786156396882e-02
-3.360047761778e-01,3.849931577077e+00,5.849852863220e-02
-3.357582329303e-01,8.148911045217e+00,5.804026385375e-02
-3.357347974297e-01,3.882134193405e+00,5.847958194420e-02
-3.355925584325e-01,6.113450685495e+00,5.828990052729e-02
-3.354648186817e-01,3.914336809734e+00,5.846061703552e-02
-3.351948399337e-01,3.946539426063e+00,5.844163387992e-02
-3.351614663586e-01,9.550127926340e+00,5.779971809250e-02
-3.350691973413e-01,5.351536439601e+00,5.834963225366e-02
-3.349597181349e-01,7.003489590953e+00,5.812870741251e-02
-3.349248611857e-01,3.978742042391e+00,5.842263245108e-02
-3.348031106043e-01,4.717532458328e+00,5.841407735905e-02
-3.347574325221e-01,8.117142274056e+00,5.796929910975e-02
-3.346548824377e-01,4.010944658720e+00,5.840361272268e-02
-3.343849036897e-01,4.043147275049e+00,5.838457466832e-02
-3.343572336550e-01,6.081729472344e+00,5.820250502039e-02
-3.342780882171e-01,9.518337348427e+00,5.773768659805e-02
-3.341149249417e-01,4.075349891377e+00,5.836551826156e-02
-3.338449461937e-01,4.107552507706e+00,5.834644347591e-02
-3.338416001391e-01,6.971743941547e+00,5.804930611099e-02
-3.337566321138e-01,8.085373502895e+00,5.789808340350e-02
-3.337167827120e-01,5.319840976673e+00,5.825395573279e-02
-3.335749674457e-01,4.139755124035e+00,5.832735028480e-02
-3.333947100757e-01,9.486546770513e+00,5.767546869557e-02
-3.333337291744e-01,4.685864059034e+00,5.831027224190e-02
-3.333049886977e-01,4.171957740363e+00,5.830823866167e-02
-3.331219088776e-01,6.050008259193e+00,5.811472871763e-02
-3.330350099497e-01,4.204160356692e+00,5.828910857984e-02
-3.327650312017e-01,4.236362973020e+00,5.826996001261e-02
-3.327558317055e-01,8.053604731734e+00,5.782661542259e-02
-3.327234821434e-01,6.939998292141e+00,5.796959076591e-02
-3.325113319342e-01,9.454756192599e+00,5.761306359115e-02
-3.324950524537e-01,4.268565589349e+00,5.825079293325e-02
-3.323643680826e-01,5.288145513746e+00,5.815782399933e-02
-3.322250737057e-01,4.300768205678e+00,5.823160731494e-02
-3.319550949577e-01,4.332970822006e+00,5.821240313083e-02
-3.318865841001e-01,6.018287046041e+00,5.802656919243e-02
-3.318643477445e-01,4.654195659741e+00,5.820593303448e-02
-3.317550312972e-01,8.021835960573e+00,5.775489384571e-02
-3.316851162097e-01,4.365173438335e+00,5.819318035403e-02
-3.316279537927e-01,9.422965614686e+00,5.755047048689e-02
-3.316053641476e-01,6.908252642735e+00,5.788955954967e-02
-3.314151374617e-01,4.397376054664e+00,5.817393895755e-02
-3.311451587137e-01,4.429578670992e+00,5.815467891440e-02
-3.311060637459e-01,7.812500250012e-02,6.962639785765e-02
-3.311060637459e-01,1.093750035002e-01,6.872080037728e-02
-3.311060637459e-01,1.406250045003e-01,6.779290220555e-02
-3.311060637459e-01,1.718750055004e-01,6.684095436639e-02
-3.311060637459e-01,3.281250105004e-01,6.156364915134e-02
-3.311060637459e-01,3.593750115003e-01,6.061383412469e-02
-3.311060637459e-01,3.906250125002e-01,5.976585955943e-02
-3.311060637459e-01,7.656250244994e-01,5.806606743940e-02
-3.311060637459e-01,1.562500050003e-02,7.135237437930e-02
-3.311060637459e-01,4.687500150008e-02,7.050468045894e-02
-3.311060637459e-01,2.031250065004e-01,6.578584585428e-02
-3.311060637459e-01,2.968750095005e-01,6.258206216502e-02
-3.311060637459e-01,4.218750135001e-01,5.905534749682e-02
-3.311060637459e-01,4.843750155000e-01,5.818059373661e-02
-3.311060637459e-01,5.468750174999e-01,5.806606743940e-02
-3.311060637459e-01,5.781250184998e-01,5.806606743940e-02
-3.311060637459e-01,8.593750274997e-01,5.806606743940e-02
-3.311060637459e-01,9.531250305000e-01,5.806606743940e-02
-3.311060637459e-01,9.843750315000e-01,5.806606743940e-02
-3.311060637459e-01,2.343750075005e-01,6.471429430263e-02
-3.311060637459e-01,2.656250085005e-01,6.364018276269e-02
-3.311060637459e-01,4.531250145001e-01,5.851704840154e-02
-3.311060637459e-01,5.156250165000e-01,5.806606743940e-02
-3.311060637459e-01,6.093750194997e-01,5.806606743940e-02
-3.311060637459e-01,6.406250204996e-01,5.806606743940e-02
-3.311060637459e-01,6.718750214996e-01,5.806606743940e-02
-3.311060637459e-01,7.031250224995e-01,5.806606743940e-02
-3.311060637459e-01,7.343750234994e-01,5.806606743940e-02
-3.311060637459e-01,7.968750254995e-01,5.806606743940e-02
-3.311060637459e-01,8.281250264996e-01,5.806606743940e-02
-3.311060637459e-01,8.906250284999e-01,5.806606743940e-02
-3.311060637459e-01,9.218750294999e-01,5.806606743940e-02
-3.310119534533e-01,5.256450050818e+00,5.806123391047e-02
-3.309818735218e-01,1.016101340164e+00,5.805719426560e-02
-3.308751799657e-01,4.461781287321e+00,5.813540019750e-02
-3.307542308890e-01,7.990067189412e+00,5.768291734251e-02
-3.307445756512e-01,9.391175036772e+00,5.748768858084e-02
-3.307334930737e-01,1.048303956493e+00,5.803943606043e-02
-3.306512593227e-01,5.986565832890e+00,5.793802399849e-02
-3.306052012177e-01,4.493983903650e+00,5.811610277976e-02
-3.304872461519e-01,6.876506993329e+00,5.780921062100e-02
-3.304851126255e-01,1.080506572821e+00,5.802166202761e-02
-3.303949663146e-01,4.622527260447e+00,5.810105578771e-02
-3.303352224697e-01,4.526186519978e+00,5.809678663400e-02
-3.302367321773e-01,1.112709189150e+00,5.800387214601e-02
-3.300652437217e-01,4.558389136307e+00,5.807745173299e-02
-3.299883517292e-01,1.144911805478e+00,5.798606639446e-02
-3.298611975098e-01,9.359384458859e+00,5.742471706702e-02
-3.297952649737e-01,4.590591752636e+00,5.805809804946e-02
-3.297534304807e-01,7.958298418252e+00,5.761068457358e-02
-3.297399712810e-01,1.177114421807e+00,5.796824475177e-02
-3.296595388239e-01,5.224754587890e+00,5.796418229622e-02
-3.294915908328e-01,1.209317038135e+00,5.795040719668e-02
-3.294159345453e-01,5.954844619738e+00,5.784909066969e-02
-3.293691281562e-01,6.844761343923e+00,5.772854212477e-02
-3.292432103847e-01,1.241519654464e+00,5.793255370794e-02
-3.289948299365e-01,1.273722270792e+00,5.791468426421e-02
-3.289778193683e-01,9.327593880945e+00,5.736155513539e-02
-3.287526300724e-01,7.926529647091e+00,5.753819419035e-02
-3.287464494884e-01,1.305924887121e+00,5.789679884414e-02
-3.284980690402e-01,1.338127503449e+00,5.787889742635e-02
-3.283071241946e-01,5.193059124962e+00,5.786666595915e-02
-3.282510101604e-01,6.813015694517e+00,5.764755219189e-02
-3.282496885920e-01,1.370330119778e+00,5.786097998939e-02
-3.281806097678e-01,5.923123406587e+00,5.775976671979e-02
-3.280944412268e-01,9.295803303032e+00,5.729820197183e-02
-3.280013081439e-01,1.402532736106e+00,5.784304651182e-02
-3.277529276957e-01,1.434735352435e+00,5.782509697211e-02
-3.277518296641e-01,7.894760875930e+00,5.746544483500e-02
-3.275045472476e-01,1.466937968764e+00,5.780713134872e-02
-3.272561667994e-01,1.499140585092e+00,5.778914962007e-02
-3.272110630853e-01,9.264012725118e+00,5.723465675810e-02
-3.271328921647e-01,6.781270045111e+00,5.756623893919e-02
-3.270077863512e-01,1.531343201420e+00,5.777115176454e-02
-3.269547095653e-01,5.161363662035e+00,5.776868167411e-02
-3.269452849904e-01,5.891402193435e+00,5.767004964233e-02
-3.267594059031e-01,1.563545817749e+00,5.775313776046e-02
-3.267510292558e-01,7.862992104769e+00,5.739243514043e-02
-3.265110254549e-01,1.595748434077e+00,5.773510758613e-02
-3.263276849439e-01,9.232222147205e+00,5.717091867186e-02
-3.262626450068e-01,1.627951050406e+00,5.771706121983e-02
-3.260147741689e-01,6.749524395705e+00,5.748460046932e-02
-3.260142645586e-01,1.660153666734e+00,5.769899863976e-02
-3.257658841104e-01,1.692356283063e+00,5.768091982411e-02
-3.257502288475e-01,7.831223333608e+00,5.731916373011e-02
-3.257099602129e-01,5.859680980283e+00,5.757993691039e-02
-3.256022949359e-01,5.129668199107e+00,5.767022618804e-02
-3.255175036623e-01,1.724558899391e+00,5.766282475103e-02
-3.254825223023e-01,1.068411230631e+01,6.608629156551e-06
-3.254443068024e-01,9.200431569291e+00,5.710698688665e-02
-3.252691232141e-01,1.756761515720e+00,5.764471339862e-02
-3.250207427659e-01,1.788964132048e+00,5.762658574494e-02
-3.248966561732e-01,6.717778746299e+00,5.740263487057e-02
-3.247723623178e-01,1.821166748377e+00,5.760844176803e-02
-3.247494284393e-01,7.799454562447e+00,5.724562921810e-02
-3.246844968049e-01,1.065910855504e+01,1.009370606424e-02
-3.245609286609e-01,9.168640991378e+00,5.704286057184e-02
-3.245239818696e-01,1.853369364705e+00,5.759028144585e-02
-3.244746354355e-01,5.827959767132e+00,5.748942597645e-02
-3.242756014215e-01,1.885571981034e+00,5.757210475638e-02
-3.242498803066e-01,5.097972736179e+00,5.757129621960e-02
-3.240272209733e-01,1.917774597362e+00,5.755391167751e-02
-3.238864713075e-01,1.063410480378e+01,1.830341818047e-02
-3.237788405251e-01,1.949977213690e+00,5.753570218710e-02
-3.237785381774e-01,6.686033096893e+00,5.732034021679e-02
-3.237486280310e-01,7.767685791286e+00,5.717183020890e-02
-3.236775505195e-01,9.136850413465e+00,5.697844185410e-02
-3.235304600770e-01,1.982179830019e+00,5.751747626300e-02
-3.232820796288e-01,2.014382446347e+00,5.749923388297e-02
-3.232393106581e-01,5.796238553981e+00,5.739851427217e-02
-3.230884458101e-01,1.060910105251e+01,2.511140336073e-02
-3.230336991807e-01,2.046585062676e+00,5.748097502479e-02
-3.228974656772e-01,5.066277273252e+00,5.747188845904e-02
-3.227941723780e-01,9.105059835551e+00,5.691296804141e-02
-3.227853187325e-01,2.078787679004e+00,5.746269966613e-02
-3.227478276227e-01,7.735917020126e+00,5.709776529738e-02
-3.226604201817e-01,6.654287447487e+00,5.723771456724e-02
-3.225369382843e-01,2.110990295332e+00,5.744440778469e-02
-3.222904203127e-01,1.058409730125e+01,3.084826860636e-02
-3.222885578362e-01,2.143192911661e+00,5.742609935808e-02
-3.220401773880e-01,2.175395527990e+00,5.740777436388e-02
-3.220039858806e-01,5.764517340829e+00,5.730719920821e-02
-3.219107942365e-01,9.073269257638e+00,5.684728585320e-02
-3.217917969399e-01,2.207598144318e+00,5.738943277965e-02
-3.217470272144e-01,7.704148248965e+00,5.702343306875e-02
-3.215450510479e-01,5.034581810324e+00,5.737199956783e-02
-3.215434164917e-01,2.239800760646e+00,5.737107458289e-02
-3.215423021859e-01,6.622541798081e+00,5.715475596647e-02
-3.214923948154e-01,1.055909354998e+01,3.574823187598e-02
-3.212950360435e-01,2.272003376975e+00,5.735269975107e-02
-3.210466555954e-01,2.304205993303e+00,5.733430826161e-02
-3.210274160950e-01,9.041478679724e+00,5.678139430610e-02
-3.207982751472e-01,2.336408609632e+00,5.731590009189e-02
-3.207686611032e-01,5.732796127678e+00,5.721547817402e-02
-3.207462268062e-01,7.672379477804e+00,5.694883209841e-02
-3.206943693180e-01,1.053408979872e+01,3.998186363812e-02
-3.205498946991e-01,2.368611225961e+00,5.729747521926e-02
-3.204241841902e-01,6.590796148675e+00,5.707146244422e-02
-3.203015142509e-01,2.400813842289e+00,5.727903362100e-02
-3.201926364186e-01,5.002886347396e+00,5.727162617844e-02
-3.201440379536e-01,9.009688101811e+00,5.671529241067e-02
-3.200531338027e-01,2.433016458617e+00,5.726057527440e-02
-3.198963438206e-01,1.050908604745e+01,4.367633139464e-02
-3.198047533546e-01,2.465219074946e+00,5.724210015666e-02
-3.197454263979e-01,7.640610706643e+00,5.687396095194e-02
-3.195563729064e-01,2.497421691274e+00,5.722360824496e-02
-3.195333363257e-01,5.701074914526e+00,5.712334853767e-02
-3.193079924583e-01,2.529624307603e+00,5.720509951644e-02
-3.193060661944e-01,6.559050499269e+00,5.698783201522e-02
-3.192606598121e-01,8.977897523897e+00,5.664897917136e-02
-3.190983183232e-01,1.048408229619e+01,4.692837928452e-02
-3.190596120101e-01,2.561826923932e+00,5.718657394818e-02
-3.188402217892e-01,4.971190884469e+00,5.717076489406e-02
-3.188112315619e-01,2.594029540260e+00,5.716803151726e-02
-3.187446259896e-01,7.608841935483e+00,5.679881818495e-02
-3.185628511138e-01,2.626232156588e+00,5.714947220067e-02
-3.183772816706e-01,8.946106945983e+00,5.658245358642e-02
-3.183144706656e-01,2.658434772917e+00,5.713089597537e-02
-3.183002928258e-01,1.045907854492e+01,4.981291270868e-02
-3.182980115483e-01,5.669353701375e+00,5.703080764564e-02
-3.181879481987e-01,6.527304849863e+00,5.690386267912e-02
-3.180660902175e-01,2.690637389245e+00,5.711230281832e-02
-3.178177097693e-01,2.722840005574e+00,5.709369270638e-02
-3.177438255813e-01,7.577073164322e+00,5.672340234308e-02
-3.175693293211e-01,2.755042621903e+00,5.707506561640e-02
-3.175022673284e-01,1.043407479365e+01,5.238883142576e-02
-3.174939035291e-01,8.914316368070e+00,5.651571464795e-02
-3.174878071599e-01,4.939495421541e+00,5.706941228836e-02
-3.173209488730e-01,2.787245238231e+00,5.705642152518e-02
-3.170725684248e-01,2.819447854560e+00,5.703776040948e-02
-3.170698302029e-01,6.495559200457e+00,5.681955242035e-02
-3.170626867708e-01,5.637632488223e+00,5.693785282265e-02
-3.168241879767e-01,2.851650470888e+00,5.701908224602e-02
-3.167430251730e-01,7.545304393161e+00,5.664771196182e-02
-3.167042418310e-01,1.040907104239e+01,5.470308784358e-02
-3.166105253877e-01,8.882525790156e+00,5.644876134174e-02
-3.165758075285e-01,2.883853087217e+00,5.700038701147e-02
-3.163274270803e-01,2.916055703546e+00,5.698167468246e-02
-3.161353925306e-01,4.907799958613e+00,5.696756490517e-02
-3.160790466322e-01,2.948258319874e+00,5.696294523559e-02
-3.159517122072e-01,6.463813551051e+00,5.673489920793e-02
-3.159062163337e-01,1.038406729112e+01,5.679357011147e-02
-3.158306661840e-01,2.980460936203e+00,5.694419864738e-02
-3.158273619934e-01,5.605911275072e+00,5.684448137140e-02
-3.157422247648e-01,7.513535622000e+00,5.657174556652e-02
-3.157271472462e-01,8.850735212243e+00,5.638159264731e-02
-3.155822857359e-01,3.012663552532e+00,5.692543489436e-02
-3.153339052877e-01,3.044866168860e+00,5.690665395297e-02
-3.151081908363e-01,1.035906353986e+01,5.869118876674e-02
-3.150855248395e-01,3.077068785189e+00,5.688785579965e-02
-3.148437691047e-01,8.818944634329e+00,5.631420753781e-02
-3.148371443914e-01,3.109271401518e+00,5.686904041075e-02
-3.148335942114e-01,6.432067901645e+00,5.664990099544e-02
-3.147829779012e-01,4.876104495685e+00,5.686521925824e-02
-3.147414243565e-01,7.481766850839e+00,5.649550167224e-02
-3.145920372159e-01,5.574190061920e+00,5.675069057246e-02
-3.145887639432e-01,3.141474017846e+00,5.685020776261e-02
-3.143403834950e-01,3.173676634175e+00,5.683135783153e-02
-3.143101653389e-01,1.033405978859e+01,6.042141232222e-02
-3.140920030469e-01,3.205879250504e+00,5.681249059373e-02
-3.139603909632e-01,8.787154056416e+00,5.624660498002e-02
-3.138436225987e-01,3.238081866832e+00,5.679360602543e-02
-3.137406239482e-01,7.449998079678e+00,5.641897878371e-02
-3.137154762157e-01,6.400322252239e+00,5.656455572078e-02
-3.135952421506e-01,3.270284483161e+00,5.677470410277e-02
-3.135121398415e-01,1.030905603732e+01,6.200541442010e-02
-3.134305632719e-01,4.844409032758e+00,5.676237183100e-02
-3.133567124385e-01,5.542468848769e+00,5.665647768398e-02
-3.133468617024e-01,3.302487099490e+00,5.675578480188e-02
-3.130984812542e-01,3.334689715818e+00,5.673684809882e-02
-3.130770128217e-01,8.755363478502e+00,5.617878393424e-02
-3.128501008061e-01,3.366892332147e+00,5.671789396962e-02
-3.127398235399e-01,7.418229308517e+00,5.634217539521e-02
-3.127141143441e-01,1.028405228606e+01,6.346094254677e-02
-3.126017203579e-01,3.399094948475e+00,5.669892239025e-02
-3.125973582199e-01,6.368576602833e+00,5.647886130608e-02
-3.123533399097e-01,3.431297564804e+00,5.667993333665e-02
-3.121936346803e-01,8.723572900589e+00,5.611074335429e-02
-3.121213876611e-01,5.510747635618e+00,5.656183994152e-02
-3.121049594616e-01,3.463500181133e+00,5.666092678473e-02
-3.120781486425e-01,4.812713569830e+00,5.665901907622e-02
-3.119160888467e-01,1.025904853479e+01,6.480298409000e-02
-3.118565790134e-01,3.495702797461e+00,5.664190271031e-02
-3.117390231317e-01,7.386460537357e+00,5.626508999052e-02
-3.116081985653e-01,3.527905413790e+00,5.662286108921e-02
-3.114792402242e-01,6.336830953427e+00,5.639281565759e-02
-3.113598181171e-01,3.560108030119e+00,5.660380189720e-02
-3.113102565388e-01,8.691782322675e+00,5.604248218745e-02
-3.111180633493e-01,1.023404478353e+01,6.604428283065e-02
-3.111114376689e-01,3.592310646447e+00,5.658472510997e-02
-3.108860628836e-01,5.479026422466e+00,5.646677455791e-02
-3.108630572208e-01,3.624513262776e+00,5.656563070320e-02
-3.107382227234e-01,7.354691766196e+00,5.618772104279e-02
-3.107257340132e-01,4.781018106902e+00,5.655515741577e-02
-3.106146767726e-01,3.656715879105e+00,5.654651865252e-02
-3.104268783973e-01,8.659991744761e+00,5.597399937443e-02
-3.103662963244e-01,3.688918495433e+00,5.652738893351e-02
-3.103611222284e-01,6.305085304021e+00,5.630641666545e-02
-3.103200378519e-01,1.020904103226e+01,6.719574363830e-02
-3.101179158763e-01,3.721121111762e+00,5.650824152169e-02
-3.098695354281e-01,3.753323728091e+00,5.648907639258e-02
-3.097374223151e-01,7.322922995035e+00,5.611006701451e-02
-3.096507381062e-01,5.447305209314e+00,5.637127872291e-02
-3.096211549800e-01,3.785526344419e+00,5.646989352159e-02
-3.095435002558e-01,8.628201166848e+00,5.590529384926e-02
-3.095220123545e-01,1.018403728099e+01,6.826675261947e-02
-3.093733193839e-01,4.749322643975e+00,5.645078324034e-02
-3.093727745318e-01,3.817728960748e+00,5.645069288414e-02
-3.092430042327e-01,6.273339654615e+00,5.621966220368e-02
-3.091243940836e-01,3.849931577077e+00,5.643147445557e-02
-3.088760136355e-01,3.882134193405e+00,5.641223821120e-02
-3.087366219068e-01,7.291154223874e+00,5.603212635736e-02
-3.087239868571e-01,1.015903352973e+01,6.926543263231e-02
-3.086601221144e-01,8.596410588934e+00,5.583636453931e-02
-3.086276331873e-01,3.914336809734e+00,5.639298412629e-02
-3.084154133287e-01,5.415583996163e+00,5.627534960312e-02
-3.083792527392e-01,3.946539426063e+00,5.637371217605e-02
-3.081308722910e-01,3.978742042391e+00,5.635442233565e-02
-3.081248862369e-01,6.241594005209e+00,5.613255012990e-02
-3.080209047545e-01,4.717627181047e+00,5.634589290915e-02
-3.079259613597e-01,1.013402977846e+01,6.911182418364e-02
-3.078824918428e-01,4.010944658720e+00,5.633511458023e-02
-3.077767439729e-01,8.564620011021e+00,5.576721036517e-02
-3.077358214985e-01,7.259385452713e+00,5.595389751215e-02
-3.076341113947e-01,4.043147275049e+00,5.631578888485e-02
-3.073857309465e-01,4.075349891377e+00,5.629644522455e-02
-3.071800885513e-01,5.383862783011e+00,5.617898434174e-02
-3.071373504983e-01,4.107552507706e+00,5.627708357430e-02
-3.071279358624e-01,1.010902602720e+01,6.831519646122e-02
-3.070067682412e-01,6.209848355803e+00,5.604507828530e-02
-3.068933658314e-01,8.532829433107e+00,5.569783024071e-02
-3.068889700502e-01,4.139755124035e+00,5.625770390907e-02
-3.067350210903e-01,7.227616681553e+00,5.587537890876e-02
-3.066684901252e-01,4.685931718119e+00,5.624048274971e-02
-3.066405896020e-01,4.171957740363e+00,5.623830620374e-02
-3.063922091539e-01,4.204160356692e+00,5.621889043314e-02
-3.063299103650e-01,1.008402227593e+01,6.744103065622e-02
-3.061438287057e-01,4.236362973020e+00,5.619945657208e-02
-3.060099876900e-01,8.501038855193e+00,5.562822307287e-02
-3.059447637738e-01,5.352141569860e+00,5.608218005833e-02
-3.058954482575e-01,4.268565589349e+00,5.618000459531e-02
-3.058886502454e-01,6.178102706397e+00,5.595724449444e-02
-3.057342206820e-01,7.195847910392e+00,5.579656896599e-02
-3.056470678094e-01,4.300768205678e+00,5.616053447755e-02
-3.055318848676e-01,1.005901852467e+01,6.652163742264e-02
-3.053986873612e-01,4.332970822006e+00,5.614104619344e-02
-3.053160754958e-01,4.654236255191e+00,5.613454905749e-02
-3.051503069130e-01,4.365173438335e+00,5.612153971760e-02
-3.051266095485e-01,8.469248277280e+00,5.555838776177e-02
-3.049019264649e-01,4.397376054664e+00,5.610201502459e-02
-3.047705322497e-01,6.146357056991e+00,5.586904656509e-02
-3.047338593702e-01,1.003401477340e+01,6.556818798782e-02
-3.047334202737e-01,7.164079139231e+00,5.571746609151e-02
-3.047094389964e-01,5.320420356709e+00,5.598493384861e-02
-3.046535460167e-01,4.429578670992e+00,5.608247208892e-02
-3.044051655686e-01,4.461781287321e+00,5.606291088508e-02
-3.042432314070e-01,8.437457699366e+00,5.548832320053e-02
-3.041567851204e-01,4.493983903650e+00,5.604333138746e-02
-3.039636608665e-01,4.622540792264e+00,5.602808809568e-02
-3.039358338728e-01,1.000901102214e+01,6.458312796520e-02
-3.039084046722e-01,4.526186519978e+00,5.602373357047e-02
-3.037326198654e-01,7.132310368070e+00,5.563806868178e-02
-3.036600242241e-01,4.558389136307e+00,5.600411740839e-02
-3.036524142539e-01,6.114611407585e+00,5.578048228814e-02
-3.034741142189e-01,5.288699143557e+00,5.588724278428e-02
-3.034116437759e-01,4.590591752636e+00,5.598448287554e-02
-3.033598532655e-01,8.405667121453e+00,5.541802827531e-02
-3.031378083755e-01,9.984007270871e+00,6.357040981317e-02
-3.027318194572e-01,7.100541596910e+00,5.555837512190e-02
-3.025342962582e-01,6.082865758179e+00,5.569154943740e-02
-3.024764751241e-01,8.373876543539e+00,5.534750186519e-02
-3.023397828781e-01,9.959003519605e+00,6.253591879723e-02
-3.023142321159e-01,4.687500150008e-02,6.987455436586e-02
-3.023142321159e-01,7.812500250012e-02,6.892250293215e-02
-3.023142321159e-01,3.281250105004e-01,5.997708772219e-02
-3.023142321159e-01,1.562500050003e-02,7.078758995716e-02
-3.023142321159e-01,1.093750035002e-01,6.793389540214e-02
-3.023142321159e-01,1.406250045003e-01,6.691306495229e-02
-3.023142321159e-01,1.718750055004e-01,6.586681008976e-02
-3.023142321159e-01,2.031250065004e-01,6.478417278902e-02
-3.023142321159e-01,2.343750075005e-01,6.358479446880e-02
-3.023142321159e-01,2.968750095005e-01,6.115775145648e-02
-3.023142321159e-01,3.593750115003e-01,5.886187566423e-02
-3.023142321159e-01,3.906250125002e-01,5.785374405814e-02
-3.023142321159e-01,5.468750174999e-01,5.579332144335e-02
-3.023142321159e-01,5.781250184998e-01,5.579332144335e-02
-3.023142321159e-01,7.343750234994e-01,5.579332144335e-02
-3.023142321159e-01,7.656250244994e-01,5.579332144335e-02
-3.023142321159e-01,9.531250305000e-01,5.579332144335e-02
-3.023142321159e-01,9.843750315000e-01,5.579332144335e-02
-3.023142321159e-01,2.656250085005e-01,6.236931795465e-02
-3.023142321159e-01,4.218750135001e-01,5.699923385004e-02
-3.023142321159e-01,4.531250145001e-01,5.634548201170e-02
-3.023142321159e-01,4.843750155000e-01,5.593393798252e-02
-3.023142321159e-01,5.156250165000e-01,5.579332144335e-02
-3.023142321159e-01,6.406250204996e-01,5.579332144335e-02
-3.023142321159e-01,6.718750214996e-01,5.579332144335e-02
-3.023142321159e-01,7.031250224995e-01,5.579332144335e-02
-3.023142321159e-01,7.968750254995e-01,5.579332144335e-02
-3.023142321159e-01,8.281250264996e-01,5.579332144335e-02
-3.023142321159e-01,8.593750274997e-01,5.579332144335e-02
-3.023142321159e-01,8.906250284999e-01,5.579332144335e-02
-3.023142321159e-01,9.218750294999e-01,5.579332144335e-02
-3.023142321159e-01,6.093750194997e-01,5.579332144335e-02
-3.022387894415e-01,5.256977930406e+00,5.578910391276e-02
-3.022008410417e-01,1.016101340164e+00,5.578430899045e-02
-3.019740588934e-01,1.048303956493e+00,5.576627251566e-02
-3.017472767450e-01,1.080506572821e+00,5.574822059906e-02
-3.017310190489e-01,7.068772825749e+00,5.547838378556e-02
-3.015930969826e-01,8.342085965626e+00,5.527674284216e-02
-3.015417573807e-01,9.933999768340e+00,6.148796031769e-02
-3.015204945967e-01,1.112709189150e+00,5.573015322086e-02
-3.014161782624e-01,6.051120108773e+00,5.560224576950e-02
-3.012937124484e-01,1.144911805478e+00,5.571207036121e-02
-3.010669303001e-01,1.177114421807e+00,5.569397200024e-02
-3.010034646641e-01,5.225256717254e+00,5.569051425703e-02
-3.008401481518e-01,1.209317038135e+00,5.567585811806e-02
-3.007437318833e-01,9.908996017074e+00,6.043778163655e-02
-3.007302186406e-01,7.037004054589e+00,5.539809303497e-02
-3.007097188411e-01,8.310295387712e+00,5.520575007106e-02
-3.006133660034e-01,1.241519654464e+00,5.565772869472e-02
-3.003865838551e-01,1.273722270792e+00,5.563958371024e-02
-3.002980602667e-01,6.019374459367e+00,5.551256902368e-02
-3.001598017068e-01,1.305924887121e+00,5.562142314463e-02
-2.999457063859e-01,9.883992265808e+00,5.940007112673e-02
-2.999330195585e-01,1.338127503449e+00,5.560324697783e-02
-2.998263406996e-01,8.278504809799e+00,5.513452240950e-02
-2.997681398866e-01,5.193535504103e+00,5.559147081533e-02
-2.997294182324e-01,7.005235283429e+00,5.531750122070e-02
-2.997062374102e-01,1.370330119778e+00,5.558505518979e-02
-2.994794552618e-01,1.402532736106e+00,5.556684776037e-02
-2.992526731135e-01,1.434735352435e+00,5.554862466945e-02
-2.991799422709e-01,5.987628809961e+00,5.542251692167e-02
-2.991476808885e-01,9.858988514543e+00,5.839333600073e-02
-2.990258909652e-01,1.466937968764e+00,5.553038589684e-02
-2.989429625581e-01,8.246714231885e+00,5.506305870782e-02
-2.987991088169e-01,1.499140585092e+00,5.551213142232e-02
-2.987286178241e-01,6.973466512268e+00,5.523660668164e-02
-2.985723266686e-01,1.531343201420e+00,5.549386122566e-02
-2.985328151092e-01,5.161814290951e+00,5.549197056102e-02
-2.983496553912e-01,9.833984763277e+00,5.744000890954e-02
-2.983455445202e-01,1.563545817749e+00,5.547557528656e-02
-2.981187623719e-01,1.595748434077e+00,5.545727358470e-02
-2.980618242752e-01,5.955883160555e+00,5.533208716759e-02
-2.980595844167e-01,8.214923653971e+00,5.499135780907e-02
-2.978919802236e-01,1.627951050406e+00,5.543895609974e-02
-2.977278174158e-01,6.941697741108e+00,5.515540774485e-02
-2.976651980753e-01,1.660153666734e+00,5.542062281128e-02
-2.975516298938e-01,9.808981012012e+00,5.656608870351e-02
-2.974384159270e-01,1.692356283063e+00,5.540227369891e-02
-2.972974903317e-01,5.130093077800e+00,5.539201044235e-02
-2.972116337786e-01,1.724558899391e+00,5.538390874216e-02
-2.971762062752e-01,8.183133076058e+00,5.491941854887e-02
-2.969848516303e-01,1.756761515720e+00,5.536552792053e-02
-2.969437062794e-01,5.924137511149e+00,5.524127744769e-02
-2.967580694820e-01,1.788964132048e+00,5.534713121351e-02
-2.967536043964e-01,9.783977260747e+00,5.580010936805e-02
-2.967270170076e-01,6.909928969947e+00,5.507390272553e-02
-2.965312873337e-01,1.821166748377e+00,5.532871860052e-02
-2.963045051854e-01,1.853369364705e+00,5.531029006096e-02
-2.962928281337e-01,8.151342498144e+00,5.484723975547e-02
-2.960777230370e-01,1.885571981034e+00,5.529184557420e-02
-2.960621655543e-01,5.098371864648e+00,5.529158738218e-02
-2.959555788990e-01,9.758973509481e+00,5.517129442509e-02
-2.958509408887e-01,1.917774597362e+00,5.527338511957e-02
-2.958255882837e-01,5.892391861743e+00,5.515008543029e-02
-2.957262165993e-01,6.878160198786e+00,5.499208992686e-02
-2.956241587404e-01,1.949977213690e+00,5.525490867636e-02
-2.954094499922e-01,8.119551920231e+00,5.477482024957e-02
-2.953973765921e-01,1.982179830019e+00,5.523641622382e-02
-2.951705944438e-01,2.014382446347e+00,5.521790774119e-02
-2.951575534016e-01,9.733969758215e+00,5.470692725780e-02
-2.949438122954e-01,2.046585062676e+00,5.519938320763e-02
-2.948268407769e-01,5.066650651497e+00,5.519069827784e-02
-2.947254161910e-01,6.846391427625e+00,5.490996763995e-02
-2.947170301471e-01,2.078787679004e+00,5.518084260231e-02
-2.947074702880e-01,5.860646212337e+00,5.505850876555e-02
-2.945260718508e-01,8.087761342317e+00,5.470215884437e-02
-2.944902479988e-01,2.110990295332e+00,5.516228590432e-02
-2.943595279042e-01,9.708966006949e+00,5.442938279109e-02
-2.942634658505e-01,2.143192911661e+00,5.514371309276e-02
-2.940366837022e-01,2.175395527990e+00,5.512512414666e-02
-2.938099015538e-01,2.207598144318e+00,5.510651904503e-02
-2.937246157827e-01,6.814622656464e+00,5.482753414371e-02
-2.936426937093e-01,8.055970764403e+00,5.462925434544e-02
-2.935915159994e-01,5.034929438345e+00,5.508934000083e-02
-2.935893522922e-01,5.828900562931e+00,5.496654508540e-02
-2.935831194055e-01,2.239800760646e+00,5.508789776683e-02
-2.935775864935e-01,9.680558596721e+00,5.436900253956e-02
-2.933563372572e-01,2.272003376975e+00,5.506926029099e-02
-2.931295551089e-01,2.304205993303e+00,5.505060659641e-02
-2.929027729606e-01,2.336408609632e+00,5.503193666194e-02
-2.928117291695e-01,9.648747527530e+00,5.430548564932e-02
-2.927593155678e-01,8.024180186490e+00,5.455610555068e-02
-2.927238153745e-01,6.782853885304e+00,5.474478770475e-02
-2.926759908122e-01,2.368611225961e+00,5.501325046641e-02
-2.924712342965e-01,5.797154913525e+00,5.487419200330e-02
-2.924492086639e-01,2.400813842289e+00,5.499454798860e-02
-2.923561912220e-01,5.003208225194e+00,5.498750939667e-02
-2.922224265156e-01,2.433016458617e+00,5.497582920726e-02
-2.920458718455e-01,9.616936458340e+00,5.424180103838e-02
-2.919956443673e-01,2.465219074946e+00,5.495709410110e-02
-2.918759374264e-01,7.992389608576e+00,5.448271125032e-02
-2.917688622190e-01,2.497421691274e+00,5.493834264879e-02
-2.917230149662e-01,6.751085114143e+00,5.466172657728e-02
-2.915420800706e-01,2.529624307603e+00,5.491957482897e-02
-2.913531163007e-01,5.765409264119e+00,5.478144711410e-02
-2.913152979223e-01,2.561826923932e+00,5.490079062023e-02
-2.912800145215e-01,9.585125389149e+00,5.417793131991e-02
-2.911208664445e-01,4.971487012042e+00,5.488520328462e-02
-2.910885157740e-01,2.594029540260e+00,5.488199000114e-02
-2.909925592849e-01,7.960599030663e+00,5.440907022675e-02
-2.908617336257e-01,2.626232156588e+00,5.486317295022e-02
-2.907222145579e-01,6.719316342983e+00,5.457834900305e-02
-2.906349514774e-01,2.658434772917e+00,5.484433944596e-02
-2.905141571974e-01,9.553314319958e+00,5.411387569541e-02
-2.904081693290e-01,2.690637389245e+00,5.482548946680e-02
-2.902349983050e-01,5.733663614713e+00,5.468830799394e-02
-2.901813871807e-01,2.722840005574e+00,5.480662299117e-02
-2.901091811434e-01,7.928808452749e+00,5.433518125455e-02
-2.899546050324e-01,2.755042621903e+00,5.478773999742e-02
-2.898855416671e-01,4.939765798890e+00,5.478241845745e-02
-2.897482998734e-01,9.521503250767e+00,5.404963336184e-02
-2.897278228841e-01,2.787245238231e+00,5.476884046390e-02
-2.897214141497e-01,6.687547571822e+00,5.449465321119e-02
-2.895010407358e-01,2.819447854560e+00,5.474992436891e-02
-2.892742585874e-01,2.851650470888e+00,5.473099169070e-02
-2.892258030019e-01,7.897017874836e+00,5.426104310042e-02
-2.891168803092e-01,5.701917965307e+00,5.459477220000e-02
-2.890474764391e-01,2.883853087217e+00,5.471204240749e-02
-2.889824425494e-01,9.489692181576e+00,5.398520351165e-02
-2.888206942908e-01,2.916055703546e+00,5.469307649749e-02
-2.887206137414e-01,6.655778800661e+00,5.441063741810e-02
-2.886502168896e-01,4.908044585739e+00,5.467915168129e-02
-2.885939121425e-01,2.948258319874e+00,5.467409393880e-02
-2.883671299941e-01,2.980460936203e+00,5.465509470957e-02
-2.883424248604e-01,7.865227296922e+00,5.418665452306e-02
-2.882165852253e-01,9.457881112386e+00,5.392058533268e-02
-2.881403478458e-01,3.012663552532e+00,5.463607878786e-02
-2.879987623135e-01,5.670172315901e+00,5.450083727041e-02
-2.879135656975e-01,3.044866168860e+00,5.461704615167e-02
-2.877198133331e-01,6.624010029500e+00,5.432629982742e-02
-2.876867835492e-01,3.077068785189e+00,5.459799677903e-02
-2.874600014009e-01,3.109271401518e+00,5.457893064787e-02
-2.874590467190e-01,7.833436719009e+00,5.411201427322e-02
-2.874507279013e-01,9.426070043195e+00,5.385577800822e-02
-2.874148921122e-01,4.876323372588e+00,5.457539969532e-02
-2.872332192525e-01,3.141474017846e+00,5.455984773611e-02
-2.870064371042e-01,3.173676634175e+00,5.454074802162e-02
-2.868806443177e-01,5.638426666495e+00,5.440650072404e-02
-2.867796549559e-01,3.205879250504e+00,5.452163148225e-02
-2.867190129248e-01,6.592241258340e+00,5.424163862986e-02
-2.866848705773e-01,9.394258974004e+00,5.379078071687e-02
-2.865756685775e-01,7.801646141095e+00,5.403712109349e-02
-2.865528728076e-01,3.238081866832e+00,5.450249809579e-02
-2.863260906593e-01,3.270284483161e+00,5.448334784000e-02
-2.861795673347e-01,4.844602159436e+00,5.447115921155e-02
-2.860993085109e-01,3.302487099490e+00,5.446418069260e-02
-2.859190132533e-01,9.362447904813e+00,5.372559263261e-02
-2.858725263626e-01,3.334689715818e+00,5.444499663126e-02
-2.857625263220e-01,5.606681017089e+00,5.431176006037e-02
-2.857182125166e-01,6.560472487179e+00,5.415665200310e-02
-2.856922904360e-01,7.769855563181e+00,5.396197371838e-02
-2.856457442143e-01,3.366892332147e+00,5.442579563363e-02
-2.854189620660e-01,3.399094948475e+00,5.440657767732e-02
-2.851921799176e-01,3.431297564804e+00,5.438734273987e-02
-2.851531559293e-01,9.330636835622e+00,5.366021292469e-02
-2.849653977693e-01,3.463500181133e+00,5.436809079882e-02
-2.849442425573e-01,4.812880946285e+00,5.436642691466e-02
-2.848089122945e-01,7.738064985268e+00,5.388657087417e-02
-2.847386156210e-01,3.495702797461e+00,5.434882183164e-02
-2.847174121083e-01,6.528703716019e+00,5.407133811173e-02
-2.846444083262e-01,5.574935367683e+00,5.421661275929e-02
-2.845118334727e-01,3.527905413790e+00,5.432953581578e-02
-2.843872986052e-01,9.298825766431e+00,5.359464075765e-02
-2.842850513244e-01,3.560108030119e+00,5.431023272865e-02
-2.840582691760e-01,3.592310646447e+00,5.429091254760e-02
-2.839255341531e-01,7.706274407355e+00,5.381091127888e-02
-2.838314870277e-01,3.624513262776e+00,5.427157524995e-02
-2.837166117000e-01,6.496934944858e+00,5.398569510707e-02
-2.837089177799e-01,4.781159733133e+00,5.426119946166e-02
-2.836214412812e-01,9.267014697241e+00,5.352887529125e-02
-2.836047048794e-01,3.656715879105e+00,5.425222081300e-02
-2.835262903305e-01,5.543189718277e+00,5.412105628095e-02
-2.833779227311e-01,3.688918495433e+00,5.423284921398e-02
-2.831511405827e-01,3.721121111762e+00,5.421346043009e-02
-2.830421560116e-01,7.674483829441e+00,5.373499364221e-02
-2.829243584344e-01,3.753323728091e+00,5.419405443850e-02
-2.828555839572e-01,9.235203628050e+00,5.346291568049e-02
-2.827158112917e-01,6.465166173697e+00,5.389972112713e-02
-2.826975762861e-01,3.785526344419e+00,5.417463121633e-02
-2.824735930024e-01,4.749438519982e+00,5.415547348179e-02
-2.824707941378e-01,3.817728960748e+00,5.415519074066e-02
-2.824081723347e-01,5.511444068871e+00,5.402508806563e-02
-2.822440119895e-01,3.849931577077e+00,5.413573298852e-02
-2.821587778701e-01,7.642693251528e+00,5.365881666547e-02
-2.820897266332e-01,9.203392558859e+00,5.339676107551e-02
-2.820172298411e-01,3.882134193405e+00,5.411625793692e-02
-2.817904476928e-01,3.914336809734e+00,5.409676556282e-02
-2.817150108835e-01,6.433397402537e+00,5.381341429645e-02
-2.815636655445e-01,3.946539426063e+00,5.407725584314e-02
-2.813368833962e-01,3.978742042391e+00,5.405772875474e-02
-2.813238693091e-01,9.171581489669e+00,5.333041062159e-02
-2.812900543390e-01,5.479698419465e+00,5.392870553350e-02
-2.812753997287e-01,7.610902673614e+00,5.358237904150e-02
-2.812382682250e-01,4.717717306830e+00,5.404924557614e-02
-2.811101012479e-01,4.010944658720e+00,5.403818427447e-02
-2.808833190995e-01,4.043147275049e+00,5.401862237913e-02
-2.807142104752e-01,6.401628631376e+00,5.372677272601e-02
-2.806565369512e-01,4.075349891377e+00,5.399904304545e-02
-2.805580119851e-01,9.139770420478e+00,5.326386345913e-02
-2.804297548029e-01,4.107552507706e+00,5.397944625016e-02
-2.803920215872e-01,7.579112095701e+00,5.350567945462e-02
-2.802029726546e-01,4.139755124035e+00,5.395983196992e-02
-2.801719363432e-01,5.447952770059e+00,5.383190608448e-02
-2.800029434475e-01,4.685996093679e+00,5.394251231759e-02
-2.799761905063e-01,4.171957740363e+00,5.394020018137e-02
-2.797921546611e-01,9.107959351287e+00,5.319711872361e-02
-2.797494083579e-01,4.204160356692e+00,5.392055086109e-02
-2.797134100669e-01,6.369859860215e+00,5.363979451314e-02
-2.795226262096e-01,4.236362973020e+00,5.390088398562e-02
-2.795086434457e-01,7.547321517787e+00,5.342871658061e-02
-2.792958440613e-01,4.268565589349e+00,5.388119953147e-02
-2.790690619130e-01,4.300768205678e+00,5.386149747510e-02
-2.790538183475e-01,5.416207120653e+00,5.373468709813e-02
-2.790262973370e-01,9.076148282097e+00,5.313017554553e-02
-2.788422797646e-01,4.332970822006e+00,5.384177779292e-02
-2.787676186701e-01,4.654274880527e+00,5.383527025041e-02
-2.787126096587e-01,6.338091089054e+00,5.355247774137e-02
-2.786252653042e-01,7.515530939873e+00,5.335148908651e-02
-2.786154976163e-01,4.365173438335e+00,5.382204046133e-02
-2.783887154680e-01,4.397376054664e+00,5.380228545664e-02
-2.782604400130e-01,9.044337212906e+00,5.306303305040e-02
-2.781619333197e-01,4.429578670992e+00,5.378251275516e-02
-2.779357003517e-01,5.384461471247e+00,5.363704593337e-02
-2.779351511713e-01,4.461781287321e+00,5.376272233312e-02
-2.777418871628e-01,7.483740361960e+00,5.327399563075e-02
-2.777118092504e-01,6.306322317894e+00,5.346482048035e-02
-2.777083690230e-01,4.493983903650e+00,5.374291416675e-02
-2.775322938926e-01,4.622553667376e+00,5.372751589013e-02
-2.774945826890e-01,9.012526143715e+00,5.299569035871e-02
-2.774815868747e-01,4.526186519978e+00,5.372308823221e-02
-2.772548047264e-01,4.558389136307e+00,5.370324450561e-02
-2.770280225781e-01,4.590591752636e+00,5.368338296304e-02
-2.768585090213e-01,7.451949784046e+00,5.319623486290e-02
-2.768175823560e-01,5.352715821841e+00,5.353897992838e-02
-2.767287253650e-01,8.980715074524e+00,5.292814658588e-02
-2.767110088421e-01,6.274553546733e+00,5.337682078569e-02
-2.759751308798e-01,7.420159206133e+00,5.311820542371e-02
-2.759628680409e-01,8.948904005333e+00,5.286040084223e-02
-2.757102084338e-01,6.242784775573e+00,5.328847669892e-02
-2.756994643602e-01,5.320970172435e+00,5.344048640042e-02
-2.754435459165e-01,1.068733173480e+01,6.608629160666e-06
-2.751970107169e-01,8.917092936142e+00,5.279245223295e-02
-2.750917527383e-01,7.388368628219e+00,5.303990594501e-02
-2.747682555172e-01,1.066232415135e+01,1.009378437655e-02
-2.747094080256e-01,6.211016004412e+00,5.319978624730e-02
-2.745813463645e-01,5.289224523029e+00,5.334156264563e-02
-2.744311533929e-01,8.885281866951e+00,5.272429985806e-02
-2.742083745969e-01,7.356578050306e+00,5.296133504965e-02
-2.740929651180e-01,1.063731656790e+01,1.830354693322e-02
-2.737086076173e-01,6.179247233251e+00,5.311074744377e-02
-2.736652960689e-01,8.853470797760e+00,5.265594281237e-02
-2.735224004858e-01,4.687500150008e-02,6.925333020842e-02
-2.735224004858e-01,2.343750075005e-01,6.243541391014e-02
-2.735224004858e-01,2.968750095005e-01,5.967174129244e-02
-2.735224004858e-01,1.562500050003e-02,7.023419948489e-02
-2.735224004858e-01,7.812500250012e-02,6.822379564820e-02
-2.735224004858e-01,1.406250045003e-01,6.602569579734e-02
-2.735224004858e-01,2.031250065004e-01,6.367770124717e-02
-2.735224004858e-01,2.656250085005e-01,6.106046730986e-02
-2.735224004858e-01,3.281250105004e-01,5.829903536341e-02
-2.735224004858e-01,3.593750115003e-01,5.698291643797e-02
-2.735224004858e-01,5.468750174999e-01,5.324580423538e-02
-2.735224004858e-01,5.781250184998e-01,5.324580423538e-02
-2.735224004858e-01,9.531250305000e-01,5.324580423538e-02
-2.735224004858e-01,1.093750035002e-01,6.714685605183e-02
-2.735224004858e-01,1.718750055004e-01,6.486616511797e-02
-2.735224004858e-01,3.906250125002e-01,5.577513354098e-02
-2.735224004858e-01,4.218750135001e-01,5.473667818223e-02
-2.735224004858e-01,4.531250145001e-01,5.393231395732e-02
-2.735224004858e-01,4.843750155000e-01,5.342127798495e-02
-2.735224004858e-01,5.156250165000e-01,5.324580423538e-02
-2.735224004858e-01,6.093750194997e-01,5.324580423538e-02
-2.735224004858e-01,6.406250204996e-01,5.324580423538e-02
-2.735224004858e-01,6.718750214996e-01,5.324580423538e-02
-2.735224004858e-01,7.031250224995e-01,5.324580423538e-02
-2.735224004858e-01,7.343750234994e-01,5.324580423538e-02
-2.735224004858e-01,7.656250244994e-01,5.324580423538e-02
-2.735224004858e-01,7.968750254995e-01,5.324580423538e-02
-2.735224004858e-01,8.281250264996e-01,5.324580423538e-02
-2.735224004858e-01,8.593750274997e-01,5.324580423538e-02
-2.735224004858e-01,8.906250284999e-01,5.324580423538e-02
-2.735224004858e-01,9.218750294999e-01,5.324580423538e-02
-2.735224004858e-01,9.843750315000e-01,5.324580423538e-02
-2.734632283687e-01,5.257478873623e+00,5.324220593890e-02
-2.734198085616e-01,1.016101340164e+00,5.323668301042e-02
-2.734176747188e-01,1.061230898444e+01,2.511156492008e-02
-2.733249964554e-01,7.324787472392e+00,5.288249135142e-02
-2.732146247131e-01,1.048303956493e+00,5.321842938961e-02
-2.730094408646e-01,1.080506572821e+00,5.320016085908e-02
-2.728994387448e-01,8.821659728570e+00,5.258738018545e-02
-2.728042570161e-01,1.112709189150e+00,5.318187740059e-02
-2.727423843195e-01,1.058730140099e+01,3.084845145771e-02
-2.727078072090e-01,6.147478462091e+00,5.302135828676e-02
-2.725990731676e-01,1.144911805478e+00,5.316357899585e-02
-2.724416183139e-01,7.292996894478e+00,5.280337345499e-02
-2.723938893192e-01,1.177114421807e+00,5.314526562657e-02
-2.723451103730e-01,5.225733224217e+00,5.314241353362e-02
-2.721887054707e-01,1.209317038135e+00,5.312693727442e-02
-2.721335814208e-01,8.789848659379e+00,5.251861106161e-02
-2.720670939203e-01,1.056229381754e+01,3.574842831004e-02
-2.719835216222e-01,1.241519654464e+00,5.310859392102e-02
-2.717783377737e-01,1.273722270792e+00,5.309023554800e-02
-2.717070068007e-01,6.115709690930e+00,5.293161676014e-02
-2.715731539252e-01,1.305924887121e+00,5.307186213690e-02
-2.715582401724e-01,7.261206316565e+00,5.272397995583e-02
-2.713918035211e-01,1.053728623408e+01,3.998206839079e-02
-2.713679700768e-01,1.338127503449e+00,5.305347366929e-02
-2.713677240968e-01,8.758037590188e+00,5.244963451983e-02
-2.712269923772e-01,5.193987574811e+00,5.304218266162e-02
-2.711627862283e-01,1.370330119778e+00,5.303507012669e-02
-2.709576023798e-01,1.402532736106e+00,5.301665149057e-02
-2.707524185313e-01,1.434735352435e+00,5.299821774239e-02
-2.707165131218e-01,1.051227865063e+01,4.367654081656e-02
-2.707062063925e-01,6.083940919769e+00,5.284152083308e-02
-2.706748620310e-01,7.229415738652e+00,5.264430944016e-02
-2.706018667727e-01,8.726226520997e+00,5.238044963373e-02
-2.705472346828e-01,1.466937968764e+00,5.297976886357e-02
-2.703420508343e-01,1.499140585092e+00,5.296130483551e-02
-2.701368669859e-01,1.531343201420e+00,5.294282563958e-02
-2.701088743815e-01,5.162241925405e+00,5.294151053282e-02
-2.700412227226e-01,1.048727106718e+01,4.692859081755e-02
-2.699316831374e-01,1.563545817749e+00,5.292433125709e-02
-2.698360094487e-01,8.694415451806e+00,5.231105547157e-02
-2.697914838895e-01,7.197625160738e+00,5.256436048487e-02
-2.697264992889e-01,1.595748434077e+00,5.290582166936e-02
-2.697054059842e-01,6.052172148609e+00,5.275106845991e-02
-2.695213154404e-01,1.627951050406e+00,5.288729685766e-02
-2.693659323233e-01,1.046226348373e+01,4.981312454660e-02
-2.693161315920e-01,1.660153666734e+00,5.286875680323e-02
-2.691109477435e-01,1.692356283063e+00,5.285020148728e-02
-2.690701521247e-01,8.662604382615e+00,5.224145109618e-02
-2.689907563857e-01,5.130496275999e+00,5.284039433526e-02
-2.689081057480e-01,7.165834582825e+00,5.248413165743e-02
-2.689057638950e-01,1.724558899391e+00,5.283163089097e-02
-2.687046055759e-01,6.020403377448e+00,5.266025758002e-02
-2.687005800465e-01,1.756761515720e+00,5.281304499547e-02
-2.686906419241e-01,1.043725590027e+01,5.238904228914e-02
-2.684953961980e-01,1.788964132048e+00,5.279444378190e-02
-2.683042948007e-01,8.630793313424e+00,5.217163556492e-02
-2.682902123495e-01,1.821166748377e+00,5.277582723133e-02
-2.680850285011e-01,1.853369364705e+00,5.275719532483e-02
-2.680247276065e-01,7.134044004911e+00,5.240362151584e-02
-2.680153515248e-01,1.041224831682e+01,5.470329682724e-02
-2.678798446526e-01,1.885571981034e+00,5.273854804340e-02
-2.678726383900e-01,5.098750626593e+00,5.273883123473e-02
-2.677038051677e-01,5.988634606288e+00,5.256908611773e-02
-2.676746608041e-01,1.917774597362e+00,5.271988536805e-02
-2.675384374766e-01,8.598982244234e+00,5.210160792963e-02
-2.674694769556e-01,1.949977213690e+00,5.270120727974e-02
-2.673400611256e-01,1.038724073337e+01,5.679377657925e-02
-2.672642931071e-01,1.982179830019e+00,5.268251375940e-02
-2.671413494651e-01,7.102253426998e+00,5.232282860856e-02
-2.670591092587e-01,2.014382446347e+00,5.266380478792e-02
-2.668539254102e-01,2.046585062676e+00,5.264508034617e-02
-2.667725801526e-01,8.567171175043e+00,5.203136723667e-02
-2.667545203942e-01,5.067004977187e+00,5.263681837474e-02
-2.667030047594e-01,5.956865835127e+00,5.247755198220e-02
-2.666647707264e-01,1.036223314992e+01,5.869139227768e-02
-2.666487415617e-01,2.078787679004e+00,5.262634041498e-02
-2.664435577132e-01,2.110990295332e+00,5.260758497518e-02
-2.662579713236e-01,7.070462849084e+00,5.224175147442e-02
-2.662383738647e-01,2.143192911661e+00,5.258881400750e-02
-2.660331900162e-01,2.175395527990e+00,5.257002749271e-02
-2.660067228286e-01,8.535360105852e+00,5.196091252677e-02
-2.659894803271e-01,1.033722556646e+01,6.042161257820e-02
-2.658280061678e-01,2.207598144318e+00,5.255122541150e-02
-2.657022043511e-01,5.925097063966e+00,5.238565306726e-02
-2.656364023985e-01,5.035259327781e+00,5.253435287624e-02
-2.656228223193e-01,2.239800760646e+00,5.253240774455e-02
-2.654176384708e-01,2.272003376975e+00,5.251357447252e-02
-2.653745931821e-01,7.038672271171e+00,5.216038864257e-02
-2.653141899279e-01,1.031221798301e+01,6.200561122806e-02
-2.652408655046e-01,8.503549036661e+00,5.189024283508e-02
-2.652124546223e-01,2.304205993303e+00,5.249472557600e-02
-2.650072707739e-01,2.336408609632e+00,5.247586103557e-02
-2.648020869254e-01,2.368611225961e+00,5.245698083180e-02
-2.647014039428e-01,5.893328292806e+00,5.229338725131e-02
-2.646388995286e-01,1.028721039956e+01,6.346113579123e-02
-2.645969030769e-01,2.400813842289e+00,5.243808494518e-02
-2.645182844027e-01,5.003513678375e+00,5.243143183748e-02
-2.644912150407e-01,7.006881693258e+00,5.207873863238e-02
-2.644750081805e-01,8.471737967470e+00,5.181935719107e-02
-2.643917192284e-01,2.433016458617e+00,5.241917335622e-02
-2.641865353799e-01,2.465219074946e+00,5.240024604533e-02
-2.639813515315e-01,2.497421691274e+00,5.238130299296e-02
-2.639636091294e-01,1.026220281611e+01,6.480317371296e-02
-2.637761676830e-01,2.529624307603e+00,5.236234417950e-02
-2.637091508565e-01,8.439926898279e+00,5.174825461855e-02
-2.637006035346e-01,5.861559521645e+00,5.220075239722e-02
-2.636078368992e-01,6.975091115345e+00,5.199679995337e-02
-2.635709838345e-01,2.561826923932e+00,5.234336958527e-02
-2.634001664070e-01,4.971768028969e+00,5.232805233386e-02
-2.633657999860e-01,2.594029540260e+00,5.232437919063e-02
-2.632883187301e-01,1.023719523265e+01,6.604446881662e-02
-2.631606161375e-01,2.626232156588e+00,5.230537297583e-02
-2.629554322890e-01,2.658434772917e+00,5.228635092114e-02
-2.629432935325e-01,8.408115829088e+00,5.167693413557e-02
-2.627502484406e-01,2.690637389245e+00,5.226731300680e-02
-2.627244587577e-01,6.943300537432e+00,5.191457110517e-02
-2.626998031263e-01,5.829790750485e+00,5.210774635215e-02
-2.626130283309e-01,1.021218764920e+01,6.719592600318e-02
-2.625450645921e-01,2.722840005574e+00,5.224825921296e-02
-2.623398807436e-01,2.755042621903e+00,5.222918951982e-02
-2.622820484113e-01,4.940022379563e+00,5.222421141765e-02
-2.621774362085e-01,8.376304759898e+00,5.160539475442e-02
-2.621346968951e-01,2.787245238231e+00,5.221010390747e-02
-2.619377379317e-01,1.018718006575e+01,6.826693140218e-02
-2.619295130466e-01,2.819447854560e+00,5.219100235600e-02
-2.618410806163e-01,6.911509959518e+00,5.183205057740e-02
-2.617243291982e-01,2.851650470888e+00,5.217188484549e-02
-2.616990027180e-01,5.798021979324e+00,5.201436694747e-02
-2.615191453497e-01,2.883853087217e+00,5.215275135594e-02
-2.614115788844e-01,8.344493690707e+00,5.153363548159e-02
-2.613139615012e-01,2.916055703546e+00,5.213360186736e-02
-2.612624475324e-01,1.016217248229e+01,6.895276123221e-02
-2.611639304155e-01,4.908276730157e+00,5.211990611792e-02
-2.611087776527e-01,2.948258319874e+00,5.211443635969e-02
-2.609577024748e-01,6.879719381605e+00,5.174923684962e-02
-2.609035938042e-01,2.980460936203e+00,5.209525481285e-02
-2.606984099557e-01,3.012663552532e+00,5.207605720675e-02
-2.606982023098e-01,5.766253208163e+00,5.192061199865e-02
-2.606457215604e-01,8.312682621516e+00,5.146165531770e-02
-2.605871571332e-01,1.013716489884e+01,6.808710717965e-02
-2.604932261073e-01,3.044866168860e+00,5.205684352123e-02
-2.602880422588e-01,3.077068785189e+00,5.203761373610e-02
-2.600828584103e-01,3.109271401518e+00,5.201836783118e-02
-2.600743243333e-01,6.847928803691e+00,5.166612839123e-02
-2.600458124197e-01,4.876531080751e+00,5.201513344030e-02
-2.599118667339e-01,1.011215731539e+01,6.718400006360e-02
-2.598798642364e-01,8.280871552325e+00,5.138945325748e-02
-2.598776745618e-01,3.141474017846e+00,5.199910578620e-02
-2.596974019015e-01,5.734484437003e+00,5.182647930507e-02
-2.596724907133e-01,3.173676634175e+00,5.197982758089e-02
-2.594673068649e-01,3.205879250504e+00,5.196053319493e-02
-2.592621230164e-01,3.238081866832e+00,5.194122260797e-02
-2.592365763347e-01,1.008714973194e+01,6.624375437892e-02
-2.591909461919e-01,6.816138225778e+00,5.158272366142e-02
-2.591140069123e-01,8.249060483134e+00,5.131702828975e-02
-2.590569391679e-01,3.270284483161e+00,5.192189579965e-02
-2.589276944240e-01,4.844785431345e+00,5.190989036680e-02
-2.588517553194e-01,3.302487099490e+00,5.190255274952e-02
-2.586966014932e-01,5.702715665842e+00,5.173196664993e-02
-2.586465714709e-01,3.334689715818e+00,5.188319343716e-02
-2.585612859354e-01,1.006214214848e+01,6.526756792853e-02
-2.584413876225e-01,3.366892332147e+00,5.186381784206e-02
-2.583481495883e-01,8.217249413943e+00,5.124437939733e-02
-2.583075680504e-01,6.784347647865e+00,5.149902110910e-02
-2.582362037740e-01,3.399094948475e+00,5.184442594372e-02
-2.580310199255e-01,3.431297564804e+00,5.182501772159e-02
-2.578859955362e-01,1.003713456503e+01,6.424334909270e-02
-2.578258360770e-01,3.463500181133e+00,5.180559315506e-02
-2.578095764282e-01,4.813039781939e+00,5.180417385566e-02
-2.576958010849e-01,5.670946894681e+00,5.163707180013e-02
-2.576206522285e-01,3.495702797461e+00,5.178615222352e-02
-2.575822922643e-01,8.185438344752e+00,5.117150555702e-02
-2.574241899089e-01,6.752557069952e+00,5.141501917277e-02
-2.574154683800e-01,3.527905413790e+00,5.176669490632e-02
-2.572107051370e-01,1.001212698158e+01,6.310016774232e-02
-2.572102845315e-01,3.560108030119e+00,5.174722118274e-02
-2.570051006831e-01,3.592310646447e+00,5.172773103209e-02
-2.568164349403e-01,8.153627275562e+00,5.109840573961e-02
-2.567999168346e-01,3.624513262776e+00,5.170822443359e-02
-2.566950006767e-01,5.639178123521e+00,5.154179250617e-02
-2.566914584325e-01,4.781294132533e+00,5.169798084110e-02
-2.565947329861e-01,3.656715879105e+00,5.168870136643e-02
-2.565408117675e-01,6.720766492038e+00,5.133071628050e-02
-2.565354147377e-01,9.987119398127e+00,6.190856618770e-02
-2.563895491376e-01,3.688918495433e+00,5.166916180981e-02
-2.561843652891e-01,3.721121111762e+00,5.164960574283e-02
-2.560505776162e-01,8.121816206371e+00,5.102507890973e-02
-2.559791814407e-01,3.753323728091e+00,5.163003314460e-02
-2.558601243385e-01,9.962111814675e+00,6.067256419318e-02
-2.557739975922e-01,3.785526344419e+00,5.161044399419e-02
-2.556942002684e-01,5.607409352360e+00,5.144612650190e-02
-2.556574336260e-01,6.688975914125e+00,5.124611084980e-02
-2.555733404368e-01,4.749548483127e+00,5.159130823321e-02
-2.555688137437e-01,3.817728960748e+00,5.159083827061e-02
-2.553636298952e-01,3.849931577077e+00,5.157121595288e-02
-2.552847202922e-01,8.090005137180e+00,5.095152402592e-02
-2.551848339393e-01,9.937104231222e+00,5.939909763578e-02
-2.551584460467e-01,3.882134193405e+00,5.155157701992e-02
-2.549532621982e-01,3.914336809734e+00,5.153192145067e-02
-2.547740554845e-01,6.657185336211e+00,5.116120128760e-02
-2.547480783498e-01,3.946539426063e+00,5.151224922403e-02
-2.546933998601e-01,5.575640581200e+00,5.135007150455e-02
-2.545428945013e-01,3.978742042391e+00,5.149256031881e-02
-2.545188629682e-01,8.058194067989e+00,5.087774004050e-02
-2.545095435400e-01,9.912096647770e+00,5.809899357013e-02
-2.544552224410e-01,4.717802833721e+00,5.148415291773e-02
-2.543377106528e-01,4.010944658720e+00,5.147285471385e-02
-2.541325268043e-01,4.043147275049e+00,5.145313238793e-02
-2.539273429558e-01,4.075349891377e+00,5.143339331977e-02
-2.538906773430e-01,6.625394758298e+00,5.107598599012e-02
-2.538342531408e-01,9.887089064317e+00,5.678810562466e-02
-2.537530056442e-01,8.026382998798e+00,5.080372589957e-02
-2.537221591074e-01,4.107552507706e+00,5.141363748810e-02
-2.536925994519e-01,5.543871810039e+00,5.125362521451e-02
-2.535169752589e-01,4.139755124035e+00,5.139386487157e-02
-2.533371044453e-01,4.686057184315e+00,5.137651175588e-02
-2.533117914104e-01,4.171957740363e+00,5.137407544881e-02
-2.531589627416e-01,9.862081480865e+00,5.548851127883e-02
-2.531066075619e-01,4.204160356692e+00,5.135426919844e-02
-2.530072992016e-01,6.593604180384e+00,5.099046334279e-02
-2.529871483201e-01,7.994571929607e+00,5.072948054297e-02
-2.529014237134e-01,4.236362973020e+00,5.133444609900e-02
-2.526962398649e-01,4.268565589349e+00,5.131460612902e-02
-2.526917990436e-01,5.512103038878e+00,5.115678531517e-02
-2.524910560165e-01,4.300768205678e+00,5.129474926699e-02
-2.524836723423e-01,9.837073897413e+00,5.422954966670e-02
-2.522858721680e-01,4.332970822006e+00,5.127487549135e-02
-2.522212909961e-01,7.962760860416e+00,5.065500290424e-02
-2.522189864495e-01,4.654311534909e+00,5.126838158415e-02
-2.521239210601e-01,6.561813602471e+00,5.090463172022e-02
-2.520806883195e-01,4.365173438335e+00,5.125498478053e-02
-2.518755044710e-01,4.397376054664e+00,5.123507711290e-02
-2.518083819431e-01,9.812066313960e+00,5.304830465204e-02
-2.516909986353e-01,5.480334267718e+00,5.105954947288e-02
-2.516703206225e-01,4.429578670992e+00,5.121515246679e-02
-2.514651367741e-01,4.461781287321e+00,5.119521082052e-02
-2.514554336721e-01,7.930949791226e+00,5.058029191052e-02
-2.512599529256e-01,4.493983903650e+00,5.117525215234e-02
-2.512405429186e-01,6.530023024558e+00,5.081848948605e-02
-2.511330915438e-01,9.787058730508e+00,5.198895260294e-02
-2.511008684538e-01,4.622565885503e+00,5.115975921417e-02
-2.510547690771e-01,4.526186519978e+00,5.115527644049e-02
-2.508495852286e-01,4.558389136307e+00,5.113528366317e-02
-2.506901982270e-01,5.448565496557e+00,5.096191533675e-02
-2.506895763480e-01,7.899138722035e+00,5.050534648259e-02
-2.506444013801e-01,4.590591752636e+00,5.111527379852e-02
-2.504578011446e-01,9.762051147055e+00,5.110031342364e-02
-2.503571647772e-01,6.498232446644e+00,5.073203499290e-02
-2.499237190240e-01,7.867327652844e+00,5.043016553476e-02
-2.497825107454e-01,9.737043563603e+00,5.043116520267e-02
-2.496893978187e-01,5.416796725396e+00,5.086388053855e-02
-2.494737866357e-01,6.466441868731e+00,5.064526658233e-02
-2.491578617000e-01,7.835516583653e+00,5.035474797486e-02
-2.491072203461e-01,9.712035980150e+00,5.002378047011e-02
-2.486885974105e-01,5.385027954236e+00,5.076544269253e-02
-2.485904084942e-01,6.434651290818e+00,5.055818258467e-02
-2.484454531031e-01,9.683617066150e+00,4.992421651786e-02
-2.483920043760e-01,7.803705514462e+00,5.027909270418e-02
-2.477972090163e-01,9.651786821602e+00,4.985995724347e-02
-2.477070303527e-01,6.402860712904e+00,5.047078131899e-02
-2.476877970022e-01,5.353259183075e+00,5.066659939537e-02
-2.476261470519e-01,7.771894445271e+00,5.020319861743e-02
-2.471489649296e-01,9.619956577055e+00,4.979554370252e-02
-2.468602897279e-01,7.740083376081e+00,5.012706460270e-02
-2.468236522113e-01,6.371070134991e+00,5.038306109304e-02
-2.466869965939e-01,5.321490411914e+00,5.056734822598e-02
-2.465007208428e-01,9.588126332507e+00,4.973095839687e-02
-2.460944324039e-01,7.708272306890e+00,5.005068954140e-02
-2.459402740698e-01,6.339279557077e+00,5.029502020308e-02
-2.458524767560e-01,9.556296087959e+00,4.966620064725e-02
-2.456861961857e-01,5.289721640754e+00,5.046768674537e-02
-2.453285750799e-01,7.676461237699e+00,4.997407230821e-02
-2.452042326693e-01,9.524465843411e+00,4.960126977094e-02
-2.450568959283e-01,6.307488979164e+00,5.020665693390e-02
-2.447305688557e-01,3.593750115003e-01,5.497789919030e-02
-2.447305688557e-01,4.687500150008e-02,6.864809062401e-02
-2.447305688557e-01,7.812500250012e-02,6.753827174792e-02
-2.447305688557e-01,1.093750035002e-01,6.636856278796e-02
-2.447305688557e-01,1.406250045003e-01,6.514041993249e-02
-2.447305688557e-01,1.718750055004e-01,6.385802602458e-02
-2.447305688557e-01,2.343750075005e-01,6.116819294508e-02
-2.447305688557e-01,2.656250085005e-01,5.972797299583e-02
-2.447305688557e-01,2.968750095005e-01,5.813661124086e-02
-2.447305688557e-01,3.281250105004e-01,5.653786553597e-02
-2.447305688557e-01,3.906250125002e-01,5.352000409269e-02
-2.447305688557e-01,4.218750135001e-01,5.224393009124e-02
-2.447305688557e-01,4.531250145001e-01,5.123965418551e-02
-2.447305688557e-01,4.843750155000e-01,5.059382002887e-02
-2.447305688557e-01,5.468750174999e-01,5.037059108503e-02
-2.447305688557e-01,6.406250204996e-01,5.037059108503e-02
-2.447305688557e-01,7.031250224995e-01,5.037059108503e-02
-2.447305688557e-01,7.343750234994e-01,5.037059108503e-02
-2.447305688557e-01,7.968750254995e-01,5.037059108503e-02
-2.447305688557e-01,8.281250264996e-01,5.037059108503e-02
-2.447305688557e-01,8.593750274997e-01,5.037059108503e-02
-2.447305688557e-01,8.906250284999e-01,5.037059108503e-02
-2.447305688557e-01,9.218750294999e-01,5.037059108503e-02
-2.447305688557e-01,9.531250305000e-01,5.037059108503e-02
-2.447305688557e-01,9.843750315000e-01,5.037059108502e-02
-2.447305688557e-01,5.781250184998e-01,5.037059108503e-02
-2.447305688557e-01,6.718750214996e-01,5.037059108503e-02
-2.447305688557e-01,1.562500050003e-02,6.969840878647e-02
-2.447305688557e-01,2.031250065004e-01,6.252946163774e-02
-2.447305688557e-01,5.156250165000e-01,5.037059108502e-02
-2.447305688557e-01,6.093750194997e-01,5.037059108503e-02
-2.447305688557e-01,7.656250244994e-01,5.037059108503e-02
-2.446853957774e-01,5.257952869593e+00,5.036761249654e-02
-2.446387760814e-01,1.016101340164e+00,5.036140713011e-02
-2.445627177558e-01,7.644650168508e+00,4.989721177107e-02
-2.445559885825e-01,9.492635598864e+00,4.953616508165e-02
-2.444551905328e-01,1.048303956493e+00,5.034302858283e-02
-2.442716049841e-01,1.080506572821e+00,5.032463583857e-02
-2.441735177869e-01,6.275698401251e+00,5.011796955863e-02
-2.440880194355e-01,1.112709189150e+00,5.030622888092e-02
-2.439077444957e-01,9.460805354316e+00,4.947088588961e-02
-2.439044338868e-01,1.144911805478e+00,5.028780769342e-02
-2.437968604318e-01,7.612839099318e+00,4.982010679109e-02
-2.437208483382e-01,1.177114421807e+00,5.026937225958e-02
-2.436845953691e-01,5.226184098433e+00,5.026712300433e-02
-2.435372627896e-01,1.209317038135e+00,5.025092256290e-02
-2.433536772409e-01,1.241519654464e+00,5.023245858683e-02
-2.432901396454e-01,6.243907823337e+00,5.002895633875e-02
-2.432595004090e-01,9.428975109768e+00,4.940543150138e-02
-2.431700916923e-01,1.273722270792e+00,5.021398031483e-02
-2.430310031078e-01,7.581028030127e+00,4.974275622251e-02
-2.429865061436e-01,1.305924887121e+00,5.019548773031e-02
-2.428029205950e-01,1.338127503449e+00,5.017698081665e-02
-2.426837949609e-01,5.194415327272e+00,5.016621577529e-02
-2.426193350463e-01,1.370330119778e+00,5.015845955721e-02
-2.426112563222e-01,9.397144865220e+00,4.933980122003e-02
-2.424357494977e-01,1.402532736106e+00,5.013992393534e-02
-2.424067615039e-01,6.212117245424e+00,4.993961552394e-02
-2.422651457837e-01,7.549216960936e+00,4.966515891270e-02
-2.422521639491e-01,1.434735352435e+00,5.012137393436e-02
-2.420685784004e-01,1.466937968764e+00,5.010280953753e-02
-2.419630122354e-01,9.365314620672e+00,4.927399434497e-02
-2.418849928518e-01,1.499140585092e+00,5.008423072813e-02
-2.417014073031e-01,1.531343201420e+00,5.006563748938e-02
-2.416829945526e-01,5.162646556111e+00,5.006488829756e-02
-2.415233833625e-01,6.180326667511e+00,4.984994535201e-02
-2.415178217545e-01,1.563545817749e+00,5.004702980450e-02
-2.414992884597e-01,7.517405891745e+00,4.958731370204e-02
-2.413342362059e-01,1.595748434077e+00,5.002840765667e-02
-2.413147681487e-01,9.333484376125e+00,4.920801017196e-02
-2.411506506572e-01,1.627951050406e+00,5.000977102905e-02
-2.409670651086e-01,1.660153666734e+00,4.999111990476e-02
-2.407834795599e-01,1.692356283063e+00,4.997245426689e-02
-2.407334311357e-01,7.485594822554e+00,4.950921942393e-02
-2.406821941443e-01,5.130877784951e+00,4.996313804070e-02
-2.406665240619e-01,9.301654131577e+00,4.914184799314e-02
-2.406400052210e-01,6.148536089597e+00,4.975994404882e-02
-2.405998940113e-01,1.724558899391e+00,4.995377409855e-02
-2.404163084626e-01,1.756761515720e+00,4.993507938277e-02
-2.402327229140e-01,1.788964132048e+00,4.991637010258e-02
-2.400491373654e-01,1.821166748377e+00,4.989764624097e-02
-2.400182799751e-01,9.269823887030e+00,4.907550709696e-02
-2.399675738117e-01,7.453783753363e+00,4.943087490471e-02
-2.398655518167e-01,1.853369364705e+00,4.987890778092e-02
-2.397566270795e-01,6.116745511684e+00,4.966960982818e-02
-2.396819662681e-01,1.885571981034e+00,4.986015470539e-02
-2.396813937360e-01,5.099109013790e+00,4.986096245556e-02
-2.394983807194e-01,1.917774597362e+00,4.984138699727e-02
-2.393700358884e-01,9.237993642482e+00,4.900898676815e-02
-2.393147951708e-01,1.949977213690e+00,4.982260463947e-02
-2.392017164877e-01,7.421972684172e+00,4.935227896360e-02
-2.391312096222e-01,1.982179830019e+00,4.980380761483e-02
-2.389476240735e-01,2.014382446347e+00,4.978499590623e-02
-2.388732489381e-01,6.084954933771e+00,4.957894089177e-02
-2.387640385249e-01,2.046585062676e+00,4.976616949646e-02
-2.387217918016e-01,9.206163397934e+00,4.894228628774e-02
-2.386805933278e-01,5.067340242629e+00,4.975835897418e-02
-2.385804529762e-01,2.078787679004e+00,4.974732836830e-02
-2.384358591636e-01,7.390161614982e+00,4.927343041270e-02
-2.383968674276e-01,2.110990295332e+00,4.972847250450e-02
-2.382132818789e-01,2.143192911661e+00,4.970960188781e-02
-2.380735477148e-01,9.174333153387e+00,4.887540493300e-02
-2.380296963303e-01,2.175395527990e+00,4.969071650094e-02
-2.379898707966e-01,6.053164355857e+00,4.948793542906e-02
-2.378461107817e-01,2.207598144318e+00,4.967181632655e-02
-2.376797929195e-01,5.035571471469e+00,4.965532500963e-02
-2.376700018396e-01,7.358350545791e+00,4.919432805691e-02
-2.376625252330e-01,2.239800760646e+00,4.965290134729e-02
-2.374789396844e-01,2.272003376975e+00,4.963397154578e-02
-2.374253036281e-01,9.142502908839e+00,4.880834197743e-02
-2.372953541357e-01,2.304205993303e+00,4.961502690463e-02
-2.371117685871e-01,2.336408609632e+00,4.959606740641e-02
-2.371064926551e-01,6.021373777944e+00,4.939659161721e-02
-2.369281830385e-01,2.368611225961e+00,4.957709303365e-02
-2.369041445156e-01,7.326539476600e+00,4.911497069387e-02
-2.367770595413e-01,9.110672664291e+00,4.874109669073e-02
-2.367445974898e-01,2.400813842289e+00,4.955810376886e-02
-2.366789925112e-01,5.003802700308e+00,4.955185795587e-02
-2.365610119412e-01,2.433016458617e+00,4.953909959452e-02
-2.363774263925e-01,2.465219074946e+00,4.952008049312e-02
-2.362231145136e-01,5.989583200031e+00,4.930490762094e-02
-2.361938408439e-01,2.497421691274e+00,4.950104644706e-02
-2.361382871915e-01,7.294728407409e+00,4.903535711391e-02
-2.361288154545e-01,9.078842419744e+00,4.867366833882e-02
-2.360102552952e-01,2.529624307603e+00,4.948199743877e-02
-2.358266697466e-01,2.561826923932e+00,4.946293345059e-02
-2.356781921029e-01,4.972033929147e+00,4.944795518759e-02
-2.356430841980e-01,2.594029540260e+00,4.944385446490e-02
-2.354805713677e-01,9.047012175196e+00,4.860605618372e-02
-2.354594986493e-01,2.626232156588e+00,4.942476046402e-02
-2.353724298675e-01,7.262917338218e+00,4.895548610005e-02
-2.353397363722e-01,5.957792622117e+00,4.921288159254e-02
-2.352759131007e-01,2.658434772917e+00,4.940565143023e-02
-2.350923275520e-01,2.690637389245e+00,4.938652734579e-02
-2.349087420034e-01,2.722840005574e+00,4.936738819294e-02
-2.348323272810e-01,9.015181930648e+00,4.853825948362e-02
-2.347251564548e-01,2.755042621903e+00,4.934823395390e-02
-2.346773916947e-01,4.940265157987e+00,4.934361406013e-02
-2.346065725435e-01,7.231106269028e+00,4.887535642788e-02
-2.345415709061e-01,2.787245238231e+00,4.932906461085e-02
-2.344563582307e-01,5.926002044204e+00,4.912051167167e-02
-2.343579853575e-01,2.819447854560e+00,4.930988014594e-02
-2.341840831942e-01,8.983351686100e+00,4.847027749283e-02
-2.341743998088e-01,2.851650470888e+00,4.929068054128e-02
-2.339908142602e-01,2.883853087217e+00,4.927146577898e-02
-2.338407152195e-01,7.199295199837e+00,4.879496686554e-02
-2.338072287115e-01,2.916055703546e+00,4.925223584112e-02
-2.336765912864e-01,4.908496386826e+00,4.923883190931e-02
-2.336236431629e-01,2.948258319874e+00,4.923299070972e-02
-2.335729800893e-01,5.894211466290e+00,4.902779598537e-02
-2.335358391074e-01,8.951521441553e+00,4.840210946175e-02
-2.334400576143e-01,2.980460936203e+00,4.921373036681e-02
-2.332564720656e-01,3.012663552532e+00,4.919445479434e-02
-2.330748578954e-01,7.167484130646e+00,4.871431617369e-02
-2.330728865170e-01,3.044866168860e+00,4.917516397431e-02
-2.328893009683e-01,3.077068785189e+00,4.915585788862e-02
-2.328875950207e-01,8.919691197005e+00,4.833375463679e-02
-2.327057154197e-01,3.109271401518e+00,4.913653651917e-02
-2.326896019478e-01,5.862420888377e+00,4.893473264787e-02
-2.326757908781e-01,4.876727615665e+00,4.913360605130e-02
-2.325221298711e-01,3.141474017846e+00,4.911719984783e-02
-2.323385443224e-01,3.173676634175e+00,4.909784785643e-02
-2.323090005714e-01,7.135673061455e+00,4.863340310543e-02
-2.322393509339e-01,8.887860952457e+00,4.826521226048e-02
-2.321549587738e-01,3.205879250504e+00,4.907848052681e-02
-2.319713732251e-01,3.238081866832e+00,4.905909784073e-02
-2.318062238063e-01,5.830630310464e+00,4.884131976056e-02
-2.317877876765e-01,3.270284483161e+00,4.903969977995e-02
-2.316749904698e-01,4.844958844505e+00,4.902793378247e-02
-2.316042021278e-01,3.302487099490e+00,4.902028632619e-02
-2.315911068471e-01,8.856030707909e+00,4.819648157131e-02
-2.315431432474e-01,7.103861992265e+00,4.855222640623e-02
-2.314206165792e-01,3.334689715818e+00,4.900085746116e-02
-2.312370310305e-01,3.366892332147e+00,4.898141316651e-02
-2.310534454819e-01,3.399094948475e+00,4.896195342390e-02
-2.309428627604e-01,8.824200463362e+00,4.812756180378e-02
-2.309228456648e-01,5.798839732551e+00,4.874755541189e-02
-2.308698599333e-01,3.431297564804e+00,4.894247821491e-02
-2.307772859234e-01,7.072050923074e+00,4.847078481395e-02
-2.306862743846e-01,3.463500181133e+00,4.892298752114e-02
-2.306741900616e-01,4.813190073344e+00,4.892181237929e-02
-2.305026888360e-01,3.495702797461e+00,4.890348132415e-02
-2.303191032873e-01,3.527905413790e+00,4.888395960543e-02
-2.302946186736e-01,8.792370218814e+00,4.805845218835e-02
-2.301355177387e-01,3.560108030119e+00,4.886442234650e-02
-2.300394675234e-01,5.767049154637e+00,4.865343767728e-02
-2.300114285994e-01,7.040239853884e+00,4.838907705869e-02
-2.299519321901e-01,3.592310646447e+00,4.884486952880e-02
-2.297683466414e-01,3.624513262776e+00,4.882530113378e-02
-2.296733896533e-01,4.781421302184e+00,4.881523909814e-02
-2.296463745868e-01,8.760539974266e+00,4.798915195142e-02
-2.295847610928e-01,3.656715879105e+00,4.880571714284e-02
-2.294011755441e-01,3.688918495433e+00,4.878611753735e-02
-2.292455712753e-01,7.008428784693e+00,4.830710186285e-02
-2.292175899955e-01,3.721121111762e+00,4.876650229864e-02
-2.291560893819e-01,5.735258576724e+00,4.855896461900e-02
-2.290340044468e-01,3.753323728091e+00,4.874687140805e-02
-2.289981305000e-01,8.728709729718e+00,4.791966031531e-02
-2.288504188982e-01,3.785526344419e+00,4.872722484686e-02
-2.286725892450e-01,4.749652531023e+00,4.870821117522e-02
-2.286668333496e-01,3.817728960748e+00,4.870756259632e-02
-2.284832478009e-01,3.849931577077e+00,4.868788463763e-02
-2.284797139513e-01,6.976617715503e+00,4.822485794095e-02
-2.283498864133e-01,8.696879485171e+00,4.784997649824e-02
-2.282996622523e-01,3.882134193405e+00,4.866819095203e-02
-2.282727112404e-01,5.703467998811e+00,4.846413428611e-02
-2.281160767036e-01,3.914336809734e+00,4.864848152065e-02
-2.279324911550e-01,3.946539426063e+00,4.862875632465e-02
-2.277489056063e-01,3.978742042391e+00,4.860901534511e-02
-2.277138566273e-01,6.944806646312e+00,4.814234399969e-02
-2.277016423265e-01,8.665049240623e+00,4.778009971429e-02
-2.276717888368e-01,4.717883759862e+00,4.860072582644e-02
-2.275653200577e-01,4.010944658720e+00,4.858925856311e-02
-2.273893330990e-01,5.671677420897e+00,4.836894471435e-02
-2.273817345090e-01,4.043147275049e+00,4.856948595971e-02
-2.271981489604e-01,4.075349891377e+00,4.854969751592e-02
-2.270533982397e-01,8.633218996075e+00,4.771002917336e-02
-2.270145634118e-01,4.107552507706e+00,4.852989321271e-02
-2.269479993033e-01,6.912995577122e+00,4.805955873783e-02
-2.268309778631e-01,4.139755124035e+00,4.851007303102e-02
-2.266709884285e-01,4.686114988702e+00,4.849278024717e-02
-2.266473923145e-01,4.171957740363e+00,4.849023695181e-02
-2.265059549575e-01,5.639886842984e+00,4.827339392603e-02
-2.264638067658e-01,4.204160356692e+00,4.847038495596e-02
-2.264051541530e-01,8.601388751527e+00,4.763976408120e-02
-2.262802212172e-01,4.236362973020e+00,4.845051702432e-02
-2.261821419792e-01,6.881184507931e+00,4.797650084615e-02
-2.260966356686e-01,4.268565589349e+00,4.843063313772e-02
-2.259130501199e-01,4.300768205678e+00,4.841073327696e-02
-2.257569100662e-01,8.569558506979e+00,4.756930363931e-02
-2.257294645713e-01,4.332970822006e+00,4.839081742282e-02
-2.256701880202e-01,4.654346217541e+00,4.838437161226e-02
-2.256225768160e-01,5.608096265071e+00,4.817747992999e-02
-2.255458790226e-01,4.365173438335e+00,4.837088555603e-02
-2.254162846552e-01,6.849373438740e+00,4.789316900743e-02
-2.253900423920e-01,1.069031680727e+01,6.608629155998e-06
-2.253622934740e-01,4.397376054664e+00,4.835093765730e-02
-2.251787079253e-01,4.429578670992e+00,4.833097370729e-02
-2.251086659794e-01,8.537728262432e+00,4.749864704501e-02
-2.249951223767e-01,4.461781287321e+00,4.831099368668e-02
-2.248375053504e-01,1.066530599270e+01,1.009386319656e-02
-2.248115368280e-01,4.493983903650e+00,4.829099757605e-02
-2.247391986746e-01,5.576305687157e+00,4.808120072146e-02
-2.246693876119e-01,4.622577446380e+00,4.827549707579e-02
-2.246504273312e-01,6.817562369550e+00,4.780956189633e-02
-2.246279512794e-01,4.526186519978e+00,4.827098535601e-02
-2.244604218927e-01,8.505898017884e+00,4.742779349128e-02
-2.244443657308e-01,4.558389136307e+00,4.825095700707e-02
-2.242849683089e-01,1.064029517812e+01,1.830367652049e-02
-2.242607801821e-01,4.590591752636e+00,4.823091250980e-02
-2.238845700072e-01,6.785751300359e+00,4.772567817938e-02
-2.238558205331e-01,5.544515109244e+00,4.798455428196e-02
-2.238121778059e-01,8.474067773336e+00,4.735674216687e-02
-2.237324312673e-01,1.061528436355e+01,2.511172752638e-02
-2.231798942257e-01,1.059027354898e+01,3.084863549378e-02
-2.231639337191e-01,8.442237528788e+00,4.728549225620e-02
-2.231187126832e-01,6.753940231168e+00,4.764151651495e-02
-2.229724423916e-01,5.512724531331e+00,4.788753857925e-02
-2.226273571842e-01,1.056526273440e+01,3.574862601668e-02
-2.225156896323e-01,8.410407284240e+00,4.721404293934e-02
-2.223528553592e-01,6.722129161978e+00,4.755707555309e-02
-2.220890642501e-01,5.480933953417e+00,4.779015156718e-02
-2.220748201427e-01,1.054025191983e+01,3.998227446978e-02
-2.218674455456e-01,8.378577039693e+00,4.714239339199e-02
-2.215869980351e-01,6.690318092787e+00,4.747235393565e-02
-2.215222831011e-01,1.051524110526e+01,4.367675159491e-02
-2.212192014588e-01,8.346746795145e+00,4.707054278547e-02
-2.212056861087e-01,5.449143375504e+00,4.769239118566e-02
-2.209697460595e-01,1.049023029069e+01,4.692880372054e-02
-2.208211407111e-01,6.658507023596e+00,4.738735029603e-02
-2.205709573720e-01,8.314916550597e+00,4.699849028664e-02
-2.204172090180e-01,1.046521947611e+01,4.981333775634e-02
-2.203223079672e-01,5.417352797590e+00,4.759425536050e-02
-2.200552833871e-01,6.626695954405e+00,4.730206325925e-02
-2.199227132853e-01,8.283086306049e+00,4.692623505797e-02
-2.198646719764e-01,1.044020866154e+01,5.238925451794e-02
-2.194389298257e-01,5.385562219677e+00,4.749574200334e-02
-2.193121349349e-01,1.041519784697e+01,5.470350716407e-02
-2.192894260630e-01,6.594884885215e+00,4.721649144185e-02
-2.192744691985e-01,8.251256061502e+00,4.685377625738e-02
-2.187595978933e-01,1.039018703240e+01,5.679398438382e-02
-2.186262251117e-01,8.219425816954e+00,4.678111303836e-02
-2.185555516843e-01,5.353771641764e+00,4.739684901160e-02
-2.185235687390e-01,6.563073816024e+00,4.713063345185e-02
-2.182070608518e-01,1.036517621782e+01,5.869159710621e-02
-2.179779810249e-01,8.187595572406e+00,4.670824454981e-02
-2.177577114150e-01,6.531262746833e+00,4.704448788868e-02
-2.176721735428e-01,5.321981063850e+00,4.729757426830e-02
-2.176545238102e-01,1.034016540325e+01,6.042181413063e-02
-2.173297369382e-01,8.155765327858e+00,4.663516993608e-02
-2.171019867687e-01,1.031515458868e+01,6.200580931007e-02
-2.169918540910e-01,6.499451677643e+00,4.695805334313e-02
-2.167887954013e-01,5.290190485937e+00,4.719791564204e-02
-2.166814928514e-01,8.123935083310e+00,4.656188833695e-02
-2.165494497271e-01,1.029014377411e+01,6.346133028663e-02
-2.162259967670e-01,6.467640608452e+00,4.687132839728e-02
-2.160332487646e-01,8.092104838763e+00,4.648839888759e-02
-2.159969126856e-01,1.026513295953e+01,6.480336456338e-02
-2.159387372256e-01,3.593750115003e-01,5.285684659224e-02
-2.159387372256e-01,3.906250125002e-01,5.108504504605e-02
-2.159387372256e-01,4.843750155000e-01,4.739091043411e-02
-2.159387372256e-01,6.406250204996e-01,4.710023388046e-02
-2.159387372256e-01,6.718750214996e-01,4.710023388046e-02
-2.159387372256e-01,7.031250224995e-01,4.710023388046e-02
-2.159387372256e-01,8.281250264996e-01,4.710023388046e-02
-2.159387372256e-01,8.593750274997e-01,4.710023388046e-02
-2.159387372256e-01,8.906250284998e-01,4.710023388046e-02
-2.159387372256e-01,9.218750294999e-01,4.710023388046e-02
-2.159387372256e-01,9.531250305000e-01,4.710023388046e-02
-2.159387372256e-01,9.843750315000e-01,4.710023388046e-02
-2.159387372256e-01,7.812500250012e-02,6.687534553366e-02
-2.159387372256e-01,2.343750075005e-01,5.983693802959e-02
-2.159387372256e-01,2.656250085005e-01,5.826305398872e-02
-2.159387372256e-01,3.281250105004e-01,5.471122291550e-02
-2.159387372256e-01,4.218750135001e-01,4.949887588916e-02
-2.159387372256e-01,1.562500050003e-02,6.918716281630e-02
-2.159387372256e-01,4.687500150008e-02,6.806694892702e-02
-2.159387372256e-01,1.093750035002e-01,6.560982026507e-02
-2.159387372256e-01,1.406250045003e-01,6.426942650340e-02
-2.159387372256e-01,1.718750055004e-01,6.285578227689e-02
-2.159387372256e-01,2.031250065004e-01,6.137446591778e-02
-2.159387372256e-01,2.968750095005e-01,5.657315571148e-02
-2.159387372256e-01,4.531250145001e-01,4.822421616997e-02
-2.159387372256e-01,5.156250165000e-01,4.710023388046e-02
-2.159387372256e-01,5.468750174999e-01,4.710023388046e-02
-2.159387372256e-01,5.781250184998e-01,4.710023388046e-02
-2.159387372256e-01,6.093750194997e-01,4.710023388046e-02
-2.159387372256e-01,7.343750234994e-01,4.710023388046e-02
-2.159387372256e-01,7.656250244994e-01,4.710023388046e-02
-2.159387372256e-01,7.968750254995e-01,4.710023388046e-02
-2.159054172599e-01,5.258399908024e+00,4.709787098686e-02
-2.158577436012e-01,1.016101340164e+00,4.709105586680e-02
-2.156957563524e-01,1.048303956493e+00,4.707268990174e-02
-2.155337691036e-01,1.080506572821e+00,4.705431067443e-02
-2.154601394429e-01,6.435829539261e+00,4.678431162448e-02
-2.154443756440e-01,1.024012214496e+01,6.604465600647e-02
-2.153850046779e-01,8.060274594215e+00,4.641470071849e-02
-2.153717818548e-01,1.112709189150e+00,4.703591817052e-02
-2.152097946060e-01,1.144911805478e+00,4.701751237563e-02
-2.150478073572e-01,1.177114421807e+00,4.699909327539e-02
-2.150220391184e-01,5.226609330110e+00,4.699743814217e-02
-2.148918386025e-01,1.021511133039e+01,6.719610954847e-02
-2.148858201084e-01,1.209317038135e+00,4.698066085535e-02
-2.147367605911e-01,8.028444349667e+00,4.634079295550e-02
-2.147238328596e-01,1.241519654464e+00,4.696221510110e-02
-2.146942821189e-01,6.404018470071e+00,4.669700158923e-02
-2.145618456108e-01,1.273722270792e+00,4.694375599817e-02
-2.143998583620e-01,1.305924887121e+00,4.692528353210e-02
-2.143393015609e-01,1.019010051582e+01,6.826711134206e-02
-2.142378711132e-01,1.338127503449e+00,4.690679768838e-02
-2.141386609769e-01,5.194818752197e+00,4.689661493264e-02
-2.140885165043e-01,7.996614105119e+00,4.626667471976e-02
-2.140758838644e-01,1.370330119778e+00,4.688829845251e-02
-2.139284247949e-01,6.372207400880e+00,4.660939684716e-02
-2.139138966156e-01,1.402532736106e+00,4.686978580992e-02
-2.137867645193e-01,1.016508970124e+01,6.809239730487e-02
-2.137519093668e-01,1.434735352435e+00,4.685125974607e-02
-2.135899221179e-01,1.466937968764e+00,4.683272024636e-02
-2.134402724176e-01,7.964783860572e+00,4.619234512766e-02
-2.134279348691e-01,1.499140585092e+00,4.681416729622e-02
-2.132659476204e-01,1.531343201420e+00,4.679560088099e-02
-2.132552828355e-01,5.163028174284e+00,4.679539916810e-02
-2.132342274778e-01,1.014007888667e+01,6.712989106433e-02
-2.131625674709e-01,6.340396331689e+00,4.652149594499e-02
-2.131039603715e-01,1.563545817749e+00,4.677702098607e-02
-2.129419731228e-01,1.595748434077e+00,4.675842759674e-02
-2.127920283308e-01,7.932953616024e+00,4.611780329084e-02
-2.127799858740e-01,1.627951050406e+00,4.673982069834e-02
-2.126816904362e-01,1.011506807210e+01,6.611657306313e-02
-2.126179986251e-01,1.660153666734e+00,4.672120027616e-02
-2.124560113763e-01,1.692356283063e+00,4.670256631547e-02
-2.123967101468e-01,6.308585262499e+00,4.643329742046e-02
-2.123719046940e-01,5.131237596370e+00,4.669378864347e-02
-2.122940241275e-01,1.724558899391e+00,4.668391880153e-02
-2.121437842440e-01,7.901123371476e+00,4.604304831618e-02
-2.121320368787e-01,1.756761515720e+00,4.666525771954e-02
-2.121291533947e-01,1.009005725753e+01,6.505082483416e-02
-2.119700496299e-01,1.788964132048e+00,4.664658305472e-02
-2.118080623811e-01,1.821166748377e+00,4.662789479225e-02
-2.116460751323e-01,1.853369364705e+00,4.660919291730e-02
-2.116308528228e-01,6.276774193308e+00,4.634479980222e-02
-2.115766163531e-01,1.006504644295e+01,6.393172263757e-02
-2.114955401572e-01,7.869293126928e+00,4.596807930571e-02
-2.114885265525e-01,5.099447018457e+00,4.659178113867e-02
-2.114840878835e-01,1.885571981034e+00,4.659047741501e-02
-2.113221006347e-01,1.917774597362e+00,4.657174827049e-02
-2.111601133859e-01,1.949977213690e+00,4.655300546884e-02
-2.110240793116e-01,1.004003562838e+01,6.275939881962e-02
-2.109981261371e-01,1.982179830019e+00,4.653424899513e-02
-2.108649954988e-01,6.244963124118e+00,4.625600160983e-02
-2.108472960705e-01,7.837462882380e+00,4.589289535662e-02
-2.108361388883e-01,2.014382446347e+00,4.651547883443e-02
-2.106741516395e-01,2.046585062676e+00,4.649669497176e-02
-2.106051484110e-01,5.067656440544e+00,4.648937441847e-02
-2.105121643907e-01,2.078787679004e+00,4.647789739215e-02
-2.104715422700e-01,1.001502481381e+01,6.153553404881e-02
-2.103501771419e-01,2.110990295332e+00,4.645908608056e-02
-2.101990519837e-01,7.805632637833e+00,4.581749556122e-02
-2.101881898931e-01,2.143192911661e+00,4.644026102197e-02
-2.100991381748e-01,6.213152054927e+00,4.616690135371e-02
-2.100262026443e-01,2.175395527990e+00,4.642142220131e-02
-2.099190052285e-01,9.990013999236e+00,6.026401477227e-02
-2.098642153955e-01,2.207598144318e+00,4.640256960353e-02
-2.097217702696e-01,5.035865862630e+00,4.638656623245e-02
-2.097022281467e-01,2.239800760646e+00,4.638370321352e-02
-2.095508078969e-01,7.773802393285e+00,4.574187900694e-02
-2.095402408979e-01,2.272003376975e+00,4.636482301615e-02
-2.093782536491e-01,2.304205993303e+00,4.634592899628e-02
-2.093664681869e-01,9.965003184663e+00,5.886887451268e-02
-2.093332808508e-01,6.181340985736e+00,4.607749753501e-02
-2.092162664003e-01,2.336408609632e+00,4.632702113874e-02
-2.090542791515e-01,2.368611225961e+00,4.630809942835e-02
-2.089025638102e-01,7.741972148737e+00,4.566604477624e-02
-2.088922919027e-01,2.400813842289e+00,4.628916384991e-02
-2.088383921281e-01,5.004075284717e+00,4.628335431490e-02
-2.088139311454e-01,9.939992370091e+00,5.733724371074e-02
-2.087303046539e-01,2.433016458617e+00,4.627021438817e-02
-2.085683174051e-01,2.465219074946e+00,4.625125102787e-02
-2.085674235267e-01,6.149529916546e+00,4.598778864564e-02
-2.084063301563e-01,2.497421691274e+00,4.623227375374e-02
-2.082613941039e-01,9.914981555518e+00,5.573995040665e-02
-2.082543197234e-01,7.710141904190e+00,4.558999194662e-02
-2.082443429075e-01,2.529624307603e+00,4.621328255049e-02
-2.080823556587e-01,2.561826923932e+00,4.619427740279e-02
-2.079550139866e-01,4.972284706804e+00,4.617973638471e-02
-2.079203684099e-01,2.594029540260e+00,4.617525829531e-02
-2.078015662027e-01,6.117718847355e+00,4.589777316812e-02
-2.077583811611e-01,2.626232156588e+00,4.615622521265e-02
-2.077088570623e-01,9.889970740946e+00,5.409017669854e-02
-2.076060756366e-01,7.678311659642e+00,4.551371959062e-02
-2.075963939123e-01,2.658434772917e+00,4.613717813945e-02
-2.074344066635e-01,2.690637389245e+00,4.611811706028e-02
-2.072724194147e-01,2.722840005574e+00,4.609904195971e-02
-2.071563200207e-01,9.864959926373e+00,5.240991724265e-02
-2.071104321659e-01,2.755042621903e+00,4.607995282230e-02
-2.070716358452e-01,4.940494128890e+00,4.607571014530e-02
-2.070357088787e-01,6.085907778164e+00,4.580744957560e-02
-2.069578315499e-01,7.646481415094e+00,4.543722677569e-02
-2.069484449171e-01,2.787245238231e+00,4.606084963255e-02
-2.067864576683e-01,2.819447854560e+00,4.604173237495e-02
-2.066244704195e-01,2.851650470888e+00,4.602260103400e-02
-2.066037829792e-01,9.839949111801e+00,5.073305768411e-02
-2.064624831707e-01,2.883853087217e+00,4.600345559413e-02
-2.063095874631e-01,7.614651170547e+00,4.536051256430e-02
-2.063004959219e-01,2.916055703546e+00,4.598429603977e-02
-2.062698515547e-01,6.054096708974e+00,4.571681633176e-02
-2.061882577037e-01,4.908703550977e+00,4.597127328449e-02
-2.061385086731e-01,2.948258319874e+00,4.596512235535e-02
-2.060512459377e-01,9.814938297229e+00,4.910849919551e-02
-2.059765214243e-01,2.980460936203e+00,4.594593452522e-02
-2.058145341755e-01,3.012663552532e+00,4.592673253375e-02
-2.056613433763e-01,7.582820925999e+00,4.528357601376e-02
-2.056525469267e-01,3.044866168860e+00,4.590751636529e-02
-2.055039942306e-01,6.022285639783e+00,4.562587189075e-02
-2.054987088961e-01,9.789927482656e+00,4.760221091153e-02
-2.054905596779e-01,3.077068785189e+00,4.588828600413e-02
-2.053285724291e-01,3.109271401518e+00,4.586904143458e-02
-2.053048795622e-01,4.876912973063e+00,4.586642347445e-02
-2.051665851802e-01,3.141474017846e+00,4.584978264091e-02
-2.050130992895e-01,7.550990681451e+00,4.520641617632e-02
-2.050045979315e-01,3.173676634175e+00,4.583050960735e-02
-2.049461718545e-01,9.764916668084e+00,4.629619402993e-02
-2.048426106827e-01,3.205879250504e+00,4.581122231811e-02
-2.047381369066e-01,5.990474570593e+00,4.553461469713e-02
-2.046806234338e-01,3.238081866832e+00,4.579192075741e-02
-2.045186361850e-01,3.270284483161e+00,4.577260490941e-02
-2.044215014207e-01,4.845122395150e+00,4.576115837159e-02
-2.043936348130e-01,9.739905853511e+00,4.528174539008e-02
-2.043648552028e-01,7.519160436903e+00,4.512903209904e-02
-2.043566489362e-01,3.302487099490e+00,4.575327475827e-02
-2.041946616874e-01,3.334689715818e+00,4.573393028812e-02
-2.040326744386e-01,3.366892332147e+00,4.571457148305e-02
-2.039722795826e-01,5.958663501402e+00,4.544304318584e-02
-2.038706871898e-01,3.399094948475e+00,4.569519832714e-02
-2.038410977714e-01,9.714895038939e+00,4.464565009812e-02
-2.037166111160e-01,7.487330192355e+00,4.505142282381e-02
-2.037086999410e-01,3.431297564804e+00,4.567581080445e-02
-2.035467126922e-01,3.463500181133e+00,4.565640889902e-02
-2.035381232793e-01,4.813331817237e+00,4.565547561648e-02
-2.033847254434e-01,3.495702797461e+00,4.563699259485e-02
-2.032995569693e-01,9.686465579868e+00,4.447004648088e-02
-2.032227381946e-01,3.527905413790e+00,4.561756187594e-02
-2.032064222586e-01,5.926852432211e+00,4.535115578210e-02
-2.030683670292e-01,7.455499947808e+00,4.497358738735e-02
-2.030607509458e-01,3.560108030119e+00,4.559811672623e-02
-2.028987636970e-01,3.592310646447e+00,4.557865712967e-02
-2.027690124066e-01,9.654617476300e+00,4.440632544608e-02
-2.027367764482e-01,3.624513262776e+00,4.555918307017e-02
-2.026547451378e-01,4.781541239323e+00,4.554937283371e-02
-2.025747891994e-01,3.656715879105e+00,4.553969453162e-02
-2.024405649346e-01,5.895041363021e+00,4.525895090134e-02
-2.024201229425e-01,7.423669703260e+00,4.489552482108e-02
-2.024128019506e-01,3.688918495433e+00,4.552019149789e-02
-2.022508147018e-01,3.721121111762e+00,4.550067395283e-02
-2.022384678439e-01,9.622769372733e+00,4.434247017258e-02
-2.020888274530e-01,3.753323728091e+00,4.548114188023e-02
-2.019268402042e-01,3.785526344419e+00,4.546159526391e-02
-2.017718788557e-01,7.391839458712e+00,4.481723415118e-02
-2.017713669963e-01,4.749750661410e+00,4.544284763191e-02
-2.017648529554e-01,3.817728960748e+00,4.544203408763e-02
-2.017079232812e-01,9.590921269165e+00,4.427846339348e-02
-2.016747076105e-01,5.863230293830e+00,4.516642694922e-02
-2.016028657066e-01,3.849931577077e+00,4.542245833514e-02
-2.014408784578e-01,3.882134193405e+00,4.540286799016e-02
-2.012788912090e-01,3.914336809734e+00,4.538326303638e-02
-2.011773787184e-01,9.559073165597e+00,4.421430457656e-02
-2.011236347689e-01,7.360009214165e+00,4.473871439851e-02
-2.011169039602e-01,3.946539426063e+00,4.536364345748e-02
-2.009549167114e-01,3.978742042391e+00,4.534400923711e-02
-2.009088502865e-01,5.831419224639e+00,4.507358232148e-02
-2.008879888549e-01,4.717960083497e+00,4.533589760353e-02
-2.007929294626e-01,4.010944658720e+00,4.532436035889e-02
-2.006468341557e-01,9.527225062029e+00,4.414999318719e-02
-2.006309422138e-01,4.043147275049e+00,4.530469680642e-02
-2.004753906822e-01,7.328178969617e+00,4.465996457859e-02
-2.004689549650e-01,4.075349891377e+00,4.528501856329e-02
-2.003069677162e-01,4.107552507706e+00,4.526532561302e-02
-2.001449804674e-01,4.139755124035e+00,4.524561793916e-02
-2.001429929625e-01,5.799608155449e+00,4.498041540390e-02
-2.001162895930e-01,9.495376958461e+00,4.408552868833e-02
-2.000046107134e-01,4.686169505583e+00,4.522852032488e-02
-1.999829932186e-01,4.171957740363e+00,4.522589552521e-02
-1.998271465954e-01,7.296348725069e+00,4.458098370161e-02
-1.998210059698e-01,4.204160356692e+00,4.520615835463e-02
-1.996590187210e-01,4.236362973020e+00,4.518640641089e-02
-1.995857450303e-01,9.463528854893e+00,4.402091054044e-02
-1.994970314722e-01,4.268565589349e+00,4.516663967743e-02
-1.993771356385e-01,5.767797086258e+00,4.488692457231e-02
-1.993350442233e-01,4.300768205678e+00,4.514685813762e-02
-1.991789025086e-01,7.264518480521e+00,4.450177077233e-02
-1.991730569746e-01,4.332970822006e+00,4.512706177485e-02
-1.991212325719e-01,4.654378927670e+00,4.512071335592e-02
-1.990552004675e-01,9.431680751325e+00,4.395613820158e-02
-1.990110697258e-01,4.365173438335e+00,4.510725057248e-02
-1.988490824769e-01,4.397376054664e+00,4.508742451383e-02
-1.986870952281e-01,4.429578670992e+00,4.506758358221e-02
-1.986112783145e-01,5.735986017068e+00,4.479310819241e-02
-1.985306584218e-01,7.232688235974e+00,4.442232479006e-02
-1.985251079793e-01,4.461781287321e+00,4.504772776091e-02
-1.985246559048e-01,9.399832647757e+00,4.389121112730e-02
-1.983631207305e-01,4.493983903650e+00,4.502785703315e-02
-1.982378544305e-01,4.622588349757e+00,4.501247424032e-02
-1.982011334817e-01,4.526186519978e+00,4.500797138218e-02
-1.980391462329e-01,4.558389136307e+00,4.498807079119e-02
-1.979941113421e-01,9.367984544189e+00,4.382612877068e-02
-1.978824143351e-01,7.200857991426e+00,4.434264474868e-02
-1.978771589841e-01,4.590591752636e+00,4.496815524337e-02
-1.978454209904e-01,5.704174947877e+00,4.469896461980e-02
-1.974635667794e-01,9.336136440621e+00,4.376089058231e-02
-1.972341702483e-01,7.169027746878e+00,4.426272963655e-02
-1.970795636664e-01,5.672363878686e+00,4.460449219992e-02
-1.969330222167e-01,9.304288337053e+00,4.369549601025e-02
-1.965859261615e-01,7.137197502331e+00,4.418257843654e-02
-1.964024776540e-01,9.272440233486e+00,4.362994450004e-02
-1.963137063424e-01,5.640552809496e+00,4.450968926791e-02
-1.959376820748e-01,7.105367257783e+00,4.410219012589e-02
-1.958719330912e-01,9.240592129918e+00,4.356423549468e-02
-1.955478490184e-01,5.608741740305e+00,4.441455414864e-02
-1.953413885285e-01,9.208744026350e+00,4.349836843464e-02
-1.952894379880e-01,7.073537013235e+00,4.402156367630e-02
-1.948108439658e-01,9.176895922782e+00,4.343234275781e-02
-1.947819916943e-01,5.576930671114e+00,4.431908515659e-02
-1.946411939013e-01,7.041706768688e+00,4.394069805384e-02
-1.942802994031e-01,9.145047819215e+00,4.336615789950e-02
-1.940161343703e-01,5.545119601924e+00,4.422328059585e-02
-1.939929498145e-01,7.009876524141e+00,4.385959221889e-02
-1.937497548404e-01,9.113199715647e+00,4.329981329242e-02
-1.933447057277e-01,6.978046279594e+00,4.377824512618e-02
-1.932502770463e-01,5.513308532733e+00,4.412713875995e-02
-1.932192102776e-01,9.081351612079e+00,4.323330836670e-02
-1.926964616410e-01,6.946216035046e+00,4.369665572468e-02
-1.926886657149e-01,9.049503508511e+00,4.316664254984e-02
-1.924844197223e-01,5.481497463543e+00,4.403065793196e-02
-1.921581211522e-01,9.017655404943e+00,4.309981526669e-02
-1.920482175542e-01,6.914385790498e+00,4.361482295762e-02
-1.917185623982e-01,5.449686394352e+00,4.393383638425e-02
-1.916275765895e-01,8.985807301375e+00,4.303282593948e-02
-1.913999734674e-01,6.882555545951e+00,4.353274576241e-02
-1.910970320268e-01,8.953959197807e+00,4.296567398778e-02
-1.909527050742e-01,5.417875325161e+00,4.383667237861e-02
-1.907517293807e-01,6.850725301403e+00,4.345042307068e-02
-1.905664874640e-01,8.922111094239e+00,4.289835882845e-02
-1.901868477502e-01,5.386064255971e+00,4.373916416604e-02
-1.901034852939e-01,6.818895056855e+00,4.336785380816e-02
-1.900359429013e-01,8.890262990671e+00,4.283087987571e-02
-1.895053983386e-01,8.858414887103e+00,4.276323654105e-02
-1.894552412071e-01,6.787064812308e+00,4.328503689472e-02
-1.894209904262e-01,5.354253186780e+00,4.364130998680e-02
-1.889748537759e-01,8.826566783535e+00,4.269542823325e-02
-1.888069971204e-01,6.755234567760e+00,4.320197124427e-02
-1.886551331022e-01,5.322442117589e+00,4.354310807028e-02
-1.884443092132e-01,8.794718679967e+00,4.262745435835e-02
-1.881587530336e-01,6.723404323213e+00,4.311865576481e-02
-1.879137646504e-01,8.762870576399e+00,4.255931431968e-02
-1.878892757781e-01,5.290631048399e+00,4.344455663495e-02
-1.875105089468e-01,6.691574078665e+00,4.303508935827e-02
-1.873832200877e-01,8.731022472831e+00,4.249100751777e-02
-1.871469055954e-01,1.562500050003e-02,6.870803511515e-02
-1.871469055954e-01,4.687500150008e-02,6.751895060811e-02
-1.871469055954e-01,7.812500250012e-02,6.624578924546e-02
-1.871469055954e-01,1.093750035002e-01,6.488337924735e-02
-1.871469055954e-01,1.406250045003e-01,6.342764591510e-02
-1.871469055954e-01,1.718750055004e-01,6.187660528114e-02
-1.871469055954e-01,2.031250065004e-01,6.023189474134e-02
-1.871469055954e-01,2.343750075005e-01,5.850106533858e-02
-1.871469055954e-01,3.281250105004e-01,5.285040281232e-02
-1.871469055954e-01,3.593750115003e-01,5.064497604557e-02
-1.871469055954e-01,3.906250125002e-01,4.848068594287e-02
-1.871469055954e-01,4.531250145001e-01,4.483923948357e-02
-1.871469055954e-01,4.843750155000e-01,4.373701653450e-02
-1.871469055954e-01,5.156250165000e-01,4.334741233165e-02
-1.871469055954e-01,5.468750174999e-01,4.334741233165e-02
-1.871469055954e-01,5.781250184998e-01,4.334741233165e-02
-1.871469055954e-01,6.093750194997e-01,4.334741233165e-02
-1.871469055954e-01,6.406250204996e-01,4.334741233165e-02
-1.871469055954e-01,6.718750214995e-01,4.334741233165e-02
-1.871469055954e-01,7.031250224995e-01,4.334741233165e-02
-1.871469055954e-01,7.343750234994e-01,4.334741233165e-02
-1.871469055954e-01,7.656250244994e-01,4.334741233165e-02
-1.871469055954e-01,7.968750254995e-01,4.334741233165e-02
-1.871469055954e-01,8.281250264995e-01,4.334741233165e-02
-1.871469055954e-01,8.593750274997e-01,4.334741233165e-02
-1.871469055954e-01,8.906250284998e-01,4.334741233165e-02
-1.871469055954e-01,9.218750294999e-01,4.334741233165e-02
-1.871469055954e-01,9.531250305000e-01,4.334741233165e-02
-1.871469055954e-01,9.843750315000e-01,4.334741233165e-02
-1.871469055954e-01,2.656250085005e-01,5.670088449792e-02
-1.871469055954e-01,4.218750135001e-01,4.648686910727e-02
-1.871469055954e-01,2.968750095005e-01,5.486181494983e-02
-1.871234184541e-01,5.258819979208e+00,4.334565388839e-02
-1.870767111210e-01,1.016101340164e+00,4.333834238542e-02
-1.869363221720e-01,1.048303956493e+00,4.332019345713e-02
-1.868622648601e-01,6.659743834117e+00,4.295127092065e-02
-1.868526755250e-01,8.699174369263e+00,4.242253335040e-02
-1.867959332230e-01,1.080506572821e+00,4.330203247105e-02
-1.866555442741e-01,1.112709189150e+00,4.328385941514e-02
-1.865151553251e-01,1.144911805478e+00,4.326567427741e-02
-1.863747663761e-01,1.177114421807e+00,4.324747704581e-02
-1.863575611301e-01,5.227008910018e+00,4.324639802708e-02
-1.863221309623e-01,8.667326265695e+00,4.235389121255e-02
-1.862343774272e-01,1.209317038135e+00,4.322926770829e-02
-1.862140207733e-01,6.627913589570e+00,4.286719934181e-02
-1.860939884782e-01,1.241519654464e+00,4.321104625276e-02
-1.859535995293e-01,1.273722270792e+00,4.319281266716e-02
-1.858132105803e-01,1.305924887121e+00,4.317456693938e-02
-1.857915863996e-01,8.635478162127e+00,4.228508049642e-02
-1.856728216313e-01,1.338127503449e+00,4.315630905728e-02
-1.855917038061e-01,5.195197840827e+00,4.314678723647e-02
-1.855657766865e-01,6.596083345022e+00,4.278287350555e-02
-1.855324326824e-01,1.370330119778e+00,4.313803900876e-02
-1.853920437334e-01,1.402532736106e+00,4.311975678163e-02
-1.852610418368e-01,8.603630058559e+00,4.221610059138e-02
-1.852516547844e-01,1.434735352435e+00,4.310146236376e-02
-1.851112658355e-01,1.466937968764e+00,4.308315574293e-02
-1.849708768865e-01,1.499140585092e+00,4.306483690698e-02
-1.849175325998e-01,6.564253100475e+00,4.269829228954e-02
-1.848304879376e-01,1.531343201420e+00,4.304650584367e-02
-1.848258464821e-01,5.163386771636e+00,4.304681969087e-02
-1.847304972741e-01,8.571781954992e+00,4.214695088394e-02
-1.846900989886e-01,1.563545817749e+00,4.302816254076e-02
-1.845497100396e-01,1.595748434077e+00,4.300980698602e-02
-1.844093210907e-01,1.627951050406e+00,4.299143916717e-02
-1.842692885130e-01,6.532422855927e+00,4.261345456529e-02
-1.842689321417e-01,1.660153666734e+00,4.297305907194e-02
-1.841999527114e-01,8.539933851423e+00,4.207763075785e-02
-1.841285431928e-01,1.692356283063e+00,4.295466668803e-02
-1.840599891580e-01,5.131575702446e+00,4.294649355341e-02
-1.839881542438e-01,1.724558899391e+00,4.293626200311e-02
-1.838477652948e-01,1.756761515720e+00,4.291784500488e-02
-1.837073763459e-01,1.788964132048e+00,4.289941568096e-02
-1.836694081487e-01,8.508085747855e+00,4.200813959388e-02
-1.836210444262e-01,6.500592611380e+00,4.252835919809e-02
-1.835669873969e-01,1.821166748377e+00,4.288097401901e-02
-1.834265984480e-01,1.853369364705e+00,4.286252000664e-02
-1.832941318340e-01,5.099764633255e+00,4.284580697598e-02
-1.832862094990e-01,1.885571981034e+00,4.284405363145e-02
-1.831458205500e-01,1.917774597362e+00,4.282557488104e-02
-1.831388635860e-01,8.476237644288e+00,4.193847677005e-02
-1.830054316011e-01,1.949977213690e+00,4.280708374295e-02
-1.829728003395e-01,6.468762366832e+00,4.244300504703e-02
-1.828650426521e-01,1.982179830019e+00,4.278858020477e-02
-1.827246537031e-01,2.014382446347e+00,4.277006425401e-02
-1.826083190232e-01,8.444389540720e+00,4.186864166139e-02
-1.825842647542e-01,2.046585062676e+00,4.275153587821e-02
-1.825282745100e-01,5.067953564064e+00,4.274475809915e-02
-1.824438758052e-01,2.078787679004e+00,4.273299506486e-02
-1.823245562527e-01,6.436932122284e+00,4.235739096492e-02
-1.823034868563e-01,2.110990295332e+00,4.271444180144e-02
-1.821630979073e-01,2.143192911661e+00,4.269587607545e-02
-1.820777744605e-01,8.412541437152e+00,4.179863364008e-02
-1.820227089583e-01,2.175395527990e+00,4.267729787430e-02
-1.818823200094e-01,2.207598144318e+00,4.265870718546e-02
-1.817624171860e-01,5.036142494874e+00,4.264334505216e-02
-1.817419310604e-01,2.239800760646e+00,4.264010399632e-02
-1.816763121659e-01,6.405101877737e+00,4.227151579826e-02
-1.816015421114e-01,2.272003376975e+00,4.262148829432e-02
-1.815472298978e-01,8.380693333584e+00,4.172845207537e-02
-1.814611531625e-01,2.304205993303e+00,4.260286006682e-02
-1.813207642135e-01,2.336408609632e+00,4.258421930118e-02
-1.811803752646e-01,2.368611225961e+00,4.256556598477e-02
-1.810399863156e-01,2.400813842289e+00,4.254690010491e-02
-1.810280680792e-01,6.373271633189e+00,4.218537838725e-02
-1.810166853351e-01,8.348845230016e+00,4.165809633357e-02
-1.809965598619e-01,5.004331425683e+00,4.254156595283e-02
-1.808995973666e-01,2.433016458617e+00,4.252822164894e-02
-1.807592084177e-01,2.465219074946e+00,4.250953060414e-02
-1.806188194687e-01,2.497421691274e+00,4.249082695779e-02
-1.804861407724e-01,8.316997126448e+00,4.158756577804e-02
-1.804784305197e-01,2.529624307603e+00,4.247211069717e-02
-1.803798239924e-01,6.341441388641e+00,4.209897756571e-02
-1.803380415708e-01,2.561826923932e+00,4.245338180951e-02
-1.802307025379e-01,4.972520356492e+00,4.243941890754e-02
-1.801976526218e-01,2.594029540260e+00,4.243464028207e-02
-1.800572636729e-01,2.626232156589e+00,4.241588610205e-02
-1.799555962096e-01,8.285149022880e+00,4.151685976918e-02
-1.799168747239e-01,2.658434772917e+00,4.239711925663e-02
-1.797764857749e-01,2.690637389245e+00,4.237833973302e-02
-1.797315799056e-01,6.309611144094e+00,4.201231216103e-02
-1.796360968260e-01,2.722840005574e+00,4.235954751835e-02
-1.794957078770e-01,2.755042621903e+00,4.234074259979e-02
-1.794648452139e-01,4.940709287301e+00,4.233690201113e-02
-1.794250516469e-01,8.253300919312e+00,4.144597766442e-02
-1.793553189281e-01,2.787245238231e+00,4.232192496445e-02
-1.792149299791e-01,2.819447854560e+00,4.230309459947e-02
-1.790833358189e-01,6.277780899547e+00,4.192538099422e-02
-1.790745410301e-01,2.851650470888e+00,4.228425149192e-02
-1.789341520812e-01,2.883853087217e+00,4.226539562886e-02
-1.788945070842e-01,8.221452815744e+00,4.137491881817e-02
-1.787937631322e-01,2.916055703546e+00,4.224652699739e-02
-1.786989878899e-01,4.908898218111e+00,4.223401334690e-02
-1.786533741832e-01,2.948258319874e+00,4.222764558450e-02
-1.785129852343e-01,2.980460936203e+00,4.220875137726e-02
-1.784350917321e-01,6.245950654999e+00,4.183818287976e-02
-1.783725962853e-01,3.012663552532e+00,4.218984436264e-02
-1.783639625215e-01,8.189604712176e+00,4.130368258187e-02
-1.782322073364e-01,3.044866168860e+00,4.217092452766e-02
-1.780918183874e-01,3.077068785189e+00,4.215199185927e-02
-1.779514294384e-01,3.109271401518e+00,4.213304634442e-02
-1.779331305659e-01,4.877087148920e+00,4.213075098651e-02
-1.778334179588e-01,8.157756608608e+00,4.123226830390e-02
-1.778110404895e-01,3.141474017846e+00,4.211408797005e-02
-1.777868476453e-01,6.214120410452e+00,4.175071662568e-02
-1.776706515405e-01,3.173676634175e+00,4.209511672307e-02
-1.775302625915e-01,3.205879250504e+00,4.207613259041e-02
-1.773898736426e-01,3.238081866832e+00,4.205713555890e-02
-1.773028733960e-01,8.125908505040e+00,4.116067532960e-02
-1.772494846936e-01,3.270284483161e+00,4.203812561545e-02
-1.771672732418e-01,4.845276079730e+00,4.202711299001e-02
-1.771386035586e-01,6.182290165904e+00,4.166298103344e-02
-1.771090957447e-01,3.302487099490e+00,4.201910274689e-02
-1.769687067957e-01,3.334689715818e+00,4.200006694003e-02
-1.768283178467e-01,3.366892332147e+00,4.198101818171e-02
-1.767723288333e-01,8.094060401472e+00,4.108890300128e-02
-1.766879288978e-01,3.399094948475e+00,4.196195645869e-02
-1.765475399488e-01,3.431297564804e+00,4.194288175777e-02
-1.764903594718e-01,6.150459921356e+00,4.157497489795e-02
-1.764071509998e-01,3.463500181133e+00,4.192379406570e-02
-1.764014159178e-01,4.813465010539e+00,4.192309740568e-02
-1.762667620509e-01,3.495702797461e+00,4.190469336922e-02
-1.762417842706e-01,8.062212297904e+00,4.101695065814e-02
-1.761263731019e-01,3.527905413790e+00,4.188557965504e-02
-1.759859841529e-01,3.560108030119e+00,4.186645290987e-02
-1.758455952040e-01,3.592310646447e+00,4.184731312039e-02
-1.758421153850e-01,6.118629676809e+00,4.148669700750e-02
-1.757112397079e-01,8.030364194336e+00,4.094481763637e-02
-1.757052062550e-01,3.624513262776e+00,4.182816027326e-02
-1.756355585938e-01,4.781653941348e+00,4.181870227006e-02
-1.755648173061e-01,3.656715879105e+00,4.180899435515e-02
-1.754244283571e-01,3.688918495433e+00,4.178981535266e-02
-1.753231093327e-01,1.069306745825e+01,6.608629153556e-06
-1.752840394081e-01,3.721121111762e+00,4.177062325243e-02
-1.751938712983e-01,6.086799432261e+00,4.139814614374e-02
-1.751806951452e-01,7.998516090768e+00,4.087250326896e-02
-1.751436504592e-01,3.753323728091e+00,4.175141804104e-02
-1.750032615102e-01,3.785526344419e+00,4.173219970505e-02
-1.748933409710e-01,1.066805401372e+01,1.009394252425e-02
-1.748697012698e-01,4.749842872158e+00,4.171392560792e-02
-1.748628725612e-01,3.817728960748e+00,4.171296823104e-02
-1.747224836123e-01,3.849931577077e+00,4.169372360552e-02
-1.746501505824e-01,7.966667987200e+00,4.080000688585e-02
-1.745820946633e-01,3.882134193405e+00,4.167446581504e-02
-1.745456272115e-01,6.054969187714e+00,4.130932108168e-02
-1.744635726093e-01,1.064304056918e+01,1.830380694223e-02
-1.744417057144e-01,3.914336809734e+00,4.165519484608e-02
-1.743013167654e-01,3.946539426063e+00,4.163591068514e-02
-1.741609278164e-01,3.978742042391e+00,4.161661331867e-02
-1.741196060197e-01,7.934819883632e+00,4.072732781383e-02
-1.741038439457e-01,4.718031802967e+00,4.160876543211e-02
-1.740338042476e-01,1.061802712464e+01,2.511189117958e-02
-1.740205388675e-01,4.010944658720e+00,4.159730273311e-02
-1.738973831247e-01,6.023138943166e+00,4.122022058959e-02
-1.738801499185e-01,4.043147275049e+00,4.157797891491e-02
-1.737397609695e-01,4.075349891377e+00,4.155864185045e-02
-1.736040358859e-01,1.059301368010e+01,3.084882071456e-02
-1.735993720206e-01,4.107552507706e+00,4.153929152614e-02
-1.735890614570e-01,7.902971780064e+00,4.065446537652e-02
-1.734589830716e-01,4.139755124035e+00,4.151992792834e-02
-1.733379866217e-01,4.686220733776e+00,4.150321974364e-02
-1.733185941227e-01,4.171957740363e+00,4.150055104342e-02
-1.732491390380e-01,5.991308698619e+00,4.113084342901e-02
-1.731782051737e-01,4.204160356692e+00,4.148116085771e-02
-1.731742675242e-01,1.056800023556e+01,3.574882499584e-02
-1.730585168943e-01,7.871123676496e+00,4.058141889443e-02
-1.730378162247e-01,4.236362973020e+00,4.146175735749e-02
-1.728974272758e-01,4.268565589349e+00,4.144234052910e-02
-1.727570383268e-01,4.300768205678e+00,4.142291035879e-02
-1.727444991625e-01,1.054298679102e+01,3.998248187501e-02
-1.726166493778e-01,4.332970822006e+00,4.140346683284e-02
-1.726008949512e-01,5.959478454071e+00,4.104118835471e-02
-1.725721292977e-01,4.654409664586e+00,4.139728653157e-02
-1.725279723316e-01,7.839275572929e+00,4.050818768480e-02
-1.724762604289e-01,4.365173438335e+00,4.138400993746e-02
-1.723358714799e-01,4.397376054664e+00,4.136453965890e-02
-1.723147308008e-01,1.051797334648e+01,4.367696372960e-02
-1.721954825309e-01,4.429578670992e+00,4.134505598336e-02
-1.720550935820e-01,4.461781287321e+00,4.132555889699e-02
-1.719974277688e-01,7.807427469361e+00,4.043477106179e-02
-1.719526508644e-01,5.927648209524e+00,4.095125411468e-02
-1.719147046330e-01,4.493983903650e+00,4.130604838600e-02
-1.718849624391e-01,1.049295990194e+01,4.692901799342e-02
-1.718062719737e-01,4.622598595395e+00,4.129096377294e-02
-1.717743156841e-01,4.526186519978e+00,4.128652443649e-02
-1.716339267351e-01,4.558389136307e+00,4.126698703463e-02
-1.714935377861e-01,4.590591752636e+00,4.124743616649e-02
-1.714668832061e-01,7.775579365793e+00,4.036116833625e-02
-1.714551940775e-01,1.046794645740e+01,4.981355233784e-02
-1.713044067777e-01,5.895817964976e+00,4.086103945003e-02
-1.710254257158e-01,1.044293301286e+01,5.238946811209e-02
-1.709363386434e-01,7.743731262225e+00,4.028737881585e-02
-1.706561626909e-01,5.863987720428e+00,4.077054309503e-02
-1.705956573541e-01,1.041791956832e+01,5.470371885398e-02
-1.704057940807e-01,7.711883158657e+00,4.021340180501e-02
-1.701658889924e-01,1.039290612378e+01,5.679419352511e-02
-1.700079186041e-01,5.832157475881e+00,4.067976377701e-02
-1.698752495179e-01,7.680035055089e+00,4.013923660487e-02
-1.697361206307e-01,1.036789267924e+01,5.869180325224e-02
-1.693596745174e-01,5.800327231333e+00,4.058870021641e-02
-1.693447049552e-01,7.648186951521e+00,4.006488251336e-02
-1.693063522690e-01,1.034287923470e+01,6.042201697943e-02
-1.688765839073e-01,1.031786579016e+01,6.200600866608e-02
-1.688141603925e-01,7.616338847954e+00,3.999033882502e-02
-1.687114304306e-01,5.768496986786e+00,4.049735112669e-02
-1.684468155456e-01,1.029285234563e+01,6.346152603291e-02
-1.682836158298e-01,7.584490744386e+00,3.991560483119e-02
-1.680631863439e-01,5.736666742238e+00,4.040571521429e-02
-1.680170471839e-01,1.026783890109e+01,6.480355664118e-02
-1.677530712671e-01,7.552642640818e+00,3.984067981979e-02
-1.675872788223e-01,1.024282545655e+01,6.604484440012e-02
-1.674149422571e-01,5.704836497691e+00,4.031379117862e-02
-1.672225267044e-01,7.520794537250e+00,3.976556307547e-02
-1.671575104606e-01,1.021781201201e+01,6.719629427407e-02
-1.667666981703e-01,5.673006253143e+00,4.022157771206e-02
-1.667277420989e-01,1.019279856747e+01,6.826729243906e-02
-1.666919821416e-01,7.488946433681e+00,3.969025387950e-02
-1.662979737372e-01,1.016778512293e+01,6.733793900139e-02
-1.661614375789e-01,7.457098330114e+00,3.961475150980e-02
-1.661184540836e-01,5.641176008596e+00,4.012907349986e-02
-1.658682053755e-01,1.014277167839e+01,6.628265912206e-02
-1.656308930162e-01,7.425250226546e+00,3.953905524086e-02
-1.654702099968e-01,5.609345764048e+00,4.003627722014e-02
-1.654384370138e-01,1.011775823385e+01,6.516198664236e-02
-1.651003484535e-01,7.393402122978e+00,3.946316434379e-02
-1.650086686521e-01,1.009274478931e+01,6.397166122427e-02
-1.648219659100e-01,5.577515519501e+00,3.994318754391e-02
-1.645789002904e-01,1.006773134477e+01,6.270764676264e-02
-1.645698038908e-01,7.361554019410e+00,3.938707808631e-02
-1.641737218233e-01,5.545685274953e+00,3.984980313495e-02
-1.641491319287e-01,1.004271790023e+01,6.136645301625e-02
-1.640392593280e-01,7.329705915842e+00,3.931079573268e-02
-1.637193635671e-01,1.001770445569e+01,5.994562669245e-02
-1.635254777365e-01,5.513855030406e+00,3.975612264984e-02
-1.635087147653e-01,7.297857812274e+00,3.923431654370e-02
-1.632895952054e-01,9.992691011155e+00,5.844448744853e-02
-1.629781702026e-01,7.266009708706e+00,3.915763977672e-02
-1.628772336497e-01,5.482024785858e+00,3.966214473790e-02
-1.628598268437e-01,9.967677566616e+00,5.686521055421e-02
-1.624476256399e-01,7.234161605138e+00,3.908076468561e-02
-1.624300584820e-01,9.942664122077e+00,5.521438407567e-02
-1.622289895630e-01,5.450194541310e+00,3.956786804120e-02
-1.620002901203e-01,9.917650677538e+00,5.350517953811e-02
-1.619170810772e-01,7.202313501570e+00,3.900369052071e-02
-1.615807454762e-01,5.418364296763e+00,3.947329119450e-02
-1.615705217586e-01,9.892637232999e+00,5.147639524633e-02
-1.613865365144e-01,7.170465398003e+00,3.892641652889e-02
-1.611407533970e-01,9.867623788460e+00,4.932989296633e-02
-1.609325013894e-01,5.386534052215e+00,3.937841282520e-02
-1.608559919517e-01,7.138617294435e+00,3.884894195346e-02
-1.607109850353e-01,9.842610343921e+00,4.710657273744e-02
-1.603254473890e-01,7.106769190867e+00,3.877126603420e-02
-1.602842573027e-01,5.354703807668e+00,3.928323155338e-02
-1.602812166736e-01,9.817596899382e+00,4.485797789364e-02
-1.598514483119e-01,9.792583454843e+00,4.266981894899e-02
-1.597949028263e-01,7.074921087299e+00,3.869338800731e-02
-1.596360132159e-01,5.322873563120e+00,3.918774599171e-02
-1.594216799502e-01,9.767570010303e+00,4.067147304430e-02
-1.592643582636e-01,7.043072983732e+00,3.861530710544e-02
-1.589919115885e-01,9.742556565764e+00,3.903612616129e-02
-1.589877691291e-01,5.291043318573e+00,3.909195474544e-02
-1.587338137009e-01,7.011224880164e+00,3.853702255762e-02
-1.585621432268e-01,9.717543121225e+00,3.795821739164e-02
-1.583550739654e-01,7.031250224995e-01,3.899703332873e-02
-1.583550739654e-01,7.812500250012e-02,6.566153476377e-02
-1.583550739654e-01,1.406250045003e-01,6.263271214050e-02
-1.583550739654e-01,4.218750135001e-01,4.321319737452e-02
-1.583550739654e-01,4.843750155000e-01,3.953893059874e-02
-1.583550739654e-01,5.468750174999e-01,3.899703332873e-02
-1.583550739654e-01,6.093750194997e-01,3.899703332873e-02
-1.583550739654e-01,6.718750214995e-01,3.899703332873e-02
-1.583550739654e-01,7.968750254995e-01,3.899703332873e-02
-1.583550739654e-01,8.281250264995e-01,3.899703332873e-02
-1.583550739654e-01,8.593750274997e-01,3.899703332873e-02
-1.583550739654e-01,8.906250284998e-01,3.899703332873e-02
-1.583550739654e-01,9.218750294999e-01,3.899703332873e-02
-1.583550739654e-01,9.531250305000e-01,3.899703332873e-02
-1.583550739654e-01,9.843750315000e-01,3.899703332873e-02
-1.583550739654e-01,1.562500050003e-02,6.826904253244e-02
-1.583550739654e-01,4.687500150008e-02,6.701387219090e-02
-1.583550739654e-01,1.093750035002e-01,6.420378079765e-02
-1.583550739654e-01,1.718750055004e-01,6.094166249762e-02
-1.583550739654e-01,2.031250065004e-01,5.912669051169e-02
-1.583550739654e-01,2.968750095005e-01,5.300219069689e-02
-1.583550739654e-01,3.281250105004e-01,5.082755231109e-02
-1.583550739654e-01,4.531250145001e-01,4.104133610429e-02
-1.583550739654e-01,5.156250165000e-01,3.899703332873e-02
-1.583550739654e-01,5.781250184998e-01,3.899703332873e-02
-1.583550739654e-01,6.406250204996e-01,3.899703332873e-02
-1.583550739654e-01,7.343750234994e-01,3.899703332873e-02
-1.583550739654e-01,7.656250244994e-01,3.899703332873e-02
-1.583550739654e-01,2.343750075005e-01,5.718903803269e-02
-1.583550739654e-01,2.656250085005e-01,5.513905348914e-02
-1.583550739654e-01,3.593750115003e-01,4.839156778001e-02
-1.583550739654e-01,3.906250125002e-01,4.574328300510e-02
-1.583395250424e-01,5.259213074025e+00,3.899585641241e-02
-1.582956786408e-01,1.016101340164e+00,3.898822394562e-02
-1.582032691381e-01,6.979376776597e+00,3.845853358925e-02
-1.581768879917e-01,1.048303956493e+00,3.897059728598e-02
-1.581408766026e-01,9.689104076023e+00,3.761935672036e-02
-1.580580973426e-01,1.080506572821e+00,3.895296009390e-02
-1.579393066934e-01,1.112709189150e+00,3.893531235996e-02
-1.578205160443e-01,1.144911805478e+00,3.891765407470e-02
-1.577281117159e-01,9.657239430160e+00,3.755857014813e-02
-1.577017253952e-01,1.177114421807e+00,3.889998522868e-02
-1.576912809556e-01,5.227382829478e+00,3.889944958296e-02
-1.576727245754e-01,6.947528673029e+00,3.837983942218e-02
-1.575829347461e-01,1.209317038135e+00,3.888230581243e-02
-1.574641440969e-01,1.241519654464e+00,3.886461581646e-02
-1.573453534478e-01,1.273722270792e+00,3.884691523129e-02
-1.573153468291e-01,9.625374784297e+00,3.749767796100e-02
-1.572265627987e-01,1.305924887121e+00,3.882920404741e-02
-1.571421800127e-01,6.915680569461e+00,3.830093927453e-02
-1.571077721496e-01,1.338127503449e+00,3.881148225531e-02
-1.570430368688e-01,5.195552584930e+00,3.880273283998e-02
-1.569889815005e-01,1.370330119778e+00,3.879374984547e-02
-1.569025819424e-01,9.593510138433e+00,3.743666373638e-02
-1.568701908513e-01,1.402532736106e+00,3.877600680836e-02
-1.567514002022e-01,1.434735352435e+00,3.875825313440e-02
-1.566326095531e-01,1.466937968763e+00,3.874048881409e-02
-1.566116354500e-01,6.883832465893e+00,3.822183236082e-02
-1.565138189040e-01,1.499140585092e+00,3.872271383780e-02
-1.564898170557e-01,9.561645492570e+00,3.737552711347e-02
-1.563950282548e-01,1.531343201420e+00,3.870492819600e-02
-1.563947927821e-01,5.163722340382e+00,3.870570475881e-02
-1.562762376057e-01,1.563545817749e+00,3.868713187904e-02
-1.561574469566e-01,1.595748434077e+00,3.866932487736e-02
-1.560810908873e-01,6.851984362326e+00,3.814251789186e-02
-1.560770521689e-01,9.529780846706e+00,3.731426773010e-02
-1.560386563075e-01,1.627951050406e+00,3.865150718134e-02
-1.559198656584e-01,1.660153666734e+00,3.863367878134e-02
-1.558010750092e-01,1.692356283063e+00,3.861583966772e-02
-1.557465486953e-01,5.131892095835e+00,3.860836390726e-02
-1.556822843601e-01,1.724558899391e+00,3.859798983084e-02
-1.556642872822e-01,9.497916200842e+00,3.725288522271e-02
-1.555634937110e-01,1.756761515720e+00,3.858012926103e-02
-1.555505463246e-01,6.820136258758e+00,3.806299507482e-02
-1.554447030619e-01,1.788964132048e+00,3.856225794862e-02
-1.553259124128e-01,1.821166748377e+00,3.854437588392e-02
-1.552515223955e-01,9.466051554979e+00,3.719137922640e-02
-1.552071217636e-01,1.853369364705e+00,3.852648305723e-02
-1.550983046085e-01,5.100061851287e+00,3.851070884559e-02
-1.550883311145e-01,1.885571981034e+00,3.850857945886e-02
-1.550200017619e-01,6.788288155190e+00,3.798326311310e-02
-1.549695404654e-01,1.917774597362e+00,3.849066507906e-02
-1.548507498163e-01,1.949977213690e+00,3.847273990812e-02
-1.548387575087e-01,9.434186909115e+00,3.712974937486e-02
-1.547319591671e-01,1.982179830019e+00,3.845480393629e-02
-1.546131685180e-01,2.014382446347e+00,3.843685715382e-02
-1.544943778689e-01,2.046585062676e+00,3.841889955093e-02
-1.544894571991e-01,6.756440051622e+00,3.790332120645e-02
-1.544500605218e-01,5.068231606740e+00,3.841273812646e-02
-1.544259926220e-01,9.402322263252e+00,3.706799530044e-02
-1.543755872198e-01,2.078787679004e+00,3.840093111785e-02
-1.542567965707e-01,2.110990295332e+00,3.838295184478e-02
-1.541380059215e-01,2.143192911661e+00,3.836496172193e-02
-1.540192152724e-01,2.175395527990e+00,3.834696073947e-02
-1.540132277352e-01,9.370457617388e+00,3.700611663408e-02
-1.539589126364e-01,6.724591948055e+00,3.782316855080e-02
-1.539004246233e-01,2.207598144318e+00,3.832894888759e-02
-1.538018164350e-01,5.036401362192e+00,3.831445029493e-02
-1.537816339742e-01,2.239800760646e+00,3.831092615645e-02
-1.536628433250e-01,2.272003376975e+00,3.829289253618e-02
-1.536004628485e-01,9.338592971524e+00,3.694411300533e-02
-1.535440526759e-01,2.304205993303e+00,3.827484801694e-02
-1.534283680737e-01,6.692743844487e+00,3.774280433842e-02
-1.534252620268e-01,2.336408609632e+00,3.825679258885e-02
-1.533064713777e-01,2.368611225961e+00,3.823872624202e-02
-1.531876979618e-01,9.306728325661e+00,3.688198404233e-02
-1.531876807285e-01,2.400813842289e+00,3.822064896656e-02
-1.531535723482e-01,5.004571117644e+00,3.821584388848e-02
-1.530688900794e-01,2.433016458617e+00,3.820256075254e-02
-1.529500994303e-01,2.465219074946e+00,3.818446159006e-02
-1.528978235110e-01,6.660895740919e+00,3.766222775775e-02
-1.528313087812e-01,2.497421691274e+00,3.816635146918e-02
-1.527749330750e-01,9.274863679797e+00,3.681972937185e-02
-1.527125181321e-01,2.529624307603e+00,3.814823037996e-02
-1.525937274829e-01,2.561826923932e+00,3.813009831242e-02
-1.525053282615e-01,4.972740873097e+00,3.811691743688e-02
-1.524749368338e-01,2.594029540260e+00,3.811195525662e-02
-1.523672789483e-01,6.629047637351e+00,3.758143799347e-02
-1.523621681883e-01,9.242999033934e+00,3.675734861924e-02
-1.523561461847e-01,2.626232156589e+00,3.809380120255e-02
-1.522373555356e-01,2.658434772917e+00,3.807563614024e-02
-1.521185648865e-01,2.690637389245e+00,3.805746005966e-02
-1.519997742373e-01,2.722840005574e+00,3.803927295082e-02
-1.519494033015e-01,9.211134388071e+00,3.669484140841e-02
-1.518809835882e-01,2.755042621903e+00,3.802107480366e-02
-1.518570841747e-01,4.940910628549e+00,3.801766946226e-02
-1.518367343856e-01,6.597199533783e+00,3.750043422648e-02
-1.517621929391e-01,2.787245238231e+00,3.800286560816e-02
-1.516434022900e-01,2.819447854560e+00,3.798464535425e-02
-1.515366384148e-01,9.179269742207e+00,3.663220736187e-02
-1.515246116408e-01,2.851650470888e+00,3.796641403188e-02
-1.514058209917e-01,2.883853087217e+00,3.794817163095e-02
-1.513061898228e-01,6.565351430216e+00,3.741921563382e-02
-1.512870303426e-01,2.916055703546e+00,3.792991814138e-02
-1.512088400879e-01,4.909080384002e+00,3.791809847909e-02
-1.511682396935e-01,2.948258319874e+00,3.791165355307e-02
-1.511238735281e-01,9.147405096344e+00,3.656944610070e-02
-1.510494490443e-01,2.980460936203e+00,3.789337785589e-02
-1.509306583952e-01,3.012663552532e+00,3.787509103971e-02
-1.508118677461e-01,3.044866168860e+00,3.785679309443e-02
-1.507756452601e-01,6.533503326648e+00,3.733778138875e-02
-1.507111086413e-01,9.115540450480e+00,3.650655724456e-02
-1.506930770970e-01,3.077068785189e+00,3.783848400984e-02
-1.505742864479e-01,3.109271401518e+00,3.782016377581e-02
-1.505605960012e-01,4.877250139454e+00,3.781820299413e-02
-1.504554957987e-01,3.141474017846e+00,3.780183238216e-02
-1.503367051496e-01,3.173676634175e+00,3.778348981869e-02
-1.502983437546e-01,9.083675804617e+00,3.644354041168e-02
-1.502451006974e-01,6.501655223080e+00,3.725613066065e-02
-1.502179145005e-01,3.205879250504e+00,3.776513607520e-02
-1.500991238514e-01,3.238081866832e+00,3.774677114148e-02
-1.499803332022e-01,3.270284483161e+00,3.772839500729e-02
-1.499123519144e-01,4.845419894907e+00,3.771798150640e-02
-1.498855788679e-01,9.051811158753e+00,3.638039521879e-02
-1.498615425531e-01,3.302487099490e+00,3.771000766241e-02
-1.497427519040e-01,3.334689715818e+00,3.769160909657e-02
-1.497145561347e-01,6.469807119512e+00,3.717426261508e-02
-1.496239612549e-01,3.366892332147e+00,3.767319929951e-02
-1.495051706058e-01,3.399094948475e+00,3.765477826096e-02
-1.494728139811e-01,9.019946512890e+00,3.631712128124e-02
-1.493863799566e-01,3.431297564804e+00,3.763634597062e-02
-1.492675893075e-01,3.463500181133e+00,3.761790241819e-02
-1.492641078276e-01,4.813589650359e+00,3.761743250723e-02
-1.491840115720e-01,6.437959015945e+00,3.709217641372e-02
-1.491487986584e-01,3.495702797461e+00,3.759944759336e-02
-1.490600490944e-01,8.988081867026e+00,3.625371821290e-02
-1.490300080093e-01,3.527905413790e+00,3.758098148580e-02
-1.489112173601e-01,3.560108030119e+00,3.756250408516e-02
-1.487924267110e-01,3.592310646447e+00,3.754401538111e-02
-1.486736360619e-01,3.624513262776e+00,3.752551536326e-02
-1.486534670092e-01,6.406110912377e+00,3.700987121434e-02
-1.486472842076e-01,8.956217221162e+00,3.619018562619e-02
-1.486158637409e-01,4.781759405812e+00,3.751655448019e-02
-1.485548454128e-01,3.656715879105e+00,3.750700402124e-02
-1.484360547636e-01,3.688918495433e+00,3.748848134467e-02
-1.483172641145e-01,3.721121111762e+00,3.746994732313e-02
-1.482345193209e-01,8.924352575299e+00,3.612652313203e-02
-1.481984734654e-01,3.753323728091e+00,3.745140194622e-02
-1.481229224465e-01,6.374262808809e+00,3.692734617081e-02
-1.480796828163e-01,3.785526344419e+00,3.743284520349e-02
-1.479676196541e-01,4.749929161264e+00,3.741534590114e-02
-1.479608921672e-01,3.817728960748e+00,3.741427708451e-02
-1.478421015180e-01,3.849931577077e+00,3.739569757883e-02
-1.478217544341e-01,8.892487929435e+00,3.606273033989e-02
-1.477233108689e-01,3.882134193405e+00,3.737710667598e-02
-1.476045202198e-01,3.914336809734e+00,3.735850436547e-02
-1.475923778838e-01,6.342414705241e+00,3.684460043313e-02
-1.474857295707e-01,3.946539426063e+00,3.733989063682e-02
-1.474089895474e-01,8.860623283572e+00,3.599880685781e-02
-1.473669389216e-01,3.978742042391e+00,3.732126547952e-02
-1.473193755673e-01,4.718098916716e+00,3.731380523810e-02
-1.472481482724e-01,4.010944658720e+00,3.730262888304e-02
-1.471293576233e-01,4.043147275049e+00,3.728398083686e-02
-1.470618333211e-01,6.310566601674e+00,3.676163314734e-02
-1.470105669742e-01,4.075349891377e+00,3.726532133043e-02
-1.469962246607e-01,8.828758637708e+00,3.593475229227e-02
-1.468917763250e-01,4.107552507706e+00,3.724665035318e-02
-1.467729856759e-01,4.139755124035e+00,3.722796789459e-02
-1.466711314806e-01,4.686268672169e+00,3.721193095136e-02
-1.466541950268e-01,4.171957740363e+00,3.720927394400e-02
-1.465834597739e-01,8.796893991845e+00,3.587056624832e-02
-1.465354043777e-01,4.204160356692e+00,3.719056849087e-02
-1.465312887584e-01,6.278718498106e+00,3.667844345551e-02
-1.464166137286e-01,4.236362973020e+00,3.717185152458e-02
-1.462978230794e-01,4.268565589349e+00,3.715312303449e-02
-1.461790324303e-01,4.300768205678e+00,3.713438300998e-02
-1.461706948872e-01,8.765029345981e+00,3.580624832949e-02
-1.460602417812e-01,4.332970822006e+00,3.711563144039e-02
-1.460228873938e-01,4.654438427621e+00,3.710972149346e-02
-1.460007441957e-01,6.246870394538e+00,3.659503049580e-02
-1.459414511321e-01,4.365173438335e+00,3.709686831507e-02
-1.458226604830e-01,4.397376054664e+00,3.707809362333e-02
-1.457579300005e-01,8.733164700117e+00,3.574179813779e-02
-1.457038698338e-01,4.429578670992e+00,3.705930735449e-02
-1.455850791847e-01,4.461781287321e+00,3.704050949785e-02
-1.454701996329e-01,6.215022290971e+00,3.651139340236e-02
-1.454662885356e-01,4.493983903650e+00,3.702170004270e-02
-1.453746433070e-01,4.622608183074e+00,3.700717530909e-02
-1.453474978865e-01,4.526186519978e+00,3.700287897829e-02
-1.453451651137e-01,8.701300054254e+00,3.567721527380e-02
-1.452287072373e-01,4.558389136307e+00,3.698404629390e-02
-1.451099165882e-01,4.590591752636e+00,3.696520197877e-02
-1.449396550702e-01,6.183174187403e+00,3.642753130542e-02
-1.449324002270e-01,8.669435408390e+00,3.561249933650e-02
-1.445196353402e-01,8.637570762526e+00,3.554764992340e-02
-1.444091105075e-01,6.151326083835e+00,3.634344333113e-02
-1.441068704535e-01,8.605706116663e+00,3.548266663048e-02
-1.438785659448e-01,6.119477980267e+00,3.625912860171e-02
-1.436941055667e-01,8.573841470799e+00,3.541754905221e-02
-1.433480213821e-01,6.087629876700e+00,3.617458623528e-02
-1.432813406800e-01,8.541976824935e+00,3.535229678152e-02
-1.428685757933e-01,8.510112179072e+00,3.528690940976e-02
-1.428174768194e-01,6.055781773132e+00,3.608981534597e-02
-1.424558109065e-01,8.478247533208e+00,3.522138652680e-02
-1.422869322567e-01,6.023933669564e+00,3.600481504386e-02
-1.420430460198e-01,8.446382887345e+00,3.515572772090e-02
-1.417563876939e-01,5.992085565996e+00,3.591958443498e-02
-1.416302811331e-01,8.414518241481e+00,3.508993257883e-02
-1.412258431312e-01,5.960237462429e+00,3.583412262126e-02
-1.412175162463e-01,8.382653595617e+00,3.502400068572e-02
-1.408047513596e-01,8.350788949754e+00,3.495793162518e-02
-1.406952985685e-01,5.928389358861e+00,3.574842870055e-02
-1.403919864728e-01,8.318924303890e+00,3.489172497927e-02
-1.401647540058e-01,5.896541255293e+00,3.566250176661e-02
-1.399792215861e-01,8.287059658027e+00,3.482538032842e-02
-1.396342094431e-01,5.864693151725e+00,3.557634090915e-02
-1.395664566994e-01,8.255195012163e+00,3.475889725151e-02
-1.391536918126e-01,8.223330366300e+00,3.469227532582e-02
-1.391036648804e-01,5.832845048158e+00,3.548994521365e-02
-1.387409269259e-01,8.191465720436e+00,3.462551412701e-02
-1.385731203176e-01,5.800996944590e+00,3.540331376155e-02
-1.383281620391e-01,8.159601074572e+00,3.455861322921e-02
-1.380425757549e-01,5.769148841022e+00,3.531644563014e-02
-1.379153971524e-01,8.127736428709e+00,3.449157220486e-02
-1.375120311922e-01,5.737300737455e+00,3.522933989254e-02
-1.375026322657e-01,8.095871782845e+00,3.442439062484e-02
-1.370898673789e-01,8.064007136982e+00,3.435706805839e-02
-1.369814866295e-01,5.705452633887e+00,3.514199561774e-02
-1.366771024922e-01,8.032142491118e+00,3.428960407314e-02
-1.364509420668e-01,5.673604530319e+00,3.505441187053e-02
-1.362643376055e-01,8.000277845254e+00,3.422199823511e-02
-1.359203975040e-01,5.641756426751e+00,3.496658771155e-02
-1.358515727187e-01,7.968413199391e+00,3.415425010865e-02
-1.354388078320e-01,7.936548553527e+00,3.408635925647e-02
-1.353898529413e-01,5.609908323184e+00,3.487852219726e-02
-1.350260429452e-01,7.904683907664e+00,3.401832523968e-02
-1.348593083786e-01,5.578060219616e+00,3.479021437995e-02
-1.346132780585e-01,7.872819261800e+00,3.395014761770e-02
-1.343287638159e-01,5.546212116048e+00,3.470166330765e-02
-1.342005131717e-01,7.840954615937e+00,3.388182594831e-02
-1.337982192532e-01,5.514364012481e+00,3.461286802425e-02
-1.337877482850e-01,7.809089970073e+00,3.381335978763e-02
-1.333749833983e-01,7.777225324209e+00,3.374474869011e-02
-1.332676746905e-01,5.482515908913e+00,3.452382756937e-02
-1.329622185115e-01,7.745360678346e+00,3.367599220852e-02
-1.327371301277e-01,5.450667805345e+00,3.443454097850e-02
-1.325494536248e-01,7.713496032482e+00,3.360708989399e-02
-1.322065855650e-01,5.418819701777e+00,3.434500728283e-02
-1.321366887380e-01,7.681631386619e+00,3.353804129593e-02
-1.317239238513e-01,7.649766740755e+00,3.346884596210e-02
-1.316760410023e-01,5.386971598209e+00,3.425522550935e-02
-1.313111589646e-01,7.617902094892e+00,3.339950343851e-02
-1.311454964396e-01,5.355123494642e+00,3.416519468082e-02
-1.308983940778e-01,7.586037449028e+00,3.333001326953e-02
-1.306149518769e-01,5.323275391074e+00,3.407491381576e-02
-1.304856291911e-01,7.554172803165e+00,3.326037499784e-02
-1.300844073142e-01,5.291427287506e+00,3.398438192848e-02
-1.300728643043e-01,7.522308157301e+00,3.319058816432e-02
-1.296600994176e-01,7.490443511437e+00,3.312065230827e-02
-1.295632423353e-01,4.218750135001e-01,3.972875058871e-02
-1.295632423353e-01,4.531250145001e-01,3.681039076741e-02
-1.295632423353e-01,5.468750174999e-01,3.389423539779e-02
-1.295632423353e-01,6.718750214995e-01,3.389423539779e-02
-1.295632423353e-01,7.031250224995e-01,3.389423539779e-02
-1.295632423353e-01,8.281250264995e-01,3.389423539779e-02
-1.295632423353e-01,8.593750274997e-01,3.389423539779e-02
-1.295632423353e-01,8.906250284998e-01,3.389423539779e-02
-1.295632423353e-01,9.218750294999e-01,3.389423539779e-02
-1.295632423353e-01,9.531250305000e-01,3.389423539779e-02
-1.295632423353e-01,9.843750315000e-01,3.389423539779e-02
-1.295632423353e-01,1.562500050003e-02,6.787837914073e-02
-1.295632423353e-01,4.687500150008e-02,6.656190176471e-02
-1.295632423353e-01,7.812500250012e-02,6.513530431634e-02
-1.295632423353e-01,1.093750035002e-01,6.358695861782e-02
-1.295632423353e-01,1.406250045003e-01,6.190459509578e-02
-1.295632423353e-01,1.718750055004e-01,6.007590897620e-02
-1.295632423353e-01,2.031250065004e-01,5.808976288024e-02
-1.295632423353e-01,2.343750075005e-01,5.593843545407e-02
-1.295632423353e-01,2.656250085005e-01,5.362166794713e-02
-1.295632423353e-01,2.968750095005e-01,5.115369688758e-02
-1.295632423353e-01,3.281250105004e-01,4.857491531703e-02
-1.295632423353e-01,3.593750115003e-01,4.596965663058e-02
-1.295632423353e-01,3.906250125002e-01,4.295486623003e-02
-1.295632423353e-01,4.843750155000e-01,3.468621840928e-02
-1.295632423353e-01,5.156250165000e-01,3.389423539779e-02
-1.295632423353e-01,5.781250184998e-01,3.389423539779e-02
-1.295632423353e-01,6.093750194997e-01,3.389423539779e-02
-1.295632423353e-01,6.406250204996e-01,3.389423539779e-02
-1.295632423353e-01,7.343750234994e-01,3.389423539779e-02
-1.295632423353e-01,7.968750254994e-01,3.389423539779e-02
-1.295632423353e-01,7.656250244994e-01,3.389423539779e-02
-1.295538627515e-01,5.259579183939e+00,3.389359802903e-02
-1.295146461607e-01,1.016101340164e+00,3.388591660626e-02
-1.294174538114e-01,1.048303956493e+00,3.386927254632e-02
-1.293202614621e-01,1.080506572821e+00,3.385261984498e-02
-1.292473345309e-01,7.458578865574e+00,3.305056696717e-02
-1.292230691128e-01,1.112709189150e+00,3.383595849554e-02
-1.291258767636e-01,1.144911805478e+00,3.381928849123e-02
-1.290286844143e-01,1.177114421807e+00,3.380260982536e-02
-1.290233181887e-01,5.227731080371e+00,3.380256112319e-02
-1.289314920650e-01,1.209317038135e+00,3.378592249112e-02
-1.288345696441e-01,7.426714219710e+00,3.298033167683e-02
-1.288342997157e-01,1.241519654464e+00,3.376922648179e-02
-1.287371073664e-01,1.273722270792e+00,3.375252179063e-02
-1.286399150171e-01,1.305924887121e+00,3.373580841084e-02
-1.285427226679e-01,1.338127503449e+00,3.371908633564e-02
-1.284927736260e-01,5.195882976803e+00,3.371127021255e-02
-1.284455303186e-01,1.370330119778e+00,3.370235555829e-02
-1.284218047574e-01,7.394849573847e+00,3.290994597131e-02
-1.283483379693e-01,1.402532736106e+00,3.368561607195e-02
-1.282511456200e-01,1.434735352435e+00,3.366886786987e-02
-1.281539532707e-01,1.466937968763e+00,3.365211094520e-02
-1.280567609214e-01,1.499140585092e+00,3.363534529116e-02
-1.280090398706e-01,7.362984927983e+00,3.283940938296e-02
-1.279622290633e-01,5.164034873235e+00,3.361972429442e-02
-1.279595685722e-01,1.531343201420e+00,3.361857090095e-02
-1.278623762229e-01,1.563545817749e+00,3.360178776770e-02
-1.277651838736e-01,1.595748434077e+00,3.358499588462e-02
-1.276679915243e-01,1.627951050406e+00,3.356819524483e-02
-1.275962749839e-01,7.331120282119e+00,3.276872144239e-02
-1.275707991750e-01,1.660153666734e+00,3.355138584151e-02
-1.274736068258e-01,1.692356283063e+00,3.353456766783e-02
-1.274316845006e-01,5.132186769668e+00,3.352792236189e-02
-1.273764144765e-01,1.724558899391e+00,3.351774071687e-02
-1.272792221272e-01,1.756761515720e+00,3.350090498181e-02
-1.271835100972e-01,7.299255636256e+00,3.269788167847e-02
-1.271820297779e-01,1.788964132048e+00,3.348406045577e-02
-1.270848374286e-01,1.821166748377e+00,3.346720713185e-02
-1.269876450794e-01,1.853369364705e+00,3.345034500319e-02
-1.269011399379e-01,5.100338666100e+00,3.343586340378e-02
-1.268904527301e-01,1.885571981034e+00,3.343347406285e-02
-1.267932603808e-01,1.917774597362e+00,3.341659430396e-02
-1.267707452104e-01,7.267390990392e+00,3.262688961830e-02
-1.266960680315e-01,1.949977213690e+00,3.339970571962e-02
-1.265988756822e-01,1.982179830019e+00,3.338280830288e-02
-1.265016833330e-01,2.014382446347e+00,3.336590204682e-02
-1.264044909837e-01,2.046585062676e+00,3.334898694455e-02
-1.263705953751e-01,5.068490562532e+00,3.334354640472e-02
-1.263579803237e-01,7.235526344529e+00,3.255574478730e-02
-1.263072986344e-01,2.078787679004e+00,3.333206298907e-02
-1.262101062851e-01,2.110990295332e+00,3.331513017348e-02
-1.261129139358e-01,2.143192911661e+00,3.329818849080e-02
-1.260157215865e-01,2.175395527990e+00,3.328123793407e-02
-1.259452154370e-01,7.203661698665e+00,3.248444670906e-02
-1.259185292373e-01,2.207598144318e+00,3.326427849635e-02
-1.258400508124e-01,5.036642458964e+00,3.325097034506e-02
-1.258213368880e-01,2.239800760646e+00,3.324731017062e-02
-1.257241445387e-01,2.272003376975e+00,3.323033294994e-02
-1.256269521894e-01,2.304205993303e+00,3.321334682729e-02
-1.255324505502e-01,7.171797052802e+00,3.241299490546e-02
-1.255297598401e-01,2.336408609632e+00,3.319635179567e-02
-1.254325674908e-01,2.368611225961e+00,3.317934784812e-02
-1.253353751416e-01,2.400813842289e+00,3.316233497756e-02
-1.253095062497e-01,5.004794355397e+00,3.315813420094e-02
-1.252438446227e-01,1.069558362744e+01,6.608629156052e-06
-1.252381827923e-01,2.433016458617e+00,3.314531317702e-02
-1.251409904430e-01,2.465219074946e+00,3.312828243947e-02
-1.251196856635e-01,7.139932406938e+00,3.234138889660e-02
-1.250437980937e-01,2.497421691274e+00,3.311124275784e-02
-1.249466057445e-01,2.529624307603e+00,3.309419412514e-02
-1.249368573251e-01,1.067056815416e+01,1.009402235960e-02
-1.248494133952e-01,2.561826923932e+00,3.307713653427e-02
-1.247789616870e-01,4.972946251829e+00,3.306503694424e-02
-1.247522210459e-01,2.594029540260e+00,3.306006997820e-02
-1.247069207767e-01,7.108067761075e+00,3.226962820082e-02
-1.246550286966e-01,2.626232156589e+00,3.304299444988e-02
-1.246298700275e-01,1.064555268088e+01,1.830393819842e-02
-1.245578363473e-01,2.658434772917e+00,3.302590994220e-02
-1.244606439980e-01,2.690637389245e+00,3.300881644812e-02
-1.243634516488e-01,2.722840005574e+00,3.299171396052e-02
-1.243228827298e-01,1.062053720760e+01,2.511205587965e-02
-1.242941558900e-01,7.076203115212e+00,3.219771233472e-02
-1.242662592995e-01,2.755042621903e+00,3.297460247232e-02
-1.242484171243e-01,4.941098148261e+00,3.297167754267e-02
-1.241690669502e-01,2.787245238231e+00,3.295748197644e-02
-1.240718746009e-01,2.819447854560e+00,3.294035246574e-02
-1.240158954322e-01,1.059552173432e+01,3.084900711997e-02
-1.239746822516e-01,2.851650470888e+00,3.292321393313e-02
-1.238813910033e-01,7.044338469349e+00,3.212564081307e-02
-1.238774899023e-01,2.883853087217e+00,3.290606637145e-02
-1.237802975531e-01,2.916055703546e+00,3.288890977359e-02
-1.237178725616e-01,4.909250044693e+00,3.287805495968e-02
-1.237089081346e-01,1.057050626104e+01,3.574902524745e-02
-1.236831052038e-01,2.948258319874e+00,3.287174413244e-02
-1.235859128545e-01,2.980460936203e+00,3.285456944080e-02
-1.234887205052e-01,3.012663552532e+00,3.283738569154e-02
-1.234686261165e-01,7.012473823486e+00,3.205341314889e-02
-1.234019208370e-01,1.054549078776e+01,3.998269060644e-02
-1.233915281559e-01,3.044866168860e+00,3.282019287753e-02
-1.232943358067e-01,3.077068785189e+00,3.280299099155e-02
-1.231971434574e-01,3.109271401518e+00,3.278578002644e-02
-1.231873279988e-01,4.877401941126e+00,3.278416815453e-02
-1.230999511081e-01,3.141474017846e+00,3.276855997505e-02
-1.230949335394e-01,1.052047531448e+01,4.367717722056e-02
-1.230558612298e-01,6.980609177622e+00,3.198102885345e-02
-1.230027587588e-01,3.173676634175e+00,3.275133083013e-02
-1.229055664095e-01,3.205879250504e+00,3.273409258454e-02
-1.228083740602e-01,3.238081866832e+00,3.271684523102e-02
-1.227879462418e-01,1.049545984120e+01,4.692923363613e-02
-1.227111817110e-01,3.270284483161e+00,3.269958876238e-02
-1.226567834361e-01,4.845553837558e+00,3.269001608227e-02
-1.226430963431e-01,6.948744531759e+00,3.190848743620e-02
-1.226139893617e-01,3.302487099490e+00,3.268232317143e-02
-1.225167970124e-01,3.334689715818e+00,3.266504845087e-02
-1.224809589442e-01,1.047044436792e+01,4.981376829103e-02
-1.224196046631e-01,3.366892332147e+00,3.264776459352e-02
-1.223224123138e-01,3.399094948475e+00,3.263047159212e-02
-1.222303314563e-01,6.916879885895e+00,3.183578840480e-02
-1.222252199646e-01,3.431297564804e+00,3.261316943941e-02
-1.221739716466e-01,1.044542889464e+01,5.238968307151e-02
-1.221280276153e-01,3.463500181133e+00,3.259585812814e-02
-1.221262388734e-01,4.813705733990e+00,3.259559769377e-02
-1.220308352660e-01,3.495702797461e+00,3.257853765102e-02
-1.219336429167e-01,3.527905413790e+00,3.256120800080e-02
-1.218669843490e-01,1.042041342136e+01,5.470393189691e-02
-1.218364505674e-01,3.560108030119e+00,3.254386917020e-02
-1.218175665696e-01,6.885015240032e+00,3.176293126513e-02
-1.217392582181e-01,3.592310646447e+00,3.252652115189e-02
-1.216420658688e-01,3.624513262776e+00,3.250916393862e-02
-1.215956943107e-01,4.781857630422e+00,3.250091193572e-02
-1.215599970513e-01,1.039539794808e+01,5.679440400304e-02
-1.215448735196e-01,3.656715879105e+00,3.249179752305e-02
-1.214476811703e-01,3.688918495433e+00,3.247442189787e-02
-1.214048016829e-01,6.853150594168e+00,3.168991552130e-02
-1.213504888210e-01,3.721121111762e+00,3.245703705578e-02
-1.212532964717e-01,3.753323728091e+00,3.243964298942e-02
-1.212530097537e-01,1.037038247480e+01,5.869201071571e-02
-1.211561041224e-01,3.785526344419e+00,3.242223969147e-02
-1.210651497480e-01,4.750009526855e+00,3.240595775064e-02
-1.210589117732e-01,3.817728960748e+00,3.240482715460e-02
-1.209920367961e-01,6.821285948305e+00,3.161674067558e-02
-1.209617194239e-01,3.849931577077e+00,3.238740537142e-02
-1.209460224561e-01,1.034536700151e+01,6.042222112452e-02
-1.208645270746e-01,3.882134193405e+00,3.236997433461e-02
-1.207673347253e-01,3.914336809734e+00,3.235253403676e-02
-1.206701423760e-01,3.946539426063e+00,3.233508447051e-02
-1.206390351585e-01,1.032035152823e+01,6.200620929600e-02
-1.205792719094e-01,6.789421302442e+00,3.154340622845e-02
-1.205729500268e-01,3.978742042391e+00,3.231762562849e-02
-1.205346051853e-01,4.718161423287e+00,3.231073407687e-02
-1.204757576775e-01,4.010944658720e+00,3.230015750329e-02
-1.203785653282e-01,4.043147275049e+00,3.228268008753e-02
-1.203320478609e-01,1.029533605495e+01,6.346172302998e-02
-1.202813729789e-01,4.075349891377e+00,3.226519337377e-02
-1.201841806296e-01,4.107552507706e+00,3.224769735462e-02
-1.201665070226e-01,6.757556656578e+00,3.146991167862e-02
-1.200869882803e-01,4.139755124035e+00,3.223019202266e-02
-1.200250605633e-01,1.027032058167e+01,6.480374994629e-02
-1.200040606225e-01,4.686313319719e+00,3.221523984866e-02
-1.199897959311e-01,4.171957740363e+00,3.221267737043e-02
-1.198926035818e-01,4.204160356692e+00,3.219515339051e-02
-1.197954112325e-01,4.236362973020e+00,3.217762007546e-02
-1.197537421359e-01,6.725692010715e+00,3.139625652294e-02
-1.197180732657e-01,1.024530510839e+01,6.604503399749e-02
-1.196982188832e-01,4.268565589349e+00,3.216007741781e-02
-1.196010265339e-01,4.300768205678e+00,3.214252541011e-02
-1.195038341847e-01,4.332970822006e+00,3.212496404487e-02
-1.194735160598e-01,4.654465216152e+00,3.211947399611e-02
-1.194110859681e-01,1.022028963511e+01,6.719648017992e-02
-1.194066418354e-01,4.365173438335e+00,3.210739331462e-02
-1.193409772492e-01,6.693827364851e+00,3.132244025649e-02
-1.193094494861e-01,4.397376054664e+00,3.208981321189e-02
-1.192122571368e-01,4.429578670992e+00,3.207222372915e-02
-1.191150647875e-01,4.461781287321e+00,3.205462485892e-02
-1.191040986705e-01,1.019527416183e+01,6.779192917980e-02
-1.190178724382e-01,4.493983903650e+00,3.203701659370e-02
-1.189429714971e-01,4.622617112584e+00,3.202343544518e-02
-1.189282123624e-01,6.661962718988e+00,3.124846237252e-02
-1.189206800890e-01,4.526186519978e+00,3.201939892593e-02
-1.188234877397e-01,4.558389136307e+00,3.200177184812e-02
-1.187971113728e-01,1.017025868855e+01,6.672826704514e-02
-1.187262953904e-01,4.590591752636e+00,3.198413535274e-02
-1.185154474757e-01,6.630098073124e+00,3.117432236250e-02
-1.184901240752e-01,1.014524321527e+01,6.559168552417e-02
-1.181831367776e-01,1.012022774199e+01,6.437543222594e-02
-1.181026825890e-01,6.598233427261e+00,3.110001971602e-02
-1.178761494800e-01,1.009521226871e+01,6.307217471322e-02
-1.176899177022e-01,6.566368781398e+00,3.102555392088e-02
-1.175691621824e-01,1.007019679543e+01,6.167405481551e-02
-1.172771528155e-01,6.534504135534e+00,3.095092446312e-02
-1.172621748848e-01,1.004518132215e+01,6.017282762229e-02
-1.169551875872e-01,1.002016584887e+01,5.856014364762e-02
-1.168643879287e-01,6.502639489671e+00,3.087613082684e-02
-1.166482002896e-01,9.995150375588e+00,5.682806959240e-02
-1.164516230420e-01,6.470774843808e+00,3.080117249441e-02
-1.163412129920e-01,9.970134902307e+00,5.497000248908e-02
-1.160388581553e-01,6.438910197944e+00,3.072604894634e-02
-1.160342256944e-01,9.945119429027e+00,5.298222531664e-02
-1.157272383968e-01,9.920103955746e+00,5.086649195456e-02
-1.156260932685e-01,6.407045552081e+00,3.065075966131e-02
-1.154202510992e-01,9.895088482466e+00,4.863421715370e-02
-1.152133283818e-01,6.375180906217e+00,3.057530411618e-02
-1.151132638016e-01,9.870073009185e+00,4.631303237549e-02
-1.148062765039e-01,9.845057535905e+00,4.372640026055e-02
-1.148005634951e-01,6.343316260354e+00,3.049968178597e-02
-1.144992892063e-01,9.820042062625e+00,4.067874035636e-02
-1.143877986083e-01,6.311451614491e+00,3.042389214389e-02
-1.141923019087e-01,9.795026589344e+00,3.751026586741e-02
-1.139750337216e-01,6.279586968627e+00,3.034793466130e-02
-1.138853146111e-01,9.770011116064e+00,3.437298587000e-02
-1.135783273135e-01,9.744995642783e+00,3.155551738155e-02
-1.135622688349e-01,6.247722322764e+00,3.027180880772e-02
-1.132713400159e-01,9.719980169502e+00,2.951026760654e-02
-1.131495039481e-01,6.215857676901e+00,3.019551405087e-02
-1.129703907694e-01,9.691532497324e+00,2.875802955287e-02
-1.127367390614e-01,6.183993031037e+00,3.011904985662e-02
-1.126754795741e-01,9.659652626249e+00,2.870476228347e-02
-1.123805683788e-01,9.627772755174e+00,2.865142795152e-02
-1.123239741746e-01,6.152128385174e+00,3.004241568900e-02
-1.120856571836e-01,9.595892884098e+00,2.859801209784e-02
-1.119112092879e-01,6.120263739310e+00,2.996561101023e-02
-1.117907459883e-01,9.564013013023e+00,2.854451454033e-02
-1.114984444012e-01,6.088399093447e+00,2.988863528069e-02
-1.114958347930e-01,9.532133141947e+00,2.849093509642e-02
-1.112009235977e-01,9.500253270872e+00,2.843727358303e-02
-1.110856795144e-01,6.056534447584e+00,2.981148795893e-02
-1.109060124024e-01,9.468373399796e+00,2.838352981657e-02
-1.106729146277e-01,6.024669801720e+00,2.973416850167e-02
-1.106111012071e-01,9.436493528721e+00,2.832970361298e-02
-1.103161900118e-01,9.404613657645e+00,2.827579478770e-02
-1.102601497410e-01,5.992805155857e+00,2.965667636381e-02
-1.100212788165e-01,9.372733786570e+00,2.822180315568e-02
-1.098473848542e-01,5.960940509994e+00,2.957901099843e-02
-1.097263676212e-01,9.340853915494e+00,2.816772853136e-02
-1.094346199675e-01,5.929075864130e+00,2.950117185678e-02
-1.094314564259e-01,9.308974044419e+00,2.811357072870e-02
-1.091365452306e-01,9.277094173344e+00,2.805932956113e-02
-1.090218550808e-01,5.897211218267e+00,2.942315838830e-02
-1.088416340353e-01,9.245214302268e+00,2.800500484162e-02
-1.086090901940e-01,5.865346572403e+00,2.934497004059e-02
-1.085467228400e-01,9.213334431193e+00,2.795059638261e-02
-1.082518116447e-01,9.181454560117e+00,2.789610399606e-02
-1.081963253073e-01,5.833481926540e+00,2.926660625947e-02
-1.079569004494e-01,9.149574689042e+00,2.784152749341e-02
-1.077835604205e-01,5.801617280677e+00,2.918806648891e-02
-1.076619892541e-01,9.117694817967e+00,2.778686668561e-02
-1.073707955338e-01,5.769752634813e+00,2.910935017112e-02
-1.073670780588e-01,9.085814946891e+00,2.773212138311e-02
-1.070721668636e-01,9.053935075816e+00,2.767729139585e-02
-1.069580306471e-01,5.737887988950e+00,2.903045674647e-02
-1.067772556682e-01,9.022055204740e+00,2.762237653325e-02
-1.065452657603e-01,5.706023343087e+00,2.895138565355e-02
-1.064823444730e-01,8.990175333665e+00,2.756737660425e-02
-1.061874332777e-01,8.958295462589e+00,2.751229141728e-02
-1.061325008736e-01,5.674158697223e+00,2.887213632915e-02
-1.058925220824e-01,8.926415591514e+00,2.745712078025e-02
-1.057197359869e-01,5.642294051360e+00,2.879270820827e-02
-1.055976108871e-01,8.894535720438e+00,2.740186450057e-02
-1.053069711001e-01,5.610429405496e+00,2.871310072414e-02
-1.053026996918e-01,8.862655849363e+00,2.734652238514e-02
-1.050077884965e-01,8.830775978287e+00,2.729109424035e-02
-1.048942062134e-01,5.578564759633e+00,2.863331330820e-02
-1.047128773012e-01,8.798896107212e+00,2.723557987209e-02
-1.044814413266e-01,5.546700113770e+00,2.855334539012e-02
-1.044179661059e-01,8.767016236136e+00,2.717997908573e-02
-1.041230549106e-01,8.735136365061e+00,2.712429168613e-02
-1.040686764399e-01,5.514835467906e+00,2.847319639781e-02
-1.038281437153e-01,8.703256493985e+00,2.706851747764e-02
-1.036559115532e-01,5.482970822043e+00,2.839286575744e-02
-1.035332325200e-01,8.671376622910e+00,2.701265626411e-02
-1.032431466664e-01,5.451106176180e+00,2.831235289341e-02
-1.032383213247e-01,8.639496751834e+00,2.695670784885e-02
-1.029434101294e-01,8.607616880758e+00,2.690067203470e-02
-1.028303817797e-01,5.419241530316e+00,2.823165722838e-02
-1.026484989341e-01,8.575737009683e+00,2.684454862394e-02
-1.024176168930e-01,5.387376884453e+00,2.815077818330e-02
-1.023535877388e-01,8.543857138607e+00,2.678833741836e-02
-1.020586765435e-01,8.511977267532e+00,2.673203821925e-02
-1.020048520062e-01,5.355512238590e+00,2.806971517738e-02
-1.017637653482e-01,8.480097396456e+00,2.667565082736e-02
-1.015920871195e-01,5.323647592726e+00,2.798846762812e-02
-1.014688541529e-01,8.448217525381e+00,2.661917504294e-02
-1.011793222328e-01,5.291782946863e+00,2.790703495132e-02
-1.011739429576e-01,8.416337654305e+00,2.656261066572e-02
-1.008790317623e-01,8.384457783230e+00,2.650595749491e-02
-1.007714107053e-01,7.812500250012e-02,6.468005279884e-02
-1.007714107053e-01,1.093750035002e-01,6.304955146944e-02
-1.007714107053e-01,4.218750135001e-01,3.617960836049e-02
-1.007714107053e-01,6.406250204996e-01,2.782558801519e-02
-1.007714107053e-01,6.718750214995e-01,2.782558801519e-02
-1.007714107053e-01,8.281250264995e-01,2.782558801519e-02
-1.007714107053e-01,8.593750274997e-01,2.782558801519e-02
-1.007714107053e-01,9.531250305000e-01,2.782558801519e-02
-1.007714107053e-01,1.562500050003e-02,6.754407289741e-02
-1.007714107053e-01,2.656250085005e-01,5.220791253404e-02
-1.007714107053e-01,3.281250105004e-01,4.635692344698e-02
-1.007714107053e-01,3.593750115003e-01,4.318077045341e-02
-1.007714107053e-01,4.531250145001e-01,3.220424580500e-02
-1.007714107053e-01,5.468750174999e-01,2.782558801519e-02
-1.007714107053e-01,5.781250184998e-01,2.782558801519e-02
-1.007714107053e-01,6.093750194997e-01,2.782558801519e-02
-1.007714107053e-01,7.031250224994e-01,2.782558801519e-02
-1.007714107053e-01,7.343750234994e-01,2.782558801519e-02
-1.007714107053e-01,7.656250244994e-01,2.782558801519e-02
-1.007714107053e-01,7.968750254994e-01,2.782558801519e-02
-1.007714107053e-01,8.906250284998e-01,2.782558801519e-02
-1.007714107053e-01,9.218750294999e-01,2.782558801519e-02
-1.007714107053e-01,9.843750315000e-01,2.782558801519e-02
-1.007714107053e-01,4.687500150008e-02,6.617319845276e-02
-1.007714107053e-01,1.406250045003e-01,6.126479514681e-02
-1.007714107053e-01,1.718750055004e-01,5.930723905361e-02
-1.007714107053e-01,2.031250065004e-01,5.715731391610e-02
-1.007714107053e-01,2.343750075005e-01,5.479595446863e-02
-1.007714107053e-01,2.968750095005e-01,4.938851839723e-02
-1.007714107053e-01,3.906250125002e-01,4.001783962592e-02
-1.007714107053e-01,4.843750155000e-01,2.906740117674e-02
-1.007714107053e-01,5.156250165000e-01,2.782558801519e-02
-1.007665573460e-01,5.259918300999e+00,2.782541656111e-02
-1.007336136806e-01,1.016101340164e+00,2.781811242988e-02
-1.006580196311e-01,1.048303956493e+00,2.780315648227e-02
-1.005841205671e-01,8.352577912154e+00,2.644921532921e-02
-1.005824255817e-01,1.080506572821e+00,2.778819416193e-02
-1.005068315322e-01,1.112709189150e+00,2.777322546479e-02
-1.004312374828e-01,1.144911805478e+00,2.775825038678e-02
-1.003556434334e-01,1.177114421807e+00,2.774326892382e-02
-1.003537924593e-01,5.228053655136e+00,2.774361186990e-02
-1.002892093717e-01,8.320698041079e+00,2.639238396682e-02
-1.002800493839e-01,1.209317038135e+00,2.772828107184e-02
-1.002044553345e-01,1.241519654464e+00,2.771328682673e-02
-1.001288612850e-01,1.273722270792e+00,2.769828618443e-02
-1.000532672356e-01,1.305924887121e+00,2.768327914083e-02
-9.999429817646e-02,8.288818170003e+00,2.633546320539e-02
-9.997767318615e-02,1.338127503449e+00,2.766826569183e-02
-9.994102757254e-02,5.196189009273e+00,2.766162028847e-02
-9.990207913671e-02,1.370330119778e+00,2.765324583335e-02
-9.982648508727e-02,1.402532736106e+00,2.763821956127e-02
-9.975089103783e-02,1.434735352435e+00,2.762318687149e-02
-9.969938698116e-02,8.256938298928e+00,2.627845284207e-02
-9.967529698839e-02,1.466937968763e+00,2.760814775991e-02
-9.959970293895e-02,1.499140585092e+00,2.759310222241e-02
-9.952826268580e-02,5.164324363409e+00,2.757944122592e-02
-9.952410888951e-02,1.531343201420e+00,2.757805025487e-02
-9.944851484007e-02,1.563545817749e+00,2.756299185317e-02
-9.940447578587e-02,8.225058427852e+00,2.622135267352e-02
-9.937292079063e-02,1.595748434077e+00,2.754792701319e-02
-9.929732674119e-02,1.627951050406e+00,2.753285573080e-02
-9.922173269175e-02,1.660153666734e+00,2.751777800187e-02
-9.914613864231e-02,1.692356283063e+00,2.750269382227e-02
-9.911549779907e-02,5.132459717546e+00,2.749707408973e-02
-9.910956459057e-02,8.193178556777e+00,2.616416249584e-02
-9.907054459287e-02,1.724558899391e+00,2.748760318786e-02
-9.899495054342e-02,1.756761515720e+00,2.747250609450e-02
-9.891935649398e-02,1.788964132048e+00,2.745740253804e-02
-9.884376244454e-02,1.821166748377e+00,2.744229251433e-02
-9.881465339528e-02,8.161298685701e+00,2.610688210464e-02
-9.876816839510e-02,1.853369364705e+00,2.742717601923e-02
-9.870273291233e-02,5.100595071683e+00,2.741451828575e-02
-9.869257434566e-02,1.885571981034e+00,2.741205304858e-02
-9.861698029622e-02,1.917774597362e+00,2.739692359822e-02
-9.854138624678e-02,1.949977213690e+00,2.738178766398e-02
-9.851974219998e-02,8.129418814626e+00,2.604951129500e-02
-9.846579219734e-02,1.982179830019e+00,2.736664524171e-02
-9.839019814790e-02,2.014382446347e+00,2.735149632722e-02
-9.831460409846e-02,2.046585062676e+00,2.733634091635e-02
-9.828996802559e-02,5.068730425819e+00,2.733177321820e-02
-9.823901004902e-02,2.078787679004e+00,2.732117900493e-02
-9.822483100469e-02,8.097538943550e+00,2.599204986149e-02
-9.816341599958e-02,2.110990295332e+00,2.730601058876e-02
-9.808782195014e-02,2.143192911661e+00,2.729083566367e-02
-9.801222790070e-02,2.175395527990e+00,2.727565422547e-02
-9.793663385126e-02,2.207598144318e+00,2.726046626997e-02
-9.792991980939e-02,8.065659072475e+00,2.593449759818e-02
-9.787720313885e-02,5.036865779956e+00,2.724883828973e-02
-9.786103980182e-02,2.239800760646e+00,2.724527179297e-02
-9.778544575237e-02,2.272003376975e+00,2.723007079028e-02
-9.770985170293e-02,2.304205993303e+00,2.721486325769e-02
-9.763500861410e-02,8.033779201399e+00,2.587685429859e-02
-9.763425765349e-02,2.336408609632e+00,2.719964919100e-02
-9.755866360405e-02,2.368611225961e+00,2.718442858599e-02
-9.748306955461e-02,2.400813842289e+00,2.716920143846e-02
-9.746443825211e-02,5.005001134092e+00,2.716571290139e-02
-9.740747550517e-02,2.433016458617e+00,2.715396774419e-02
-9.734009741881e-02,8.001899330324e+00,2.581911975575e-02
-9.733188145573e-02,2.465219074946e+00,2.713872749896e-02
-9.725628740629e-02,2.497421691274e+00,2.712348069854e-02
-9.718069335685e-02,2.529624307603e+00,2.710822733871e-02
-9.710509930741e-02,2.561826923932e+00,2.709296741524e-02
-9.705167336538e-02,4.973136488229e+00,2.708239645268e-02
-9.704518622351e-02,7.970019459248e+00,2.576129376217e-02
-9.702950525797e-02,2.594029540260e+00,2.707770092390e-02
-9.695391120853e-02,2.626232156589e+00,2.706242786043e-02
-9.687831715909e-02,2.658434772917e+00,2.704714822061e-02
-9.680272310965e-02,2.690637389245e+00,2.703186200019e-02
-9.675027502821e-02,7.938139588172e+00,2.570337610982e-02
-9.672712906021e-02,2.722840005574e+00,2.701656919491e-02
-9.665153501077e-02,2.755042621903e+00,2.700126980053e-02
-9.663890847864e-02,4.941271842365e+00,2.699888834155e-02
-9.657594096133e-02,2.787245238231e+00,2.698596381279e-02
-9.650034691188e-02,2.819447854560e+00,2.697065122742e-02
-9.645536383292e-02,7.906259717097e+00,2.564536659019e-02
-9.642475286244e-02,2.851650470888e+00,2.695533204018e-02
-9.634915881300e-02,2.883853087217e+00,2.694000624677e-02
-9.627356476356e-02,2.916055703546e+00,2.692467384295e-02
-9.622614359190e-02,4.909407196502e+00,2.691518796442e-02
-9.619797071412e-02,2.948258319874e+00,2.690933482442e-02
-9.616045263762e-02,7.874379846022e+00,2.558726499423e-02
-9.612237666468e-02,2.980460936203e+00,2.689398918692e-02
-9.604678261524e-02,3.012663552532e+00,2.687863692616e-02
-9.597118856580e-02,3.044866168860e+00,2.686327803786e-02
-9.589559451636e-02,3.077068785189e+00,2.684791251771e-02
-9.586554144232e-02,7.842499974946e+00,2.552907111240e-02
-9.582000046691e-02,3.109271401518e+00,2.683254036144e-02
-9.581337870517e-02,4.877542550639e+00,2.683129471620e-02
-9.574440641747e-02,3.141474017846e+00,2.681716156475e-02
-9.566881236803e-02,3.173676634175e+00,2.680177612333e-02
-9.559321831859e-02,3.205879250504e+00,2.678638403288e-02
-9.557063024703e-02,7.810620103871e+00,2.547078473460e-02
-9.551762426915e-02,3.238081866832e+00,2.677098528908e-02
-9.544203021971e-02,3.270284483161e+00,2.675557988764e-02
-9.540061381843e-02,4.845677904775e+00,2.674720799034e-02
-9.536643617027e-02,3.302487099490e+00,2.674016782424e-02
-9.529084212083e-02,3.334689715818e+00,2.672474909454e-02
-9.527571905173e-02,7.778740232795e+00,2.541240565027e-02
-9.521524807138e-02,3.366892332147e+00,2.670932369424e-02
-9.513965402194e-02,3.399094948475e+00,2.669389161900e-02
-9.506405997250e-02,3.431297564804e+00,2.667845286450e-02
-9.498846592306e-02,3.463500181133e+00,2.666300742640e-02
-9.498784893169e-02,4.813813258912e+00,2.666292717879e-02
-9.498080785644e-02,7.746860361720e+00,2.535393364829e-02
-9.491287187362e-02,3.495702797461e+00,2.664755530035e-02
-9.483727782418e-02,3.527905413790e+00,2.663209648203e-02
-9.476168377474e-02,3.560108030119e+00,2.661663096708e-02
-9.468608972530e-02,3.592310646447e+00,2.660115875116e-02
-9.468589666114e-02,7.714980490644e+00,2.529536851707e-02
-9.461049567585e-02,3.624513262776e+00,2.658567982991e-02
-9.457508404496e-02,4.781948613048e+00,2.657845167207e-02
-9.453490162641e-02,3.656715879105e+00,2.657019419897e-02
-9.445930757697e-02,3.688918495433e+00,2.655470185399e-02
-9.439098546585e-02,7.683100619569e+00,2.523671004446e-02
-9.438371352753e-02,3.721121111762e+00,2.653920279060e-02
-9.430811947809e-02,3.753323728091e+00,2.652369700442e-02
-9.423252542865e-02,3.785526344419e+00,2.650818449110e-02
-9.416231915822e-02,4.750083967185e+00,2.649378085930e-02
-9.415693137921e-02,3.817728960748e+00,2.649266524625e-02
-9.409607427056e-02,7.651220748494e+00,2.517795801784e-02
-9.408133732977e-02,3.849931577077e+00,2.647713926550e-02
-9.400574328033e-02,3.882134193405e+00,2.646160654446e-02
-9.393014923088e-02,3.914336809734e+00,2.644606707874e-02
-9.385455518144e-02,3.946539426063e+00,2.643052086395e-02
-9.380116307526e-02,7.619340877418e+00,2.511911222405e-02
-9.377896113200e-02,3.978742042391e+00,2.641496789570e-02
-9.374955427148e-02,4.718219321322e+00,2.640891412817e-02
-9.370336708256e-02,4.010944658720e+00,2.639940816959e-02
-9.362777303312e-02,4.043147275049e+00,2.638384168121e-02
-9.355217898368e-02,4.075349891377e+00,2.636826842617e-02
-9.350625187997e-02,7.587461006343e+00,2.506017244944e-02
-9.347658493424e-02,4.107552507706e+00,2.635268840005e-02
-9.340099088480e-02,4.139755124035e+00,2.633710159843e-02
-9.333678938474e-02,4.686354675458e+00,2.632385086503e-02
-9.332539683536e-02,4.171957740363e+00,2.632150801690e-02
-9.324980278591e-02,4.204160356692e+00,2.630590765104e-02
-9.321134068467e-02,7.555581135267e+00,2.500113847983e-02
-9.317420873647e-02,4.236362973020e+00,2.629030049642e-02
-9.309861468703e-02,4.268565589349e+00,2.627468654861e-02
-9.302302063759e-02,4.300768205678e+00,2.625906580318e-02
-9.294742658815e-02,4.332970822006e+00,2.624343825570e-02
-9.292402449801e-02,4.654490029595e+00,2.623859045486e-02
-9.291642948938e-02,7.523701264192e+00,2.494201010055e-02
-9.287183253871e-02,4.365173438335e+00,2.622780390171e-02
-9.279623848927e-02,4.397376054664e+00,2.621216273678e-02
-9.272064443983e-02,4.429578670992e+00,2.619651475646e-02
-9.264505039039e-02,4.461781287321e+00,2.618085995629e-02
-9.262151829408e-02,7.491821393116e+00,2.488278709640e-02
-9.256945634094e-02,4.493983903650e+00,2.616519833182e-02
-9.251125961127e-02,4.622625383732e+00,2.615313228135e-02
-9.249386229150e-02,4.526186519978e+00,2.614952987859e-02
-9.241826824206e-02,4.558389136307e+00,2.613385459214e-02
-9.234267419262e-02,4.590591752636e+00,2.611817246799e-02
-9.232660709879e-02,7.459941522040e+00,2.482346925171e-02
-9.203169590349e-02,7.428061650965e+00,2.476405635026e-02
-9.173678470820e-02,7.396181779889e+00,2.470454817535e-02
-9.144187351290e-02,7.364301908814e+00,2.464494450977e-02
-9.114696231761e-02,7.332422037738e+00,2.458524513581e-02
-9.085205112231e-02,7.300542166663e+00,2.452544983526e-02
-9.055713992702e-02,7.268662295588e+00,2.446555838940e-02
-9.026222873172e-02,7.236782424512e+00,2.440557057902e-02
-8.996731753643e-02,7.204902553437e+00,2.434548618442e-02
-8.967240634113e-02,7.173022682361e+00,2.428530498538e-02
-8.937749514584e-02,7.141142811286e+00,2.422502676122e-02
-8.908258395054e-02,7.109262940211e+00,2.416465129074e-02
-8.878767275525e-02,7.077383069135e+00,2.410417835226e-02
-8.849276155996e-02,7.045503198060e+00,2.404360772362e-02
-8.819785036467e-02,7.013623326985e+00,2.398293918216e-02
-8.790293916938e-02,6.981743455910e+00,2.392217250474e-02
-8.760802797408e-02,6.949863584835e+00,2.386130746774e-02
-8.731311677879e-02,6.917983713760e+00,2.380034384706e-02
-8.701820558350e-02,6.886103842684e+00,2.373928141812e-02
-8.672329438821e-02,6.854223971609e+00,2.367811995588e-02
-8.642838319291e-02,6.822344100533e+00,2.361685923481e-02
-8.613347199762e-02,6.790464229458e+00,2.355549902891e-02
-8.583856080233e-02,6.758584358383e+00,2.349403911173e-02
-8.554364960704e-02,6.726704487307e+00,2.343247925634e-02
-8.524873841174e-02,6.694824616232e+00,2.337081923536e-02
-8.495382721645e-02,6.662944745157e+00,2.330905882095e-02
-8.465891602115e-02,6.631064874081e+00,2.324719778481e-02
-8.436400482586e-02,6.599185003006e+00,2.318523589819e-02
-8.406909363057e-02,6.567305131931e+00,2.312317293191e-02
-8.377418243527e-02,6.535425260855e+00,2.306100865631e-02
-8.347927123998e-02,6.503545389780e+00,2.299874284134e-02
-8.318436004468e-02,6.471665518705e+00,2.293637525648e-02
-8.288944884939e-02,6.439785647629e+00,2.287390567077e-02
-8.259453765410e-02,6.407905776554e+00,2.281133385285e-02
-8.229962645880e-02,6.376025905479e+00,2.274865957093e-02
-8.200471526351e-02,6.344146034403e+00,2.268588259279e-02
-8.170980406822e-02,6.312266163328e+00,2.262300268580e-02
-8.141489287292e-02,6.280386292253e+00,2.256001961693e-02
-8.111998167763e-02,6.248506421178e+00,2.249693315274e-02
-8.082507048234e-02,6.216626550102e+00,2.243374305938e-02
-8.053015928705e-02,6.184746679027e+00,2.237044910263e-02
-8.023524809175e-02,6.152866807952e+00,2.230705104786e-02
-7.994033689646e-02,6.120986936876e+00,2.224354866008e-02
-7.964542570117e-02,6.089107065801e+00,2.217994170389e-02
-7.935051450587e-02,6.057227194726e+00,2.211622994357e-02
-7.905560331058e-02,6.025347323651e+00,2.205241314298e-02
-7.876069211528e-02,5.993467452575e+00,2.198849106567e-02
-7.846578091999e-02,5.961587581500e+00,2.192446347481e-02
-7.817086972470e-02,5.929707710425e+00,2.186033013324e-02
-7.787595852941e-02,5.897827839349e+00,2.179609080345e-02
-7.758104733411e-02,5.865947968274e+00,2.173174524763e-02
-7.728613613882e-02,5.834068097199e+00,2.166729322762e-02
-7.699122494353e-02,5.802188226124e+00,2.160273450496e-02
-7.669631374824e-02,5.770308355048e+00,2.153806884088e-02
-7.640140255294e-02,5.738428483973e+00,2.147329599632e-02
-7.610649135765e-02,5.706548612898e+00,2.140841573193e-02
-7.581158016235e-02,5.674668741822e+00,2.134342780806e-02
-7.551666896706e-02,5.642788870747e+00,2.127833198484e-02
-7.522175777177e-02,5.610908999672e+00,2.121312802208e-02
-7.515334641600e-02,1.069786525966e+01,6.608629151465e-06
-7.496914962868e-02,1.067284835892e+01,1.009410270259e-02
-7.492684657647e-02,5.579029128597e+00,2.114781567939e-02
-7.478495284136e-02,1.064783145818e+01,1.830407028902e-02
-7.463193538118e-02,5.547149257521e+00,2.108239471611e-02
-7.460075605405e-02,1.062281455745e+01,2.511222162653e-02
-7.441655926673e-02,1.059779765671e+01,3.084919470995e-02
-7.433702418589e-02,5.515269386446e+00,2.101686489137e-02
-7.423236247941e-02,1.057278075597e+01,3.574922677145e-02
-7.404816569210e-02,1.054776385523e+01,3.998290066395e-02
-7.404211299059e-02,5.483389515371e+00,2.095122596406e-02
-7.386396890478e-02,1.052274695449e+01,4.367739206774e-02
-7.374720179530e-02,5.451509644295e+00,2.088547769287e-02
-7.367977211746e-02,1.049773005375e+01,4.692945064859e-02
-7.349557533015e-02,1.047271315301e+01,4.981398561581e-02
-7.345229060000e-02,5.419629773220e+00,2.081961983632e-02
-7.331137854283e-02,1.044769625227e+01,5.238989939612e-02
-7.315737940471e-02,5.387749902145e+00,2.075365215270e-02
-7.312718175551e-02,1.042267935153e+01,5.470414629276e-02
-7.294298496819e-02,1.039766245079e+01,5.679461581753e-02
-7.286246820942e-02,5.355870031070e+00,2.068757440017e-02
-7.275878818087e-02,1.037264555006e+01,5.869221949652e-02
-7.257459139355e-02,1.034762864932e+01,6.042242656583e-02
-7.256755701413e-02,5.323990159994e+00,2.062138633670e-02
-7.239039460623e-02,1.032261174858e+01,6.200641119976e-02
-7.227264581883e-02,5.292110288919e+00,2.055508772013e-02
-7.220619781891e-02,1.029759484784e+01,6.346192127777e-02
-7.202200103160e-02,1.027257794710e+01,6.480394447863e-02
-7.197957907524e-02,7.812500250012e-02,6.430823351689e-02
-7.197957907524e-02,2.656250085005e-01,5.097111136011e-02
-7.197957907524e-02,4.531250145001e-01,2.750285745354e-02
-7.197957907524e-02,5.468750174999e-01,2.048851142104e-02
-7.197957907524e-02,5.781250184998e-01,2.048851142104e-02
-7.197957907524e-02,6.406250204996e-01,2.048851142104e-02
-7.197957907524e-02,6.718750214995e-01,2.048851142104e-02
-7.197957907524e-02,9.531250305000e-01,2.048851142104e-02
-7.197957907524e-02,1.093750035002e-01,6.260791821933e-02
-7.197957907524e-02,2.031250065004e-01,5.636886333238e-02
-7.197957907524e-02,2.343750075005e-01,5.381544870496e-02
-7.197957907524e-02,2.968750095005e-01,4.780509293624e-02
-7.197957907524e-02,4.843750155000e-01,2.265886574868e-02
-7.197957907524e-02,6.093750194997e-01,2.048851142104e-02
-7.197957907524e-02,8.906250284998e-01,2.048851142104e-02
-7.197957907524e-02,9.218750294999e-01,2.048851142104e-02
-7.197957907524e-02,9.843750315000e-01,2.048851142104e-02
-7.197957907524e-02,4.687500150008e-02,6.585734784864e-02
-7.197957907524e-02,1.406250045003e-01,6.073504156771e-02
-7.197957907524e-02,1.718750055004e-01,5.866482341414e-02
-7.197957907524e-02,3.281250105004e-01,4.430045276741e-02
-7.197957907524e-02,3.593750115003e-01,4.048010981110e-02
-7.197957907524e-02,3.906250125002e-01,3.646490675894e-02
-7.197957907524e-02,4.218750135001e-01,3.258912776266e-02
-7.197957907524e-02,5.156250164999e-01,2.048851142104e-02
-7.197957907524e-02,7.031250224994e-01,2.048851142104e-02
-7.197957907524e-02,7.343750234994e-01,2.048851142104e-02
-7.197957907524e-02,7.656250244993e-01,2.048851142104e-02
-7.197957907524e-02,7.968750254994e-01,2.048851142104e-02
-7.197957907524e-02,8.281250264995e-01,2.048851142104e-02
-7.197957907524e-02,8.593750274997e-01,2.048851142104e-02
-7.197957907524e-02,1.562500050003e-02,6.727358159326e-02
-7.197773462354e-02,5.260230417844e+00,2.048867830817e-02
-7.195258120044e-02,1.016101340164e+00,2.048243188791e-02
-7.189858545084e-02,1.048303956493e+00,2.047026996186e-02
-7.184458970124e-02,1.080506572821e+00,2.045810422127e-02
-7.183780424428e-02,1.024756104636e+01,6.604522479851e-02
-7.179059395164e-02,1.112709189150e+00,2.044593466435e-02
-7.173659820204e-02,1.144911805478e+00,2.043376128930e-02
-7.168282342825e-02,5.228350546768e+00,2.042215785840e-02
-7.168260245244e-02,1.177114421807e+00,2.042158409431e-02
-7.165360745696e-02,1.022254414562e+01,6.719666726595e-02
-7.162860670284e-02,1.209317038135e+00,2.040940307761e-02
-7.157461095324e-02,1.241519654464e+00,2.039721823739e-02
-7.152061520364e-02,1.273722270792e+00,2.038502957184e-02
-7.146941066964e-02,1.019752724488e+01,6.741575768016e-02
-7.146661945404e-02,1.305924887121e+00,2.037283707917e-02
-7.141262370444e-02,1.338127503449e+00,2.036064075758e-02
-7.138791223295e-02,5.196470675693e+00,2.035552612829e-02
-7.135862795484e-02,1.370330119778e+00,2.034844060526e-02
-7.130463220524e-02,1.402532736106e+00,2.033623662041e-02
-7.128521388232e-02,1.017251034414e+01,6.629995682082e-02
-7.125063645564e-02,1.434735352435e+00,2.032402880123e-02
-7.119664070604e-02,1.466937968763e+00,2.031181714590e-02
-7.114264495644e-02,1.499140585092e+00,2.029960165262e-02
-7.110101709500e-02,1.014749344341e+01,6.510160741218e-02
-7.109300103766e-02,5.164590804618e+00,2.028878287524e-02
-7.108864920684e-02,1.531343201420e+00,2.028738231959e-02
-7.103465345724e-02,1.563545817749e+00,2.027515914499e-02
-7.098065770764e-02,1.595748434077e+00,2.026293212701e-02
-7.092666195804e-02,1.627951050406e+00,2.025070126384e-02
-7.091682030769e-02,1.012247654267e+01,6.381169694399e-02
-7.087266620844e-02,1.660153666734e+00,2.023846655367e-02
-7.081867045884e-02,1.692356283063e+00,2.022622799467e-02
-7.079808984237e-02,5.132710933542e+00,2.022192785657e-02
-7.076467470924e-02,1.724558899391e+00,2.021398558505e-02
-7.073262352037e-02,1.009745964193e+01,6.241998622521e-02
-7.071067895964e-02,1.756761515720e+00,2.020173932298e-02
-7.065668321004e-02,1.788964132048e+00,2.018948920664e-02
-7.060268746044e-02,1.821166748377e+00,2.017723523421e-02
-7.054869171084e-02,1.853369364705e+00,2.016497740388e-02
-7.054842673305e-02,1.007244274119e+01,6.091484700115e-02
-7.050317864707e-02,5.100831062467e+00,2.015496082952e-02
-7.049469596124e-02,1.885571981033e+00,2.015271571382e-02
-7.044070021164e-02,1.917774597362e+00,2.014045016221e-02
-7.038670446204e-02,1.949977213690e+00,2.012818074722e-02
-7.036422994574e-02,1.004742584045e+01,5.928310328750e-02
-7.033270871244e-02,1.982179830019e+00,2.011590746704e-02
-7.027871296284e-02,2.014382446347e+00,2.010363031984e-02
-7.022471721324e-02,2.046585062676e+00,2.009134930379e-02
-7.020826745178e-02,5.068951191392e+00,2.008788155131e-02
-7.018003315842e-02,1.002240893971e+01,5.750990409971e-02
-7.017072146364e-02,2.078787679004e+00,2.007906441706e-02
-7.011672571404e-02,2.110990295332e+00,2.006677565782e-02
-7.006272996444e-02,2.143192911661e+00,2.005448302425e-02
-7.000873421484e-02,2.175395527990e+00,2.004218651450e-02
-6.999583637110e-02,9.997392038973e+00,5.557868346047e-02
-6.995473846524e-02,2.207598144318e+00,2.002988612676e-02
-6.991335625648e-02,5.037071320317e+00,2.002068977913e-02
-6.990074271564e-02,2.239800760646e+00,2.001758185918e-02
-6.984674696604e-02,2.272003376975e+00,2.000527370993e-02
-6.981163958379e-02,9.972375138234e+00,5.347131791819e-02
-6.979275121644e-02,2.304205993303e+00,1.999296167717e-02
-6.973875546684e-02,2.336408609632e+00,1.998064575907e-02
-6.968475971724e-02,2.368611225961e+00,1.996832595379e-02
-6.963076396764e-02,2.400813842289e+00,1.995600225949e-02
-6.962744279647e-02,9.947358237496e+00,5.116869746814e-02
-6.961844506119e-02,5.005191449241e+00,1.995338527014e-02
-6.957676821804e-02,2.433016458617e+00,1.994367467433e-02
-6.952277246844e-02,2.465219074946e+00,1.993134319646e-02
-6.946877671884e-02,2.497421691274e+00,1.991900782404e-02
-6.944324600916e-02,9.922341336757e+00,4.865213336383e-02
-6.941478096924e-02,2.529624307603e+00,1.990666855524e-02
-6.936078521964e-02,2.561826923932e+00,1.989432538820e-02
-6.932353386590e-02,4.973311578166e+00,1.988596778154e-02
-6.930678947004e-02,2.594029540260e+00,1.988197832107e-02
-6.925904922184e-02,9.897324436018e+00,4.590643755889e-02
-6.925279372044e-02,2.626232156589e+00,1.986962735201e-02
-6.919879797084e-02,2.658434772917e+00,1.985727247918e-02
-6.914480222124e-02,2.690637389245e+00,1.984491370071e-02
-6.909080647164e-02,2.722840005574e+00,1.983255101477e-02
-6.907485243452e-02,9.872307535279e+00,4.292632118231e-02
-6.903681072204e-02,2.755042621903e+00,1.982018441949e-02
-6.902862267060e-02,4.941431707090e+00,1.981843707052e-02
-6.898281497244e-02,2.787245238231e+00,1.980781391302e-02
-6.892881922284e-02,2.819447854560e+00,1.979543949351e-02
-6.889065564721e-02,9.847290634541e+00,3.972931342747e-02
-6.887482347324e-02,2.851650470888e+00,1.978306115911e-02
-6.882082772364e-02,2.883853087217e+00,1.977067890795e-02
-6.876683197404e-02,2.916055703546e+00,1.975829273818e-02
-6.873371147531e-02,4.909551836015e+00,1.975079289435e-02
-6.871283622444e-02,2.948258319874e+00,1.974590264793e-02
-6.870645885989e-02,9.822273733802e+00,3.638103133844e-02
-6.865884047484e-02,2.980460936203e+00,1.973350863536e-02
-6.860484472524e-02,3.012663552532e+00,1.972111069859e-02
-6.855084897564e-02,3.044866168860e+00,1.970870883576e-02
-6.852226207257e-02,9.797256833063e+00,3.304124398020e-02
-6.849685322604e-02,3.077068785189e+00,1.969630304501e-02
-6.844285747644e-02,3.109271401518e+00,1.968389332447e-02
-6.843880028002e-02,4.877671964940e+00,1.968303501034e-02
-6.838886172684e-02,3.141474017846e+00,1.967147967228e-02
-6.833806528526e-02,9.772239932325e+00,2.845204257231e-02
-6.833486597724e-02,3.173676634175e+00,1.965906208657e-02
-6.828087022764e-02,3.205879250504e+00,1.964664056547e-02
-6.822687447804e-02,3.238081866832e+00,1.963421510711e-02
-6.817287872844e-02,3.270284483161e+00,1.962178570962e-02
-6.815386849794e-02,9.747223031586e+00,2.350395260099e-02
-6.814388908473e-02,4.845792093865e+00,1.961516317589e-02
-6.811888297884e-02,3.302487099490e+00,1.960935237113e-02
-6.806488722924e-02,3.334689715818e+00,1.959691508976e-02
-6.801089147964e-02,3.366892332147e+00,1.958447386363e-02
-6.796967171062e-02,9.722206130847e+00,1.903787609583e-02
-6.795689573004e-02,3.399094948475e+00,1.957202869088e-02
-6.790289998044e-02,3.431297564804e+00,1.955957956963e-02
-6.784897788943e-02,4.813912222789e+00,1.954717714851e-02
-6.784890423084e-02,3.463500181133e+00,1.954712649799e-02
-6.779490848124e-02,3.495702797461e+00,1.953466947409e-02
-6.778907850370e-02,9.693750791041e+00,1.685004034220e-02
-6.774091273164e-02,3.527905413790e+00,1.952220849604e-02
-6.768691698203e-02,3.560108030119e+00,1.950974356197e-02
-6.763292123244e-02,3.592310646447e+00,1.949727466999e-02
-6.761208887716e-02,9.661857012168e+00,1.681348087334e-02
-6.757892548283e-02,3.624513262776e+00,1.948480181822e-02
-6.755406669414e-02,4.782032351714e+00,1.947907668583e-02
-6.752492973323e-02,3.656715879105e+00,1.947232500476e-02
-6.747093398363e-02,3.688918495434e+00,1.945984422775e-02
-6.743509925063e-02,9.629963233295e+00,1.677689926366e-02
-6.741693823403e-02,3.721121111762e+00,1.944735948528e-02
-6.736294248443e-02,3.753323728091e+00,1.943487077547e-02
-6.730894673483e-02,3.785526344419e+00,1.942237809642e-02
-6.725915549884e-02,4.750152480639e+00,1.941086154563e-02
-6.725810962410e-02,9.598069454422e+00,1.674028506836e-02
-6.725495098523e-02,3.817728960748e+00,1.940988144626e-02
-6.720095523563e-02,3.849931577077e+00,1.939738082307e-02
-6.714695948603e-02,3.882134193405e+00,1.938487622498e-02
-6.709296373643e-02,3.914336809734e+00,1.937236765008e-02
-6.708111999757e-02,9.566175675549e+00,1.670363824689e-02
-6.703896798683e-02,3.946539426063e+00,1.935985509648e-02
-6.698497223723e-02,3.978742042391e+00,1.934733856227e-02
-6.696424430355e-02,4.718272609563e+00,1.934253148585e-02
-6.693097648763e-02,4.010944658720e+00,1.933481804557e-02
-6.690413037104e-02,9.534281896676e+00,1.666695875865e-02
-6.687698073803e-02,4.043147275049e+00,1.932229354447e-02
-6.682298498843e-02,4.075349891377e+00,1.930976505708e-02
-6.676898923883e-02,4.107552507706e+00,1.929723258148e-02
-6.672714074451e-02,9.502388117803e+00,1.663024656302e-02
-6.671499348923e-02,4.139755124035e+00,1.928469611577e-02
-6.666933310826e-02,4.686392738488e+00,1.927408626464e-02
-6.666099773963e-02,4.171957740363e+00,1.927215565806e-02
-6.660700199003e-02,4.204160356692e+00,1.925961120642e-02
-6.655300624043e-02,4.236362973020e+00,1.924706275897e-02
-6.655015111798e-02,9.470494338929e+00,1.659350161934e-02
-6.649901049083e-02,4.268565589349e+00,1.923451031378e-02
-6.644501474123e-02,4.300768205678e+00,1.922195386896e-02
-6.639101899163e-02,4.332970822006e+00,1.920939342258e-02
-6.637442191296e-02,4.654512867413e+00,1.920552564035e-02
-6.637316149145e-02,9.438600560056e+00,1.655672388692e-02
-6.633702324203e-02,4.365173438335e+00,1.919682897273e-02
-6.628302749243e-02,4.397376054664e+00,1.918426051751e-02
-6.622903174283e-02,4.429578670992e+00,1.917168805500e-02
-6.619617186492e-02,9.406706781183e+00,1.651991332502e-02
-6.617503599323e-02,4.461781287321e+00,1.915911158327e-02
-6.612104024363e-02,4.493983903650e+00,1.914653110043e-02
-6.607951071767e-02,4.622632996338e+00,1.913684937158e-02
-6.606704449403e-02,4.526186519978e+00,1.913394660454e-02
-6.601918223839e-02,9.374813002310e+00,1.648306989288e-02
-6.601304874442e-02,4.558389136307e+00,1.912135809368e-02
-6.595905299483e-02,4.590591752636e+00,1.910876556595e-02
-6.584219261186e-02,9.342919223437e+00,1.644619354972e-02
-6.566520298532e-02,9.311025444564e+00,1.640928425470e-02
-6.548821335879e-02,9.279131665691e+00,1.637234196698e-02
-6.531122373226e-02,9.247237886818e+00,1.633536664565e-02
-6.513423410573e-02,9.215344107945e+00,1.629835824980e-02
-6.495724447920e-02,9.183450329072e+00,1.626131673848e-02
-6.478025485267e-02,9.151556550199e+00,1.622424207071e-02
-6.460326522614e-02,9.119662771326e+00,1.618713420549e-02
-6.442627559961e-02,9.087768992453e+00,1.614999310177e-02
-6.424928597308e-02,9.055875213580e+00,1.611281871850e-02
-6.407229634655e-02,9.023981434707e+00,1.607561101458e-02
-6.389530672002e-02,8.992087655834e+00,1.603836994890e-02
-6.371831709349e-02,8.960193876961e+00,1.600109548030e-02
-6.354132746695e-02,8.928300098088e+00,1.596378756762e-02
-6.336433784042e-02,8.896406319215e+00,1.592644616967e-02
-6.318734821389e-02,8.864512540342e+00,1.588907124523e-02
-6.301035858736e-02,8.832618761469e+00,1.585166275305e-02
-6.283336896083e-02,8.800724982596e+00,1.581422065187e-02
-6.265637933430e-02,8.768831203722e+00,1.577674490040e-02
-6.247938970777e-02,8.736937424849e+00,1.573923545734e-02
-6.230240008123e-02,8.705043645976e+00,1.570169228135e-02
-6.212541045470e-02,8.673149867103e+00,1.566411533108e-02
-6.194842082817e-02,8.641256088230e+00,1.562650456517e-02
-6.177143120164e-02,8.609362309357e+00,1.558885994223e-02
-6.159444157511e-02,8.577468530484e+00,1.555118142085e-02
-6.141745194858e-02,8.545574751610e+00,1.551346895962e-02
-6.124046232205e-02,8.513680972737e+00,1.547572251708e-02
-6.106347269552e-02,8.481787193864e+00,1.543794205180e-02
-6.088648306899e-02,8.449893414991e+00,1.540012752230e-02
-6.070949344245e-02,8.417999636118e+00,1.536227888711e-02
-6.053250381592e-02,8.386105857245e+00,1.532439610472e-02
-6.035551418939e-02,8.354212078372e+00,1.528647913364e-02
-6.017852456286e-02,8.322318299499e+00,1.524852793234e-02
-6.000153493633e-02,8.290424520626e+00,1.521054245930e-02
-5.982454530980e-02,8.258530741752e+00,1.517252267298e-02
-5.964755568327e-02,8.226636962879e+00,1.513446853185e-02
-5.947056605674e-02,8.194743184006e+00,1.509637999435e-02
-5.929357643020e-02,8.162849405133e+00,1.505825701892e-02
-5.911658680368e-02,8.130955626260e+00,1.502009956400e-02
-5.893959717714e-02,8.099061847387e+00,1.498190758804e-02
-5.876260755061e-02,8.067168068514e+00,1.494368104946e-02
-5.858561792408e-02,8.035274289641e+00,1.490541990669e-02
-5.840862829755e-02,8.003380510767e+00,1.486712411816e-02
-5.823163867102e-02,7.971486731894e+00,1.482879364230e-02
-5.805464904449e-02,7.939592953021e+00,1.479042843755e-02
-5.787765941796e-02,7.907699174148e+00,1.475202846234e-02
-5.770066979142e-02,7.875805395275e+00,1.471359367511e-02
-5.752368016489e-02,7.843911616402e+00,1.467512403431e-02
-5.734669053836e-02,7.812017837529e+00,1.463661949839e-02
-5.716970091183e-02,7.780124058656e+00,1.459808002582e-02
-5.699271128530e-02,7.748230279783e+00,1.455950557505e-02
-5.681572165877e-02,7.716336500910e+00,1.452089610457e-02
-5.663873203224e-02,7.684442722037e+00,1.448225157288e-02
-5.646174240571e-02,7.652548943164e+00,1.444357193847e-02
-5.628475277918e-02,7.620655164291e+00,1.440485715989e-02
-5.610776315264e-02,7.588761385418e+00,1.436610719565e-02
-5.593077352612e-02,7.556867606545e+00,1.432732200432e-02
-5.575378389958e-02,7.524973827672e+00,1.428850154448e-02
-5.557679427305e-02,7.493080048798e+00,1.424964577472e-02
-5.539980464652e-02,7.461186269925e+00,1.421075465366e-02
-5.522281501999e-02,7.429292491052e+00,1.417182813995e-02
-5.504582539346e-02,7.397398712179e+00,1.413286619227e-02
-5.486883576693e-02,7.365504933306e+00,1.409386876930e-02
-5.469184614040e-02,7.333611154433e+00,1.405483582978e-02
-5.451485651386e-02,7.301717375560e+00,1.401576733247e-02
-5.433786688734e-02,7.269823596687e+00,1.397666323616e-02
-5.416087726080e-02,7.237929817814e+00,1.393752349969e-02
-5.398388763427e-02,7.206036038941e+00,1.389834808191e-02
-5.380689800774e-02,7.174142260068e+00,1.385913694174e-02
-5.362990838121e-02,7.142248481195e+00,1.381989003811e-02
-5.345291875468e-02,7.110354702322e+00,1.378060733004e-02
-5.327592912815e-02,7.078460923449e+00,1.374128877653e-02
-5.309893950162e-02,7.046567144576e+00,1.370193433669e-02
-5.292194987509e-02,7.014673365704e+00,1.366254396964e-02
-5.274496024856e-02,6.982779586831e+00,1.362311763456e-02
-5.256797062203e-02,6.950885807958e+00,1.358365529070e-02
-5.239098099551e-02,6.918992029085e+00,1.354415689735e-02
-5.221399136898e-02,6.887098250212e+00,1.350462241385e-02
-5.203700174245e-02,6.855204471339e+00,1.346505179964e-02
-5.186001211592e-02,6.823310692466e+00,1.342544501418e-02
-5.168302248939e-02,6.791416913593e+00,1.338580201702e-02
-5.150603286286e-02,6.759523134721e+00,1.334612276778e-02
-5.132904323633e-02,6.727629355848e+00,1.330640722613e-02
-5.115205360980e-02,6.695735576975e+00,1.326665535185e-02
-5.097506398327e-02,6.663841798102e+00,1.322686710476e-02
-5.079807435674e-02,6.631948019229e+00,1.318704244479e-02
-5.062108473020e-02,6.600054240356e+00,1.314718133192e-02
-5.044409510368e-02,6.568160461483e+00,1.310728372626e-02
-5.026710547714e-02,6.536266682610e+00,1.306734958796e-02
-5.009011585061e-02,6.504372903737e+00,1.302737887731e-02
-4.991312622408e-02,6.472479124864e+00,1.298737155466e-02
-4.973613659755e-02,6.440585345991e+00,1.294732758046e-02
-4.955914697102e-02,6.408691567118e+00,1.290724691528e-02
-4.938215734449e-02,6.376797788245e+00,1.286712951979e-02
-4.920516771796e-02,6.344904009372e+00,1.282697535477e-02
-4.902817809143e-02,6.313010230499e+00,1.278678438108e-02
-4.885118846490e-02,6.281116451627e+00,1.274655655975e-02
-4.867419883837e-02,6.249222672754e+00,1.270629185190e-02
-4.849720921184e-02,6.217328893881e+00,1.266599021876e-02
-4.832021958531e-02,6.185435115008e+00,1.262565162171e-02
-4.814322995878e-02,6.153541336135e+00,1.258527602225e-02
-4.796624033225e-02,6.121647557262e+00,1.254486338203e-02
-4.778925070572e-02,6.089753778389e+00,1.250441366282e-02
-4.761226107919e-02,6.057859999517e+00,1.246392682654e-02
-4.743527145266e-02,6.025966220644e+00,1.242340283527e-02
-4.725828182613e-02,5.994072441771e+00,1.238284165122e-02
-4.708129219960e-02,5.962178662898e+00,1.234224323678e-02
-4.690430257307e-02,5.930284884025e+00,1.230160755449e-02
-4.672731294654e-02,5.898391105152e+00,1.226093456705e-02
-4.655032332001e-02,5.866497326279e+00,1.222022423734e-02
-4.637333369348e-02,5.834603547406e+00,1.217947652842e-02
-4.619634406695e-02,5.802709768534e+00,1.213869140353e-02
-4.601935444043e-02,5.770815989661e+00,1.209786882608e-02
-4.584236481389e-02,5.738922210788e+00,1.205700875971e-02
-4.566537518736e-02,5.707028431915e+00,1.201611116821e-02
-4.548838556084e-02,5.675134653042e+00,1.197517601562e-02
-4.531139593430e-02,5.643240874169e+00,1.193420326615e-02
-4.513440630777e-02,5.611347095296e+00,1.189319288425e-02
-4.495741668124e-02,5.579453316423e+00,1.185214483458e-02
-4.478042705471e-02,5.547559537550e+00,1.181105908204e-02
-4.460343742818e-02,5.515665758678e+00,1.176993559174e-02
-4.442644780165e-02,5.483771979805e+00,1.172877432905e-02
-4.424945817512e-02,5.451878200932e+00,1.168757525960e-02
-4.407246854859e-02,5.419984422059e+00,1.164633834923e-02
-4.389547892206e-02,5.388090643186e+00,1.160506356408e-02
-4.371848929553e-02,5.356196864313e+00,1.156375087055e-02
-4.354149966900e-02,5.324303085440e+00,1.152240023530e-02
-4.336451004247e-02,5.292409306567e+00,1.148101162530e-02
-4.318774744519e-02,7.812500250012e-02,6.403093952306e-02
-4.318774744519e-02,1.093750035002e-01,6.227691409864e-02
-4.318774744519e-02,2.031250065004e-01,5.576373411091e-02
-4.318774744519e-02,2.343750075005e-01,5.305320516144e-02
-4.318774744519e-02,2.656250085005e-01,4.999306631942e-02
-4.318774744519e-02,4.531250145001e-01,2.320546324028e-02
-4.318774744519e-02,5.468750174999e-01,1.143930247873e-02
-4.318774744519e-02,6.406250204996e-01,1.143930247873e-02
-4.318774744519e-02,8.906250284998e-01,1.143930247873e-02
-4.318774744519e-02,9.218750294999e-01,1.143930247873e-02
-4.318774744519e-02,9.531250305000e-01,1.143930247873e-02
-4.318774744519e-02,4.218750135001e-01,2.787489183115e-02
-4.318774744519e-02,4.687500150008e-02,6.562275469797e-02
-4.318774744519e-02,1.406250045003e-01,6.033554084601e-02
-4.318774744519e-02,1.718750055004e-01,5.817660796933e-02
-4.318774744519e-02,2.968750095005e-01,4.652342594991e-02
-4.318774744519e-02,3.906250125002e-01,3.313446906829e-02
-4.318774744519e-02,4.843750155000e-01,1.599456254298e-02
-4.318774744519e-02,5.156250164999e-01,1.143930247873e-02
-4.318774744519e-02,5.781250184998e-01,1.143930247873e-02
-4.318774744519e-02,6.093750194997e-01,1.143930247873e-02
-4.318774744519e-02,6.718750214995e-01,1.143930247873e-02
-4.318774744519e-02,8.281250264995e-01,1.143930247873e-02
-4.318774744519e-02,8.593750274997e-01,1.143930247873e-02
-4.318774744519e-02,9.843750315000e-01,1.143930247873e-02
-4.318774744519e-02,1.562500050003e-02,6.707335908518e-02
-4.318774744519e-02,3.281250105004e-01,4.258069482753e-02
-4.318774744519e-02,3.593750115003e-01,3.811361622048e-02
-4.318774744519e-02,7.031250224994e-01,1.143930247873e-02
-4.318774744519e-02,7.343750234994e-01,1.143930247873e-02
-4.318774744519e-02,7.656250244993e-01,1.143930247873e-02
-4.318774744519e-02,7.968750254994e-01,1.143930247873e-02
-4.318752041594e-02,5.260515527694e+00,1.143958500778e-02
-4.317154872031e-02,1.016101340164e+00,1.143551219417e-02
-4.313915127055e-02,1.048303956493e+00,1.142793062985e-02
-4.310675382079e-02,1.080506572821e+00,1.142034773831e-02
-4.307435637103e-02,1.112709189150e+00,1.141276351922e-02
-4.304195892127e-02,1.144911805478e+00,1.140517797221e-02
-4.301053078941e-02,5.228621748822e+00,1.139812035030e-02
-4.300956147151e-02,1.177114421807e+00,1.139759109694e-02
-4.297716402175e-02,1.209317038135e+00,1.139000289306e-02
-4.294476657199e-02,1.241519654464e+00,1.138241336022e-02
-4.291236912223e-02,1.273722270792e+00,1.137482249808e-02
-4.287997167247e-02,1.305924887121e+00,1.136723030628e-02
-4.284757422271e-02,1.338127503449e+00,1.135963678447e-02
-4.283354116288e-02,5.196727969949e+00,1.135661762070e-02
-4.281517677295e-02,1.370330119778e+00,1.135204193231e-02
-4.278277932319e-02,1.402532736106e+00,1.134444574944e-02
-4.275038187343e-02,1.434735352435e+00,1.133684823552e-02
-4.271798442367e-02,1.466937968763e+00,1.132924939020e-02
-4.268558697391e-02,1.499140585092e+00,1.132164921312e-02
-4.265655153635e-02,5.164834191076e+00,1.131507678715e-02
-4.265318952415e-02,1.531343201420e+00,1.131404770394e-02
-4.262079207439e-02,1.563545817749e+00,1.130644486231e-02
-4.258839462463e-02,1.595748434077e+00,1.129884068787e-02
-4.255599717487e-02,1.627951050406e+00,1.129123518027e-02
-4.252359972511e-02,1.660153666734e+00,1.128362833918e-02
-4.249120227535e-02,1.692356283063e+00,1.127602016422e-02
-4.247956190982e-02,5.132940412203e+00,1.127349781814e-02
-4.245880482559e-02,1.724558899391e+00,1.126841065507e-02
-4.242640737583e-02,1.756761515720e+00,1.126079981135e-02
-4.239400992607e-02,1.788964132048e+00,1.125318763273e-02
-4.236161247631e-02,1.821166748377e+00,1.124557411884e-02
-4.232921502655e-02,1.853369364705e+00,1.123795926935e-02
-4.230257228329e-02,5.101046633330e+00,1.123188068250e-02
-4.229681757679e-02,1.885571981033e+00,1.123034308390e-02
-4.226442012703e-02,1.917774597362e+00,1.122272556213e-02
-4.223202267727e-02,1.949977213690e+00,1.121510670370e-02
-4.219962522751e-02,1.982179830019e+00,1.120748650826e-02
-4.216722777775e-02,2.014382446347e+00,1.119986497544e-02
-4.213483032799e-02,2.046585062676e+00,1.119224210491e-02
-4.212558265676e-02,5.069152854457e+00,1.119022534939e-02
-4.210243287823e-02,2.078787679004e+00,1.118461789630e-02
-4.207003542847e-02,2.110990295332e+00,1.117699234927e-02
-4.203763797871e-02,2.143192911661e+00,1.116936546346e-02
-4.200524052895e-02,2.175395527990e+00,1.116173723853e-02
-4.197284307920e-02,2.207598144318e+00,1.115410767412e-02
-4.194859303023e-02,5.037259075584e+00,1.114853178833e-02
-4.194044562943e-02,2.239800760646e+00,1.114647676987e-02
-4.190804817968e-02,2.272003376975e+00,1.113884452543e-02
-4.187565072991e-02,2.304205993303e+00,1.113121094045e-02
-4.184325328016e-02,2.336408609632e+00,1.112357601458e-02
-4.181085583040e-02,2.368611225961e+00,1.111593974747e-02
-4.177845838064e-02,2.400813842289e+00,1.110830213875e-02
-4.177160340370e-02,5.005365296711e+00,1.110679996920e-02
-4.174606093088e-02,2.433016458617e+00,1.110066318809e-02
-4.171366348112e-02,2.465219074946e+00,1.109302289511e-02
-4.168126603136e-02,2.497421691275e+00,1.108538125948e-02
-4.164886858160e-02,2.529624307603e+00,1.107773828083e-02
-4.161647113184e-02,2.561826923932e+00,1.107009395882e-02
-4.159461377717e-02,4.973471517838e+00,1.106502986224e-02
-4.158407368208e-02,2.594029540260e+00,1.106244829308e-02
-4.155167623232e-02,2.626232156589e+00,1.105480128327e-02
-4.151927878256e-02,2.658434772917e+00,1.104715292903e-02
-4.148688133280e-02,2.690637389245e+00,1.103950323001e-02
-4.145448388304e-02,2.722840005574e+00,1.103185218584e-02
-4.142208643328e-02,2.755042621903e+00,1.102419979618e-02
-4.141762415064e-02,4.941577738965e+00,1.102322143810e-02
-4.138968898352e-02,2.787245238231e+00,1.101654606067e-02
-4.135729153376e-02,2.819447854560e+00,1.100889097896e-02
-4.132489408400e-02,2.851650470888e+00,1.100123455070e-02
-4.129249663424e-02,2.883853087217e+00,1.099357677551e-02
-4.126009918448e-02,2.916055703546e+00,1.098591765306e-02
-4.124063452411e-02,4.909683960092e+00,1.098137466778e-02
-4.122770173472e-02,2.948258319874e+00,1.097825718299e-02
-4.119530428496e-02,2.980460936203e+00,1.097059536493e-02
-4.116290683520e-02,3.012663552532e+00,1.096293219854e-02
-4.113050938544e-02,3.044866168861e+00,1.095526768346e-02
-4.109811193568e-02,3.077068785189e+00,1.094760181933e-02
-4.106571448592e-02,3.109271401518e+00,1.093993460580e-02
-4.106364489758e-02,4.877790181219e+00,1.093948952271e-02
-4.103331703616e-02,3.141474017846e+00,1.093226604251e-02
-4.100091958640e-02,3.173676634175e+00,1.092459612910e-02
-4.096852213664e-02,3.205879250504e+00,1.091692486522e-02
-4.093612468688e-02,3.238081866832e+00,1.090925225051e-02
-4.090372723712e-02,3.270284483161e+00,1.090157828462e-02
-4.088665527105e-02,4.845896402347e+00,1.089756597472e-02
-4.087132978736e-02,3.302487099490e+00,1.089390296719e-02
-4.083893233760e-02,3.334689715818e+00,1.088622629785e-02
-4.080653488784e-02,3.366892332147e+00,1.087854827626e-02
-4.077413743808e-02,3.399094948475e+00,1.087086890206e-02
-4.074173998832e-02,3.431297564804e+00,1.086318817489e-02
-4.070966564452e-02,4.814002623474e+00,1.085560399607e-02
-4.070934253856e-02,3.463500181133e+00,1.085550609438e-02
-4.067694508880e-02,3.495702797461e+00,1.084782266020e-02
-4.064454763904e-02,3.527905413790e+00,1.084013787197e-02
-4.061215018928e-02,3.560108030119e+00,1.083245172934e-02
-4.057975273952e-02,3.592310646447e+00,1.082476423195e-02
-4.054735528976e-02,3.624513262776e+00,1.081707537944e-02
-4.053267601799e-02,4.782108844601e+00,1.081360355945e-02
-4.051495784000e-02,3.656715879105e+00,1.080938517146e-02
-4.048256039024e-02,3.688918495434e+00,1.080169360764e-02
-4.045016294048e-02,3.721121111762e+00,1.079400068764e-02
-4.041776549072e-02,3.753323728091e+00,1.078630641108e-02
-4.038536804096e-02,3.785526344419e+00,1.077861077761e-02
-4.035568639146e-02,4.750215065728e+00,1.077156463799e-02
-4.035297059120e-02,3.817728960748e+00,1.077091378688e-02
-4.032057314144e-02,3.849931577077e+00,1.076321543852e-02
-4.028817569168e-02,3.882134193405e+00,1.075551573217e-02
-4.025577824192e-02,3.914336809734e+00,1.074781466748e-02
-4.022338079216e-02,3.946539426063e+00,1.074011224409e-02
-4.019098334240e-02,3.978742042392e+00,1.073240846163e-02
-4.017869676493e-02,4.718321286855e+00,1.072948720530e-02
-4.015858589264e-02,4.010944658720e+00,1.072470331974e-02
-4.012618844288e-02,4.043147275049e+00,1.071699681808e-02
-4.009379099312e-02,4.075349891377e+00,1.070928895627e-02
-4.006139354336e-02,4.107552507706e+00,1.070157973396e-02
-4.002899609360e-02,4.139755124035e+00,1.069386915078e-02
-4.000170713840e-02,4.686427507982e+00,1.068737123545e-02
-3.999659864384e-02,4.171957740363e+00,1.068615720639e-02
-3.996420119408e-02,4.204160356692e+00,1.067844390041e-02
-3.993180374432e-02,4.236362973020e+00,1.067072923248e-02
-3.989940629456e-02,4.268565589349e+00,1.066301320225e-02
-3.986700884480e-02,4.300768205678e+00,1.065529580936e-02
-3.983461139504e-02,4.332970822006e+00,1.064757705344e-02
-3.982471751187e-02,4.654533729109e+00,1.064521670297e-02
-3.980221394528e-02,4.365173438335e+00,1.063985693413e-02
-3.976981649552e-02,4.397376054664e+00,1.063213545108e-02
-3.973741904576e-02,4.429578670992e+00,1.062441260391e-02
-3.970502159600e-02,4.461781287321e+00,1.061668839228e-02
-3.967262414624e-02,4.493983903650e+00,1.060896281581e-02
-3.964772788534e-02,4.622639950236e+00,1.060302358293e-02
-3.964022669648e-02,4.526186519978e+00,1.060123587415e-02
-3.960782924672e-02,4.558389136307e+00,1.059350756694e-02
-3.957543179696e-02,4.590591752636e+00,1.058577789381e-02
-2.505271311191e-02,1.069991230488e+01,6.608629164012e-06
-2.499131334297e-02,1.067489457801e+01,1.009418355323e-02
-2.492991357403e-02,1.064987685113e+01,1.830420321402e-02
-2.486851380509e-02,1.062485912426e+01,2.511238842021e-02
-2.480711403616e-02,1.059984139739e+01,3.084938348449e-02
-2.474571426722e-02,1.057482367052e+01,3.574942956780e-02
-2.468431449828e-02,1.054980594365e+01,3.998311204754e-02
-2.462291472934e-02,1.052478821678e+01,4.367760827106e-02
-2.456151496040e-02,1.049977048991e+01,4.692966903074e-02
-2.450011519146e-02,1.047475276304e+01,4.981420431215e-02
-2.443871542252e-02,1.044973503617e+01,5.239011708587e-02
-2.437731565358e-02,1.042471730930e+01,5.470436204149e-02
-2.431591588464e-02,1.039969958243e+01,5.679482896852e-02
-2.425451611571e-02,1.037468185556e+01,5.869242959461e-02
-2.419311634676e-02,1.034966412868e+01,6.042263330328e-02
-2.413171657783e-02,1.032464640181e+01,6.200661437728e-02
-2.407031680889e-02,1.029962867494e+01,6.346212077621e-02
-2.400891703995e-02,1.027461094807e+01,6.480414023812e-02
-2.394751727101e-02,1.024959322120e+01,6.604541680312e-02
-2.388611750207e-02,1.022457549433e+01,6.719685553208e-02
-2.382471773313e-02,1.019955776746e+01,6.722680883629e-02
-2.376331796419e-02,1.017454004059e+01,6.608173671038e-02
-2.370191819525e-02,1.014952231372e+01,6.484826090122e-02
-2.364051842631e-02,1.012450458685e+01,6.351587224524e-02
-2.357911865737e-02,1.009948685998e+01,6.207235776716e-02
-2.351771888843e-02,1.007446913311e+01,6.050345263055e-02
-2.345631911950e-02,1.004945140624e+01,5.879240922367e-02
-2.339491935056e-02,1.002443367936e+01,5.691946349816e-02
-2.333351958162e-02,9.999415952495e+00,5.486117669214e-02
-2.327211981268e-02,9.974398225624e+00,5.258963318328e-02
-2.321072004374e-02,9.949380498753e+00,5.007149121345e-02
-2.314932027480e-02,9.924362771882e+00,4.726693550810e-02
-2.308792050587e-02,9.899345045012e+00,4.412873097446e-02
-2.302652073693e-02,9.874327318141e+00,4.060199883261e-02
-2.296512096799e-02,9.849309591271e+00,3.662655864908e-02
-2.290372119905e-02,9.824291864400e+00,3.214744990548e-02
-2.284232143011e-02,9.799274137530e+00,2.715195936593e-02
-2.278092166117e-02,9.774256410659e+00,2.179823473433e-02
-2.271952189223e-02,9.749238683788e+00,1.685955513499e-02
-2.265812212329e-02,9.724220956917e+00,1.132806586917e-02
-2.259791907878e-02,9.695758909005e+00,5.932913518787e-06
-2.253891275869e-02,9.663852540051e+00,4.793755971601e-15
-2.247990643859e-02,9.631946171096e+00,1.118543070925e-14
-2.242090011850e-02,9.600039802142e+00,7.190633957401e-15
-2.236189379841e-02,9.568133433188e+00,2.396877985801e-15
-2.230288747832e-02,9.536227064233e+00,3.195837695374e-15
-2.224388115822e-02,9.504320695279e+00,1.597919419147e-15
-2.218487483813e-02,9.472414326325e+00,7.989593438393e-15
-2.212586851804e-02,9.440507957370e+00,1.597919419147e-15
-2.206686219795e-02,9.408601588416e+00,1.518022732361e-14
-2.200785587785e-02,9.376695219461e+00,1.038647127180e-14
-2.194884955776e-02,9.344788850507e+00,3.994796947780e-15
-2.188984323767e-02,9.312882481553e+00,2.396877985800e-14
-2.183083691758e-02,9.280976112599e+00,6.391674819289e-15
-2.177183059748e-02,9.249069743644e+00,1.997398321500e-14
-2.171282427739e-02,9.217163374690e+00,1.597918657201e-15
-2.165381795730e-02,9.185257005736e+00,5.592715517900e-15
-2.159481163721e-02,9.153350636782e+00,4.793755971601e-15
-2.153580531711e-02,9.121444267827e+00,1.597918657201e-15
-2.147679899702e-02,9.089537898873e+00,1.597918657201e-15
-2.141779267693e-02,9.057631529919e+00,7.190634634688e-15
-2.135878635684e-02,9.025725160964e+00,3.195838838294e-15
-2.129978003674e-02,8.993818792010e+00,1.560467438673e-18
-2.124077371665e-02,8.961912423056e+00,6.391674628801e-15
-2.118176739656e-02,8.930006054101e+00,1.917502388640e-14
-2.112276107647e-02,8.898099685147e+00,1.198438992900e-14
-2.106375475637e-02,8.866193316192e+00,7.989608524929e-16
-2.100474843628e-02,8.834286947238e+00,5.592715517900e-15
-2.094574211619e-02,8.802380578284e+00,1.198439033538e-14
-2.088673579609e-02,8.770474209329e+00,1.278334935284e-14
-2.082772947600e-02,8.738567840375e+00,7.989593286001e-16
-2.076872315591e-02,8.706661471420e+00,3.994796643001e-15
-2.070971683582e-02,8.674755102466e+00,7.190634126723e-15
-2.065071051572e-02,8.642848733512e+00,7.989593286001e-16
-2.059170419563e-02,8.610942364557e+00,1.597919419147e-15
-2.053269787554e-02,8.579035995603e+00,4.793755971601e-15
-2.047369155545e-02,8.547129626648e+00,5.592716170999e-15
-2.041468523535e-02,8.515223257694e+00,9.587512070194e-15
-2.035567891526e-02,8.483316888740e+00,5.592716170999e-15
-2.029667259517e-02,8.451410519785e+00,9.587512070194e-15
-2.023766627508e-02,8.419504150831e+00,1.597919419147e-15
-2.017865995498e-02,8.387597781877e+00,7.989593286001e-15
-2.011965363489e-02,8.355691412922e+00,4.793756987532e-15
-2.006064731480e-02,8.323785043968e+00,5.592715300201e-15
-2.000164099471e-02,8.291878675013e+00,7.989593895562e-15
-1.994263467461e-02,8.259972306059e+00,7.989654241530e-16
-1.988362835452e-02,8.228065937105e+00,1.198438992900e-14
-1.982462203443e-02,8.196159568150e+00,1.677814597317e-14
-1.976561571434e-02,8.164253199196e+00,1.560467438673e-18
-1.970660939424e-02,8.132346830241e+00,1.278334935284e-14
-1.964760307415e-02,8.100440461287e+00,0.000000000000e+00
-1.958859675406e-02,8.068534092333e+00,3.994796643001e-15
-1.952959043396e-02,8.036627723378e+00,1.358230867584e-14
-1.947058411387e-02,8.004721354424e+00,4.793755971601e-15
-1.941157779378e-02,7.972814985469e+00,1.877554448149e-14
-1.935257147369e-02,7.940908616515e+00,5.992194964501e-15
-1.929356515359e-02,7.909002247561e+00,1.198440008829e-15
-1.923455883350e-02,7.877095878606e+00,1.198440008829e-15
-1.917555251341e-02,7.845189509652e+00,2.796358085499e-15
-1.911654619332e-02,7.813283140697e+00,5.992195167686e-15
-1.905753987322e-02,7.781376771743e+00,3.595316978701e-15
-1.899853355313e-02,7.749470402789e+00,5.592715300201e-15
-1.893952723304e-02,7.717564033835e+00,5.992195777247e-15
-1.888052091294e-02,7.685657664880e+00,5.992194964501e-15
-1.882151459285e-02,7.653751295926e+00,1.198438992900e-15
-1.876250827276e-02,7.621844926972e+00,3.994796643001e-16
-1.870350195267e-02,7.589938558017e+00,0.000000000000e+00
-1.864449563258e-02,7.558032189063e+00,6.391674819289e-15
-1.858548931248e-02,7.526125820109e+00,7.989593286001e-16
-1.852648299239e-02,7.494219451154e+00,3.994827120764e-16
-1.846747667230e-02,7.462313082200e+00,1.560467438673e-18
-1.840847035221e-02,7.430406713245e+00,1.198440008829e-15
-1.834946403211e-02,7.398500344291e+00,3.595317317344e-15
-1.829045771202e-02,7.366593975337e+00,2.396877985801e-15
-1.823145139193e-02,7.334687606382e+00,5.193235635901e-15
-1.817244507183e-02,7.302781237428e+00,3.195837695374e-15
-1.811343875174e-02,7.270874868474e+00,1.118543060040e-14
-1.805443243165e-02,7.238968499519e+00,1.118543060040e-14
-1.799542611156e-02,7.207062130565e+00,1.997398321501e-15
-1.793641979146e-02,7.175155761611e+00,3.994796643001e-15
-1.787741347137e-02,7.143249392656e+00,3.595316978701e-15
-1.781840715128e-02,7.111343023702e+00,1.198439003060e-14
-1.775940083119e-02,7.079436654748e+00,3.994796643001e-15
-1.770039451110e-02,7.047530285794e+00,0.000000000000e+00
-1.764138819100e-02,7.015623916840e+00,6.391674628801e-15
-1.758238187091e-02,6.983717547886e+00,1.997398931058e-15
-1.752337555082e-02,6.951811178932e+00,3.994827120764e-16
-1.746436923073e-02,6.919904809978e+00,1.597919419147e-15
-1.740536291064e-02,6.887998441024e+00,1.997398931058e-15
-1.734635659054e-02,6.856092072069e+00,7.989608524929e-16
-1.728735027045e-02,6.824185703115e+00,2.396878493765e-15
-1.722834395036e-02,6.792279334161e+00,5.193236573684e-15
-1.716933763027e-02,6.760372965207e+00,1.478074790859e-14
-1.711033131017e-02,6.728466596253e+00,3.595317317344e-15
-1.705132499008e-02,6.696560227298e+00,1.198438992900e-15
-1.699231866999e-02,6.664653858344e+00,3.195837314401e-15
-1.693331234990e-02,6.632747489390e+00,2.396878493765e-15
-1.687430602981e-02,6.600841120436e+00,8.788552753140e-15
-1.681529970971e-02,6.568934751481e+00,1.597919419147e-15
-1.675629338962e-02,6.537028382527e+00,3.195837695374e-15
-1.669728706953e-02,6.505122013573e+00,4.793755971601e-15
-1.663828074944e-02,6.473215644619e+00,3.994796643001e-16
-1.657927442934e-02,6.441309275665e+00,1.597919419147e-15
-1.652026810925e-02,6.409402906710e+00,2.796357650101e-15
-1.646126178916e-02,6.377496537756e+00,3.994827120764e-16
-1.640225546907e-02,6.345590168802e+00,5.992194964501e-15
-1.634324914897e-02,6.313683799848e+00,1.597919419147e-15
-1.628424282888e-02,6.281777430894e+00,3.994796643001e-16
-1.622523650879e-02,6.249871061940e+00,1.997398321501e-15
-1.616623018870e-02,6.217964692986e+00,3.595316978701e-15
-1.610722386861e-02,6.186058324031e+00,2.796358085499e-15
-1.604821754851e-02,6.154151955077e+00,3.195837695374e-15
-1.598921122842e-02,6.122245586123e+00,1.198443056611e-15
-1.593020490833e-02,6.090339217169e+00,5.592715300201e-15
-1.587119858824e-02,6.058432848215e+00,3.994827120764e-16
-1.581219226814e-02,6.026526479261e+00,3.595318333273e-15
-1.575318594805e-02,5.994620110307e+00,1.198440008829e-15
-1.569417962796e-02,5.962713741352e+00,3.994827120764e-16
-1.563517330787e-02,5.930807372398e+00,7.590113782113e-15
-1.557616698778e-02,5.898901003444e+00,4.793756035095e-15
-1.551716066768e-02,5.866994634490e+00,2.796357758950e-15
-1.545815434759e-02,5.835088265536e+00,5.193235635901e-15
-1.539914802750e-02,5.803181896581e+00,7.989608524929e-16
-1.534014170741e-02,5.771275527627e+00,1.597918657201e-15
-1.528113538732e-02,5.739369158673e+00,3.120934877345e-18
-1.522212906722e-02,5.707462789719e+00,3.994804262464e-16
-1.516312274713e-02,5.675556420765e+00,3.195838838294e-15
-1.510411642704e-02,5.643650051810e+00,1.078595104898e-14
-1.504511010695e-02,5.611743682856e+00,3.994804262464e-16
-1.498610378685e-02,5.579837313902e+00,1.597918657201e-15
-1.492709746676e-02,5.547930944948e+00,1.198443056611e-15
-1.486809114667e-02,5.516024575994e+00,1.597918657201e-15
-1.480908482658e-02,5.484118207040e+00,1.997398473890e-15
-1.475007850648e-02,5.452211838086e+00,6.791154337921e-15
-1.469107218639e-02,5.420305469131e+00,5.592715517900e-15
-1.463206586630e-02,5.388399100177e+00,7.989593286001e-16
-1.457305954621e-02,5.356492731223e+00,1.597918657201e-15
-1.451405322612e-02,5.324586362269e+00,3.595317063362e-15
-1.445504690602e-02,5.292679993315e+00,1.198439246883e-15
-1.439604058593e-02,5.260773624361e+00,3.994796643001e-15
-1.439591581508e-02,1.562500050003e-02,6.694843547521e-02
-1.439591581508e-02,4.687500150008e-02,6.547603748286e-02
-1.439591581508e-02,7.812500250012e-02,6.385701599431e-02
-1.439591581508e-02,1.093750035002e-01,6.206856689914e-02
-1.439591581508e-02,1.406250045003e-01,6.008296836674e-02
-1.439591581508e-02,2.031250065004e-01,5.537622057540e-02
-1.439591581508e-02,2.343750075005e-01,5.256036910054e-02
-1.439591581508e-02,2.656250085005e-01,4.935235102157e-02
-1.439591581508e-02,3.906250125002e-01,3.057664342113e-02
-1.439591581508e-02,1.718750055004e-01,5.786621816702e-02
-1.439591581508e-02,2.968750095005e-01,4.566807023182e-02
-1.439591581508e-02,3.281250105004e-01,4.140103438186e-02
-1.439591581508e-02,3.593750115003e-01,3.641953316432e-02
-1.439591581508e-02,4.218750135001e-01,2.378783125667e-02
-1.439591581508e-02,4.531250145001e-01,1.650260717739e-02
-1.439591581508e-02,4.843750155000e-01,1.225462202762e-02
-1.439591581508e-02,5.468750174999e-01,4.494146494291e-15
-1.439591581508e-02,5.156250164999e-01,2.773730872240e-15
-1.439591581508e-02,5.781250184998e-01,1.747723531313e-15
-1.439591581508e-02,6.093750194997e-01,8.638747881428e-15
-1.439591581508e-02,6.406250204996e-01,1.248374926229e-15
-1.439591581508e-02,6.718750214995e-01,9.988210648290e-17
-1.439591581508e-02,7.031250224994e-01,4.843691181002e-15
-1.439591581508e-02,7.968750254994e-01,3.595317063362e-15
-1.439591581508e-02,8.281250264995e-01,4.344341629520e-15
-1.439591581508e-02,7.343750234994e-01,6.591414507129e-15
-1.439591581508e-02,8.906250284998e-01,2.346943546536e-15
-1.439591581508e-02,9.218750294999e-01,2.306995062652e-14
-1.439591581508e-02,8.593750274997e-01,6.141999888170e-15
-1.439591581508e-02,7.656250244993e-01,6.990894125251e-16
-1.439591581508e-02,9.531250305000e-01,1.203432488704e-14
-1.439591581508e-02,9.843750315000e-01,1.244770086805e-14
-1.439051624012e-02,1.016101340164e+00,2.783247991318e-15
-1.437971709020e-02,1.048303956493e+00,2.996097482251e-16
-1.436891794028e-02,1.080506572821e+00,1.997413560382e-16
-1.435811879036e-02,1.112709189150e+00,9.987296381649e-17
-1.434731964044e-02,1.144911805478e+00,1.997413560382e-16
-1.433703426584e-02,5.228867255406e+00,1.560467438673e-18
-1.433652049052e-02,1.177114421807e+00,2.596618286841e-15
-1.432572134060e-02,1.209317038135e+00,3.994827120764e-16
-1.431492219068e-02,1.241519654464e+00,2.097269543770e-15
-1.430412304076e-02,1.273722270792e+00,2.596617935173e-15
-1.429332389084e-02,1.305924887121e+00,7.989597095736e-16
-1.428252474092e-02,1.338127503449e+00,1.198439246883e-15
-1.427802794575e-02,5.196960886452e+00,3.195837409644e-15
-1.427172559100e-02,1.370330119778e+00,2.996097482251e-16
-1.426092644108e-02,1.402532736106e+00,2.197138292187e-15
-1.425012729116e-02,1.434735352435e+00,9.987040371993e-16
-1.423932814124e-02,1.466937968763e+00,2.197138153651e-15
-1.422852899132e-02,1.499140585092e+00,1.997398321501e-16
-1.421902162566e-02,5.165054517498e+00,3.195837695374e-15
-1.421772984140e-02,1.531343201420e+00,7.802337193363e-19
-1.420693069148e-02,1.563545817749e+00,9.987040371993e-16
-1.419613154156e-02,1.595748434077e+00,3.994827120764e-16
-1.418533239164e-02,1.627951050406e+00,1.697788573275e-15
-1.417453324172e-02,1.660153666734e+00,4.893625887678e-15
-1.416373409180e-02,1.692356283063e+00,2.796357758950e-15
-1.416001530556e-02,5.133148148544e+00,1.997398473890e-15
-1.415293494188e-02,1.724558899391e+00,1.398179042749e-15
-1.414213579196e-02,1.756761515720e+00,3.695186977148e-15
-1.413133664204e-02,1.788964132048e+00,3.994804262464e-16
-1.412053749212e-02,1.821166748377e+00,1.997459276330e-16
-1.410973834220e-02,1.853369364705e+00,2.796357650101e-15
-1.410100898547e-02,5.101241779590e+00,1.198439246883e-15
-1.409893919228e-02,1.885571981033e+00,1.498048741125e-15
-1.408814004236e-02,1.917774597362e+00,2.996097482251e-16
-1.407734089244e-02,1.949977213690e+00,2.496747901876e-15
-1.406654174252e-02,1.982179830019e+00,9.986991607502e-17
-1.405574259260e-02,2.014382446347e+00,1.997413560382e-16
-1.404494344268e-02,2.046585062676e+00,5.992215283056e-16
-1.404200266538e-02,5.069335410636e+00,3.195837695374e-15
-1.403414429276e-02,2.078787679004e+00,1.997398321501e-16
-1.402334514284e-02,2.110990295332e+00,3.195837314401e-15
-1.401254599292e-02,2.143192911661e+00,2.197138153651e-15
-1.400174684300e-02,2.175395527990e+00,1.797658658672e-15
-1.399094769308e-02,2.207598144318e+00,3.795056891056e-15
-1.398299634528e-02,5.037429041681e+00,2.396878112792e-15
-1.398014854316e-02,2.239800760646e+00,1.997398473890e-15
-1.396934939324e-02,2.272003376975e+00,7.989597095736e-16
-1.395855024332e-02,2.304205993303e+00,2.340701158008e-18
-1.394775109340e-02,2.336408609632e+00,1.398178825050e-15
-1.393695194348e-02,2.368611225961e+00,2.197138153651e-15
-1.392615279356e-02,2.400813842289e+00,5.992194964501e-16
-1.392399002519e-02,5.005522672727e+00,1.198440008829e-15
-1.391535364364e-02,2.433016458617e+00,1.997413560382e-16
-1.390455449372e-02,2.465219074946e+00,1.997398931058e-15
-1.389375534380e-02,2.497421691275e+00,2.596618286841e-15
-1.388295619388e-02,2.529624307603e+00,7.989608524929e-16
-1.387215704396e-02,2.561826923932e+00,9.986994655292e-16
-1.386498370510e-02,4.973616303773e+00,1.997398473890e-15
-1.386135789404e-02,2.594029540260e+00,2.596617817951e-15
-1.385055874412e-02,2.626232156589e+00,1.198440008829e-15
-1.383975959420e-02,2.658434772917e+00,1.398179695847e-15
-1.382896044428e-02,2.690637389245e+00,7.802337193363e-19
-1.381816129436e-02,2.722840005574e+00,3.994865217642e-16
-1.380736214444e-02,2.755042621903e+00,1.997459276330e-16
-1.380597738501e-02,4.941709934819e+00,2.396878112792e-15
-1.379656299452e-02,2.787245238231e+00,1.997413560382e-16
-1.378576384460e-02,2.819447854560e+00,2.996097888623e-15
-1.377496469468e-02,2.851650470888e+00,9.986991637982e-15
-1.376416554476e-02,2.883853087217e+00,6.990894168793e-15
-1.375336639484e-02,2.916055703546e+00,1.398179042749e-15
-1.374697106492e-02,4.909803565865e+00,3.595317317344e-15
-1.374256724492e-02,2.948258319874e+00,7.802337193363e-19
-1.373176809500e-02,2.980460936203e+00,9.986994655292e-16
-1.372096894508e-02,3.012663552532e+00,4.394276930712e-15
-1.371016979516e-02,3.044866168861e+00,6.591414507129e-15
-1.369937064524e-02,3.077068785189e+00,3.595317317344e-15
-1.368857149532e-02,3.109271401518e+00,3.595317317344e-15
-1.368796474482e-02,4.877897196910e+00,2.396878112792e-15
-1.367777234540e-02,3.141474017846e+00,1.198439246883e-15
-1.366697319548e-02,3.173676634175e+00,5.392975524493e-15
-1.365617404556e-02,3.205879250504e+00,4.194536547718e-15
-1.364537489564e-02,3.238081866832e+00,3.195837695374e-15
-1.363457574572e-02,3.270284483161e+00,7.190633999733e-15
-1.362895842473e-02,4.845990827956e+00,1.198438992900e-15
-1.362377659580e-02,3.302487099490e+00,2.996097583844e-15
-1.361297744588e-02,3.334689715818e+00,5.992194964501e-16
-1.360217829596e-02,3.366892332147e+00,1.997399693005e-15
-1.359137914604e-02,3.399094948475e+00,7.989597095736e-16
-1.358057999612e-02,3.431297564804e+00,1.398179695847e-15
-1.356995210464e-02,4.814084459002e+00,1.597918657201e-15
-1.356978084620e-02,3.463500181133e+00,6.990894168793e-15
-1.355898169628e-02,3.495702797461e+00,1.398179695847e-15
-1.354818254636e-02,3.527905413790e+00,1.797659166637e-15
-1.353738339644e-02,3.560108030119e+00,1.997459276330e-16
-1.352658424652e-02,3.592310646447e+00,5.992194964501e-16
-1.351578509660e-02,3.624513262776e+00,9.387772402860e-15
-1.351094578455e-02,4.782178090048e+00,7.802337193363e-19
-1.350498594668e-02,3.656715879105e+00,6.191935239071e-15
-1.349418679676e-02,3.688918495434e+00,2.596617817951e-15
-1.348338764684e-02,3.721121111762e+00,8.588812782451e-15
-1.347258849692e-02,3.753323728091e+00,8.389072986584e-15
-1.346178934700e-02,3.785526344419e+00,5.992195167686e-15
-1.345193946446e-02,4.750271721094e+00,2.396878112792e-15
-1.345099019708e-02,3.817728960748e+00,1.997459276330e-16
-1.344019104716e-02,3.849931577077e+00,3.395577146551e-15
-1.342939189724e-02,3.882134193405e+00,5.392975693815e-15
-1.341859274732e-02,3.914336809734e+00,9.986994655292e-16
-1.340779359740e-02,3.946539426063e+00,1.597919419147e-15
-1.339699444748e-02,3.978742042392e+00,4.993495864708e-15
-1.339293314436e-02,4.718365352140e+00,7.989597095736e-16
-1.338619529756e-02,4.010944658720e+00,2.396878112792e-15
-1.337539614764e-02,4.043147275049e+00,1.560467438673e-18
-1.336459699772e-02,4.075349891377e+00,3.994797328753e-15
-1.335379784780e-02,4.107552507706e+00,1.560467438673e-18
-1.334299869788e-02,4.139755124035e+00,5.992194964501e-15
-1.333392682427e-02,4.686458983185e+00,2.796357758950e-15
-1.333219954796e-02,4.171957740363e+00,3.195837314401e-15
-1.332140039804e-02,4.204160356692e+00,3.994797328753e-15
-1.331060124812e-02,4.236362973020e+00,3.595317063362e-15
-1.329980209820e-02,4.268565589349e+00,3.595318333273e-15
-1.328900294828e-02,4.300768205678e+00,1.597919419147e-15
-1.327820379836e-02,4.332970822006e+00,8.788552614601e-15
-1.327492050418e-02,4.654552614231e+00,4.793756035095e-15
-1.326740464844e-02,4.365173438335e+00,3.994796719196e-15
-1.325660549852e-02,4.397376054664e+00,3.595317317344e-15
-1.324580634860e-02,4.429578670992e+00,3.195837409644e-15
-1.323500719868e-02,4.461781287321e+00,2.396878112792e-15
-1.322420804876e-02,4.493983903650e+00,4.793756225583e-15
-1.321591418409e-02,4.622646245277e+00,4.033130736413e-15
-1.321340889884e-02,4.526186519978e+00,2.796357650101e-15
-1.320260974892e-02,4.558389136307e+00,4.394276376569e-15
-1.319181059900e-02,4.590591752636e+00,3.243894760920e-15
1.562500049997e-02,9.725181131610e+00,4.794828926872e-15
1.562500049998e-02,9.750198980673e+00,1.009420050952e-02
1.562500049998e-02,9.775216829736e+00,1.830423109148e-02
1.562500049998e-02,9.800234678799e+00,2.511242340068e-02
1.562500049998e-02,9.825252527862e+00,3.084942307478e-02
1.562500049998e-02,9.850270376925e+00,3.574947209873e-02
1.562500049998e-02,9.875288225988e+00,3.998315637937e-02
1.562500049998e-02,9.900306075050e+00,4.367765361374e-02
1.562500049998e-02,9.925323924113e+00,4.692971483032e-02
1.562500049998e-02,9.950341773176e+00,4.981425017761e-02
1.562500049998e-02,9.975359622239e+00,5.239016274022e-02
1.562500049999e-02,1.000037747130e+01,5.470440728874e-02
1.562500049999e-02,1.002539532036e+01,5.679487367095e-02
1.562500049999e-02,1.005041316943e+01,5.869247365679e-02
1.562500049999e-02,1.007543101849e+01,6.042267666064e-02
1.562500049999e-02,1.010044886755e+01,6.200665698804e-02
1.562500049999e-02,1.012546671662e+01,6.346216261537e-02
1.562500049999e-02,1.015048456568e+01,6.480418129314e-02
1.562500049999e-02,1.017550241474e+01,6.604545707065e-02
1.562500049999e-02,1.020052026381e+01,6.719689501557e-02
1.562500049999e-02,1.022553811287e+01,6.719689501573e-02
1.562500049999e-02,1.025055596193e+01,6.604545707081e-02
1.562500050000e-02,1.027557381100e+01,6.480418129332e-02
1.562500050000e-02,1.030059166006e+01,6.346216261554e-02
1.562500050000e-02,1.032560950912e+01,6.200665698821e-02
1.562500050000e-02,1.035062735818e+01,6.042267666081e-02
1.562500050000e-02,1.037564520725e+01,5.869247365696e-02
1.562500050000e-02,1.040066305631e+01,5.679487367114e-02
1.562500050000e-02,1.042568090537e+01,5.470440728893e-02
1.562500050000e-02,1.045069875444e+01,5.239016274038e-02
1.562500050000e-02,1.047571660350e+01,4.981425017778e-02
1.562500050000e-02,1.050073445256e+01,4.692971483049e-02
1.562500050000e-02,1.052575230163e+01,4.367765361389e-02
1.562500050000e-02,1.055077015069e+01,3.998315637958e-02
1.562500050001e-02,1.057578799975e+01,3.574947209890e-02
1.562500050001e-02,1.060080584882e+01,3.084942307490e-02
1.562500050001e-02,1.062582369788e+01,2.511242340076e-02
1.562500050001e-02,1.065084154694e+01,1.830423109153e-02
1.562500050001e-02,1.067585939601e+01,1.009420050952e-02
1.562500050001e-02,1.070087724507e+01,9.590601902268e-15
1.674107196422e-02,4.843750155000e-01,2.682559719926e-15
1.674107196422e-02,4.531250145001e-01,1.229352486008e-02
1.674107196422e-02,4.218750135001e-01,2.184800816993e-02
1.674107196423e-02,3.906250125002e-01,2.948678607985e-02
1.674107196423e-02,3.593750115003e-01,3.573326401579e-02
1.674107196423e-02,3.281250105004e-01,4.093609285415e-02
1.674107196423e-02,2.968750095005e-01,4.533648399116e-02
1.674107196423e-02,2.656250085005e-01,4.910663453537e-02
1.674107196423e-02,2.343750075005e-01,5.237276225555e-02
1.674107196423e-02,2.031250065004e-01,5.522949179820e-02
1.674107196424e-02,1.718750055004e-01,5.774915753883e-02
1.674107196424e-02,1.406250045003e-01,5.998800209286e-02
1.674107196424e-02,1.093750035002e-01,6.199041537484e-02
1.674107196424e-02,7.812500250012e-02,6.379190068883e-02
1.674107196424e-02,4.687500150008e-02,6.542119257034e-02
1.674107196424e-02,1.562500050003e-02,6.690179651847e-02
4.687500149992e-02,9.725192234072e+00,1.092327207070e-16
4.687500149993e-02,9.750209802061e+00,1.009409877458e-02
4.687500149993e-02,9.775227370049e+00,1.830406383106e-02
4.687500149993e-02,9.800244938037e+00,2.511221352304e-02
4.687500149994e-02,9.825262506025e+00,3.084918553848e-02
4.687500149994e-02,9.850280074012e+00,3.574921691872e-02
4.687500149994e-02,9.875297642000e+00,3.998289039400e-02
4.687500149995e-02,9.900315209988e+00,4.367738156364e-02
4.687500149995e-02,9.925332777976e+00,4.692944003862e-02
4.687500149996e-02,9.950350345964e+00,4.981397499057e-02
4.687500149996e-02,9.975367913952e+00,5.238988881979e-02
4.687500149996e-02,1.000038548194e+01,5.470413581073e-02
4.687500149997e-02,1.002540304993e+01,5.679460546170e-02
4.687500149997e-02,1.005042061792e+01,5.869220928902e-02
4.687500149997e-02,1.007543818590e+01,6.042241652159e-02
4.687500149998e-02,1.010045575389e+01,6.200640132847e-02
4.687500149998e-02,1.012547332188e+01,6.346191158523e-02
4.687500149998e-02,1.015049088987e+01,6.480393496773e-02
4.687500149999e-02,1.017550845786e+01,6.604521547006e-02
4.687500149999e-02,1.020052602584e+01,6.719665811913e-02
4.687500150000e-02,1.022554359383e+01,6.719665811928e-02
4.687500150000e-02,1.025056116182e+01,6.604521547022e-02
4.687500150000e-02,1.027557872981e+01,6.480393496791e-02
4.687500150001e-02,1.030059629780e+01,6.346191158540e-02
4.687500150001e-02,1.032561386578e+01,6.200640132864e-02
4.687500150001e-02,1.035063143377e+01,6.042241652176e-02
4.687500150002e-02,1.037564900176e+01,5.869220928918e-02
4.687500150002e-02,1.040066656975e+01,5.679460546187e-02
4.687500150003e-02,1.042568413774e+01,5.470413581090e-02
4.687500150003e-02,1.045070170573e+01,5.238988881996e-02
4.687500150003e-02,1.047571927371e+01,4.981397499076e-02
4.687500150003e-02,1.050073684170e+01,4.692944003880e-02
4.687500150004e-02,1.052575440969e+01,4.367738156380e-02
4.687500150004e-02,1.055077197768e+01,3.998289039417e-02
4.687500150005e-02,1.057578954566e+01,3.574921691887e-02
4.687500150005e-02,1.060080711365e+01,3.084918553861e-02
4.687500150005e-02,1.062582468164e+01,2.511221352311e-02
4.687500150006e-02,1.065084224963e+01,1.830406383106e-02
4.687500150006e-02,1.067585981762e+01,1.009409877458e-02
4.687500150007e-02,1.070087738561e+01,2.572566760889e-15
5.022321589266e-02,4.843750155000e-01,4.022885056897e-15
5.022321589267e-02,4.531250145001e-01,1.229352486008e-02
5.022321589267e-02,4.218750135001e-01,2.184800816993e-02
5.022321589267e-02,3.906250125002e-01,2.948678607985e-02
5.022321589268e-02,3.593750115003e-01,3.573326401579e-02
5.022321589268e-02,3.281250105004e-01,4.093609285415e-02
5.022321589269e-02,2.968750095005e-01,4.533648399118e-02
5.022321589269e-02,2.656250085005e-01,4.910663453537e-02
5.022321589270e-02,2.343750075005e-01,5.237276225555e-02
5.022321589270e-02,2.031250065004e-01,5.522949179820e-02
5.022321589271e-02,1.718750055004e-01,5.774915753883e-02
5.022321589271e-02,1.406250045003e-01,5.998800209286e-02
5.022321589272e-02,1.093750035002e-01,6.199041537484e-02
5.022321589272e-02,7.812500250012e-02,6.379190068883e-02
5.022321589272e-02,4.687500150007e-02,6.542119257035e-02
5.022321589273e-02,1.562500050003e-02,6.690179651847e-02
7.812500249987e-02,9.725203336535e+00,8.037240525280e-16
7.812500249987e-02,9.750220623449e+00,1.009399703941e-02
7.812500249988e-02,9.775237910362e+00,1.830389656989e-02
7.812500249988e-02,9.800255197275e+00,2.511200364418e-02
7.812500249989e-02,9.825272484187e+00,3.084894800052e-02
7.812500249990e-02,9.850289771100e+00,3.574896173660e-02
7.812500249991e-02,9.875307058013e+00,3.998262440618e-02
7.812500249991e-02,9.900324344926e+00,4.367710951084e-02
7.812500249992e-02,9.925341631839e+00,4.692916524397e-02
7.812500249992e-02,9.950358918752e+00,4.981369980040e-02
7.812500249993e-02,9.975376205665e+00,5.238961489608e-02
7.812500249994e-02,1.000039349258e+01,5.470386432930e-02
7.812500249994e-02,1.002541077949e+01,5.679433724894e-02
7.812500249995e-02,1.005042806640e+01,5.869194491769e-02
7.812500249996e-02,1.007544535332e+01,6.042215637894e-02
7.812500249996e-02,1.010046264023e+01,6.200614566527e-02
7.812500249997e-02,1.012547992714e+01,6.346166055142e-02
7.812500249998e-02,1.015049721405e+01,6.480368863866e-02
7.812500249998e-02,1.017551450097e+01,6.604497386580e-02
7.812500249999e-02,1.020053178788e+01,6.719642121903e-02
7.812500250000e-02,1.022554907479e+01,6.719642121918e-02
7.812500250000e-02,1.025056636171e+01,6.604497386596e-02
7.812500250001e-02,1.027558364862e+01,6.480368863883e-02
7.812500250002e-02,1.030060093553e+01,6.346166055159e-02
7.812500250002e-02,1.032561822245e+01,6.200614566543e-02
7.812500250003e-02,1.035063550936e+01,6.042215637910e-02
7.812500250003e-02,1.037565279627e+01,5.869194491784e-02
7.812500250004e-02,1.040067008319e+01,5.679433724911e-02
7.812500250005e-02,1.042568737010e+01,5.470386432948e-02
7.812500250005e-02,1.045070465701e+01,5.238961489625e-02
7.812500250006e-02,1.047572194393e+01,4.981369980058e-02
7.812500250007e-02,1.050073923084e+01,4.692916524414e-02
7.812500250007e-02,1.052575651775e+01,4.367710951099e-02
7.812500250008e-02,1.055077380467e+01,3.998262440636e-02
7.812500250009e-02,1.057579109158e+01,3.574896173674e-02
7.812500250009e-02,1.060080837849e+01,3.084894800063e-02
7.812500250010e-02,1.062582566540e+01,2.511200364425e-02
7.812500250011e-02,1.065084295232e+01,1.830389656989e-02
7.812500250011e-02,1.067586023923e+01,1.009399703941e-02
7.812500250012e-02,1.070087752614e+01,3.389335276796e-15
8.370535982110e-02,4.843750155000e-01,3.504352674671e-16
8.370535982111e-02,4.531250145001e-01,1.229352486008e-02
8.370535982112e-02,4.218750135001e-01,2.184800816993e-02
8.370535982113e-02,3.906250125002e-01,2.948678607985e-02
8.370535982113e-02,3.593750115003e-01,3.573326401579e-02
8.370535982114e-02,3.281250105004e-01,4.093609285415e-02
8.370535982115e-02,2.968750095005e-01,4.533648399118e-02
8.370535982115e-02,2.656250085005e-01,4.910663453537e-02
8.370535982116e-02,2.343750075005e-01,5.237276225555e-02
8.370535982117e-02,2.031250065004e-01,5.522949179820e-02
8.370535982118e-02,1.718750055003e-01,5.774915753883e-02
8.370535982119e-02,1.406250045003e-01,5.998800209286e-02
8.370535982119e-02,1.093750035002e-01,6.199041537484e-02
8.370535982120e-02,7.812500250012e-02,6.379190068883e-02
8.370535982121e-02,4.687500150007e-02,6.542119257035e-02
8.370535982122e-02,1.562500050003e-02,6.690179651847e-02
1.093750034998e-01,9.725214438998e+00,8.024626993413e-16
1.093750034998e-01,9.750231444836e+00,1.009389530402e-02
1.093750034998e-01,9.775248450674e+00,1.830372930801e-02
1.093750034998e-01,9.800265456512e+00,2.511179376412e-02
1.093750034998e-01,9.825282462350e+00,3.084871046088e-02
1.093750034998e-01,9.850299468188e+00,3.574870655240e-02
1.093750034999e-01,9.875316474026e+00,3.998235841591e-02
1.093750034999e-01,9.900333479864e+00,4.367683745530e-02
1.093750034999e-01,9.925350485702e+00,4.692889044636e-02
1.093750034999e-01,9.950367491540e+00,4.981342460708e-02
1.093750034999e-01,9.975384497377e+00,5.238934096907e-02
1.093750034999e-01,1.000040150322e+01,5.470359284447e-02
1.093750034999e-01,1.002541850905e+01,5.679406903268e-02
1.093750034999e-01,1.005043551489e+01,5.869168054279e-02
1.093750034999e-01,1.007545252073e+01,6.042189623267e-02
1.093750034999e-01,1.010046952657e+01,6.200588999842e-02
1.093750035000e-01,1.012548653241e+01,6.346140951396e-02
1.093750035000e-01,1.015050353824e+01,6.480344230591e-02
1.093750035000e-01,1.017552054408e+01,6.604473225788e-02
1.093750035000e-01,1.020053754992e+01,6.719618431526e-02
1.093750035000e-01,1.022555455576e+01,6.719618431541e-02
1.093750035000e-01,1.025057156160e+01,6.604473225804e-02
1.093750035000e-01,1.027558856743e+01,6.480344230608e-02
1.093750035000e-01,1.030060557327e+01,6.346140951413e-02
1.093750035000e-01,1.032562257911e+01,6.200588999858e-02
1.093750035000e-01,1.035063958495e+01,6.042189623283e-02
1.093750035000e-01,1.037565659079e+01,5.869168054294e-02
1.093750035001e-01,1.040067359662e+01,5.679406903286e-02
1.093750035001e-01,1.042569060246e+01,5.470359284463e-02
1.093750035001e-01,1.045070760830e+01,5.238934096924e-02
1.093750035001e-01,1.047572461414e+01,4.981342460725e-02
1.093750035001e-01,1.050074161998e+01,4.692889044651e-02
1.093750035001e-01,1.052575862581e+01,4.367683745545e-02
1.093750035001e-01,1.055077563165e+01,3.998235841608e-02
1.093750035001e-01,1.057579263749e+01,3.574870655255e-02
1.093750035001e-01,1.060080964333e+01,3.084871046099e-02
1.093750035002e-01,1.062582664917e+01,2.511179376419e-02
1.093750035002e-01,1.065084365500e+01,1.830372930801e-02
1.093750035002e-01,1.067586066084e+01,1.009389530402e-02
1.093750035002e-01,1.070087766668e+01,2.047371339366e-15
1.171875037496e-01,4.843750155000e-01,2.678227678305e-15
1.171875037496e-01,4.531250145001e-01,1.229352486008e-02
1.171875037496e-01,4.218750135001e-01,2.184800816993e-02
1.171875037496e-01,3.906250125002e-01,2.948678607985e-02
1.171875037496e-01,3.593750115003e-01,3.573326401579e-02
1.171875037496e-01,3.281250105004e-01,4.093609285415e-02
1.171875037496e-01,2.968750095005e-01,4.533648399118e-02
1.171875037496e-01,2.656250085005e-01,4.910663453537e-02
1.171875037496e-01,2.343750075005e-01,5.237276225555e-02
1.171875037496e-01,2.031250065004e-01,5.522949179820e-02
1.171875037496e-01,1.718750055003e-01,5.774915753883e-02
1.171875037497e-01,1.406250045003e-01,5.998800209286e-02
1.171875037497e-01,1.093750035002e-01,6.199041537484e-02
1.171875037497e-01,7.812500250012e-02,6.379190068883e-02
1.171875037497e-01,4.687500150007e-02,6.542119257035e-02
1.171875037497e-01,1.562500050003e-02,6.690179651847e-02
1.406250044998e-01,9.725225541461e+00,8.024626993413e-16
1.406250044998e-01,9.750242266224e+00,1.009379356838e-02
1.406250044998e-01,9.775258990987e+00,1.830356204543e-02
1.406250044998e-01,9.800275715750e+00,2.511158388286e-02
1.406250044998e-01,9.825292440513e+00,3.084847291955e-02
1.406250044998e-01,9.850309165276e+00,3.574845136610e-02
1.406250044998e-01,9.875325890039e+00,3.998209242322e-02
1.406250044998e-01,9.900342614802e+00,4.367656539704e-02
1.406250044998e-01,9.925359339564e+00,4.692861564579e-02
1.406250044999e-01,9.950376064327e+00,4.981314941061e-02
1.406250044999e-01,9.975392789090e+00,5.238906703878e-02
1.406250044999e-01,1.000040951385e+01,5.470332135623e-02
1.406250044999e-01,1.002542623862e+01,5.679380081293e-02
1.406250044999e-01,1.005044296338e+01,5.869141616433e-02
1.406250044999e-01,1.007545968814e+01,6.042163608279e-02
1.406250044999e-01,1.010047641290e+01,6.200563432793e-02
1.406250044999e-01,1.012549313767e+01,6.346115847284e-02
1.406250045000e-01,1.015050986243e+01,6.480319596950e-02
1.406250045000e-01,1.017552658719e+01,6.604449064629e-02
1.406250045000e-01,1.020054331196e+01,6.719594740783e-02
1.406250045000e-01,1.022556003672e+01,6.719594740798e-02
1.406250045000e-01,1.025057676148e+01,6.604449064644e-02
1.406250045000e-01,1.027559348625e+01,6.480319596966e-02
1.406250045000e-01,1.030061021101e+01,6.346115847300e-02
1.406250045000e-01,1.032562693577e+01,6.200563432809e-02
1.406250045001e-01,1.035064366054e+01,6.042163608295e-02
1.406250045001e-01,1.037566038530e+01,5.869141616448e-02
1.406250045001e-01,1.040067711006e+01,5.679380081310e-02
1.406250045001e-01,1.042569383482e+01,5.470332135639e-02
1.406250045001e-01,1.045071055959e+01,5.238906703892e-02
1.406250045001e-01,1.047572728435e+01,4.981314941077e-02
1.406250045001e-01,1.050074400911e+01,4.692861564595e-02
1.406250045001e-01,1.052576073388e+01,4.367656539717e-02
1.406250045002e-01,1.055077745864e+01,3.998209242338e-02
1.406250045002e-01,1.057579418340e+01,3.574845136624e-02
1.406250045002e-01,1.060081090817e+01,3.084847291965e-02
1.406250045002e-01,1.062582763293e+01,2.511158388292e-02
1.406250045002e-01,1.065084435769e+01,1.830356204543e-02
1.406250045002e-01,1.067586108246e+01,1.009379356838e-02
1.406250045002e-01,1.070087780722e+01,9.625440802687e-16
1.506696476780e-01,4.843750155000e-01,3.008995591217e-15
1.506696476780e-01,4.531250145001e-01,1.229352486008e-02
1.506696476780e-01,4.218750135001e-01,2.184800816993e-02
1.506696476780e-01,3.906250125002e-01,2.948678607985e-02
1.506696476780e-01,3.593750115003e-01,3.573326401579e-02
1.506696476780e-01,3.281250105004e-01,4.093609285415e-02
1.506696476781e-01,2.968750095005e-01,4.533648399118e-02
1.506696476781e-01,2.656250085005e-01,4.910663453537e-02
1.506696476781e-01,2.343750075005e-01,5.237276225555e-02
1.506696476781e-01,2.031250065004e-01,5.522949179820e-02
1.506696476781e-01,1.718750055003e-01,5.774915753883e-02
1.506696476781e-01,1.406250045003e-01,5.998800209286e-02
1.506696476781e-01,1.093750035002e-01,6.199041537484e-02
1.506696476782e-01,7.812500250012e-02,6.379190068883e-02
1.506696476782e-01,4.687500150007e-02,6.542119257035e-02
1.506696476782e-01,1.562500050003e-02,6.690179651847e-02
1.718750054997e-01,9.725236643924e+00,1.597918657201e-15
1.718750054997e-01,9.750253087612e+00,1.009369183250e-02
1.718750054997e-01,9.775269531300e+00,1.830339478216e-02
1.718750054998e-01,9.800285974988e+00,2.511137400038e-02
1.718750054998e-01,9.825302418676e+00,3.084823537655e-02
1.718750054998e-01,9.850318862364e+00,3.574819617772e-02
1.718750054998e-01,9.875335306051e+00,3.998182642807e-02
1.718750054998e-01,9.900351749739e+00,4.367629333605e-02
1.718750054998e-01,9.925368193427e+00,4.692834084225e-02
1.718750054998e-01,9.950384637115e+00,4.981287421100e-02
1.718750054998e-01,9.975401080803e+00,5.238879310518e-02
1.718750054999e-01,1.000041752449e+01,5.470304986458e-02
1.718750054999e-01,1.002543396818e+01,5.679353258968e-02
1.718750054999e-01,1.005045041187e+01,5.869115178230e-02
1.718750054999e-01,1.007546685555e+01,6.042137592930e-02
1.718750054999e-01,1.010048329924e+01,6.200537865379e-02
1.718750054999e-01,1.012549974293e+01,6.346090742805e-02
1.718750054999e-01,1.015051618662e+01,6.480294962941e-02
1.718750055000e-01,1.017553263031e+01,6.604424903102e-02
1.718750055000e-01,1.020054907399e+01,6.719571049674e-02
1.718750055000e-01,1.022556551768e+01,6.719571049689e-02
1.718750055000e-01,1.025058196137e+01,6.604424903118e-02
1.718750055000e-01,1.027559840506e+01,6.480294962957e-02
1.718750055000e-01,1.030061484875e+01,6.346090742821e-02
1.718750055000e-01,1.032563129244e+01,6.200537865395e-02
1.718750055001e-01,1.035064773612e+01,6.042137592946e-02
1.718750055001e-01,1.037566417981e+01,5.869115178245e-02
1.718750055001e-01,1.040068062350e+01,5.679353258985e-02
1.718750055001e-01,1.042569706719e+01,5.470304986474e-02
1.718750055001e-01,1.045071351087e+01,5.238879310533e-02
1.718750055001e-01,1.047572995456e+01,4.981287421115e-02
1.718750055001e-01,1.050074639825e+01,4.692834084240e-02
1.718750055002e-01,1.052576284194e+01,4.367629333619e-02
1.718750055002e-01,1.055077928563e+01,3.998182642823e-02
1.718750055002e-01,1.057579572932e+01,3.574819617784e-02
1.718750055002e-01,1.060081217300e+01,3.084823537665e-02
1.718750055002e-01,1.062582861669e+01,2.511137400044e-02
1.718750055002e-01,1.065084506038e+01,1.830339478216e-02
1.718750055002e-01,1.067586150407e+01,1.009369183251e-02
1.718750055003e-01,1.070087794776e+01,6.094724768981e-15
1.841517916064e-01,4.843750155000e-01,1.686044448628e-15
1.841517916064e-01,4.531250145001e-01,1.229352486008e-02
1.841517916065e-01,4.218750135001e-01,2.184800816993e-02
1.841517916065e-01,3.906250125002e-01,2.948678607985e-02
1.841517916065e-01,3.593750115003e-01,3.573326401579e-02
1.841517916065e-01,3.281250105004e-01,4.093609285415e-02
1.841517916065e-01,2.968750095005e-01,4.533648399118e-02
1.841517916065e-01,2.656250085005e-01,4.910663453537e-02
1.841517916066e-01,2.343750075005e-01,5.237276225555e-02
1.841517916066e-01,2.031250065004e-01,5.522949179820e-02
1.841517916066e-01,1.718750055003e-01,5.774915753883e-02
1.841517916066e-01,1.406250045003e-01,5.998800209286e-02
1.841517916066e-01,1.093750035002e-01,6.199041537484e-02
1.841517916066e-01,7.812500250012e-02,6.379190068883e-02
1.841517916066e-01,4.687500150007e-02,6.542119257035e-02
1.841517916067e-01,1.562500050003e-02,6.690179651847e-02
2.031250064997e-01,9.725247746387e+00,8.206100492853e-16
2.031250064997e-01,9.750263909000e+00,1.009359009640e-02
2.031250064997e-01,9.775280071613e+00,1.830322751818e-02
2.031250064997e-01,9.800296234226e+00,2.511116411669e-02
2.031250064997e-01,9.825312396839e+00,3.084799783185e-02
2.031250064998e-01,9.850328559451e+00,3.574794098723e-02
2.031250064998e-01,9.875344722064e+00,3.998156043050e-02
2.031250064998e-01,9.900360884677e+00,4.367602127233e-02
2.031250064998e-01,9.925377047290e+00,4.692806603577e-02
2.031250064998e-01,9.950393209903e+00,4.981259900824e-02
2.031250064998e-01,9.975409372516e+00,5.238851916829e-02
2.031250064998e-01,1.000042553513e+01,5.470277836952e-02
2.031250064999e-01,1.002544169774e+01,5.679326436293e-02
2.031250064999e-01,1.005045786035e+01,5.869088739671e-02
2.031250064999e-01,1.007547402297e+01,6.042111577220e-02
2.031250064999e-01,1.010049018558e+01,6.200512297602e-02
2.031250064999e-01,1.012550634819e+01,6.346065637960e-02
2.031250064999e-01,1.015052251081e+01,6.480270328566e-02
2.031250065000e-01,1.017553867342e+01,6.604400741209e-02
2.031250065000e-01,1.020055483603e+01,6.719547358199e-02
2.031250065000e-01,1.022557099865e+01,6.719547358213e-02
2.031250065000e-01,1.025058716126e+01,6.604400741224e-02
2.031250065000e-01,1.027560332387e+01,6.480270328582e-02
2.031250065000e-01,1.030061948648e+01,6.346065637975e-02
2.031250065001e-01,1.032563564910e+01,6.200512297617e-02
2.031250065001e-01,1.035065181171e+01,6.042111577236e-02
2.031250065001e-01,1.037566797432e+01,5.869088739686e-02
2.031250065001e-01,1.040068413694e+01,5.679326436309e-02
2.031250065001e-01,1.042570029955e+01,5.470277836967e-02
2.031250065001e-01,1.045071646216e+01,5.238851916844e-02
2.031250065002e-01,1.047573262478e+01,4.981259900839e-02
2.031250065002e-01,1.050074878739e+01,4.692806603591e-02
2.031250065002e-01,1.052576495000e+01,4.367602127247e-02
2.031250065002e-01,1.055078111262e+01,3.998156043064e-02
2.031250065002e-01,1.057579727523e+01,3.574794098735e-02
2.031250065002e-01,1.060081343784e+01,3.084799783196e-02
2.031250065003e-01,1.062582960045e+01,2.511116411675e-02
2.031250065003e-01,1.065084576307e+01,1.830322751818e-02
2.031250065003e-01,1.067586192568e+01,1.009359009640e-02
2.031250065003e-01,1.070087808829e+01,3.040527457626e-15
2.176339355349e-01,4.843750155000e-01,3.504352674671e-16
2.176339355349e-01,4.531250145001e-01,1.229352486008e-02
2.176339355349e-01,4.218750135001e-01,2.184800816993e-02
2.176339355349e-01,3.906250125002e-01,2.948678607985e-02
2.176339355350e-01,3.593750115003e-01,3.573326401579e-02
2.176339355350e-01,3.281250105004e-01,4.093609285415e-02
2.176339355350e-01,2.968750095005e-01,4.533648399118e-02
2.176339355350e-01,2.656250085005e-01,4.910663453537e-02
2.176339355350e-01,2.343750075005e-01,5.237276225555e-02
2.176339355350e-01,2.031250065004e-01,5.522949179820e-02
2.176339355351e-01,1.718750055003e-01,5.774915753883e-02
2.176339355351e-01,1.406250045003e-01,5.998800209286e-02
2.176339355351e-01,1.093750035002e-01,6.199041537484e-02
2.176339355351e-01,7.812500250012e-02,6.379190068883e-02
2.176339355351e-01,4.687500150007e-02,6.542119257035e-02
2.176339355352e-01,1.562500050003e-02,6.690179651847e-02
2.343750074996e-01,9.725258848849e+00,2.397690591511e-15
2.343750074997e-01,9.750274730388e+00,1.009348836006e-02
2.343750074997e-01,9.775290611926e+00,1.830306025350e-02
2.343750074997e-01,9.800306493464e+00,2.511095423180e-02
2.343750074997e-01,9.825322375001e+00,3.084776028549e-02
2.343750074997e-01,9.850338256539e+00,3.574768579466e-02
2.343750074997e-01,9.875354138077e+00,3.998129443047e-02
2.343750074998e-01,9.900370019615e+00,4.367574920590e-02
2.343750074998e-01,9.925385901153e+00,4.692779122632e-02
2.343750074998e-01,9.950401782691e+00,4.981232380233e-02
2.343750074998e-01,9.975417664229e+00,5.238824522811e-02
2.343750074998e-01,1.000043354577e+01,5.470250687105e-02
2.343750074999e-01,1.002544942730e+01,5.679299613269e-02
2.343750074999e-01,1.005046530884e+01,5.869062300756e-02
2.343750074999e-01,1.007548119038e+01,6.042085561149e-02
2.343750074999e-01,1.010049707192e+01,6.200486729460e-02
2.343750074999e-01,1.012551295346e+01,6.346040532749e-02
2.343750074999e-01,1.015052883499e+01,6.480245693823e-02
2.343750075000e-01,1.017554471653e+01,6.604376578949e-02
2.343750075000e-01,1.020056059807e+01,6.719523666358e-02
2.343750075000e-01,1.022557647961e+01,6.719523666372e-02
2.343750075000e-01,1.025059236115e+01,6.604376578964e-02
2.343750075000e-01,1.027560824268e+01,6.480245693839e-02
2.343750075001e-01,1.030062412422e+01,6.346040532764e-02
2.343750075001e-01,1.032564000576e+01,6.200486729475e-02
2.343750075001e-01,1.035065588730e+01,6.042085561164e-02
2.343750075001e-01,1.037567176884e+01,5.869062300770e-02
2.343750075001e-01,1.040068765037e+01,5.679299613284e-02
2.343750075002e-01,1.042570353191e+01,5.470250687120e-02
2.343750075002e-01,1.045071941345e+01,5.238824522825e-02
2.343750075002e-01,1.047573529499e+01,4.981232380248e-02
2.343750075002e-01,1.050075117653e+01,4.692779122646e-02
2.343750075002e-01,1.052576705807e+01,4.367574920602e-02
2.343750075003e-01,1.055078293960e+01,3.998129443062e-02
2.343750075003e-01,1.057579882114e+01,3.574768579479e-02
2.343750075003e-01,1.060081470268e+01,3.084776028558e-02
2.343750075003e-01,1.062583058422e+01,2.511095423186e-02
2.343750075003e-01,1.065084646576e+01,1.830306025350e-02
2.343750075003e-01,1.067586234729e+01,1.009348836006e-02
2.343750075004e-01,1.070087822883e+01,6.689234493862e-15
2.511160794633e-01,4.843750155000e-01,4.045039829776e-15
2.511160794633e-01,4.531250145001e-01,1.229352486008e-02
2.511160794634e-01,4.218750135001e-01,2.184800816993e-02
2.511160794634e-01,3.906250125002e-01,2.948678607985e-02
2.511160794634e-01,3.593750115003e-01,3.573326401579e-02
2.511160794634e-01,3.281250105004e-01,4.093609285415e-02
2.511160794634e-01,2.968750095005e-01,4.533648399118e-02
2.511160794635e-01,2.656250085005e-01,4.910663453537e-02
2.511160794635e-01,2.343750075005e-01,5.237276225555e-02
2.511160794635e-01,2.031250065004e-01,5.522949179820e-02
2.511160794635e-01,1.718750055003e-01,5.774915753883e-02
2.511160794636e-01,1.406250045003e-01,5.998800209286e-02
2.511160794636e-01,1.093750035002e-01,6.199041537484e-02
2.511160794636e-01,7.812500250012e-02,6.379190068883e-02
2.511160794636e-01,4.687500150007e-02,6.542119257035e-02
2.511160794636e-01,1.562500050003e-02,6.690179651847e-02
2.656250084996e-01,9.725269951312e+00,9.421709039120e-16
2.656250084996e-01,9.750285551775e+00,1.009338662348e-02
2.656250084996e-01,9.775301152238e+00,1.830289298811e-02
2.656250084996e-01,9.800316752701e+00,2.511074434570e-02
2.656250084997e-01,9.825332353164e+00,3.084752273743e-02
2.656250084997e-01,9.850347953627e+00,3.574743059999e-02
2.656250084997e-01,9.875363554090e+00,3.998102842802e-02
2.656250084997e-01,9.900379154553e+00,4.367547713673e-02
2.656250084998e-01,9.925394755015e+00,4.692751641391e-02
2.656250084998e-01,9.950410355478e+00,4.981204859328e-02
2.656250084998e-01,9.975425955941e+00,5.238797128463e-02
2.656250084998e-01,1.000044155640e+01,5.470223536917e-02
2.656250084998e-01,1.002545715687e+01,5.679272789895e-02
2.656250084999e-01,1.005047275733e+01,5.869035861484e-02
2.656250084999e-01,1.007548835779e+01,6.042059544717e-02
2.656250084999e-01,1.010050395826e+01,6.200461160954e-02
2.656250084999e-01,1.012551955872e+01,6.346015427172e-02
2.656250084999e-01,1.015053515918e+01,6.480221058714e-02
2.656250085000e-01,1.017555075964e+01,6.604352416322e-02
2.656250085000e-01,1.020056636011e+01,6.719499974151e-02
2.656250085000e-01,1.022558196057e+01,6.719499974164e-02
2.656250085000e-01,1.025059756103e+01,6.604352416336e-02
2.656250085000e-01,1.027561316150e+01,6.480221058729e-02
2.656250085001e-01,1.030062876196e+01,6.346015427187e-02
2.656250085001e-01,1.032564436242e+01,6.200461160968e-02
2.656250085001e-01,1.035065996289e+01,6.042059544732e-02
2.656250085001e-01,1.037567556335e+01,5.869035861498e-02
2.656250085002e-01,1.040069116381e+01,5.679272789909e-02
2.656250085002e-01,1.042570676428e+01,5.470223536932e-02
2.656250085002e-01,1.045072236474e+01,5.238797128477e-02
2.656250085002e-01,1.047573796520e+01,4.981204859343e-02
2.656250085002e-01,1.050075356566e+01,4.692751641405e-02
2.656250085003e-01,1.052576916613e+01,4.367547713685e-02
2.656250085003e-01,1.055078476659e+01,3.998102842815e-02
2.656250085003e-01,1.057580036705e+01,3.574743060012e-02
2.656250085003e-01,1.060081596752e+01,3.084752273754e-02
2.656250085003e-01,1.062583156798e+01,2.511074434575e-02
2.656250085004e-01,1.065084716844e+01,1.830289298811e-02
2.656250085004e-01,1.067586276891e+01,1.009338662348e-02
2.656250085004e-01,1.070087836937e+01,3.595316978701e-15
2.845982233918e-01,4.843750155000e-01,1.997554362149e-15
2.845982233918e-01,4.531250145001e-01,1.229352486008e-02
2.845982233918e-01,4.218750135001e-01,2.184800816993e-02
2.845982233918e-01,3.906250125002e-01,2.948678607985e-02
2.845982233918e-01,3.593750115003e-01,3.573326401579e-02
2.845982233919e-01,3.281250105004e-01,4.093609285415e-02
2.845982233919e-01,2.968750095005e-01,4.533648399118e-02
2.845982233919e-01,2.656250085005e-01,4.910663453537e-02
2.845982233920e-01,2.343750075005e-01,5.237276225555e-02
2.845982233920e-01,2.031250065004e-01,5.522949179820e-02
2.845982233920e-01,1.718750055003e-01,5.774915753883e-02
2.845982233920e-01,1.406250045003e-01,5.998800209286e-02
2.845982233920e-01,1.093750035002e-01,6.199041537484e-02
2.845982233921e-01,7.812500250012e-02,6.379190068883e-02
2.845982233921e-01,4.687500150007e-02,6.542119257035e-02
2.845982233921e-01,1.562500050003e-02,6.690179651847e-02
2.968750094995e-01,9.725281053775e+00,1.610354009395e-15
2.968750094995e-01,9.750296373163e+00,1.009328488667e-02
2.968750094995e-01,9.775311692551e+00,1.830272572203e-02
2.968750094996e-01,9.800327011939e+00,2.511053445839e-02
2.968750094996e-01,9.825342331327e+00,3.084728518772e-02
2.968750094996e-01,9.850357650715e+00,3.574717540325e-02
2.968750094997e-01,9.875372970103e+00,3.998076242312e-02
2.968750094997e-01,9.900388289490e+00,4.367520506483e-02
2.968750094997e-01,9.925403608878e+00,4.692724159856e-02
2.968750094997e-01,9.950418928266e+00,4.981177338109e-02
2.968750094997e-01,9.975434247654e+00,5.238769733787e-02
2.968750094998e-01,1.000044956704e+01,5.470196386389e-02
2.968750094998e-01,1.002546488643e+01,5.679245966171e-02
2.968750094998e-01,1.005048020582e+01,5.869009421856e-02
2.968750094999e-01,1.007549552520e+01,6.042033527924e-02
2.968750094999e-01,1.010051084459e+01,6.200435592083e-02
2.968750094999e-01,1.012552616398e+01,6.345990321228e-02
2.968750094999e-01,1.015054148337e+01,6.480196423238e-02
2.968750094999e-01,1.017555680276e+01,6.604328253328e-02
2.968750095000e-01,1.020057212214e+01,6.719476281577e-02
2.968750095000e-01,1.022558744153e+01,6.719476281590e-02
2.968750095000e-01,1.025060276092e+01,6.604328253342e-02
2.968750095000e-01,1.027561808031e+01,6.480196423253e-02
2.968750095001e-01,1.030063339970e+01,6.345990321243e-02
2.968750095001e-01,1.032564871909e+01,6.200435592098e-02
2.968750095001e-01,1.035066403847e+01,6.042033527938e-02
2.968750095001e-01,1.037567935786e+01,5.869009421869e-02
2.968750095002e-01,1.040069467725e+01,5.679245966185e-02
2.968750095002e-01,1.042570999664e+01,5.470196386402e-02
2.968750095002e-01,1.045072531603e+01,5.238769733800e-02
2.968750095002e-01,1.047574063541e+01,4.981177338123e-02
2.968750095003e-01,1.050075595480e+01,4.692724159868e-02
2.968750095003e-01,1.052577127419e+01,4.367520506496e-02
2.968750095003e-01,1.055078659358e+01,3.998076242325e-02
2.968750095003e-01,1.057580191297e+01,3.574717540335e-02
2.968750095004e-01,1.060081723235e+01,3.084728518780e-02
2.968750095004e-01,1.062583255174e+01,2.511053445844e-02
2.968750095004e-01,1.065084787113e+01,1.830272572203e-02
2.968750095004e-01,1.067586319052e+01,1.009328488667e-02
2.968750095005e-01,1.070087850991e+01,6.105148524920e-15
3.180803673202e-01,4.843750155000e-01,3.370702138408e-15
3.180803673202e-01,4.531250145001e-01,1.229352486008e-02
3.180803673203e-01,4.218750135001e-01,2.184800816993e-02
3.180803673203e-01,3.906250125002e-01,2.948678607985e-02
3.180803673203e-01,3.593750115003e-01,3.573326401579e-02
3.180803673203e-01,3.281250105004e-01,4.093609285415e-02
3.180803673204e-01,2.968750095005e-01,4.533648399118e-02
3.180803673204e-01,2.656250085005e-01,4.910663453537e-02
3.180803673204e-01,2.343750075005e-01,5.237276225555e-02
3.180803673204e-01,2.031250065004e-01,5.522949179820e-02
3.180803673205e-01,1.718750055003e-01,5.774915753883e-02
3.180803673205e-01,1.406250045003e-01,5.998800209286e-02
3.180803673205e-01,1.093750035002e-01,6.199041537484e-02
3.180803673206e-01,7.812500250012e-02,6.379190068883e-02
3.180803673206e-01,4.687500150007e-02,6.542119257035e-02
3.180803673206e-01,1.562500050003e-02,6.690179651847e-02
3.281250104994e-01,9.725292156238e+00,1.248373950938e-16
3.281250104994e-01,9.750307194551e+00,1.009318314962e-02
3.281250104995e-01,9.775322232864e+00,1.830255845524e-02
3.281250104995e-01,9.800337271177e+00,2.511032456987e-02
3.281250104995e-01,9.825352309490e+00,3.084704763632e-02
3.281250104996e-01,9.850367347803e+00,3.574692020439e-02
3.281250104996e-01,9.875382386115e+00,3.998049641579e-02
3.281250104996e-01,9.900397424428e+00,4.367493299022e-02
3.281250104996e-01,9.925412462741e+00,4.692696678023e-02
3.281250104997e-01,9.950427501054e+00,4.981149816574e-02
3.281250104997e-01,9.975442539367e+00,5.238742338780e-02
3.281250104997e-01,1.000045757768e+01,5.470169235519e-02
3.281250104998e-01,1.002547261599e+01,5.679219142097e-02
3.281250104998e-01,1.005048765430e+01,5.868982981872e-02
3.281250104998e-01,1.007550269262e+01,6.042007510770e-02
3.281250104998e-01,1.010051773093e+01,6.200410022849e-02
3.281250104999e-01,1.012553276924e+01,6.345965214919e-02
3.281250104999e-01,1.015054780756e+01,6.480171787394e-02
3.281250104999e-01,1.017556284587e+01,6.604304089967e-02
3.281250104999e-01,1.020057788418e+01,6.719452588637e-02
3.281250105000e-01,1.022559292250e+01,6.719452588650e-02
3.281250105000e-01,1.025060796081e+01,6.604304089981e-02
3.281250105000e-01,1.027562299912e+01,6.480171787409e-02
3.281250105001e-01,1.030063803744e+01,6.345965214933e-02
3.281250105001e-01,1.032565307575e+01,6.200410022863e-02
3.281250105001e-01,1.035066811406e+01,6.042007510783e-02
3.281250105001e-01,1.037568315237e+01,5.868982981885e-02
3.281250105002e-01,1.040069819069e+01,5.679219142110e-02
3.281250105002e-01,1.042571322900e+01,5.470169235532e-02
3.281250105002e-01,1.045072826731e+01,5.238742338793e-02
3.281250105003e-01,1.047574330563e+01,4.981149816587e-02
3.281250105003e-01,1.050075834394e+01,4.692696678035e-02
3.281250105003e-01,1.052577338225e+01,4.367493299033e-02
3.281250105003e-01,1.055078842057e+01,3.998049641590e-02
3.281250105004e-01,1.057580345888e+01,3.574692020450e-02
3.281250105004e-01,1.060081849719e+01,3.084704763641e-02
3.281250105004e-01,1.062583353550e+01,2.511032456992e-02
3.281250105005e-01,1.065084857382e+01,1.830255845524e-02
3.281250105005e-01,1.067586361213e+01,1.009318314962e-02
3.281250105005e-01,1.070087865044e+01,2.985363042792e-15
3.515625112486e-01,4.843750155000e-01,7.739918495814e-15
3.515625112487e-01,4.531250145001e-01,1.229352486008e-02
3.515625112487e-01,4.218750135001e-01,2.184800816993e-02
3.515625112487e-01,3.906250125002e-01,2.948678607985e-02
3.515625112488e-01,3.593750115003e-01,3.573326401579e-02
3.515625112488e-01,3.281250105004e-01,4.093609285415e-02
3.515625112488e-01,2.968750095004e-01,4.533648399118e-02
3.515625112489e-01,2.656250085005e-01,4.910663453537e-02
3.515625112489e-01,2.343750075005e-01,5.237276225555e-02
3.515625112489e-01,2.031250065004e-01,5.522949179820e-02
3.515625112489e-01,1.718750055003e-01,5.774915753883e-02
3.515625112490e-01,1.406250045003e-01,5.998800209286e-02
3.515625112490e-01,1.093750035002e-01,6.199041537484e-02
3.515625112490e-01,7.812500250012e-02,6.379190068883e-02
3.515625112491e-01,4.687500150007e-02,6.542119257035e-02
3.515625112491e-01,1.562500050003e-02,6.690179651847e-02
3.593750114993e-01,9.725303258701e+00,0.000000000000e+00
3.593750114994e-01,9.750318015939e+00,1.009308141233e-02
3.593750114994e-01,9.775332773177e+00,1.830239118775e-02
3.593750114994e-01,9.800347530415e+00,2.511011468014e-02
3.593750114995e-01,9.825362287652e+00,3.084681008322e-02
3.593750114995e-01,9.850377044890e+00,3.574666500346e-02
3.593750114995e-01,9.875391802128e+00,3.998023040601e-02
3.593750114995e-01,9.900406559366e+00,4.367466091288e-02
3.593750114996e-01,9.925421316604e+00,4.692669195896e-02
3.593750114996e-01,9.950436073842e+00,4.981122294725e-02
3.593750114996e-01,9.975450831080e+00,5.238714943444e-02
3.593750114997e-01,1.000046558832e+01,5.470142084308e-02
3.593750114997e-01,1.002548034555e+01,5.679192317673e-02
3.593750114997e-01,1.005049510279e+01,5.868956541531e-02
3.593750114998e-01,1.007550986003e+01,6.041981493254e-02
3.593750114998e-01,1.010052461727e+01,6.200384453250e-02
3.593750114998e-01,1.012553937451e+01,6.345940108243e-02
3.593750114999e-01,1.015055413174e+01,6.480147151184e-02
3.593750114999e-01,1.017556888898e+01,6.604279926239e-02
3.593750114999e-01,1.020058364622e+01,6.719428895331e-02
3.593750115000e-01,1.022559840346e+01,6.719428895344e-02
3.593750115000e-01,1.025061316070e+01,6.604279926253e-02
3.593750115000e-01,1.027562791793e+01,6.480147151198e-02
3.593750115001e-01,1.030064267517e+01,6.345940108257e-02
3.593750115001e-01,1.032565743241e+01,6.200384453263e-02
3.593750115001e-01,1.035067218965e+01,6.041981493267e-02
3.593750115001e-01,1.037568694689e+01,5.868956541543e-02
3.593750115002e-01,1.040070170412e+01,5.679192317686e-02
3.593750115002e-01,1.042571646136e+01,5.470142084321e-02
3.593750115002e-01,1.045073121860e+01,5.238714943457e-02
3.593750115003e-01,1.047574597584e+01,4.981122294738e-02
3.593750115003e-01,1.050076073308e+01,4.692669195907e-02
3.593750115003e-01,1.052577549032e+01,4.367466091299e-02
3.593750115004e-01,1.055079024755e+01,3.998023040612e-02
3.593750115004e-01,1.057580500479e+01,3.574666500355e-02
3.593750115004e-01,1.060081976203e+01,3.084681008331e-02
3.593750115005e-01,1.062583451927e+01,2.511011468019e-02
3.593750115005e-01,1.065084927650e+01,1.830239118775e-02
3.593750115005e-01,1.067586403374e+01,1.009308141233e-02
3.593750115006e-01,1.070087879098e+01,8.005182751141e-16
3.850446551771e-01,4.843750155000e-01,6.716251856046e-15
3.850446551771e-01,4.531250145001e-01,1.229352486008e-02
3.850446551771e-01,4.218750135001e-01,2.184800816993e-02
3.850446551772e-01,3.906250125002e-01,2.948678607985e-02
3.850446551772e-01,3.593750115003e-01,3.573326401579e-02
3.850446551772e-01,3.281250105004e-01,4.093609285415e-02
3.850446551773e-01,2.968750095004e-01,4.533648399118e-02
3.850446551773e-01,2.656250085005e-01,4.910663453537e-02
3.850446551773e-01,2.343750075005e-01,5.237276225555e-02
3.850446551774e-01,2.031250065004e-01,5.522949179820e-02
3.850446551774e-01,1.718750055003e-01,5.774915753883e-02
3.850446551774e-01,1.406250045003e-01,5.998800209286e-02
3.850446551775e-01,1.093750035002e-01,6.199041537484e-02
3.850446551775e-01,7.812500250012e-02,6.379190068883e-02
3.850446551775e-01,4.687500150007e-02,6.542119257035e-02
3.850446551776e-01,1.562500050003e-02,6.690179651847e-02
3.906250124992e-01,9.725314361164e+00,8.532889369896e-16
3.906250124993e-01,9.750328837327e+00,1.009297967481e-02
3.906250124993e-01,9.775343313490e+00,1.830222391956e-02
3.906250124993e-01,9.800357789652e+00,2.510990478921e-02
3.906250124994e-01,9.825372265815e+00,3.084657252847e-02
3.906250124994e-01,9.850386741978e+00,3.574640980042e-02
3.906250124995e-01,9.875401218141e+00,3.997996439379e-02
3.906250124995e-01,9.900415694304e+00,4.367438883282e-02
3.906250124995e-01,9.925430170467e+00,4.692641713471e-02
3.906250124996e-01,9.950444646629e+00,4.981094772562e-02
3.906250124996e-01,9.975459122792e+00,5.238687547779e-02
3.906250124996e-01,1.000047359896e+01,5.470114932756e-02
3.906250124997e-01,1.002548807512e+01,5.679165492899e-02
3.906250124997e-01,1.005050255128e+01,5.868930100834e-02
3.906250124998e-01,1.007551702744e+01,6.041955475378e-02
3.906250124998e-01,1.010053150361e+01,6.200358883286e-02
3.906250124998e-01,1.012554597977e+01,6.345915001201e-02
3.906250124998e-01,1.015056045593e+01,6.480122514607e-02
3.906250124999e-01,1.017557493209e+01,6.604255762144e-02
3.906250124999e-01,1.020058940826e+01,6.719405201659e-02
3.906250125000e-01,1.022560388442e+01,6.719405201671e-02
3.906250125000e-01,1.025061836058e+01,6.604255762157e-02
3.906250125000e-01,1.027563283675e+01,6.480122514620e-02
3.906250125001e-01,1.030064731291e+01,6.345915001215e-02
3.906250125001e-01,1.032566178907e+01,6.200358883299e-02
3.906250125001e-01,1.035067626524e+01,6.041955475390e-02
3.906250125002e-01,1.037569074140e+01,5.868930100846e-02
3.906250125002e-01,1.040070521756e+01,5.679165492913e-02
3.906250125003e-01,1.042571969373e+01,5.470114932768e-02
3.906250125003e-01,1.045073416989e+01,5.238687547791e-02
3.906250125003e-01,1.047574864605e+01,4.981094772574e-02
3.906250125004e-01,1.050076312221e+01,4.692641713482e-02
3.906250125004e-01,1.052577759838e+01,4.367438883291e-02
3.906250125004e-01,1.055079207454e+01,3.997996439392e-02
3.906250125005e-01,1.057580655070e+01,3.574640980053e-02
3.906250125005e-01,1.060082102687e+01,3.084657252853e-02
3.906250125005e-01,1.062583550303e+01,2.510990478926e-02
3.906250125006e-01,1.065084997919e+01,1.830222391957e-02
3.906250125006e-01,1.067586445536e+01,1.009297967481e-02
3.906250125006e-01,1.070087893152e+01,7.739918495815e-16
4.185267991055e-01,4.843750155000e-01,2.496747901876e-17
4.185267991056e-01,4.531250145001e-01,1.229352486008e-02
4.185267991056e-01,4.218750135001e-01,2.184800816993e-02
4.185267991056e-01,3.906250125002e-01,2.948678607985e-02
4.185267991057e-01,3.593750115003e-01,3.573326401579e-02
4.185267991057e-01,3.281250105004e-01,4.093609285415e-02
4.185267991057e-01,2.968750095004e-01,4.533648399118e-02
4.185267991058e-01,2.656250085005e-01,4.910663453537e-02
4.185267991058e-01,2.343750075005e-01,5.237276225556e-02
4.185267991058e-01,2.031250065004e-01,5.522949179820e-02
4.185267991059e-01,1.718750055003e-01,5.774915753883e-02
4.185267991059e-01,1.406250045003e-01,5.998800209286e-02
4.185267991059e-01,1.093750035002e-01,6.199041537484e-02
4.185267991060e-01,7.812500250011e-02,6.379190068883e-02
4.185267991060e-01,4.687500150007e-02,6.542119257035e-02
4.185267991061e-01,1.562500050003e-02,6.690179651847e-02
4.218750134992e-01,9.725325463627e+00,1.821257373494e-15
4.218750134992e-01,9.750339658715e+00,1.009287793706e-02
4.218750134992e-01,9.775353853802e+00,1.830205665067e-02
4.218750134993e-01,9.800368048890e+00,2.510969489707e-02
4.218750134993e-01,9.825382243978e+00,3.084633497201e-02
4.218750134994e-01,9.850396439066e+00,3.574615459530e-02
4.218750134994e-01,9.875410634154e+00,3.997969837914e-02
4.218750134994e-01,9.900424829241e+00,4.367411675002e-02
4.218750134995e-01,9.925439024329e+00,4.692614230751e-02
4.218750134995e-01,9.950453219417e+00,4.981067250084e-02
4.218750134995e-01,9.975467414505e+00,5.238660151784e-02
4.218750134996e-01,1.000048160959e+01,5.470087780863e-02
4.218750134996e-01,1.002549580468e+01,5.679138667776e-02
4.218750134997e-01,1.005050999977e+01,5.868903659780e-02
4.218750134997e-01,1.007552419486e+01,6.041929457140e-02
4.218750134997e-01,1.010053838994e+01,6.200333312959e-02
4.218750134998e-01,1.012555258503e+01,6.345889893793e-02
4.218750134998e-01,1.015056678012e+01,6.480097877662e-02
4.218750134999e-01,1.017558097521e+01,6.604231597682e-02
4.218750134999e-01,1.020059517030e+01,6.719381507621e-02
4.218750134999e-01,1.022560936538e+01,6.719381507633e-02
4.218750135000e-01,1.025062356047e+01,6.604231597695e-02
4.218750135000e-01,1.027563775556e+01,6.480097877675e-02
4.218750135001e-01,1.030065195065e+01,6.345889893806e-02
4.218750135001e-01,1.032566614574e+01,6.200333312972e-02
4.218750135002e-01,1.035068034082e+01,6.041929457152e-02
4.218750135002e-01,1.037569453591e+01,5.868903659792e-02
4.218750135002e-01,1.040070873100e+01,5.679138667788e-02
4.218750135003e-01,1.042572292609e+01,5.470087780875e-02
4.218750135003e-01,1.045073712118e+01,5.238660151796e-02
4.218750135004e-01,1.047575131626e+01,4.981067250096e-02
4.218750135004e-01,1.050076551135e+01,4.692614230762e-02
4.218750135004e-01,1.052577970644e+01,4.367411675011e-02
4.218750135005e-01,1.055079390153e+01,3.997969837926e-02
4.218750135005e-01,1.057580809662e+01,3.574615459540e-02
4.218750135006e-01,1.060082229170e+01,3.084633497209e-02
4.218750135006e-01,1.062583648679e+01,2.510969489711e-02
4.218750135006e-01,1.065085068188e+01,1.830205665067e-02
4.218750135007e-01,1.067586487697e+01,1.009287793706e-02
4.218750135007e-01,1.070087907206e+01,3.439717671891e-15
4.520089430340e-01,4.843750155000e-01,3.670304338173e-15
4.520089430340e-01,4.531250145001e-01,1.229352486008e-02
4.520089430340e-01,4.218750135001e-01,2.184800816993e-02
4.520089430341e-01,3.906250125002e-01,2.948678607985e-02
4.520089430341e-01,3.593750115003e-01,3.573326401579e-02
4.520089430342e-01,3.281250105004e-01,4.093609285415e-02
4.520089430342e-01,2.968750095004e-01,4.533648399118e-02
4.520089430342e-01,2.656250085005e-01,4.910663453537e-02
4.520089430343e-01,2.343750075005e-01,5.237276225556e-02
4.520089430343e-01,2.031250065004e-01,5.522949179820e-02
4.520089430343e-01,1.718750055003e-01,5.774915753883e-02
4.520089430344e-01,1.406250045003e-01,5.998800209286e-02
4.520089430344e-01,1.093750035002e-01,6.199041537484e-02
4.520089430345e-01,7.812500250011e-02,6.379190068883e-02
4.520089430345e-01,4.687500150007e-02,6.542119257035e-02
4.520089430345e-01,1.562500050003e-02,6.690179651847e-02
4.531250144991e-01,9.725336566089e+00,1.078236704508e-15
4.531250144991e-01,9.750350480102e+00,1.009277619907e-02
4.531250144991e-01,9.775364394115e+00,1.830188938108e-02
4.531250144992e-01,9.800378308128e+00,2.510948500372e-02
4.531250144992e-01,9.825392222141e+00,3.084609741389e-02
4.531250144993e-01,9.850406136154e+00,3.574589938808e-02
4.531250144993e-01,9.875420050167e+00,3.997943236204e-02
4.531250144994e-01,9.900433964179e+00,4.367384466450e-02
4.531250144994e-01,9.925447878192e+00,4.692586747736e-02
4.531250144994e-01,9.950461792205e+00,4.981039727291e-02
4.531250144995e-01,9.975475706218e+00,5.238632755461e-02
4.531250144995e-01,1.000048962023e+01,5.470060628629e-02
4.531250144996e-01,1.002550353424e+01,5.679111842302e-02
4.531250144996e-01,1.005051744826e+01,5.868877218370e-02
4.531250144997e-01,1.007553136227e+01,6.041903438542e-02
4.531250144997e-01,1.010054527628e+01,6.200307742267e-02
4.531250144998e-01,1.012555919030e+01,6.345864786019e-02
4.531250144998e-01,1.015057310431e+01,6.480073240350e-02
4.531250144998e-01,1.017558701832e+01,6.604207432853e-02
4.531250144999e-01,1.020060093233e+01,6.719357813216e-02
4.531250144999e-01,1.022561484635e+01,6.719357813228e-02
4.531250145000e-01,1.025062876036e+01,6.604207432866e-02
4.531250145000e-01,1.027564267437e+01,6.480073240363e-02
4.531250145001e-01,1.030065658839e+01,6.345864786031e-02
4.531250145001e-01,1.032567050240e+01,6.200307742279e-02
4.531250145002e-01,1.035068441641e+01,6.041903438553e-02
4.531250145002e-01,1.037569833042e+01,5.868877218382e-02
4.531250145003e-01,1.040071224444e+01,5.679111842315e-02
4.531250145003e-01,1.042572615845e+01,5.470060628641e-02
4.531250145003e-01,1.045074007246e+01,5.238632755472e-02
4.531250145004e-01,1.047575398648e+01,4.981039727303e-02
4.531250145004e-01,1.050076790049e+01,4.692586747745e-02
4.531250145005e-01,1.052578181450e+01,4.367384466459e-02
4.531250145005e-01,1.055079572852e+01,3.997943236216e-02
4.531250145006e-01,1.057580964253e+01,3.574589938817e-02
4.531250145006e-01,1.060082355654e+01,3.084609741395e-02
4.531250145007e-01,1.062583747056e+01,2.510948500376e-02
4.531250145007e-01,1.065085138457e+01,1.830188938108e-02
4.531250145007e-01,1.067586529858e+01,1.009277619907e-02
4.531250145008e-01,1.070087921259e+01,1.259559207328e-15
4.843750154990e-01,9.725347668552e+00,8.005182751141e-16
4.843750154990e-01,9.750361301490e+00,1.009267446084e-02
4.843750154991e-01,9.775374934428e+00,1.830172211079e-02
4.843750154991e-01,9.800388567366e+00,2.510927510916e-02
4.843750154992e-01,9.825402200304e+00,3.084585985407e-02
4.843750154992e-01,9.850415833241e+00,3.574564417878e-02
4.843750154992e-01,9.875429466179e+00,3.997916634252e-02
4.843750154993e-01,9.900443099117e+00,4.367357257625e-02
4.843750154994e-01,9.925456732055e+00,4.692559264423e-02
4.843750154994e-01,9.950470364993e+00,4.981012204184e-02
4.843750154995e-01,9.975483997931e+00,5.238605358807e-02
4.843750154995e-01,1.000049763087e+01,5.470033476054e-02
4.843750154995e-01,1.002551126381e+01,5.679085016479e-02
4.843750154996e-01,1.005052489674e+01,5.868850776604e-02
4.843750154997e-01,1.007553852968e+01,6.041877419581e-02
4.843750154997e-01,1.010055216262e+01,6.200282171211e-02
4.843750154997e-01,1.012556579556e+01,6.345839677878e-02
4.843750154998e-01,1.015057942849e+01,6.480048602672e-02
4.843750154999e-01,1.017559306143e+01,6.604183267657e-02
4.843750154999e-01,1.020060669437e+01,6.719334118446e-02
4.843750154999e-01,1.022562032731e+01,6.719334118457e-02
4.843750155000e-01,1.025063396025e+01,6.604183267669e-02
4.843750155000e-01,1.027564759319e+01,6.480048602684e-02
4.843750155001e-01,1.030066122612e+01,6.345839677890e-02
4.843750155001e-01,1.032567485906e+01,6.200282171222e-02
4.843750155002e-01,1.035068849200e+01,6.041877419593e-02
4.843750155002e-01,1.037570212494e+01,5.868850776615e-02
4.843750155003e-01,1.040071575788e+01,5.679085016491e-02
4.843750155003e-01,1.042572939081e+01,5.470033476065e-02
4.843750155004e-01,1.045074302375e+01,5.238605358818e-02
4.843750155004e-01,1.047575665669e+01,4.981012204195e-02
4.843750155005e-01,1.050077028963e+01,4.692559264433e-02
4.843750155005e-01,1.052578392257e+01,4.367357257634e-02
4.843750155006e-01,1.055079755550e+01,3.997916634262e-02
4.843750155006e-01,1.057581118844e+01,3.574564417887e-02
4.843750155007e-01,1.060082482138e+01,3.084585985413e-02
4.843750155007e-01,1.062583845432e+01,2.510927510920e-02
4.843750155008e-01,1.065085208726e+01,1.830172211079e-02
4.843750155008e-01,1.067586572019e+01,1.009267446085e-02
4.843750155009e-01,1.070087935313e+01,9.839214339984e-16
4.854910869624e-01,4.843750155000e-01,5.582898031276e-17
4.854910869624e-01,4.531250145001e-01,1.229352486008e-02
4.854910869625e-01,4.218750135001e-01,2.184800816993e-02
4.854910869625e-01,3.906250125002e-01,2.948678607985e-02
4.854910869626e-01,3.593750115003e-01,3.573326401579e-02
4.854910869626e-01,3.281250105004e-01,4.093609285415e-02
4.854910869626e-01,2.968750095004e-01,4.533648399118e-02
4.854910869627e-01,2.656250085005e-01,4.910663453537e-02
4.854910869627e-01,2.343750075005e-01,5.237276225556e-02
4.854910869628e-01,2.031250065004e-01,5.522949179820e-02
4.854910869628e-01,1.718750055003e-01,5.774915753883e-02
4.854910869628e-01,1.406250045003e-01,5.998800209286e-02
4.854910869629e-01,1.093750035002e-01,6.199041537484e-02
4.854910869629e-01,7.812500250011e-02,6.379190068883e-02
4.854910869630e-01,4.687500150007e-02,6.542119257035e-02
4.854910869630e-01,1.562500050003e-02,6.690179651847e-02
5.156250164989e-01,9.725358771015e+00,1.604925398683e-15
5.156250164989e-01,9.750372122878e+00,1.009257272238e-02
5.156250164990e-01,9.775385474741e+00,1.830155483979e-02
5.156250164990e-01,9.800398826604e+00,2.510906521339e-02
5.156250164991e-01,9.825412178467e+00,3.084562229259e-02
5.156250164991e-01,9.850425530329e+00,3.574538896737e-02
5.156250164992e-01,9.875438882192e+00,3.997890032054e-02
5.156250164992e-01,9.900452234055e+00,4.367330048528e-02
5.156250164993e-01,9.925465585918e+00,4.692531780815e-02
5.156250164993e-01,9.950478937781e+00,4.980984680762e-02
5.156250164994e-01,9.975492289643e+00,5.238577961824e-02
5.156250164995e-01,1.000050564151e+01,5.470006323139e-02
5.156250164995e-01,1.002551899337e+01,5.679058190307e-02
5.156250164996e-01,1.005053234523e+01,5.868824334482e-02
5.156250164996e-01,1.007554569710e+01,6.041851400260e-02
5.156250164997e-01,1.010055904896e+01,6.200256599790e-02
5.156250164997e-01,1.012557240082e+01,6.345814569372e-02
5.156250164998e-01,1.015058575268e+01,6.480023964626e-02
5.156250164998e-01,1.017559910455e+01,6.604159102095e-02
5.156250164999e-01,1.020061245641e+01,6.719310423308e-02
5.156250164999e-01,1.022562580827e+01,6.719310423320e-02
5.156250165000e-01,1.025063916013e+01,6.604159102106e-02
5.156250165000e-01,1.027565251200e+01,6.480023964638e-02
5.156250165001e-01,1.030066586386e+01,6.345814569383e-02
5.156250165001e-01,1.032567921572e+01,6.200256599802e-02
5.156250165002e-01,1.035069256759e+01,6.041851400271e-02
5.156250165003e-01,1.037570591945e+01,5.868824334492e-02
5.156250165003e-01,1.040071927131e+01,5.679058190318e-02
5.156250165003e-01,1.042573262318e+01,5.470006323150e-02
5.156250165004e-01,1.045074597504e+01,5.238577961834e-02
5.156250165005e-01,1.047575932690e+01,4.980984680773e-02
5.156250165005e-01,1.050077267876e+01,4.692531780825e-02
5.156250165006e-01,1.052578603063e+01,4.367330048536e-02
5.156250165006e-01,1.055079938249e+01,3.997890032064e-02
5.156250165007e-01,1.057581273435e+01,3.574538896747e-02
5.156250165007e-01,1.060082608622e+01,3.084562229266e-02
5.156250165008e-01,1.062583943808e+01,2.510906521343e-02
5.156250165008e-01,1.065085278994e+01,1.830155483979e-02
5.156250165009e-01,1.067586614181e+01,1.009257272238e-02
5.156250165009e-01,1.070087949367e+01,1.653895261958e-15
5.189732308908e-01,4.843750155000e-01,4.693886055528e-15
5.189732308909e-01,4.531250145001e-01,1.229352486008e-02
5.189732308909e-01,4.218750135001e-01,2.184800816993e-02
5.189732308910e-01,3.906250125002e-01,2.948678607985e-02
5.189732308910e-01,3.593750115003e-01,3.573326401579e-02
5.189732308911e-01,3.281250105004e-01,4.093609285416e-02
5.189732308911e-01,2.968750095004e-01,4.533648399118e-02
5.189732308911e-01,2.656250085005e-01,4.910663453537e-02
5.189732308912e-01,2.343750075005e-01,5.237276225556e-02
5.189732308912e-01,2.031250065004e-01,5.522949179820e-02
5.189732308913e-01,1.718750055003e-01,5.774915753883e-02
5.189732308913e-01,1.406250045003e-01,5.998800209286e-02
5.189732308914e-01,1.093750035002e-01,6.199041537484e-02
5.189732308914e-01,7.812500250011e-02,6.379190068883e-02
5.189732308914e-01,4.687500150007e-02,6.542119257035e-02
5.189732308915e-01,1.562500050003e-02,6.690179651847e-02
5.468750174988e-01,9.725369873478e+00,1.440344413139e-15
5.468750174988e-01,9.750382944266e+00,1.009247098369e-02
5.468750174989e-01,9.775396015054e+00,1.830138756809e-02
5.468750174989e-01,9.800409085841e+00,2.510885531642e-02
5.468750174990e-01,9.825422156629e+00,3.084538472941e-02
5.468750174991e-01,9.850435227417e+00,3.574513375389e-02
5.468750174991e-01,9.875448298205e+00,3.997863429614e-02
5.468750174992e-01,9.900461368993e+00,4.367302839159e-02
5.468750174992e-01,9.925474439780e+00,4.692504296912e-02
5.468750174993e-01,9.950487510568e+00,4.980957157025e-02
5.468750174993e-01,9.975500581356e+00,5.238550564512e-02
5.468750174994e-01,1.000051365214e+01,5.469979169882e-02
5.468750174995e-01,1.002552672293e+01,5.679031363784e-02
5.468750174995e-01,1.005053979372e+01,5.868797892001e-02
5.468750174996e-01,1.007555286451e+01,6.041825380577e-02
5.468750174996e-01,1.010056593530e+01,6.200231028005e-02
5.468750174997e-01,1.012557900608e+01,6.345789460499e-02
5.468750174998e-01,1.015059207687e+01,6.479999326213e-02
5.468750174998e-01,1.017560514766e+01,6.604134936164e-02
5.468750174999e-01,1.020061821845e+01,6.719286727805e-02
5.468750174999e-01,1.022563128924e+01,6.719286727816e-02
5.468750175000e-01,1.025064436002e+01,6.604134936176e-02
5.468750175000e-01,1.027565743081e+01,6.479999326225e-02
5.468750175001e-01,1.030067050160e+01,6.345789460510e-02
5.468750175002e-01,1.032568357239e+01,6.200231028016e-02
5.468750175002e-01,1.035069664318e+01,6.041825380588e-02
5.468750175003e-01,1.037570971396e+01,5.868797892012e-02
5.468750175003e-01,1.040072278475e+01,5.679031363794e-02
5.468750175004e-01,1.042573585554e+01,5.469979169893e-02
5.468750175004e-01,1.045074892633e+01,5.238550564522e-02
5.468750175005e-01,1.047576199712e+01,4.980957157035e-02
5.468750175006e-01,1.050077506790e+01,4.692504296921e-02
5.468750175006e-01,1.052578813869e+01,4.367302839165e-02
5.468750175007e-01,1.055080120948e+01,3.997863429622e-02
5.468750175007e-01,1.057581428027e+01,3.574513375397e-02
5.468750175008e-01,1.060082735105e+01,3.084538472948e-02
5.468750175008e-01,1.062584042184e+01,2.510885531646e-02
5.468750175009e-01,1.065085349263e+01,1.830138756809e-02
5.468750175010e-01,1.067586656342e+01,1.009247098369e-02
5.468750175010e-01,1.070087963421e+01,8.005182751141e-16
5.524553748193e-01,4.843750155000e-01,3.495536231057e-15
5.524553748193e-01,4.531250145001e-01,1.229352486008e-02
5.524553748194e-01,4.218750135001e-01,2.184800816993e-02
5.524553748194e-01,3.906250125002e-01,2.948678607985e-02
5.524553748195e-01,3.593750115003e-01,3.573326401579e-02
5.524553748195e-01,3.281250105004e-01,4.093609285416e-02
5.524553748196e-01,2.968750095004e-01,4.533648399118e-02
5.524553748196e-01,2.656250085005e-01,4.910663453537e-02
5.524553748197e-01,2.343750075005e-01,5.237276225556e-02
5.524553748197e-01,2.031250065004e-01,5.522949179820e-02
5.524553748197e-01,1.718750055003e-01,5.774915753883e-02
5.524553748198e-01,1.406250045003e-01,5.998800209286e-02
5.524553748198e-01,1.093750035002e-01,6.199041537484e-02
5.524553748199e-01,7.812500250011e-02,6.379190068883e-02
5.524553748199e-01,4.687500150007e-02,6.542119257035e-02
5.524553748200e-01,1.562500050003e-02,6.690179651847e-02
5.781250184987e-01,9.725380975941e+00,5.992194964501e-16
5.781250184987e-01,9.750393765654e+00,1.009236924476e-02
5.781250184988e-01,9.775406555366e+00,1.830122029569e-02
5.781250184989e-01,9.800419345079e+00,2.510864541824e-02
5.781250184989e-01,9.825432134792e+00,3.084514716458e-02
5.781250184990e-01,9.850444924505e+00,3.574487853832e-02
5.781250184991e-01,9.875457714218e+00,3.997836826928e-02
5.781250184991e-01,9.900470503930e+00,4.367275629516e-02
5.781250184992e-01,9.925483293643e+00,4.692476812712e-02
5.781250184992e-01,9.950496083356e+00,4.980929632975e-02
5.781250184993e-01,9.975508873069e+00,5.238523166871e-02
5.781250184994e-01,1.000052166278e+01,5.469952016284e-02
5.781250184994e-01,1.002553445250e+01,5.679004536911e-02
5.781250184995e-01,1.005054724221e+01,5.868771449166e-02
5.781250184996e-01,1.007556003192e+01,6.041799360534e-02
5.781250184996e-01,1.010057282163e+01,6.200205455856e-02
5.781250184997e-01,1.012558561135e+01,6.345764351259e-02
5.781250184997e-01,1.015059840106e+01,6.479974687433e-02
5.781250184998e-01,1.017561119077e+01,6.604110769867e-02
5.781250184999e-01,1.020062398048e+01,6.719263031935e-02
5.781250184999e-01,1.022563677020e+01,6.719263031946e-02
5.781250185000e-01,1.025064955991e+01,6.604110769879e-02
5.781250185000e-01,1.027566234962e+01,6.479974687445e-02
5.781250185001e-01,1.030067513934e+01,6.345764351270e-02
5.781250185002e-01,1.032568792905e+01,6.200205455866e-02
5.781250185002e-01,1.035070071876e+01,6.041799360544e-02
5.781250185003e-01,1.037571350848e+01,5.868771449176e-02
5.781250185004e-01,1.040072629819e+01,5.679004536921e-02
5.781250185004e-01,1.042573908790e+01,5.469952016294e-02
5.781250185005e-01,1.045075187761e+01,5.238523166880e-02
5.781250185005e-01,1.047576466733e+01,4.980929632984e-02
5.781250185006e-01,1.050077745704e+01,4.692476812721e-02
5.781250185007e-01,1.052579024675e+01,4.367275629522e-02
5.781250185007e-01,1.055080303647e+01,3.997836826936e-02
5.781250185008e-01,1.057581582618e+01,3.574487853837e-02
5.781250185008e-01,1.060082861589e+01,3.084514716462e-02
5.781250185009e-01,1.062584140560e+01,2.510864541827e-02
5.781250185010e-01,1.065085419532e+01,1.830122029569e-02
5.781250185010e-01,1.067586698503e+01,1.009236924476e-02
5.781250185011e-01,1.070087977474e+01,1.399070236569e-15
5.859375187477e-01,4.843750155000e-01,3.046953232717e-15
5.859375187478e-01,4.531250145001e-01,1.229352486008e-02
5.859375187478e-01,4.218750135001e-01,2.184800816993e-02
5.859375187479e-01,3.906250125002e-01,2.948678607985e-02
5.859375187479e-01,3.593750115003e-01,3.573326401579e-02
5.859375187480e-01,3.281250105004e-01,4.093609285416e-02
5.859375187480e-01,2.968750095004e-01,4.533648399118e-02
5.859375187481e-01,2.656250085005e-01,4.910663453537e-02
5.859375187481e-01,2.343750075005e-01,5.237276225556e-02
5.859375187482e-01,2.031250065004e-01,5.522949179820e-02
5.859375187482e-01,1.718750055003e-01,5.774915753883e-02
5.859375187482e-01,1.406250045003e-01,5.998800209286e-02
5.859375187483e-01,1.093750035002e-01,6.199041537484e-02
5.859375187483e-01,7.812500250011e-02,6.379190068883e-02
5.859375187484e-01,4.687500150007e-02,6.542119257035e-02
5.859375187484e-01,1.562500050003e-02,6.690179651847e-02
6.093750194986e-01,9.725392078404e+00,4.494146223376e-16
6.093750194987e-01,9.750404587041e+00,1.009226750559e-02
6.093750194987e-01,9.775417095679e+00,1.830105302259e-02
6.093750194988e-01,9.800429604317e+00,2.510843551884e-02
6.093750194989e-01,9.825442112955e+00,3.084490959806e-02
6.093750194989e-01,9.850454621593e+00,3.574462332063e-02
6.093750194990e-01,9.875467130230e+00,3.997810224000e-02
6.093750194991e-01,9.900479638868e+00,4.367248419601e-02
6.093750194991e-01,9.925492147506e+00,4.692449328217e-02
6.093750194992e-01,9.950504656144e+00,4.980902108609e-02
6.093750194993e-01,9.975517164782e+00,5.238495768899e-02
6.093750194993e-01,1.000052967342e+01,5.469924862345e-02
6.093750194994e-01,1.002554218206e+01,5.678977709689e-02
6.093750194995e-01,1.005055469069e+01,5.868745005974e-02
6.093750194995e-01,1.007556719933e+01,6.041773340129e-02
6.093750194996e-01,1.010057970797e+01,6.200179883342e-02
6.093750194997e-01,1.012559221661e+01,6.345739241653e-02
6.093750194997e-01,1.015060472525e+01,6.479950048287e-02
6.093750194998e-01,1.017561723388e+01,6.604086603203e-02
6.093750194998e-01,1.020062974252e+01,6.719239335699e-02
6.093750194999e-01,1.022564225116e+01,6.719239335710e-02
6.093750195000e-01,1.025065475980e+01,6.604086603214e-02
6.093750195001e-01,1.027566726844e+01,6.479950048297e-02
6.093750195001e-01,1.030067977707e+01,6.345739241664e-02
6.093750195002e-01,1.032569228571e+01,6.200179883352e-02
6.093750195002e-01,1.035070479435e+01,6.041773340139e-02
6.093750195003e-01,1.037571730299e+01,5.868745005983e-02
6.093750195004e-01,1.040072981163e+01,5.678977709699e-02
6.093750195004e-01,1.042574232026e+01,5.469924862355e-02
6.093750195005e-01,1.045075482890e+01,5.238495768907e-02
6.093750195006e-01,1.047576733754e+01,4.980902108618e-02
6.093750195006e-01,1.050077984618e+01,4.692449328225e-02
6.093750195007e-01,1.052579235482e+01,4.367248419607e-02
6.093750195008e-01,1.055080486345e+01,3.997810224007e-02
6.093750195008e-01,1.057581737209e+01,3.574462332069e-02
6.093750195009e-01,1.060082988073e+01,3.084490959810e-02
6.093750195010e-01,1.062584238937e+01,2.510843551888e-02
6.093750195010e-01,1.065085489801e+01,1.830105302259e-02
6.093750195011e-01,1.067586740664e+01,1.009226750559e-02
6.093750195012e-01,1.070087991528e+01,1.597918657201e-15
6.194196626762e-01,4.843750155000e-01,1.897528405426e-15
6.194196626762e-01,4.531250145001e-01,1.229352486008e-02
6.194196626763e-01,4.218750135001e-01,2.184800816993e-02
6.194196626763e-01,3.906250125002e-01,2.948678607985e-02
6.194196626764e-01,3.593750115003e-01,3.573326401579e-02
6.194196626764e-01,3.281250105004e-01,4.093609285416e-02
6.194196626765e-01,2.968750095004e-01,4.533648399118e-02
6.194196626765e-01,2.656250085005e-01,4.910663453537e-02
6.194196626766e-01,2.343750075005e-01,5.237276225556e-02
6.194196626766e-01,2.031250065004e-01,5.522949179820e-02
6.194196626767e-01,1.718750055003e-01,5.774915753883e-02
6.194196626767e-01,1.406250045003e-01,5.998800209286e-02
6.194196626768e-01,1.093750035002e-01,6.199041537484e-02
6.194196626768e-01,7.812500250011e-02,6.379190068883e-02
6.194196626769e-01,4.687500150007e-02,6.542119257035e-02
6.194196626769e-01,1.562500050003e-02,6.690179651847e-02
6.406250204985e-01,9.725403180866e+00,8.720765507877e-16
6.406250204986e-01,9.750415408429e+00,1.009216576619e-02
6.406250204987e-01,9.775427635992e+00,1.830088574879e-02
6.406250204987e-01,9.800439863555e+00,2.510822561825e-02
6.406250204988e-01,9.825452091118e+00,3.084467202984e-02
6.406250204989e-01,9.850464318680e+00,3.574436810086e-02
6.406250204989e-01,9.875476546243e+00,3.997783620827e-02
6.406250204990e-01,9.900488773806e+00,4.367221209413e-02
6.406250204991e-01,9.925501001369e+00,4.692421843426e-02
6.406250204992e-01,9.950513228932e+00,4.980874583928e-02
6.406250204992e-01,9.975525456494e+00,5.238468370599e-02
6.406250204993e-01,1.000053768406e+01,5.469897708065e-02
6.406250204994e-01,1.002554991162e+01,5.678950882116e-02
6.406250204994e-01,1.005056213918e+01,5.868718562425e-02
6.406250204995e-01,1.007557436675e+01,6.041747319363e-02
6.406250204996e-01,1.010058659431e+01,6.200154310464e-02
6.406250204996e-01,1.012559882187e+01,6.345714131681e-02
6.406250204997e-01,1.015061104943e+01,6.479925408773e-02
6.406250204998e-01,1.017562327700e+01,6.604062436172e-02
6.406250204999e-01,1.020063550456e+01,6.719215639097e-02
6.406250204999e-01,1.022564773212e+01,6.719215639108e-02
6.406250205000e-01,1.025065995969e+01,6.604062436183e-02
6.406250205001e-01,1.027567218725e+01,6.479925408783e-02
6.406250205001e-01,1.030068441481e+01,6.345714131692e-02
6.406250205002e-01,1.032569664238e+01,6.200154310474e-02
6.406250205003e-01,1.035070886994e+01,6.041747319373e-02
6.406250205003e-01,1.037572109750e+01,5.868718562434e-02
6.406250205004e-01,1.040073332506e+01,5.678950882126e-02
6.406250205005e-01,1.042574555263e+01,5.469897708075e-02
6.406250205006e-01,1.045075778019e+01,5.238468370606e-02
6.406250205006e-01,1.047577000775e+01,4.980874583937e-02
6.406250205007e-01,1.050078223532e+01,4.692421843433e-02
6.406250205008e-01,1.052579446288e+01,4.367221209419e-02
6.406250205008e-01,1.055080669044e+01,3.997783620833e-02
6.406250205009e-01,1.057581891800e+01,3.574436810093e-02
6.406250205010e-01,1.060083114557e+01,3.084467202988e-02
6.406250205010e-01,1.062584337313e+01,2.510822561827e-02
6.406250205011e-01,1.065085560069e+01,1.830088574879e-02
6.406250205012e-01,1.067586782826e+01,1.009216576619e-02
6.406250205013e-01,1.070088005582e+01,1.061631770183e-15
6.529018066046e-01,4.843750155000e-01,1.249372250938e-15
6.529018066047e-01,4.531250145001e-01,1.229352486008e-02
6.529018066047e-01,4.218750135001e-01,2.184800816993e-02
6.529018066048e-01,3.906250125002e-01,2.948678607985e-02
6.529018066048e-01,3.593750115003e-01,3.573326401579e-02
6.529018066049e-01,3.281250105004e-01,4.093609285416e-02
6.529018066049e-01,2.968750095004e-01,4.533648399118e-02
6.529018066050e-01,2.656250085005e-01,4.910663453537e-02
6.529018066050e-01,2.343750075005e-01,5.237276225556e-02
6.529018066051e-01,2.031250065004e-01,5.522949179821e-02
6.529018066051e-01,1.718750055003e-01,5.774915753883e-02
6.529018066052e-01,1.406250045003e-01,5.998800209286e-02
6.529018066052e-01,1.093750035002e-01,6.199041537484e-02
6.529018066053e-01,7.812500250011e-02,6.379190068883e-02
6.529018066053e-01,4.687500150007e-02,6.542119257035e-02
6.529018066054e-01,1.562500050003e-02,6.690179651847e-02
6.718750214985e-01,9.725414283329e+00,8.128822233664e-16
6.718750214985e-01,9.750426229817e+00,1.009206402655e-02
6.718750214986e-01,9.775438176305e+00,1.830071847428e-02
6.718750214987e-01,9.800450122793e+00,2.510801571644e-02
6.718750214987e-01,9.825462069280e+00,3.084443445996e-02
6.718750214988e-01,9.850474015768e+00,3.574411287901e-02
6.718750214989e-01,9.875485962256e+00,3.997757017411e-02
6.718750214990e-01,9.900497908744e+00,4.367193998952e-02
6.718750214990e-01,9.925509855231e+00,4.692394358338e-02
6.718750214991e-01,9.950521801719e+00,4.980847058933e-02
6.718750214992e-01,9.975533748207e+00,5.238440971968e-02
6.718750214993e-01,1.000054569470e+01,5.469870553445e-02
6.718750214993e-01,1.002555764118e+01,5.678924054194e-02
6.718750214994e-01,1.005056958767e+01,5.868692118520e-02
6.718750214995e-01,1.007558153416e+01,6.041721298236e-02
6.718750214996e-01,1.010059348065e+01,6.200128737222e-02
6.718750214996e-01,1.012560542713e+01,6.345689021343e-02
6.718750214997e-01,1.015061737362e+01,6.479900768891e-02
6.718750214998e-01,1.017562932011e+01,6.604038268774e-02
6.718750214998e-01,1.020064126660e+01,6.719191942129e-02
6.718750214999e-01,1.022565321309e+01,6.719191942139e-02
6.718750215000e-01,1.025066515957e+01,6.604038268784e-02
6.718750215001e-01,1.027567710606e+01,6.479900768902e-02
6.718750215001e-01,1.030068905255e+01,6.345689021353e-02
6.718750215002e-01,1.032570099904e+01,6.200128737231e-02
6.718750215003e-01,1.035071294553e+01,6.041721298245e-02
6.718750215004e-01,1.037572489201e+01,5.868692118528e-02
6.718750215004e-01,1.040073683850e+01,5.678924054203e-02
6.718750215005e-01,1.042574878499e+01,5.469870553453e-02
6.718750215006e-01,1.045076073148e+01,5.238440971976e-02
6.718750215007e-01,1.047577267797e+01,4.980847058942e-02
6.718750215007e-01,1.050078462445e+01,4.692394358346e-02
6.718750215008e-01,1.052579657094e+01,4.367193998958e-02
6.718750215009e-01,1.055080851743e+01,3.997757017417e-02
6.718750215009e-01,1.057582046392e+01,3.574411287906e-02
6.718750215010e-01,1.060083241040e+01,3.084443446000e-02
6.718750215011e-01,1.062584435689e+01,2.510801571646e-02
6.718750215012e-01,1.065085630338e+01,1.830071847428e-02
6.718750215012e-01,1.067586824987e+01,1.009206402655e-02
6.718750215013e-01,1.070088019636e+01,9.166839758215e-16
6.863839505331e-01,4.843750155000e-01,1.498256789004e-15
6.863839505331e-01,4.531250145001e-01,1.229352486008e-02
6.863839505332e-01,4.218750135001e-01,2.184800816993e-02
6.863839505332e-01,3.906250125002e-01,2.948678607985e-02
6.863839505333e-01,3.593750115003e-01,3.573326401579e-02
6.863839505333e-01,3.281250105004e-01,4.093609285416e-02
6.863839505334e-01,2.968750095004e-01,4.533648399118e-02
6.863839505334e-01,2.656250085005e-01,4.910663453537e-02
6.863839505335e-01,2.343750075005e-01,5.237276225556e-02
6.863839505335e-01,2.031250065004e-01,5.522949179821e-02
6.863839505336e-01,1.718750055003e-01,5.774915753883e-02
6.863839505336e-01,1.406250045003e-01,5.998800209286e-02
6.863839505337e-01,1.093750035002e-01,6.199041537484e-02
6.863839505338e-01,7.812500250011e-02,6.379190068883e-02
6.863839505338e-01,4.687500150007e-02,6.542119257035e-02
6.863839505339e-01,1.562500050003e-02,6.690179651847e-02
7.031250224984e-01,9.725425385792e+00,7.989593286001e-16
7.031250224984e-01,9.750437051205e+00,1.009196228668e-02
7.031250224985e-01,9.775448716618e+00,1.830055119908e-02
7.031250224986e-01,9.800460382031e+00,2.510780581342e-02
7.031250224987e-01,9.825472047443e+00,3.084419688838e-02
7.031250224988e-01,9.850483712856e+00,3.574385765505e-02
7.031250224988e-01,9.875495378269e+00,3.997730413749e-02
7.031250224989e-01,9.900507043682e+00,4.367166788220e-02
7.031250224990e-01,9.925518709094e+00,4.692366872955e-02
7.031250224991e-01,9.950530374507e+00,4.980819533624e-02
7.031250224991e-01,9.975542039920e+00,5.238413573008e-02
7.031250224992e-01,1.000055370533e+01,5.469843398483e-02
7.031250224993e-01,1.002556537075e+01,5.678897225921e-02
7.031250224994e-01,1.005057703616e+01,5.868665674258e-02
7.031250224995e-01,1.007558870157e+01,6.041695276748e-02
7.031250224995e-01,1.010060036698e+01,6.200103163615e-02
7.031250224996e-01,1.012561203240e+01,6.345663910639e-02
7.031250224997e-01,1.015062369781e+01,6.479876128643e-02
7.031250224998e-01,1.017563536322e+01,6.604014101009e-02
7.031250224998e-01,1.020064702864e+01,6.719168244794e-02
7.031250224999e-01,1.022565869405e+01,6.719168244804e-02
7.031250225000e-01,1.025067035946e+01,6.604014101019e-02
7.031250225001e-01,1.027568202487e+01,6.479876128653e-02
7.031250225002e-01,1.030069369029e+01,6.345663910649e-02
7.031250225002e-01,1.032570535570e+01,6.200103163624e-02
7.031250225003e-01,1.035071702111e+01,6.041695276756e-02
7.031250225004e-01,1.037572868653e+01,5.868665674266e-02
7.031250225005e-01,1.040074035194e+01,5.678897225930e-02
7.031250225005e-01,1.042575201735e+01,5.469843398491e-02
7.031250225006e-01,1.045076368277e+01,5.238413573016e-02
7.031250225007e-01,1.047577534818e+01,4.980819533632e-02
7.031250225008e-01,1.050078701359e+01,4.692366872962e-02
7.031250225009e-01,1.052579867900e+01,4.367166788224e-02
7.031250225009e-01,1.055081034442e+01,3.997730413756e-02
7.031250225010e-01,1.057582200983e+01,3.574385765510e-02
7.031250225011e-01,1.060083367524e+01,3.084419688842e-02
7.031250225012e-01,1.062584534065e+01,2.510780581345e-02
7.031250225012e-01,1.065085700607e+01,1.830055119908e-02
7.031250225013e-01,1.067586867148e+01,1.009196228668e-02
7.031250225014e-01,1.070088033689e+01,1.278958960421e-15
7.198660944615e-01,4.843750155000e-01,2.197280009748e-15
7.198660944616e-01,4.531250145001e-01,1.229352486008e-02
7.198660944616e-01,4.218750135001e-01,2.184800816993e-02
7.198660944617e-01,3.906250125002e-01,2.948678607985e-02
7.198660944617e-01,3.593750115003e-01,3.573326401579e-02
7.198660944618e-01,3.281250105004e-01,4.093609285416e-02
7.198660944618e-01,2.968750095004e-01,4.533648399118e-02
7.198660944619e-01,2.656250085005e-01,4.910663453537e-02
7.198660944619e-01,2.343750075005e-01,5.237276225556e-02
7.198660944620e-01,2.031250065004e-01,5.522949179821e-02
7.198660944620e-01,1.718750055003e-01,5.774915753883e-02
7.198660944621e-01,1.406250045003e-01,5.998800209286e-02
7.198660944622e-01,1.093750035002e-01,6.199041537484e-02
7.198660944622e-01,7.812500250011e-02,6.379190068883e-02
7.198660944623e-01,4.687500150007e-02,6.542119257035e-02
7.198660944623e-01,1.562500050003e-02,6.690179651847e-02
7.343750234983e-01,9.725436488255e+00,2.496747901876e-16
7.343750234984e-01,9.750447872593e+00,1.009186054657e-02
7.343750234985e-01,9.775459256931e+00,1.830038392317e-02
7.343750234985e-01,9.800470641268e+00,2.510759590920e-02
7.343750234986e-01,9.825482025606e+00,3.084395931514e-02
7.343750234987e-01,9.850493409944e+00,3.574360242901e-02
7.343750234988e-01,9.875504794282e+00,3.997703809845e-02
7.343750234989e-01,9.900516178619e+00,4.367139577214e-02
7.343750234990e-01,9.925527562957e+00,4.692339387276e-02
7.343750234990e-01,9.950538947295e+00,4.980792007999e-02
7.343750234991e-01,9.975550331633e+00,5.238386173720e-02
7.343750234992e-01,1.000056171597e+01,5.469816243180e-02
7.343750234993e-01,1.002557310031e+01,5.678870397299e-02
7.343750234994e-01,1.005058448465e+01,5.868639229640e-02
7.343750234994e-01,1.007559586898e+01,6.041669254898e-02
7.343750234995e-01,1.010060725332e+01,6.200077589643e-02
7.343750234996e-01,1.012561863766e+01,6.345638799568e-02
7.343750234997e-01,1.015063002200e+01,6.479851488028e-02
7.343750234998e-01,1.017564140634e+01,6.603989932876e-02
7.343750234998e-01,1.020065279067e+01,6.719144547093e-02
7.343750234999e-01,1.022566417501e+01,6.719144547102e-02
7.343750235000e-01,1.025067555935e+01,6.603989932886e-02
7.343750235001e-01,1.027568694369e+01,6.479851488037e-02
7.343750235002e-01,1.030069832802e+01,6.345638799577e-02
7.343750235002e-01,1.032570971236e+01,6.200077589652e-02
7.343750235003e-01,1.035072109670e+01,6.041669254906e-02
7.343750235004e-01,1.037573248104e+01,5.868639229647e-02
7.343750235005e-01,1.040074386538e+01,5.678870397308e-02
7.343750235006e-01,1.042575524971e+01,5.469816243188e-02
7.343750235007e-01,1.045076663405e+01,5.238386173726e-02
7.343750235007e-01,1.047577801839e+01,4.980792008007e-02
7.343750235008e-01,1.050078940273e+01,4.692339387282e-02
7.343750235009e-01,1.052580078707e+01,4.367139577218e-02
7.343750235010e-01,1.055081217140e+01,3.997703809850e-02
7.343750235011e-01,1.057582355574e+01,3.574360242905e-02
7.343750235012e-01,1.060083494008e+01,3.084395931516e-02
7.343750235012e-01,1.062584632442e+01,2.510759590922e-02
7.343750235013e-01,1.065085770875e+01,1.830038392317e-02
7.343750235014e-01,1.067586909309e+01,1.009186054657e-02
7.343750235015e-01,1.070088047743e+01,5.501237125883e-15
7.533482383899e-01,4.843750155000e-01,2.796357650101e-15
7.533482383900e-01,4.531250145001e-01,1.229352486008e-02
7.533482383901e-01,4.218750135001e-01,2.184800816993e-02
7.533482383901e-01,3.906250125002e-01,2.948678607985e-02
7.533482383902e-01,3.593750115003e-01,3.573326401579e-02
7.533482383902e-01,3.281250105004e-01,4.093609285416e-02
7.533482383903e-01,2.968750095004e-01,4.533648399118e-02
7.533482383903e-01,2.656250085005e-01,4.910663453537e-02
7.533482383904e-01,2.343750075005e-01,5.237276225556e-02
7.533482383905e-01,2.031250065004e-01,5.522949179821e-02
7.533482383905e-01,1.718750055003e-01,5.774915753883e-02
7.533482383906e-01,1.406250045002e-01,5.998800209286e-02
7.533482383906e-01,1.093750035002e-01,6.199041537484e-02
7.533482383907e-01,7.812500250011e-02,6.379190068883e-02
7.533482383908e-01,4.687500150007e-02,6.542119257035e-02
7.533482383908e-01,1.562500050003e-02,6.690179651847e-02
7.656250244982e-01,9.725447590718e+00,1.706577873979e-15
7.656250244983e-01,9.750458693981e+00,1.009175880623e-02
7.656250244984e-01,9.775469797243e+00,1.830021664656e-02
7.656250244985e-01,9.800480900506e+00,2.510738600377e-02
7.656250244985e-01,9.825492003769e+00,3.084372174020e-02
7.656250244986e-01,9.850503107031e+00,3.574334720089e-02
7.656250244987e-01,9.875514210294e+00,3.997677205696e-02
7.656250244988e-01,9.900525313557e+00,4.367112365937e-02
7.656250244989e-01,9.925536416820e+00,4.692311901301e-02
7.656250244990e-01,9.950547520083e+00,4.980764482060e-02
7.656250244991e-01,9.975558623345e+00,5.238358774101e-02
7.656250244992e-01,1.000056972661e+01,5.469789087536e-02
7.656250244992e-01,1.002558082987e+01,5.678843568328e-02
7.656250244993e-01,1.005059193313e+01,5.868612784665e-02
7.656250244994e-01,1.007560303640e+01,6.041643232687e-02
7.656250244995e-01,1.010061413966e+01,6.200052015308e-02
7.656250244996e-01,1.012562524292e+01,6.345613688131e-02
7.656250244997e-01,1.015063634618e+01,6.479826847045e-02
7.656250244998e-01,1.017564744945e+01,6.603965764377e-02
7.656250244998e-01,1.020065855271e+01,6.719120849025e-02
7.656250244999e-01,1.022566965597e+01,6.719120849035e-02
7.656250245000e-01,1.025068075924e+01,6.603965764387e-02
7.656250245001e-01,1.027569186250e+01,6.479826847054e-02
7.656250245002e-01,1.030070296576e+01,6.345613688140e-02
7.656250245003e-01,1.032571406903e+01,6.200052015316e-02
7.656250245003e-01,1.035072517229e+01,6.041643232695e-02
7.656250245004e-01,1.037573627555e+01,5.868612784672e-02
7.656250245005e-01,1.040074737881e+01,5.678843568335e-02
7.656250245006e-01,1.042575848208e+01,5.469789087543e-02
7.656250245007e-01,1.045076958534e+01,5.238358774107e-02
7.656250245008e-01,1.047578068860e+01,4.980764482067e-02
7.656250245009e-01,1.050079179187e+01,4.692311901305e-02
7.656250245010e-01,1.052580289513e+01,4.367112365940e-02
7.656250245010e-01,1.055081399839e+01,3.997677205701e-02
7.656250245011e-01,1.057582510165e+01,3.574334720092e-02
7.656250245012e-01,1.060083620492e+01,3.084372174024e-02
7.656250245013e-01,1.062584730818e+01,2.510738600379e-02
7.656250245014e-01,1.065085841144e+01,1.830021664656e-02
7.656250245015e-01,1.067586951471e+01,1.009175880623e-02
7.656250245016e-01,1.070088061797e+01,1.440344413139e-15
7.868303823184e-01,4.843750155000e-01,1.348475027558e-15
7.868303823184e-01,4.531250145001e-01,1.229352486008e-02
7.868303823185e-01,4.218750135001e-01,2.184800816993e-02
7.868303823185e-01,3.906250125002e-01,2.948678607985e-02
7.868303823186e-01,3.593750115003e-01,3.573326401579e-02
7.868303823187e-01,3.281250105004e-01,4.093609285416e-02
7.868303823187e-01,2.968750095004e-01,4.533648399118e-02
7.868303823188e-01,2.656250085005e-01,4.910663453537e-02
7.868303823189e-01,2.343750075005e-01,5.237276225556e-02
7.868303823189e-01,2.031250065004e-01,5.522949179821e-02
7.868303823190e-01,1.718750055003e-01,5.774915753883e-02
7.868303823190e-01,1.406250045002e-01,5.998800209286e-02
7.868303823191e-01,1.093750035002e-01,6.199041537484e-02
7.868303823192e-01,7.812500250011e-02,6.379190068883e-02
7.868303823192e-01,4.687500150007e-02,6.542119257035e-02
7.868303823193e-01,1.562500050003e-02,6.690179651847e-02
7.968750254981e-01,9.725458693181e+00,1.674124857485e-15
7.968750254982e-01,9.750469515368e+00,1.009165706565e-02
7.968750254983e-01,9.775480337556e+00,1.830004936924e-02
7.968750254984e-01,9.800491159744e+00,2.510717609712e-02
7.968750254985e-01,9.825501981932e+00,3.084348416360e-02
7.968750254986e-01,9.850512804119e+00,3.574309197065e-02
7.968750254987e-01,9.875523626307e+00,3.997650601304e-02
7.968750254988e-01,9.900534448495e+00,4.367085154385e-02
7.968750254989e-01,9.925545270683e+00,4.692284415029e-02
7.968750254989e-01,9.950556092870e+00,4.980736955807e-02
7.968750254990e-01,9.975566915058e+00,5.238331374153e-02
7.968750254991e-01,1.000057773725e+01,5.469761931551e-02
7.968750254992e-01,1.002558855943e+01,5.678816739006e-02
7.968750254993e-01,1.005059938162e+01,5.868586339334e-02
7.968750254994e-01,1.007561020381e+01,6.041617210115e-02
7.968750254995e-01,1.010062102600e+01,6.200026440608e-02
7.968750254996e-01,1.012563184818e+01,6.345588576328e-02
7.968750254997e-01,1.015064267037e+01,6.479802205696e-02
7.968750254997e-01,1.017565349256e+01,6.603941595511e-02
7.968750254998e-01,1.020066431475e+01,6.719097150592e-02
7.968750254999e-01,1.022567513694e+01,6.719097150601e-02
7.968750255000e-01,1.025068595912e+01,6.603941595520e-02
7.968750255001e-01,1.027569678131e+01,6.479802205704e-02
7.968750255002e-01,1.030070760350e+01,6.345588576336e-02
7.968750255003e-01,1.032571842569e+01,6.200026440616e-02
7.968750255004e-01,1.035072924788e+01,6.041617210122e-02
7.968750255005e-01,1.037574007006e+01,5.868586339340e-02
7.968750255006e-01,1.040075089225e+01,5.678816739013e-02
7.968750255007e-01,1.042576171444e+01,5.469761931558e-02
7.968750255007e-01,1.045077253663e+01,5.238331374159e-02
7.968750255008e-01,1.047578335882e+01,4.980736955813e-02
7.968750255009e-01,1.050079418100e+01,4.692284415035e-02
7.968750255010e-01,1.052580500319e+01,4.367085154388e-02
7.968750255011e-01,1.055081582538e+01,3.997650601307e-02
7.968750255012e-01,1.057582664757e+01,3.574309197068e-02
7.968750255013e-01,1.060083746975e+01,3.084348416362e-02
7.968750255014e-01,1.062584829194e+01,2.510717609714e-02
7.968750255015e-01,1.065085911413e+01,1.830004936925e-02
7.968750255015e-01,1.067586993632e+01,1.009165706565e-02
7.968750255016e-01,1.070088075851e+01,1.997398321501e-16
8.203125262468e-01,4.843750155000e-01,9.986991607502e-17
8.203125262469e-01,4.531250145001e-01,1.229352486008e-02
8.203125262469e-01,4.218750135001e-01,2.184800816993e-02
8.203125262470e-01,3.906250125002e-01,2.948678607985e-02
8.203125262471e-01,3.593750115003e-01,3.573326401579e-02
8.203125262471e-01,3.281250105004e-01,4.093609285416e-02
8.203125262472e-01,2.968750095004e-01,4.533648399118e-02
8.203125262473e-01,2.656250085005e-01,4.910663453537e-02
8.203125262473e-01,2.343750075005e-01,5.237276225556e-02
8.203125262474e-01,2.031250065004e-01,5.522949179821e-02
8.203125262474e-01,1.718750055003e-01,5.774915753883e-02
8.203125262475e-01,1.406250045002e-01,5.998800209286e-02
8.203125262476e-01,1.093750035002e-01,6.199041537484e-02
8.203125262476e-01,7.812500250011e-02,6.379190068883e-02
8.203125262477e-01,4.687500150007e-02,6.542119257035e-02
8.203125262477e-01,1.562500050003e-02,6.690179651847e-02
8.281250264980e-01,9.725469795643e+00,1.921685081032e-15
8.281250264982e-01,9.750480336756e+00,1.009155532484e-02
8.281250264982e-01,9.775490877869e+00,1.829988209123e-02
8.281250264983e-01,9.800501418982e+00,2.510696618928e-02
8.281250264984e-01,9.825511960094e+00,3.084324658530e-02
8.281250264985e-01,9.850522501207e+00,3.574283673832e-02
8.281250264986e-01,9.875533042320e+00,3.997623996667e-02
8.281250264987e-01,9.900543583433e+00,4.367057942563e-02
8.281250264988e-01,9.925554124545e+00,4.692256928463e-02
8.281250264989e-01,9.950564665658e+00,4.980709429238e-02
8.281250264990e-01,9.975575206771e+00,5.238303973875e-02
8.281250264991e-01,1.000058574788e+01,5.469734775225e-02
8.281250264992e-01,1.002559628900e+01,5.678789909334e-02
8.281250264993e-01,1.005060683011e+01,5.868559893646e-02
8.281250264994e-01,1.007561737122e+01,6.041591187182e-02
8.281250264994e-01,1.010062791233e+01,6.200000865543e-02
8.281250264995e-01,1.012563845345e+01,6.345563464159e-02
8.281250264996e-01,1.015064899456e+01,6.479777563979e-02
8.281250264997e-01,1.017565953567e+01,6.603917426277e-02
8.281250264998e-01,1.020067007679e+01,6.719073451792e-02
8.281250264999e-01,1.022568061790e+01,6.719073451800e-02
8.281250265000e-01,1.025069115901e+01,6.603917426286e-02
8.281250265001e-01,1.027570170012e+01,6.479777563988e-02
8.281250265002e-01,1.030071224124e+01,6.345563464166e-02
8.281250265003e-01,1.032572278235e+01,6.200000865551e-02
8.281250265004e-01,1.035073332346e+01,6.041591187188e-02
8.281250265005e-01,1.037574386458e+01,5.868559893653e-02
8.281250265006e-01,1.040075440569e+01,5.678789909341e-02
8.281250265007e-01,1.042576494680e+01,5.469734775232e-02
8.281250265008e-01,1.045077548792e+01,5.238303973881e-02
8.281250265008e-01,1.047578602903e+01,4.980709429244e-02
8.281250265009e-01,1.050079657014e+01,4.692256928466e-02
8.281250265010e-01,1.052580711125e+01,4.367057942564e-02
8.281250265011e-01,1.055081765237e+01,3.997623996670e-02
8.281250265012e-01,1.057582819348e+01,3.574283673836e-02
8.281250265013e-01,1.060083873459e+01,3.084324658534e-02
8.281250265014e-01,1.062584927571e+01,2.510696618929e-02
8.281250265015e-01,1.065085981682e+01,1.829988209123e-02
8.281250265016e-01,1.067587035793e+01,1.009155532484e-02
8.281250265017e-01,1.070088089904e+01,1.129899118291e-15
8.537946701753e-01,4.843750155000e-01,1.997398321501e-16
8.537946701753e-01,4.531250145001e-01,1.229352486008e-02
8.537946701754e-01,4.218750135001e-01,2.184800816993e-02
8.537946701754e-01,3.906250125002e-01,2.948678607985e-02
8.537946701755e-01,3.593750115003e-01,3.573326401579e-02
8.537946701756e-01,3.281250105004e-01,4.093609285416e-02
8.537946701757e-01,2.968750095004e-01,4.533648399118e-02
8.537946701757e-01,2.656250085005e-01,4.910663453537e-02
8.537946701758e-01,2.343750075005e-01,5.237276225556e-02
8.537946701758e-01,2.031250065004e-01,5.522949179821e-02
8.537946701759e-01,1.718750055003e-01,5.774915753883e-02
8.537946701760e-01,1.406250045002e-01,5.998800209286e-02
8.537946701760e-01,1.093750035002e-01,6.199041537484e-02
8.537946701761e-01,7.812500250011e-02,6.379190068883e-02
8.537946701762e-01,4.687500150007e-02,6.542119257035e-02
8.537946701762e-01,1.562500050003e-02,6.690179651847e-02
8.593750274980e-01,9.725480898106e+00,1.831326717440e-15
8.593750274981e-01,9.750491158144e+00,1.009145358379e-02
8.593750274982e-01,9.775501418182e+00,1.829971481252e-02
8.593750274983e-01,9.800511678220e+00,2.510675628022e-02
8.593750274984e-01,9.825521938257e+00,3.084300900534e-02
8.593750274985e-01,9.850532198295e+00,3.574258150392e-02
8.593750274986e-01,9.875542458333e+00,3.997597391787e-02
8.593750274987e-01,9.900552718370e+00,4.367030730466e-02
8.593750274988e-01,9.925562978408e+00,4.692229441599e-02
8.593750274988e-01,9.950573238446e+00,4.980681902355e-02
8.593750274990e-01,9.975583498484e+00,5.238276573269e-02
8.593750274990e-01,1.000059375852e+01,5.469707618558e-02
8.593750274991e-01,1.002560401856e+01,5.678763079312e-02
8.593750274992e-01,1.005061427860e+01,5.868533447602e-02
8.593750274993e-01,1.007562453863e+01,6.041565163887e-02
8.593750274994e-01,1.010063479867e+01,6.199975290114e-02
8.593750274995e-01,1.012564505871e+01,6.345538351623e-02
8.593750274996e-01,1.015065531875e+01,6.479752921895e-02
8.593750274997e-01,1.017566557879e+01,6.603893256676e-02
8.593750274998e-01,1.020067583882e+01,6.719049752625e-02
8.593750274999e-01,1.022568609886e+01,6.719049752634e-02
8.593750275000e-01,1.025069635890e+01,6.603893256685e-02
8.593750275001e-01,1.027570661894e+01,6.479752921903e-02
8.593750275002e-01,1.030071687898e+01,6.345538351630e-02
8.593750275003e-01,1.032572713901e+01,6.199975290121e-02
8.593750275004e-01,1.035073739905e+01,6.041565163894e-02
8.593750275005e-01,1.037574765909e+01,5.868533447608e-02
8.593750275006e-01,1.040075791913e+01,5.678763079319e-02
8.593750275007e-01,1.042576817917e+01,5.469707618564e-02
8.593750275008e-01,1.045077843920e+01,5.238276573274e-02
8.593750275009e-01,1.047578869924e+01,4.980681902361e-02
8.593750275010e-01,1.050079895928e+01,4.692229441603e-02
8.593750275011e-01,1.052580921932e+01,4.367030730468e-02
8.593750275012e-01,1.055081947936e+01,3.997597391789e-02
8.593750275013e-01,1.057582973939e+01,3.574258150393e-02
8.593750275014e-01,1.060083999943e+01,3.084300900536e-02
8.593750275015e-01,1.062585025947e+01,2.510675628023e-02
8.593750275016e-01,1.065086051951e+01,1.829971481252e-02
8.593750275017e-01,1.067587077954e+01,1.009145358379e-02
8.593750275018e-01,1.070088103958e+01,2.496747901876e-16
8.872768141037e-01,4.843750155000e-01,1.029435531997e-16
8.872768141038e-01,4.531250145001e-01,1.229352486008e-02
8.872768141038e-01,4.218750135001e-01,2.184800816993e-02
8.872768141039e-01,3.906250125002e-01,2.948678607985e-02
8.872768141040e-01,3.593750115003e-01,3.573326401579e-02
8.872768141040e-01,3.281250105004e-01,4.093609285416e-02
8.872768141041e-01,2.968750095004e-01,4.533648399118e-02
8.872768141042e-01,2.656250085005e-01,4.910663453539e-02
8.872768141042e-01,2.343750075005e-01,5.237276225556e-02
8.872768141043e-01,2.031250065004e-01,5.522949179821e-02
8.872768141044e-01,1.718750055003e-01,5.774915753883e-02
8.872768141044e-01,1.406250045002e-01,5.998800209286e-02
8.872768141045e-01,1.093750035002e-01,6.199041537484e-02
8.872768141046e-01,7.812500250011e-02,6.379190068883e-02
8.872768141046e-01,4.687500150007e-02,6.542119257035e-02
8.872768141047e-01,1.562500050003e-02,6.690179651847e-02
8.906250284979e-01,9.725492000569e+00,1.165743333090e-15
8.906250284980e-01,9.750501979532e+00,1.009135184250e-02
8.906250284981e-01,9.775511958495e+00,1.829954753310e-02
8.906250284982e-01,9.800521937457e+00,2.510654636995e-02
8.906250284983e-01,9.825531916420e+00,3.084277142370e-02
8.906250284984e-01,9.850541895383e+00,3.574232626740e-02
8.906250284985e-01,9.875551874345e+00,3.997570786662e-02
8.906250284986e-01,9.900561853308e+00,4.367003518097e-02
8.906250284987e-01,9.925571832271e+00,4.692201954441e-02
8.906250284988e-01,9.950581811234e+00,4.980654375158e-02
8.906250284989e-01,9.975591790196e+00,5.238249172332e-02
8.906250284990e-01,1.000060176916e+01,5.469680461550e-02
8.906250284991e-01,1.002561174812e+01,5.678736248941e-02
8.906250284992e-01,1.005062172708e+01,5.868507001201e-02
8.906250284993e-01,1.007563170605e+01,6.041539140231e-02
8.906250284994e-01,1.010064168501e+01,6.199949714321e-02
8.906250284995e-01,1.012565166397e+01,6.345513238720e-02
8.906250284996e-01,1.015066164294e+01,6.479728279444e-02
8.906250284997e-01,1.017567162190e+01,6.603869086708e-02
8.906250284998e-01,1.020068160086e+01,6.719026053093e-02
8.906250284999e-01,1.022569157982e+01,6.719026053101e-02
8.906250285000e-01,1.025070155879e+01,6.603869086716e-02
8.906250285002e-01,1.027571153775e+01,6.479728279452e-02
8.906250285003e-01,1.030072151671e+01,6.345513238727e-02
8.906250285003e-01,1.032573149568e+01,6.199949714328e-02
8.906250285005e-01,1.035074147464e+01,6.041539140237e-02
8.906250285006e-01,1.037575145360e+01,5.868507001207e-02
8.906250285006e-01,1.040076143256e+01,5.678736248947e-02
8.906250285008e-01,1.042577141153e+01,5.469680461555e-02
8.906250285009e-01,1.045078139049e+01,5.238249172336e-02
8.906250285010e-01,1.047579136945e+01,4.980654375162e-02
8.906250285011e-01,1.050080134842e+01,4.692201954444e-02
8.906250285012e-01,1.052581132738e+01,4.367003518098e-02
8.906250285013e-01,1.055082130634e+01,3.997570786663e-02
8.906250285014e-01,1.057583128531e+01,3.574232626742e-02
8.906250285015e-01,1.060084126427e+01,3.084277142370e-02
8.906250285016e-01,1.062585124323e+01,2.510654636996e-02
8.906250285017e-01,1.065086122219e+01,1.829954753310e-02
8.906250285018e-01,1.067587120116e+01,1.009135184250e-02
8.906250285019e-01,1.070088118012e+01,2.996097482251e-15
9.207589580321e-01,4.843750155000e-01,3.445602565281e-15
9.207589580322e-01,4.531250145001e-01,1.229352486008e-02
9.207589580323e-01,4.218750135001e-01,2.184800816993e-02
9.207589580323e-01,3.906250125002e-01,2.948678607985e-02
9.207589580324e-01,3.593750115003e-01,3.573326401579e-02
9.207589580325e-01,3.281250105004e-01,4.093609285416e-02
9.207589580326e-01,2.968750095004e-01,4.533648399118e-02
9.207589580326e-01,2.656250085005e-01,4.910663453539e-02
9.207589580327e-01,2.343750075005e-01,5.237276225556e-02
9.207589580328e-01,2.031250065004e-01,5.522949179821e-02
9.207589580328e-01,1.718750055003e-01,5.774915753883e-02
9.207589580329e-01,1.406250045002e-01,5.998800209286e-02
9.207589580330e-01,1.093750035002e-01,6.199041537484e-02
9.207589580331e-01,7.812500250010e-02,6.379190068883e-02
9.207589580331e-01,4.687500150007e-02,6.542119257035e-02
9.207589580332e-01,1.562500050002e-02,6.690179651847e-02
9.218750294979e-01,9.725503103032e+00,9.421709039120e-16
9.218750294980e-01,9.750512800920e+00,1.009125010098e-02
9.218750294981e-01,9.775522498807e+00,1.829938025298e-02
9.218750294982e-01,9.800532196695e+00,2.510633645848e-02
9.218750294983e-01,9.825541894583e+00,3.084253384036e-02
9.218750294984e-01,9.850551592471e+00,3.574207102881e-02
9.218750294985e-01,9.875561290358e+00,3.997544181294e-02
9.218750294986e-01,9.900570988246e+00,4.366976305456e-02
9.218750294987e-01,9.925580686134e+00,4.692174466986e-02
9.218750294988e-01,9.950590384021e+00,4.980626847645e-02
9.218750294989e-01,9.975600081909e+00,5.238221771066e-02
9.218750294990e-01,1.000060977980e+01,5.469653304201e-02
9.218750294991e-01,1.002561947768e+01,5.678709418219e-02
9.218750294992e-01,1.005062917557e+01,5.868480554444e-02
9.218750294993e-01,1.007563887346e+01,6.041513116214e-02
9.218750294994e-01,1.010064857135e+01,6.199924138163e-02
9.218750294995e-01,1.012565826924e+01,6.345488125451e-02
9.218750294996e-01,1.015066796712e+01,6.479703636625e-02
9.218750294998e-01,1.017567766501e+01,6.603844916373e-02
9.218750294999e-01,1.020068736290e+01,6.719002353194e-02
9.218750295000e-01,1.022569706079e+01,6.719002353202e-02
9.218750295001e-01,1.025070675867e+01,6.603844916381e-02
9.218750295002e-01,1.027571645656e+01,6.479703636633e-02
9.218750295003e-01,1.030072615445e+01,6.345488125458e-02
9.218750295004e-01,1.032573585234e+01,6.199924138169e-02
9.218750295005e-01,1.035074555023e+01,6.041513116220e-02
9.218750295006e-01,1.037575524812e+01,5.868480554449e-02
9.218750295007e-01,1.040076494600e+01,5.678709418225e-02
9.218750295008e-01,1.042577464389e+01,5.469653304205e-02
9.218750295009e-01,1.045078434178e+01,5.238221771070e-02
9.218750295010e-01,1.047579403967e+01,4.980626847650e-02
9.218750295011e-01,1.050080373755e+01,4.692174466988e-02
9.218750295012e-01,1.052581343544e+01,4.366976305458e-02
9.218750295013e-01,1.055082313333e+01,3.997544181296e-02
9.218750295014e-01,1.057583283122e+01,3.574207102883e-02
9.218750295015e-01,1.060084252910e+01,3.084253384038e-02
9.218750295017e-01,1.062585222699e+01,2.510633645849e-02
9.218750295018e-01,1.065086192488e+01,1.829938025298e-02
9.218750295019e-01,1.067587162277e+01,1.009125010098e-02
9.218750295020e-01,1.070088132066e+01,9.986991607502e-16
9.531250304978e-01,9.725514205495e+00,2.156473409017e-15
9.531250304979e-01,9.750523622307e+00,1.009114835923e-02
9.531250304980e-01,9.775533039120e+00,1.829921297216e-02
9.531250304981e-01,9.800542455933e+00,2.510612654579e-02
9.531250304982e-01,9.825551872746e+00,3.084229625536e-02
9.531250304983e-01,9.850561289558e+00,3.574181578811e-02
9.531250304984e-01,9.875570706371e+00,3.997517575681e-02
9.531250304986e-01,9.900580123184e+00,4.366949092542e-02
9.531250304987e-01,9.925589539996e+00,4.692146979234e-02
9.531250304988e-01,9.950598956809e+00,4.980599319818e-02
9.531250304989e-01,9.975608373622e+00,5.238194369470e-02
9.531250304990e-01,1.000061779043e+01,5.469626146510e-02
9.531250304991e-01,1.002562720725e+01,5.678682587147e-02
9.531250304992e-01,1.005063662406e+01,5.868454107330e-02
9.531250304993e-01,1.007564604087e+01,6.041487091836e-02
9.531250304994e-01,1.010065545769e+01,6.199898561641e-02
9.531250304995e-01,1.012566487450e+01,6.345463011817e-02
9.531250304997e-01,1.015067429131e+01,6.479678993440e-02
9.531250304998e-01,1.017568370812e+01,6.603820745671e-02
9.531250304999e-01,1.020069312494e+01,6.718978652928e-02
9.531250305000e-01,1.022570254175e+01,6.718978652936e-02
9.531250305001e-01,1.025071195856e+01,6.603820745679e-02
9.531250305002e-01,1.027572137538e+01,6.479678993447e-02
9.531250305003e-01,1.030073079219e+01,6.345463011823e-02
9.531250305004e-01,1.032574020900e+01,6.199898561647e-02
9.531250305005e-01,1.035074962582e+01,6.041487091841e-02
9.531250305007e-01,1.037575904263e+01,5.868454107335e-02
9.531250305008e-01,1.040076845944e+01,5.678682587153e-02
9.531250305009e-01,1.042577787625e+01,5.469626146515e-02
9.531250305010e-01,1.045078729307e+01,5.238194369474e-02
9.531250305011e-01,1.047579670988e+01,4.980599319822e-02
9.531250305012e-01,1.050080612669e+01,4.692146979237e-02
9.531250305013e-01,1.052581554351e+01,4.366949092543e-02
9.531250305014e-01,1.055082496032e+01,3.997517575683e-02
9.531250305015e-01,1.057583437713e+01,3.574181578813e-02
9.531250305016e-01,1.060084379394e+01,3.084229625536e-02
9.531250305018e-01,1.062585321076e+01,2.510612654580e-02
9.531250305019e-01,1.065086262757e+01,1.829921297216e-02
9.531250305020e-01,1.067587204438e+01,1.009114835923e-02
9.531250305021e-01,1.070088146119e+01,1.597918657201e-15
9.542411019606e-01,4.843750155000e-01,7.989593286001e-16
9.542411019607e-01,4.531250145001e-01,1.229352486008e-02
9.542411019607e-01,4.218750135001e-01,2.184800816993e-02
9.542411019608e-01,3.906250125002e-01,2.948678607986e-02
9.542411019609e-01,3.593750115003e-01,3.573326401579e-02
9.542411019610e-01,3.281250105004e-01,4.093609285416e-02
9.542411019610e-01,2.968750095004e-01,4.533648399118e-02
9.542411019611e-01,2.656250085005e-01,4.910663453539e-02
9.542411019612e-01,2.343750075005e-01,5.237276225556e-02
9.542411019613e-01,2.031250065004e-01,5.522949179821e-02
9.542411019613e-01,1.718750055003e-01,5.774915753883e-02
9.542411019614e-01,1.406250045002e-01,5.998800209286e-02
9.542411019615e-01,1.093750035002e-01,6.199041537484e-02
9.542411019615e-01,7.812500250010e-02,6.379190068883e-02
9.542411019616e-01,4.687500150007e-02,6.542119257035e-02
9.542411019617e-01,1.562500050002e-02,6.690179651847e-02
9.843750314977e-01,9.725525307958e+00,8.370624287427e-16
9.843750314979e-01,9.750534443695e+00,1.009104661724e-02
9.843750314980e-01,9.775543579433e+00,1.829904569064e-02
9.843750314981e-01,9.800552715171e+00,2.510591663190e-02
9.843750314982e-01,9.825561850908e+00,3.084205866866e-02
9.843750314983e-01,9.850570986646e+00,3.574156054534e-02
9.843750314984e-01,9.875580122384e+00,3.997490969825e-02
9.843750314985e-01,9.900589258121e+00,4.366921879354e-02
9.843750314987e-01,9.925598393859e+00,4.692119491188e-02
9.843750314988e-01,9.950607529597e+00,4.980571791676e-02
9.843750314989e-01,9.975616665335e+00,5.238166967545e-02
9.843750314990e-01,1.000062580107e+01,5.469598988479e-02
9.843750314991e-01,1.002563493681e+01,5.678655755726e-02
9.843750314992e-01,1.005064407255e+01,5.868427659859e-02
9.843750314993e-01,1.007565320829e+01,6.041461067096e-02
9.843750314995e-01,1.010066234402e+01,6.199872984754e-02
9.843750314996e-01,1.012567147976e+01,6.345437897815e-02
9.843750314997e-01,1.015068061550e+01,6.479654349887e-02
9.843750314998e-01,1.017568975124e+01,6.603796574602e-02
9.843750314999e-01,1.020069888697e+01,6.718954952297e-02
9.843750315000e-01,1.022570802271e+01,6.718954952304e-02
9.843750315001e-01,1.025071715845e+01,6.603796574610e-02
9.843750315002e-01,1.027572629419e+01,6.479654349894e-02
9.843750315003e-01,1.030073542993e+01,6.345437897821e-02
9.843750315005e-01,1.032574456566e+01,6.199872984760e-02
9.843750315006e-01,1.035075370140e+01,6.041461067101e-02
9.843750315007e-01,1.037576283714e+01,5.868427659864e-02
9.843750315008e-01,1.040077197288e+01,5.678655755731e-02
9.843750315009e-01,1.042578110862e+01,5.469598988483e-02
9.843750315010e-01,1.045079024435e+01,5.238166967549e-02
9.843750315011e-01,1.047579938009e+01,4.980571791679e-02
9.843750315013e-01,1.050080851583e+01,4.692119491189e-02
9.843750315014e-01,1.052581765157e+01,4.366921879356e-02
9.843750315015e-01,1.055082678731e+01,3.997490969825e-02
9.843750315016e-01,1.057583592304e+01,3.574156054534e-02
9.843750315017e-01,1.060084505878e+01,3.084205866866e-02
9.843750315018e-01,1.062585419452e+01,2.510591663191e-02
9.843750315019e-01,1.065086333026e+01,1.829904569064e-02
9.843750315020e-01,1.067587246599e+01,1.009104661724e-02
9.843750315022e-01,1.070088160173e+01,1.786527370008e-15
9.877232458890e-01,4.843750155000e-01,1.398178825050e-15
9.877232458891e-01,4.531250145001e-01,1.229352486008e-02
9.877232458892e-01,4.218750135001e-01,2.184800816993e-02
9.877232458892e-01,3.906250125002e-01,2.948678607986e-02
9.877232458893e-01,3.593750115003e-01,3.573326401579e-02
9.877232458894e-01,3.281250105003e-01,4.093609285416e-02
9.877232458895e-01,2.968750095004e-01,4.533648399118e-02
9.877232458896e-01,2.656250085005e-01,4.910663453539e-02
9.877232458896e-01,2.343750075005e-01,5.237276225556e-02
9.877232458897e-01,2.031250065004e-01,5.522949179821e-02
9.877232458898e-01,1.718750055003e-01,5.774915753883e-02
9.877232458899e-01,1.406250045002e-01,5.998800209286e-02
9.877232458900e-01,1.093750035002e-01,6.199041537484e-02
9.877232458900e-01,7.812500250010e-02,6.379190068883e-02
9.877232458901e-01,4.687500150007e-02,6.542119257035e-02
9.877232458902e-01,1.562500050002e-02,6.690179651847e-02
1.015625032498e+00,9.725536410420e+00,9.421709039120e-16
1.015625032498e+00,9.750545265083e+00,1.009094487501e-02
1.015625032498e+00,9.775554119746e+00,1.829887840842e-02
1.015625032498e+00,9.800562974408e+00,2.510570671681e-02
1.015625032498e+00,9.825571829071e+00,3.084182108029e-02
1.015625032498e+00,9.850580683734e+00,3.574130530046e-02
1.015625032498e+00,9.875589538397e+00,3.997464363724e-02
1.015625032499e+00,9.900598393059e+00,4.366894665896e-02
1.015625032499e+00,9.925607247722e+00,4.692092002845e-02
1.015625032499e+00,9.950616102385e+00,4.980544263220e-02
1.015625032499e+00,9.975624957048e+00,5.238139565290e-02
1.015625032499e+00,1.000063381171e+01,5.469571830106e-02
1.015625032499e+00,1.002564266637e+01,5.678628923954e-02
1.015625032499e+00,1.005065152104e+01,5.868401212032e-02
1.015625032499e+00,1.007566037570e+01,6.041435041995e-02
1.015625032499e+00,1.010066923036e+01,6.199847407503e-02
1.015625032500e+00,1.012567808502e+01,6.345412783448e-02
1.015625032500e+00,1.015068693969e+01,6.479629705967e-02
1.015625032500e+00,1.017569579435e+01,6.603772403166e-02
1.015625032500e+00,1.020070464901e+01,6.718931251299e-02
1.015625032500e+00,1.022571350367e+01,6.718931251306e-02
1.015625032500e+00,1.025072235834e+01,6.603772403173e-02
1.015625032500e+00,1.027573121300e+01,6.479629705974e-02
1.015625032500e+00,1.030074006766e+01,6.345412783453e-02
1.015625032501e+00,1.032574892233e+01,6.199847407508e-02
1.015625032501e+00,1.035075777699e+01,6.041435042000e-02
1.015625032501e+00,1.037576663165e+01,5.868401212037e-02
1.015625032501e+00,1.040077548632e+01,5.678628923959e-02
1.015625032501e+00,1.042578434098e+01,5.469571830110e-02
1.015625032501e+00,1.045079319564e+01,5.238139565293e-02
1.015625032501e+00,1.047580205030e+01,4.980544263222e-02
1.015625032501e+00,1.050081090497e+01,4.692092002846e-02
1.015625032501e+00,1.052581975963e+01,4.366894665896e-02
1.015625032501e+00,1.055082861429e+01,3.997464363724e-02
1.015625032502e+00,1.057583746895e+01,3.574130530046e-02
1.015625032502e+00,1.060084632362e+01,3.084182108029e-02
1.015625032502e+00,1.062585517828e+01,2.510570671681e-02
1.015625032502e+00,1.065086403294e+01,1.829887840842e-02
1.015625032502e+00,1.067587288761e+01,1.009094487501e-02
1.015625032502e+00,1.070088174227e+01,1.278958960421e-15
1.021205389817e+00,4.843750155000e-01,3.994796643001e-15
1.021205389817e+00,4.531250145001e-01,1.229352486008e-02
1.021205389818e+00,4.218750135001e-01,2.184800816993e-02
1.021205389818e+00,3.906250125002e-01,2.948678607986e-02
1.021205389818e+00,3.593750115003e-01,3.573326401581e-02
1.021205389818e+00,3.281250105003e-01,4.093609285416e-02
1.021205389818e+00,2.968750095004e-01,4.533648399118e-02
1.021205389818e+00,2.656250085005e-01,4.910663453539e-02
1.021205389818e+00,2.343750075005e-01,5.237276225556e-02
1.021205389818e+00,2.031250065004e-01,5.522949179821e-02
1.021205389818e+00,1.718750055003e-01,5.774915753883e-02
1.021205389818e+00,1.406250045002e-01,5.998800209286e-02
1.021205389818e+00,1.093750035002e-01,6.199041537484e-02
1.021205389819e+00,7.812500250010e-02,6.379190068883e-02
1.021205389819e+00,4.687500150006e-02,6.542119257035e-02
1.021205389819e+00,1.562500050002e-02,6.690179651847e-02
1.046875033498e+00,9.725547512883e+00,1.697788573275e-15
1.046875033498e+00,9.750556086471e+00,1.009084313255e-02
1.046875033498e+00,9.775564660059e+00,1.829871112549e-02
1.046875033498e+00,9.800573233646e+00,2.510549680050e-02
1.046875033498e+00,9.825581807234e+00,3.084158349023e-02
1.046875033498e+00,9.850590380822e+00,3.574105005350e-02
1.046875033498e+00,9.875598954409e+00,3.997437757379e-02
1.046875033499e+00,9.900607527997e+00,4.366867452163e-02
1.046875033499e+00,9.925616101585e+00,4.692064514206e-02
1.046875033499e+00,9.950624675173e+00,4.980516734449e-02
1.046875033499e+00,9.975633248760e+00,5.238112162706e-02
1.046875033499e+00,1.000064182235e+01,5.469544671392e-02
1.046875033499e+00,1.002565039594e+01,5.678602091833e-02
1.046875033499e+00,1.005065896952e+01,5.868374763849e-02
1.046875033499e+00,1.007566754311e+01,6.041409016533e-02
1.046875033500e+00,1.010067611670e+01,6.199821829888e-02
1.046875033500e+00,1.012568469029e+01,6.345387668714e-02
1.046875033500e+00,1.015069326387e+01,6.479605061680e-02
1.046875033500e+00,1.017570183746e+01,6.603748231362e-02
1.046875033500e+00,1.020071041105e+01,6.718907549934e-02
1.046875033500e+00,1.022571898464e+01,6.718907549941e-02
1.046875033500e+00,1.025072755823e+01,6.603748231369e-02
1.046875033500e+00,1.027573613181e+01,6.479605061686e-02
1.046875033500e+00,1.030074470540e+01,6.345387668719e-02
1.046875033500e+00,1.032575327899e+01,6.199821829892e-02
1.046875033501e+00,1.035076185258e+01,6.041409016537e-02
1.046875033501e+00,1.037577042617e+01,5.868374763852e-02
1.046875033501e+00,1.040077899975e+01,5.678602091838e-02
1.046875033501e+00,1.042578757334e+01,5.469544671396e-02
1.046875033501e+00,1.045079614693e+01,5.238112162708e-02
1.046875033501e+00,1.047580472052e+01,4.980516734451e-02
1.046875033501e+00,1.050081329411e+01,4.692064514207e-02
1.046875033501e+00,1.052582186769e+01,4.366867452163e-02
1.046875033502e+00,1.055083044128e+01,3.997437757379e-02
1.046875033502e+00,1.057583901487e+01,3.574105005350e-02
1.046875033502e+00,1.060084758846e+01,3.084158349023e-02
1.046875033502e+00,1.062585616204e+01,2.510549680050e-02
1.046875033502e+00,1.065086473563e+01,1.829871112549e-02
1.046875033502e+00,1.067587330922e+01,1.009084313255e-02
1.046875033502e+00,1.070088188281e+01,2.197138153651e-15
1.054687533746e+00,4.843750155000e-01,1.098852761550e-15
1.054687533746e+00,4.531250145001e-01,1.229352486008e-02
1.054687533746e+00,4.218750135001e-01,2.184800816993e-02
1.054687533746e+00,3.906250125002e-01,2.948678607986e-02
1.054687533746e+00,3.593750115003e-01,3.573326401581e-02
1.054687533746e+00,3.281250105003e-01,4.093609285416e-02
1.054687533746e+00,2.968750095004e-01,4.533648399118e-02
1.054687533747e+00,2.656250085005e-01,4.910663453539e-02
1.054687533747e+00,2.343750075004e-01,5.237276225556e-02
1.054687533747e+00,2.031250065004e-01,5.522949179821e-02
1.054687533747e+00,1.718750055003e-01,5.774915753883e-02
1.054687533747e+00,1.406250045002e-01,5.998800209286e-02
1.054687533747e+00,1.093750035002e-01,6.199041537484e-02
1.054687533747e+00,7.812500250010e-02,6.379190068883e-02
1.054687533747e+00,4.687500150006e-02,6.542119257035e-02
1.054687533747e+00,1.562500050002e-02,6.690179651847e-02
1.078125034498e+00,9.725558615346e+00,2.190318256742e-15
1.078125034498e+00,9.750566907859e+00,1.009074138986e-02
1.078125034498e+00,9.775575200371e+00,1.829854384186e-02
1.078125034498e+00,9.800583492884e+00,2.510528688298e-02
1.078125034498e+00,9.825591785397e+00,3.084134589851e-02
1.078125034499e+00,9.850600077909e+00,3.574079480443e-02
1.078125034499e+00,9.875608370422e+00,3.997411150791e-02
1.078125034499e+00,9.900616662935e+00,4.366840238159e-02
1.078125034499e+00,9.925624955447e+00,4.692037025271e-02
1.078125034499e+00,9.950633247960e+00,4.980489205362e-02
1.078125034499e+00,9.975641540473e+00,5.238084759792e-02
1.078125034499e+00,1.000064983299e+01,5.469517512337e-02
1.078125034499e+00,1.002565812550e+01,5.678575259362e-02
1.078125034499e+00,1.005066641801e+01,5.868348315309e-02
1.078125034499e+00,1.007567471052e+01,6.041382990710e-02
1.078125034499e+00,1.010068300304e+01,6.199796251907e-02
1.078125034500e+00,1.012569129555e+01,6.345362553613e-02
1.078125034500e+00,1.015069958806e+01,6.479580417026e-02
1.078125034500e+00,1.017570788058e+01,6.603724059192e-02
1.078125034500e+00,1.020071617309e+01,6.718883848203e-02
1.078125034500e+00,1.022572446560e+01,6.718883848210e-02
1.078125034500e+00,1.025073275811e+01,6.603724059198e-02
1.078125034500e+00,1.027574105063e+01,6.479580417032e-02
1.078125034500e+00,1.030074934314e+01,6.345362553618e-02
1.078125034501e+00,1.032575763565e+01,6.199796251912e-02
1.078125034501e+00,1.035076592816e+01,6.041382990714e-02
1.078125034501e+00,1.037577422068e+01,5.868348315312e-02
1.078125034501e+00,1.040078251319e+01,5.678575259365e-02
1.078125034501e+00,1.042579080570e+01,5.469517512341e-02
1.078125034501e+00,1.045079909822e+01,5.238084759794e-02
1.078125034501e+00,1.047580739073e+01,4.980489205365e-02
1.078125034501e+00,1.050081568324e+01,4.692037025271e-02
1.078125034501e+00,1.052582397575e+01,4.366840238158e-02
1.078125034501e+00,1.055083226827e+01,3.997411150790e-02
1.078125034502e+00,1.057584056078e+01,3.574079480443e-02
1.078125034502e+00,1.060084885329e+01,3.084134589849e-02
1.078125034502e+00,1.062585714581e+01,2.510528688298e-02
1.078125034502e+00,1.065086543832e+01,1.829854384186e-02
1.078125034502e+00,1.067587373083e+01,1.009074138986e-02
1.078125034502e+00,1.070088202334e+01,1.498048741125e-15
1.088169677674e+00,4.843750155000e-01,0.000000000000e+00
1.088169677674e+00,4.531250145001e-01,1.229352486008e-02
1.088169677675e+00,4.218750135001e-01,2.184800816993e-02
1.088169677675e+00,3.906250125002e-01,2.948678607986e-02
1.088169677675e+00,3.593750115003e-01,3.573326401581e-02
1.088169677675e+00,3.281250105003e-01,4.093609285416e-02
1.088169677675e+00,2.968750095004e-01,4.533648399118e-02
1.088169677675e+00,2.656250085005e-01,4.910663453539e-02
1.088169677675e+00,2.343750075004e-01,5.237276225556e-02
1.088169677675e+00,2.031250065004e-01,5.522949179821e-02
1.088169677675e+00,1.718750055003e-01,5.774915753883e-02
1.088169677675e+00,1.406250045002e-01,5.998800209286e-02
1.088169677675e+00,1.093750035002e-01,6.199041537484e-02
1.088169677676e+00,7.812500250010e-02,6.379190068883e-02
1.088169677676e+00,4.687500150006e-02,6.542119257035e-02
1.088169677676e+00,1.562500050002e-02,6.690179651847e-02
1.109375035498e+00,9.725569717809e+00,1.498048741125e-15
1.109375035498e+00,9.750577729247e+00,1.009063964692e-02
1.109375035498e+00,9.775585740684e+00,1.829837655753e-02
1.109375035498e+00,9.800593752122e+00,2.510507696426e-02
1.109375035498e+00,9.825601763560e+00,3.084110830508e-02
1.109375035499e+00,9.850609774997e+00,3.574053955329e-02
1.109375035499e+00,9.875617786435e+00,3.997384543958e-02
1.109375035499e+00,9.900625797873e+00,4.366813023881e-02
1.109375035499e+00,9.925633809310e+00,4.692009536040e-02
1.109375035499e+00,9.950641820748e+00,4.980461675963e-02
1.109375035499e+00,9.975649832186e+00,5.238057356549e-02
1.109375035499e+00,1.000065784362e+01,5.469490352942e-02
1.109375035499e+00,1.002566585506e+01,5.678548426541e-02
1.109375035499e+00,1.005067386650e+01,5.868321866412e-02
1.109375035500e+00,1.007568187794e+01,6.041356964525e-02
1.109375035500e+00,1.010068988937e+01,6.199770673562e-02
1.109375035500e+00,1.012569790081e+01,6.345337438146e-02
1.109375035500e+00,1.015070591225e+01,6.479555772005e-02
1.109375035500e+00,1.017571392369e+01,6.603699886653e-02
1.109375035500e+00,1.020072193512e+01,6.718860146106e-02
1.109375035500e+00,1.022572994656e+01,6.718860146112e-02
1.109375035500e+00,1.025073795800e+01,6.603699886659e-02
1.109375035500e+00,1.027574596944e+01,6.479555772010e-02
1.109375035500e+00,1.030075398088e+01,6.345337438151e-02
1.109375035501e+00,1.032576199231e+01,6.199770673566e-02
1.109375035501e+00,1.035077000375e+01,6.041356964528e-02
1.109375035501e+00,1.037577801519e+01,5.868321866415e-02
1.109375035501e+00,1.040078602663e+01,5.678548426544e-02
1.109375035501e+00,1.042579403807e+01,5.469490352944e-02
1.109375035501e+00,1.045080204950e+01,5.238057356551e-02
1.109375035501e+00,1.047581006094e+01,4.980461675964e-02
1.109375035501e+00,1.050081807238e+01,4.692009536040e-02
1.109375035501e+00,1.052582608382e+01,4.366813023880e-02
1.109375035501e+00,1.055083409526e+01,3.997384543957e-02
1.109375035501e+00,1.057584210669e+01,3.574053955327e-02
1.109375035502e+00,1.060085011813e+01,3.084110830508e-02
1.109375035502e+00,1.062585812957e+01,2.510507696425e-02
1.109375035502e+00,1.065086614101e+01,1.829837655753e-02
1.109375035502e+00,1.067587415244e+01,1.009063964693e-02
1.109375035502e+00,1.070088216388e+01,9.421709039120e-16
1.121651821603e+00,4.843750155000e-01,1.997398321501e-16
1.121651821603e+00,4.531250145001e-01,1.229352486008e-02
1.121651821603e+00,4.218750135001e-01,2.184800816993e-02
1.121651821603e+00,3.906250125002e-01,2.948678607986e-02
1.121651821603e+00,3.593750115003e-01,3.573326401581e-02
1.121651821603e+00,3.281250105003e-01,4.093609285416e-02
1.121651821603e+00,2.968750095004e-01,4.533648399118e-02
1.121651821604e+00,2.656250085005e-01,4.910663453539e-02
1.121651821604e+00,2.343750075004e-01,5.237276225556e-02
1.121651821604e+00,2.031250065004e-01,5.522949179821e-02
1.121651821604e+00,1.718750055003e-01,5.774915753883e-02
1.121651821604e+00,1.406250045002e-01,5.998800209286e-02
1.121651821604e+00,1.093750035002e-01,6.199041537484e-02
1.121651821604e+00,7.812500250010e-02,6.379190068883e-02
1.121651821604e+00,4.687500150006e-02,6.542119257035e-02
1.121651821604e+00,1.562500050002e-02,6.690179651847e-02
1.140625036498e+00,9.725580820272e+00,1.298308908975e-15
1.140625036498e+00,9.750588550634e+00,1.009053790375e-02
1.140625036498e+00,9.775596280997e+00,1.829820927250e-02
1.140625036499e+00,9.800604011360e+00,2.510486704432e-02
1.140625036499e+00,9.825611741722e+00,3.084087071000e-02
1.140625036499e+00,9.850619472085e+00,3.574028430003e-02
1.140625036499e+00,9.875627202448e+00,3.997357936883e-02
1.140625036499e+00,9.900634932810e+00,4.366785809331e-02
1.140625036499e+00,9.925642663173e+00,4.691982046513e-02
1.140625036499e+00,9.950650393536e+00,4.980434146247e-02
1.140625036499e+00,9.975658123899e+00,5.238029952976e-02
1.140625036499e+00,1.000066585426e+01,5.469463193205e-02
1.140625036499e+00,1.002567358462e+01,5.678521593369e-02
1.140625036499e+00,1.005068131499e+01,5.868295417159e-02
1.140625036500e+00,1.007568904535e+01,6.041330937979e-02
1.140625036500e+00,1.010069677571e+01,6.199745094853e-02
1.140625036500e+00,1.012570450607e+01,6.345312322313e-02
1.140625036500e+00,1.015071223644e+01,6.479531126615e-02
1.140625036500e+00,1.017571996680e+01,6.603675713748e-02
1.140625036500e+00,1.020072769716e+01,6.718836443642e-02
1.140625036500e+00,1.022573542753e+01,6.718836443648e-02
1.140625036500e+00,1.025074315789e+01,6.603675713754e-02
1.140625036500e+00,1.027575088825e+01,6.479531126621e-02
1.140625036500e+00,1.030075861861e+01,6.345312322317e-02
1.140625036500e+00,1.032576634898e+01,6.199745094857e-02
1.140625036501e+00,1.035077407934e+01,6.041330937982e-02
1.140625036501e+00,1.037578180970e+01,5.868295417162e-02
1.140625036501e+00,1.040078954007e+01,5.678521593372e-02
1.140625036501e+00,1.042579727043e+01,5.469463193207e-02
1.140625036501e+00,1.045080500079e+01,5.238029952977e-02
1.140625036501e+00,1.047581273115e+01,4.980434146248e-02
1.140625036501e+00,1.050082046152e+01,4.691982046513e-02
1.140625036501e+00,1.052582819188e+01,4.366785809329e-02
1.140625036501e+00,1.055083592224e+01,3.997357936879e-02
1.140625036502e+00,1.057584365261e+01,3.574028430002e-02
1.140625036502e+00,1.060085138297e+01,3.084087070998e-02
1.140625036502e+00,1.062585911333e+01,2.510486704432e-02
1.140625036502e+00,1.065086684369e+01,1.829820927250e-02
1.140625036502e+00,1.067587457406e+01,1.009053790376e-02
1.140625036502e+00,1.070088230442e+01,4.025885023489e-15
1.155133965531e+00,4.843750155000e-01,5.392975468051e-15
1.155133965531e+00,4.531250145001e-01,1.229352486008e-02
1.155133965531e+00,4.218750135001e-01,2.184800816993e-02
1.155133965532e+00,3.906250125002e-01,2.948678607986e-02
1.155133965532e+00,3.593750115003e-01,3.573326401581e-02
1.155133965532e+00,3.281250105003e-01,4.093609285416e-02
1.155133965532e+00,2.968750095004e-01,4.533648399118e-02
1.155133965532e+00,2.656250085005e-01,4.910663453539e-02
1.155133965532e+00,2.343750075004e-01,5.237276225556e-02
1.155133965532e+00,2.031250065004e-01,5.522949179821e-02
1.155133965532e+00,1.718750055003e-01,5.774915753883e-02
1.155133965532e+00,1.406250045002e-01,5.998800209286e-02
1.155133965532e+00,1.093750035002e-01,6.199041537484e-02
1.155133965532e+00,7.812500250010e-02,6.379190068883e-02
1.155133965533e+00,4.687500150006e-02,6.542119257035e-02
1.155133965533e+00,1.562500050002e-02,6.690179651847e-02
1.171875037498e+00,9.725591922735e+00,8.051770046980e-16
1.171875037498e+00,9.750599372022e+00,1.009043616035e-02
1.171875037498e+00,9.775606821310e+00,1.829804198677e-02
1.171875037499e+00,9.800614270597e+00,2.510465712318e-02
1.171875037499e+00,9.825621719885e+00,3.084063311324e-02
1.171875037499e+00,9.850629169173e+00,3.574002904471e-02
1.171875037499e+00,9.875636618461e+00,3.997331329561e-02
1.171875037499e+00,9.900644067748e+00,4.366758594509e-02
1.171875037499e+00,9.925651517036e+00,4.691954556691e-02
1.171875037499e+00,9.950658966324e+00,4.980406616216e-02
1.171875037499e+00,9.975666415611e+00,5.238002549074e-02
1.171875037499e+00,1.000067386490e+01,5.469436033127e-02
1.171875037499e+00,1.002568131419e+01,5.678494759848e-02
1.171875037499e+00,1.005068876347e+01,5.868268967549e-02
1.171875037500e+00,1.007569621276e+01,6.041304911071e-02
1.171875037500e+00,1.010070366205e+01,6.199719515780e-02
1.171875037500e+00,1.012571111134e+01,6.345287206114e-02
1.171875037500e+00,1.015071856063e+01,6.479506480860e-02
1.171875037500e+00,1.017572600991e+01,6.603651540476e-02
1.171875037500e+00,1.020073345920e+01,6.718812740812e-02
1.171875037500e+00,1.022574090849e+01,6.718812740817e-02
1.171875037500e+00,1.025074835778e+01,6.603651540482e-02
1.171875037500e+00,1.027575580706e+01,6.479506480865e-02
1.171875037500e+00,1.030076325635e+01,6.345287206117e-02
1.171875037501e+00,1.032577070564e+01,6.199719515783e-02
1.171875037501e+00,1.035077815493e+01,6.041304911074e-02
1.171875037501e+00,1.037578560422e+01,5.868268967551e-02
1.171875037501e+00,1.040079305350e+01,5.678494759850e-02
1.171875037501e+00,1.042580050279e+01,5.469436033128e-02
1.171875037501e+00,1.045080795208e+01,5.238002549074e-02
1.171875037501e+00,1.047581540137e+01,4.980406616218e-02
1.171875037501e+00,1.050082285066e+01,4.691954556689e-02
1.171875037501e+00,1.052583029994e+01,4.366758594506e-02
1.171875037501e+00,1.055083774923e+01,3.997331329558e-02
1.171875037501e+00,1.057584519852e+01,3.574002904467e-02
1.171875037501e+00,1.060085264781e+01,3.084063311321e-02
1.171875037502e+00,1.062586009709e+01,2.510465712318e-02
1.171875037502e+00,1.065086754638e+01,1.829804198677e-02
1.171875037502e+00,1.067587499567e+01,1.009043616035e-02
1.171875037502e+00,1.070088244496e+01,4.394276307301e-15
1.188616109460e+00,4.843750155000e-01,2.696603321729e-15
1.188616109460e+00,4.531250145001e-01,1.229352486008e-02
1.188616109460e+00,4.218750135001e-01,2.184800816993e-02
1.188616109460e+00,3.906250125002e-01,2.948678607986e-02
1.188616109460e+00,3.593750115003e-01,3.573326401581e-02
1.188616109460e+00,3.281250105003e-01,4.093609285416e-02
1.188616109460e+00,2.968750095004e-01,4.533648399118e-02
1.188616109460e+00,2.656250085005e-01,4.910663453539e-02
1.188616109460e+00,2.343750075004e-01,5.237276225556e-02
1.188616109461e+00,2.031250065004e-01,5.522949179821e-02
1.188616109461e+00,1.718750055003e-01,5.774915753883e-02
1.188616109461e+00,1.406250045002e-01,5.998800209286e-02
1.188616109461e+00,1.093750035002e-01,6.199041537484e-02
1.188616109461e+00,7.812500250010e-02,6.379190068883e-02
1.188616109461e+00,4.687500150006e-02,6.542119257035e-02
1.188616109461e+00,1.562500050002e-02,6.690179651847e-02
1.203125038498e+00,9.725603025198e+00,9.986991607502e-16
1.203125038498e+00,9.750610193410e+00,1.009033441672e-02
1.203125038498e+00,9.775617361623e+00,1.829787470033e-02
1.203125038499e+00,9.800624529835e+00,2.510444720083e-02
1.203125038499e+00,9.825631698048e+00,3.084039551477e-02
1.203125038499e+00,9.850638866260e+00,3.573977378727e-02
1.203125038499e+00,9.875646034473e+00,3.997304721998e-02
1.203125038499e+00,9.900653202686e+00,4.366731379413e-02
1.203125038499e+00,9.925660370899e+00,4.691927066571e-02
1.203125038499e+00,9.950667539111e+00,4.980379085872e-02
1.203125038499e+00,9.975674707324e+00,5.237975144842e-02
1.203125038499e+00,1.000068187554e+01,5.469408872707e-02
1.203125038499e+00,1.002568904375e+01,5.678467925977e-02
1.203125038500e+00,1.005069621196e+01,5.868242517582e-02
1.203125038500e+00,1.007570338017e+01,6.041278883802e-02
1.203125038500e+00,1.010071054839e+01,6.199693936341e-02
1.203125038500e+00,1.012571771660e+01,6.345262089547e-02
1.203125038500e+00,1.015072488481e+01,6.479481834736e-02
1.203125038500e+00,1.017573205303e+01,6.603627366837e-02
1.203125038500e+00,1.020073922124e+01,6.718789037615e-02
1.203125038500e+00,1.022574638945e+01,6.718789037620e-02
1.203125038500e+00,1.025075355766e+01,6.603627366842e-02
1.203125038500e+00,1.027576072588e+01,6.479481834741e-02
1.203125038500e+00,1.030076789409e+01,6.345262089551e-02
1.203125038500e+00,1.032577506230e+01,6.199693936344e-02
1.203125038501e+00,1.035078223052e+01,6.041278883804e-02
1.203125038501e+00,1.037578939873e+01,5.868242517584e-02
1.203125038501e+00,1.040079656694e+01,5.678467925978e-02
1.203125038501e+00,1.042580373515e+01,5.469408872708e-02
1.203125038501e+00,1.045081090337e+01,5.237975144842e-02
1.203125038501e+00,1.047581807158e+01,4.980379085871e-02
1.203125038501e+00,1.050082523979e+01,4.691927066570e-02
1.203125038501e+00,1.052583240801e+01,4.366731379410e-02
1.203125038501e+00,1.055083957622e+01,3.997304721995e-02
1.203125038501e+00,1.057584674443e+01,3.573977378725e-02
1.203125038501e+00,1.060085391264e+01,3.084039551475e-02
1.203125038501e+00,1.062586108086e+01,2.510444720083e-02
1.203125038502e+00,1.065086824907e+01,1.829787470033e-02
1.203125038502e+00,1.067587541728e+01,1.009033441672e-02
1.203125038502e+00,1.070088258549e+01,3.752770735498e-15
1.222098253388e+00,4.843750155000e-01,1.398178825050e-15
1.222098253388e+00,4.531250145001e-01,1.229352486008e-02
1.222098253388e+00,4.218750135001e-01,2.184800816993e-02
1.222098253388e+00,3.906250125002e-01,2.948678607986e-02
1.222098253389e+00,3.593750115003e-01,3.573326401581e-02
1.222098253389e+00,3.281250105003e-01,4.093609285416e-02
1.222098253389e+00,2.968750095004e-01,4.533648399118e-02
1.222098253389e+00,2.656250085005e-01,4.910663453539e-02
1.222098253389e+00,2.343750075004e-01,5.237276225556e-02
1.222098253389e+00,2.031250065004e-01,5.522949179821e-02
1.222098253389e+00,1.718750055003e-01,5.774915753883e-02
1.222098253389e+00,1.406250045002e-01,5.998800209286e-02
1.222098253389e+00,1.093750035002e-01,6.199041537484e-02
1.222098253389e+00,7.812500250010e-02,6.379190068883e-02
1.222098253390e+00,4.687500150006e-02,6.542119257035e-02
1.222098253390e+00,1.562500050002e-02,6.690179651847e-02
1.234375039498e+00,9.725614127660e+00,1.440344413139e-15
1.234375039499e+00,9.750621014798e+00,1.009023267284e-02
1.234375039499e+00,9.775627901936e+00,1.829770741320e-02
1.234375039499e+00,9.800634789073e+00,2.510423727728e-02
1.234375039499e+00,9.825641676211e+00,3.084015791464e-02
1.234375039499e+00,9.850648563348e+00,3.573951852775e-02
1.234375039499e+00,9.875655450486e+00,3.997278114189e-02
1.234375039499e+00,9.900662337624e+00,4.366704164045e-02
1.234375039499e+00,9.925669224761e+00,4.691899576156e-02
1.234375039499e+00,9.950676111899e+00,4.980351555212e-02
1.234375039499e+00,9.975682999037e+00,5.237947740280e-02
1.234375039499e+00,1.000068988617e+01,5.469381711947e-02
1.234375039499e+00,1.002569677331e+01,5.678441091755e-02
1.234375039499e+00,1.005070366045e+01,5.868216067259e-02
1.234375039500e+00,1.007571054759e+01,6.041252856172e-02
1.234375039500e+00,1.010071743473e+01,6.199668356539e-02
1.234375039500e+00,1.012572432186e+01,6.345236972615e-02
1.234375039500e+00,1.015073120900e+01,6.479457188246e-02
1.234375039500e+00,1.017573809614e+01,6.603603192830e-02
1.234375039500e+00,1.020074498328e+01,6.718765334052e-02
1.234375039500e+00,1.022575187041e+01,6.718765334058e-02
1.234375039500e+00,1.025075875755e+01,6.603603192835e-02
1.234375039500e+00,1.027576564469e+01,6.479457188250e-02
1.234375039500e+00,1.030077253183e+01,6.345236972618e-02
1.234375039500e+00,1.032577941897e+01,6.199668356541e-02
1.234375039500e+00,1.035078630610e+01,6.041252856174e-02
1.234375039501e+00,1.037579319324e+01,5.868216067261e-02
1.234375039501e+00,1.040080008038e+01,5.678441091757e-02
1.234375039501e+00,1.042580696752e+01,5.469381711947e-02
1.234375039501e+00,1.045081385465e+01,5.237947740280e-02
1.234375039501e+00,1.047582074179e+01,4.980351555211e-02
1.234375039501e+00,1.050082762893e+01,4.691899576155e-02
1.234375039501e+00,1.052583451607e+01,4.366704164041e-02
1.234375039501e+00,1.055084140321e+01,3.997278114185e-02
1.234375039501e+00,1.057584829034e+01,3.573951852772e-02
1.234375039501e+00,1.060085517748e+01,3.084015791460e-02
1.234375039502e+00,1.062586206462e+01,2.510423727726e-02
1.234375039502e+00,1.065086895176e+01,1.829770741320e-02
1.234375039502e+00,1.067587583889e+01,1.009023267284e-02
1.234375039502e+00,1.070088272603e+01,1.786527370008e-15
1.255580397317e+00,4.843750155000e-01,2.796357650101e-15
1.255580397317e+00,4.531250145001e-01,1.229352486008e-02
1.255580397317e+00,4.218750135001e-01,2.184800816993e-02
1.255580397317e+00,3.906250125002e-01,2.948678607986e-02
1.255580397317e+00,3.593750115003e-01,3.573326401581e-02
1.255580397317e+00,3.281250105003e-01,4.093609285416e-02
1.255580397317e+00,2.968750095004e-01,4.533648399118e-02
1.255580397317e+00,2.656250085005e-01,4.910663453539e-02
1.255580397317e+00,2.343750075004e-01,5.237276225556e-02
1.255580397318e+00,2.031250065004e-01,5.522949179821e-02
1.255580397318e+00,1.718750055003e-01,5.774915753883e-02
1.255580397318e+00,1.406250045002e-01,5.998800209286e-02
1.255580397318e+00,1.093750035002e-01,6.199041537484e-02
1.255580397318e+00,7.812500250010e-02,6.379190068883e-02
1.255580397318e+00,4.687500150006e-02,6.542119257035e-02
1.255580397318e+00,1.562500050002e-02,6.690179651847e-02
1.265625040499e+00,9.725625230123e+00,4.693886055528e-15
1.265625040499e+00,9.750631836186e+00,1.009013092874e-02
1.265625040499e+00,9.775638442248e+00,1.829754012536e-02
1.265625040499e+00,9.800645048311e+00,2.510402735251e-02
1.265625040499e+00,9.825651654373e+00,3.083992031282e-02
1.265625040499e+00,9.850658260436e+00,3.573926326613e-02
1.265625040499e+00,9.875664866499e+00,3.997251506137e-02
1.265625040499e+00,9.900671472562e+00,4.366676948404e-02
1.265625040499e+00,9.925678078624e+00,4.691872085446e-02
1.265625040499e+00,9.950684684687e+00,4.980324024238e-02
1.265625040499e+00,9.975691290750e+00,5.237920335389e-02
1.265625040499e+00,1.000069789681e+01,5.469354550845e-02
1.265625040499e+00,1.002570450287e+01,5.678414257184e-02
1.265625040499e+00,1.005071110894e+01,5.868189616580e-02
1.265625040500e+00,1.007571771500e+01,6.041226828181e-02
1.265625040500e+00,1.010072432106e+01,6.199642776372e-02
1.265625040500e+00,1.012573092713e+01,6.345211855316e-02
1.265625040500e+00,1.015073753319e+01,6.479432541388e-02
1.265625040500e+00,1.017574413925e+01,6.603579018456e-02
1.265625040500e+00,1.020075074531e+01,6.718741630122e-02
1.265625040500e+00,1.022575735138e+01,6.718741630128e-02
1.265625040500e+00,1.025076395744e+01,6.603579018461e-02
1.265625040500e+00,1.027577056350e+01,6.479432541392e-02
1.265625040500e+00,1.030077716957e+01,6.345211855319e-02
1.265625040500e+00,1.032578377563e+01,6.199642776373e-02
1.265625040501e+00,1.035079038169e+01,6.041226828182e-02
1.265625040501e+00,1.037579698775e+01,5.868189616581e-02
1.265625040501e+00,1.040080359382e+01,5.678414257185e-02
1.265625040501e+00,1.042581019988e+01,5.469354550846e-02
1.265625040501e+00,1.045081680594e+01,5.237920335388e-02
1.265625040501e+00,1.047582341200e+01,4.980324024237e-02
1.265625040501e+00,1.050083001807e+01,4.691872085443e-02
1.265625040501e+00,1.052583662413e+01,4.366676948400e-02
1.265625040501e+00,1.055084323019e+01,3.997251506132e-02
1.265625040501e+00,1.057584983626e+01,3.573926326609e-02
1.265625040501e+00,1.060085644232e+01,3.083992031280e-02
1.265625040501e+00,1.062586304838e+01,2.510402735250e-02
1.265625040501e+00,1.065086965444e+01,1.829754012536e-02
1.265625040502e+00,1.067587626051e+01,1.009013092874e-02
1.265625040502e+00,1.070088286657e+01,2.716755436409e-15
1.289062541245e+00,4.843750155000e-01,1.697788573275e-15
1.289062541245e+00,4.531250145001e-01,1.229352486008e-02
1.289062541245e+00,4.218750135001e-01,2.184800816993e-02
1.289062541245e+00,3.906250125002e-01,2.948678607986e-02
1.289062541245e+00,3.593750115003e-01,3.573326401581e-02
1.289062541246e+00,3.281250105003e-01,4.093609285416e-02
1.289062541246e+00,2.968750095004e-01,4.533648399118e-02
1.289062541246e+00,2.656250085005e-01,4.910663453539e-02
1.289062541246e+00,2.343750075004e-01,5.237276225556e-02
1.289062541246e+00,2.031250065004e-01,5.522949179821e-02
1.289062541246e+00,1.718750055003e-01,5.774915753883e-02
1.289062541246e+00,1.406250045002e-01,5.998800209286e-02
1.289062541246e+00,1.093750035002e-01,6.199041537484e-02
1.289062541246e+00,7.812500250010e-02,6.379190068883e-02
1.289062541247e+00,4.687500150006e-02,6.542119257035e-02
1.289062541247e+00,1.562500050002e-02,6.690179651847e-02
1.296875041499e+00,9.725636332586e+00,1.997398321501e-16
1.296875041499e+00,9.750642657574e+00,1.009002918439e-02
1.296875041499e+00,9.775648982561e+00,1.829737283682e-02
1.296875041499e+00,9.800655307549e+00,2.510381742654e-02
1.296875041499e+00,9.825661632536e+00,3.083968270933e-02
1.296875041499e+00,9.850667957524e+00,3.573900800243e-02
1.296875041499e+00,9.875674282512e+00,3.997224897840e-02
1.296875041499e+00,9.900680607499e+00,4.366649732491e-02
1.296875041499e+00,9.925686932487e+00,4.691844594438e-02
1.296875041499e+00,9.950693257475e+00,4.980296492950e-02
1.296875041499e+00,9.975699582462e+00,5.237892930168e-02
1.296875041499e+00,1.000070590745e+01,5.469327389403e-02
1.296875041500e+00,1.002571223244e+01,5.678387422263e-02
1.296875041500e+00,1.005071855743e+01,5.868163165544e-02
1.296875041500e+00,1.007572488241e+01,6.041200799828e-02
1.296875041500e+00,1.010073120740e+01,6.199617195840e-02
1.296875041500e+00,1.012573753239e+01,6.345186737651e-02
1.296875041500e+00,1.015074385738e+01,6.479407894163e-02
1.296875041500e+00,1.017575018236e+01,6.603554843715e-02
1.296875041500e+00,1.020075650735e+01,6.718717925827e-02
1.296875041500e+00,1.022576283234e+01,6.718717925831e-02
1.296875041500e+00,1.025076915733e+01,6.603554843719e-02
1.296875041500e+00,1.027577548232e+01,6.479407894166e-02
1.296875041500e+00,1.030078180730e+01,6.345186737653e-02
1.296875041500e+00,1.032578813229e+01,6.199617195842e-02
1.296875041500e+00,1.035079445728e+01,6.041200799829e-02
1.296875041501e+00,1.037580078227e+01,5.868163165544e-02
1.296875041501e+00,1.040080710725e+01,5.678387422263e-02
1.296875041501e+00,1.042581343224e+01,5.469327389402e-02
1.296875041501e+00,1.045081975723e+01,5.237892930167e-02
1.296875041501e+00,1.047582608222e+01,4.980296492947e-02
1.296875041501e+00,1.050083240721e+01,4.691844594436e-02
1.296875041501e+00,1.052583873219e+01,4.366649732486e-02
1.296875041501e+00,1.055084505718e+01,3.997224897835e-02
1.296875041501e+00,1.057585138217e+01,3.573900800238e-02
1.296875041501e+00,1.060085770716e+01,3.083968270929e-02
1.296875041501e+00,1.062586403214e+01,2.510381742652e-02
1.296875041501e+00,1.065087035713e+01,1.829737283682e-02
1.296875041502e+00,1.067587668212e+01,1.009002918439e-02
1.296875041502e+00,1.070088300711e+01,2.259798236582e-15
1.322544685173e+00,4.843750155000e-01,5.393033262833e-15
1.322544685174e+00,4.531250145001e-01,1.229352486008e-02
1.322544685174e+00,4.218750135001e-01,2.184800816993e-02
1.322544685174e+00,3.906250125002e-01,2.948678607986e-02
1.322544685174e+00,3.593750115003e-01,3.573326401581e-02
1.322544685174e+00,3.281250105003e-01,4.093609285416e-02
1.322544685174e+00,2.968750095004e-01,4.533648399118e-02
1.322544685174e+00,2.656250085004e-01,4.910663453539e-02
1.322544685174e+00,2.343750075004e-01,5.237276225556e-02
1.322544685175e+00,2.031250065004e-01,5.522949179821e-02
1.322544685175e+00,1.718750055003e-01,5.774915753883e-02
1.322544685175e+00,1.406250045002e-01,5.998800209286e-02
1.322544685175e+00,1.093750035002e-01,6.199041537484e-02
1.322544685175e+00,7.812500250010e-02,6.379190068883e-02
1.322544685175e+00,4.687500150006e-02,6.542119257035e-02
1.322544685175e+00,1.562500050002e-02,6.690179651847e-02
1.328125042499e+00,9.725647435049e+00,1.601036550228e-15
1.328125042499e+00,9.750653478961e+00,1.008992743981e-02
1.328125042499e+00,9.775659522874e+00,1.829720554758e-02
1.328125042499e+00,9.800665566787e+00,2.510360749935e-02
1.328125042499e+00,9.825671610699e+00,3.083944510414e-02
1.328125042499e+00,9.850677654612e+00,3.573875273662e-02
1.328125042499e+00,9.875683698524e+00,3.997198289300e-02
1.328125042499e+00,9.900689742437e+00,4.366622516304e-02
1.328125042499e+00,9.925695786350e+00,4.691817103136e-02
1.328125042499e+00,9.950701830262e+00,4.980268961345e-02
1.328125042499e+00,9.975707874175e+00,5.237865524619e-02
1.328125042499e+00,1.000071391809e+01,5.469300227619e-02
1.328125042499e+00,1.002571996200e+01,5.678360586991e-02
1.328125042500e+00,1.005072600591e+01,5.868136714151e-02
1.328125042500e+00,1.007573204983e+01,6.041174771113e-02
1.328125042500e+00,1.010073809374e+01,6.199591614944e-02
1.328125042500e+00,1.012574413765e+01,6.345161619619e-02
1.328125042500e+00,1.015075018156e+01,6.479383246571e-02
1.328125042500e+00,1.017575622548e+01,6.603530668607e-02
1.328125042500e+00,1.020076226939e+01,6.718694221164e-02
1.328125042500e+00,1.022576831330e+01,6.718694221169e-02
1.328125042500e+00,1.025077435722e+01,6.603530668610e-02
1.328125042500e+00,1.027578040113e+01,6.479383246574e-02
1.328125042500e+00,1.030078644504e+01,6.345161619621e-02
1.328125042500e+00,1.032579248895e+01,6.199591614945e-02
1.328125042501e+00,1.035079853287e+01,6.041174771114e-02
1.328125042501e+00,1.037580457678e+01,5.868136714151e-02
1.328125042501e+00,1.040081062069e+01,5.678360586992e-02
1.328125042501e+00,1.042581666460e+01,5.469300227618e-02
1.328125042501e+00,1.045082270852e+01,5.237865524617e-02
1.328125042501e+00,1.047582875243e+01,4.980268961343e-02
1.328125042501e+00,1.050083479634e+01,4.691817103132e-02
1.328125042501e+00,1.052584084026e+01,4.366622516299e-02
1.328125042501e+00,1.055084688417e+01,3.997198289294e-02
1.328125042501e+00,1.057585292808e+01,3.573875273659e-02
1.328125042501e+00,1.060085897199e+01,3.083944510412e-02
1.328125042501e+00,1.062586501591e+01,2.510360749933e-02
1.328125042501e+00,1.065087105982e+01,1.829720554758e-02
1.328125042502e+00,1.067587710373e+01,1.008992743982e-02
1.328125042502e+00,1.070088314764e+01,8.051770046980e-16
1.356026829102e+00,4.843750155000e-01,2.297143758539e-15
1.356026829102e+00,4.531250145001e-01,1.229352486008e-02
1.356026829102e+00,4.218750135001e-01,2.184800816993e-02
1.356026829102e+00,3.906250125002e-01,2.948678607986e-02
1.356026829102e+00,3.593750115003e-01,3.573326401581e-02
1.356026829102e+00,3.281250105003e-01,4.093609285416e-02
1.356026829103e+00,2.968750095004e-01,4.533648399118e-02
1.356026829103e+00,2.656250085004e-01,4.910663453539e-02
1.356026829103e+00,2.343750075004e-01,5.237276225556e-02
1.356026829103e+00,2.031250065003e-01,5.522949179821e-02
1.356026829103e+00,1.718750055003e-01,5.774915753883e-02
1.356026829103e+00,1.406250045002e-01,5.998800209286e-02
1.356026829103e+00,1.093750035002e-01,6.199041537484e-02
1.356026829104e+00,7.812500250010e-02,6.379190068883e-02
1.356026829104e+00,4.687500150006e-02,6.542119257035e-02
1.356026829104e+00,1.562500050002e-02,6.690179651847e-02
1.359375043499e+00,9.725658537512e+00,1.610354009395e-15
1.359375043499e+00,9.750664300349e+00,1.008982569500e-02
1.359375043499e+00,9.775670063187e+00,1.829703825763e-02
1.359375043499e+00,9.800675826024e+00,2.510339757096e-02
1.359375043499e+00,9.825681588862e+00,3.083920749729e-02
1.359375043499e+00,9.850687351700e+00,3.573849746874e-02
1.359375043499e+00,9.875693114537e+00,3.997171680515e-02
1.359375043499e+00,9.900698877375e+00,4.366595299845e-02
1.359375043499e+00,9.925704640212e+00,4.691789611536e-02
1.359375043499e+00,9.950710403050e+00,4.980241429426e-02
1.359375043499e+00,9.975716165888e+00,5.237838118739e-02
1.359375043500e+00,1.000072192873e+01,5.469273065493e-02
1.359375043500e+00,1.002572769156e+01,5.678333751370e-02
1.359375043500e+00,1.005073345440e+01,5.868110262401e-02
1.359375043500e+00,1.007573921724e+01,6.041148742038e-02
1.359375043500e+00,1.010074498008e+01,6.199566033683e-02
1.359375043500e+00,1.012575074291e+01,6.345136501221e-02
1.359375043500e+00,1.015075650575e+01,6.479358598611e-02
1.359375043500e+00,1.017576226859e+01,6.603506493131e-02
1.359375043500e+00,1.020076803143e+01,6.718670516135e-02
1.359375043500e+00,1.022577379427e+01,6.718670516140e-02
1.359375043500e+00,1.025077955710e+01,6.603506493134e-02
1.359375043500e+00,1.027578531994e+01,6.479358598614e-02
1.359375043500e+00,1.030079108278e+01,6.345136501222e-02
1.359375043500e+00,1.032579684562e+01,6.199566033684e-02
1.359375043501e+00,1.035080260845e+01,6.041148742038e-02
1.359375043501e+00,1.037580837129e+01,5.868110262401e-02
1.359375043501e+00,1.040081413413e+01,5.678333751370e-02
1.359375043501e+00,1.042581989697e+01,5.469273065493e-02
1.359375043501e+00,1.045082565981e+01,5.237838118737e-02
1.359375043501e+00,1.047583142264e+01,4.980241429424e-02
1.359375043501e+00,1.050083718548e+01,4.691789611533e-02
1.359375043501e+00,1.052584294832e+01,4.366595299839e-02
1.359375043501e+00,1.055084871116e+01,3.997171680509e-02
1.359375043501e+00,1.057585447399e+01,3.573849746868e-02
1.359375043501e+00,1.060086023683e+01,3.083920749725e-02
1.359375043501e+00,1.062586599967e+01,2.510339757094e-02
1.359375043501e+00,1.065087176251e+01,1.829703825763e-02
1.359375043501e+00,1.067587752534e+01,1.008982569500e-02
1.359375043501e+00,1.070088328818e+01,2.097268237576e-15
1.389508973030e+00,4.843750155000e-01,4.002591375570e-16
1.389508973030e+00,4.531250145001e-01,1.229352486008e-02
1.389508973031e+00,4.218750135001e-01,2.184800816993e-02
1.389508973031e+00,3.906250125002e-01,2.948678607986e-02
1.389508973031e+00,3.593750115003e-01,3.573326401581e-02
1.389508973031e+00,3.281250105003e-01,4.093609285416e-02
1.389508973031e+00,2.968750095004e-01,4.533648399118e-02
1.389508973031e+00,2.656250085004e-01,4.910663453539e-02
1.389508973031e+00,2.343750075004e-01,5.237276225556e-02
1.389508973032e+00,2.031250065003e-01,5.522949179821e-02
1.389508973032e+00,1.718750055003e-01,5.774915753883e-02
1.389508973032e+00,1.406250045002e-01,5.998800209286e-02
1.389508973032e+00,1.093750035002e-01,6.199041537484e-02
1.389508973032e+00,7.812500250010e-02,6.379190068883e-02
1.389508973032e+00,4.687500150006e-02,6.542119257035e-02
1.389508973032e+00,1.562500050002e-02,6.690179651847e-02
1.390625044499e+00,9.725669639974e+00,2.431991381799e-15
1.390625044499e+00,9.750675121737e+00,1.008972394995e-02
1.390625044499e+00,9.775680603500e+00,1.829687096699e-02
1.390625044499e+00,9.800686085262e+00,2.510318764136e-02
1.390625044499e+00,9.825691567025e+00,3.083896988875e-02
1.390625044499e+00,9.850697048787e+00,3.573824219874e-02
1.390625044499e+00,9.875702530550e+00,3.997145071487e-02
1.390625044499e+00,9.900708012313e+00,4.366568083114e-02
1.390625044499e+00,9.925713494075e+00,4.691762119641e-02
1.390625044499e+00,9.950718975838e+00,4.980213897193e-02
1.390625044500e+00,9.975724457601e+00,5.237810712529e-02
1.390625044500e+00,1.000072993936e+01,5.469245903027e-02
1.390625044500e+00,1.002573542113e+01,5.678306915399e-02
1.390625044500e+00,1.005074090289e+01,5.868083810295e-02
1.390625044500e+00,1.007574638465e+01,6.041122712601e-02
1.390625044500e+00,1.010075186641e+01,6.199540452057e-02
1.390625044500e+00,1.012575734818e+01,6.345111382456e-02
1.390625044500e+00,1.015076282994e+01,6.479333950284e-02
1.390625044500e+00,1.017576831170e+01,6.603482317288e-02
1.390625044500e+00,1.020077379347e+01,6.718646810740e-02
1.390625044500e+00,1.022577927523e+01,6.718646810744e-02
1.390625044500e+00,1.025078475699e+01,6.603482317291e-02
1.390625044500e+00,1.027579023875e+01,6.479333950287e-02
1.390625044500e+00,1.030079572052e+01,6.345111382457e-02
1.390625044500e+00,1.032580120228e+01,6.199540452058e-02
1.390625044500e+00,1.035080668404e+01,6.041122712601e-02
1.390625044500e+00,1.037581216580e+01,5.868083810294e-02
1.390625044501e+00,1.040081764757e+01,5.678306915398e-02
1.390625044501e+00,1.042582312933e+01,5.469245903025e-02
1.390625044501e+00,1.045082861109e+01,5.237810712526e-02
1.390625044501e+00,1.047583409286e+01,4.980213897191e-02
1.390625044501e+00,1.050083957462e+01,4.691762119636e-02
1.390625044501e+00,1.052584505638e+01,4.366568083107e-02
1.390625044501e+00,1.055085053814e+01,3.997145071479e-02
1.390625044501e+00,1.057585601991e+01,3.573824219869e-02
1.390625044501e+00,1.060086150167e+01,3.083896988870e-02
1.390625044501e+00,1.062586698343e+01,2.510318764134e-02
1.390625044501e+00,1.065087246519e+01,1.829687096699e-02
1.390625044501e+00,1.067587794696e+01,1.008972394995e-02
1.390625044501e+00,1.070088342872e+01,1.786527370008e-15
1.421875045499e+00,9.725680742437e+00,6.990894125251e-15
1.421875045499e+00,9.750685943125e+00,1.008962220466e-02
1.421875045499e+00,9.775691143812e+00,1.829670367564e-02
1.421875045499e+00,9.800696344500e+00,2.510297771055e-02
1.421875045499e+00,9.825701545187e+00,3.083873227854e-02
1.421875045499e+00,9.850706745875e+00,3.573798692667e-02
1.421875045499e+00,9.875711946563e+00,3.997118462214e-02
1.421875045499e+00,9.900717147250e+00,4.366540866109e-02
1.421875045499e+00,9.925722347938e+00,4.691734627451e-02
1.421875045499e+00,9.950727548626e+00,4.980186364645e-02
1.421875045499e+00,9.975732749313e+00,5.237783305990e-02
1.421875045500e+00,1.000073795000e+01,5.469218740219e-02
1.421875045500e+00,1.002574315069e+01,5.678280079077e-02
1.421875045500e+00,1.005074835138e+01,5.868057357832e-02
1.421875045500e+00,1.007575355206e+01,6.041096682802e-02
1.421875045500e+00,1.010075875275e+01,6.199514870067e-02
1.421875045500e+00,1.012576395344e+01,6.345086263325e-02
1.421875045500e+00,1.015076915413e+01,6.479309301590e-02
1.421875045500e+00,1.017577435481e+01,6.603458141078e-02
1.421875045500e+00,1.020077955550e+01,6.718623104978e-02
1.421875045500e+00,1.022578475619e+01,6.718623104982e-02
1.421875045500e+00,1.025078995688e+01,6.603458141081e-02
1.421875045500e+00,1.027579515757e+01,6.479309301592e-02
1.421875045500e+00,1.030080035825e+01,6.345086263326e-02
1.421875045500e+00,1.032580555894e+01,6.199514870067e-02
1.421875045501e+00,1.035081075963e+01,6.041096682802e-02
1.421875045501e+00,1.037581596032e+01,5.868057357831e-02
1.421875045501e+00,1.040082116101e+01,5.678280079076e-02
1.421875045501e+00,1.042582636169e+01,5.469218740218e-02
1.421875045501e+00,1.045083156238e+01,5.237783305987e-02
1.421875045501e+00,1.047583676307e+01,4.980186364641e-02
1.421875045501e+00,1.050084196376e+01,4.691734627444e-02
1.421875045501e+00,1.052584716444e+01,4.366540866102e-02
1.421875045501e+00,1.055085236513e+01,3.997118462206e-02
1.421875045501e+00,1.057585756582e+01,3.573798692660e-02
1.421875045501e+00,1.060086276651e+01,3.083873227849e-02
1.421875045501e+00,1.062586796719e+01,2.510297771053e-02
1.421875045501e+00,1.065087316788e+01,1.829670367564e-02
1.421875045501e+00,1.067587836857e+01,1.008962220466e-02
1.421875045501e+00,1.070088356926e+01,1.498048741125e-15
1.422991116959e+00,4.843750155000e-01,3.795138939827e-15
1.422991116959e+00,4.531250145001e-01,1.229352486008e-02
1.422991116959e+00,4.218750135001e-01,2.184800816993e-02
1.422991116959e+00,3.906250125002e-01,2.948678607986e-02
1.422991116959e+00,3.593750115003e-01,3.573326401581e-02
1.422991116959e+00,3.281250105003e-01,4.093609285416e-02
1.422991116960e+00,2.968750095004e-01,4.533648399118e-02
1.422991116960e+00,2.656250085004e-01,4.910663453539e-02
1.422991116960e+00,2.343750075004e-01,5.237276225556e-02
1.422991116960e+00,2.031250065003e-01,5.522949179821e-02
1.422991116960e+00,1.718750055003e-01,5.774915753883e-02
1.422991116960e+00,1.406250045002e-01,5.998800209286e-02
1.422991116960e+00,1.093750035002e-01,6.199041537484e-02
1.422991116961e+00,7.812500250010e-02,6.379190068883e-02
1.422991116961e+00,4.687500150006e-02,6.542119257035e-02
1.422991116961e+00,1.562500050002e-02,6.690179651847e-02
1.453125046499e+00,9.725691844900e+00,1.202593039993e-15
1.453125046499e+00,9.750696764513e+00,1.008952045915e-02
1.453125046499e+00,9.775701684125e+00,1.829653638359e-02
1.453125046499e+00,9.800706603738e+00,2.510276777853e-02
1.453125046499e+00,9.825711523350e+00,3.083849466663e-02
1.453125046499e+00,9.850716442963e+00,3.573773165251e-02
1.453125046499e+00,9.875721362576e+00,3.997091852698e-02
1.453125046499e+00,9.900726282188e+00,4.366513648833e-02
1.453125046499e+00,9.925731201801e+00,4.691707134963e-02
1.453125046500e+00,9.950736121414e+00,4.980158831782e-02
1.453125046500e+00,9.975741041026e+00,5.237755899121e-02
1.453125046500e+00,1.000074596064e+01,5.469191577072e-02
1.453125046500e+00,1.002575088025e+01,5.678253242406e-02
1.453125046500e+00,1.005075579986e+01,5.868030905013e-02
1.453125046500e+00,1.007576071948e+01,6.041070652643e-02
1.453125046500e+00,1.010076563909e+01,6.199489287713e-02
1.453125046500e+00,1.012577055870e+01,6.345061143828e-02
1.453125046500e+00,1.015077547831e+01,6.479284652529e-02
1.453125046500e+00,1.017578039793e+01,6.603433964501e-02
1.453125046500e+00,1.020078531754e+01,6.718599398849e-02
1.453125046500e+00,1.022579023715e+01,6.718599398853e-02
1.453125046500e+00,1.025079515677e+01,6.603433964503e-02
1.453125046500e+00,1.027580007638e+01,6.479284652530e-02
1.453125046500e+00,1.030080499599e+01,6.345061143828e-02
1.453125046500e+00,1.032580991560e+01,6.199489287712e-02
1.453125046500e+00,1.035081483522e+01,6.041070652642e-02
1.453125046500e+00,1.037581975483e+01,5.868030905011e-02
1.453125046500e+00,1.040082467444e+01,5.678253242404e-02
1.453125046501e+00,1.042582959405e+01,5.469191577069e-02
1.453125046501e+00,1.045083451367e+01,5.237755899118e-02
1.453125046501e+00,1.047583943328e+01,4.980158831778e-02
1.453125046501e+00,1.050084435289e+01,4.691707134958e-02
1.453125046501e+00,1.052584927251e+01,4.366513648824e-02
1.453125046501e+00,1.055085419212e+01,3.997091852689e-02
1.453125046501e+00,1.057585911173e+01,3.573773165242e-02
1.453125046501e+00,1.060086403134e+01,3.083849466658e-02
1.453125046501e+00,1.062586895096e+01,2.510276777851e-02
1.453125046501e+00,1.065087387057e+01,1.829653638359e-02
1.453125046501e+00,1.067587879018e+01,1.008952045915e-02
1.453125046501e+00,1.070088370979e+01,9.986991607502e-17
1.456473260887e+00,4.843750155000e-01,5.393033262833e-15
1.456473260887e+00,4.531250145001e-01,1.229352486008e-02
1.456473260887e+00,4.218750135001e-01,2.184800816994e-02
1.456473260888e+00,3.906250125002e-01,2.948678607986e-02
1.456473260888e+00,3.593750115003e-01,3.573326401581e-02
1.456473260888e+00,3.281250105003e-01,4.093609285416e-02
1.456473260888e+00,2.968750095004e-01,4.533648399118e-02
1.456473260888e+00,2.656250085004e-01,4.910663453539e-02
1.456473260888e+00,2.343750075004e-01,5.237276225556e-02
1.456473260889e+00,2.031250065003e-01,5.522949179821e-02
1.456473260889e+00,1.718750055003e-01,5.774915753884e-02
1.456473260889e+00,1.406250045002e-01,5.998800209286e-02
1.456473260889e+00,1.093750035002e-01,6.199041537484e-02
1.456473260889e+00,7.812500250010e-02,6.379190068883e-02
1.456473260889e+00,4.687500150006e-02,6.542119257035e-02
1.456473260889e+00,1.562500050002e-02,6.690179651847e-02
1.484375047499e+00,9.725702947363e+00,1.358377718205e-15
1.484375047499e+00,9.750707585900e+00,1.008941871339e-02
1.484375047499e+00,9.775712224438e+00,1.829636909084e-02
1.484375047499e+00,9.800716862976e+00,2.510255784531e-02
1.484375047499e+00,9.825721501513e+00,3.083825705306e-02
1.484375047499e+00,9.850726140051e+00,3.573747637624e-02
1.484375047499e+00,9.875730778588e+00,3.997065242937e-02
1.484375047499e+00,9.900735417126e+00,4.366486431282e-02
1.484375047500e+00,9.925740055664e+00,4.691679642179e-02
1.484375047500e+00,9.950744694201e+00,4.980131298604e-02
1.484375047500e+00,9.975749332739e+00,5.237728491923e-02
1.484375047500e+00,1.000075397128e+01,5.469164413582e-02
1.484375047500e+00,1.002575860981e+01,5.678226405384e-02
1.484375047500e+00,1.005076324835e+01,5.868004451836e-02
1.484375047500e+00,1.007576788689e+01,6.041044622122e-02
1.484375047500e+00,1.010077252543e+01,6.199463704994e-02
1.484375047500e+00,1.012577716396e+01,6.345036023963e-02
1.484375047500e+00,1.015078180250e+01,6.479260003100e-02
1.484375047500e+00,1.017578644104e+01,6.603409787555e-02
1.484375047500e+00,1.020079107958e+01,6.718575692354e-02
1.484375047500e+00,1.022579571812e+01,6.718575692358e-02
1.484375047500e+00,1.025080035665e+01,6.603409787558e-02
1.484375047500e+00,1.027580499519e+01,6.479260003101e-02
1.484375047500e+00,1.030080963373e+01,6.345036023963e-02
1.484375047500e+00,1.032581427227e+01,6.199463704993e-02
1.484375047500e+00,1.035081891080e+01,6.041044622120e-02
1.484375047500e+00,1.037582354934e+01,5.868004451834e-02
1.484375047500e+00,1.040082818788e+01,5.678226405382e-02
1.484375047501e+00,1.042583282642e+01,5.469164413578e-02
1.484375047501e+00,1.045083746496e+01,5.237728491919e-02
1.484375047501e+00,1.047584210349e+01,4.980131298600e-02
1.484375047501e+00,1.050084674203e+01,4.691679642173e-02
1.484375047501e+00,1.052585138057e+01,4.366486431274e-02
1.484375047501e+00,1.055085601911e+01,3.997065242927e-02
1.484375047501e+00,1.057586065764e+01,3.573747637617e-02
1.484375047501e+00,1.060086529618e+01,3.083825705299e-02
1.484375047501e+00,1.062586993472e+01,2.510255784528e-02
1.484375047501e+00,1.065087457326e+01,1.829636909084e-02
1.484375047501e+00,1.067587921179e+01,1.008941871339e-02
1.484375047501e+00,1.070088385033e+01,2.058871063994e-15
1.489955404816e+00,4.843750155000e-01,6.990894125251e-16
1.489955404816e+00,4.531250145001e-01,1.229352486008e-02
1.489955404816e+00,4.218750135001e-01,2.184800816994e-02
1.489955404816e+00,3.906250125002e-01,2.948678607986e-02
1.489955404816e+00,3.593750115003e-01,3.573326401581e-02
1.489955404816e+00,3.281250105003e-01,4.093609285416e-02
1.489955404817e+00,2.968750095004e-01,4.533648399118e-02
1.489955404817e+00,2.656250085004e-01,4.910663453539e-02
1.489955404817e+00,2.343750075004e-01,5.237276225556e-02
1.489955404817e+00,2.031250065003e-01,5.522949179821e-02
1.489955404817e+00,1.718750055003e-01,5.774915753884e-02
1.489955404817e+00,1.406250045002e-01,5.998800209286e-02
1.489955404817e+00,1.093750035002e-01,6.199041537484e-02
1.489955404818e+00,7.812500250010e-02,6.379190068883e-02
1.489955404818e+00,4.687500150006e-02,6.542119257035e-02
1.489955404818e+00,1.562500050002e-02,6.690179651847e-02
1.515625048499e+00,9.725714049826e+00,1.610354009395e-15
1.515625048499e+00,9.750718407288e+00,1.008931696740e-02
1.515625048499e+00,9.775722764751e+00,1.829620179739e-02
1.515625048499e+00,9.800727122213e+00,2.510234791087e-02
1.515625048499e+00,9.825731479676e+00,3.083801943781e-02
1.515625048499e+00,9.850735837138e+00,3.573722109789e-02
1.515625048499e+00,9.875740194601e+00,3.997038632933e-02
1.515625048499e+00,9.900744552064e+00,4.366459213459e-02
1.515625048499e+00,9.925748909526e+00,4.691652149101e-02
1.515625048499e+00,9.950753266989e+00,4.980103765112e-02
1.515625048500e+00,9.975757624452e+00,5.237701084395e-02
1.515625048500e+00,1.000076198191e+01,5.469137249750e-02
1.515625048500e+00,1.002576633938e+01,5.678199568012e-02
1.515625048500e+00,1.005077069684e+01,5.867977998304e-02
1.515625048500e+00,1.007577505430e+01,6.041018591239e-02
1.515625048500e+00,1.010077941177e+01,6.199438121910e-02
1.515625048500e+00,1.012578376923e+01,6.345010903733e-02
1.515625048500e+00,1.015078812669e+01,6.479235353304e-02
1.515625048500e+00,1.017579248415e+01,6.603385610244e-02
1.515625048500e+00,1.020079684162e+01,6.718551985493e-02
1.515625048500e+00,1.022580119908e+01,6.718551985496e-02
1.515625048500e+00,1.025080555654e+01,6.603385610246e-02
1.515625048500e+00,1.027580991400e+01,6.479235353305e-02
1.515625048500e+00,1.030081427147e+01,6.345010903732e-02
1.515625048500e+00,1.032581862893e+01,6.199438121909e-02
1.515625048500e+00,1.035082298639e+01,6.041018591238e-02
1.515625048500e+00,1.037582734386e+01,5.867977998301e-02
1.515625048501e+00,1.040083170132e+01,5.678199568010e-02
1.515625048501e+00,1.042583605878e+01,5.469137249747e-02
1.515625048501e+00,1.045084041624e+01,5.237701084390e-02
1.515625048501e+00,1.047584477371e+01,4.980103765107e-02
1.515625048501e+00,1.050084913117e+01,4.691652149093e-02
1.515625048501e+00,1.052585348863e+01,4.366459213451e-02
1.515625048501e+00,1.055085784609e+01,3.997038632924e-02
1.515625048501e+00,1.057586220356e+01,3.573722109780e-02
1.515625048501e+00,1.060086656102e+01,3.083801943774e-02
1.515625048501e+00,1.062587091848e+01,2.510234791084e-02
1.515625048501e+00,1.065087527594e+01,1.829620179738e-02
1.515625048501e+00,1.067587963341e+01,1.008931696740e-02
1.515625048501e+00,1.070088399087e+01,1.786527370008e-15
1.523437548744e+00,4.843750155000e-01,1.598698700526e-15
1.523437548744e+00,4.531250145001e-01,1.229352486008e-02
1.523437548744e+00,4.218750135001e-01,2.184800816994e-02
1.523437548745e+00,3.906250125002e-01,2.948678607986e-02
1.523437548745e+00,3.593750115003e-01,3.573326401581e-02
1.523437548745e+00,3.281250105003e-01,4.093609285416e-02
1.523437548745e+00,2.968750095004e-01,4.533648399118e-02
1.523437548745e+00,2.656250085004e-01,4.910663453539e-02
1.523437548745e+00,2.343750075004e-01,5.237276225556e-02
1.523437548746e+00,2.031250065003e-01,5.522949179821e-02
1.523437548746e+00,1.718750055003e-01,5.774915753884e-02
1.523437548746e+00,1.406250045002e-01,5.998800209286e-02
1.523437548746e+00,1.093750035002e-01,6.199041537484e-02
1.523437548746e+00,7.812500250010e-02,6.379190068883e-02
1.523437548746e+00,4.687500150006e-02,6.542119257035e-02
1.523437548746e+00,1.562500050002e-02,6.690179651847e-02
1.546875049499e+00,9.725725152289e+00,1.061631770183e-15
1.546875049499e+00,9.750729228676e+00,1.008921522117e-02
1.546875049499e+00,9.775733305064e+00,1.829603450323e-02
1.546875049499e+00,9.800737381451e+00,2.510213797523e-02
1.546875049499e+00,9.825741457839e+00,3.083778182085e-02
1.546875049499e+00,9.850745534226e+00,3.573696581743e-02
1.546875049500e+00,9.875749610614e+00,3.997012022684e-02
1.546875049500e+00,9.900753687001e+00,4.366431995365e-02
1.546875049500e+00,9.925757763389e+00,4.691624655725e-02
1.546875049500e+00,9.950761839777e+00,4.980076231305e-02
1.546875049500e+00,9.975765916164e+00,5.237673676537e-02
1.546875049500e+00,1.000076999255e+01,5.469110085578e-02
1.546875049500e+00,1.002577406894e+01,5.678172730291e-02
1.546875049500e+00,1.005077814533e+01,5.867951544414e-02
1.546875049500e+00,1.007578222172e+01,6.040992559995e-02
1.546875049500e+00,1.010078629810e+01,6.199412538462e-02
1.546875049500e+00,1.012579037449e+01,6.344985783136e-02
1.546875049500e+00,1.015079445088e+01,6.479210703141e-02
1.546875049500e+00,1.017579852727e+01,6.603361432564e-02
1.546875049500e+00,1.020080260365e+01,6.718528278265e-02
1.546875049500e+00,1.022580668004e+01,6.718528278268e-02
1.546875049500e+00,1.025081075643e+01,6.603361432566e-02
1.546875049500e+00,1.027581483282e+01,6.479210703141e-02
1.546875049500e+00,1.030081890921e+01,6.344985783135e-02
1.546875049500e+00,1.032582298559e+01,6.199412538461e-02
1.546875049500e+00,1.035082706198e+01,6.040992559993e-02
1.546875049500e+00,1.037583113837e+01,5.867951544411e-02
1.546875049500e+00,1.040083521476e+01,5.678172730287e-02
1.546875049500e+00,1.042583929114e+01,5.469110085574e-02
1.546875049500e+00,1.045084336753e+01,5.237673676532e-02
1.546875049500e+00,1.047584744392e+01,4.980076231299e-02
1.546875049501e+00,1.050085152031e+01,4.691624655717e-02
1.546875049501e+00,1.052585559669e+01,4.366431995355e-02
1.546875049501e+00,1.055085967308e+01,3.997012022674e-02
1.546875049501e+00,1.057586374947e+01,3.573696581734e-02
1.546875049501e+00,1.060086782586e+01,3.083778182079e-02
1.546875049501e+00,1.062587190224e+01,2.510213797520e-02
1.546875049501e+00,1.065087597863e+01,1.829603450323e-02
1.546875049501e+00,1.067588005502e+01,1.008921522117e-02
1.546875049501e+00,1.070088413141e+01,1.498048741125e-15
1.556919692673e+00,4.843750155000e-01,9.986991607502e-17
1.556919692673e+00,4.531250145001e-01,1.229352486008e-02
1.556919692673e+00,4.218750135001e-01,2.184800816994e-02
1.556919692673e+00,3.906250125002e-01,2.948678607986e-02
1.556919692673e+00,3.593750115003e-01,3.573326401581e-02
1.556919692673e+00,3.281250105003e-01,4.093609285416e-02
1.556919692674e+00,2.968750095004e-01,4.533648399118e-02
1.556919692674e+00,2.656250085004e-01,4.910663453539e-02
1.556919692674e+00,2.343750075004e-01,5.237276225556e-02
1.556919692674e+00,2.031250065003e-01,5.522949179821e-02
1.556919692674e+00,1.718750055003e-01,5.774915753884e-02
1.556919692674e+00,1.406250045002e-01,5.998800209286e-02
1.556919692674e+00,1.093750035002e-01,6.199041537484e-02
1.556919692675e+00,7.812500250009e-02,6.379190068883e-02
1.556919692675e+00,4.687500150006e-02,6.542119257035e-02
1.556919692675e+00,1.562500050002e-02,6.690179651847e-02
1.578125050499e+00,9.725736254751e+00,7.590113621701e-15
1.578125050499e+00,9.750740050064e+00,1.008911347471e-02
1.578125050499e+00,9.775743845376e+00,1.829586720837e-02
1.578125050499e+00,9.800747640689e+00,2.510192803838e-02
1.578125050499e+00,9.825751436001e+00,3.083754420224e-02
1.578125050499e+00,9.850755231314e+00,3.573671053488e-02
1.578125050499e+00,9.875759026627e+00,3.996985412192e-02
1.578125050499e+00,9.900762821939e+00,4.366404776996e-02
1.578125050500e+00,9.925766617252e+00,4.691597162053e-02
1.578125050500e+00,9.950770412565e+00,4.980048697182e-02
1.578125050500e+00,9.975774207877e+00,5.237646268350e-02
1.578125050500e+00,1.000077800319e+01,5.469082921064e-02
1.578125050500e+00,1.002578179850e+01,5.678145892219e-02
1.578125050500e+00,1.005078559382e+01,5.867925090168e-02
1.578125050500e+00,1.007578938913e+01,6.040966528390e-02
1.578125050500e+00,1.010079318444e+01,6.199386954649e-02
1.578125050500e+00,1.012579697975e+01,6.344960662172e-02
1.578125050500e+00,1.015080077507e+01,6.479186052610e-02
1.578125050500e+00,1.017580457038e+01,6.603337254518e-02
1.578125050500e+00,1.020080836569e+01,6.718504570671e-02
1.578125050500e+00,1.022581216100e+01,6.718504570673e-02
1.578125050500e+00,1.025081595632e+01,6.603337254519e-02
1.578125050500e+00,1.027581975163e+01,6.479186052610e-02
1.578125050500e+00,1.030082354694e+01,6.344960662171e-02
1.578125050500e+00,1.032582734225e+01,6.199386954647e-02
1.578125050500e+00,1.035083113757e+01,6.040966528387e-02
1.578125050500e+00,1.037583493288e+01,5.867925090165e-02
1.578125050500e+00,1.040083872819e+01,5.678145892215e-02
1.578125050500e+00,1.042584252351e+01,5.469082921060e-02
1.578125050501e+00,1.045084631882e+01,5.237646268345e-02
1.578125050501e+00,1.047585011413e+01,4.980048697177e-02
1.578125050501e+00,1.050085390944e+01,4.691597162045e-02
1.578125050501e+00,1.052585770476e+01,4.366404776986e-02
1.578125050501e+00,1.055086150007e+01,3.996985412181e-02
1.578125050501e+00,1.057586529538e+01,3.573671053479e-02
1.578125050501e+00,1.060086909069e+01,3.083754420218e-02
1.578125050501e+00,1.062587288601e+01,2.510192803834e-02
1.578125050501e+00,1.065087668132e+01,1.829586720837e-02
1.578125050501e+00,1.067588047663e+01,1.008911347471e-02
1.578125050501e+00,1.070088427194e+01,1.358377718205e-15
1.590401836601e+00,4.843750155000e-01,3.994796643001e-16
1.590401836601e+00,4.531250145001e-01,1.229352486008e-02
1.590401836602e+00,4.218750135001e-01,2.184800816994e-02
1.590401836602e+00,3.906250125002e-01,2.948678607986e-02
1.590401836602e+00,3.593750115003e-01,3.573326401581e-02
1.590401836602e+00,3.281250105003e-01,4.093609285416e-02
1.590401836602e+00,2.968750095004e-01,4.533648399118e-02
1.590401836602e+00,2.656250085004e-01,4.910663453539e-02
1.590401836602e+00,2.343750075004e-01,5.237276225556e-02
1.590401836603e+00,2.031250065003e-01,5.522949179821e-02
1.590401836603e+00,1.718750055003e-01,5.774915753884e-02
1.590401836603e+00,1.406250045002e-01,5.998800209286e-02
1.590401836603e+00,1.093750035002e-01,6.199041537484e-02
1.590401836603e+00,7.812500250009e-02,6.379190068883e-02
1.590401836603e+00,4.687500150006e-02,6.542119257035e-02
1.590401836603e+00,1.562500050002e-02,6.690179651847e-02
1.609375051499e+00,9.725747357214e+00,1.278958960421e-15
1.609375051499e+00,9.750750871452e+00,1.008901172801e-02
1.609375051499e+00,9.775754385689e+00,1.829569991282e-02
1.609375051499e+00,9.800757899927e+00,2.510171810032e-02
1.609375051499e+00,9.825761414164e+00,3.083730658193e-02
1.609375051499e+00,9.850764928402e+00,3.573645525026e-02
1.609375051500e+00,9.875768442639e+00,3.996958801454e-02
1.609375051500e+00,9.900771956877e+00,4.366377558356e-02
1.609375051500e+00,9.925775471115e+00,4.691569668086e-02
1.609375051500e+00,9.950778985352e+00,4.980021162746e-02
1.609375051500e+00,9.975782499590e+00,5.237618859834e-02
1.609375051500e+00,1.000078601383e+01,5.469055756210e-02
1.609375051500e+00,1.002578952806e+01,5.678119053797e-02
1.609375051500e+00,1.005079304230e+01,5.867898635565e-02
1.609375051500e+00,1.007579655654e+01,6.040940496423e-02
1.609375051500e+00,1.010080007078e+01,6.199361370471e-02
1.609375051500e+00,1.012580358502e+01,6.344935540842e-02
1.609375051500e+00,1.015080709925e+01,6.479161401711e-02
1.609375051500e+00,1.017581061349e+01,6.603313076104e-02
1.609375051500e+00,1.020081412773e+01,6.718480862710e-02
1.609375051500e+00,1.022581764197e+01,6.718480862712e-02
1.609375051500e+00,1.025082115620e+01,6.603313076106e-02
1.609375051500e+00,1.027582467044e+01,6.479161401711e-02
1.609375051500e+00,1.030082818468e+01,6.344935540840e-02
1.609375051500e+00,1.032583169892e+01,6.199361370469e-02
1.609375051500e+00,1.035083521316e+01,6.040940496420e-02
1.609375051500e+00,1.037583872739e+01,5.867898635561e-02
1.609375051500e+00,1.040084224163e+01,5.678119053793e-02
1.609375051500e+00,1.042584575587e+01,5.469055756205e-02
1.609375051500e+00,1.045084927011e+01,5.237618859828e-02
1.609375051500e+00,1.047585278434e+01,4.980021162740e-02
1.609375051501e+00,1.050085629858e+01,4.691569668077e-02
1.609375051501e+00,1.052585981282e+01,4.366377558345e-02
1.609375051501e+00,1.055086332706e+01,3.996958801443e-02
1.609375051501e+00,1.057586684129e+01,3.573645525016e-02
1.609375051501e+00,1.060087035553e+01,3.083730658186e-02
1.609375051501e+00,1.062587386977e+01,2.510171810028e-02
1.609375051501e+00,1.065087738401e+01,1.829569991282e-02
1.609375051501e+00,1.067588089824e+01,1.008901172801e-02
1.609375051501e+00,1.070088441248e+01,2.812362371479e-15
1.623883980530e+00,4.843750155000e-01,2.396877985801e-15
1.623883980530e+00,4.531250145001e-01,1.229352486008e-02
1.623883980530e+00,4.218750135001e-01,2.184800816994e-02
1.623883980530e+00,3.906250125002e-01,2.948678607986e-02
1.623883980530e+00,3.593750115003e-01,3.573326401581e-02
1.623883980531e+00,3.281250105003e-01,4.093609285416e-02
1.623883980531e+00,2.968750095004e-01,4.533648399118e-02
1.623883980531e+00,2.656250085004e-01,4.910663453539e-02
1.623883980531e+00,2.343750075004e-01,5.237276225556e-02
1.623883980531e+00,2.031250065003e-01,5.522949179821e-02
1.623883980531e+00,1.718750055003e-01,5.774915753884e-02
1.623883980531e+00,1.406250045002e-01,5.998800209286e-02
1.623883980531e+00,1.093750035002e-01,6.199041537484e-02
1.623883980532e+00,7.812500250009e-02,6.379190068883e-02
1.623883980532e+00,4.687500150006e-02,6.542119257035e-02
1.623883980532e+00,1.562500050002e-02,6.690179651847e-02
1.640625052499e+00,9.725758459677e+00,1.610354009395e-15
1.640625052500e+00,9.750761692840e+00,1.008890998108e-02
1.640625052500e+00,9.775764926002e+00,1.829553261656e-02
1.640625052500e+00,9.800768159164e+00,2.510150816105e-02
1.640625052500e+00,9.825771392327e+00,3.083706895995e-02
1.640625052500e+00,9.850774625490e+00,3.573619996354e-02
1.640625052500e+00,9.875777858652e+00,3.996932190474e-02
1.640625052500e+00,9.900781091815e+00,4.366350339442e-02
1.640625052500e+00,9.925784324977e+00,4.691542173822e-02
1.640625052500e+00,9.950787558140e+00,4.979993627994e-02
1.640625052500e+00,9.975790791303e+00,5.237591450987e-02
1.640625052500e+00,1.000079402446e+01,5.469028591013e-02
1.640625052500e+00,1.002579725763e+01,5.678092215025e-02
1.640625052500e+00,1.005080049079e+01,5.867872180605e-02
1.640625052500e+00,1.007580372395e+01,6.040914464095e-02
1.640625052500e+00,1.010080695712e+01,6.199335785929e-02
1.640625052500e+00,1.012581019028e+01,6.344910419145e-02
1.640625052500e+00,1.015081342344e+01,6.479136750446e-02
1.640625052500e+00,1.017581665660e+01,6.603288897323e-02
1.640625052500e+00,1.020081988977e+01,6.718457154382e-02
1.640625052500e+00,1.022582312293e+01,6.718457154385e-02
1.640625052500e+00,1.025082635609e+01,6.603288897324e-02
1.640625052500e+00,1.027582958926e+01,6.479136750445e-02
1.640625052500e+00,1.030083282242e+01,6.344910419143e-02
1.640625052500e+00,1.032583605558e+01,6.199335785926e-02
1.640625052500e+00,1.035083928874e+01,6.040914464091e-02
1.640625052500e+00,1.037584252191e+01,5.867872180601e-02
1.640625052500e+00,1.040084575507e+01,5.678092215021e-02
1.640625052500e+00,1.042584898823e+01,5.469028591009e-02
1.640625052500e+00,1.045085222139e+01,5.237591450980e-02
1.640625052500e+00,1.047585545456e+01,4.979993627987e-02
1.640625052500e+00,1.050085868772e+01,4.691542173813e-02
1.640625052500e+00,1.052586192088e+01,4.366350339431e-02
1.640625052500e+00,1.055086515405e+01,3.996932190462e-02
1.640625052500e+00,1.057586838721e+01,3.573619996343e-02
1.640625052501e+00,1.060087162037e+01,3.083706895987e-02
1.640625052501e+00,1.062587485353e+01,2.510150816101e-02
1.640625052501e+00,1.065087808669e+01,1.829553261656e-02
1.640625052501e+00,1.067588131986e+01,1.008890998108e-02
1.640625052501e+00,1.070088455302e+01,9.421709039120e-16
1.657366124459e+00,4.843750155000e-01,1.099703376639e-15
1.657366124459e+00,4.531250145001e-01,1.229352486008e-02
1.657366124459e+00,4.218750135001e-01,2.184800816994e-02
1.657366124459e+00,3.906250125002e-01,2.948678607986e-02
1.657366124459e+00,3.593750115003e-01,3.573326401581e-02
1.657366124459e+00,3.281250105003e-01,4.093609285416e-02
1.657366124459e+00,2.968750095004e-01,4.533648399118e-02
1.657366124459e+00,2.656250085004e-01,4.910663453539e-02
1.657366124460e+00,2.343750075004e-01,5.237276225556e-02
1.657366124460e+00,2.031250065003e-01,5.522949179821e-02
1.657366124460e+00,1.718750055003e-01,5.774915753884e-02
1.657366124460e+00,1.406250045002e-01,5.998800209286e-02
1.657366124460e+00,1.093750035001e-01,6.199041537484e-02
1.657366124460e+00,7.812500250009e-02,6.379190068883e-02
1.657366124460e+00,4.687500150006e-02,6.542119257035e-02
1.657366124460e+00,1.562500050002e-02,6.690179651847e-02
1.671875053499e+00,9.725769562140e+00,5.093365719828e-15
1.671875053499e+00,9.750772514227e+00,1.008880823391e-02
1.671875053499e+00,9.775775466315e+00,1.829536531959e-02
1.671875053500e+00,9.800778418402e+00,2.510129822057e-02
1.671875053500e+00,9.825781370490e+00,3.083683133628e-02
1.671875053500e+00,9.850784322577e+00,3.573594467471e-02
1.671875053500e+00,9.875787274665e+00,3.996905579248e-02
1.671875053500e+00,9.900790226753e+00,4.366323120255e-02
1.671875053500e+00,9.925793178840e+00,4.691514679263e-02
1.671875053500e+00,9.950796130928e+00,4.979966092927e-02
1.671875053500e+00,9.975799083015e+00,5.237564041810e-02
1.671875053500e+00,1.000080203510e+01,5.469001425477e-02
1.671875053500e+00,1.002580498719e+01,5.678065375903e-02
1.671875053500e+00,1.005080793928e+01,5.867845725289e-02
1.671875053500e+00,1.007581089137e+01,6.040888431405e-02
1.671875053500e+00,1.010081384345e+01,6.199310201022e-02
1.671875053500e+00,1.012581679554e+01,6.344885297082e-02
1.671875053500e+00,1.015081974763e+01,6.479112098813e-02
1.671875053500e+00,1.017582269972e+01,6.603264718174e-02
1.671875053500e+00,1.020082565180e+01,6.718433445688e-02
1.671875053500e+00,1.022582860389e+01,6.718433445690e-02
1.671875053500e+00,1.025083155598e+01,6.603264718175e-02
1.671875053500e+00,1.027583450807e+01,6.479112098812e-02
1.671875053500e+00,1.030083746016e+01,6.344885297080e-02
1.671875053500e+00,1.032584041224e+01,6.199310201019e-02
1.671875053500e+00,1.035084336433e+01,6.040888431401e-02
1.671875053500e+00,1.037584631642e+01,5.867845725284e-02
1.671875053500e+00,1.040084926851e+01,5.678065375898e-02
1.671875053500e+00,1.042585222059e+01,5.469001425471e-02
1.671875053500e+00,1.045085517268e+01,5.237564041804e-02
1.671875053500e+00,1.047585812477e+01,4.979966092920e-02
1.671875053500e+00,1.050086107686e+01,4.691514679253e-02
1.671875053501e+00,1.052586402894e+01,4.366323120245e-02
1.671875053501e+00,1.055086698103e+01,3.996905579236e-02
1.671875053501e+00,1.057586993312e+01,3.573594467460e-02
1.671875053501e+00,1.060087288521e+01,3.083683133621e-02
1.671875053501e+00,1.062587583729e+01,2.510129822053e-02
1.671875053501e+00,1.065087878938e+01,1.829536531959e-02
1.671875053501e+00,1.067588174147e+01,1.008880823391e-02
1.671875053501e+00,1.070088469356e+01,2.812362371479e-15
1.690848268387e+00,4.843750155000e-01,1.198438992900e-15
1.690848268387e+00,4.531250145001e-01,1.229352486008e-02
1.690848268388e+00,4.218750135001e-01,2.184800816994e-02
1.690848268388e+00,3.906250125002e-01,2.948678607986e-02
1.690848268388e+00,3.593750115003e-01,3.573326401581e-02
1.690848268388e+00,3.281250105003e-01,4.093609285416e-02
1.690848268388e+00,2.968750095004e-01,4.533648399119e-02
1.690848268388e+00,2.656250085004e-01,4.910663453539e-02
1.690848268388e+00,2.343750075004e-01,5.237276225556e-02
1.690848268388e+00,2.031250065003e-01,5.522949179821e-02
1.690848268388e+00,1.718750055003e-01,5.774915753884e-02
1.690848268388e+00,1.406250045002e-01,5.998800209286e-02
1.690848268389e+00,1.093750035001e-01,6.199041537484e-02
1.690848268389e+00,7.812500250009e-02,6.379190068883e-02
1.690848268389e+00,4.687500150006e-02,6.542119257035e-02
1.690848268389e+00,1.562500050002e-02,6.690179651847e-02
1.703125054500e+00,9.725780664603e+00,5.193235635901e-15
1.703125054500e+00,9.750783335615e+00,1.008870648651e-02
1.703125054500e+00,9.775786006628e+00,1.829519802193e-02
1.703125054500e+00,9.800788677640e+00,2.510108827889e-02
1.703125054500e+00,9.825791348653e+00,3.083659371094e-02
1.703125054500e+00,9.850794019665e+00,3.573568938380e-02
1.703125054500e+00,9.875796690678e+00,3.996878967779e-02
1.703125054500e+00,9.900799361690e+00,4.366295900797e-02
1.703125054500e+00,9.925802032703e+00,4.691487184407e-02
1.703125054500e+00,9.950804703716e+00,4.979938557547e-02
1.703125054500e+00,9.975807374728e+00,5.237536632304e-02
1.703125054500e+00,1.000081004574e+01,5.468974259598e-02
1.703125054500e+00,1.002581271675e+01,5.678038536431e-02
1.703125054500e+00,1.005081538777e+01,5.867819269616e-02
1.703125054500e+00,1.007581805878e+01,6.040862398354e-02
1.703125054500e+00,1.010082072979e+01,6.199284615751e-02
1.703125054500e+00,1.012582340080e+01,6.344860174652e-02
1.703125054500e+00,1.015082607182e+01,6.479087446813e-02
1.703125054500e+00,1.017582874283e+01,6.603240538659e-02
1.703125054500e+00,1.020083141384e+01,6.718409736627e-02
1.703125054500e+00,1.022583408486e+01,6.718409736629e-02
1.703125054500e+00,1.025083675587e+01,6.603240538659e-02
1.703125054500e+00,1.027583942688e+01,6.479087446812e-02
1.703125054500e+00,1.030084209789e+01,6.344860174650e-02
1.703125054500e+00,1.032584476891e+01,6.199284615747e-02
1.703125054500e+00,1.035084743992e+01,6.040862398350e-02
1.703125054500e+00,1.037585011093e+01,5.867819269611e-02
1.703125054500e+00,1.040085278194e+01,5.678038536425e-02
1.703125054500e+00,1.042585545296e+01,5.468974259592e-02
1.703125054500e+00,1.045085812397e+01,5.237536632298e-02
1.703125054500e+00,1.047586079498e+01,4.979938557538e-02
1.703125054500e+00,1.050086346599e+01,4.691487184397e-02
1.703125054500e+00,1.052586613701e+01,4.366295900786e-02
1.703125054500e+00,1.055086880802e+01,3.996878967766e-02
1.703125054500e+00,1.057587147903e+01,3.573568938367e-02
1.703125054500e+00,1.060087415004e+01,3.083659371086e-02
1.703125054501e+00,1.062587682106e+01,2.510108827884e-02
1.703125054501e+00,1.065087949207e+01,1.829519802193e-02
1.703125054501e+00,1.067588216308e+01,1.008870648651e-02
1.703125054501e+00,1.070088483409e+01,1.674124857485e-15
1.724330412316e+00,4.843750155000e-01,5.018401174230e-16
1.724330412316e+00,4.531250145001e-01,1.229352486008e-02
1.724330412316e+00,4.218750135001e-01,2.184800816994e-02
1.724330412316e+00,3.906250125002e-01,2.948678607986e-02
1.724330412316e+00,3.593750115003e-01,3.573326401581e-02
1.724330412317e+00,3.281250105003e-01,4.093609285416e-02
1.724330412317e+00,2.968750095004e-01,4.533648399119e-02
1.724330412317e+00,2.656250085004e-01,4.910663453539e-02
1.724330412317e+00,2.343750075004e-01,5.237276225556e-02
1.724330412317e+00,2.031250065003e-01,5.522949179821e-02
1.724330412317e+00,1.718750055003e-01,5.774915753884e-02
1.724330412317e+00,1.406250045002e-01,5.998800209286e-02
1.724330412317e+00,1.093750035001e-01,6.199041537484e-02
1.724330412317e+00,7.812500250009e-02,6.379190068883e-02
1.724330412317e+00,4.687500150006e-02,6.542119257035e-02
1.724330412318e+00,1.562500050002e-02,6.690179651847e-02
1.734375055500e+00,9.725791767066e+00,3.095967398326e-15
1.734375055500e+00,9.750794157003e+00,1.008860473887e-02
1.734375055500e+00,9.775796546940e+00,1.829503072357e-02
1.734375055500e+00,9.800798936878e+00,2.510087833599e-02
1.734375055500e+00,9.825801326815e+00,3.083635608393e-02
1.734375055500e+00,9.850803716753e+00,3.573543409078e-02
1.734375055500e+00,9.875806106691e+00,3.996852356067e-02
1.734375055500e+00,9.900808496628e+00,4.366268681064e-02
1.734375055500e+00,9.925810886566e+00,4.691459689254e-02
1.734375055500e+00,9.950813276503e+00,4.979911021850e-02
1.734375055500e+00,9.975815666441e+00,5.237509222469e-02
1.734375055500e+00,1.000081805638e+01,5.468947093379e-02
1.734375055500e+00,1.002582044632e+01,5.678011696609e-02
1.734375055500e+00,1.005082283625e+01,5.867792813586e-02
1.734375055500e+00,1.007582522619e+01,6.040836364941e-02
1.734375055500e+00,1.010082761613e+01,6.199259030115e-02
1.734375055500e+00,1.012583000607e+01,6.344835051856e-02
1.734375055500e+00,1.015083239600e+01,6.479062794445e-02
1.734375055500e+00,1.017583478594e+01,6.603216358776e-02
1.734375055500e+00,1.020083717588e+01,6.718386027200e-02
1.734375055500e+00,1.022583956582e+01,6.718386027202e-02
1.734375055500e+00,1.025084195575e+01,6.603216358776e-02
1.734375055500e+00,1.027584434569e+01,6.479062794444e-02
1.734375055500e+00,1.030084673563e+01,6.344835051853e-02
1.734375055500e+00,1.032584912557e+01,6.199259030111e-02
1.734375055500e+00,1.035085151551e+01,6.040836364937e-02
1.734375055500e+00,1.037585390544e+01,5.867792813581e-02
1.734375055500e+00,1.040085629538e+01,5.678011696603e-02
1.734375055500e+00,1.042585868532e+01,5.468947093373e-02
1.734375055500e+00,1.045086107526e+01,5.237509222462e-02
1.734375055500e+00,1.047586346519e+01,4.979911021842e-02
1.734375055500e+00,1.050086585513e+01,4.691459689245e-02
1.734375055500e+00,1.052586824507e+01,4.366268681053e-02
1.734375055500e+00,1.055087063501e+01,3.996852356052e-02
1.734375055500e+00,1.057587302495e+01,3.573543409068e-02
1.734375055500e+00,1.060087541488e+01,3.083635608382e-02
1.734375055500e+00,1.062587780482e+01,2.510087833595e-02
1.734375055500e+00,1.065088019476e+01,1.829503072357e-02
1.734375055500e+00,1.067588258469e+01,1.008860473887e-02
1.734375055501e+00,1.070088497463e+01,4.693886055528e-15
1.757812556245e+00,4.843750155000e-01,7.989593286001e-16
1.757812556245e+00,4.531250145001e-01,1.229352486008e-02
1.757812556245e+00,4.218750135001e-01,2.184800816994e-02
1.757812556245e+00,3.906250125002e-01,2.948678607986e-02
1.757812556245e+00,3.593750115003e-01,3.573326401581e-02
1.757812556245e+00,3.281250105003e-01,4.093609285416e-02
1.757812556245e+00,2.968750095004e-01,4.533648399119e-02
1.757812556245e+00,2.656250085004e-01,4.910663453539e-02
1.757812556246e+00,2.343750075004e-01,5.237276225556e-02
1.757812556246e+00,2.031250065003e-01,5.522949179821e-02
1.757812556246e+00,1.718750055003e-01,5.774915753884e-02
1.757812556246e+00,1.406250045002e-01,5.998800209286e-02
1.757812556246e+00,1.093750035001e-01,6.199041537484e-02
1.757812556246e+00,7.812500250009e-02,6.379190068883e-02
1.757812556246e+00,4.687500150006e-02,6.542119257035e-02
1.757812556246e+00,1.562500050002e-02,6.690179651847e-02
1.765625056500e+00,9.725802869529e+00,1.278958960421e-15
1.765625056500e+00,9.750804978391e+00,1.008850299099e-02
1.765625056500e+00,9.775807087253e+00,1.829486342450e-02
1.765625056500e+00,9.800809196116e+00,2.510066839189e-02
1.765625056500e+00,9.825811304978e+00,3.083611845521e-02
1.765625056500e+00,9.850813413841e+00,3.573517879569e-02
1.765625056500e+00,9.875815522703e+00,3.996825744109e-02
1.765625056500e+00,9.900817631566e+00,4.366241461060e-02
1.765625056500e+00,9.925819740428e+00,4.691432193807e-02
1.765625056500e+00,9.950821849291e+00,4.979883485839e-02
1.765625056500e+00,9.975823958154e+00,5.237481812304e-02
1.765625056500e+00,1.000082606702e+01,5.468919926818e-02
1.765625056500e+00,1.002582817588e+01,5.677984856436e-02
1.765625056500e+00,1.005083028474e+01,5.867766357199e-02
1.765625056500e+00,1.007583239360e+01,6.040810331167e-02
1.765625056500e+00,1.010083450247e+01,6.199233444114e-02
1.765625056500e+00,1.012583661133e+01,6.344809928693e-02
1.765625056500e+00,1.015083872019e+01,6.479038141710e-02
1.765625056500e+00,1.017584082905e+01,6.603192178525e-02
1.765625056500e+00,1.020084293792e+01,6.718362317406e-02
1.765625056500e+00,1.022584504678e+01,6.718362317407e-02
1.765625056500e+00,1.025084715564e+01,6.603192178525e-02
1.765625056500e+00,1.027584926451e+01,6.479038141708e-02
1.765625056500e+00,1.030085137337e+01,6.344809928689e-02
1.765625056500e+00,1.032585348223e+01,6.199233444110e-02
1.765625056500e+00,1.035085559109e+01,6.040810331162e-02
1.765625056500e+00,1.037585769996e+01,5.867766357194e-02
1.765625056500e+00,1.040085980882e+01,5.677984856431e-02
1.765625056500e+00,1.042586191768e+01,5.468919926811e-02
1.765625056500e+00,1.045086402655e+01,5.237481812295e-02
1.765625056500e+00,1.047586613541e+01,4.979883485830e-02
1.765625056500e+00,1.050086824427e+01,4.691432193796e-02
1.765625056500e+00,1.052587035313e+01,4.366241461048e-02
1.765625056500e+00,1.055087246200e+01,3.996825744095e-02
1.765625056500e+00,1.057587457086e+01,3.573517879557e-02
1.765625056500e+00,1.060087667972e+01,3.083611845512e-02
1.765625056500e+00,1.062587878858e+01,2.510066839184e-02
1.765625056501e+00,1.065088089744e+01,1.829486342450e-02
1.765625056501e+00,1.067588300631e+01,1.008850299099e-02
1.765625056501e+00,1.070088511517e+01,1.884341807824e-15
1.791294700174e+00,4.843750155000e-01,5.997394266966e-16
1.791294700174e+00,4.531250145001e-01,1.229352486008e-02
1.791294700174e+00,4.218750135001e-01,2.184800816994e-02
1.791294700174e+00,3.906250125002e-01,2.948678607986e-02
1.791294700174e+00,3.593750115002e-01,3.573326401581e-02
1.791294700174e+00,3.281250105003e-01,4.093609285416e-02
1.791294700174e+00,2.968750095004e-01,4.533648399119e-02
1.791294700174e+00,2.656250085004e-01,4.910663453539e-02
1.791294700174e+00,2.343750075004e-01,5.237276225556e-02
1.791294700174e+00,2.031250065003e-01,5.522949179821e-02
1.791294700174e+00,1.718750055003e-01,5.774915753884e-02
1.791294700174e+00,1.406250045002e-01,5.998800209286e-02
1.791294700174e+00,1.093750035001e-01,6.199041537484e-02
1.791294700174e+00,7.812500250009e-02,6.379190068883e-02
1.791294700175e+00,4.687500150006e-02,6.542119257035e-02
1.791294700175e+00,1.562500050002e-02,6.690179651847e-02
1.796875057500e+00,9.725813971991e+00,1.298308908975e-15
1.796875057500e+00,9.750815799779e+00,1.008840124288e-02
1.796875057500e+00,9.775817627566e+00,1.829469612473e-02
1.796875057500e+00,9.800819455353e+00,2.510045844658e-02
1.796875057500e+00,9.825821283141e+00,3.083588082483e-02
1.796875057500e+00,9.850823110929e+00,3.573492349849e-02
1.796875057500e+00,9.875824938716e+00,3.996799131908e-02
1.796875057500e+00,9.900826766504e+00,4.366214240783e-02
1.796875057500e+00,9.925828594291e+00,4.691404698062e-02
1.796875057500e+00,9.950830422079e+00,4.979855949513e-02
1.796875057500e+00,9.975832249866e+00,5.237454401809e-02
1.796875057500e+00,1.000083407765e+01,5.468892759915e-02
1.796875057500e+00,1.002583590544e+01,5.677958015913e-02
1.796875057500e+00,1.005083773323e+01,5.867739900456e-02
1.796875057500e+00,1.007583956102e+01,6.040784297031e-02
1.796875057500e+00,1.010084138880e+01,6.199207857749e-02
1.796875057500e+00,1.012584321659e+01,6.344784805164e-02
1.796875057500e+00,1.015084504438e+01,6.479013488608e-02
1.796875057500e+00,1.017584687217e+01,6.603167997907e-02
1.796875057500e+00,1.020084869995e+01,6.718338607246e-02
1.796875057500e+00,1.022585052774e+01,6.718338607247e-02
1.796875057500e+00,1.025085235553e+01,6.603167997906e-02
1.796875057500e+00,1.027585418332e+01,6.479013488605e-02
1.796875057500e+00,1.030085601111e+01,6.344784805160e-02
1.796875057500e+00,1.032585783889e+01,6.199207857744e-02
1.796875057500e+00,1.035085966668e+01,6.040784297026e-02
1.796875057500e+00,1.037586149447e+01,5.867739900450e-02
1.796875057500e+00,1.040086332226e+01,5.677958015907e-02
1.796875057500e+00,1.042586515004e+01,5.468892759908e-02
1.796875057500e+00,1.045086697783e+01,5.237454401800e-02
1.796875057500e+00,1.047586880562e+01,4.979855949504e-02
1.796875057500e+00,1.050087063341e+01,4.691404698051e-02
1.796875057500e+00,1.052587246120e+01,4.366214240770e-02
1.796875057500e+00,1.055087428898e+01,3.996799131894e-02
1.796875057500e+00,1.057587611677e+01,3.573492349836e-02
1.796875057500e+00,1.060087794456e+01,3.083588082472e-02
1.796875057500e+00,1.062587977234e+01,2.510045844653e-02
1.796875057500e+00,1.065088160013e+01,1.829469612473e-02
1.796875057500e+00,1.067588342792e+01,1.008840124289e-02
1.796875057500e+00,1.070088525571e+01,1.597918657201e-15
1.824776844102e+00,4.843750155000e-01,1.198699042593e-15
1.824776844103e+00,4.531250145001e-01,1.229352486008e-02
1.824776844103e+00,4.218750135001e-01,2.184800816994e-02
1.824776844103e+00,3.906250125002e-01,2.948678607986e-02
1.824776844103e+00,3.593750115002e-01,3.573326401581e-02
1.824776844103e+00,3.281250105003e-01,4.093609285416e-02
1.824776844103e+00,2.968750095004e-01,4.533648399119e-02
1.824776844103e+00,2.656250085004e-01,4.910663453539e-02
1.824776844103e+00,2.343750075004e-01,5.237276225556e-02
1.824776844103e+00,2.031250065003e-01,5.522949179821e-02
1.824776844103e+00,1.718750055003e-01,5.774915753884e-02
1.824776844103e+00,1.406250045002e-01,5.998800209286e-02
1.824776844103e+00,1.093750035001e-01,6.199041537484e-02
1.824776844103e+00,7.812500250009e-02,6.379190068883e-02
1.824776844103e+00,4.687500150006e-02,6.542119257035e-02
1.824776844103e+00,1.562500050002e-02,6.690179651847e-02
1.828125058500e+00,9.725825074454e+00,1.358377718205e-15
1.828125058500e+00,9.750826621166e+00,1.008829949454e-02
1.828125058500e+00,9.775828167879e+00,1.829452882425e-02
1.828125058500e+00,9.800829714591e+00,2.510024850006e-02
1.828125058500e+00,9.825831261304e+00,3.083564319275e-02
1.828125058500e+00,9.850832808016e+00,3.573466819919e-02
1.828125058500e+00,9.875834354729e+00,3.996772519462e-02
1.828125058500e+00,9.900835901441e+00,4.366187020232e-02
1.828125058500e+00,9.925837448154e+00,4.691377202022e-02
1.828125058500e+00,9.950838994867e+00,4.979828412873e-02
1.828125058500e+00,9.975840541579e+00,5.237426990984e-02
1.828125058500e+00,1.000084208829e+01,5.468865592672e-02
1.828125058500e+00,1.002584363500e+01,5.677931175041e-02
1.828125058500e+00,1.005084518172e+01,5.867713443356e-02
1.828125058500e+00,1.007584672843e+01,6.040758262534e-02
1.828125058500e+00,1.010084827514e+01,6.199182271018e-02
1.828125058500e+00,1.012584982186e+01,6.344759681268e-02
1.828125058500e+00,1.015085136857e+01,6.478988835138e-02
1.828125058500e+00,1.017585291528e+01,6.603143816922e-02
1.828125058500e+00,1.020085446199e+01,6.718314896719e-02
1.828125058500e+00,1.022585600870e+01,6.718314896719e-02
1.828125058500e+00,1.025085755542e+01,6.603143816921e-02
1.828125058500e+00,1.027585910213e+01,6.478988835135e-02
1.828125058500e+00,1.030086064884e+01,6.344759681264e-02
1.828125058500e+00,1.032586219556e+01,6.199182271013e-02
1.828125058500e+00,1.035086374227e+01,6.040758262529e-02
1.828125058500e+00,1.037586528898e+01,5.867713443350e-02
1.828125058500e+00,1.040086683570e+01,5.677931175034e-02
1.828125058500e+00,1.042586838241e+01,5.468865592664e-02
1.828125058500e+00,1.045086992912e+01,5.237426990976e-02
1.828125058500e+00,1.047587147583e+01,4.979828412863e-02
1.828125058500e+00,1.050087302255e+01,4.691377202011e-02
1.828125058500e+00,1.052587456926e+01,4.366187020219e-02
1.828125058500e+00,1.055087611597e+01,3.996772519448e-02
1.828125058500e+00,1.057587766268e+01,3.573466819907e-02
1.828125058500e+00,1.060087920939e+01,3.083564319266e-02
1.828125058500e+00,1.062588075611e+01,2.510024850001e-02
1.828125058500e+00,1.065088230282e+01,1.829452882425e-02
1.828125058500e+00,1.067588384953e+01,1.008829949454e-02
1.828125058500e+00,1.070088539624e+01,9.986991607502e-16
1.858258988031e+00,4.843750155000e-01,9.986991607502e-17
1.858258988031e+00,4.531250145001e-01,1.229352486008e-02
1.858258988031e+00,4.218750135001e-01,2.184800816994e-02
1.858258988031e+00,3.906250125002e-01,2.948678607986e-02
1.858258988031e+00,3.593750115002e-01,3.573326401581e-02
1.858258988031e+00,3.281250105003e-01,4.093609285416e-02
1.858258988031e+00,2.968750095004e-01,4.533648399119e-02
1.858258988031e+00,2.656250085004e-01,4.910663453539e-02
1.858258988031e+00,2.343750075004e-01,5.237276225556e-02
1.858258988031e+00,2.031250065003e-01,5.522949179821e-02
1.858258988031e+00,1.718750055003e-01,5.774915753884e-02
1.858258988031e+00,1.406250045002e-01,5.998800209286e-02
1.858258988031e+00,1.093750035001e-01,6.199041537484e-02
1.858258988031e+00,7.812500250009e-02,6.379190068883e-02
1.858258988031e+00,4.687500150006e-02,6.542119257035e-02
1.858258988031e+00,1.562500050002e-02,6.690179651847e-02
1.859375059500e+00,9.725836176917e+00,9.322202700662e-15
1.859375059500e+00,9.750837442554e+00,1.008819774596e-02
1.859375059500e+00,9.775838708192e+00,1.829436152308e-02
1.859375059500e+00,9.800839973829e+00,2.510003855233e-02
1.859375059500e+00,9.825841239467e+00,3.083540555901e-02
1.859375059500e+00,9.850842505104e+00,3.573441289782e-02
1.859375059500e+00,9.875843770742e+00,3.996745906774e-02
1.859375059500e+00,9.900845036379e+00,4.366159799410e-02
1.859375059500e+00,9.925846302017e+00,4.691349705686e-02
1.859375059500e+00,9.950847567655e+00,4.979800875917e-02
1.859375059500e+00,9.975848833292e+00,5.237399579830e-02
1.859375059500e+00,1.000085009893e+01,5.468838425087e-02
1.859375059500e+00,1.002585136457e+01,5.677904333818e-02
1.859375059500e+00,1.005085263021e+01,5.867686985899e-02
1.859375059500e+00,1.007585389584e+01,6.040732227676e-02
1.859375059500e+00,1.010085516148e+01,6.199156683923e-02
1.859375059500e+00,1.012585642712e+01,6.344734557005e-02
1.859375059500e+00,1.015085769276e+01,6.478964181300e-02
1.859375059500e+00,1.017585895839e+01,6.603119635569e-02
1.859375059500e+00,1.020086022403e+01,6.718291185825e-02
1.859375059500e+00,1.022586148967e+01,6.718291185826e-02
1.859375059500e+00,1.025086275531e+01,6.603119635568e-02
1.859375059500e+00,1.027586402094e+01,6.478964181298e-02
1.859375059500e+00,1.030086528658e+01,6.344734557001e-02
1.859375059500e+00,1.032586655222e+01,6.199156683919e-02
1.859375059500e+00,1.035086781786e+01,6.040732227670e-02
1.859375059500e+00,1.037586908349e+01,5.867686985893e-02
1.859375059500e+00,1.040087034913e+01,5.677904333811e-02
1.859375059500e+00,1.042587161477e+01,5.468838425079e-02
1.859375059500e+00,1.045087288041e+01,5.237399579821e-02
1.859375059500e+00,1.047587414604e+01,4.979800875906e-02
1.859375059500e+00,1.050087541168e+01,4.691349705674e-02
1.859375059500e+00,1.052587667732e+01,4.366159799396e-02
1.859375059500e+00,1.055087794296e+01,3.996745906758e-02
1.859375059500e+00,1.057587920859e+01,3.573441289768e-02
1.859375059500e+00,1.060088047423e+01,3.083540555890e-02
1.859375059500e+00,1.062588173987e+01,2.510003855228e-02
1.859375059500e+00,1.065088300551e+01,1.829436152308e-02
1.859375059500e+00,1.067588427114e+01,1.008819774596e-02
1.859375059500e+00,1.070088553678e+01,2.244297232788e-15
1.890625060500e+00,9.725847279380e+00,6.891024209178e-15
1.890625060500e+00,9.750848263942e+00,1.008809599714e-02
1.890625060500e+00,9.775849248504e+00,1.829419422121e-02
1.890625060500e+00,9.800850233067e+00,2.509982860339e-02
1.890625060500e+00,9.825851217629e+00,3.083516792357e-02
1.890625060500e+00,9.850852202192e+00,3.573415759434e-02
1.890625060500e+00,9.875853186754e+00,3.996719293840e-02
1.890625060500e+00,9.900854171317e+00,4.366132578313e-02
1.890625060500e+00,9.925855155880e+00,4.691322209053e-02
1.890625060500e+00,9.950856140442e+00,4.979773338646e-02
1.890625060500e+00,9.975857125005e+00,5.237372168346e-02
1.890625060500e+00,1.000085810957e+01,5.468811257162e-02
1.890625060500e+00,1.002585909413e+01,5.677877492246e-02
1.890625060500e+00,1.005086007869e+01,5.867660528086e-02
1.890625060500e+00,1.007586106325e+01,6.040706192456e-02
1.890625060500e+00,1.010086204782e+01,6.199131096465e-02
1.890625060500e+00,1.012586303238e+01,6.344709432376e-02
1.890625060500e+00,1.015086401694e+01,6.478939527095e-02
1.890625060500e+00,1.017586500151e+01,6.603095453849e-02
1.890625060500e+00,1.020086598607e+01,6.718267474565e-02
1.890625060500e+00,1.022586697063e+01,6.718267474565e-02
1.890625060500e+00,1.025086795519e+01,6.603095453848e-02
1.890625060500e+00,1.027586893976e+01,6.478939527092e-02
1.890625060500e+00,1.030086992432e+01,6.344709432371e-02
1.890625060500e+00,1.032587090888e+01,6.199131096459e-02
1.890625060500e+00,1.035087189344e+01,6.040706192450e-02
1.890625060500e+00,1.037587287801e+01,5.867660528079e-02
1.890625060500e+00,1.040087386257e+01,5.677877492238e-02
1.890625060500e+00,1.042587484713e+01,5.468811257153e-02
1.890625060500e+00,1.045087583170e+01,5.237372168336e-02
1.890625060500e+00,1.047587681626e+01,4.979773338635e-02
1.890625060500e+00,1.050087780082e+01,4.691322209041e-02
1.890625060500e+00,1.052587878538e+01,4.366132578300e-02
1.890625060500e+00,1.055087976995e+01,3.996719293824e-02
1.890625060500e+00,1.057588075451e+01,3.573415759422e-02
1.890625060500e+00,1.060088173907e+01,3.083516792346e-02
1.890625060500e+00,1.062588272363e+01,2.509982860333e-02
1.890625060500e+00,1.065088370819e+01,1.829419422121e-02
1.890625060500e+00,1.067588469276e+01,1.008809599715e-02
1.890625060500e+00,1.070088567732e+01,3.976026938651e-15
1.891741131960e+00,4.843750155000e-01,2.596617817951e-15
1.891741131960e+00,4.531250145001e-01,1.229352486008e-02
1.891741131960e+00,4.218750135001e-01,2.184800816994e-02
1.891741131960e+00,3.906250125002e-01,2.948678607986e-02
1.891741131960e+00,3.593750115002e-01,3.573326401581e-02
1.891741131960e+00,3.281250105003e-01,4.093609285416e-02
1.891741131960e+00,2.968750095004e-01,4.533648399119e-02
1.891741131960e+00,2.656250085004e-01,4.910663453539e-02
1.891741131960e+00,2.343750075004e-01,5.237276225556e-02
1.891741131960e+00,2.031250065003e-01,5.522949179821e-02
1.891741131960e+00,1.718750055003e-01,5.774915753884e-02
1.891741131960e+00,1.406250045002e-01,5.998800209286e-02
1.891741131960e+00,1.093750035001e-01,6.199041537484e-02
1.891741131960e+00,7.812500250009e-02,6.379190068883e-02
1.891741131960e+00,4.687500150005e-02,6.542119257035e-02
1.891741131960e+00,1.562500050002e-02,6.690179651847e-02
1.921875061500e+00,9.725858381843e+00,7.036400832760e-15
1.921875061500e+00,9.750859085330e+00,1.008799424809e-02
1.921875061500e+00,9.775859788817e+00,1.829402691863e-02
1.921875061500e+00,9.800860492305e+00,2.509961865325e-02
1.921875061500e+00,9.825861195792e+00,3.083493028647e-02
1.921875061500e+00,9.850861899280e+00,3.573390228879e-02
1.921875061500e+00,9.875862602767e+00,3.996692680663e-02
1.921875061500e+00,9.900863306255e+00,4.366105356946e-02
1.921875061500e+00,9.925864009742e+00,4.691294712124e-02
1.921875061500e+00,9.950864713230e+00,4.979745801062e-02
1.921875061500e+00,9.975865416718e+00,5.237344756533e-02
1.921875061500e+00,1.000086612020e+01,5.468784088894e-02
1.921875061500e+00,1.002586682369e+01,5.677850650322e-02
1.921875061500e+00,1.005086752718e+01,5.867634069916e-02
1.921875061500e+00,1.007586823067e+01,6.040680156874e-02
1.921875061500e+00,1.010086893416e+01,6.199105508640e-02
1.921875061500e+00,1.012586963764e+01,6.344684307380e-02
1.921875061500e+00,1.015087034113e+01,6.478914872523e-02
1.921875061500e+00,1.017587104462e+01,6.603071271761e-02
1.921875061500e+00,1.020087174811e+01,6.718243762938e-02
1.921875061500e+00,1.022587245159e+01,6.718243762938e-02
1.921875061500e+00,1.025087315508e+01,6.603071271760e-02
1.921875061500e+00,1.027587385857e+01,6.478914872520e-02
1.921875061500e+00,1.030087456206e+01,6.344684307375e-02
1.921875061500e+00,1.032587526554e+01,6.199105508634e-02
1.921875061500e+00,1.035087596903e+01,6.040680156868e-02
1.921875061500e+00,1.037587667252e+01,5.867634069908e-02
1.921875061500e+00,1.040087737601e+01,5.677850650314e-02
1.921875061500e+00,1.042587807949e+01,5.468784088885e-02
1.921875061500e+00,1.045087878298e+01,5.237344756522e-02
1.921875061500e+00,1.047587948647e+01,4.979745801050e-02
1.921875061500e+00,1.050088018996e+01,4.691294712112e-02
1.921875061500e+00,1.052588089345e+01,4.366105356931e-02
1.921875061500e+00,1.055088159693e+01,3.996692680646e-02
1.921875061500e+00,1.057588230042e+01,3.573390228864e-02
1.921875061500e+00,1.060088300391e+01,3.083493028636e-02
1.921875061500e+00,1.062588370739e+01,2.509961865319e-02
1.921875061500e+00,1.065088441088e+01,1.829402691863e-02
1.921875061500e+00,1.067588511437e+01,1.008799424809e-02
1.921875061500e+00,1.070088581786e+01,3.752770735498e-15
1.925223275888e+00,1.562500050002e-02,6.690179651847e-02
1.925223275888e+00,4.687500150005e-02,6.542119257035e-02
1.925223275888e+00,7.812500250009e-02,6.379190068883e-02
1.925223275888e+00,1.093750035001e-01,6.199041537484e-02
1.925223275888e+00,1.406250045002e-01,5.998800209286e-02
1.925223275889e+00,1.718750055003e-01,5.774915753884e-02
1.925223275889e+00,2.031250065003e-01,5.522949179821e-02
1.925223275889e+00,2.343750075004e-01,5.237276225556e-02
1.925223275889e+00,2.656250085004e-01,4.910663453539e-02
1.925223275889e+00,2.968750095004e-01,4.533648399119e-02
1.925223275889e+00,3.281250105003e-01,4.093609285416e-02
1.925223275889e+00,3.593750115002e-01,3.573326401581e-02
1.925223275889e+00,3.906250125002e-01,2.948678607986e-02
1.925223275889e+00,4.218750135001e-01,2.184800816994e-02
1.925223275889e+00,4.531250145001e-01,1.229352486008e-02
1.925223275889e+00,4.843750155000e-01,1.098569076825e-15
1.953125062500e+00,9.725869484306e+00,2.812362371479e-15
1.953125062500e+00,9.750869906718e+00,1.008789249881e-02
1.953125062500e+00,9.775870329130e+00,1.829385961535e-02
1.953125062500e+00,9.800870751542e+00,2.509940870189e-02
1.953125062500e+00,9.825871173955e+00,3.083469264766e-02
1.953125062500e+00,9.850871596367e+00,3.573364698112e-02
1.953125062500e+00,9.875872018780e+00,3.996666067241e-02
1.953125062500e+00,9.900872441193e+00,4.366078135304e-02
1.953125062500e+00,9.925872863605e+00,4.691267214900e-02
1.953125062500e+00,9.950873286018e+00,4.979718263161e-02
1.953125062500e+00,9.975873708430e+00,5.237317344389e-02
1.953125062500e+00,1.000087413084e+01,5.468756920286e-02
1.953125062500e+00,1.002587455326e+01,5.677823808049e-02
1.953125062500e+00,1.005087497567e+01,5.867607611389e-02
1.953125062500e+00,1.007587539808e+01,6.040654120931e-02
1.953125062500e+00,1.010087582049e+01,6.199079920451e-02
1.953125062500e+00,1.012587624291e+01,6.344659182018e-02
1.953125062500e+00,1.015087666532e+01,6.478890217584e-02
1.953125062500e+00,1.017587708773e+01,6.603047089307e-02
1.953125062500e+00,1.020087751014e+01,6.718220050944e-02
1.953125062500e+00,1.022587793256e+01,6.718220050944e-02
1.953125062500e+00,1.025087835497e+01,6.603047089305e-02
1.953125062500e+00,1.027587877738e+01,6.478890217580e-02
1.953125062500e+00,1.030087919980e+01,6.344659182013e-02
1.953125062500e+00,1.032587962221e+01,6.199079920445e-02
1.953125062500e+00,1.035088004462e+01,6.040654120924e-02
1.953125062500e+00,1.037588046703e+01,5.867607611381e-02
1.953125062500e+00,1.040088088945e+01,5.677823808040e-02
1.953125062500e+00,1.042588131186e+01,5.468756920276e-02
1.953125062500e+00,1.045088173427e+01,5.237317344379e-02
1.953125062500e+00,1.047588215668e+01,4.979718263149e-02
1.953125062500e+00,1.050088257910e+01,4.691267214887e-02
1.953125062500e+00,1.052588300151e+01,4.366078135289e-02
1.953125062500e+00,1.055088342392e+01,3.996666067224e-02
1.953125062500e+00,1.057588384633e+01,3.573364698097e-02
1.953125062500e+00,1.060088426875e+01,3.083469264756e-02
1.953125062500e+00,1.062588469116e+01,2.509940870183e-02
1.953125062500e+00,1.065088511357e+01,1.829385961535e-02
1.953125062500e+00,1.067588553598e+01,1.008789249881e-02
1.953125062500e+00,1.070088595839e+01,1.398178825050e-15
1.958705419817e+00,1.562500050002e-02,6.690179651847e-02
1.958705419817e+00,4.687500150005e-02,6.542119257035e-02
1.958705419817e+00,7.812500250009e-02,6.379190068883e-02
1.958705419817e+00,1.093750035001e-01,6.199041537484e-02
1.958705419817e+00,1.406250045002e-01,5.998800209286e-02
1.958705419817e+00,1.718750055003e-01,5.774915753884e-02
1.958705419817e+00,2.031250065003e-01,5.522949179821e-02
1.958705419817e+00,2.343750075004e-01,5.237276225556e-02
1.958705419817e+00,2.656250085004e-01,4.910663453539e-02
1.958705419817e+00,2.968750095004e-01,4.533648399119e-02
1.958705419817e+00,3.281250105003e-01,4.093609285416e-02
1.958705419817e+00,3.593750115002e-01,3.573326401581e-02
1.958705419817e+00,3.906250125002e-01,2.948678607986e-02
1.958705419817e+00,4.218750135001e-01,2.184800816994e-02
1.958705419817e+00,4.531250145001e-01,1.229352486008e-02
1.958705419818e+00,4.843750155000e-01,1.298548958697e-15
1.984375063500e+00,9.725880586768e+00,8.427032750279e-15
1.984375063500e+00,9.750880728106e+00,1.008779074928e-02
1.984375063500e+00,9.775880869443e+00,1.829369231136e-02
1.984375063500e+00,9.800881010780e+00,2.509919874932e-02
1.984375063500e+00,9.825881152118e+00,3.083445500720e-02
1.984375063500e+00,9.850881293455e+00,3.573339167137e-02
1.984375063500e+00,9.875881434793e+00,3.996639453575e-02
1.984375063500e+00,9.900881576130e+00,4.366050913391e-02
1.984375063500e+00,9.925881717468e+00,4.691239717379e-02
1.984375063500e+00,9.950881858806e+00,4.979690724946e-02
1.984375063500e+00,9.975882000143e+00,5.237289931916e-02
1.984375063500e+00,1.000088214148e+01,5.468729751336e-02
1.984375063500e+00,1.002588228282e+01,5.677796965426e-02
1.984375063500e+00,1.005088242416e+01,5.867581152505e-02
1.984375063500e+00,1.007588256549e+01,6.040628084627e-02
1.984375063500e+00,1.010088270683e+01,6.199054331898e-02
1.984375063500e+00,1.012588284817e+01,6.344634056289e-02
1.984375063500e+00,1.015088298951e+01,6.478865562277e-02
1.984375063500e+00,1.017588313084e+01,6.603022906485e-02
1.984375063500e+00,1.020088327218e+01,6.718196338584e-02
1.984375063500e+00,1.022588341352e+01,6.718196338584e-02
1.984375063500e+00,1.025088355486e+01,6.603022906482e-02
1.984375063500e+00,1.027588369620e+01,6.478865562273e-02
1.984375063500e+00,1.030088383753e+01,6.344634056284e-02
1.984375063500e+00,1.032588397887e+01,6.199054331891e-02
1.984375063500e+00,1.035088412021e+01,6.040628084619e-02
1.984375063500e+00,1.037588426154e+01,5.867581152497e-02
1.984375063500e+00,1.040088440288e+01,5.677796965417e-02
1.984375063500e+00,1.042588454422e+01,5.468729751325e-02
1.984375063500e+00,1.045088468556e+01,5.237289931904e-02
1.984375063500e+00,1.047588482689e+01,4.979690724934e-02
1.984375063500e+00,1.050088496823e+01,4.691239717366e-02
1.984375063500e+00,1.052588510957e+01,4.366050913375e-02
1.984375063500e+00,1.055088525091e+01,3.996639453557e-02
1.984375063500e+00,1.057588539225e+01,3.573339167123e-02
1.984375063500e+00,1.060088553358e+01,3.083445500709e-02
1.984375063500e+00,1.062588567492e+01,2.509919874927e-02
1.984375063500e+00,1.065088581626e+01,1.829369231135e-02
1.984375063500e+00,1.067588595759e+01,1.008779074928e-02
1.984375063500e+00,1.070088609893e+01,1.761791373172e-14
1.992187563745e+00,1.562500050002e-02,6.690179651847e-02
1.992187563745e+00,4.687500150005e-02,6.542119257035e-02
1.992187563745e+00,7.812500250009e-02,6.379190068883e-02
1.992187563746e+00,1.093750035001e-01,6.199041537484e-02
1.992187563746e+00,1.406250045002e-01,5.998800209286e-02
1.992187563746e+00,1.718750055003e-01,5.774915753884e-02
1.992187563746e+00,2.031250065003e-01,5.522949179821e-02
1.992187563746e+00,2.343750075004e-01,5.237276225556e-02
1.992187563746e+00,2.656250085004e-01,4.910663453539e-02
1.992187563746e+00,2.968750095004e-01,4.533648399119e-02
1.992187563746e+00,3.281250105003e-01,4.093609285416e-02
1.992187563746e+00,3.593750115002e-01,3.573326401581e-02
1.992187563746e+00,3.906250125002e-01,2.948678607986e-02
1.992187563746e+00,4.218750135001e-01,2.184800816994e-02
1.992187563746e+00,4.531250145001e-01,1.229352486008e-02
1.992187563746e+00,4.843750155000e-01,2.896227566176e-15
2.025669707674e+00,1.562500050002e-02,6.690179651847e-02
2.025669707674e+00,4.687500150005e-02,6.542119257035e-02
2.025669707674e+00,7.812500250009e-02,6.379190068883e-02
2.025669707674e+00,1.093750035001e-01,6.199041537484e-02
2.025669707674e+00,1.406250045002e-01,5.998800209286e-02
2.025669707674e+00,1.718750055003e-01,5.774915753884e-02
2.025669707674e+00,2.031250065003e-01,5.522949179821e-02
2.025669707674e+00,2.343750075004e-01,5.237276225556e-02
2.025669707675e+00,2.656250085004e-01,4.910663453539e-02
2.025669707675e+00,2.968750095004e-01,4.533648399119e-02
2.025669707675e+00,3.281250105003e-01,4.093609285416e-02
2.025669707675e+00,3.593750115002e-01,3.573326401581e-02
2.025669707675e+00,3.906250125002e-01,2.948678607986e-02
2.025669707675e+00,4.218750135001e-01,2.184800816994e-02
2.025669707675e+00,4.531250145001e-01,1.229352486008e-02
2.025669707675e+00,4.843750155000e-01,1.399070236569e-15
2.059151851602e+00,1.562500050002e-02,6.690179651847e-02
2.059151851602e+00,4.687500150005e-02,6.542119257035e-02
2.059151851603e+00,7.812500250009e-02,6.379190068883e-02
2.059151851603e+00,1.093750035001e-01,6.199041537484e-02
2.059151851603e+00,1.406250045002e-01,5.998800209286e-02
2.059151851603e+00,1.718750055002e-01,5.774915753884e-02
2.059151851603e+00,2.031250065003e-01,5.522949179821e-02
2.059151851603e+00,2.343750075004e-01,5.237276225557e-02
2.059151851603e+00,2.656250085004e-01,4.910663453539e-02
2.059151851603e+00,2.968750095004e-01,4.533648399119e-02
2.059151851603e+00,3.281250105003e-01,4.093609285416e-02
2.059151851603e+00,3.593750115002e-01,3.573326401581e-02
2.059151851604e+00,3.906250125002e-01,2.948678607986e-02
2.059151851604e+00,4.218750135001e-01,2.184800816994e-02
2.059151851604e+00,4.531250145001e-01,1.229352486008e-02
2.059151851604e+00,4.843750155000e-01,4.064411116832e-16
2.092633995531e+00,1.562500050002e-02,6.690179651847e-02
2.092633995531e+00,4.687500150005e-02,6.542119257035e-02
2.092633995531e+00,7.812500250009e-02,6.379190068883e-02
2.092633995531e+00,1.093750035001e-01,6.199041537484e-02
2.092633995531e+00,1.406250045002e-01,5.998800209286e-02
2.092633995531e+00,1.718750055002e-01,5.774915753884e-02
2.092633995531e+00,2.031250065003e-01,5.522949179821e-02
2.092633995532e+00,2.343750075004e-01,5.237276225557e-02
2.092633995532e+00,2.656250085004e-01,4.910663453539e-02
2.092633995532e+00,2.968750095004e-01,4.533648399119e-02
2.092633995532e+00,3.281250105003e-01,4.093609285416e-02
2.092633995532e+00,3.593750115002e-01,3.573326401581e-02
2.092633995532e+00,3.906250125002e-01,2.948678607986e-02
2.092633995532e+00,4.218750135001e-01,2.184800816994e-02
2.092633995532e+00,4.531250145001e-01,1.229352486008e-02
2.092633995533e+00,4.843750155000e-01,4.002591375570e-16
2.126116139459e+00,1.562500050002e-02,6.690179651847e-02
2.126116139459e+00,4.687500150005e-02,6.542119257035e-02
2.126116139459e+00,7.812500250008e-02,6.379190068883e-02
2.126116139460e+00,1.093750035001e-01,6.199041537484e-02
2.126116139460e+00,1.406250045002e-01,5.998800209286e-02
2.126116139460e+00,1.718750055002e-01,5.774915753884e-02
2.126116139460e+00,2.031250065003e-01,5.522949179821e-02
2.126116139460e+00,2.343750075004e-01,5.237276225557e-02
2.126116139460e+00,2.656250085004e-01,4.910663453539e-02
2.126116139460e+00,2.968750095004e-01,4.533648399119e-02
2.126116139461e+00,3.281250105003e-01,4.093609285416e-02
2.126116139461e+00,3.593750115002e-01,3.573326401581e-02
2.126116139461e+00,3.906250125002e-01,2.948678607986e-02
2.126116139461e+00,4.218750135001e-01,2.184800816994e-02
2.126116139461e+00,4.531250145001e-01,1.229352486008e-02
2.126116139461e+00,4.843750155000e-01,1.997554362149e-15
2.159598283388e+00,1.562500050002e-02,6.690179651847e-02
2.159598283388e+00,4.687500150005e-02,6.542119257035e-02
2.159598283388e+00,7.812500250008e-02,6.379190068883e-02
2.159598283388e+00,1.093750035001e-01,6.199041537484e-02
2.159598283388e+00,1.406250045002e-01,5.998800209286e-02
2.159598283388e+00,1.718750055002e-01,5.774915753884e-02
2.159598283389e+00,2.031250065003e-01,5.522949179821e-02
2.159598283389e+00,2.343750075004e-01,5.237276225557e-02
2.159598283389e+00,2.656250085004e-01,4.910663453539e-02
2.159598283389e+00,2.968750095003e-01,4.533648399119e-02
2.159598283389e+00,3.281250105003e-01,4.093609285416e-02
2.159598283389e+00,3.593750115002e-01,3.573326401581e-02
2.159598283390e+00,3.906250125002e-01,2.948678607986e-02
2.159598283390e+00,4.218750135001e-01,2.184800816994e-02
2.159598283390e+00,4.531250145001e-01,1.229352486008e-02
2.159598283390e+00,4.843750155000e-01,0.000000000000e+00
2.193080427316e+00,1.562500050002e-02,6.690179651847e-02
2.193080427316e+00,4.687500150005e-02,6.542119257035e-02
2.193080427316e+00,7.812500250008e-02,6.379190068883e-02
2.193080427317e+00,1.093750035001e-01,6.199041537484e-02
2.193080427317e+00,1.406250045002e-01,5.998800209286e-02
2.193080427317e+00,1.718750055002e-01,5.774915753884e-02
2.193080427317e+00,2.031250065003e-01,5.522949179821e-02
2.193080427317e+00,2.343750075004e-01,5.237276225557e-02
2.193080427318e+00,2.656250085004e-01,4.910663453539e-02
2.193080427318e+00,2.968750095003e-01,4.533648399119e-02
2.193080427318e+00,3.281250105003e-01,4.093609285416e-02
2.193080427318e+00,3.593750115002e-01,3.573326401581e-02
2.193080427318e+00,3.906250125002e-01,2.948678607986e-02
2.193080427318e+00,4.218750135001e-01,2.184800816994e-02
2.193080427319e+00,4.531250145001e-01,1.229352486008e-02
2.193080427319e+00,4.843750155000e-01,0.000000000000e+00
2.226562571245e+00,1.562500050002e-02,6.690179651847e-02
2.226562571245e+00,4.687500150005e-02,6.542119257035e-02
2.226562571245e+00,7.812500250008e-02,6.379190068883e-02
2.226562571245e+00,1.093750035001e-01,6.199041537484e-02
2.226562571245e+00,1.406250045002e-01,5.998800209286e-02
2.226562571246e+00,1.718750055002e-01,5.774915753884e-02
2.226562571246e+00,2.031250065003e-01,5.522949179821e-02
2.226562571246e+00,2.343750075004e-01,5.237276225557e-02
2.226562571246e+00,2.656250085004e-01,4.910663453539e-02
2.226562571246e+00,2.968750095003e-01,4.533648399119e-02
2.226562571246e+00,3.281250105003e-01,4.093609285416e-02
2.226562571247e+00,3.593750115002e-01,3.573326401581e-02
2.226562571247e+00,3.906250125002e-01,2.948678607986e-02
2.226562571247e+00,4.218750135001e-01,2.184800816994e-02
2.226562571247e+00,4.531250145001e-01,1.229352486008e-02
2.226562571248e+00,4.843750155000e-01,5.992194964501e-16
2.260044715173e+00,1.562500050002e-02,6.690179651847e-02
2.260044715173e+00,4.687500150005e-02,6.542119257035e-02
2.260044715173e+00,7.812500250008e-02,6.379190068883e-02
2.260044715174e+00,1.093750035001e-01,6.199041537484e-02
2.260044715174e+00,1.406250045002e-01,5.998800209286e-02
2.260044715174e+00,1.718750055002e-01,5.774915753884e-02
2.260044715174e+00,2.031250065003e-01,5.522949179821e-02
2.260044715174e+00,2.343750075004e-01,5.237276225557e-02
2.260044715175e+00,2.656250085004e-01,4.910663453539e-02
2.260044715175e+00,2.968750095003e-01,4.533648399119e-02
2.260044715175e+00,3.281250105003e-01,4.093609285416e-02
2.260044715175e+00,3.593750115002e-01,3.573326401581e-02
2.260044715176e+00,3.906250125002e-01,2.948678607986e-02
2.260044715176e+00,4.218750135001e-01,2.184800816994e-02
2.260044715176e+00,4.531250145001e-01,1.229352486008e-02
2.260044715176e+00,4.843750155000e-01,1.598698700526e-15
2.293526859101e+00,1.562500050002e-02,6.690179651847e-02
2.293526859102e+00,4.687500150005e-02,6.542119257035e-02
2.293526859102e+00,7.812500250008e-02,6.379190068883e-02
2.293526859102e+00,1.093750035001e-01,6.199041537484e-02
2.293526859102e+00,1.406250045002e-01,5.998800209286e-02
2.293526859103e+00,1.718750055002e-01,5.774915753884e-02
2.293526859103e+00,2.031250065003e-01,5.522949179821e-02
2.293526859103e+00,2.343750075004e-01,5.237276225557e-02
2.293526859103e+00,2.656250085004e-01,4.910663453539e-02
2.293526859104e+00,2.968750095003e-01,4.533648399119e-02
2.293526859104e+00,3.281250105003e-01,4.093609285416e-02
2.293526859104e+00,3.593750115002e-01,3.573326401581e-02
2.293526859104e+00,3.906250125002e-01,2.948678607986e-02
2.293526859105e+00,4.218750135001e-01,2.184800816994e-02
2.293526859105e+00,4.531250145001e-01,1.229352486008e-02
2.293526859105e+00,4.843750155000e-01,9.986991607502e-16
2.327009003030e+00,1.562500050002e-02,6.690179651847e-02
2.327009003030e+00,4.687500150005e-02,6.542119257035e-02
2.327009003030e+00,7.812500250008e-02,6.379190068884e-02
2.327009003031e+00,1.093750035001e-01,6.199041537484e-02
2.327009003031e+00,1.406250045002e-01,5.998800209286e-02
2.327009003031e+00,1.718750055002e-01,5.774915753884e-02
2.327009003031e+00,2.031250065003e-01,5.522949179821e-02
2.327009003032e+00,2.343750075004e-01,5.237276225557e-02
2.327009003032e+00,2.656250085004e-01,4.910663453539e-02
2.327009003032e+00,2.968750095003e-01,4.533648399119e-02
2.327009003032e+00,3.281250105003e-01,4.093609285416e-02
2.327009003033e+00,3.593750115002e-01,3.573326401581e-02
2.327009003033e+00,3.906250125002e-01,2.948678607986e-02
2.327009003033e+00,4.218750135001e-01,2.184800816994e-02
2.327009003034e+00,4.531250145001e-01,1.229352486008e-02
2.327009003034e+00,4.843750155000e-01,2.397008021227e-15
2.360491146958e+00,1.562500050002e-02,6.690179651847e-02
2.360491146959e+00,4.687500150005e-02,6.542119257035e-02
2.360491146959e+00,7.812500250008e-02,6.379190068884e-02
2.360491146959e+00,1.093750035001e-01,6.199041537484e-02
2.360491146959e+00,1.406250045002e-01,5.998800209286e-02
2.360491146960e+00,1.718750055002e-01,5.774915753884e-02
2.360491146960e+00,2.031250065003e-01,5.522949179821e-02
2.360491146960e+00,2.343750075004e-01,5.237276225557e-02
2.360491146961e+00,2.656250085004e-01,4.910663453540e-02
2.360491146961e+00,2.968750095003e-01,4.533648399119e-02
2.360491146961e+00,3.281250105003e-01,4.093609285416e-02
2.360491146961e+00,3.593750115002e-01,3.573326401581e-02
2.360491146962e+00,3.906250125002e-01,2.948678607986e-02
2.360491146962e+00,4.218750135001e-01,2.184800816994e-02
2.360491146962e+00,4.531250145001e-01,1.229352486008e-02
2.360491146963e+00,4.843750155000e-01,2.796469109839e-15
2.393973290887e+00,1.562500050002e-02,6.690179651847e-02
2.393973290887e+00,4.687500150005e-02,6.542119257035e-02
2.393973290887e+00,7.812500250008e-02,6.379190068884e-02
2.393973290888e+00,1.093750035001e-01,6.199041537484e-02
2.393973290888e+00,1.406250045002e-01,5.998800209286e-02
2.393973290888e+00,1.718750055002e-01,5.774915753884e-02
2.393973290889e+00,2.031250065003e-01,5.522949179822e-02
2.393973290889e+00,2.343750075004e-01,5.237276225557e-02
2.393973290889e+00,2.656250085004e-01,4.910663453540e-02
2.393973290889e+00,2.968750095003e-01,4.533648399119e-02
2.393973290890e+00,3.281250105003e-01,4.093609285416e-02
2.393973290890e+00,3.593750115002e-01,3.573326401581e-02
2.393973290890e+00,3.906250125002e-01,2.948678607986e-02
2.393973290891e+00,4.218750135001e-01,2.184800816994e-02
2.393973290891e+00,4.531250145001e-01,1.229352486008e-02
2.393973290891e+00,4.843750155000e-01,1.199478853394e-15
2.427455434815e+00,1.562500050002e-02,6.690179651847e-02
2.427455434816e+00,4.687500150005e-02,6.542119257035e-02
2.427455434816e+00,7.812500250008e-02,6.379190068884e-02
2.427455434816e+00,1.093750035001e-01,6.199041537484e-02
2.427455434816e+00,1.406250045002e-01,5.998800209286e-02
2.427455434817e+00,1.718750055002e-01,5.774915753884e-02
2.427455434817e+00,2.031250065003e-01,5.522949179822e-02
2.427455434817e+00,2.343750075003e-01,5.237276225557e-02
2.427455434818e+00,2.656250085004e-01,4.910663453540e-02
2.427455434818e+00,2.968750095003e-01,4.533648399119e-02
2.427455434819e+00,3.281250105003e-01,4.093609285418e-02
2.427455434819e+00,3.593750115002e-01,3.573326401581e-02
2.427455434819e+00,3.906250125002e-01,2.948678607986e-02
2.427455434820e+00,4.218750135001e-01,2.184800816994e-02
2.427455434820e+00,4.531250145001e-01,1.229352486008e-02
2.427455434820e+00,4.843750155000e-01,4.993495803751e-17
2.460937578744e+00,1.562500050002e-02,6.690179651847e-02
2.460937578744e+00,4.687500150005e-02,6.542119257035e-02
2.460937578744e+00,7.812500250008e-02,6.379190068884e-02
2.460937578745e+00,1.093750035001e-01,6.199041537484e-02
2.460937578745e+00,1.406250045002e-01,5.998800209286e-02
2.460937578745e+00,1.718750055002e-01,5.774915753884e-02
2.460937578746e+00,2.031250065003e-01,5.522949179822e-02
2.460937578746e+00,2.343750075003e-01,5.237276225557e-02
2.460937578746e+00,2.656250085004e-01,4.910663453540e-02
2.460937578747e+00,2.968750095003e-01,4.533648399119e-02
2.460937578747e+00,3.281250105003e-01,4.093609285418e-02
2.460937578748e+00,3.593750115002e-01,3.573326401581e-02
2.460937578748e+00,3.906250125002e-01,2.948678607986e-02
2.460937578748e+00,4.218750135001e-01,2.184800816994e-02
2.460937578749e+00,4.531250145001e-01,1.229352486008e-02
2.460937578749e+00,4.843750155000e-01,4.793820990637e-15
2.494419722672e+00,1.562500050002e-02,6.690179651847e-02
2.494419722672e+00,4.687500150005e-02,6.542119257035e-02
2.494419722673e+00,7.812500250008e-02,6.379190068884e-02
2.494419722673e+00,1.093750035001e-01,6.199041537484e-02
2.494419722673e+00,1.406250045002e-01,5.998800209286e-02
2.494419722674e+00,1.718750055002e-01,5.774915753884e-02
2.494419722674e+00,2.031250065003e-01,5.522949179822e-02
2.494419722675e+00,2.343750075003e-01,5.237276225557e-02
2.494419722675e+00,2.656250085004e-01,4.910663453540e-02
2.494419722675e+00,2.968750095003e-01,4.533648399119e-02
2.494419722676e+00,3.281250105003e-01,4.093609285418e-02
2.494419722676e+00,3.593750115002e-01,3.573326401581e-02
2.494419722677e+00,3.906250125002e-01,2.948678607986e-02
2.494419722677e+00,4.218750135001e-01,2.184800816994e-02
2.494419722677e+00,4.531250145001e-01,1.229352486008e-02
2.494419722678e+00,4.843750155000e-01,2.398048050789e-15
2.527901866601e+00,1.562500050002e-02,6.690179651847e-02
2.527901866601e+00,4.687500150005e-02,6.542119257035e-02
2.527901866601e+00,7.812500250008e-02,6.379190068884e-02
2.527901866602e+00,1.093750035001e-01,6.199041537484e-02
2.527901866602e+00,1.406250045002e-01,5.998800209286e-02
2.527901866602e+00,1.718750055002e-01,5.774915753884e-02
2.527901866603e+00,2.031250065003e-01,5.522949179822e-02
2.527901866603e+00,2.343750075003e-01,5.237276225557e-02
2.527901866604e+00,2.656250085004e-01,4.910663453540e-02
2.527901866604e+00,2.968750095003e-01,4.533648399119e-02
2.527901866604e+00,3.281250105003e-01,4.093609285418e-02
2.527901866605e+00,3.593750115002e-01,3.573326401581e-02
2.527901866605e+00,3.906250125002e-01,2.948678607986e-02
2.527901866606e+00,4.218750135001e-01,2.184800816994e-02
2.527901866606e+00,4.531250145001e-01,1.229352486008e-02
2.527901866606e+00,4.843750155000e-01,2.496747901876e-17
2.561384010529e+00,1.562500050002e-02,6.690179651847e-02
2.561384010529e+00,4.687500150005e-02,6.542119257035e-02
2.561384010530e+00,7.812500250008e-02,6.379190068884e-02
2.561384010530e+00,1.093750035001e-01,6.199041537484e-02
2.561384010531e+00,1.406250045002e-01,5.998800209286e-02
2.561384010531e+00,1.718750055002e-01,5.774915753884e-02
2.561384010531e+00,2.031250065003e-01,5.522949179822e-02
2.561384010532e+00,2.343750075003e-01,5.237276225557e-02
2.561384010532e+00,2.656250085003e-01,4.910663453540e-02
2.561384010533e+00,2.968750095003e-01,4.533648399119e-02
2.561384010533e+00,3.281250105003e-01,4.093609285418e-02
2.561384010534e+00,3.593750115002e-01,3.573326401581e-02
2.561384010534e+00,3.906250125002e-01,2.948678607986e-02
2.561384010534e+00,4.218750135001e-01,2.184800816994e-02
2.561384010535e+00,4.531250145001e-01,1.229352486008e-02
2.561384010535e+00,4.843750155000e-01,1.198438992900e-15
2.594866154457e+00,1.562500050002e-02,6.690179651847e-02
2.594866154458e+00,4.687500150005e-02,6.542119257035e-02
2.594866154458e+00,7.812500250008e-02,6.379190068884e-02
2.594866154459e+00,1.093750035001e-01,6.199041537484e-02
2.594866154459e+00,1.406250045002e-01,5.998800209286e-02
2.594866154460e+00,1.718750055002e-01,5.774915753884e-02
2.594866154460e+00,2.031250065003e-01,5.522949179822e-02
2.594866154460e+00,2.343750075003e-01,5.237276225557e-02
2.594866154461e+00,2.656250085003e-01,4.910663453540e-02
2.594866154461e+00,2.968750095003e-01,4.533648399119e-02
2.594866154462e+00,3.281250105003e-01,4.093609285418e-02
2.594866154462e+00,3.593750115002e-01,3.573326401581e-02
2.594866154463e+00,3.906250125002e-01,2.948678607986e-02
2.594866154463e+00,4.218750135001e-01,2.184800816994e-02
2.594866154463e+00,4.531250145001e-01,1.229352486008e-02
2.594866154464e+00,4.843750155000e-01,9.990112054885e-16
2.628348298386e+00,1.562500050002e-02,6.690179651847e-02
2.628348298386e+00,4.687500150005e-02,6.542119257035e-02
2.628348298387e+00,7.812500250007e-02,6.379190068884e-02
2.628348298387e+00,1.093750035001e-01,6.199041537484e-02
2.628348298388e+00,1.406250045002e-01,5.998800209287e-02
2.628348298388e+00,1.718750055002e-01,5.774915753884e-02
2.628348298389e+00,2.031250065003e-01,5.522949179822e-02
2.628348298389e+00,2.343750075003e-01,5.237276225557e-02
2.628348298390e+00,2.656250085003e-01,4.910663453540e-02
2.628348298390e+00,2.968750095003e-01,4.533648399119e-02
2.628348298390e+00,3.281250105003e-01,4.093609285418e-02
2.628348298391e+00,3.593750115002e-01,3.573326401581e-02
2.628348298391e+00,3.906250125002e-01,2.948678607986e-02
2.628348298392e+00,4.218750135001e-01,2.184800816994e-02
2.628348298392e+00,4.531250145001e-01,1.229352486008e-02
2.628348298393e+00,4.843750155000e-01,7.993493502629e-16
2.661830442314e+00,1.562500050002e-02,6.690179651847e-02
2.661830442315e+00,4.687500150005e-02,6.542119257035e-02
2.661830442315e+00,7.812500250007e-02,6.379190068884e-02
2.661830442316e+00,1.093750035001e-01,6.199041537484e-02
2.661830442316e+00,1.406250045002e-01,5.998800209287e-02
2.661830442317e+00,1.718750055002e-01,5.774915753884e-02
2.661830442317e+00,2.031250065003e-01,5.522949179822e-02
2.661830442318e+00,2.343750075003e-01,5.237276225557e-02
2.661830442318e+00,2.656250085003e-01,4.910663453540e-02
2.661830442319e+00,2.968750095003e-01,4.533648399119e-02
2.661830442319e+00,3.281250105003e-01,4.093609285418e-02
2.661830442320e+00,3.593750115002e-01,3.573326401581e-02
2.661830442320e+00,3.906250125002e-01,2.948678607986e-02
2.661830442320e+00,4.218750135001e-01,2.184800816994e-02
2.661830442321e+00,4.531250145001e-01,1.229352486008e-02
2.661830442322e+00,4.843750155000e-01,5.997394266966e-16
2.695312586243e+00,1.562500050002e-02,6.690179651847e-02
2.695312586243e+00,4.687500150005e-02,6.542119257035e-02
2.695312586244e+00,7.812500250007e-02,6.379190068884e-02
2.695312586244e+00,1.093750035001e-01,6.199041537484e-02
2.695312586245e+00,1.406250045002e-01,5.998800209287e-02
2.695312586245e+00,1.718750055002e-01,5.774915753884e-02
2.695312586246e+00,2.031250065003e-01,5.522949179822e-02
2.695312586246e+00,2.343750075003e-01,5.237276225557e-02
2.695312586247e+00,2.656250085003e-01,4.910663453540e-02
2.695312586247e+00,2.968750095003e-01,4.533648399119e-02
2.695312586248e+00,3.281250105003e-01,4.093609285418e-02
2.695312586248e+00,3.593750115002e-01,3.573326401581e-02
2.695312586249e+00,3.906250125002e-01,2.948678607986e-02
2.695312586249e+00,4.218750135001e-01,2.184800816994e-02
2.695312586250e+00,4.531250145001e-01,1.229352486008e-02
2.695312586250e+00,4.843750155000e-01,8.005182751141e-16
2.728794730171e+00,1.562500050002e-02,6.690179651847e-02
2.728794730172e+00,4.687500150005e-02,6.542119257035e-02
2.728794730172e+00,7.812500250007e-02,6.379190068884e-02
2.728794730173e+00,1.093750035001e-01,6.199041537484e-02
2.728794730173e+00,1.406250045002e-01,5.998800209287e-02
2.728794730174e+00,1.718750055002e-01,5.774915753884e-02
2.728794730174e+00,2.031250065003e-01,5.522949179822e-02
2.728794730175e+00,2.343750075003e-01,5.237276225557e-02
2.728794730175e+00,2.656250085003e-01,4.910663453540e-02
2.728794730176e+00,2.968750095003e-01,4.533648399119e-02
2.728794730176e+00,3.281250105003e-01,4.093609285418e-02
2.728794730177e+00,3.593750115002e-01,3.573326401581e-02
2.728794730177e+00,3.906250125002e-01,2.948678607986e-02
2.728794730178e+00,4.218750135001e-01,2.184800816994e-02
2.728794730179e+00,4.531250145001e-01,1.229352486008e-02
2.728794730179e+00,4.843750155000e-01,3.994796643001e-16
2.762276874100e+00,1.562500050002e-02,6.690179651847e-02
2.762276874100e+00,4.687500150005e-02,6.542119257035e-02
2.762276874101e+00,7.812500250007e-02,6.379190068884e-02
2.762276874101e+00,1.093750035001e-01,6.199041537484e-02
2.762276874102e+00,1.406250045002e-01,5.998800209287e-02
2.762276874102e+00,1.718750055002e-01,5.774915753884e-02
2.762276874103e+00,2.031250065003e-01,5.522949179822e-02
2.762276874103e+00,2.343750075003e-01,5.237276225557e-02
2.762276874104e+00,2.656250085003e-01,4.910663453540e-02
2.762276874104e+00,2.968750095003e-01,4.533648399119e-02
2.762276874105e+00,3.281250105003e-01,4.093609285418e-02
2.762276874106e+00,3.593750115002e-01,3.573326401581e-02
2.762276874106e+00,3.906250125002e-01,2.948678607986e-02
2.762276874107e+00,4.218750135001e-01,2.184800816994e-02
2.762276874107e+00,4.531250145001e-01,1.229352486008e-02
2.762276874108e+00,4.843750155000e-01,9.990112054885e-16
2.795759018028e+00,1.562500050002e-02,6.690179651847e-02
2.795759018029e+00,4.687500150005e-02,6.542119257035e-02
2.795759018029e+00,7.812500250007e-02,6.379190068884e-02
2.795759018030e+00,1.093750035001e-01,6.199041537484e-02
2.795759018030e+00,1.406250045002e-01,5.998800209287e-02
2.795759018031e+00,1.718750055002e-01,5.774915753884e-02
2.795759018031e+00,2.031250065003e-01,5.522949179822e-02
2.795759018032e+00,2.343750075003e-01,5.237276225557e-02
2.795759018033e+00,2.656250085003e-01,4.910663453540e-02
2.795759018033e+00,2.968750095003e-01,4.533648399119e-02
2.795759018034e+00,3.281250105003e-01,4.093609285418e-02
2.795759018034e+00,3.593750115002e-01,3.573326401581e-02
2.795759018035e+00,3.906250125002e-01,2.948678607986e-02
2.795759018035e+00,4.218750135001e-01,2.184800816994e-02
2.795759018036e+00,4.531250145001e-01,1.229352486008e-02
2.795759018037e+00,4.843750155000e-01,2.796803462403e-15
2.829241161956e+00,1.562500050002e-02,6.690179651847e-02
2.829241161957e+00,4.687500150005e-02,6.542119257035e-02
2.829241161958e+00,7.812500250007e-02,6.379190068884e-02
2.829241161958e+00,1.093750035001e-01,6.199041537484e-02
2.829241161959e+00,1.406250045002e-01,5.998800209287e-02
2.829241161959e+00,1.718750055002e-01,5.774915753884e-02
2.829241161960e+00,2.031250065003e-01,5.522949179822e-02
2.829241161961e+00,2.343750075003e-01,5.237276225557e-02
2.829241161961e+00,2.656250085003e-01,4.910663453540e-02
2.829241161962e+00,2.968750095003e-01,4.533648399119e-02
2.829241161962e+00,3.281250105003e-01,4.093609285418e-02
2.829241161963e+00,3.593750115002e-01,3.573326401581e-02
2.829241161964e+00,3.906250125002e-01,2.948678607986e-02
2.829241161964e+00,4.218750135001e-01,2.184800816994e-02
2.829241161965e+00,4.531250145001e-01,1.229352486008e-02
2.829241161965e+00,4.843750155000e-01,4.993495803751e-17
2.862723305885e+00,1.562500050002e-02,6.690179651847e-02
2.862723305885e+00,4.687500150004e-02,6.542119257035e-02
2.862723305886e+00,7.812500250007e-02,6.379190068884e-02
2.862723305887e+00,1.093750035001e-01,6.199041537484e-02
2.862723305887e+00,1.406250045002e-01,5.998800209287e-02
2.862723305888e+00,1.718750055002e-01,5.774915753884e-02
2.862723305889e+00,2.031250065003e-01,5.522949179822e-02
2.862723305889e+00,2.343750075003e-01,5.237276225557e-02
2.862723305890e+00,2.656250085003e-01,4.910663453540e-02
2.862723305890e+00,2.968750095003e-01,4.533648399119e-02
2.862723305891e+00,3.281250105003e-01,4.093609285418e-02
2.862723305892e+00,3.593750115002e-01,3.573326401581e-02
2.862723305892e+00,3.906250125002e-01,2.948678607986e-02
2.862723305893e+00,4.218750135001e-01,2.184800816994e-02
2.862723305893e+00,4.531250145001e-01,1.229352486008e-02
2.862723305894e+00,4.843750155000e-01,9.986991607502e-16
2.896205449813e+00,1.562500050002e-02,6.690179651847e-02
2.896205449814e+00,4.687500150004e-02,6.542119257035e-02
2.896205449815e+00,7.812500250007e-02,6.379190068884e-02
2.896205449815e+00,1.093750035001e-01,6.199041537484e-02
2.896205449816e+00,1.406250045002e-01,5.998800209287e-02
2.896205449817e+00,1.718750055002e-01,5.774915753884e-02
2.896205449817e+00,2.031250065003e-01,5.522949179822e-02
2.896205449818e+00,2.343750075003e-01,5.237276225557e-02
2.896205449818e+00,2.656250085003e-01,4.910663453540e-02
2.896205449819e+00,2.968750095003e-01,4.533648399119e-02
2.896205449820e+00,3.281250105003e-01,4.093609285418e-02
2.896205449820e+00,3.593750115002e-01,3.573326401581e-02
2.896205449821e+00,3.906250125002e-01,2.948678607986e-02
2.896205449822e+00,4.218750135001e-01,2.184800816994e-02
2.896205449822e+00,4.531250145001e-01,1.229352486008e-02
2.896205449823e+00,4.843750155000e-01,1.198699042593e-15
2.929687593742e+00,1.562500050002e-02,6.690179651847e-02
2.929687593742e+00,4.687500150004e-02,6.542119257035e-02
2.929687593743e+00,7.812500250007e-02,6.379190068884e-02
2.929687593744e+00,1.093750035001e-01,6.199041537484e-02
2.929687593744e+00,1.406250045002e-01,5.998800209287e-02
2.929687593745e+00,1.718750055002e-01,5.774915753884e-02
2.929687593746e+00,2.031250065003e-01,5.522949179822e-02
2.929687593746e+00,2.343750075003e-01,5.237276225557e-02
2.929687593747e+00,2.656250085003e-01,4.910663453540e-02
2.929687593748e+00,2.968750095003e-01,4.533648399119e-02
2.929687593748e+00,3.281250105003e-01,4.093609285418e-02
2.929687593749e+00,3.593750115002e-01,3.573326401581e-02
2.929687593750e+00,3.906250125002e-01,2.948678607986e-02
2.929687593750e+00,4.218750135001e-01,2.184800816994e-02
2.929687593751e+00,4.531250145001e-01,1.229352486008e-02
2.929687593752e+00,4.843750155000e-01,1.597918657201e-15
2.963169737670e+00,1.562500050002e-02,6.690179651847e-02
2.963169737671e+00,4.687500150004e-02,6.542119257035e-02
2.963169737672e+00,7.812500250007e-02,6.379190068884e-02
2.963169737672e+00,1.093750035001e-01,6.199041537484e-02
2.963169737673e+00,1.406250045002e-01,5.998800209287e-02
2.963169737674e+00,1.718750055002e-01,5.774915753884e-02
2.963169737674e+00,2.031250065003e-01,5.522949179822e-02
2.963169737675e+00,2.343750075003e-01,5.237276225557e-02
2.963169737676e+00,2.656250085003e-01,4.910663453540e-02
2.963169737676e+00,2.968750095003e-01,4.533648399119e-02
2.963169737677e+00,3.281250105003e-01,4.093609285418e-02
2.963169737678e+00,3.593750115002e-01,3.573326401581e-02
2.963169737678e+00,3.906250125002e-01,2.948678607987e-02
2.963169737679e+00,4.218750135001e-01,2.184800816994e-02
2.963169737680e+00,4.531250145001e-01,1.229352486008e-02
2.963169737680e+00,4.843750155000e-01,2.058871063994e-16
2.996651881599e+00,1.562500050002e-02,6.690179651847e-02
2.996651881599e+00,4.687500150004e-02,6.542119257035e-02
2.996651881600e+00,7.812500250007e-02,6.379190068884e-02
2.996651881601e+00,1.093750035001e-01,6.199041537484e-02
2.996651881602e+00,1.406250045002e-01,5.998800209287e-02
2.996651881602e+00,1.718750055002e-01,5.774915753884e-02
2.996651881603e+00,2.031250065002e-01,5.522949179822e-02
2.996651881603e+00,2.343750075003e-01,5.237276225557e-02
2.996651881604e+00,2.656250085003e-01,4.910663453540e-02
2.996651881605e+00,2.968750095003e-01,4.533648399119e-02
2.996651881606e+00,3.281250105003e-01,4.093609285418e-02
2.996651881606e+00,3.593750115002e-01,3.573326401581e-02
2.996651881607e+00,3.906250125002e-01,2.948678607987e-02
2.996651881608e+00,4.218750135001e-01,2.184800816994e-02
2.996651881608e+00,4.531250145001e-01,1.229352486008e-02
2.996651881609e+00,4.843750155000e-01,2.058871063994e-16
3.030134025527e+00,1.562500050002e-02,6.690179651847e-02
3.030134025528e+00,4.687500150004e-02,6.542119257035e-02
3.030134025529e+00,7.812500250007e-02,6.379190068884e-02
3.030134025529e+00,1.093750035001e-01,6.199041537484e-02
3.030134025530e+00,1.406250045002e-01,5.998800209287e-02
3.030134025531e+00,1.718750055002e-01,5.774915753884e-02
3.030134025531e+00,2.031250065002e-01,5.522949179822e-02
3.030134025532e+00,2.343750075003e-01,5.237276225557e-02
3.030134025533e+00,2.656250085003e-01,4.910663453540e-02
3.030134025534e+00,2.968750095003e-01,4.533648399119e-02
3.030134025534e+00,3.281250105003e-01,4.093609285418e-02
3.030134025535e+00,3.593750115002e-01,3.573326401581e-02
3.030134025536e+00,3.906250125002e-01,2.948678607987e-02
3.030134025536e+00,4.218750135001e-01,2.184800816994e-02
3.030134025537e+00,4.531250145001e-01,1.229352486008e-02
3.030134025538e+00,4.843750155000e-01,1.398401731202e-15
3.063616169456e+00,1.562500050002e-02,6.690179651847e-02
3.063616169456e+00,4.687500150004e-02,6.542119257035e-02
3.063616169457e+00,7.812500250007e-02,6.379190068884e-02
3.063616169458e+00,1.093750035001e-01,6.199041537484e-02
3.063616169458e+00,1.406250045002e-01,5.998800209287e-02
3.063616169459e+00,1.718750055002e-01,5.774915753884e-02
3.063616169460e+00,2.031250065002e-01,5.522949179822e-02
3.063616169461e+00,2.343750075003e-01,5.237276225557e-02
3.063616169462e+00,2.656250085003e-01,4.910663453540e-02
3.063616169462e+00,2.968750095003e-01,4.533648399119e-02
3.063616169463e+00,3.281250105003e-01,4.093609285418e-02
3.063616169464e+00,3.593750115002e-01,3.573326401581e-02
3.063616169464e+00,3.906250125001e-01,2.948678607987e-02
3.063616169465e+00,4.218750135001e-01,2.184800816994e-02
3.063616169466e+00,4.531250145001e-01,1.229352486008e-02
3.063616169467e+00,4.843750155000e-01,2.058871063994e-16
3.097098313384e+00,1.562500050002e-02,6.690179651847e-02
3.097098313385e+00,4.687500150004e-02,6.542119257035e-02
3.097098313386e+00,7.812500250007e-02,6.379190068884e-02
3.097098313386e+00,1.093750035001e-01,6.199041537484e-02
3.097098313387e+00,1.406250045002e-01,5.998800209287e-02
3.097098313388e+00,1.718750055002e-01,5.774915753884e-02
3.097098313389e+00,2.031250065002e-01,5.522949179822e-02
3.097098313389e+00,2.343750075003e-01,5.237276225557e-02
3.097098313390e+00,2.656250085003e-01,4.910663453540e-02
3.097098313391e+00,2.968750095003e-01,4.533648399119e-02
3.097098313392e+00,3.281250105003e-01,4.093609285418e-02
3.097098313392e+00,3.593750115002e-01,3.573326401581e-02
3.097098313393e+00,3.906250125001e-01,2.948678607987e-02
3.097098313394e+00,4.218750135001e-01,2.184800816994e-02
3.097098313395e+00,4.531250145001e-01,1.229352486008e-02
3.097098313395e+00,4.843750155000e-01,2.058871063994e-16
3.130580457312e+00,1.562500050002e-02,6.690179651847e-02
3.130580457313e+00,4.687500150004e-02,6.542119257035e-02
3.130580457314e+00,7.812500250007e-02,6.379190068884e-02
3.130580457315e+00,1.093750035001e-01,6.199041537484e-02
3.130580457316e+00,1.406250045002e-01,5.998800209287e-02
3.130580457316e+00,1.718750055002e-01,5.774915753884e-02
3.130580457317e+00,2.031250065002e-01,5.522949179822e-02
3.130580457318e+00,2.343750075003e-01,5.237276225557e-02
3.130580457319e+00,2.656250085003e-01,4.910663453540e-02
3.130580457320e+00,2.968750095003e-01,4.533648399119e-02
3.130580457320e+00,3.281250105002e-01,4.093609285418e-02
3.130580457321e+00,3.593750115002e-01,3.573326401581e-02
3.130580457322e+00,3.906250125001e-01,2.948678607987e-02
3.130580457323e+00,4.218750135001e-01,2.184800816994e-02
3.130580457323e+00,4.531250145001e-01,1.229352486008e-02
3.130580457324e+00,4.843750155000e-01,4.025885023489e-16
3.164062601241e+00,1.562500050002e-02,6.690179651847e-02
3.164062601242e+00,4.687500150004e-02,6.542119257035e-02
3.164062601243e+00,7.812500250007e-02,6.379190068884e-02
3.164062601243e+00,1.093750035001e-01,6.199041537484e-02
3.164062601244e+00,1.406250045002e-01,5.998800209287e-02
3.164062601245e+00,1.718750055002e-01,5.774915753884e-02
3.164062601246e+00,2.031250065002e-01,5.522949179822e-02
3.164062601247e+00,2.343750075003e-01,5.237276225557e-02
3.164062601247e+00,2.656250085003e-01,4.910663453540e-02
3.164062601248e+00,2.968750095003e-01,4.533648399119e-02
3.164062601249e+00,3.281250105002e-01,4.093609285418e-02
3.164062601250e+00,3.593750115002e-01,3.573326401581e-02
3.164062601250e+00,3.906250125001e-01,2.948678607987e-02
3.164062601251e+00,4.218750135001e-01,2.184800816994e-02
3.164062601252e+00,4.531250145001e-01,1.229352486008e-02
3.164062601253e+00,4.843750155000e-01,4.064411116832e-16
3.197544745169e+00,1.562500050002e-02,6.690179651847e-02
3.197544745170e+00,4.687500150004e-02,6.542119257035e-02
3.197544745171e+00,7.812500250007e-02,6.379190068884e-02
3.197544745172e+00,1.093750035001e-01,6.199041537484e-02
3.197544745173e+00,1.406250045002e-01,5.998800209287e-02
3.197544745173e+00,1.718750055002e-01,5.774915753884e-02
3.197544745174e+00,2.031250065002e-01,5.522949179822e-02
3.197544745175e+00,2.343750075003e-01,5.237276225557e-02
3.197544745176e+00,2.656250085003e-01,4.910663453540e-02
3.197544745177e+00,2.968750095003e-01,4.533648399119e-02
3.197544745178e+00,3.281250105002e-01,4.093609285418e-02
3.197544745178e+00,3.593750115002e-01,3.573326401581e-02
3.197544745179e+00,3.906250125001e-01,2.948678607987e-02
3.197544745180e+00,4.218750135001e-01,2.184800816994e-02
3.197544745181e+00,4.531250145001e-01,1.229352486008e-02
3.197544745182e+00,4.843750155000e-01,2.197705523099e-15
3.231026889098e+00,1.562500050002e-02,6.690179651847e-02
3.231026889099e+00,4.687500150004e-02,6.542119257035e-02
3.231026889100e+00,7.812500250007e-02,6.379190068884e-02
3.231026889100e+00,1.093750035001e-01,6.199041537484e-02
3.231026889101e+00,1.406250045002e-01,5.998800209287e-02
3.231026889102e+00,1.718750055002e-01,5.774915753884e-02
3.231026889103e+00,2.031250065002e-01,5.522949179822e-02
3.231026889104e+00,2.343750075003e-01,5.237276225557e-02
3.231026889105e+00,2.656250085003e-01,4.910663453540e-02
3.231026889105e+00,2.968750095003e-01,4.533648399119e-02
3.231026889106e+00,3.281250105002e-01,4.093609285418e-02
3.231026889107e+00,3.593750115002e-01,3.573326401581e-02
3.231026889108e+00,3.906250125001e-01,2.948678607987e-02
3.231026889109e+00,4.218750135001e-01,2.184800816994e-02
3.231026889110e+00,4.531250145001e-01,1.229352486008e-02
3.231026889110e+00,4.843750155000e-01,1.997398321501e-16
3.264509033026e+00,1.562500050002e-02,6.690179651847e-02
3.264509033027e+00,4.687500150004e-02,6.542119257035e-02
3.264509033028e+00,7.812500250006e-02,6.379190068884e-02
3.264509033029e+00,1.093750035001e-01,6.199041537484e-02
3.264509033030e+00,1.406250045001e-01,5.998800209287e-02
3.264509033030e+00,1.718750055002e-01,5.774915753884e-02
3.264509033031e+00,2.031250065002e-01,5.522949179822e-02
3.264509033032e+00,2.343750075003e-01,5.237276225557e-02
3.264509033033e+00,2.656250085003e-01,4.910663453540e-02
3.264509033034e+00,2.968750095003e-01,4.533648399120e-02
3.264509033035e+00,3.281250105002e-01,4.093609285418e-02
3.264509033036e+00,3.593750115002e-01,3.573326401581e-02
3.264509033037e+00,3.906250125001e-01,2.948678607987e-02
3.264509033038e+00,4.218750135001e-01,2.184800816994e-02
3.264509033038e+00,4.531250145001e-01,1.229352486008e-02
3.264509033039e+00,4.843750155000e-01,2.996097482251e-15
3.297991176955e+00,1.562500050002e-02,6.690179651847e-02
3.297991176956e+00,4.687500150004e-02,6.542119257035e-02
3.297991176956e+00,7.812500250006e-02,6.379190068884e-02
3.297991176957e+00,1.093750035001e-01,6.199041537484e-02
3.297991176958e+00,1.406250045001e-01,5.998800209287e-02
3.297991176959e+00,1.718750055002e-01,5.774915753884e-02
3.297991176960e+00,2.031250065002e-01,5.522949179822e-02
3.297991176961e+00,2.343750075003e-01,5.237276225557e-02
3.297991176962e+00,2.656250085003e-01,4.910663453540e-02
3.297991176963e+00,2.968750095003e-01,4.533648399120e-02
3.297991176963e+00,3.281250105002e-01,4.093609285418e-02
3.297991176964e+00,3.593750115002e-01,3.573326401581e-02
3.297991176965e+00,3.906250125001e-01,2.948678607987e-02
3.297991176966e+00,4.218750135001e-01,2.184800816994e-02
3.297991176967e+00,4.531250145001e-01,1.229352486008e-02
3.297991176968e+00,4.843750155000e-01,9.990112054885e-16
3.331473320883e+00,1.562500050002e-02,6.690179651847e-02
3.331473320884e+00,4.687500150004e-02,6.542119257035e-02
3.331473320885e+00,7.812500250006e-02,6.379190068884e-02
3.331473320886e+00,1.093750035001e-01,6.199041537484e-02
3.331473320887e+00,1.406250045001e-01,5.998800209287e-02
3.331473320888e+00,1.718750055002e-01,5.774915753884e-02
3.331473320889e+00,2.031250065002e-01,5.522949179822e-02
3.331473320890e+00,2.343750075003e-01,5.237276225557e-02
3.331473320890e+00,2.656250085003e-01,4.910663453540e-02
3.331473320891e+00,2.968750095003e-01,4.533648399120e-02
3.331473320892e+00,3.281250105002e-01,4.093609285418e-02
3.331473320893e+00,3.593750115002e-01,3.573326401581e-02
3.331473320894e+00,3.906250125001e-01,2.948678607987e-02
3.331473320895e+00,4.218750135001e-01,2.184800816994e-02
3.331473320896e+00,4.531250145001e-01,1.229352486008e-02
3.331473320897e+00,4.843750155000e-01,3.595403670291e-15
3.364955464812e+00,1.562500050002e-02,6.690179651847e-02
3.364955464813e+00,4.687500150004e-02,6.542119257035e-02
3.364955464813e+00,7.812500250006e-02,6.379190068884e-02
3.364955464814e+00,1.093750035001e-01,6.199041537484e-02
3.364955464815e+00,1.406250045001e-01,5.998800209287e-02
3.364955464816e+00,1.718750055002e-01,5.774915753884e-02
3.364955464817e+00,2.031250065002e-01,5.522949179822e-02
3.364955464818e+00,2.343750075003e-01,5.237276225557e-02
3.364955464819e+00,2.656250085003e-01,4.910663453540e-02
3.364955464820e+00,2.968750095003e-01,4.533648399120e-02
3.364955464821e+00,3.281250105002e-01,4.093609285418e-02
3.364955464822e+00,3.593750115002e-01,3.573326401581e-02
3.364955464823e+00,3.906250125001e-01,2.948678607987e-02
3.364955464824e+00,4.218750135001e-01,2.184800816994e-02
3.364955464825e+00,4.531250145001e-01,1.229352486008e-02
3.364955464826e+00,4.843750155000e-01,1.797658489351e-15
3.398437608740e+00,1.562500050002e-02,6.690179651847e-02
3.398437608741e+00,4.687500150004e-02,6.542119257035e-02
3.398437608742e+00,7.812500250006e-02,6.379190068884e-02
3.398437608743e+00,1.093750035001e-01,6.199041537484e-02
3.398437608744e+00,1.406250045001e-01,5.998800209287e-02
3.398437608745e+00,1.718750055002e-01,5.774915753884e-02
3.398437608746e+00,2.031250065002e-01,5.522949179822e-02
3.398437608747e+00,2.343750075003e-01,5.237276225557e-02
3.398437608748e+00,2.656250085003e-01,4.910663453540e-02
3.398437608748e+00,2.968750095003e-01,4.533648399120e-02
3.398437608750e+00,3.281250105002e-01,4.093609285418e-02
3.398437608750e+00,3.593750115002e-01,3.573326401581e-02
3.398437608751e+00,3.906250125001e-01,2.948678607987e-02
3.398437608752e+00,4.218750135001e-01,2.184800816994e-02
3.398437608753e+00,4.531250145001e-01,1.229352486008e-02
3.398437608754e+00,4.843750155000e-01,2.596737851133e-15
3.431919752668e+00,1.562500050002e-02,6.690179651847e-02
3.431919752669e+00,4.687500150004e-02,6.542119257035e-02
3.431919752670e+00,7.812500250006e-02,6.379190068884e-02
3.431919752671e+00,1.093750035001e-01,6.199041537484e-02
3.431919752672e+00,1.406250045001e-01,5.998800209287e-02
3.431919752673e+00,1.718750055002e-01,5.774915753885e-02
3.431919752674e+00,2.031250065002e-01,5.522949179822e-02
3.431919752675e+00,2.343750075003e-01,5.237276225557e-02
3.431919752676e+00,2.656250085003e-01,4.910663453540e-02
3.431919752677e+00,2.968750095003e-01,4.533648399120e-02
3.431919752678e+00,3.281250105002e-01,4.093609285418e-02
3.431919752679e+00,3.593750115002e-01,3.573326401581e-02
3.431919752680e+00,3.906250125001e-01,2.948678607987e-02
3.431919752681e+00,4.218750135001e-01,2.184800816994e-02
3.431919752682e+00,4.531250145001e-01,1.229352486008e-02
3.431919752683e+00,4.843750155000e-01,2.496747901876e-17
3.465401896597e+00,1.562500050002e-02,6.690179651847e-02
3.465401896598e+00,4.687500150004e-02,6.542119257035e-02
3.465401896599e+00,7.812500250006e-02,6.379190068884e-02
3.465401896600e+00,1.093750035001e-01,6.199041537484e-02
3.465401896601e+00,1.406250045001e-01,5.998800209287e-02
3.465401896602e+00,1.718750055002e-01,5.774915753885e-02
3.465401896603e+00,2.031250065002e-01,5.522949179822e-02
3.465401896604e+00,2.343750075003e-01,5.237276225557e-02
3.465401896605e+00,2.656250085003e-01,4.910663453540e-02
3.465401896606e+00,2.968750095003e-01,4.533648399120e-02
3.465401896607e+00,3.281250105002e-01,4.093609285418e-02
3.465401896608e+00,3.593750115002e-01,3.573326401581e-02
3.465401896609e+00,3.906250125001e-01,2.948678607987e-02
3.465401896610e+00,4.218750135001e-01,2.184800816994e-02
3.465401896611e+00,4.531250145001e-01,1.229352486008e-02
3.465401896612e+00,4.843750155000e-01,9.999467554411e-16
3.498884040525e+00,1.562500050001e-02,6.690179651847e-02
3.498884040526e+00,4.687500150004e-02,6.542119257035e-02
3.498884040527e+00,7.812500250006e-02,6.379190068884e-02
3.498884040528e+00,1.093750035001e-01,6.199041537484e-02
3.498884040529e+00,1.406250045001e-01,5.998800209287e-02
3.498884040530e+00,1.718750055002e-01,5.774915753885e-02
3.498884040531e+00,2.031250065002e-01,5.522949179822e-02
3.498884040532e+00,2.343750075003e-01,5.237276225557e-02
3.498884040533e+00,2.656250085003e-01,4.910663453540e-02
3.498884040534e+00,2.968750095003e-01,4.533648399120e-02
3.498884040536e+00,3.281250105002e-01,4.093609285418e-02
3.498884040536e+00,3.593750115002e-01,3.573326401581e-02
3.498884040537e+00,3.906250125001e-01,2.948678607987e-02
3.498884040538e+00,4.218750135001e-01,2.184800816994e-02
3.498884040540e+00,4.531250145001e-01,1.229352486008e-02
3.498884040541e+00,4.843750155000e-01,1.003680234846e-15
3.532366184454e+00,1.562500050001e-02,6.690179651847e-02
3.532366184455e+00,4.687500150004e-02,6.542119257035e-02
3.532366184456e+00,7.812500250006e-02,6.379190068884e-02
3.532366184457e+00,1.093750035001e-01,6.199041537484e-02
3.532366184458e+00,1.406250045001e-01,5.998800209287e-02
3.532366184459e+00,1.718750055002e-01,5.774915753885e-02
3.532366184460e+00,2.031250065002e-01,5.522949179822e-02
3.532366184461e+00,2.343750075003e-01,5.237276225558e-02
3.532366184462e+00,2.656250085003e-01,4.910663453540e-02
3.532366184463e+00,2.968750095003e-01,4.533648399120e-02
3.532366184464e+00,3.281250105002e-01,4.093609285418e-02
3.532366184465e+00,3.593750115002e-01,3.573326401581e-02
3.532366184466e+00,3.906250125001e-01,2.948678607987e-02
3.532366184467e+00,4.218750135001e-01,2.184800816994e-02
3.532366184468e+00,4.531250145001e-01,1.229352486008e-02
3.532366184469e+00,4.843750155000e-01,7.490243705628e-17
3.565848328382e+00,1.562500050001e-02,6.690179651847e-02
3.565848328383e+00,4.687500150004e-02,6.542119257035e-02
3.565848328384e+00,7.812500250006e-02,6.379190068884e-02
3.565848328385e+00,1.093750035001e-01,6.199041537484e-02
3.565848328386e+00,1.406250045001e-01,5.998800209287e-02
3.565848328388e+00,1.718750055002e-01,5.774915753885e-02
3.565848328388e+00,2.031250065002e-01,5.522949179822e-02
3.565848328390e+00,2.343750075003e-01,5.237276225558e-02
3.565848328391e+00,2.656250085003e-01,4.910663453540e-02
3.565848328392e+00,2.968750095003e-01,4.533648399120e-02
3.565848328393e+00,3.281250105002e-01,4.093609285418e-02
3.565848328394e+00,3.593750115002e-01,3.573326401581e-02
3.565848328395e+00,3.906250125001e-01,2.948678607987e-02
3.565848328396e+00,4.218750135001e-01,2.184800816994e-02
3.565848328397e+00,4.531250145001e-01,1.229352486008e-02
3.565848328398e+00,4.843750155000e-01,6.038827535236e-16
3.599330472311e+00,1.562500050001e-02,6.690179651847e-02
3.599330472312e+00,4.687500150004e-02,6.542119257035e-02
3.599330472313e+00,7.812500250006e-02,6.379190068884e-02
3.599330472314e+00,1.093750035001e-01,6.199041537484e-02
3.599330472315e+00,1.406250045001e-01,5.998800209287e-02
3.599330472316e+00,1.718750055002e-01,5.774915753885e-02
3.599330472317e+00,2.031250065002e-01,5.522949179822e-02
3.599330472318e+00,2.343750075003e-01,5.237276225558e-02
3.599330472319e+00,2.656250085003e-01,4.910663453540e-02
3.599330472320e+00,2.968750095003e-01,4.533648399120e-02
3.599330472321e+00,3.281250105002e-01,4.093609285418e-02
3.599330472322e+00,3.593750115002e-01,3.573326401581e-02
3.599330472324e+00,3.906250125001e-01,2.948678607987e-02
3.599330472325e+00,4.218750135001e-01,2.184800816994e-02
3.599330472326e+00,4.531250145001e-01,1.229352486008e-02
3.599330472327e+00,4.843750155000e-01,2.133222342474e-16
3.632812616239e+00,1.562500050001e-02,6.690179651847e-02
3.632812616240e+00,4.687500150004e-02,6.542119257035e-02
3.632812616241e+00,7.812500250006e-02,6.379190068884e-02
3.632812616242e+00,1.093750035001e-01,6.199041537484e-02
3.632812616244e+00,1.406250045001e-01,5.998800209287e-02
3.632812616245e+00,1.718750055002e-01,5.774915753885e-02
3.632812616246e+00,2.031250065002e-01,5.522949179822e-02
3.632812616247e+00,2.343750075003e-01,5.237276225558e-02
3.632812616248e+00,2.656250085003e-01,4.910663453540e-02
3.632812616249e+00,2.968750095002e-01,4.533648399120e-02
3.632812616250e+00,3.281250105002e-01,4.093609285418e-02
3.632812616251e+00,3.593750115002e-01,3.573326401581e-02
3.632812616252e+00,3.906250125001e-01,2.948678607987e-02
3.632812616253e+00,4.218750135001e-01,2.184800816995e-02
3.632812616254e+00,4.531250145001e-01,1.229352486008e-02
3.632812616256e+00,4.843750155000e-01,1.003680234846e-15
3.666294760168e+00,1.562500050001e-02,6.690179651847e-02
3.666294760169e+00,4.687500150004e-02,6.542119257035e-02
3.666294760170e+00,7.812500250006e-02,6.379190068884e-02
3.666294760171e+00,1.093750035001e-01,6.199041537484e-02
3.666294760172e+00,1.406250045001e-01,5.998800209287e-02
3.666294760173e+00,1.718750055002e-01,5.774915753885e-02
3.666294760174e+00,2.031250065002e-01,5.522949179822e-02
3.666294760175e+00,2.343750075003e-01,5.237276225558e-02
3.666294760177e+00,2.656250085003e-01,4.910663453540e-02
3.666294760178e+00,2.968750095002e-01,4.533648399120e-02
3.666294760179e+00,3.281250105002e-01,4.093609285418e-02
3.666294760180e+00,3.593750115002e-01,3.573326401581e-02
3.666294760181e+00,3.906250125001e-01,2.948678607987e-02
3.666294760182e+00,4.218750135001e-01,2.184800816995e-02
3.666294760183e+00,4.531250145001e-01,1.229352486008e-02
3.666294760184e+00,4.843750155000e-01,1.200777412671e-15
3.699776904096e+00,1.562500050001e-02,6.690179651847e-02
3.699776904097e+00,4.687500150004e-02,6.542119257035e-02
3.699776904098e+00,7.812500250006e-02,6.379190068884e-02
3.699776904099e+00,1.093750035001e-01,6.199041537484e-02
3.699776904101e+00,1.406250045001e-01,5.998800209287e-02
3.699776904102e+00,1.718750055002e-01,5.774915753885e-02
3.699776904103e+00,2.031250065002e-01,5.522949179822e-02
3.699776904104e+00,2.343750075003e-01,5.237276225558e-02
3.699776904105e+00,2.656250085003e-01,4.910663453541e-02
3.699776904106e+00,2.968750095002e-01,4.533648399120e-02
3.699776904107e+00,3.281250105002e-01,4.093609285418e-02
3.699776904109e+00,3.593750115002e-01,3.573326401581e-02
3.699776904110e+00,3.906250125001e-01,2.948678607987e-02
3.699776904111e+00,4.218750135001e-01,2.184800816995e-02
3.699776904112e+00,4.531250145000e-01,1.229352486008e-02
3.699776904113e+00,4.843750155000e-01,2.012942511745e-16
3.733259048024e+00,1.562500050001e-02,6.690179651847e-02
3.733259048026e+00,4.687500150004e-02,6.542119257035e-02
3.733259048027e+00,7.812500250006e-02,6.379190068884e-02
3.733259048028e+00,1.093750035001e-01,6.199041537484e-02
3.733259048029e+00,1.406250045001e-01,5.998800209287e-02
3.733259048030e+00,1.718750055002e-01,5.774915753885e-02
3.733259048031e+00,2.031250065002e-01,5.522949179822e-02
3.733259048033e+00,2.343750075003e-01,5.237276225558e-02
3.733259048034e+00,2.656250085003e-01,4.910663453541e-02
3.733259048035e+00,2.968750095002e-01,4.533648399120e-02
3.733259048036e+00,3.281250105002e-01,4.093609285418e-02
3.733259048037e+00,3.593750115002e-01,3.573326401581e-02
3.733259048038e+00,3.906250125001e-01,2.948678607987e-02
3.733259048039e+00,4.218750135001e-01,2.184800816995e-02
3.733259048041e+00,4.531250145000e-01,1.229352486008e-02
3.733259048042e+00,4.843750155000e-01,3.595403670291e-15
3.766741191953e+00,1.562500050001e-02,6.690179651847e-02
3.766741191954e+00,4.687500150004e-02,6.542119257035e-02
3.766741191955e+00,7.812500250005e-02,6.379190068884e-02
3.766741191956e+00,1.093750035001e-01,6.199041537484e-02
3.766741191958e+00,1.406250045001e-01,5.998800209287e-02
3.766741191959e+00,1.718750055002e-01,5.774915753885e-02
3.766741191960e+00,2.031250065002e-01,5.522949179822e-02
3.766741191961e+00,2.343750075003e-01,5.237276225558e-02
3.766741191962e+00,2.656250085003e-01,4.910663453541e-02
3.766741191963e+00,2.968750095002e-01,4.533648399120e-02
3.766741191965e+00,3.281250105002e-01,4.093609285418e-02
3.766741191966e+00,3.593750115002e-01,3.573326401583e-02
3.766741191967e+00,3.906250125001e-01,2.948678607987e-02
3.766741191968e+00,4.218750135001e-01,2.184800816995e-02
3.766741191969e+00,4.531250145000e-01,1.229352486008e-02
3.766741191971e+00,4.843750155000e-01,2.596737851133e-15
3.800223335881e+00,1.562500050001e-02,6.690179651847e-02
3.800223335882e+00,4.687500150004e-02,6.542119257035e-02
3.800223335884e+00,7.812500250005e-02,6.379190068884e-02
3.800223335885e+00,1.093750035001e-01,6.199041537484e-02
3.800223335886e+00,1.406250045001e-01,5.998800209287e-02
3.800223335887e+00,1.718750055002e-01,5.774915753885e-02
3.800223335889e+00,2.031250065002e-01,5.522949179822e-02
3.800223335890e+00,2.343750075003e-01,5.237276225558e-02
3.800223335891e+00,2.656250085003e-01,4.910663453541e-02
3.800223335892e+00,2.968750095002e-01,4.533648399120e-02
3.800223335893e+00,3.281250105002e-01,4.093609285418e-02
3.800223335895e+00,3.593750115002e-01,3.573326401583e-02
3.800223335896e+00,3.906250125001e-01,2.948678607987e-02
3.800223335897e+00,4.218750135001e-01,2.184800816995e-02
3.800223335898e+00,4.531250145000e-01,1.229352486009e-02
3.800223335899e+00,4.843750155000e-01,1.198438992900e-15
3.833705479810e+00,1.562500050001e-02,6.690179651847e-02
3.833705479811e+00,4.687500150004e-02,6.542119257035e-02
3.833705479812e+00,7.812500250005e-02,6.379190068884e-02
3.833705479813e+00,1.093750035001e-01,6.199041537484e-02
3.833705479815e+00,1.406250045001e-01,5.998800209287e-02
3.833705479816e+00,1.718750055002e-01,5.774915753885e-02
3.833705479817e+00,2.031250065002e-01,5.522949179822e-02
3.833705479818e+00,2.343750075002e-01,5.237276225558e-02
3.833705479820e+00,2.656250085003e-01,4.910663453541e-02
3.833705479821e+00,2.968750095002e-01,4.533648399120e-02
3.833705479822e+00,3.281250105002e-01,4.093609285418e-02
3.833705479823e+00,3.593750115002e-01,3.573326401583e-02
3.833705479824e+00,3.906250125001e-01,2.948678607987e-02
3.833705479826e+00,4.218750135001e-01,2.184800816995e-02
3.833705479827e+00,4.531250145000e-01,1.229352486009e-02
3.833705479828e+00,4.843750155000e-01,7.989593286001e-16
3.867187623738e+00,1.562500050001e-02,6.690179651847e-02
3.867187623739e+00,4.687500150003e-02,6.542119257035e-02
3.867187623741e+00,7.812500250005e-02,6.379190068884e-02
3.867187623742e+00,1.093750035001e-01,6.199041537484e-02
3.867187623743e+00,1.406250045001e-01,5.998800209287e-02
3.867187623744e+00,1.718750055002e-01,5.774915753885e-02
3.867187623746e+00,2.031250065002e-01,5.522949179822e-02
3.867187623747e+00,2.343750075002e-01,5.237276225558e-02
3.867187623748e+00,2.656250085003e-01,4.910663453541e-02
3.867187623749e+00,2.968750095002e-01,4.533648399120e-02
3.867187623751e+00,3.281250105002e-01,4.093609285418e-02
3.867187623752e+00,3.593750115002e-01,3.573326401583e-02
3.867187623753e+00,3.906250125001e-01,2.948678607987e-02
3.867187623754e+00,4.218750135001e-01,2.184800816995e-02
3.867187623756e+00,4.531250145000e-01,1.229352486009e-02
3.867187623757e+00,4.843750155000e-01,2.996097482251e-15
3.900669767667e+00,1.562500050001e-02,6.690179651847e-02
3.900669767668e+00,4.687500150003e-02,6.542119257035e-02
3.900669767669e+00,7.812500250005e-02,6.379190068884e-02
3.900669767670e+00,1.093750035001e-01,6.199041537484e-02
3.900669767672e+00,1.406250045001e-01,5.998800209287e-02
3.900669767673e+00,1.718750055002e-01,5.774915753885e-02
3.900669767674e+00,2.031250065002e-01,5.522949179822e-02
3.900669767676e+00,2.343750075002e-01,5.237276225558e-02
3.900669767677e+00,2.656250085003e-01,4.910663453541e-02
3.900669767678e+00,2.968750095002e-01,4.533648399120e-02
3.900669767679e+00,3.281250105002e-01,4.093609285418e-02
3.900669767681e+00,3.593750115002e-01,3.573326401583e-02
3.900669767682e+00,3.906250125001e-01,2.948678607987e-02
3.900669767683e+00,4.218750135001e-01,2.184800816995e-02
3.900669767684e+00,4.531250145000e-01,1.229352486009e-02
3.900669767686e+00,4.843750155000e-01,0.000000000000e+00
3.934151911595e+00,1.562500050001e-02,6.690179651847e-02
3.934151911596e+00,4.687500150003e-02,6.542119257035e-02
3.934151911598e+00,7.812500250005e-02,6.379190068884e-02
3.934151911599e+00,1.093750035001e-01,6.199041537484e-02
3.934151911600e+00,1.406250045001e-01,5.998800209287e-02
3.934151911602e+00,1.718750055002e-01,5.774915753885e-02
3.934151911603e+00,2.031250065002e-01,5.522949179822e-02
3.934151911604e+00,2.343750075002e-01,5.237276225558e-02
3.934151911605e+00,2.656250085003e-01,4.910663453541e-02
3.934151911607e+00,2.968750095002e-01,4.533648399120e-02
3.934151911608e+00,3.281250105002e-01,4.093609285418e-02
3.934151911609e+00,3.593750115002e-01,3.573326401583e-02
3.934151911611e+00,3.906250125001e-01,2.948678607987e-02
3.934151911612e+00,4.218750135001e-01,2.184800816995e-02
3.934151911613e+00,4.531250145000e-01,1.229352486009e-02
3.934151911614e+00,4.843750155000e-01,5.997394266966e-16
3.967634055523e+00,1.562500050001e-02,6.690179651847e-02
3.967634055525e+00,4.687500150003e-02,6.542119257035e-02
3.967634055526e+00,7.812500250005e-02,6.379190068884e-02
3.967634055527e+00,1.093750035001e-01,6.199041537484e-02
3.967634055529e+00,1.406250045001e-01,5.998800209287e-02
3.967634055530e+00,1.718750055002e-01,5.774915753885e-02
3.967634055531e+00,2.031250065002e-01,5.522949179822e-02
3.967634055533e+00,2.343750075002e-01,5.237276225558e-02
3.967634055534e+00,2.656250085003e-01,4.910663453541e-02
3.967634055535e+00,2.968750095002e-01,4.533648399120e-02
3.967634055537e+00,3.281250105002e-01,4.093609285418e-02
3.967634055538e+00,3.593750115002e-01,3.573326401583e-02
3.967634055539e+00,3.906250125001e-01,2.948678607987e-02
3.967634055541e+00,4.218750135001e-01,2.184800816995e-02
3.967634055542e+00,4.531250145000e-01,1.229352486009e-02
3.967634055543e+00,4.843750155000e-01,1.198699042593e-15
4.001116199452e+00,1.562500050001e-02,6.690179651847e-02
4.001116199453e+00,4.687500150003e-02,6.542119257035e-02
4.001116199455e+00,7.812500250005e-02,6.379190068884e-02
4.001116199456e+00,1.093750035001e-01,6.199041537484e-02
4.001116199457e+00,1.406250045001e-01,5.998800209287e-02
4.001116199459e+00,1.718750055002e-01,5.774915753885e-02
4.001116199460e+00,2.031250065002e-01,5.522949179822e-02
4.001116199461e+00,2.343750075002e-01,5.237276225558e-02
4.001116199463e+00,2.656250085003e-01,4.910663453541e-02
4.001116199464e+00,2.968750095002e-01,4.533648399120e-02
4.001116199465e+00,3.281250105002e-01,4.093609285418e-02
4.001116199467e+00,3.593750115002e-01,3.573326401583e-02
4.001116199468e+00,3.906250125001e-01,2.948678607987e-02
4.001116199469e+00,4.218750135001e-01,2.184800816995e-02
4.001116199471e+00,4.531250145000e-01,1.229352486009e-02
4.001116199472e+00,4.843750155000e-01,0.000000000000e+00
4.034598343380e+00,1.562500050001e-02,6.690179651847e-02
4.034598343382e+00,4.687500150003e-02,6.542119257035e-02
4.034598343383e+00,7.812500250005e-02,6.379190068884e-02
4.034598343385e+00,1.093750035001e-01,6.199041537484e-02
4.034598343386e+00,1.406250045001e-01,5.998800209287e-02
4.034598343387e+00,1.718750055001e-01,5.774915753885e-02
4.034598343388e+00,2.031250065002e-01,5.522949179822e-02
4.034598343390e+00,2.343750075002e-01,5.237276225558e-02
4.034598343391e+00,2.656250085003e-01,4.910663453541e-02
4.034598343393e+00,2.968750095002e-01,4.533648399120e-02
4.034598343394e+00,3.281250105002e-01,4.093609285418e-02
4.034598343395e+00,3.593750115002e-01,3.573326401583e-02
4.034598343397e+00,3.906250125001e-01,2.948678607987e-02
4.034598343398e+00,4.218750135001e-01,2.184800816995e-02
4.034598343399e+00,4.531250145000e-01,1.229352486009e-02
4.034598343401e+00,4.843750155000e-01,7.993493502629e-16
4.068080487309e+00,1.562500050001e-02,6.690179651847e-02
4.068080487310e+00,4.687500150003e-02,6.542119257035e-02
4.068080487312e+00,7.812500250005e-02,6.379190068884e-02
4.068080487313e+00,1.093750035001e-01,6.199041537484e-02
4.068080487314e+00,1.406250045001e-01,5.998800209287e-02
4.068080487316e+00,1.718750055001e-01,5.774915753885e-02
4.068080487317e+00,2.031250065002e-01,5.522949179822e-02
4.068080487319e+00,2.343750075002e-01,5.237276225558e-02
4.068080487320e+00,2.656250085003e-01,4.910663453541e-02
4.068080487321e+00,2.968750095002e-01,4.533648399120e-02
4.068080487323e+00,3.281250105002e-01,4.093609285418e-02
4.068080487324e+00,3.593750115002e-01,3.573326401583e-02
4.068080487325e+00,3.906250125001e-01,2.948678607987e-02
4.068080487327e+00,4.218750135001e-01,2.184800816995e-02
4.068080487328e+00,4.531250145000e-01,1.229352486009e-02
4.068080487329e+00,4.843750155000e-01,4.002591375570e-16
4.101562631237e+00,1.562500050001e-02,6.690179651847e-02
4.101562631239e+00,4.687500150003e-02,6.542119257035e-02
4.101562631240e+00,7.812500250005e-02,6.379190068884e-02
4.101562631242e+00,1.093750035001e-01,6.199041537484e-02
4.101562631243e+00,1.406250045001e-01,5.998800209287e-02
4.101562631244e+00,1.718750055001e-01,5.774915753885e-02
4.101562631246e+00,2.031250065002e-01,5.522949179822e-02
4.101562631247e+00,2.343750075002e-01,5.237276225558e-02
4.101562631249e+00,2.656250085002e-01,4.910663453541e-02
4.101562631250e+00,2.968750095002e-01,4.533648399120e-02
4.101562631251e+00,3.281250105002e-01,4.093609285418e-02
4.101562631253e+00,3.593750115002e-01,3.573326401583e-02
4.101562631254e+00,3.906250125001e-01,2.948678607987e-02
4.101562631255e+00,4.218750135001e-01,2.184800816995e-02
4.101562631257e+00,4.531250145000e-01,1.229352486009e-02
4.101562631258e+00,4.843750155000e-01,3.994796643001e-16
4.135044775166e+00,1.562500050001e-02,6.690179651847e-02
4.135044775167e+00,4.687500150003e-02,6.542119257035e-02
4.135044775169e+00,7.812500250005e-02,6.379190068884e-02
4.135044775170e+00,1.093750035001e-01,6.199041537484e-02
4.135044775171e+00,1.406250045001e-01,5.998800209287e-02
4.135044775173e+00,1.718750055001e-01,5.774915753885e-02
4.135044775174e+00,2.031250065002e-01,5.522949179822e-02
4.135044775176e+00,2.343750075002e-01,5.237276225558e-02
4.135044775177e+00,2.656250085002e-01,4.910663453541e-02
4.135044775178e+00,2.968750095002e-01,4.533648399120e-02
4.135044775180e+00,3.281250105002e-01,4.093609285418e-02
4.135044775181e+00,3.593750115002e-01,3.573326401583e-02
4.135044775183e+00,3.906250125001e-01,2.948678607987e-02
4.135044775184e+00,4.218750135001e-01,2.184800816995e-02
4.135044775186e+00,4.531250145000e-01,1.229352486009e-02
4.135044775187e+00,4.843750155000e-01,1.997398321501e-15
4.168526919094e+00,1.562500050001e-02,6.690179651847e-02
4.168526919096e+00,4.687500150003e-02,6.542119257035e-02
4.168526919097e+00,7.812500250005e-02,6.379190068884e-02
4.168526919099e+00,1.093750035001e-01,6.199041537484e-02
4.168526919100e+00,1.406250045001e-01,5.998800209287e-02
4.168526919101e+00,1.718750055001e-01,5.774915753885e-02
4.168526919103e+00,2.031250065002e-01,5.522949179822e-02
4.168526919104e+00,2.343750075002e-01,5.237276225558e-02
4.168526919106e+00,2.656250085002e-01,4.910663453541e-02
4.168526919107e+00,2.968750095002e-01,4.533648399120e-02
4.168526919109e+00,3.281250105002e-01,4.093609285418e-02
4.168526919110e+00,3.593750115002e-01,3.573326401583e-02
4.168526919111e+00,3.906250125001e-01,2.948678607987e-02
4.168526919113e+00,4.218750135001e-01,2.184800816995e-02
4.168526919114e+00,4.531250145000e-01,1.229352486009e-02
4.168526919116e+00,4.843750155000e-01,1.597918657201e-15
4.202009063023e+00,1.562500050001e-02,6.690179651847e-02
4.202009063024e+00,4.687500150003e-02,6.542119257035e-02
4.202009063025e+00,7.812500250005e-02,6.379190068884e-02
4.202009063027e+00,1.093750035001e-01,6.199041537484e-02
4.202009063029e+00,1.406250045001e-01,5.998800209287e-02
4.202009063030e+00,1.718750055001e-01,5.774915753885e-02
4.202009063031e+00,2.031250065002e-01,5.522949179822e-02
4.202009063033e+00,2.343750075002e-01,5.237276225558e-02
4.202009063034e+00,2.656250085002e-01,4.910663453541e-02
4.202009063036e+00,2.968750095002e-01,4.533648399120e-02
4.202009063037e+00,3.281250105002e-01,4.093609285418e-02
4.202009063039e+00,3.593750115002e-01,3.573326401583e-02
4.202009063040e+00,3.906250125001e-01,2.948678607987e-02
4.202009063042e+00,4.218750135001e-01,2.184800816995e-02
4.202009063043e+00,4.531250145000e-01,1.229352486009e-02
4.202009063045e+00,4.843750155000e-01,1.997398321501e-15
4.235491206951e+00,1.562500050001e-02,6.690179651847e-02
4.235491206953e+00,4.687500150003e-02,6.542119257035e-02
4.235491206954e+00,7.812500250005e-02,6.379190068884e-02
4.235491206956e+00,1.093750035001e-01,6.199041537484e-02
4.235491206957e+00,1.406250045001e-01,5.998800209287e-02
4.235491206958e+00,1.718750055001e-01,5.774915753885e-02
4.235491206960e+00,2.031250065002e-01,5.522949179822e-02
4.235491206961e+00,2.343750075002e-01,5.237276225558e-02
4.235491206963e+00,2.656250085002e-01,4.910663453541e-02
4.235491206964e+00,2.968750095002e-01,4.533648399120e-02
4.235491206966e+00,3.281250105002e-01,4.093609285418e-02
4.235491206967e+00,3.593750115001e-01,3.573326401583e-02
4.235491206969e+00,3.906250125001e-01,2.948678607987e-02
4.235491206970e+00,4.218750135001e-01,2.184800816995e-02
4.235491206972e+00,4.531250145000e-01,1.229352486009e-02
4.235491206973e+00,4.843750155000e-01,4.002591375570e-16
4.268973350879e+00,1.562500050001e-02,6.690179651847e-02
4.268973350881e+00,4.687500150003e-02,6.542119257035e-02
4.268973350882e+00,7.812500250005e-02,6.379190068884e-02
4.268973350884e+00,1.093750035001e-01,6.199041537484e-02
4.268973350886e+00,1.406250045001e-01,5.998800209287e-02
4.268973350887e+00,1.718750055001e-01,5.774915753885e-02
4.268973350889e+00,2.031250065002e-01,5.522949179822e-02
4.268973350890e+00,2.343750075002e-01,5.237276225558e-02
4.268973350891e+00,2.656250085002e-01,4.910663453541e-02
4.268973350893e+00,2.968750095002e-01,4.533648399120e-02
4.268973350895e+00,3.281250105002e-01,4.093609285418e-02
4.268973350896e+00,3.593750115001e-01,3.573326401583e-02
4.268973350898e+00,3.906250125001e-01,2.948678607987e-02
4.268973350899e+00,4.218750135001e-01,2.184800816995e-02
4.268973350901e+00,4.531250145000e-01,1.229352486009e-02
4.268973350902e+00,4.843750155000e-01,3.994796643001e-16
4.302455494808e+00,1.562500050001e-02,6.690179651847e-02
4.302455494810e+00,4.687500150003e-02,6.542119257035e-02
4.302455494811e+00,7.812500250005e-02,6.379190068884e-02
4.302455494812e+00,1.093750035001e-01,6.199041537484e-02
4.302455494814e+00,1.406250045001e-01,5.998800209287e-02
4.302455494816e+00,1.718750055001e-01,5.774915753885e-02
4.302455494817e+00,2.031250065002e-01,5.522949179822e-02
4.302455494819e+00,2.343750075002e-01,5.237276225558e-02
4.302455494820e+00,2.656250085002e-01,4.910663453541e-02
4.302455494822e+00,2.968750095002e-01,4.533648399120e-02
4.302455494823e+00,3.281250105002e-01,4.093609285418e-02
4.302455494825e+00,3.593750115001e-01,3.573326401583e-02
4.302455494826e+00,3.906250125001e-01,2.948678607987e-02
4.302455494828e+00,4.218750135001e-01,2.184800816995e-02
4.302455494829e+00,4.531250145000e-01,1.229352486009e-02
4.302455494831e+00,4.843750155000e-01,1.198438992900e-15
4.335937638736e+00,1.562500050001e-02,6.690179651847e-02
4.335937638738e+00,4.687500150003e-02,6.542119257035e-02
4.335937638739e+00,7.812500250005e-02,6.379190068884e-02
4.335937638741e+00,1.093750035001e-01,6.199041537484e-02
4.335937638743e+00,1.406250045001e-01,5.998800209287e-02
4.335937638744e+00,1.718750055001e-01,5.774915753885e-02
4.335937638746e+00,2.031250065002e-01,5.522949179823e-02
4.335937638747e+00,2.343750075002e-01,5.237276225558e-02
4.335937638749e+00,2.656250085002e-01,4.910663453541e-02
4.335937638750e+00,2.968750095002e-01,4.533648399120e-02
4.335937638752e+00,3.281250105002e-01,4.093609285418e-02
4.335937638753e+00,3.593750115001e-01,3.573326401583e-02
4.335937638755e+00,3.906250125001e-01,2.948678607987e-02
4.335937638756e+00,4.218750135001e-01,2.184800816995e-02
4.335937638758e+00,4.531250145000e-01,1.229352486009e-02
4.335937638760e+00,4.843750155000e-01,3.595316978701e-15
4.369419782665e+00,1.562500050001e-02,6.690179651847e-02
4.369419782666e+00,4.687500150003e-02,6.542119257035e-02
4.369419782668e+00,7.812500250005e-02,6.379190068884e-02
4.369419782669e+00,1.093750035001e-01,6.199041537484e-02
4.369419782671e+00,1.406250045001e-01,5.998800209287e-02
4.369419782673e+00,1.718750055001e-01,5.774915753885e-02
4.369419782674e+00,2.031250065002e-01,5.522949179823e-02
4.369419782676e+00,2.343750075002e-01,5.237276225558e-02
4.369419782677e+00,2.656250085002e-01,4.910663453541e-02
4.369419782679e+00,2.968750095002e-01,4.533648399120e-02
4.369419782680e+00,3.281250105002e-01,4.093609285418e-02
4.369419782682e+00,3.593750115001e-01,3.573326401583e-02
4.369419782684e+00,3.906250125001e-01,2.948678607987e-02
4.369419782685e+00,4.218750135001e-01,2.184800816995e-02
4.369419782687e+00,4.531250145000e-01,1.229352486009e-02
4.369419782688e+00,4.843750155000e-01,4.002591375570e-16
4.402901926593e+00,1.562500050001e-02,6.690179651847e-02
4.402901926595e+00,4.687500150003e-02,6.542119257035e-02
4.402901926596e+00,7.812500250004e-02,6.379190068884e-02
4.402901926598e+00,1.093750035001e-01,6.199041537484e-02
4.402901926600e+00,1.406250045001e-01,5.998800209287e-02
4.402901926601e+00,1.718750055001e-01,5.774915753885e-02
4.402901926603e+00,2.031250065002e-01,5.522949179823e-02
4.402901926604e+00,2.343750075002e-01,5.237276225558e-02
4.402901926606e+00,2.656250085002e-01,4.910663453541e-02
4.402901926608e+00,2.968750095002e-01,4.533648399120e-02
4.402901926609e+00,3.281250105002e-01,4.093609285418e-02
4.402901926611e+00,3.593750115001e-01,3.573326401583e-02
4.402901926612e+00,3.906250125001e-01,2.948678607987e-02
4.402901926614e+00,4.218750135001e-01,2.184800816995e-02
4.402901926615e+00,4.531250145000e-01,1.229352486009e-02
4.402901926617e+00,4.843750155000e-01,3.994796643001e-16
4.436384070522e+00,1.562500050001e-02,6.690179651847e-02
4.436384070523e+00,4.687500150003e-02,6.542119257035e-02
4.436384070525e+00,7.812500250004e-02,6.379190068884e-02
4.436384070526e+00,1.093750035001e-01,6.199041537484e-02
4.436384070528e+00,1.406250045001e-01,5.998800209287e-02
4.436384070530e+00,1.718750055001e-01,5.774915753885e-02
4.436384070531e+00,2.031250065002e-01,5.522949179823e-02
4.436384070533e+00,2.343750075002e-01,5.237276225558e-02
4.436384070535e+00,2.656250085002e-01,4.910663453541e-02
4.436384070536e+00,2.968750095002e-01,4.533648399120e-02
4.436384070538e+00,3.281250105002e-01,4.093609285418e-02
4.436384070539e+00,3.593750115001e-01,3.573326401583e-02
4.436384070541e+00,3.906250125001e-01,2.948678607987e-02
4.436384070543e+00,4.218750135001e-01,2.184800816995e-02
4.436384070544e+00,4.531250145000e-01,1.229352486009e-02
4.436384070546e+00,4.843750155000e-01,0.000000000000e+00
4.469866214450e+00,1.562500050001e-02,6.690179651847e-02
4.469866214452e+00,4.687500150003e-02,6.542119257035e-02
4.469866214453e+00,7.812500250004e-02,6.379190068884e-02
4.469866214455e+00,1.093750035001e-01,6.199041537484e-02
4.469866214457e+00,1.406250045001e-01,5.998800209287e-02
4.469866214458e+00,1.718750055001e-01,5.774915753885e-02
4.469866214460e+00,2.031250065002e-01,5.522949179823e-02
4.469866214462e+00,2.343750075002e-01,5.237276225558e-02
4.469866214463e+00,2.656250085002e-01,4.910663453541e-02
4.469866214465e+00,2.968750095002e-01,4.533648399120e-02
4.469866214467e+00,3.281250105002e-01,4.093609285418e-02
4.469866214468e+00,3.593750115001e-01,3.573326401583e-02
4.469866214470e+00,3.906250125001e-01,2.948678607987e-02
4.469866214471e+00,4.218750135001e-01,2.184800816995e-02
4.469866214473e+00,4.531250145000e-01,1.229352486009e-02
4.469866214475e+00,4.843750155000e-01,1.597918657201e-15
4.503348358379e+00,1.562500050001e-02,6.690179651847e-02
4.503348358380e+00,4.687500150003e-02,6.542119257035e-02
4.503348358382e+00,7.812500250004e-02,6.379190068884e-02
4.503348358383e+00,1.093750035001e-01,6.199041537484e-02
4.503348358385e+00,1.406250045001e-01,5.998800209287e-02
4.503348358387e+00,1.718750055001e-01,5.774915753885e-02
4.503348358389e+00,2.031250065002e-01,5.522949179823e-02
4.503348358390e+00,2.343750075002e-01,5.237276225558e-02
4.503348358392e+00,2.656250085002e-01,4.910663453541e-02
4.503348358393e+00,2.968750095002e-01,4.533648399120e-02
4.503348358395e+00,3.281250105002e-01,4.093609285418e-02
4.503348358397e+00,3.593750115001e-01,3.573326401583e-02
4.503348358398e+00,3.906250125001e-01,2.948678607987e-02
4.503348358400e+00,4.218750135001e-01,2.184800816995e-02
4.503348358402e+00,4.531250145000e-01,1.229352486009e-02
4.503348358403e+00,4.843750155000e-01,4.002591375570e-16
4.536830502307e+00,1.562500050001e-02,6.690179651847e-02
4.536830502309e+00,4.687500150003e-02,6.542119257035e-02
4.536830502310e+00,7.812500250004e-02,6.379190068884e-02
4.536830502312e+00,1.093750035001e-01,6.199041537484e-02
4.536830502314e+00,1.406250045001e-01,5.998800209287e-02
4.536830502315e+00,1.718750055001e-01,5.774915753885e-02
4.536830502317e+00,2.031250065002e-01,5.522949179823e-02
4.536830502319e+00,2.343750075002e-01,5.237276225558e-02
4.536830502320e+00,2.656250085002e-01,4.910663453541e-02
4.536830502322e+00,2.968750095002e-01,4.533648399120e-02
4.536830502324e+00,3.281250105002e-01,4.093609285418e-02
4.536830502325e+00,3.593750115001e-01,3.573326401583e-02
4.536830502327e+00,3.906250125001e-01,2.948678607987e-02
4.536830502329e+00,4.218750135001e-01,2.184800816995e-02
4.536830502331e+00,4.531250145000e-01,1.229352486009e-02
4.536830502332e+00,4.843750155000e-01,0.000000000000e+00
4.570312646236e+00,1.562500050001e-02,6.690179651847e-02
4.570312646237e+00,4.687500150003e-02,6.542119257035e-02
4.570312646239e+00,7.812500250004e-02,6.379190068884e-02
4.570312646241e+00,1.093750035001e-01,6.199041537484e-02
4.570312646242e+00,1.406250045001e-01,5.998800209287e-02
4.570312646244e+00,1.718750055001e-01,5.774915753885e-02
4.570312646246e+00,2.031250065002e-01,5.522949179823e-02
4.570312646247e+00,2.343750075002e-01,5.237276225558e-02
4.570312646249e+00,2.656250085002e-01,4.910663453541e-02
4.570312646251e+00,2.968750095002e-01,4.533648399120e-02
4.570312646252e+00,3.281250105002e-01,4.093609285419e-02
4.570312646254e+00,3.593750115001e-01,3.573326401583e-02
4.570312646256e+00,3.906250125001e-01,2.948678607987e-02
4.570312646258e+00,4.218750135001e-01,2.184800816995e-02
4.570312646259e+00,4.531250145000e-01,1.229352486009e-02
4.570312646261e+00,4.843750155000e-01,1.997554362149e-15
4.603794790164e+00,1.562500050001e-02,6.690179651847e-02
4.603794790166e+00,4.687500150003e-02,6.542119257035e-02
4.603794790167e+00,7.812500250004e-02,6.379190068884e-02
4.603794790169e+00,1.093750035001e-01,6.199041537484e-02
4.603794790171e+00,1.406250045001e-01,5.998800209287e-02
4.603794790172e+00,1.718750055001e-01,5.774915753885e-02
4.603794790174e+00,2.031250065002e-01,5.522949179823e-02
4.603794790176e+00,2.343750075002e-01,5.237276225558e-02
4.603794790178e+00,2.656250085002e-01,4.910663453541e-02
4.603794790179e+00,2.968750095002e-01,4.533648399120e-02
4.603794790181e+00,3.281250105002e-01,4.093609285419e-02
4.603794790183e+00,3.593750115001e-01,3.573326401583e-02
4.603794790184e+00,3.906250125001e-01,2.948678607988e-02
4.603794790186e+00,4.218750135001e-01,2.184800816995e-02
4.603794790188e+00,4.531250145000e-01,1.229352486009e-02
4.603794790190e+00,4.843750155000e-01,2.796469109839e-15
4.637276934092e+00,1.562500050001e-02,6.690179651847e-02
4.637276934094e+00,4.687500150003e-02,6.542119257035e-02
4.637276934096e+00,7.812500250004e-02,6.379190068884e-02
4.637276934098e+00,1.093750035001e-01,6.199041537485e-02
4.637276934099e+00,1.406250045001e-01,5.998800209287e-02
4.637276934101e+00,1.718750055001e-01,5.774915753885e-02
4.637276934103e+00,2.031250065001e-01,5.522949179823e-02
4.637276934105e+00,2.343750075002e-01,5.237276225558e-02
4.637276934106e+00,2.656250085002e-01,4.910663453541e-02
4.637276934108e+00,2.968750095002e-01,4.533648399120e-02
4.637276934110e+00,3.281250105002e-01,4.093609285419e-02
4.637276934112e+00,3.593750115001e-01,3.573326401583e-02
4.637276934113e+00,3.906250125001e-01,2.948678607988e-02
4.637276934115e+00,4.218750135001e-01,2.184800816995e-02
4.637276934117e+00,4.531250145000e-01,1.229352486009e-02
4.637276934118e+00,4.843750155000e-01,2.496747901876e-17
4.670759078021e+00,1.562500050001e-02,6.690179651847e-02
4.670759078023e+00,4.687500150003e-02,6.542119257035e-02
4.670759078024e+00,7.812500250004e-02,6.379190068884e-02
4.670759078026e+00,1.093750035001e-01,6.199041537485e-02
4.670759078028e+00,1.406250045001e-01,5.998800209287e-02
4.670759078030e+00,1.718750055001e-01,5.774915753885e-02
4.670759078031e+00,2.031250065001e-01,5.522949179823e-02
4.670759078033e+00,2.343750075002e-01,5.237276225558e-02
4.670759078035e+00,2.656250085002e-01,4.910663453541e-02
4.670759078037e+00,2.968750095002e-01,4.533648399120e-02
4.670759078038e+00,3.281250105002e-01,4.093609285419e-02
4.670759078040e+00,3.593750115001e-01,3.573326401583e-02
4.670759078042e+00,3.906250125001e-01,2.948678607988e-02
4.670759078044e+00,4.218750135001e-01,2.184800816995e-02
4.670759078046e+00,4.531250145000e-01,1.229352486009e-02
4.670759078047e+00,4.843750155000e-01,4.394276307301e-15
4.704241221949e+00,1.562500050001e-02,6.690179651847e-02
4.704241221951e+00,4.687500150003e-02,6.542119257035e-02
4.704241221953e+00,7.812500250004e-02,6.379190068884e-02
4.704241221955e+00,1.093750035001e-01,6.199041537485e-02
4.704241221956e+00,1.406250045001e-01,5.998800209287e-02
4.704241221958e+00,1.718750055001e-01,5.774915753885e-02
4.704241221960e+00,2.031250065001e-01,5.522949179823e-02
4.704241221962e+00,2.343750075002e-01,5.237276225558e-02
4.704241221963e+00,2.656250085002e-01,4.910663453541e-02
4.704241221965e+00,2.968750095002e-01,4.533648399120e-02
4.704241221967e+00,3.281250105002e-01,4.093609285419e-02
4.704241221969e+00,3.593750115001e-01,3.573326401583e-02
4.704241221971e+00,3.906250125001e-01,2.948678607988e-02
4.704241221972e+00,4.218750135001e-01,2.184800816995e-02
4.704241221974e+00,4.531250145000e-01,1.229352486009e-02
4.704241221976e+00,4.843750155000e-01,4.002591375570e-16
4.737723365878e+00,1.562500050001e-02,6.690179651847e-02
4.737723365879e+00,4.687500150003e-02,6.542119257035e-02
4.737723365881e+00,7.812500250004e-02,6.379190068884e-02
4.737723365883e+00,1.093750035001e-01,6.199041537485e-02
4.737723365885e+00,1.406250045001e-01,5.998800209287e-02
4.737723365887e+00,1.718750055001e-01,5.774915753885e-02
4.737723365888e+00,2.031250065001e-01,5.522949179823e-02
4.737723365890e+00,2.343750075002e-01,5.237276225558e-02
4.737723365892e+00,2.656250085002e-01,4.910663453541e-02
4.737723365894e+00,2.968750095002e-01,4.533648399120e-02
4.737723365896e+00,3.281250105002e-01,4.093609285419e-02
4.737723365897e+00,3.593750115001e-01,3.573326401583e-02
4.737723365899e+00,3.906250125001e-01,2.948678607988e-02
4.737723365901e+00,4.218750135001e-01,2.184800816995e-02
4.737723365903e+00,4.531250145000e-01,1.229352486009e-02
4.737723365905e+00,4.843750155000e-01,7.989593286001e-16
4.771205509806e+00,1.562500050001e-02,6.690179651847e-02
4.771205509808e+00,4.687500150003e-02,6.542119257035e-02
4.771205509810e+00,7.812500250004e-02,6.379190068884e-02
4.771205509812e+00,1.093750035001e-01,6.199041537485e-02
4.771205509813e+00,1.406250045001e-01,5.998800209287e-02
4.771205509815e+00,1.718750055001e-01,5.774915753885e-02
4.771205509817e+00,2.031250065001e-01,5.522949179823e-02
4.771205509819e+00,2.343750075002e-01,5.237276225558e-02
4.771205509821e+00,2.656250085002e-01,4.910663453541e-02
4.771205509823e+00,2.968750095002e-01,4.533648399120e-02
4.771205509824e+00,3.281250105002e-01,4.093609285419e-02
4.771205509826e+00,3.593750115001e-01,3.573326401583e-02
4.771205509828e+00,3.906250125001e-01,2.948678607988e-02
4.771205509830e+00,4.218750135001e-01,2.184800816995e-02
4.771205509832e+00,4.531250145000e-01,1.229352486009e-02
4.771205509834e+00,4.843750155000e-01,4.793755971601e-15
4.804687653735e+00,1.562500050001e-02,6.690179651847e-02
4.804687653736e+00,4.687500150003e-02,6.542119257035e-02
4.804687653738e+00,7.812500250004e-02,6.379190068884e-02
4.804687653740e+00,1.093750035001e-01,6.199041537485e-02
4.804687653742e+00,1.406250045001e-01,5.998800209287e-02
4.804687653744e+00,1.718750055001e-01,5.774915753885e-02
4.804687653746e+00,2.031250065001e-01,5.522949179823e-02
4.804687653748e+00,2.343750075002e-01,5.237276225558e-02
4.804687653749e+00,2.656250085002e-01,4.910663453541e-02
4.804687653751e+00,2.968750095002e-01,4.533648399120e-02
4.804687653753e+00,3.281250105002e-01,4.093609285419e-02
4.804687653755e+00,3.593750115001e-01,3.573326401583e-02
4.804687653757e+00,3.906250125001e-01,2.948678607988e-02
4.804687653759e+00,4.218750135001e-01,2.184800816995e-02
4.804687653760e+00,4.531250145000e-01,1.229352486009e-02
4.804687653762e+00,4.843750155000e-01,0.000000000000e+00
4.838169797663e+00,1.562500050001e-02,6.690179651847e-02
4.838169797665e+00,4.687500150003e-02,6.542119257035e-02
4.838169797667e+00,7.812500250004e-02,6.379190068884e-02
4.838169797669e+00,1.093750035000e-01,6.199041537485e-02
4.838169797671e+00,1.406250045001e-01,5.998800209287e-02
4.838169797672e+00,1.718750055001e-01,5.774915753885e-02
4.838169797674e+00,2.031250065001e-01,5.522949179823e-02
4.838169797676e+00,2.343750075002e-01,5.237276225558e-02
4.838169797678e+00,2.656250085002e-01,4.910663453541e-02
4.838169797680e+00,2.968750095002e-01,4.533648399120e-02
4.838169797682e+00,3.281250105002e-01,4.093609285419e-02
4.838169797684e+00,3.593750115001e-01,3.573326401583e-02
4.838169797685e+00,3.906250125001e-01,2.948678607988e-02
4.838169797687e+00,4.218750135001e-01,2.184800816995e-02
4.838169797689e+00,4.531250145000e-01,1.229352486009e-02
4.838169797691e+00,4.843750155000e-01,2.496747901876e-17
4.871651941591e+00,1.562500050001e-02,6.690179651847e-02
4.871651941593e+00,4.687500150003e-02,6.542119257035e-02
4.871651941595e+00,7.812500250004e-02,6.379190068884e-02
4.871651941597e+00,1.093750035000e-01,6.199041537485e-02
4.871651941599e+00,1.406250045001e-01,5.998800209287e-02
4.871651941601e+00,1.718750055001e-01,5.774915753885e-02
4.871651941603e+00,2.031250065001e-01,5.522949179823e-02
4.871651941605e+00,2.343750075002e-01,5.237276225559e-02
4.871651941607e+00,2.656250085002e-01,4.910663453541e-02
4.871651941608e+00,2.968750095002e-01,4.533648399120e-02
4.871651941610e+00,3.281250105002e-01,4.093609285419e-02
4.871651941612e+00,3.593750115001e-01,3.573326401583e-02
4.871651941614e+00,3.906250125001e-01,2.948678607988e-02
4.871651941616e+00,4.218750135001e-01,2.184800816995e-02
4.871651941618e+00,4.531250145000e-01,1.229352486009e-02
4.871651941620e+00,4.843750155000e-01,4.002591375570e-16
4.905134085520e+00,1.562500050001e-02,6.690179651847e-02
4.905134085522e+00,4.687500150003e-02,6.542119257035e-02
4.905134085524e+00,7.812500250004e-02,6.379190068884e-02
4.905134085526e+00,1.093750035000e-01,6.199041537485e-02
4.905134085528e+00,1.406250045001e-01,5.998800209287e-02
4.905134085529e+00,1.718750055001e-01,5.774915753885e-02
4.905134085531e+00,2.031250065001e-01,5.522949179823e-02
4.905134085533e+00,2.343750075002e-01,5.237276225559e-02
4.905134085535e+00,2.656250085002e-01,4.910663453541e-02
4.905134085537e+00,2.968750095002e-01,4.533648399120e-02
4.905134085539e+00,3.281250105002e-01,4.093609285419e-02
4.905134085541e+00,3.593750115001e-01,3.573326401583e-02
4.905134085543e+00,3.906250125001e-01,2.948678607988e-02
4.905134085545e+00,4.218750135001e-01,2.184800816995e-02
4.905134085547e+00,4.531250145000e-01,1.229352486009e-02
4.905134085549e+00,4.843750155000e-01,7.989593286001e-16
4.938616229448e+00,1.562500050001e-02,6.690179651847e-02
4.938616229450e+00,4.687500150002e-02,6.542119257035e-02
4.938616229452e+00,7.812500250003e-02,6.379190068884e-02
4.938616229454e+00,1.093750035000e-01,6.199041537485e-02
4.938616229456e+00,1.406250045001e-01,5.998800209287e-02
4.938616229458e+00,1.718750055001e-01,5.774915753885e-02
4.938616229460e+00,2.031250065001e-01,5.522949179823e-02
4.938616229462e+00,2.343750075002e-01,5.237276225559e-02
4.938616229464e+00,2.656250085002e-01,4.910663453541e-02
4.938616229466e+00,2.968750095002e-01,4.533648399120e-02
4.938616229468e+00,3.281250105002e-01,4.093609285419e-02
4.938616229470e+00,3.593750115001e-01,3.573326401583e-02
4.938616229472e+00,3.906250125001e-01,2.948678607988e-02
4.938616229474e+00,4.218750135001e-01,2.184800816995e-02
4.938616229475e+00,4.531250145000e-01,1.229352486009e-02
4.938616229477e+00,4.843750155000e-01,3.994796643001e-16
4.972098373377e+00,1.562500050001e-02,6.690179651847e-02
4.972098373379e+00,4.687500150002e-02,6.542119257035e-02
4.972098373381e+00,7.812500250003e-02,6.379190068884e-02
4.972098373383e+00,1.093750035000e-01,6.199041537485e-02
4.972098373385e+00,1.406250045001e-01,5.998800209287e-02
4.972098373387e+00,1.718750055001e-01,5.774915753885e-02
4.972098373388e+00,2.031250065001e-01,5.522949179823e-02
4.972098373390e+00,2.343750075002e-01,5.237276225559e-02
4.972098373392e+00,2.656250085002e-01,4.910663453541e-02
4.972098373394e+00,2.968750095002e-01,4.533648399120e-02
4.972098373396e+00,3.281250105002e-01,4.093609285419e-02
4.972098373398e+00,3.593750115001e-01,3.573326401583e-02
4.972098373400e+00,3.906250125001e-01,2.948678607988e-02
4.972098373402e+00,4.218750135001e-01,2.184800816995e-02
4.972098373404e+00,4.531250145000e-01,1.229352486009e-02
4.972098373406e+00,4.843750155000e-01,3.994796643001e-16
5.005580517305e+00,1.562500050001e-02,6.690179651847e-02
5.005580517307e+00,4.687500150002e-02,6.542119257035e-02
5.005580517309e+00,7.812500250003e-02,6.379190068884e-02
5.005580517311e+00,1.093750035000e-01,6.199041537485e-02
5.005580517313e+00,1.406250045001e-01,5.998800209287e-02
5.005580517315e+00,1.718750055001e-01,5.774915753885e-02
5.005580517317e+00,2.031250065001e-01,5.522949179823e-02
5.005580517319e+00,2.343750075002e-01,5.237276225559e-02
5.005580517321e+00,2.656250085002e-01,4.910663453541e-02
5.005580517323e+00,2.968750095002e-01,4.533648399120e-02
5.005580517325e+00,3.281250105002e-01,4.093609285419e-02
5.005580517327e+00,3.593750115001e-01,3.573326401583e-02
5.005580517329e+00,3.906250125001e-01,2.948678607988e-02
5.005580517331e+00,4.218750135001e-01,2.184800816995e-02
5.005580517333e+00,4.531250145000e-01,1.229352486009e-02
5.005580517335e+00,4.843750155000e-01,4.002591375570e-16
5.039062661234e+00,1.562500050001e-02,6.690179651847e-02
5.039062661236e+00,4.687500150002e-02,6.542119257035e-02
5.039062661238e+00,7.812500250003e-02,6.379190068884e-02
5.039062661240e+00,1.093750035000e-01,6.199041537485e-02
5.039062661242e+00,1.406250045001e-01,5.998800209287e-02
5.039062661244e+00,1.718750055001e-01,5.774915753885e-02
5.039062661246e+00,2.031250065001e-01,5.522949179823e-02
5.039062661248e+00,2.343750075002e-01,5.237276225559e-02
5.039062661250e+00,2.656250085002e-01,4.910663453541e-02
5.039062661252e+00,2.968750095002e-01,4.533648399121e-02
5.039062661254e+00,3.281250105002e-01,4.093609285419e-02
5.039062661256e+00,3.593750115001e-01,3.573326401583e-02
5.039062661258e+00,3.906250125001e-01,2.948678607988e-02
5.039062661260e+00,4.218750135001e-01,2.184800816995e-02
5.039062661262e+00,4.531250145000e-01,1.229352486009e-02
5.039062661264e+00,4.843750155000e-01,1.597918657201e-15
5.072544805162e+00,1.562500050001e-02,6.690179651847e-02
5.072544805164e+00,4.687500150002e-02,6.542119257035e-02
5.072544805166e+00,7.812500250003e-02,6.379190068884e-02
5.072544805168e+00,1.093750035000e-01,6.199041537485e-02
5.072544805170e+00,1.406250045001e-01,5.998800209287e-02
5.072544805172e+00,1.718750055001e-01,5.774915753885e-02
5.072544805174e+00,2.031250065001e-01,5.522949179823e-02
5.072544805176e+00,2.343750075002e-01,5.237276225559e-02
5.072544805178e+00,2.656250085002e-01,4.910663453541e-02
5.072544805180e+00,2.968750095002e-01,4.533648399121e-02
5.072544805182e+00,3.281250105002e-01,4.093609285419e-02
5.072544805184e+00,3.593750115001e-01,3.573326401583e-02
5.072544805186e+00,3.906250125001e-01,2.948678607988e-02
5.072544805188e+00,4.218750135001e-01,2.184800816995e-02
5.072544805190e+00,4.531250145000e-01,1.229352486009e-02
5.072544805192e+00,4.843750155000e-01,7.989593286001e-16
5.106026949091e+00,1.562500050001e-02,6.690179651847e-02
5.106026949093e+00,4.687500150002e-02,6.542119257035e-02
5.106026949095e+00,7.812500250003e-02,6.379190068884e-02
5.106026949097e+00,1.093750035000e-01,6.199041537485e-02
5.106026949099e+00,1.406250045001e-01,5.998800209287e-02
5.106026949101e+00,1.718750055001e-01,5.774915753885e-02
5.106026949103e+00,2.031250065001e-01,5.522949179823e-02
5.106026949105e+00,2.343750075002e-01,5.237276225559e-02
5.106026949107e+00,2.656250085002e-01,4.910663453541e-02
5.106026949109e+00,2.968750095002e-01,4.533648399121e-02
5.106026949111e+00,3.281250105001e-01,4.093609285419e-02
5.106026949113e+00,3.593750115001e-01,3.573326401583e-02
5.106026949115e+00,3.906250125001e-01,2.948678607988e-02
5.106026949117e+00,4.218750135001e-01,2.184800816995e-02
5.106026949119e+00,4.531250145000e-01,1.229352486009e-02
5.106026949121e+00,4.843750155000e-01,2.796803462403e-15
5.139509093019e+00,1.562500050001e-02,6.690179651847e-02
5.139509093021e+00,4.687500150002e-02,6.542119257035e-02
5.139509093023e+00,7.812500250003e-02,6.379190068884e-02
5.139509093025e+00,1.093750035000e-01,6.199041537485e-02
5.139509093027e+00,1.406250045001e-01,5.998800209287e-02
5.139509093029e+00,1.718750055001e-01,5.774915753885e-02
5.139509093031e+00,2.031250065001e-01,5.522949179823e-02
5.139509093033e+00,2.343750075002e-01,5.237276225559e-02
5.139509093035e+00,2.656250085002e-01,4.910663453541e-02
5.139509093037e+00,2.968750095002e-01,4.533648399121e-02
5.139509093040e+00,3.281250105001e-01,4.093609285419e-02
5.139509093042e+00,3.593750115001e-01,3.573326401583e-02
5.139509093044e+00,3.906250125001e-01,2.948678607988e-02
5.139509093046e+00,4.218750135001e-01,2.184800816995e-02
5.139509093048e+00,4.531250145000e-01,1.229352486009e-02
5.139509093050e+00,4.843750155000e-01,1.198438992900e-15
5.172991236947e+00,1.562500050001e-02,6.690179651847e-02
5.172991236949e+00,4.687500150002e-02,6.542119257035e-02
5.172991236952e+00,7.812500250003e-02,6.379190068884e-02
5.172991236954e+00,1.093750035000e-01,6.199041537485e-02
5.172991236956e+00,1.406250045001e-01,5.998800209287e-02
5.172991236958e+00,1.718750055001e-01,5.774915753885e-02
5.172991236960e+00,2.031250065001e-01,5.522949179823e-02
5.172991236962e+00,2.343750075002e-01,5.237276225559e-02
5.172991236964e+00,2.656250085002e-01,4.910663453542e-02
5.172991236966e+00,2.968750095002e-01,4.533648399121e-02
5.172991236968e+00,3.281250105001e-01,4.093609285419e-02
5.172991236970e+00,3.593750115001e-01,3.573326401583e-02
5.172991236972e+00,3.906250125001e-01,2.948678607988e-02
5.172991236975e+00,4.218750135001e-01,2.184800816995e-02
5.172991236977e+00,4.531250145000e-01,1.229352486009e-02
5.172991236979e+00,4.843750155000e-01,8.024626993413e-16
5.206473380876e+00,1.562500050001e-02,6.690179651847e-02
5.206473380878e+00,4.687500150002e-02,6.542119257035e-02
5.206473380880e+00,7.812500250003e-02,6.379190068884e-02
5.206473380882e+00,1.093750035000e-01,6.199041537485e-02
5.206473380884e+00,1.406250045001e-01,5.998800209287e-02
5.206473380886e+00,1.718750055001e-01,5.774915753885e-02
5.206473380889e+00,2.031250065001e-01,5.522949179823e-02
5.206473380891e+00,2.343750075002e-01,5.237276225559e-02
5.206473380893e+00,2.656250085002e-01,4.910663453542e-02
5.206473380895e+00,2.968750095002e-01,4.533648399121e-02
5.206473380897e+00,3.281250105001e-01,4.093609285419e-02
5.206473380899e+00,3.593750115001e-01,3.573326401583e-02
5.206473380901e+00,3.906250125001e-01,2.948678607988e-02
5.206473380903e+00,4.218750135001e-01,2.184800816995e-02
5.206473380905e+00,4.531250145000e-01,1.229352486009e-02
5.206473380907e+00,4.843750155000e-01,7.989593286001e-16
5.239955524804e+00,1.562500050001e-02,6.690179651847e-02
5.239955524806e+00,4.687500150002e-02,6.542119257035e-02
5.239955524809e+00,7.812500250003e-02,6.379190068884e-02
5.239955524811e+00,1.093750035000e-01,6.199041537485e-02
5.239955524813e+00,1.406250045001e-01,5.998800209287e-02
5.239955524815e+00,1.718750055001e-01,5.774915753885e-02
5.239955524817e+00,2.031250065001e-01,5.522949179823e-02
5.239955524819e+00,2.343750075001e-01,5.237276225559e-02
5.239955524821e+00,2.656250085002e-01,4.910663453542e-02
5.239955524823e+00,2.968750095002e-01,4.533648399121e-02
5.239955524826e+00,3.281250105001e-01,4.093609285419e-02
5.239955524828e+00,3.593750115001e-01,3.573326401583e-02
5.239955524830e+00,3.906250125001e-01,2.948678607988e-02
5.239955524832e+00,4.218750135001e-01,2.184800816995e-02
5.239955524834e+00,4.531250145000e-01,1.229352486009e-02
5.239955524836e+00,4.843750155000e-01,2.496747901876e-17
5.273437668733e+00,1.562500050001e-02,6.690179651847e-02
5.273437668735e+00,4.687500150002e-02,6.542119257035e-02
5.273437668737e+00,7.812500250003e-02,6.379190068884e-02
5.273437668739e+00,1.093750035000e-01,6.199041537485e-02
5.273437668741e+00,1.406250045001e-01,5.998800209287e-02
5.273437668744e+00,1.718750055001e-01,5.774915753885e-02
5.273437668746e+00,2.031250065001e-01,5.522949179823e-02
5.273437668748e+00,2.343750075001e-01,5.237276225559e-02
5.273437668750e+00,2.656250085002e-01,4.910663453542e-02
5.273437668752e+00,2.968750095002e-01,4.533648399121e-02
5.273437668754e+00,3.281250105001e-01,4.093609285419e-02
5.273437668756e+00,3.593750115001e-01,3.573326401583e-02
5.273437668758e+00,3.906250125001e-01,2.948678607988e-02
5.273437668761e+00,4.218750135001e-01,2.184800816995e-02
5.273437668763e+00,4.531250145000e-01,1.229352486009e-02
5.273437668765e+00,4.843750155000e-01,4.002591375570e-16
5.306919812661e+00,1.562500050001e-02,6.690179651847e-02
5.306919812663e+00,4.687500150002e-02,6.542119257035e-02
5.306919812665e+00,7.812500250003e-02,6.379190068884e-02
5.306919812668e+00,1.093750035000e-01,6.199041537485e-02
5.306919812670e+00,1.406250045001e-01,5.998800209287e-02
5.306919812672e+00,1.718750055001e-01,5.774915753885e-02
5.306919812674e+00,2.031250065001e-01,5.522949179823e-02
5.306919812676e+00,2.343750075001e-01,5.237276225559e-02
5.306919812679e+00,2.656250085002e-01,4.910663453542e-02
5.306919812681e+00,2.968750095002e-01,4.533648399121e-02
5.306919812683e+00,3.281250105001e-01,4.093609285419e-02
5.306919812685e+00,3.593750115001e-01,3.573326401583e-02
5.306919812687e+00,3.906250125001e-01,2.948678607988e-02
5.306919812689e+00,4.218750135001e-01,2.184800816995e-02
5.306919812691e+00,4.531250145000e-01,1.229352486009e-02
5.306919812694e+00,4.843750155000e-01,1.598113703726e-15
5.340401956590e+00,1.562500050001e-02,6.690179651847e-02
5.340401956592e+00,4.687500150002e-02,6.542119257035e-02
5.340401956594e+00,7.812500250003e-02,6.379190068884e-02
5.340401956596e+00,1.093750035000e-01,6.199041537485e-02
5.340401956598e+00,1.406250045001e-01,5.998800209287e-02
5.340401956601e+00,1.718750055001e-01,5.774915753885e-02
5.340401956603e+00,2.031250065001e-01,5.522949179823e-02
5.340401956605e+00,2.343750075001e-01,5.237276225559e-02
5.340401956607e+00,2.656250085002e-01,4.910663453542e-02
5.340401956609e+00,2.968750095002e-01,4.533648399121e-02
5.340401956612e+00,3.281250105001e-01,4.093609285419e-02
5.340401956614e+00,3.593750115001e-01,3.573326401583e-02
5.340401956616e+00,3.906250125001e-01,2.948678607988e-02
5.340401956618e+00,4.218750135001e-01,2.184800816995e-02
5.340401956620e+00,4.531250145000e-01,1.229352486009e-02
5.340401956623e+00,4.843750155000e-01,1.198438992900e-15
5.373884100518e+00,1.562500050001e-02,6.690179651847e-02
5.373884100520e+00,4.687500150002e-02,6.542119257035e-02
5.373884100522e+00,7.812500250003e-02,6.379190068884e-02
5.373884100525e+00,1.093750035000e-01,6.199041537485e-02
5.373884100527e+00,1.406250045001e-01,5.998800209287e-02
5.373884100529e+00,1.718750055001e-01,5.774915753885e-02
5.373884100531e+00,2.031250065001e-01,5.522949179823e-02
5.373884100534e+00,2.343750075001e-01,5.237276225559e-02
5.373884100536e+00,2.656250085001e-01,4.910663453542e-02
5.373884100538e+00,2.968750095002e-01,4.533648399121e-02
5.373884100540e+00,3.281250105001e-01,4.093609285419e-02
5.373884100542e+00,3.593750115001e-01,3.573326401583e-02
5.373884100545e+00,3.906250125001e-01,2.948678607988e-02
5.373884100547e+00,4.218750135001e-01,2.184800816995e-02
5.373884100549e+00,4.531250145000e-01,1.229352486009e-02
5.373884100551e+00,4.843750155000e-01,1.198438992900e-15
5.407366244447e+00,1.562500050001e-02,6.690179651847e-02
5.407366244449e+00,4.687500150002e-02,6.542119257035e-02
5.407366244451e+00,7.812500250003e-02,6.379190068884e-02
5.407366244453e+00,1.093750035000e-01,6.199041537485e-02
5.407366244455e+00,1.406250045001e-01,5.998800209287e-02
5.407366244458e+00,1.718750055001e-01,5.774915753885e-02
5.407366244460e+00,2.031250065001e-01,5.522949179823e-02
5.407366244462e+00,2.343750075001e-01,5.237276225559e-02
5.407366244464e+00,2.656250085001e-01,4.910663453542e-02
5.407366244467e+00,2.968750095001e-01,4.533648399121e-02
5.407366244469e+00,3.281250105001e-01,4.093609285419e-02
5.407366244471e+00,3.593750115001e-01,3.573326401583e-02
5.407366244473e+00,3.906250125001e-01,2.948678607988e-02
5.407366244475e+00,4.218750135001e-01,2.184800816995e-02
5.407366244478e+00,4.531250145000e-01,1.229352486009e-02
5.407366244480e+00,4.843750155000e-01,1.598113703726e-15
5.440848388375e+00,1.562500050001e-02,6.690179651847e-02
5.440848388377e+00,4.687500150002e-02,6.542119257035e-02
5.440848388380e+00,7.812500250003e-02,6.379190068884e-02
5.440848388382e+00,1.093750035000e-01,6.199041537485e-02
5.440848388384e+00,1.406250045001e-01,5.998800209287e-02
5.440848388386e+00,1.718750055001e-01,5.774915753885e-02
5.440848388388e+00,2.031250065001e-01,5.522949179823e-02
5.440848388391e+00,2.343750075001e-01,5.237276225559e-02
5.440848388393e+00,2.656250085001e-01,4.910663453542e-02
5.440848388395e+00,2.968750095001e-01,4.533648399121e-02
5.440848388397e+00,3.281250105001e-01,4.093609285419e-02
5.440848388400e+00,3.593750115001e-01,3.573326401583e-02
5.440848388402e+00,3.906250125001e-01,2.948678607988e-02
5.440848388404e+00,4.218750135001e-01,2.184800816995e-02
5.440848388406e+00,4.531250145000e-01,1.229352486009e-02
5.440848388409e+00,4.843750155000e-01,1.198699042593e-15
5.474330532303e+00,1.562500050001e-02,6.690179651847e-02
5.474330532306e+00,4.687500150002e-02,6.542119257035e-02
5.474330532308e+00,7.812500250003e-02,6.379190068884e-02
5.474330532310e+00,1.093750035000e-01,6.199041537485e-02
5.474330532312e+00,1.406250045001e-01,5.998800209287e-02
5.474330532315e+00,1.718750055001e-01,5.774915753885e-02
5.474330532317e+00,2.031250065001e-01,5.522949179823e-02
5.474330532319e+00,2.343750075001e-01,5.237276225559e-02
5.474330532322e+00,2.656250085001e-01,4.910663453542e-02
5.474330532324e+00,2.968750095001e-01,4.533648399121e-02
5.474330532326e+00,3.281250105001e-01,4.093609285419e-02
5.474330532328e+00,3.593750115001e-01,3.573326401583e-02
5.474330532331e+00,3.906250125001e-01,2.948678607988e-02
5.474330532333e+00,4.218750135001e-01,2.184800816995e-02
5.474330532335e+00,4.531250145000e-01,1.229352486009e-02
5.474330532338e+00,4.843750155000e-01,8.005182751141e-16
5.507812676232e+00,1.562500050001e-02,6.690179651847e-02
5.507812676234e+00,4.687500150002e-02,6.542119257035e-02
5.507812676236e+00,7.812500250003e-02,6.379190068884e-02
5.507812676239e+00,1.093750035000e-01,6.199041537485e-02
5.507812676241e+00,1.406250045000e-01,5.998800209287e-02
5.507812676243e+00,1.718750055001e-01,5.774915753885e-02
5.507812676246e+00,2.031250065001e-01,5.522949179823e-02
5.507812676248e+00,2.343750075001e-01,5.237276225559e-02
5.507812676250e+00,2.656250085001e-01,4.910663453542e-02
5.507812676252e+00,2.968750095001e-01,4.533648399121e-02
5.507812676255e+00,3.281250105001e-01,4.093609285419e-02
5.507812676257e+00,3.593750115001e-01,3.573326401583e-02
5.507812676259e+00,3.906250125001e-01,2.948678607988e-02
5.507812676262e+00,4.218750135001e-01,2.184800816995e-02
5.507812676264e+00,4.531250145000e-01,1.229352486009e-02
5.507812676266e+00,4.843750155000e-01,3.994796643001e-16
5.541294820160e+00,1.562500050001e-02,6.690179651847e-02
5.541294820163e+00,4.687500150002e-02,6.542119257035e-02
5.541294820165e+00,7.812500250002e-02,6.379190068884e-02
5.541294820167e+00,1.093750035000e-01,6.199041537485e-02
5.541294820170e+00,1.406250045000e-01,5.998800209287e-02
5.541294820172e+00,1.718750055001e-01,5.774915753885e-02
5.541294820174e+00,2.031250065001e-01,5.522949179823e-02
5.541294820176e+00,2.343750075001e-01,5.237276225559e-02
5.541294820179e+00,2.656250085001e-01,4.910663453542e-02
5.541294820181e+00,2.968750095001e-01,4.533648399121e-02
5.541294820184e+00,3.281250105001e-01,4.093609285419e-02
5.541294820186e+00,3.593750115001e-01,3.573326401583e-02
5.541294820188e+00,3.906250125001e-01,2.948678607988e-02
5.541294820190e+00,4.218750135001e-01,2.184800816995e-02
5.541294820193e+00,4.531250145000e-01,1.229352486009e-02
5.541294820195e+00,4.843750155000e-01,1.997554362149e-15
5.574776964089e+00,1.562500050001e-02,6.690179651847e-02
5.574776964091e+00,4.687500150002e-02,6.542119257035e-02
5.574776964093e+00,7.812500250002e-02,6.379190068884e-02
5.574776964096e+00,1.093750035000e-01,6.199041537485e-02
5.574776964098e+00,1.406250045000e-01,5.998800209287e-02
5.574776964100e+00,1.718750055001e-01,5.774915753885e-02
5.574776964103e+00,2.031250065001e-01,5.522949179823e-02
5.574776964105e+00,2.343750075001e-01,5.237276225559e-02
5.574776964107e+00,2.656250085001e-01,4.910663453542e-02
5.574776964110e+00,2.968750095001e-01,4.533648399121e-02
5.574776964112e+00,3.281250105001e-01,4.093609285419e-02
5.574776964115e+00,3.593750115001e-01,3.573326401583e-02
5.574776964117e+00,3.906250125001e-01,2.948678607988e-02
5.574776964119e+00,4.218750135001e-01,2.184800816995e-02
5.574776964121e+00,4.531250145000e-01,1.229352486009e-02
5.574776964124e+00,4.843750155000e-01,2.796469109839e-15
5.608259108017e+00,1.562500050001e-02,6.690179651847e-02
5.608259108020e+00,4.687500150002e-02,6.542119257035e-02
5.608259108022e+00,7.812500250002e-02,6.379190068884e-02
5.608259108024e+00,1.093750035000e-01,6.199041537485e-02
5.608259108027e+00,1.406250045000e-01,5.998800209287e-02
5.608259108029e+00,1.718750055001e-01,5.774915753885e-02
5.608259108031e+00,2.031250065001e-01,5.522949179823e-02
5.608259108034e+00,2.343750075001e-01,5.237276225559e-02
5.608259108036e+00,2.656250085001e-01,4.910663453542e-02
5.608259108038e+00,2.968750095001e-01,4.533648399121e-02
5.608259108041e+00,3.281250105001e-01,4.093609285419e-02
5.608259108043e+00,3.593750115001e-01,3.573326401583e-02
5.608259108045e+00,3.906250125001e-01,2.948678607988e-02
5.608259108048e+00,4.218750135001e-01,2.184800816995e-02
5.608259108050e+00,4.531250145000e-01,1.229352486009e-02
5.608259108053e+00,4.843750155000e-01,0.000000000000e+00
5.641741251946e+00,1.562500050001e-02,6.690179651847e-02
5.641741251948e+00,4.687500150002e-02,6.542119257035e-02
5.641741251950e+00,7.812500250002e-02,6.379190068884e-02
5.641741251953e+00,1.093750035000e-01,6.199041537485e-02
5.641741251955e+00,1.406250045000e-01,5.998800209287e-02
5.641741251957e+00,1.718750055001e-01,5.774915753885e-02
5.641741251960e+00,2.031250065001e-01,5.522949179823e-02
5.641741251962e+00,2.343750075001e-01,5.237276225559e-02
5.641741251965e+00,2.656250085001e-01,4.910663453542e-02
5.641741251967e+00,2.968750095001e-01,4.533648399121e-02
5.641741251969e+00,3.281250105001e-01,4.093609285419e-02
5.641741251972e+00,3.593750115001e-01,3.573326401583e-02
5.641741251974e+00,3.906250125001e-01,2.948678607988e-02
5.641741251977e+00,4.218750135001e-01,2.184800816995e-02
5.641741251979e+00,4.531250145000e-01,1.229352486009e-02
5.641741251981e+00,4.843750155000e-01,4.993495803751e-17
5.675223395874e+00,1.562500050001e-02,6.690179651847e-02
5.675223395877e+00,4.687500150002e-02,6.542119257035e-02
5.675223395879e+00,7.812500250002e-02,6.379190068884e-02
5.675223395881e+00,1.093750035000e-01,6.199041537485e-02
5.675223395884e+00,1.406250045000e-01,5.998800209287e-02
5.675223395886e+00,1.718750055001e-01,5.774915753885e-02
5.675223395888e+00,2.031250065001e-01,5.522949179823e-02
5.675223395891e+00,2.343750075001e-01,5.237276225559e-02
5.675223395893e+00,2.656250085001e-01,4.910663453542e-02
5.675223395896e+00,2.968750095001e-01,4.533648399121e-02
5.675223395898e+00,3.281250105001e-01,4.093609285419e-02
5.675223395900e+00,3.593750115001e-01,3.573326401583e-02
5.675223395903e+00,3.906250125001e-01,2.948678607988e-02
5.675223395905e+00,4.218750135001e-01,2.184800816995e-02
5.675223395908e+00,4.531250145000e-01,1.229352486009e-02
5.675223395910e+00,4.843750155000e-01,2.397008021227e-15
5.708705539802e+00,1.562500050001e-02,6.690179651847e-02
5.708705539805e+00,4.687500150002e-02,6.542119257035e-02
5.708705539807e+00,7.812500250002e-02,6.379190068884e-02
5.708705539810e+00,1.093750035000e-01,6.199041537485e-02
5.708705539812e+00,1.406250045000e-01,5.998800209287e-02
5.708705539815e+00,1.718750055001e-01,5.774915753885e-02
5.708705539817e+00,2.031250065001e-01,5.522949179823e-02
5.708705539820e+00,2.343750075001e-01,5.237276225559e-02
5.708705539822e+00,2.656250085001e-01,4.910663453542e-02
5.708705539824e+00,2.968750095001e-01,4.533648399121e-02
5.708705539827e+00,3.281250105001e-01,4.093609285419e-02
5.708705539829e+00,3.593750115001e-01,3.573326401583e-02
5.708705539832e+00,3.906250125001e-01,2.948678607988e-02
5.708705539834e+00,4.218750135001e-01,2.184800816995e-02
5.708705539836e+00,4.531250145000e-01,1.229352486009e-02
5.708705539839e+00,4.843750155000e-01,3.195934842128e-15
5.742187683731e+00,1.562500050001e-02,6.690179651847e-02
5.742187683733e+00,4.687500150002e-02,6.542119257035e-02
5.742187683736e+00,7.812500250002e-02,6.379190068884e-02
5.742187683738e+00,1.093750035000e-01,6.199041537485e-02
5.742187683741e+00,1.406250045000e-01,5.998800209287e-02
5.742187683743e+00,1.718750055001e-01,5.774915753885e-02
5.742187683746e+00,2.031250065001e-01,5.522949179823e-02
5.742187683748e+00,2.343750075001e-01,5.237276225559e-02
5.742187683751e+00,2.656250085001e-01,4.910663453542e-02
5.742187683753e+00,2.968750095001e-01,4.533648399121e-02
5.742187683755e+00,3.281250105001e-01,4.093609285419e-02
5.742187683758e+00,3.593750115001e-01,3.573326401583e-02
5.742187683760e+00,3.906250125001e-01,2.948678607988e-02
5.742187683763e+00,4.218750135001e-01,2.184800816995e-02
5.742187683765e+00,4.531250145000e-01,1.229352486009e-02
5.742187683768e+00,4.843750155000e-01,3.994796643001e-16
5.775669827659e+00,1.562500050001e-02,6.690179651847e-02
5.775669827662e+00,4.687500150002e-02,6.542119257035e-02
5.775669827664e+00,7.812500250002e-02,6.379190068884e-02
5.775669827667e+00,1.093750035000e-01,6.199041537485e-02
5.775669827669e+00,1.406250045000e-01,5.998800209287e-02
5.775669827672e+00,1.718750055001e-01,5.774915753885e-02
5.775669827674e+00,2.031250065001e-01,5.522949179823e-02
5.775669827677e+00,2.343750075001e-01,5.237276225559e-02
5.775669827679e+00,2.656250085001e-01,4.910663453542e-02
5.775669827682e+00,2.968750095001e-01,4.533648399121e-02
5.775669827684e+00,3.281250105001e-01,4.093609285419e-02
5.775669827687e+00,3.593750115001e-01,3.573326401583e-02
5.775669827689e+00,3.906250125001e-01,2.948678607988e-02
5.775669827691e+00,4.218750135000e-01,2.184800816995e-02
5.775669827694e+00,4.531250145000e-01,1.229352486009e-02
5.775669827696e+00,4.843750155000e-01,0.000000000000e+00
5.809151971588e+00,1.562500050001e-02,6.690179651847e-02
5.809151971590e+00,4.687500150002e-02,6.542119257035e-02
5.809151971593e+00,7.812500250002e-02,6.379190068884e-02
5.809151971595e+00,1.093750035000e-01,6.199041537485e-02
5.809151971598e+00,1.406250045000e-01,5.998800209287e-02
5.809151971600e+00,1.718750055000e-01,5.774915753886e-02
5.809151971603e+00,2.031250065001e-01,5.522949179823e-02
5.809151971605e+00,2.343750075001e-01,5.237276225559e-02
5.809151971608e+00,2.656250085001e-01,4.910663453542e-02
5.809151971610e+00,2.968750095001e-01,4.533648399121e-02
5.809151971613e+00,3.281250105001e-01,4.093609285419e-02
5.809151971615e+00,3.593750115001e-01,3.573326401583e-02
5.809151971618e+00,3.906250125001e-01,2.948678607988e-02
5.809151971620e+00,4.218750135000e-01,2.184800816995e-02
5.809151971623e+00,4.531250145000e-01,1.229352486009e-02
5.809151971625e+00,4.843750155000e-01,2.397008021227e-15
5.842634115516e+00,1.562500050000e-02,6.690179651847e-02
5.842634115519e+00,4.687500150002e-02,6.542119257035e-02
5.842634115521e+00,7.812500250002e-02,6.379190068884e-02
5.842634115524e+00,1.093750035000e-01,6.199041537485e-02
5.842634115526e+00,1.406250045000e-01,5.998800209287e-02
5.842634115529e+00,1.718750055000e-01,5.774915753886e-02
5.842634115531e+00,2.031250065001e-01,5.522949179823e-02
5.842634115534e+00,2.343750075001e-01,5.237276225559e-02
5.842634115536e+00,2.656250085001e-01,4.910663453542e-02
5.842634115539e+00,2.968750095001e-01,4.533648399121e-02
5.842634115541e+00,3.281250105001e-01,4.093609285419e-02
5.842634115544e+00,3.593750115001e-01,3.573326401583e-02
5.842634115546e+00,3.906250125001e-01,2.948678607988e-02
5.842634115549e+00,4.218750135000e-01,2.184800816995e-02
5.842634115551e+00,4.531250145000e-01,1.229352486009e-02
5.842634115554e+00,4.843750155000e-01,2.496747901876e-17
5.876116259445e+00,1.562500050000e-02,6.690179651847e-02
5.876116259447e+00,4.687500150002e-02,6.542119257035e-02
5.876116259450e+00,7.812500250002e-02,6.379190068884e-02
5.876116259452e+00,1.093750035000e-01,6.199041537485e-02
5.876116259455e+00,1.406250045000e-01,5.998800209287e-02
5.876116259457e+00,1.718750055000e-01,5.774915753886e-02
5.876116259460e+00,2.031250065001e-01,5.522949179823e-02
5.876116259462e+00,2.343750075001e-01,5.237276225559e-02
5.876116259465e+00,2.656250085001e-01,4.910663453542e-02
5.876116259467e+00,2.968750095001e-01,4.533648399121e-02
5.876116259470e+00,3.281250105001e-01,4.093609285419e-02
5.876116259473e+00,3.593750115001e-01,3.573326401583e-02
5.876116259475e+00,3.906250125001e-01,2.948678607988e-02
5.876116259478e+00,4.218750135000e-01,2.184800816995e-02
5.876116259480e+00,4.531250145000e-01,1.229352486009e-02
5.876116259483e+00,4.843750155000e-01,2.496747901876e-17
5.909598403373e+00,1.562500050000e-02,6.690179651847e-02
5.909598403376e+00,4.687500150001e-02,6.542119257035e-02
5.909598403378e+00,7.812500250002e-02,6.379190068884e-02
5.909598403381e+00,1.093750035000e-01,6.199041537485e-02
5.909598403383e+00,1.406250045000e-01,5.998800209287e-02
5.909598403386e+00,1.718750055000e-01,5.774915753886e-02
5.909598403389e+00,2.031250065001e-01,5.522949179823e-02
5.909598403391e+00,2.343750075001e-01,5.237276225559e-02
5.909598403394e+00,2.656250085001e-01,4.910663453542e-02
5.909598403396e+00,2.968750095001e-01,4.533648399121e-02
5.909598403399e+00,3.281250105001e-01,4.093609285419e-02
5.909598403401e+00,3.593750115001e-01,3.573326401583e-02
5.909598403404e+00,3.906250125001e-01,2.948678607988e-02
5.909598403406e+00,4.218750135000e-01,2.184800816995e-02
5.909598403409e+00,4.531250145000e-01,1.229352486009e-02
5.909598403411e+00,4.843750155000e-01,0.000000000000e+00
5.943080547302e+00,1.562500050000e-02,6.690179651847e-02
5.943080547304e+00,4.687500150001e-02,6.542119257035e-02
5.943080547307e+00,7.812500250002e-02,6.379190068884e-02
5.943080547309e+00,1.093750035000e-01,6.199041537485e-02
5.943080547312e+00,1.406250045000e-01,5.998800209287e-02
5.943080547314e+00,1.718750055000e-01,5.774915753886e-02
5.943080547317e+00,2.031250065001e-01,5.522949179824e-02
5.943080547320e+00,2.343750075001e-01,5.237276225559e-02
5.943080547322e+00,2.656250085001e-01,4.910663453542e-02
5.943080547325e+00,2.968750095001e-01,4.533648399121e-02
5.943080547327e+00,3.281250105001e-01,4.093609285419e-02
5.943080547330e+00,3.593750115001e-01,3.573326401583e-02
5.943080547333e+00,3.906250125001e-01,2.948678607988e-02
5.943080547335e+00,4.218750135000e-01,2.184800816995e-02
5.943080547338e+00,4.531250145000e-01,1.229352486009e-02
5.943080547340e+00,4.843750155000e-01,4.064411116832e-16
5.976562691230e+00,1.562500050000e-02,6.690179651847e-02
5.976562691233e+00,4.687500150001e-02,6.542119257035e-02
5.976562691235e+00,7.812500250002e-02,6.379190068884e-02
5.976562691238e+00,1.093750035000e-01,6.199041537485e-02
5.976562691240e+00,1.406250045000e-01,5.998800209287e-02
5.976562691243e+00,1.718750055000e-01,5.774915753886e-02
5.976562691246e+00,2.031250065001e-01,5.522949179824e-02
5.976562691248e+00,2.343750075001e-01,5.237276225559e-02
5.976562691251e+00,2.656250085001e-01,4.910663453542e-02
5.976562691253e+00,2.968750095001e-01,4.533648399121e-02
5.976562691256e+00,3.281250105001e-01,4.093609285419e-02
5.976562691259e+00,3.593750115001e-01,3.573326401583e-02
5.976562691261e+00,3.906250125001e-01,2.948678607988e-02
5.976562691264e+00,4.218750135000e-01,2.184800816995e-02
5.976562691266e+00,4.531250145000e-01,1.229352486009e-02
5.976562691269e+00,4.843750155000e-01,2.397008021227e-15
6.010044835159e+00,1.562500050000e-02,6.690179651847e-02
6.010044835161e+00,4.687500150001e-02,6.542119257035e-02
6.010044835164e+00,7.812500250002e-02,6.379190068884e-02
6.010044835166e+00,1.093750035000e-01,6.199041537485e-02
6.010044835169e+00,1.406250045000e-01,5.998800209287e-02
6.010044835172e+00,1.718750055000e-01,5.774915753886e-02
6.010044835174e+00,2.031250065001e-01,5.522949179824e-02
6.010044835177e+00,2.343750075001e-01,5.237276225559e-02
6.010044835179e+00,2.656250085001e-01,4.910663453542e-02
6.010044835182e+00,2.968750095001e-01,4.533648399121e-02
6.010044835185e+00,3.281250105001e-01,4.093609285419e-02
6.010044835187e+00,3.593750115001e-01,3.573326401583e-02
6.010044835190e+00,3.906250125001e-01,2.948678607988e-02
6.010044835192e+00,4.218750135000e-01,2.184800816995e-02
6.010044835195e+00,4.531250145000e-01,1.229352486009e-02
6.010044835198e+00,4.843750155000e-01,8.024626993413e-16
6.043526979087e+00,1.562500050000e-02,6.690179651847e-02
6.043526979090e+00,4.687500150001e-02,6.542119257035e-02
6.043526979092e+00,7.812500250002e-02,6.379190068884e-02
6.043526979095e+00,1.093750035000e-01,6.199041537485e-02
6.043526979097e+00,1.406250045000e-01,5.998800209287e-02
6.043526979100e+00,1.718750055000e-01,5.774915753886e-02
6.043526979103e+00,2.031250065001e-01,5.522949179824e-02
6.043526979105e+00,2.343750075001e-01,5.237276225559e-02
6.043526979108e+00,2.656250085001e-01,4.910663453542e-02
6.043526979111e+00,2.968750095001e-01,4.533648399121e-02
6.043526979113e+00,3.281250105001e-01,4.093609285419e-02
6.043526979116e+00,3.593750115001e-01,3.573326401583e-02
6.043526979119e+00,3.906250125001e-01,2.948678607988e-02
6.043526979121e+00,4.218750135000e-01,2.184800816995e-02
6.043526979124e+00,4.531250145000e-01,1.229352486009e-02
6.043526979126e+00,4.843750155000e-01,1.198438992900e-15
6.077009123015e+00,1.562500050000e-02,6.690179651847e-02
6.077009123018e+00,4.687500150001e-02,6.542119257035e-02
6.077009123021e+00,7.812500250002e-02,6.379190068884e-02
6.077009123023e+00,1.093750035000e-01,6.199041537485e-02
6.077009123026e+00,1.406250045000e-01,5.998800209287e-02
6.077009123029e+00,1.718750055000e-01,5.774915753886e-02
6.077009123031e+00,2.031250065000e-01,5.522949179824e-02
6.077009123034e+00,2.343750075001e-01,5.237276225559e-02
6.077009123037e+00,2.656250085001e-01,4.910663453542e-02
6.077009123039e+00,2.968750095001e-01,4.533648399121e-02
6.077009123042e+00,3.281250105001e-01,4.093609285419e-02
6.077009123045e+00,3.593750115001e-01,3.573326401583e-02
6.077009123047e+00,3.906250125001e-01,2.948678607988e-02
6.077009123050e+00,4.218750135000e-01,2.184800816995e-02
6.077009123053e+00,4.531250145000e-01,1.229352486009e-02
6.077009123055e+00,4.843750155000e-01,1.198699042593e-15
6.110491266944e+00,1.562500050000e-02,6.690179651847e-02
6.110491266947e+00,4.687500150001e-02,6.542119257035e-02
6.110491266949e+00,7.812500250001e-02,6.379190068884e-02
6.110491266952e+00,1.093750035000e-01,6.199041537485e-02
6.110491266954e+00,1.406250045000e-01,5.998800209287e-02
6.110491266957e+00,1.718750055000e-01,5.774915753886e-02
6.110491266960e+00,2.031250065000e-01,5.522949179824e-02
6.110491266963e+00,2.343750075001e-01,5.237276225559e-02
6.110491266965e+00,2.656250085001e-01,4.910663453542e-02
6.110491266968e+00,2.968750095001e-01,4.533648399121e-02
6.110491266971e+00,3.281250105001e-01,4.093609285419e-02
6.110491266973e+00,3.593750115001e-01,3.573326401583e-02
6.110491266976e+00,3.906250125001e-01,2.948678607988e-02
6.110491266979e+00,4.218750135000e-01,2.184800816995e-02
6.110491266981e+00,4.531250145000e-01,1.229352486009e-02
6.110491266984e+00,4.843750155000e-01,1.198699042593e-15
6.143973410872e+00,1.562500050000e-02,6.690179651847e-02
6.143973410875e+00,4.687500150001e-02,6.542119257035e-02
6.143973410878e+00,7.812500250001e-02,6.379190068884e-02
6.143973410880e+00,1.093750035000e-01,6.199041537485e-02
6.143973410883e+00,1.406250045000e-01,5.998800209287e-02
6.143973410886e+00,1.718750055000e-01,5.774915753886e-02
6.143973410889e+00,2.031250065000e-01,5.522949179824e-02
6.143973410891e+00,2.343750075001e-01,5.237276225559e-02
6.143973410894e+00,2.656250085001e-01,4.910663453542e-02
6.143973410897e+00,2.968750095001e-01,4.533648399121e-02
6.143973410899e+00,3.281250105001e-01,4.093609285419e-02
6.143973410902e+00,3.593750115001e-01,3.573326401583e-02
6.143973410905e+00,3.906250125001e-01,2.948678607988e-02
6.143973410907e+00,4.218750135000e-01,2.184800816995e-02
6.143973410910e+00,4.531250145000e-01,1.229352486009e-02
6.143973410913e+00,4.843750155000e-01,1.199478853394e-15
6.177455554801e+00,1.562500050000e-02,6.690179651847e-02
6.177455554803e+00,4.687500150001e-02,6.542119257035e-02
6.177455554806e+00,7.812500250001e-02,6.379190068884e-02
6.177455554809e+00,1.093750035000e-01,6.199041537485e-02
6.177455554812e+00,1.406250045000e-01,5.998800209287e-02
6.177455554814e+00,1.718750055000e-01,5.774915753886e-02
6.177455554817e+00,2.031250065000e-01,5.522949179824e-02
6.177455554820e+00,2.343750075001e-01,5.237276225559e-02
6.177455554823e+00,2.656250085001e-01,4.910663453542e-02
6.177455554825e+00,2.968750095001e-01,4.533648399121e-02
6.177455554828e+00,3.281250105001e-01,4.093609285419e-02
6.177455554831e+00,3.593750115001e-01,3.573326401583e-02
6.177455554833e+00,3.906250125000e-01,2.948678607988e-02
6.177455554836e+00,4.218750135000e-01,2.184800816995e-02
6.177455554839e+00,4.531250145000e-01,1.229352486009e-02
6.177455554841e+00,4.843750155000e-01,1.199478853394e-15
6.210937698729e+00,1.562500050000e-02,6.690179651847e-02
6.210937698732e+00,4.687500150001e-02,6.542119257035e-02
6.210937698735e+00,7.812500250001e-02,6.379190068884e-02
6.210937698737e+00,1.093750035000e-01,6.199041537485e-02
6.210937698740e+00,1.406250045000e-01,5.998800209287e-02
6.210937698743e+00,1.718750055000e-01,5.774915753886e-02
6.210937698746e+00,2.031250065000e-01,5.522949179824e-02
6.210937698748e+00,2.343750075001e-01,5.237276225559e-02
6.210937698751e+00,2.656250085001e-01,4.910663453542e-02
6.210937698754e+00,2.968750095001e-01,4.533648399121e-02
6.210937698757e+00,3.281250105001e-01,4.093609285419e-02
6.210937698759e+00,3.593750115001e-01,3.573326401583e-02
6.210937698762e+00,3.906250125000e-01,2.948678607988e-02
6.210937698765e+00,4.218750135000e-01,2.184800816995e-02
6.210937698768e+00,4.531250145000e-01,1.229352486009e-02
6.210937698770e+00,4.843750155000e-01,5.592771030902e-15
6.244419842658e+00,1.562500050000e-02,6.690179651847e-02
6.244419842660e+00,4.687500150001e-02,6.542119257035e-02
6.244419842663e+00,7.812500250001e-02,6.379190068884e-02
6.244419842666e+00,1.093750035000e-01,6.199041537485e-02
6.244419842669e+00,1.406250045000e-01,5.998800209287e-02
6.244419842671e+00,1.718750055000e-01,5.774915753886e-02
6.244419842674e+00,2.031250065000e-01,5.522949179824e-02
6.244419842677e+00,2.343750075001e-01,5.237276225559e-02
6.244419842680e+00,2.656250085001e-01,4.910663453542e-02
6.244419842683e+00,2.968750095001e-01,4.533648399121e-02
6.244419842685e+00,3.281250105001e-01,4.093609285419e-02
6.244419842688e+00,3.593750115001e-01,3.573326401583e-02
6.244419842691e+00,3.906250125000e-01,2.948678607988e-02
6.244419842693e+00,4.218750135000e-01,2.184800816995e-02
6.244419842696e+00,4.531250145000e-01,1.229352486009e-02
6.244419842699e+00,4.843750155000e-01,2.397008021227e-15
6.277901986586e+00,1.562500050000e-02,6.690179651847e-02
6.277901986589e+00,4.687500150001e-02,6.542119257035e-02
6.277901986592e+00,7.812500250001e-02,6.379190068884e-02
6.277901986594e+00,1.093750035000e-01,6.199041537485e-02
6.277901986597e+00,1.406250045000e-01,5.998800209287e-02
6.277901986600e+00,1.718750055000e-01,5.774915753886e-02
6.277901986603e+00,2.031250065000e-01,5.522949179824e-02
6.277901986606e+00,2.343750075001e-01,5.237276225559e-02
6.277901986608e+00,2.656250085001e-01,4.910663453542e-02
6.277901986611e+00,2.968750095001e-01,4.533648399121e-02
6.277901986614e+00,3.281250105001e-01,4.093609285419e-02
6.277901986617e+00,3.593750115001e-01,3.573326401583e-02
6.277901986619e+00,3.906250125000e-01,2.948678607988e-02
6.277901986622e+00,4.218750135000e-01,2.184800816995e-02
6.277901986625e+00,4.531250145000e-01,1.229352486009e-02
6.277901986628e+00,4.843750155000e-01,4.025885023489e-16
6.311384130514e+00,1.562500050000e-02,6.690179651847e-02
6.311384130517e+00,4.687500150001e-02,6.542119257035e-02
6.311384130520e+00,7.812500250001e-02,6.379190068884e-02
6.311384130523e+00,1.093750035000e-01,6.199041537485e-02
6.311384130526e+00,1.406250045000e-01,5.998800209287e-02
6.311384130529e+00,1.718750055000e-01,5.774915753886e-02
6.311384130531e+00,2.031250065000e-01,5.522949179824e-02
6.311384130534e+00,2.343750075001e-01,5.237276225559e-02
6.311384130537e+00,2.656250085001e-01,4.910663453542e-02
6.311384130540e+00,2.968750095001e-01,4.533648399121e-02
6.311384130542e+00,3.281250105001e-01,4.093609285419e-02
6.311384130545e+00,3.593750115001e-01,3.573326401583e-02
6.311384130548e+00,3.906250125000e-01,2.948678607988e-02
6.311384130551e+00,4.218750135000e-01,2.184800816995e-02
6.311384130554e+00,4.531250145000e-01,1.229352486009e-02
6.311384130557e+00,4.843750155000e-01,2.796357650101e-15
6.344866274443e+00,1.562500050000e-02,6.690179651847e-02
6.344866274446e+00,4.687500150001e-02,6.542119257035e-02
6.344866274449e+00,7.812500250001e-02,6.379190068884e-02
6.344866274451e+00,1.093750035000e-01,6.199041537485e-02
6.344866274454e+00,1.406250045000e-01,5.998800209287e-02
6.344866274457e+00,1.718750055000e-01,5.774915753886e-02
6.344866274460e+00,2.031250065000e-01,5.522949179824e-02
6.344866274463e+00,2.343750075001e-01,5.237276225559e-02
6.344866274465e+00,2.656250085001e-01,4.910663453542e-02
6.344866274468e+00,2.968750095001e-01,4.533648399121e-02
6.344866274471e+00,3.281250105001e-01,4.093609285419e-02
6.344866274474e+00,3.593750115001e-01,3.573326401583e-02
6.344866274477e+00,3.906250125000e-01,2.948678607988e-02
6.344866274480e+00,4.218750135000e-01,2.184800816995e-02
6.344866274483e+00,4.531250145000e-01,1.229352486009e-02
6.344866274485e+00,4.843750155000e-01,4.025885023489e-16
6.378348418371e+00,1.562500050000e-02,6.690179651847e-02
6.378348418374e+00,4.687500150001e-02,6.542119257035e-02
6.378348418377e+00,7.812500250001e-02,6.379190068884e-02
6.378348418380e+00,1.093750035000e-01,6.199041537485e-02
6.378348418383e+00,1.406250045000e-01,5.998800209287e-02
6.378348418386e+00,1.718750055000e-01,5.774915753886e-02
6.378348418388e+00,2.031250065000e-01,5.522949179824e-02
6.378348418391e+00,2.343750075001e-01,5.237276225559e-02
6.378348418394e+00,2.656250085001e-01,4.910663453542e-02
6.378348418397e+00,2.968750095001e-01,4.533648399121e-02
6.378348418400e+00,3.281250105001e-01,4.093609285419e-02
6.378348418403e+00,3.593750115001e-01,3.573326401583e-02
6.378348418406e+00,3.906250125000e-01,2.948678607988e-02
6.378348418408e+00,4.218750135000e-01,2.184800816996e-02
6.378348418411e+00,4.531250145000e-01,1.229352486009e-02
6.378348418414e+00,4.843750155000e-01,1.598113703726e-15
6.411830562300e+00,1.562500050000e-02,6.690179651847e-02
6.411830562303e+00,4.687500150001e-02,6.542119257035e-02
6.411830562306e+00,7.812500250001e-02,6.379190068884e-02
6.411830562308e+00,1.093750035000e-01,6.199041537485e-02
6.411830562311e+00,1.406250045000e-01,5.998800209287e-02
6.411830562314e+00,1.718750055000e-01,5.774915753886e-02
6.411830562317e+00,2.031250065000e-01,5.522949179824e-02
6.411830562320e+00,2.343750075001e-01,5.237276225559e-02
6.411830562323e+00,2.656250085001e-01,4.910663453542e-02
6.411830562326e+00,2.968750095001e-01,4.533648399121e-02
6.411830562329e+00,3.281250105001e-01,4.093609285419e-02
6.411830562331e+00,3.593750115001e-01,3.573326401583e-02
6.411830562334e+00,3.906250125000e-01,2.948678607988e-02
6.411830562337e+00,4.218750135000e-01,2.184800816996e-02
6.411830562340e+00,4.531250145000e-01,1.229352486009e-02
6.411830562343e+00,4.843750155000e-01,1.598698700526e-15
6.445312706228e+00,1.562500050000e-02,6.690179651847e-02
6.445312706231e+00,4.687500150001e-02,6.542119257035e-02
6.445312706234e+00,7.812500250001e-02,6.379190068884e-02
6.445312706237e+00,1.093750035000e-01,6.199041537485e-02
6.445312706240e+00,1.406250045000e-01,5.998800209287e-02
6.445312706243e+00,1.718750055000e-01,5.774915753886e-02
6.445312706246e+00,2.031250065000e-01,5.522949179824e-02
6.445312706249e+00,2.343750075001e-01,5.237276225559e-02
6.445312706251e+00,2.656250085001e-01,4.910663453542e-02
6.445312706254e+00,2.968750095001e-01,4.533648399121e-02
6.445312706257e+00,3.281250105001e-01,4.093609285419e-02
6.445312706260e+00,3.593750115001e-01,3.573326401583e-02
6.445312706263e+00,3.906250125000e-01,2.948678607988e-02
6.445312706266e+00,4.218750135000e-01,2.184800816996e-02
6.445312706269e+00,4.531250145000e-01,1.229352486009e-02
6.445312706272e+00,4.843750155000e-01,0.000000000000e+00
6.478794850157e+00,1.562500050000e-02,6.690179651847e-02
6.478794850160e+00,4.687500150001e-02,6.542119257035e-02
6.478794850163e+00,7.812500250001e-02,6.379190068884e-02
6.478794850165e+00,1.093750035000e-01,6.199041537485e-02
6.478794850168e+00,1.406250045000e-01,5.998800209287e-02
6.478794850171e+00,1.718750055000e-01,5.774915753886e-02
6.478794850174e+00,2.031250065000e-01,5.522949179824e-02
6.478794850177e+00,2.343750075000e-01,5.237276225559e-02
6.478794850180e+00,2.656250085001e-01,4.910663453542e-02
6.478794850183e+00,2.968750095001e-01,4.533648399121e-02
6.478794850186e+00,3.281250105001e-01,4.093609285419e-02
6.478794850189e+00,3.593750115001e-01,3.573326401583e-02
6.478794850192e+00,3.906250125000e-01,2.948678607988e-02
6.478794850195e+00,4.218750135000e-01,2.184800816996e-02
6.478794850197e+00,4.531250145000e-01,1.229352486009e-02
6.478794850200e+00,4.843750155000e-01,2.796469109839e-15
6.512276994085e+00,1.562500050000e-02,6.690179651847e-02
6.512276994088e+00,4.687500150001e-02,6.542119257035e-02
6.512276994091e+00,7.812500250001e-02,6.379190068884e-02
6.512276994094e+00,1.093750035000e-01,6.199041537485e-02
6.512276994097e+00,1.406250045000e-01,5.998800209287e-02
6.512276994100e+00,1.718750055000e-01,5.774915753886e-02
6.512276994103e+00,2.031250065000e-01,5.522949179824e-02
6.512276994106e+00,2.343750075000e-01,5.237276225560e-02
6.512276994109e+00,2.656250085001e-01,4.910663453542e-02
6.512276994111e+00,2.968750095001e-01,4.533648399121e-02
6.512276994115e+00,3.281250105001e-01,4.093609285419e-02
6.512276994117e+00,3.593750115001e-01,3.573326401584e-02
6.512276994120e+00,3.906250125000e-01,2.948678607988e-02
6.512276994123e+00,4.218750135000e-01,2.184800816996e-02
6.512276994126e+00,4.531250145000e-01,1.229352486009e-02
6.512276994129e+00,4.843750155000e-01,1.997554362149e-15
6.545759138014e+00,1.562500050000e-02,6.690179651847e-02
6.545759138016e+00,4.687500150001e-02,6.542119257035e-02
6.545759138020e+00,7.812500250001e-02,6.379190068884e-02
6.545759138022e+00,1.093750035000e-01,6.199041537485e-02
6.545759138025e+00,1.406250045000e-01,5.998800209287e-02
6.545759138028e+00,1.718750055000e-01,5.774915753886e-02
6.545759138031e+00,2.031250065000e-01,5.522949179824e-02
6.545759138034e+00,2.343750075000e-01,5.237276225560e-02
6.545759138037e+00,2.656250085001e-01,4.910663453542e-02
6.545759138040e+00,2.968750095001e-01,4.533648399121e-02
6.545759138043e+00,3.281250105001e-01,4.093609285419e-02
6.545759138046e+00,3.593750115001e-01,3.573326401584e-02
6.545759138049e+00,3.906250125000e-01,2.948678607988e-02
6.545759138052e+00,4.218750135000e-01,2.184800816996e-02
6.545759138055e+00,4.531250145000e-01,1.229352486009e-02
6.545759138058e+00,4.843750155000e-01,2.796803462403e-15
6.579241281942e+00,1.562500050000e-02,6.690179651847e-02
6.579241281945e+00,4.687500150001e-02,6.542119257035e-02
6.579241281948e+00,7.812500250001e-02,6.379190068884e-02
6.579241281951e+00,1.093750035000e-01,6.199041537485e-02
6.579241281954e+00,1.406250045000e-01,5.998800209287e-02
6.579241281957e+00,1.718750055000e-01,5.774915753886e-02
6.579241281960e+00,2.031250065000e-01,5.522949179824e-02
6.579241281963e+00,2.343750075000e-01,5.237276225560e-02
6.579241281966e+00,2.656250085001e-01,4.910663453542e-02
6.579241281969e+00,2.968750095001e-01,4.533648399121e-02
6.579241281972e+00,3.281250105001e-01,4.093609285419e-02
6.579241281975e+00,3.593750115001e-01,3.573326401584e-02
6.579241281978e+00,3.906250125000e-01,2.948678607988e-02
6.579241281981e+00,4.218750135000e-01,2.184800816996e-02
6.579241281984e+00,4.531250145000e-01,1.229352486009e-02
6.579241281987e+00,4.843750155000e-01,0.000000000000e+00
6.612723425870e+00,1.562500050000e-02,6.690179651847e-02
6.612723425873e+00,4.687500150001e-02,6.542119257035e-02
6.612723425877e+00,7.812500250001e-02,6.379190068884e-02
6.612723425879e+00,1.093750035000e-01,6.199041537485e-02
6.612723425882e+00,1.406250045000e-01,5.998800209287e-02
6.612723425886e+00,1.718750055000e-01,5.774915753886e-02
6.612723425889e+00,2.031250065000e-01,5.522949179824e-02
6.612723425891e+00,2.343750075000e-01,5.237276225560e-02
6.612723425895e+00,2.656250085001e-01,4.910663453542e-02
6.612723425898e+00,2.968750095001e-01,4.533648399121e-02
6.612723425900e+00,3.281250105001e-01,4.093609285419e-02
6.612723425903e+00,3.593750115001e-01,3.573326401584e-02
6.612723425906e+00,3.906250125000e-01,2.948678607988e-02
6.612723425909e+00,4.218750135000e-01,2.184800816996e-02
6.612723425912e+00,4.531250145000e-01,1.229352486009e-02
6.612723425915e+00,4.843750155000e-01,4.993495803751e-17
6.646205569799e+00,1.562500050000e-02,6.690179651847e-02
6.646205569802e+00,4.687500150001e-02,6.542119257035e-02
6.646205569805e+00,7.812500250000e-02,6.379190068884e-02
6.646205569808e+00,1.093750035000e-01,6.199041537485e-02
6.646205569811e+00,1.406250045000e-01,5.998800209287e-02
6.646205569814e+00,1.718750055000e-01,5.774915753886e-02
6.646205569817e+00,2.031250065000e-01,5.522949179824e-02
6.646205569820e+00,2.343750075000e-01,5.237276225560e-02
6.646205569823e+00,2.656250085001e-01,4.910663453542e-02
6.646205569826e+00,2.968750095001e-01,4.533648399121e-02
6.646205569829e+00,3.281250105001e-01,4.093609285419e-02
6.646205569832e+00,3.593750115001e-01,3.573326401584e-02
6.646205569835e+00,3.906250125000e-01,2.948678607988e-02
6.646205569838e+00,4.218750135000e-01,2.184800816996e-02
6.646205569841e+00,4.531250145000e-01,1.229352486009e-02
6.646205569844e+00,4.843750155000e-01,4.793820990637e-15
6.679687713727e+00,1.562500050000e-02,6.690179651847e-02
6.679687713730e+00,4.687500150001e-02,6.542119257035e-02
6.679687713733e+00,7.812500250000e-02,6.379190068884e-02
6.679687713736e+00,1.093750035000e-01,6.199041537485e-02
6.679687713739e+00,1.406250045000e-01,5.998800209287e-02
6.679687713743e+00,1.718750055000e-01,5.774915753886e-02
6.679687713746e+00,2.031250065000e-01,5.522949179824e-02
6.679687713749e+00,2.343750075000e-01,5.237276225560e-02
6.679687713752e+00,2.656250085001e-01,4.910663453543e-02
6.679687713755e+00,2.968750095001e-01,4.533648399121e-02
6.679687713758e+00,3.281250105001e-01,4.093609285419e-02
6.679687713761e+00,3.593750115001e-01,3.573326401584e-02
6.679687713764e+00,3.906250125000e-01,2.948678607989e-02
6.679687713767e+00,4.218750135000e-01,2.184800816996e-02
6.679687713770e+00,4.531250145000e-01,1.229352486009e-02
6.679687713773e+00,4.843750155000e-01,1.598698700526e-15
6.713169857656e+00,1.562500050000e-02,6.690179651847e-02
6.713169857659e+00,4.687500150001e-02,6.542119257035e-02
6.713169857662e+00,7.812500250000e-02,6.379190068884e-02
6.713169857665e+00,1.093750035000e-01,6.199041537485e-02
6.713169857668e+00,1.406250045000e-01,5.998800209287e-02
6.713169857671e+00,1.718750055000e-01,5.774915753886e-02
6.713169857674e+00,2.031250065000e-01,5.522949179824e-02
6.713169857677e+00,2.343750075000e-01,5.237276225560e-02
6.713169857680e+00,2.656250085001e-01,4.910663453543e-02
6.713169857683e+00,2.968750095001e-01,4.533648399121e-02
6.713169857686e+00,3.281250105001e-01,4.093609285419e-02
6.713169857689e+00,3.593750115001e-01,3.573326401584e-02
6.713169857692e+00,3.906250125000e-01,2.948678607989e-02
6.713169857696e+00,4.218750135000e-01,2.184800816996e-02
6.713169857699e+00,4.531250145000e-01,1.229352486009e-02
6.713169857702e+00,4.843750155000e-01,1.199478853394e-15
6.746652001584e+00,1.562500050000e-02,6.690179651847e-02
6.746652001587e+00,4.687500150001e-02,6.542119257035e-02
6.746652001590e+00,7.812500250000e-02,6.379190068884e-02
6.746652001593e+00,1.093750035000e-01,6.199041537485e-02
6.746652001597e+00,1.406250045000e-01,5.998800209287e-02
6.746652001600e+00,1.718750055000e-01,5.774915753886e-02
6.746652001603e+00,2.031250065000e-01,5.522949179824e-02
6.746652001606e+00,2.343750075000e-01,5.237276225560e-02
6.746652001609e+00,2.656250085000e-01,4.910663453543e-02
6.746652001612e+00,2.968750095001e-01,4.533648399121e-02
6.746652001615e+00,3.281250105001e-01,4.093609285421e-02
6.746652001618e+00,3.593750115001e-01,3.573326401584e-02
6.746652001621e+00,3.906250125000e-01,2.948678607989e-02
6.746652001624e+00,4.218750135000e-01,2.184800816996e-02
6.746652001627e+00,4.531250145000e-01,1.229352486009e-02
6.746652001631e+00,4.843750155000e-01,1.997554362149e-15
6.780134145513e+00,1.562500050000e-02,6.690179651847e-02
6.780134145516e+00,4.687500150001e-02,6.542119257035e-02
6.780134145519e+00,7.812500250000e-02,6.379190068884e-02
6.780134145522e+00,1.093750035000e-01,6.199041537485e-02
6.780134145525e+00,1.406250045000e-01,5.998800209287e-02
6.780134145528e+00,1.718750055000e-01,5.774915753886e-02
6.780134145531e+00,2.031250065000e-01,5.522949179824e-02
6.780134145534e+00,2.343750075000e-01,5.237276225560e-02
6.780134145537e+00,2.656250085000e-01,4.910663453543e-02
6.780134145541e+00,2.968750095001e-01,4.533648399123e-02
6.780134145544e+00,3.281250105001e-01,4.093609285421e-02
6.780134145547e+00,3.593750115001e-01,3.573326401584e-02
6.780134145550e+00,3.906250125000e-01,2.948678607989e-02
6.780134145553e+00,4.218750135000e-01,2.184800816996e-02
6.780134145556e+00,4.531250145000e-01,1.229352486009e-02
6.780134145559e+00,4.843750155000e-01,1.198438992900e-15
6.813616289441e+00,1.562500050000e-02,6.690179651847e-02
6.813616289444e+00,4.687500150001e-02,6.542119257035e-02
6.813616289447e+00,7.812500250000e-02,6.379190068884e-02
6.813616289450e+00,1.093750035000e-01,6.199041537485e-02
6.813616289454e+00,1.406250045000e-01,5.998800209287e-02
6.813616289457e+00,1.718750055000e-01,5.774915753886e-02
6.813616289460e+00,2.031250065000e-01,5.522949179824e-02
6.813616289463e+00,2.343750075000e-01,5.237276225560e-02
6.813616289466e+00,2.656250085000e-01,4.910663453543e-02
6.813616289469e+00,2.968750095001e-01,4.533648399123e-02
6.813616289472e+00,3.281250105001e-01,4.093609285421e-02
6.813616289476e+00,3.593750115001e-01,3.573326401584e-02
6.813616289479e+00,3.906250125000e-01,2.948678607989e-02
6.813616289482e+00,4.218750135000e-01,2.184800816996e-02
6.813616289485e+00,4.531250145000e-01,1.229352486009e-02
6.813616289488e+00,4.843750155000e-01,7.993493502629e-16
6.847098433370e+00,1.562500050000e-02,6.690179651847e-02
6.847098433373e+00,4.687500150001e-02,6.542119257035e-02
6.847098433376e+00,7.812500250000e-02,6.379190068884e-02
6.847098433379e+00,1.093750035000e-01,6.199041537485e-02
6.847098433382e+00,1.406250045000e-01,5.998800209287e-02
6.847098433385e+00,1.718750055000e-01,5.774915753886e-02
6.847098433388e+00,2.031250065000e-01,5.522949179824e-02
6.847098433392e+00,2.343750075000e-01,5.237276225560e-02
6.847098433395e+00,2.656250085000e-01,4.910663453543e-02
6.847098433398e+00,2.968750095001e-01,4.533648399123e-02
6.847098433401e+00,3.281250105000e-01,4.093609285421e-02
6.847098433404e+00,3.593750115001e-01,3.573326401584e-02
6.847098433407e+00,3.906250125000e-01,2.948678607989e-02
6.847098433411e+00,4.218750135000e-01,2.184800816996e-02
6.847098433414e+00,4.531250145000e-01,1.229352486009e-02
6.847098433417e+00,4.843750155000e-01,7.989593286001e-16
6.880580577298e+00,1.562500050000e-02,6.690179651847e-02
6.880580577301e+00,4.687500150000e-02,6.542119257035e-02
6.880580577304e+00,7.812500250000e-02,6.379190068884e-02
6.880580577307e+00,1.093750035000e-01,6.199041537485e-02
6.880580577311e+00,1.406250045000e-01,5.998800209287e-02
6.880580577314e+00,1.718750055000e-01,5.774915753886e-02
6.880580577317e+00,2.031250065000e-01,5.522949179824e-02
6.880580577320e+00,2.343750075000e-01,5.237276225560e-02
6.880580577323e+00,2.656250085000e-01,4.910663453543e-02
6.880580577326e+00,2.968750095001e-01,4.533648399123e-02
6.880580577330e+00,3.281250105000e-01,4.093609285421e-02
6.880580577333e+00,3.593750115001e-01,3.573326401584e-02
6.880580577336e+00,3.906250125000e-01,2.948678607989e-02
6.880580577339e+00,4.218750135000e-01,2.184800816996e-02
6.880580577342e+00,4.531250145000e-01,1.229352486009e-02
6.880580577346e+00,4.843750155000e-01,3.994796643001e-16
6.914062721226e+00,1.562500050000e-02,6.690179651847e-02
6.914062721230e+00,4.687500150000e-02,6.542119257035e-02
6.914062721233e+00,7.812500250000e-02,6.379190068884e-02
6.914062721236e+00,1.093750035000e-01,6.199041537485e-02
6.914062721239e+00,1.406250045000e-01,5.998800209287e-02
6.914062721242e+00,1.718750055000e-01,5.774915753886e-02
6.914062721246e+00,2.031250065000e-01,5.522949179824e-02
6.914062721249e+00,2.343750075000e-01,5.237276225560e-02
6.914062721252e+00,2.656250085000e-01,4.910663453543e-02
6.914062721255e+00,2.968750095001e-01,4.533648399123e-02
6.914062721258e+00,3.281250105000e-01,4.093609285421e-02
6.914062721261e+00,3.593750115001e-01,3.573326401584e-02
6.914062721265e+00,3.906250125000e-01,2.948678607989e-02
6.914062721268e+00,4.218750135000e-01,2.184800816996e-02
6.914062721271e+00,4.531250145000e-01,1.229352486009e-02
6.914062721274e+00,4.843750155000e-01,3.994796643001e-16
6.947544865155e+00,1.562500050000e-02,6.690179651847e-02
6.947544865158e+00,4.687500150000e-02,6.542119257035e-02
6.947544865161e+00,7.812500250000e-02,6.379190068884e-02
6.947544865164e+00,1.093750035000e-01,6.199041537485e-02
6.947544865168e+00,1.406250045000e-01,5.998800209287e-02
6.947544865171e+00,1.718750055000e-01,5.774915753886e-02
6.947544865174e+00,2.031250065000e-01,5.522949179824e-02
6.947544865177e+00,2.343750075000e-01,5.237276225560e-02
6.947544865181e+00,2.656250085000e-01,4.910663453543e-02
6.947544865184e+00,2.968750095001e-01,4.533648399123e-02
6.947544865187e+00,3.281250105000e-01,4.093609285421e-02
6.947544865190e+00,3.593750115000e-01,3.573326401584e-02
6.947544865193e+00,3.906250125000e-01,2.948678607989e-02
6.947544865197e+00,4.218750135000e-01,2.184800816996e-02
6.947544865200e+00,4.531250145000e-01,1.229352486009e-02
6.947544865203e+00,4.843750155000e-01,2.396877985801e-15
6.981027009083e+00,1.562500050000e-02,6.690179651847e-02
6.981027009087e+00,4.687500150000e-02,6.542119257035e-02
6.981027009090e+00,7.812500250000e-02,6.379190068884e-02
6.981027009093e+00,1.093750035000e-01,6.199041537485e-02
6.981027009096e+00,1.406250045000e-01,5.998800209287e-02
6.981027009099e+00,1.718750055000e-01,5.774915753886e-02
6.981027009103e+00,2.031250065000e-01,5.522949179824e-02
6.981027009106e+00,2.343750075000e-01,5.237276225560e-02
6.981027009109e+00,2.656250085000e-01,4.910663453543e-02
6.981027009112e+00,2.968750095001e-01,4.533648399123e-02
6.981027009116e+00,3.281250105000e-01,4.093609285421e-02
6.981027009119e+00,3.593750115000e-01,3.573326401584e-02
6.981027009122e+00,3.906250125000e-01,2.948678607989e-02
6.981027009125e+00,4.218750135000e-01,2.184800816996e-02
6.981027009129e+00,4.531250145000e-01,1.229352486009e-02
6.981027009132e+00,4.843750155000e-01,4.793820990637e-15
7.014509153012e+00,1.562500050000e-02,6.690179651847e-02
7.014509153015e+00,4.687500150000e-02,6.542119257035e-02
7.014509153018e+00,7.812500250000e-02,6.379190068884e-02
7.014509153021e+00,1.093750035000e-01,6.199041537485e-02
7.014509153025e+00,1.406250045000e-01,5.998800209287e-02
7.014509153028e+00,1.718750055000e-01,5.774915753886e-02
7.014509153031e+00,2.031250065000e-01,5.522949179824e-02
7.014509153035e+00,2.343750075000e-01,5.237276225560e-02
7.014509153038e+00,2.656250085000e-01,4.910663453543e-02
7.014509153041e+00,2.968750095001e-01,4.533648399123e-02
7.014509153044e+00,3.281250105000e-01,4.093609285421e-02
7.014509153048e+00,3.593750115000e-01,3.573326401584e-02
7.014509153051e+00,3.906250125000e-01,2.948678607989e-02
7.014509153054e+00,4.218750135000e-01,2.184800816996e-02
7.014509153057e+00,4.531250145000e-01,1.229352486009e-02
7.014509153061e+00,4.843750155000e-01,3.994796643001e-16
7.047991296940e+00,1.562500050000e-02,6.690179651847e-02
7.047991296943e+00,4.687500150000e-02,6.542119257035e-02
7.047991296947e+00,7.812500250000e-02,6.379190068884e-02
7.047991296950e+00,1.093750035000e-01,6.199041537485e-02
7.047991296953e+00,1.406250045000e-01,5.998800209287e-02
7.047991296957e+00,1.718750055000e-01,5.774915753886e-02
7.047991296960e+00,2.031250065000e-01,5.522949179824e-02
7.047991296963e+00,2.343750075000e-01,5.237276225560e-02
7.047991296966e+00,2.656250085000e-01,4.910663453543e-02
7.047991296970e+00,2.968750095000e-01,4.533648399123e-02
7.047991296973e+00,3.281250105000e-01,4.093609285421e-02
7.047991296976e+00,3.593750115000e-01,3.573326401584e-02
7.047991296980e+00,3.906250125000e-01,2.948678607989e-02
7.047991296983e+00,4.218750135000e-01,2.184800816996e-02
7.047991296986e+00,4.531250145000e-01,1.229352486009e-02
7.047991296989e+00,4.843750155000e-01,4.002591375570e-16
7.081473440869e+00,1.562500050000e-02,6.690179651847e-02
7.081473440872e+00,4.687500150000e-02,6.542119257035e-02
7.081473440875e+00,7.812500250000e-02,6.379190068884e-02
7.081473440878e+00,1.093750035000e-01,6.199041537485e-02
7.081473440882e+00,1.406250045000e-01,5.998800209287e-02
7.081473440885e+00,1.718750055000e-01,5.774915753886e-02
7.081473440888e+00,2.031250065000e-01,5.522949179824e-02
7.081473440892e+00,2.343750075000e-01,5.237276225560e-02
7.081473440895e+00,2.656250085000e-01,4.910663453543e-02
7.081473440898e+00,2.968750095000e-01,4.533648399123e-02
7.081473440902e+00,3.281250105000e-01,4.093609285421e-02
7.081473440905e+00,3.593750115000e-01,3.573326401584e-02
7.081473440908e+00,3.906250125000e-01,2.948678607989e-02
7.081473440912e+00,4.218750135000e-01,2.184800816996e-02
7.081473440915e+00,4.531250145000e-01,1.229352486009e-02
7.081473440918e+00,4.843750155000e-01,1.198699042593e-15
7.114955584797e+00,1.562500050000e-02,6.690179651847e-02
7.114955584800e+00,4.687500150000e-02,6.542119257035e-02
7.114955584804e+00,7.812500250000e-02,6.379190068884e-02
7.114955584807e+00,1.093750035000e-01,6.199041537485e-02
7.114955584810e+00,1.406250045000e-01,5.998800209287e-02
7.114955584814e+00,1.718750055000e-01,5.774915753886e-02
7.114955584817e+00,2.031250065000e-01,5.522949179824e-02
7.114955584820e+00,2.343750075000e-01,5.237276225560e-02
7.114955584824e+00,2.656250085000e-01,4.910663453543e-02
7.114955584827e+00,2.968750095000e-01,4.533648399123e-02
7.114955584830e+00,3.281250105000e-01,4.093609285421e-02
7.114955584834e+00,3.593750115000e-01,3.573326401584e-02
7.114955584837e+00,3.906250125000e-01,2.948678607989e-02
7.114955584840e+00,4.218750135000e-01,2.184800816996e-02
7.114955584844e+00,4.531250145000e-01,1.229352486009e-02
7.114955584847e+00,4.843750155000e-01,2.397008021227e-15
7.148437728725e+00,1.562500050000e-02,6.690179651847e-02
7.148437728729e+00,4.687500150000e-02,6.542119257035e-02
7.148437728732e+00,7.812500250000e-02,6.379190068884e-02
7.148437728736e+00,1.093750035000e-01,6.199041537485e-02
7.148437728739e+00,1.406250045000e-01,5.998800209287e-02
7.148437728742e+00,1.718750055000e-01,5.774915753886e-02
7.148437728746e+00,2.031250065000e-01,5.522949179824e-02
7.148437728749e+00,2.343750075000e-01,5.237276225560e-02
7.148437728752e+00,2.656250085000e-01,4.910663453543e-02
7.148437728756e+00,2.968750095000e-01,4.533648399123e-02
7.148437728759e+00,3.281250105000e-01,4.093609285421e-02
7.148437728762e+00,3.593750115000e-01,3.573326401584e-02
7.148437728766e+00,3.906250125000e-01,2.948678607989e-02
7.148437728769e+00,4.218750135000e-01,2.184800816996e-02
7.148437728772e+00,4.531250145000e-01,1.229352486009e-02
7.148437728776e+00,4.843750155000e-01,3.994796643001e-16
7.181919872654e+00,1.562500050000e-02,6.690179651847e-02
7.181919872657e+00,4.687500150000e-02,6.542119257035e-02
7.181919872661e+00,7.812500250000e-02,6.379190068884e-02
7.181919872664e+00,1.093750035000e-01,6.199041537485e-02
7.181919872667e+00,1.406250045000e-01,5.998800209287e-02
7.181919872671e+00,1.718750055000e-01,5.774915753886e-02
7.181919872674e+00,2.031250065000e-01,5.522949179824e-02
7.181919872677e+00,2.343750075000e-01,5.237276225560e-02
7.181919872681e+00,2.656250085000e-01,4.910663453543e-02
7.181919872684e+00,2.968750095000e-01,4.533648399123e-02
7.181919872688e+00,3.281250105000e-01,4.093609285421e-02
7.181919872691e+00,3.593750115000e-01,3.573326401584e-02
7.181919872694e+00,3.906250125000e-01,2.948678607989e-02
7.181919872698e+00,4.218750135000e-01,2.184800816996e-02
7.181919872701e+00,4.531250145000e-01,1.229352486009e-02
7.181919872704e+00,4.843750155000e-01,4.002591375570e-16
7.215402016582e+00,1.562500050000e-02,6.690179651847e-02
7.215402016586e+00,4.687500150000e-02,6.542119257035e-02
7.215402016589e+00,7.812500250000e-02,6.379190068884e-02
7.215402016593e+00,1.093750035000e-01,6.199041537485e-02
7.215402016596e+00,1.406250045000e-01,5.998800209287e-02
7.215402016599e+00,1.718750055000e-01,5.774915753886e-02
7.215402016603e+00,2.031250065000e-01,5.522949179824e-02
7.215402016606e+00,2.343750075000e-01,5.237276225560e-02
7.215402016609e+00,2.656250085000e-01,4.910663453543e-02
7.215402016613e+00,2.968750095000e-01,4.533648399123e-02
7.215402016616e+00,3.281250105000e-01,4.093609285421e-02
7.215402016620e+00,3.593750115000e-01,3.573326401584e-02
7.215402016623e+00,3.906250125000e-01,2.948678607989e-02
7.215402016626e+00,4.218750135000e-01,2.184800816996e-02
7.215402016630e+00,4.531250145000e-01,1.229352486009e-02
7.215402016633e+00,4.843750155000e-01,1.598113703726e-15
7.248884160511e+00,1.562500050000e-02,6.690179651847e-02
7.248884160514e+00,4.687500150000e-02,6.542119257035e-02
7.248884160518e+00,7.812500249999e-02,6.379190068884e-02
7.248884160521e+00,1.093750035000e-01,6.199041537485e-02
7.248884160524e+00,1.406250045000e-01,5.998800209287e-02
7.248884160528e+00,1.718750055000e-01,5.774915753886e-02
7.248884160531e+00,2.031250065000e-01,5.522949179824e-02
7.248884160535e+00,2.343750075000e-01,5.237276225560e-02
7.248884160538e+00,2.656250085000e-01,4.910663453543e-02
7.248884160542e+00,2.968750095000e-01,4.533648399123e-02
7.248884160545e+00,3.281250105000e-01,4.093609285421e-02
7.248884160548e+00,3.593750115000e-01,3.573326401584e-02
7.248884160552e+00,3.906250125000e-01,2.948678607989e-02
7.248884160555e+00,4.218750135000e-01,2.184800816996e-02
7.248884160559e+00,4.531250145000e-01,1.229352486009e-02
7.248884160562e+00,4.843750155000e-01,1.198699042593e-15
7.282366304439e+00,1.562500050000e-02,6.690179651847e-02
7.282366304443e+00,4.687500150000e-02,6.542119257035e-02
7.282366304446e+00,7.812500249999e-02,6.379190068884e-02
7.282366304450e+00,1.093750035000e-01,6.199041537485e-02
7.282366304453e+00,1.406250045000e-01,5.998800209287e-02
7.282366304456e+00,1.718750055000e-01,5.774915753886e-02
7.282366304460e+00,2.031250065000e-01,5.522949179824e-02
7.282366304463e+00,2.343750075000e-01,5.237276225560e-02
7.282366304467e+00,2.656250085000e-01,4.910663453543e-02
7.282366304470e+00,2.968750095000e-01,4.533648399123e-02
7.282366304474e+00,3.281250105000e-01,4.093609285421e-02
7.282366304477e+00,3.593750115000e-01,3.573326401584e-02
7.282366304480e+00,3.906250125000e-01,2.948678607989e-02
7.282366304484e+00,4.218750135000e-01,2.184800816996e-02
7.282366304487e+00,4.531250145000e-01,1.229352486009e-02
7.282366304491e+00,4.843750155000e-01,2.496747901876e-17
7.315848448368e+00,1.562500050000e-02,6.690179651847e-02
7.315848448371e+00,4.687500150000e-02,6.542119257035e-02
7.315848448375e+00,7.812500249999e-02,6.379190068884e-02
7.315848448378e+00,1.093750035000e-01,6.199041537485e-02
7.315848448381e+00,1.406250045000e-01,5.998800209287e-02
7.315848448385e+00,1.718750055000e-01,5.774915753886e-02
7.315848448388e+00,2.031250065000e-01,5.522949179824e-02
7.315848448392e+00,2.343750075000e-01,5.237276225560e-02
7.315848448395e+00,2.656250085000e-01,4.910663453543e-02
7.315848448399e+00,2.968750095000e-01,4.533648399123e-02
7.315848448402e+00,3.281250105000e-01,4.093609285421e-02
7.315848448406e+00,3.593750115000e-01,3.573326401584e-02
7.315848448409e+00,3.906250125000e-01,2.948678607989e-02
7.315848448413e+00,4.218750135000e-01,2.184800816996e-02
7.315848448416e+00,4.531250145000e-01,1.229352486009e-02
7.315848448419e+00,4.843750155000e-01,1.198438992900e-15
7.349330592296e+00,1.562500050000e-02,6.690179651847e-02
7.349330592300e+00,4.687500150000e-02,6.542119257035e-02
7.349330592303e+00,7.812500249999e-02,6.379190068884e-02
7.349330592307e+00,1.093750035000e-01,6.199041537485e-02
7.349330592310e+00,1.406250045000e-01,5.998800209287e-02
7.349330592313e+00,1.718750055000e-01,5.774915753886e-02
7.349330592317e+00,2.031250065000e-01,5.522949179824e-02
7.349330592321e+00,2.343750075000e-01,5.237276225560e-02
7.349330592324e+00,2.656250085000e-01,4.910663453543e-02
7.349330592327e+00,2.968750095000e-01,4.533648399123e-02
7.349330592331e+00,3.281250105000e-01,4.093609285421e-02
7.349330592334e+00,3.593750115000e-01,3.573326401584e-02
7.349330592338e+00,3.906250125000e-01,2.948678607989e-02
7.349330592341e+00,4.218750135000e-01,2.184800816996e-02
7.349330592345e+00,4.531250145000e-01,1.229352486009e-02
7.349330592348e+00,4.843750155000e-01,1.198438992900e-15
7.382812736225e+00,1.562500050000e-02,6.690179651847e-02
7.382812736228e+00,4.687500150000e-02,6.542119257035e-02
7.382812736232e+00,7.812500249999e-02,6.379190068884e-02
7.382812736235e+00,1.093750035000e-01,6.199041537485e-02
7.382812736239e+00,1.406250045000e-01,5.998800209287e-02
7.382812736242e+00,1.718750055000e-01,5.774915753886e-02
7.382812736246e+00,2.031250065000e-01,5.522949179824e-02
7.382812736249e+00,2.343750075000e-01,5.237276225560e-02
7.382812736253e+00,2.656250085000e-01,4.910663453543e-02
7.382812736256e+00,2.968750095000e-01,4.533648399123e-02
7.382812736259e+00,3.281250105000e-01,4.093609285421e-02
7.382812736263e+00,3.593750115000e-01,3.573326401584e-02
7.382812736266e+00,3.906250125000e-01,2.948678607989e-02
7.382812736270e+00,4.218750135000e-01,2.184800816996e-02
7.382812736274e+00,4.531250145000e-01,1.229352486009e-02
7.382812736277e+00,4.843750155000e-01,1.597918657201e-15
7.416294880153e+00,1.562500050000e-02,6.690179651847e-02
7.416294880157e+00,4.687500150000e-02,6.542119257035e-02
7.416294880160e+00,7.812500249999e-02,6.379190068884e-02
7.416294880164e+00,1.093750035000e-01,6.199041537485e-02
7.416294880167e+00,1.406250045000e-01,5.998800209287e-02
7.416294880171e+00,1.718750055000e-01,5.774915753886e-02
7.416294880174e+00,2.031250065000e-01,5.522949179824e-02
7.416294880178e+00,2.343750075000e-01,5.237276225560e-02
7.416294880181e+00,2.656250085000e-01,4.910663453543e-02
7.416294880185e+00,2.968750095000e-01,4.533648399123e-02
7.416294880188e+00,3.281250105000e-01,4.093609285421e-02
7.416294880192e+00,3.593750115000e-01,3.573326401584e-02
7.416294880195e+00,3.906250125000e-01,2.948678607989e-02
7.416294880199e+00,4.218750135000e-01,2.184800816996e-02
7.416294880202e+00,4.531250145000e-01,1.229352486009e-02
7.416294880206e+00,4.843750155000e-01,7.993493502629e-16
7.449777024082e+00,1.562500050000e-02,6.690179651847e-02
7.449777024085e+00,4.687500150000e-02,6.542119257035e-02
7.449777024089e+00,7.812500249999e-02,6.379190068884e-02
7.449777024092e+00,1.093750035000e-01,6.199041537485e-02
7.449777024096e+00,1.406250045000e-01,5.998800209287e-02
7.449777024099e+00,1.718750055000e-01,5.774915753886e-02
7.449777024103e+00,2.031250065000e-01,5.522949179824e-02
7.449777024106e+00,2.343750075000e-01,5.237276225560e-02
7.449777024110e+00,2.656250085000e-01,4.910663453543e-02
7.449777024113e+00,2.968750095000e-01,4.533648399123e-02
7.449777024117e+00,3.281250105000e-01,4.093609285421e-02
7.449777024120e+00,3.593750115000e-01,3.573326401584e-02
7.449777024124e+00,3.906250125000e-01,2.948678607989e-02
7.449777024127e+00,4.218750135000e-01,2.184800816996e-02
7.449777024131e+00,4.531250145000e-01,1.229352486009e-02
7.449777024134e+00,4.843750155000e-01,3.994796643001e-16
7.483259168010e+00,1.562500050000e-02,6.690179651847e-02
7.483259168014e+00,4.687500150000e-02,6.542119257035e-02
7.483259168017e+00,7.812500249999e-02,6.379190068884e-02
7.483259168021e+00,1.093750035000e-01,6.199041537485e-02
7.483259168024e+00,1.406250045000e-01,5.998800209287e-02
7.483259168028e+00,1.718750055000e-01,5.774915753886e-02
7.483259168031e+00,2.031250065000e-01,5.522949179824e-02
7.483259168035e+00,2.343750075000e-01,5.237276225560e-02
7.483259168038e+00,2.656250085000e-01,4.910663453543e-02
7.483259168042e+00,2.968750095000e-01,4.533648399123e-02
7.483259168045e+00,3.281250105000e-01,4.093609285421e-02
7.483259168049e+00,3.593750115000e-01,3.573326401584e-02
7.483259168053e+00,3.906250125000e-01,2.948678607989e-02
7.483259168056e+00,4.218750135000e-01,2.184800816996e-02
7.483259168059e+00,4.531250145000e-01,1.229352486009e-02
7.483259168063e+00,4.843750155000e-01,1.597918657201e-15
7.516741311939e+00,1.562500050000e-02,6.690179651847e-02
7.516741311942e+00,4.687500150000e-02,6.542119257035e-02
7.516741311946e+00,7.812500249999e-02,6.379190068884e-02
7.516741311949e+00,1.093750035000e-01,6.199041537485e-02
7.516741311953e+00,1.406250045000e-01,5.998800209287e-02
7.516741311956e+00,1.718750055000e-01,5.774915753886e-02
7.516741311960e+00,2.031250065000e-01,5.522949179824e-02
7.516741311964e+00,2.343750075000e-01,5.237276225560e-02
7.516741311967e+00,2.656250085000e-01,4.910663453543e-02
7.516741311970e+00,2.968750095000e-01,4.533648399123e-02
7.516741311974e+00,3.281250105000e-01,4.093609285421e-02
7.516741311978e+00,3.593750115000e-01,3.573326401584e-02
7.516741311981e+00,3.906250125000e-01,2.948678607989e-02
7.516741311985e+00,4.218750135000e-01,2.184800816996e-02
7.516741311988e+00,4.531250145000e-01,1.229352486009e-02
7.516741311992e+00,4.843750155000e-01,7.989593286001e-16
7.550223455868e+00,1.562500050000e-02,6.690179651847e-02
7.550223455871e+00,4.687500150000e-02,6.542119257035e-02
7.550223455874e+00,7.812500249999e-02,6.379190068884e-02
7.550223455878e+00,1.093750035000e-01,6.199041537485e-02
7.550223455881e+00,1.406250045000e-01,5.998800209287e-02
7.550223455885e+00,1.718750055000e-01,5.774915753886e-02
7.550223455889e+00,2.031250065000e-01,5.522949179824e-02
7.550223455892e+00,2.343750075000e-01,5.237276225560e-02
7.550223455896e+00,2.656250085000e-01,4.910663453543e-02
7.550223455899e+00,2.968750095000e-01,4.533648399123e-02
7.550223455903e+00,3.281250105000e-01,4.093609285421e-02
7.550223455906e+00,3.593750115000e-01,3.573326401584e-02
7.550223455910e+00,3.906250125000e-01,2.948678607989e-02
7.550223455913e+00,4.218750135000e-01,2.184800816996e-02
7.550223455917e+00,4.531250145000e-01,1.229352486009e-02
7.550223455920e+00,4.843750155000e-01,7.993493502629e-16
7.583705599796e+00,1.562500050000e-02,6.690179651847e-02
7.583705599800e+00,4.687500150000e-02,6.542119257035e-02
7.583705599803e+00,7.812500249999e-02,6.379190068884e-02
7.583705599807e+00,1.093750035000e-01,6.199041537485e-02
7.583705599810e+00,1.406250045000e-01,5.998800209287e-02
7.583705599814e+00,1.718750055000e-01,5.774915753886e-02
7.583705599817e+00,2.031250065000e-01,5.522949179824e-02
7.583705599821e+00,2.343750075000e-01,5.237276225560e-02
7.583705599824e+00,2.656250085000e-01,4.910663453543e-02
7.583705599828e+00,2.968750095000e-01,4.533648399123e-02
7.583705599831e+00,3.281250105000e-01,4.093609285421e-02
7.583705599835e+00,3.593750115000e-01,3.573326401584e-02
7.583705599838e+00,3.906250125000e-01,2.948678607989e-02
7.583705599842e+00,4.218750135000e-01,2.184800816996e-02
7.583705599845e+00,4.531250145000e-01,1.229352486009e-02
7.583705599849e+00,4.843750155000e-01,7.993493502629e-16
7.617187743725e+00,1.562500050000e-02,6.690179651847e-02
7.617187743728e+00,4.687500150000e-02,6.542119257035e-02
7.617187743732e+00,7.812500249999e-02,6.379190068884e-02
7.617187743735e+00,1.093750035000e-01,6.199041537485e-02
7.617187743739e+00,1.406250045000e-01,5.998800209287e-02
7.617187743742e+00,1.718750055000e-01,5.774915753886e-02
7.617187743746e+00,2.031250065000e-01,5.522949179824e-02
7.617187743749e+00,2.343750075000e-01,5.237276225560e-02
7.617187743753e+00,2.656250085000e-01,4.910663453543e-02
7.617187743756e+00,2.968750095000e-01,4.533648399123e-02
7.617187743760e+00,3.281250105000e-01,4.093609285421e-02
7.617187743763e+00,3.593750115000e-01,3.573326401584e-02
7.617187743767e+00,3.906250125000e-01,2.948678607989e-02
7.617187743770e+00,4.218750135000e-01,2.184800816996e-02
7.617187743774e+00,4.531250145000e-01,1.229352486009e-02
7.617187743777e+00,4.843750155000e-01,3.994796643001e-16
7.650669887654e+00,1.562500050000e-02,6.690179651847e-02
7.650669887657e+00,4.687500150000e-02,6.542119257035e-02
7.650669887661e+00,7.812500249999e-02,6.379190068884e-02
7.650669887664e+00,1.093750035000e-01,6.199041537485e-02
7.650669887668e+00,1.406250045000e-01,5.998800209287e-02
7.650669887671e+00,1.718750055000e-01,5.774915753886e-02
7.650669887674e+00,2.031250065000e-01,5.522949179824e-02
7.650669887678e+00,2.343750075000e-01,5.237276225560e-02
7.650669887681e+00,2.656250085000e-01,4.910663453543e-02
7.650669887685e+00,2.968750095000e-01,4.533648399123e-02
7.650669887688e+00,3.281250105000e-01,4.093609285421e-02
7.650669887692e+00,3.593750115000e-01,3.573326401584e-02
7.650669887695e+00,3.906250125000e-01,2.948678607989e-02
7.650669887699e+00,4.218750135000e-01,2.184800816996e-02
7.650669887702e+00,4.531250145000e-01,1.229352486009e-02
7.650669887706e+00,4.843750155000e-01,3.195934842128e-15
7.684152031582e+00,1.562500050000e-02,6.690179651847e-02
7.684152031586e+00,4.687500150000e-02,6.542119257035e-02
7.684152031589e+00,7.812500249999e-02,6.379190068884e-02
7.684152031593e+00,1.093750035000e-01,6.199041537485e-02
7.684152031596e+00,1.406250045000e-01,5.998800209287e-02
7.684152031600e+00,1.718750055000e-01,5.774915753886e-02
7.684152031603e+00,2.031250065000e-01,5.522949179824e-02
7.684152031606e+00,2.343750075000e-01,5.237276225560e-02
7.684152031610e+00,2.656250085000e-01,4.910663453543e-02
7.684152031613e+00,2.968750095000e-01,4.533648399123e-02
7.684152031617e+00,3.281250105000e-01,4.093609285421e-02
7.684152031620e+00,3.593750115000e-01,3.573326401584e-02
7.684152031624e+00,3.906250125000e-01,2.948678607989e-02
7.684152031627e+00,4.218750135000e-01,2.184800816996e-02
7.684152031631e+00,4.531250145000e-01,1.229352486009e-02
7.684152031634e+00,4.843750155000e-01,1.598113703726e-15
7.717634175511e+00,1.562500050000e-02,6.690179651847e-02
7.717634175515e+00,4.687500150000e-02,6.542119257035e-02
7.717634175518e+00,7.812500249999e-02,6.379190068884e-02
7.717634175521e+00,1.093750035000e-01,6.199041537485e-02
7.717634175525e+00,1.406250045000e-01,5.998800209287e-02
7.717634175528e+00,1.718750055000e-01,5.774915753886e-02
7.717634175532e+00,2.031250064999e-01,5.522949179824e-02
7.717634175535e+00,2.343750075000e-01,5.237276225560e-02
7.717634175539e+00,2.656250085000e-01,4.910663453543e-02
7.717634175542e+00,2.968750095000e-01,4.533648399123e-02
7.717634175545e+00,3.281250105000e-01,4.093609285421e-02
7.717634175549e+00,3.593750115000e-01,3.573326401584e-02
7.717634175552e+00,3.906250125000e-01,2.948678607989e-02
7.717634175556e+00,4.218750135000e-01,2.184800816996e-02
7.717634175559e+00,4.531250145000e-01,1.229352486009e-02
7.717634175563e+00,4.843750155000e-01,2.397008021227e-15
7.751116319440e+00,1.562500050000e-02,6.690179651847e-02
7.751116319443e+00,4.687500150000e-02,6.542119257035e-02
7.751116319447e+00,7.812500249999e-02,6.379190068884e-02
7.751116319450e+00,1.093750035000e-01,6.199041537485e-02
7.751116319453e+00,1.406250045000e-01,5.998800209287e-02
7.751116319457e+00,1.718750055000e-01,5.774915753886e-02
7.751116319460e+00,2.031250064999e-01,5.522949179824e-02
7.751116319464e+00,2.343750075000e-01,5.237276225560e-02
7.751116319467e+00,2.656250085000e-01,4.910663453543e-02
7.751116319471e+00,2.968750095000e-01,4.533648399123e-02
7.751116319474e+00,3.281250105000e-01,4.093609285421e-02
7.751116319477e+00,3.593750115000e-01,3.573326401584e-02
7.751116319481e+00,3.906250125000e-01,2.948678607989e-02
7.751116319484e+00,4.218750135000e-01,2.184800816996e-02
7.751116319488e+00,4.531250145000e-01,1.229352486009e-02
7.751116319491e+00,4.843750155000e-01,1.997554362149e-15
7.784598463369e+00,1.562500050000e-02,6.690179651847e-02
7.784598463372e+00,4.687500150000e-02,6.542119257035e-02
7.784598463375e+00,7.812500249998e-02,6.379190068884e-02
7.784598463379e+00,1.093750035000e-01,6.199041537485e-02
7.784598463382e+00,1.406250045000e-01,5.998800209287e-02
7.784598463386e+00,1.718750054999e-01,5.774915753886e-02
7.784598463389e+00,2.031250064999e-01,5.522949179824e-02
7.784598463392e+00,2.343750075000e-01,5.237276225560e-02
7.784598463396e+00,2.656250085000e-01,4.910663453543e-02
7.784598463399e+00,2.968750095000e-01,4.533648399123e-02
7.784598463403e+00,3.281250105000e-01,4.093609285421e-02
7.784598463406e+00,3.593750115000e-01,3.573326401584e-02
7.784598463409e+00,3.906250125000e-01,2.948678607989e-02
7.784598463413e+00,4.218750135000e-01,2.184800816996e-02
7.784598463416e+00,4.531250145000e-01,1.229352486009e-02
7.784598463420e+00,4.843750155000e-01,2.796469109839e-15
7.818080607297e+00,1.562500050000e-02,6.690179651847e-02
7.818080607301e+00,4.687500150000e-02,6.542119257035e-02
7.818080607304e+00,7.812500249998e-02,6.379190068884e-02
7.818080607308e+00,1.093750035000e-01,6.199041537485e-02
7.818080607311e+00,1.406250045000e-01,5.998800209287e-02
7.818080607314e+00,1.718750054999e-01,5.774915753886e-02
7.818080607318e+00,2.031250064999e-01,5.522949179824e-02
7.818080607321e+00,2.343750075000e-01,5.237276225560e-02
7.818080607324e+00,2.656250085000e-01,4.910663453543e-02
7.818080607328e+00,2.968750095000e-01,4.533648399123e-02
7.818080607331e+00,3.281250105000e-01,4.093609285421e-02
7.818080607334e+00,3.593750115000e-01,3.573326401584e-02
7.818080607338e+00,3.906250125000e-01,2.948678607989e-02
7.818080607341e+00,4.218750135000e-01,2.184800816996e-02
7.818080607345e+00,4.531250145000e-01,1.229352486009e-02
7.818080607348e+00,4.843750155000e-01,2.397008021227e-15
7.851562751226e+00,1.562500050000e-02,6.690179651847e-02
7.851562751230e+00,4.687500149999e-02,6.542119257035e-02
7.851562751233e+00,7.812500249998e-02,6.379190068884e-02
7.851562751236e+00,1.093750035000e-01,6.199041537485e-02
7.851562751240e+00,1.406250045000e-01,5.998800209287e-02
7.851562751243e+00,1.718750054999e-01,5.774915753886e-02
7.851562751246e+00,2.031250064999e-01,5.522949179825e-02
7.851562751250e+00,2.343750075000e-01,5.237276225561e-02
7.851562751253e+00,2.656250085000e-01,4.910663453543e-02
7.851562751256e+00,2.968750095000e-01,4.533648399123e-02
7.851562751260e+00,3.281250105000e-01,4.093609285421e-02
7.851562751263e+00,3.593750115000e-01,3.573326401584e-02
7.851562751266e+00,3.906250125000e-01,2.948678607989e-02
7.851562751270e+00,4.218750135000e-01,2.184800816996e-02
7.851562751273e+00,4.531250145000e-01,1.229352486010e-02
7.851562751276e+00,4.843750155000e-01,1.997398321501e-15
7.885044895155e+00,1.562500050000e-02,6.690179651847e-02
7.885044895158e+00,4.687500149999e-02,6.542119257035e-02
7.885044895162e+00,7.812500249998e-02,6.379190068884e-02
7.885044895165e+00,1.093750035000e-01,6.199041537485e-02
7.885044895168e+00,1.406250045000e-01,5.998800209287e-02
7.885044895172e+00,1.718750054999e-01,5.774915753886e-02
7.885044895175e+00,2.031250064999e-01,5.522949179825e-02
7.885044895178e+00,2.343750074999e-01,5.237276225561e-02
7.885044895182e+00,2.656250085000e-01,4.910663453543e-02
7.885044895185e+00,2.968750095000e-01,4.533648399123e-02
7.885044895188e+00,3.281250105000e-01,4.093609285421e-02
7.885044895192e+00,3.593750115000e-01,3.573326401584e-02
7.885044895195e+00,3.906250125000e-01,2.948678607989e-02
7.885044895198e+00,4.218750135000e-01,2.184800816996e-02
7.885044895202e+00,4.531250145000e-01,1.229352486010e-02
7.885044895205e+00,4.843750155000e-01,2.496747901876e-17
7.918527039084e+00,1.562500050000e-02,6.690179651847e-02
7.918527039087e+00,4.687500149999e-02,6.542119257035e-02
7.918527039090e+00,7.812500249998e-02,6.379190068884e-02
7.918527039094e+00,1.093750035000e-01,6.199041537485e-02
7.918527039097e+00,1.406250045000e-01,5.998800209287e-02
7.918527039100e+00,1.718750054999e-01,5.774915753886e-02
7.918527039104e+00,2.031250064999e-01,5.522949179825e-02
7.918527039107e+00,2.343750074999e-01,5.237276225561e-02
7.918527039110e+00,2.656250085000e-01,4.910663453543e-02
7.918527039113e+00,2.968750095000e-01,4.533648399123e-02
7.918527039117e+00,3.281250105000e-01,4.093609285421e-02
7.918527039120e+00,3.593750115000e-01,3.573326401584e-02
7.918527039123e+00,3.906250125000e-01,2.948678607989e-02
7.918527039127e+00,4.218750135000e-01,2.184800816996e-02
7.918527039130e+00,4.531250145000e-01,1.229352486010e-02
7.918527039133e+00,4.843750155000e-01,1.997398321501e-15
7.952009183012e+00,1.562500050000e-02,6.690179651847e-02
7.952009183016e+00,4.687500149999e-02,6.542119257035e-02
7.952009183019e+00,7.812500249998e-02,6.379190068884e-02
7.952009183022e+00,1.093750035000e-01,6.199041537485e-02
7.952009183025e+00,1.406250045000e-01,5.998800209287e-02
7.952009183029e+00,1.718750054999e-01,5.774915753886e-02
7.952009183032e+00,2.031250064999e-01,5.522949179825e-02
7.952009183035e+00,2.343750074999e-01,5.237276225561e-02
7.952009183039e+00,2.656250085000e-01,4.910663453543e-02
7.952009183042e+00,2.968750095000e-01,4.533648399123e-02
7.952009183045e+00,3.281250105000e-01,4.093609285421e-02
7.952009183049e+00,3.593750115000e-01,3.573326401584e-02
7.952009183052e+00,3.906250125000e-01,2.948678607989e-02
7.952009183055e+00,4.218750135000e-01,2.184800816996e-02
7.952009183058e+00,4.531250145000e-01,1.229352486010e-02
7.952009183062e+00,4.843750155000e-01,3.994796643001e-16
7.985491326941e+00,1.562500050000e-02,6.690179651847e-02
7.985491326944e+00,4.687500149999e-02,6.542119257035e-02
7.985491326948e+00,7.812500249998e-02,6.379190068884e-02
7.985491326951e+00,1.093750035000e-01,6.199041537485e-02
7.985491326954e+00,1.406250045000e-01,5.998800209287e-02
7.985491326957e+00,1.718750054999e-01,5.774915753886e-02
7.985491326961e+00,2.031250064999e-01,5.522949179825e-02
7.985491326964e+00,2.343750074999e-01,5.237276225561e-02
7.985491326967e+00,2.656250085000e-01,4.910663453543e-02
7.985491326971e+00,2.968750095000e-01,4.533648399123e-02
7.985491326974e+00,3.281250105000e-01,4.093609285421e-02
7.985491326977e+00,3.593750115000e-01,3.573326401584e-02
7.985491326980e+00,3.906250125000e-01,2.948678607989e-02
7.985491326984e+00,4.218750135000e-01,2.184800816996e-02
7.985491326987e+00,4.531250145000e-01,1.229352486010e-02
7.985491326990e+00,4.843750155000e-01,3.994796643001e-16
8.018973470870e+00,1.562500050000e-02,6.690179651847e-02
8.018973470873e+00,4.687500149999e-02,6.542119257035e-02
8.018973470876e+00,7.812500249998e-02,6.379190068884e-02
8.018973470880e+00,1.093750035000e-01,6.199041537485e-02
8.018973470883e+00,1.406250044999e-01,5.998800209287e-02
8.018973470886e+00,1.718750054999e-01,5.774915753886e-02
8.018973470889e+00,2.031250064999e-01,5.522949179825e-02
8.018973470893e+00,2.343750074999e-01,5.237276225561e-02
8.018973470896e+00,2.656250085000e-01,4.910663453543e-02
8.018973470899e+00,2.968750095000e-01,4.533648399123e-02
8.018973470902e+00,3.281250105000e-01,4.093609285421e-02
8.018973470906e+00,3.593750115000e-01,3.573326401584e-02
8.018973470909e+00,3.906250125000e-01,2.948678607989e-02
8.018973470912e+00,4.218750135000e-01,2.184800816996e-02
8.018973470915e+00,4.531250145000e-01,1.229352486010e-02
8.018973470919e+00,4.843750155000e-01,1.597918657201e-15
8.052455614799e+00,1.562500050000e-02,6.690179651847e-02
8.052455614802e+00,4.687500149999e-02,6.542119257035e-02
8.052455614805e+00,7.812500249998e-02,6.379190068884e-02
8.052455614808e+00,1.093750035000e-01,6.199041537485e-02
8.052455614812e+00,1.406250044999e-01,5.998800209287e-02
8.052455614815e+00,1.718750054999e-01,5.774915753886e-02
8.052455614818e+00,2.031250064999e-01,5.522949179825e-02
8.052455614821e+00,2.343750074999e-01,5.237276225561e-02
8.052455614825e+00,2.656250085000e-01,4.910663453543e-02
8.052455614828e+00,2.968750095000e-01,4.533648399123e-02
8.052455614831e+00,3.281250105000e-01,4.093609285421e-02
8.052455614834e+00,3.593750115000e-01,3.573326401584e-02
8.052455614837e+00,3.906250125000e-01,2.948678607989e-02
8.052455614841e+00,4.218750135000e-01,2.184800816996e-02
8.052455614844e+00,4.531250145000e-01,1.229352486010e-02
8.052455614847e+00,4.843750155000e-01,0.000000000000e+00
8.085937758727e+00,1.562500050000e-02,6.690179651847e-02
8.085937758731e+00,4.687500149999e-02,6.542119257035e-02
8.085937758734e+00,7.812500249998e-02,6.379190068884e-02
8.085937758737e+00,1.093750035000e-01,6.199041537485e-02
8.085937758740e+00,1.406250044999e-01,5.998800209287e-02
8.085937758743e+00,1.718750054999e-01,5.774915753886e-02
8.085937758747e+00,2.031250064999e-01,5.522949179825e-02
8.085937758750e+00,2.343750074999e-01,5.237276225561e-02
8.085937758753e+00,2.656250085000e-01,4.910663453543e-02
8.085937758756e+00,2.968750095000e-01,4.533648399123e-02
8.085937758759e+00,3.281250105000e-01,4.093609285421e-02
8.085937758763e+00,3.593750115000e-01,3.573326401584e-02
8.085937758766e+00,3.906250125000e-01,2.948678607989e-02
8.085937758769e+00,4.218750135000e-01,2.184800816996e-02
8.085937758772e+00,4.531250145000e-01,1.229352486010e-02
8.085937758776e+00,4.843750155000e-01,8.024626993413e-16
8.119419902656e+00,1.562500050000e-02,6.690179651847e-02
8.119419902659e+00,4.687500149999e-02,6.542119257035e-02
8.119419902663e+00,7.812500249998e-02,6.379190068884e-02
8.119419902666e+00,1.093750035000e-01,6.199041537485e-02
8.119419902669e+00,1.406250044999e-01,5.998800209287e-02
8.119419902672e+00,1.718750054999e-01,5.774915753886e-02
8.119419902675e+00,2.031250064999e-01,5.522949179825e-02
8.119419902678e+00,2.343750074999e-01,5.237276225561e-02
8.119419902682e+00,2.656250085000e-01,4.910663453543e-02
8.119419902685e+00,2.968750095000e-01,4.533648399123e-02
8.119419902688e+00,3.281250105000e-01,4.093609285421e-02
8.119419902691e+00,3.593750115000e-01,3.573326401584e-02
8.119419902694e+00,3.906250125000e-01,2.948678607989e-02
8.119419902698e+00,4.218750135000e-01,2.184800816996e-02
8.119419902701e+00,4.531250145000e-01,1.229352486010e-02
8.119419902704e+00,4.843750155000e-01,7.989593286001e-16
8.152902046585e+00,1.562500050000e-02,6.690179651847e-02
8.152902046588e+00,4.687500149999e-02,6.542119257035e-02
8.152902046591e+00,7.812500249998e-02,6.379190068884e-02
8.152902046594e+00,1.093750035000e-01,6.199041537485e-02
8.152902046598e+00,1.406250044999e-01,5.998800209287e-02
8.152902046601e+00,1.718750054999e-01,5.774915753886e-02
8.152902046604e+00,2.031250064999e-01,5.522949179825e-02
8.152902046607e+00,2.343750074999e-01,5.237276225561e-02
8.152902046610e+00,2.656250085000e-01,4.910663453544e-02
8.152902046613e+00,2.968750095000e-01,4.533648399123e-02
8.152902046617e+00,3.281250105000e-01,4.093609285421e-02
8.152902046620e+00,3.593750115000e-01,3.573326401584e-02
8.152902046623e+00,3.906250125000e-01,2.948678607989e-02
8.152902046626e+00,4.218750135000e-01,2.184800816996e-02
8.152902046629e+00,4.531250145000e-01,1.229352486010e-02
8.152902046632e+00,4.843750155000e-01,3.195934842128e-15
8.186384190514e+00,1.562500050000e-02,6.690179651847e-02
8.186384190517e+00,4.687500149999e-02,6.542119257035e-02
8.186384190520e+00,7.812500249998e-02,6.379190068884e-02
8.186384190523e+00,1.093750035000e-01,6.199041537485e-02
8.186384190526e+00,1.406250044999e-01,5.998800209287e-02
8.186384190529e+00,1.718750054999e-01,5.774915753886e-02
8.186384190533e+00,2.031250064999e-01,5.522949179825e-02
8.186384190536e+00,2.343750074999e-01,5.237276225561e-02
8.186384190539e+00,2.656250085000e-01,4.910663453544e-02
8.186384190542e+00,2.968750095000e-01,4.533648399123e-02
8.186384190545e+00,3.281250105000e-01,4.093609285421e-02
8.186384190548e+00,3.593750115000e-01,3.573326401584e-02
8.186384190551e+00,3.906250125000e-01,2.948678607989e-02
8.186384190555e+00,4.218750135000e-01,2.184800816996e-02
8.186384190558e+00,4.531250145000e-01,1.229352486010e-02
8.186384190561e+00,4.843750155000e-01,1.598113703726e-15
8.219866334442e+00,1.562500050000e-02,6.690179651847e-02
8.219866334446e+00,4.687500149999e-02,6.542119257035e-02
8.219866334449e+00,7.812500249998e-02,6.379190068884e-02
8.219866334452e+00,1.093750035000e-01,6.199041537485e-02
8.219866334455e+00,1.406250044999e-01,5.998800209287e-02
8.219866334458e+00,1.718750054999e-01,5.774915753886e-02
8.219866334461e+00,2.031250064999e-01,5.522949179825e-02
8.219866334464e+00,2.343750074999e-01,5.237276225561e-02
8.219866334467e+00,2.656250085000e-01,4.910663453544e-02
8.219866334471e+00,2.968750095000e-01,4.533648399123e-02
8.219866334474e+00,3.281250105000e-01,4.093609285421e-02
8.219866334477e+00,3.593750115000e-01,3.573326401584e-02
8.219866334480e+00,3.906250125000e-01,2.948678607989e-02
8.219866334483e+00,4.218750135000e-01,2.184800816996e-02
8.219866334486e+00,4.531250145000e-01,1.229352486010e-02
8.219866334489e+00,4.843750155000e-01,2.397008021227e-15
8.253348478371e+00,1.562500050000e-02,6.690179651847e-02
8.253348478374e+00,4.687500149999e-02,6.542119257035e-02
8.253348478377e+00,7.812500249998e-02,6.379190068884e-02
8.253348478381e+00,1.093750035000e-01,6.199041537485e-02
8.253348478384e+00,1.406250044999e-01,5.998800209288e-02
8.253348478387e+00,1.718750054999e-01,5.774915753886e-02
8.253348478390e+00,2.031250064999e-01,5.522949179825e-02
8.253348478393e+00,2.343750074999e-01,5.237276225561e-02
8.253348478396e+00,2.656250085000e-01,4.910663453544e-02
8.253348478399e+00,2.968750095000e-01,4.533648399123e-02
8.253348478402e+00,3.281250105000e-01,4.093609285421e-02
8.253348478405e+00,3.593750115000e-01,3.573326401584e-02
8.253348478408e+00,3.906250125000e-01,2.948678607989e-02
8.253348478412e+00,4.218750135000e-01,2.184800816996e-02
8.253348478415e+00,4.531250145000e-01,1.229352486010e-02
8.253348478418e+00,4.843750155000e-01,1.598698700526e-15
8.286830622300e+00,1.562500050000e-02,6.690179651847e-02
8.286830622303e+00,4.687500149999e-02,6.542119257035e-02
8.286830622306e+00,7.812500249998e-02,6.379190068884e-02
8.286830622309e+00,1.093750035000e-01,6.199041537485e-02
8.286830622312e+00,1.406250044999e-01,5.998800209288e-02
8.286830622315e+00,1.718750054999e-01,5.774915753886e-02
8.286830622318e+00,2.031250064999e-01,5.522949179825e-02
8.286830622321e+00,2.343750074999e-01,5.237276225561e-02
8.286830622325e+00,2.656250084999e-01,4.910663453544e-02
8.286830622328e+00,2.968750095000e-01,4.533648399123e-02
8.286830622331e+00,3.281250105000e-01,4.093609285421e-02
8.286830622334e+00,3.593750115000e-01,3.573326401584e-02
8.286830622337e+00,3.906250125000e-01,2.948678607990e-02
8.286830622340e+00,4.218750135000e-01,2.184800816996e-02
8.286830622343e+00,4.531250145000e-01,1.229352486010e-02
8.286830622346e+00,4.843750155000e-01,2.396877985801e-15
8.320312766229e+00,1.562500050000e-02,6.690179651847e-02
8.320312766232e+00,4.687500149999e-02,6.542119257035e-02
8.320312766235e+00,7.812500249998e-02,6.379190068884e-02
8.320312766238e+00,1.093750035000e-01,6.199041537485e-02
8.320312766241e+00,1.406250044999e-01,5.998800209288e-02
8.320312766244e+00,1.718750054999e-01,5.774915753886e-02
8.320312766247e+00,2.031250064999e-01,5.522949179825e-02
8.320312766250e+00,2.343750074999e-01,5.237276225561e-02
8.320312766253e+00,2.656250084999e-01,4.910663453544e-02
8.320312766256e+00,2.968750095000e-01,4.533648399123e-02
8.320312766259e+00,3.281250105000e-01,4.093609285421e-02
8.320312766262e+00,3.593750115000e-01,3.573326401584e-02
8.320312766266e+00,3.906250125000e-01,2.948678607990e-02
8.320312766269e+00,4.218750135000e-01,2.184800816996e-02
8.320312766272e+00,4.531250145000e-01,1.229352486010e-02
8.320312766275e+00,4.843750155000e-01,7.993493502629e-16
8.353794910157e+00,1.562500050000e-02,6.690179651847e-02
8.353794910161e+00,4.687500149999e-02,6.542119257035e-02
8.353794910164e+00,7.812500249998e-02,6.379190068884e-02
8.353794910167e+00,1.093750035000e-01,6.199041537485e-02
8.353794910170e+00,1.406250044999e-01,5.998800209288e-02
8.353794910173e+00,1.718750054999e-01,5.774915753886e-02
8.353794910176e+00,2.031250064999e-01,5.522949179825e-02
8.353794910179e+00,2.343750074999e-01,5.237276225561e-02
8.353794910182e+00,2.656250084999e-01,4.910663453544e-02
8.353794910185e+00,2.968750095000e-01,4.533648399123e-02
8.353794910188e+00,3.281250105000e-01,4.093609285421e-02
8.353794910191e+00,3.593750115000e-01,3.573326401584e-02
8.353794910194e+00,3.906250125000e-01,2.948678607990e-02
8.353794910197e+00,4.218750135000e-01,2.184800816996e-02
8.353794910200e+00,4.531250145000e-01,1.229352486010e-02
8.353794910203e+00,4.843750155000e-01,2.397008021227e-15
8.387277054086e+00,1.562500050000e-02,6.690179651847e-02
8.387277054089e+00,4.687500149999e-02,6.542119257035e-02
8.387277054092e+00,7.812500249998e-02,6.379190068884e-02
8.387277054095e+00,1.093750034999e-01,6.199041537485e-02
8.387277054098e+00,1.406250044999e-01,5.998800209288e-02
8.387277054101e+00,1.718750054999e-01,5.774915753886e-02
8.387277054104e+00,2.031250064999e-01,5.522949179825e-02
8.387277054107e+00,2.343750074999e-01,5.237276225561e-02
8.387277054110e+00,2.656250084999e-01,4.910663453544e-02
8.387277054113e+00,2.968750095000e-01,4.533648399123e-02
8.387277054116e+00,3.281250105000e-01,4.093609285421e-02
8.387277054119e+00,3.593750115000e-01,3.573326401584e-02
8.387277054122e+00,3.906250125000e-01,2.948678607990e-02
8.387277054125e+00,4.218750135000e-01,2.184800816996e-02
8.387277054129e+00,4.531250145000e-01,1.229352486010e-02
8.387277054132e+00,4.843750155000e-01,0.000000000000e+00
8.420759198015e+00,1.562500050000e-02,6.690179651847e-02
8.420759198018e+00,4.687500149999e-02,6.542119257035e-02
8.420759198021e+00,7.812500249997e-02,6.379190068884e-02
8.420759198024e+00,1.093750034999e-01,6.199041537486e-02
8.420759198027e+00,1.406250044999e-01,5.998800209288e-02
8.420759198030e+00,1.718750054999e-01,5.774915753886e-02
8.420759198033e+00,2.031250064999e-01,5.522949179825e-02
8.420759198036e+00,2.343750074999e-01,5.237276225561e-02
8.420759198039e+00,2.656250084999e-01,4.910663453544e-02
8.420759198042e+00,2.968750095000e-01,4.533648399123e-02
8.420759198045e+00,3.281250105000e-01,4.093609285421e-02
8.420759198048e+00,3.593750115000e-01,3.573326401584e-02
8.420759198051e+00,3.906250125000e-01,2.948678607990e-02
8.420759198054e+00,4.218750135000e-01,2.184800816996e-02
8.420759198057e+00,4.531250145000e-01,1.229352486010e-02
8.420759198060e+00,4.843750155000e-01,7.989593286001e-16
8.454241341944e+00,1.562500050000e-02,6.690179651847e-02
8.454241341947e+00,4.687500149999e-02,6.542119257035e-02
8.454241341950e+00,7.812500249997e-02,6.379190068884e-02
8.454241341953e+00,1.093750034999e-01,6.199041537486e-02
8.454241341956e+00,1.406250044999e-01,5.998800209288e-02
8.454241341959e+00,1.718750054999e-01,5.774915753886e-02
8.454241341962e+00,2.031250064999e-01,5.522949179825e-02
8.454241341965e+00,2.343750074999e-01,5.237276225561e-02
8.454241341968e+00,2.656250084999e-01,4.910663453544e-02
8.454241341971e+00,2.968750095000e-01,4.533648399123e-02
8.454241341974e+00,3.281250105000e-01,4.093609285421e-02
8.454241341977e+00,3.593750115000e-01,3.573326401584e-02
8.454241341980e+00,3.906250125000e-01,2.948678607990e-02
8.454241341983e+00,4.218750135000e-01,2.184800816996e-02
8.454241341985e+00,4.531250145000e-01,1.229352486010e-02
8.454241341988e+00,4.843750155000e-01,2.397008021227e-15
8.487723485873e+00,1.562500050000e-02,6.690179651847e-02
8.487723485875e+00,4.687500149999e-02,6.542119257035e-02
8.487723485878e+00,7.812500249997e-02,6.379190068884e-02
8.487723485881e+00,1.093750034999e-01,6.199041537486e-02
8.487723485884e+00,1.406250044999e-01,5.998800209288e-02
8.487723485887e+00,1.718750054999e-01,5.774915753886e-02
8.487723485890e+00,2.031250064999e-01,5.522949179825e-02
8.487723485893e+00,2.343750074999e-01,5.237276225561e-02
8.487723485896e+00,2.656250084999e-01,4.910663453544e-02
8.487723485899e+00,2.968750095000e-01,4.533648399123e-02
8.487723485902e+00,3.281250105000e-01,4.093609285421e-02
8.487723485905e+00,3.593750115000e-01,3.573326401584e-02
8.487723485908e+00,3.906250125000e-01,2.948678607990e-02
8.487723485911e+00,4.218750135000e-01,2.184800816996e-02
8.487723485914e+00,4.531250145000e-01,1.229352486010e-02
8.487723485917e+00,4.843750155000e-01,4.794016042455e-15
8.521205629801e+00,1.562500050000e-02,6.690179651847e-02
8.521205629804e+00,4.687500149999e-02,6.542119257035e-02
8.521205629807e+00,7.812500249997e-02,6.379190068884e-02
8.521205629810e+00,1.093750034999e-01,6.199041537486e-02
8.521205629813e+00,1.406250044999e-01,5.998800209288e-02
8.521205629816e+00,1.718750054999e-01,5.774915753886e-02
8.521205629819e+00,2.031250064999e-01,5.522949179825e-02
8.521205629822e+00,2.343750074999e-01,5.237276225561e-02
8.521205629825e+00,2.656250084999e-01,4.910663453544e-02
8.521205629828e+00,2.968750094999e-01,4.533648399123e-02
8.521205629831e+00,3.281250105000e-01,4.093609285421e-02
8.521205629834e+00,3.593750115000e-01,3.573326401584e-02
8.521205629836e+00,3.906250125000e-01,2.948678607990e-02
8.521205629839e+00,4.218750135000e-01,2.184800816996e-02
8.521205629842e+00,4.531250145000e-01,1.229352486010e-02
8.521205629845e+00,4.843750155000e-01,1.597918657201e-15
8.554687773730e+00,1.562500050000e-02,6.690179651847e-02
8.554687773733e+00,4.687500149999e-02,6.542119257035e-02
8.554687773736e+00,7.812500249997e-02,6.379190068884e-02
8.554687773739e+00,1.093750034999e-01,6.199041537486e-02
8.554687773742e+00,1.406250044999e-01,5.998800209288e-02
8.554687773745e+00,1.718750054999e-01,5.774915753886e-02
8.554687773747e+00,2.031250064999e-01,5.522949179825e-02
8.554687773750e+00,2.343750074999e-01,5.237276225561e-02
8.554687773753e+00,2.656250084999e-01,4.910663453544e-02
8.554687773756e+00,2.968750094999e-01,4.533648399124e-02
8.554687773759e+00,3.281250105000e-01,4.093609285421e-02
8.554687773762e+00,3.593750115000e-01,3.573326401584e-02
8.554687773765e+00,3.906250125000e-01,2.948678607990e-02
8.554687773768e+00,4.218750135000e-01,2.184800816996e-02
8.554687773771e+00,4.531250145000e-01,1.229352486010e-02
8.554687773774e+00,4.843750155000e-01,0.000000000000e+00
8.588169917659e+00,1.562500050000e-02,6.690179651847e-02
8.588169917662e+00,4.687500149999e-02,6.542119257035e-02
8.588169917664e+00,7.812500249997e-02,6.379190068884e-02
8.588169917667e+00,1.093750034999e-01,6.199041537486e-02
8.588169917670e+00,1.406250044999e-01,5.998800209288e-02
8.588169917673e+00,1.718750054999e-01,5.774915753886e-02
8.588169917676e+00,2.031250064999e-01,5.522949179825e-02
8.588169917679e+00,2.343750074999e-01,5.237276225561e-02
8.588169917682e+00,2.656250084999e-01,4.910663453544e-02
8.588169917685e+00,2.968750094999e-01,4.533648399124e-02
8.588169917688e+00,3.281250105000e-01,4.093609285421e-02
8.588169917691e+00,3.593750115000e-01,3.573326401584e-02
8.588169917694e+00,3.906250125000e-01,2.948678607990e-02
8.588169917697e+00,4.218750135000e-01,2.184800816996e-02
8.588169917699e+00,4.531250145000e-01,1.229352486010e-02
8.588169917702e+00,4.843750155000e-01,2.397008021227e-15
8.621652061588e+00,1.562500050000e-02,6.690179651847e-02
8.621652061590e+00,4.687500149999e-02,6.542119257035e-02
8.621652061593e+00,7.812500249997e-02,6.379190068884e-02
8.621652061596e+00,1.093750034999e-01,6.199041537486e-02
8.621652061599e+00,1.406250044999e-01,5.998800209288e-02
8.621652061602e+00,1.718750054999e-01,5.774915753886e-02
8.621652061605e+00,2.031250064999e-01,5.522949179825e-02
8.621652061608e+00,2.343750074999e-01,5.237276225561e-02
8.621652061611e+00,2.656250084999e-01,4.910663453544e-02
8.621652061613e+00,2.968750094999e-01,4.533648399124e-02
8.621652061616e+00,3.281250105000e-01,4.093609285421e-02
8.621652061619e+00,3.593750115000e-01,3.573326401584e-02
8.621652061622e+00,3.906250125000e-01,2.948678607990e-02
8.621652061625e+00,4.218750135000e-01,2.184800816996e-02
8.621652061628e+00,4.531250145000e-01,1.229352486010e-02
8.621652061631e+00,4.843750155000e-01,3.195934842128e-15
8.655134205516e+00,1.562500050000e-02,6.690179651847e-02
8.655134205519e+00,4.687500149999e-02,6.542119257035e-02
8.655134205522e+00,7.812500249997e-02,6.379190068884e-02
8.655134205525e+00,1.093750034999e-01,6.199041537486e-02
8.655134205528e+00,1.406250044999e-01,5.998800209288e-02
8.655134205530e+00,1.718750054999e-01,5.774915753886e-02
8.655134205533e+00,2.031250064999e-01,5.522949179825e-02
8.655134205536e+00,2.343750074999e-01,5.237276225561e-02
8.655134205539e+00,2.656250084999e-01,4.910663453544e-02
8.655134205542e+00,2.968750094999e-01,4.533648399124e-02
8.655134205545e+00,3.281250105000e-01,4.093609285421e-02
8.655134205548e+00,3.593750115000e-01,3.573326401584e-02
8.655134205551e+00,3.906250125000e-01,2.948678607990e-02
8.655134205553e+00,4.218750135000e-01,2.184800816996e-02
8.655134205556e+00,4.531250145000e-01,1.229352486010e-02
8.655134205559e+00,4.843750155000e-01,7.989593286001e-16
8.688616349445e+00,1.562500049999e-02,6.690179651847e-02
8.688616349448e+00,4.687500149999e-02,6.542119257035e-02
8.688616349451e+00,7.812500249997e-02,6.379190068884e-02
8.688616349454e+00,1.093750034999e-01,6.199041537486e-02
8.688616349456e+00,1.406250044999e-01,5.998800209288e-02
8.688616349459e+00,1.718750054999e-01,5.774915753886e-02
8.688616349462e+00,2.031250064999e-01,5.522949179825e-02
8.688616349465e+00,2.343750074999e-01,5.237276225561e-02
8.688616349468e+00,2.656250084999e-01,4.910663453544e-02
8.688616349471e+00,2.968750094999e-01,4.533648399124e-02
8.688616349473e+00,3.281250105000e-01,4.093609285421e-02
8.688616349476e+00,3.593750115000e-01,3.573326401584e-02
8.688616349479e+00,3.906250125000e-01,2.948678607990e-02
8.688616349482e+00,4.218750135000e-01,2.184800816996e-02
8.688616349485e+00,4.531250145000e-01,1.229352486010e-02
8.688616349488e+00,4.843750155000e-01,3.196227407453e-15
8.722098493374e+00,1.562500049999e-02,6.690179651847e-02
8.722098493377e+00,4.687500149999e-02,6.542119257035e-02
8.722098493379e+00,7.812500249997e-02,6.379190068884e-02
8.722098493382e+00,1.093750034999e-01,6.199041537486e-02
8.722098493385e+00,1.406250044999e-01,5.998800209288e-02
8.722098493388e+00,1.718750054999e-01,5.774915753886e-02
8.722098493391e+00,2.031250064999e-01,5.522949179825e-02
8.722098493393e+00,2.343750074999e-01,5.237276225561e-02
8.722098493396e+00,2.656250084999e-01,4.910663453544e-02
8.722098493399e+00,2.968750094999e-01,4.533648399124e-02
8.722098493402e+00,3.281250105000e-01,4.093609285421e-02
8.722098493405e+00,3.593750115000e-01,3.573326401584e-02
8.722098493408e+00,3.906250125000e-01,2.948678607990e-02
8.722098493410e+00,4.218750135000e-01,2.184800816996e-02
8.722098493413e+00,4.531250145000e-01,1.229352486010e-02
8.722098493416e+00,4.843750155000e-01,1.598113703726e-15
8.755580637303e+00,1.562500049999e-02,6.690179651847e-02
8.755580637305e+00,4.687500149998e-02,6.542119257035e-02
8.755580637308e+00,7.812500249997e-02,6.379190068884e-02
8.755580637311e+00,1.093750034999e-01,6.199041537486e-02
8.755580637314e+00,1.406250044999e-01,5.998800209288e-02
8.755580637317e+00,1.718750054999e-01,5.774915753886e-02
8.755580637319e+00,2.031250064999e-01,5.522949179825e-02
8.755580637322e+00,2.343750074999e-01,5.237276225561e-02
8.755580637325e+00,2.656250084999e-01,4.910663453544e-02
8.755580637328e+00,2.968750094999e-01,4.533648399124e-02
8.755580637330e+00,3.281250105000e-01,4.093609285421e-02
8.755580637333e+00,3.593750115000e-01,3.573326401584e-02
8.755580637336e+00,3.906250125000e-01,2.948678607990e-02
8.755580637339e+00,4.218750135000e-01,2.184800816996e-02
8.755580637342e+00,4.531250145000e-01,1.229352486010e-02
8.755580637345e+00,4.843750155000e-01,7.993493502629e-16
8.789062781231e+00,1.562500049999e-02,6.690179651847e-02
8.789062781234e+00,4.687500149998e-02,6.542119257035e-02
8.789062781237e+00,7.812500249997e-02,6.379190068884e-02
8.789062781240e+00,1.093750034999e-01,6.199041537486e-02
8.789062781242e+00,1.406250044999e-01,5.998800209288e-02
8.789062781245e+00,1.718750054999e-01,5.774915753886e-02
8.789062781248e+00,2.031250064999e-01,5.522949179825e-02
8.789062781251e+00,2.343750074999e-01,5.237276225561e-02
8.789062781254e+00,2.656250084999e-01,4.910663453544e-02
8.789062781256e+00,2.968750094999e-01,4.533648399124e-02
8.789062781259e+00,3.281250105000e-01,4.093609285421e-02
8.789062781262e+00,3.593750115000e-01,3.573326401584e-02
8.789062781265e+00,3.906250125000e-01,2.948678607990e-02
8.789062781267e+00,4.218750135000e-01,2.184800816996e-02
8.789062781270e+00,4.531250145000e-01,1.229352486010e-02
8.789062781273e+00,4.843750155000e-01,2.396877985801e-15
8.822544925160e+00,1.562500049999e-02,6.690179651847e-02
8.822544925163e+00,4.687500149998e-02,6.542119257035e-02
8.822544925166e+00,7.812500249997e-02,6.379190068884e-02
8.822544925168e+00,1.093750034999e-01,6.199041537486e-02
8.822544925171e+00,1.406250044999e-01,5.998800209288e-02
8.822544925174e+00,1.718750054999e-01,5.774915753886e-02
8.822544925177e+00,2.031250064999e-01,5.522949179825e-02
8.822544925179e+00,2.343750074999e-01,5.237276225561e-02
8.822544925182e+00,2.656250084999e-01,4.910663453544e-02
8.822544925185e+00,2.968750094999e-01,4.533648399124e-02
8.822544925188e+00,3.281250105000e-01,4.093609285421e-02
8.822544925190e+00,3.593750115000e-01,3.573326401584e-02
8.822544925193e+00,3.906250125000e-01,2.948678607990e-02
8.822544925196e+00,4.218750135000e-01,2.184800816996e-02
8.822544925199e+00,4.531250145000e-01,1.229352486010e-02
8.822544925201e+00,4.843750155000e-01,2.496747901876e-17
8.856027069089e+00,1.562500049999e-02,6.690179651847e-02
8.856027069091e+00,4.687500149998e-02,6.542119257035e-02
8.856027069094e+00,7.812500249997e-02,6.379190068884e-02
8.856027069097e+00,1.093750034999e-01,6.199041537486e-02
8.856027069100e+00,1.406250044999e-01,5.998800209288e-02
8.856027069103e+00,1.718750054999e-01,5.774915753886e-02
8.856027069105e+00,2.031250064999e-01,5.522949179825e-02
8.856027069108e+00,2.343750074999e-01,5.237276225561e-02
8.856027069111e+00,2.656250084999e-01,4.910663453544e-02
8.856027069113e+00,2.968750094999e-01,4.533648399124e-02
8.856027069116e+00,3.281250105000e-01,4.093609285421e-02
8.856027069119e+00,3.593750115000e-01,3.573326401584e-02
8.856027069122e+00,3.906250125000e-01,2.948678607990e-02
8.856027069124e+00,4.218750135000e-01,2.184800816996e-02
8.856027069127e+00,4.531250145000e-01,1.229352486010e-02
8.856027069130e+00,4.843750155000e-01,7.993493502629e-16
8.889509213018e+00,1.562500049999e-02,6.690179651847e-02
8.889509213020e+00,4.687500149998e-02,6.542119257035e-02
8.889509213023e+00,7.812500249997e-02,6.379190068884e-02
8.889509213026e+00,1.093750034999e-01,6.199041537486e-02
8.889509213028e+00,1.406250044999e-01,5.998800209288e-02
8.889509213031e+00,1.718750054999e-01,5.774915753886e-02
8.889509213034e+00,2.031250064999e-01,5.522949179825e-02
8.889509213037e+00,2.343750074999e-01,5.237276225561e-02
8.889509213039e+00,2.656250084999e-01,4.910663453544e-02
8.889509213042e+00,2.968750094999e-01,4.533648399124e-02
8.889509213045e+00,3.281250105000e-01,4.093609285422e-02
8.889509213047e+00,3.593750115000e-01,3.573326401584e-02
8.889509213050e+00,3.906250125000e-01,2.948678607990e-02
8.889509213053e+00,4.218750135000e-01,2.184800816996e-02
8.889509213056e+00,4.531250145000e-01,1.229352486010e-02
8.889509213058e+00,4.843750155000e-01,7.993493502629e-16
8.922991356946e+00,1.562500049999e-02,6.690179651847e-02
8.922991356949e+00,4.687500149998e-02,6.542119257035e-02
8.922991356952e+00,7.812500249996e-02,6.379190068884e-02
8.922991356954e+00,1.093750034999e-01,6.199041537486e-02
8.922991356957e+00,1.406250044999e-01,5.998800209288e-02
8.922991356960e+00,1.718750054999e-01,5.774915753886e-02
8.922991356963e+00,2.031250064999e-01,5.522949179825e-02
8.922991356965e+00,2.343750074999e-01,5.237276225561e-02
8.922991356968e+00,2.656250084999e-01,4.910663453544e-02
8.922991356971e+00,2.968750094999e-01,4.533648399124e-02
8.922991356973e+00,3.281250105000e-01,4.093609285422e-02
8.922991356976e+00,3.593750115000e-01,3.573326401584e-02
8.922991356979e+00,3.906250125000e-01,2.948678607990e-02
8.922991356981e+00,4.218750135000e-01,2.184800816996e-02
8.922991356984e+00,4.531250145000e-01,1.229352486010e-02
8.922991356987e+00,4.843750155000e-01,4.993495803751e-17
8.956473500875e+00,1.562500049999e-02,6.690179651847e-02
8.956473500878e+00,4.687500149998e-02,6.542119257035e-02
8.956473500880e+00,7.812500249996e-02,6.379190068884e-02
8.956473500883e+00,1.093750034999e-01,6.199041537486e-02
8.956473500886e+00,1.406250044999e-01,5.998800209288e-02
8.956473500888e+00,1.718750054999e-01,5.774915753886e-02
8.956473500891e+00,2.031250064999e-01,5.522949179825e-02
8.956473500894e+00,2.343750074999e-01,5.237276225561e-02
8.956473500897e+00,2.656250084999e-01,4.910663453544e-02
8.956473500899e+00,2.968750094999e-01,4.533648399124e-02
8.956473500902e+00,3.281250105000e-01,4.093609285422e-02
8.956473500904e+00,3.593750115000e-01,3.573326401584e-02
8.956473500907e+00,3.906250125000e-01,2.948678607990e-02
8.956473500910e+00,4.218750135000e-01,2.184800816996e-02
8.956473500913e+00,4.531250145000e-01,1.229352486010e-02
8.956473500915e+00,4.843750155000e-01,1.597918657201e-15
8.989955644804e+00,1.562500049999e-02,6.690179651847e-02
8.989955644806e+00,4.687500149998e-02,6.542119257035e-02
8.989955644809e+00,7.812500249996e-02,6.379190068884e-02
8.989955644812e+00,1.093750034999e-01,6.199041537486e-02
8.989955644814e+00,1.406250044999e-01,5.998800209288e-02
8.989955644817e+00,1.718750054999e-01,5.774915753886e-02
8.989955644820e+00,2.031250064999e-01,5.522949179825e-02
8.989955644822e+00,2.343750074999e-01,5.237276225561e-02
8.989955644825e+00,2.656250084999e-01,4.910663453544e-02
8.989955644828e+00,2.968750094999e-01,4.533648399124e-02
8.989955644830e+00,3.281250105000e-01,4.093609285422e-02
8.989955644833e+00,3.593750115000e-01,3.573326401584e-02
8.989955644836e+00,3.906250125000e-01,2.948678607990e-02
8.989955644838e+00,4.218750135000e-01,2.184800816996e-02
8.989955644841e+00,4.531250145000e-01,1.229352486010e-02
8.989955644844e+00,4.843750155000e-01,2.496747901876e-17
9.023437788732e+00,1.562500049999e-02,6.690179651847e-02
9.023437788735e+00,4.687500149998e-02,6.542119257035e-02
9.023437788738e+00,7.812500249996e-02,6.379190068884e-02
9.023437788740e+00,1.093750034999e-01,6.199041537486e-02
9.023437788743e+00,1.406250044999e-01,5.998800209288e-02
9.023437788746e+00,1.718750054999e-01,5.774915753886e-02
9.023437788748e+00,2.031250064999e-01,5.522949179825e-02
9.023437788751e+00,2.343750074999e-01,5.237276225561e-02
9.023437788754e+00,2.656250084999e-01,4.910663453544e-02
9.023437788756e+00,2.968750094999e-01,4.533648399124e-02
9.023437788759e+00,3.281250104999e-01,4.093609285422e-02
9.023437788762e+00,3.593750115000e-01,3.573326401584e-02
9.023437788764e+00,3.906250125000e-01,2.948678607990e-02
9.023437788767e+00,4.218750135000e-01,2.184800816996e-02
9.023437788770e+00,4.531250145000e-01,1.229352486010e-02
9.023437788772e+00,4.843750155000e-01,7.993493502629e-16
9.056919932661e+00,1.562500049999e-02,6.690179651847e-02
9.056919932664e+00,4.687500149998e-02,6.542119257035e-02
9.056919932666e+00,7.812500249996e-02,6.379190068884e-02
9.056919932669e+00,1.093750034999e-01,6.199041537486e-02
9.056919932672e+00,1.406250044999e-01,5.998800209288e-02
9.056919932674e+00,1.718750054999e-01,5.774915753886e-02
9.056919932677e+00,2.031250064999e-01,5.522949179825e-02
9.056919932680e+00,2.343750074999e-01,5.237276225561e-02
9.056919932682e+00,2.656250084999e-01,4.910663453544e-02
9.056919932685e+00,2.968750094999e-01,4.533648399124e-02
9.056919932687e+00,3.281250104999e-01,4.093609285422e-02
9.056919932690e+00,3.593750115000e-01,3.573326401584e-02
9.056919932693e+00,3.906250125000e-01,2.948678607990e-02
9.056919932695e+00,4.218750135000e-01,2.184800816996e-02
9.056919932698e+00,4.531250145000e-01,1.229352486010e-02
9.056919932701e+00,4.843750155000e-01,2.396877985801e-15
9.090402076590e+00,1.562500049999e-02,6.690179651847e-02
9.090402076593e+00,4.687500149998e-02,6.542119257035e-02
9.090402076595e+00,7.812500249996e-02,6.379190068884e-02
9.090402076598e+00,1.093750034999e-01,6.199041537486e-02
9.090402076600e+00,1.406250044999e-01,5.998800209288e-02
9.090402076603e+00,1.718750054999e-01,5.774915753886e-02
9.090402076606e+00,2.031250064999e-01,5.522949179825e-02
9.090402076608e+00,2.343750074999e-01,5.237276225561e-02
9.090402076611e+00,2.656250084999e-01,4.910663453544e-02
9.090402076613e+00,2.968750094999e-01,4.533648399124e-02
9.090402076616e+00,3.281250104999e-01,4.093609285422e-02
9.090402076619e+00,3.593750115000e-01,3.573326401584e-02
9.090402076621e+00,3.906250125000e-01,2.948678607990e-02
9.090402076624e+00,4.218750135000e-01,2.184800816996e-02
9.090402076626e+00,4.531250145000e-01,1.229352486010e-02
9.090402076629e+00,4.843750155000e-01,4.793820990637e-15
9.123884220519e+00,1.562500049999e-02,6.690179651847e-02
9.123884220521e+00,4.687500149998e-02,6.542119257035e-02
9.123884220524e+00,7.812500249996e-02,6.379190068884e-02
9.123884220527e+00,1.093750034999e-01,6.199041537486e-02
9.123884220529e+00,1.406250044999e-01,5.998800209288e-02
9.123884220532e+00,1.718750054999e-01,5.774915753886e-02
9.123884220534e+00,2.031250064999e-01,5.522949179825e-02
9.123884220537e+00,2.343750074999e-01,5.237276225561e-02
9.123884220539e+00,2.656250084999e-01,4.910663453544e-02
9.123884220542e+00,2.968750094999e-01,4.533648399124e-02
9.123884220545e+00,3.281250104999e-01,4.093609285422e-02
9.123884220547e+00,3.593750114999e-01,3.573326401584e-02
9.123884220550e+00,3.906250125000e-01,2.948678607990e-02
9.123884220552e+00,4.218750135000e-01,2.184800816996e-02
9.123884220555e+00,4.531250145000e-01,1.229352486010e-02
9.123884220557e+00,4.843750155000e-01,2.496747901876e-17
9.157366364447e+00,1.562500049999e-02,6.690179651847e-02
9.157366364450e+00,4.687500149998e-02,6.542119257035e-02
9.157366364453e+00,7.812500249996e-02,6.379190068884e-02
9.157366364455e+00,1.093750034999e-01,6.199041537486e-02
9.157366364458e+00,1.406250044999e-01,5.998800209288e-02
9.157366364460e+00,1.718750054999e-01,5.774915753886e-02
9.157366364463e+00,2.031250064999e-01,5.522949179825e-02
9.157366364465e+00,2.343750074999e-01,5.237276225561e-02
9.157366364468e+00,2.656250084999e-01,4.910663453544e-02
9.157366364471e+00,2.968750094999e-01,4.533648399124e-02
9.157366364473e+00,3.281250104999e-01,4.093609285422e-02
9.157366364476e+00,3.593750114999e-01,3.573326401584e-02
9.157366364478e+00,3.906250125000e-01,2.948678607990e-02
9.157366364481e+00,4.218750135000e-01,2.184800816997e-02
9.157366364483e+00,4.531250145000e-01,1.229352486010e-02
9.157366364486e+00,4.843750155000e-01,7.993493502629e-16
9.190848508376e+00,1.562500049999e-02,6.690179651847e-02
9.190848508379e+00,4.687500149998e-02,6.542119257035e-02
9.190848508381e+00,7.812500249996e-02,6.379190068884e-02
9.190848508384e+00,1.093750034999e-01,6.199041537486e-02
9.190848508386e+00,1.406250044999e-01,5.998800209288e-02
9.190848508389e+00,1.718750054999e-01,5.774915753886e-02
9.190848508392e+00,2.031250064999e-01,5.522949179825e-02
9.190848508394e+00,2.343750074999e-01,5.237276225561e-02
9.190848508397e+00,2.656250084999e-01,4.910663453544e-02
9.190848508399e+00,2.968750094999e-01,4.533648399124e-02
9.190848508402e+00,3.281250104999e-01,4.093609285422e-02
9.190848508404e+00,3.593750114999e-01,3.573326401584e-02
9.190848508407e+00,3.906250125000e-01,2.948678607990e-02
9.190848508409e+00,4.218750135000e-01,2.184800816997e-02
9.190848508412e+00,4.531250145000e-01,1.229352486010e-02
9.190848508414e+00,4.843750155000e-01,1.598698700526e-15
9.224330652305e+00,1.562500049999e-02,6.690179651847e-02
9.224330652308e+00,4.687500149998e-02,6.542119257035e-02
9.224330652310e+00,7.812500249996e-02,6.379190068884e-02
9.224330652313e+00,1.093750034999e-01,6.199041537486e-02
9.224330652315e+00,1.406250044999e-01,5.998800209288e-02
9.224330652318e+00,1.718750054999e-01,5.774915753886e-02
9.224330652320e+00,2.031250064999e-01,5.522949179825e-02
9.224330652323e+00,2.343750074999e-01,5.237276225561e-02
9.224330652325e+00,2.656250084999e-01,4.910663453544e-02
9.224330652328e+00,2.968750094999e-01,4.533648399124e-02
9.224330652330e+00,3.281250104999e-01,4.093609285422e-02
9.224330652333e+00,3.593750114999e-01,3.573326401584e-02
9.224330652335e+00,3.906250125000e-01,2.948678607990e-02
9.224330652338e+00,4.218750135000e-01,2.184800816997e-02
9.224330652340e+00,4.531250145000e-01,1.229352486010e-02
9.224330652343e+00,4.843750155000e-01,1.598113703726e-15
9.257812796234e+00,1.562500049999e-02,6.690179651847e-02
9.257812796236e+00,4.687500149998e-02,6.542119257035e-02
9.257812796239e+00,7.812500249996e-02,6.379190068884e-02
9.257812796241e+00,1.093750034999e-01,6.199041537486e-02
9.257812796244e+00,1.406250044999e-01,5.998800209288e-02
9.257812796246e+00,1.718750054999e-01,5.774915753886e-02
9.257812796249e+00,2.031250064999e-01,5.522949179825e-02
9.257812796251e+00,2.343750074998e-01,5.237276225561e-02
9.257812796254e+00,2.656250084999e-01,4.910663453544e-02
9.257812796256e+00,2.968750094999e-01,4.533648399124e-02
9.257812796259e+00,3.281250104999e-01,4.093609285422e-02
9.257812796261e+00,3.593750114999e-01,3.573326401586e-02
9.257812796264e+00,3.906250125000e-01,2.948678607990e-02
9.257812796266e+00,4.218750135000e-01,2.184800816997e-02
9.257812796269e+00,4.531250145000e-01,1.229352486010e-02
9.257812796271e+00,4.843750155000e-01,7.490243705628e-17
9.291294940163e+00,1.562500049999e-02,6.690179651847e-02
9.291294940165e+00,4.687500149998e-02,6.542119257035e-02
9.291294940168e+00,7.812500249996e-02,6.379190068884e-02
9.291294940170e+00,1.093750034999e-01,6.199041537486e-02
9.291294940173e+00,1.406250044999e-01,5.998800209288e-02
9.291294940175e+00,1.718750054999e-01,5.774915753886e-02
9.291294940177e+00,2.031250064999e-01,5.522949179825e-02
9.291294940180e+00,2.343750074998e-01,5.237276225561e-02
9.291294940182e+00,2.656250084999e-01,4.910663453544e-02
9.291294940185e+00,2.968750094999e-01,4.533648399124e-02
9.291294940187e+00,3.281250104999e-01,4.093609285422e-02
9.291294940190e+00,3.593750114999e-01,3.573326401586e-02
9.291294940192e+00,3.906250125000e-01,2.948678607990e-02
9.291294940195e+00,4.218750135000e-01,2.184800816997e-02
9.291294940197e+00,4.531250145000e-01,1.229352486010e-02
9.291294940200e+00,4.843750155000e-01,2.396877985801e-15
9.324777084091e+00,1.562500049999e-02,6.690179651847e-02
9.324777084094e+00,4.687500149998e-02,6.542119257035e-02
9.324777084096e+00,7.812500249996e-02,6.379190068884e-02
9.324777084099e+00,1.093750034999e-01,6.199041537486e-02
9.324777084101e+00,1.406250044999e-01,5.998800209288e-02
9.324777084104e+00,1.718750054999e-01,5.774915753886e-02
9.324777084106e+00,2.031250064999e-01,5.522949179825e-02
9.324777084109e+00,2.343750074998e-01,5.237276225561e-02
9.324777084111e+00,2.656250084999e-01,4.910663453544e-02
9.324777084113e+00,2.968750094999e-01,4.533648399124e-02
9.324777084116e+00,3.281250104999e-01,4.093609285422e-02
9.324777084118e+00,3.593750114999e-01,3.573326401586e-02
9.324777084121e+00,3.906250125000e-01,2.948678607990e-02
9.324777084123e+00,4.218750135000e-01,2.184800816997e-02
9.324777084126e+00,4.531250145000e-01,1.229352486010e-02
9.324777084128e+00,4.843750155000e-01,0.000000000000e+00
9.358259228020e+00,1.562500049999e-02,6.690179651847e-02
9.358259228023e+00,4.687500149998e-02,6.542119257035e-02
9.358259228025e+00,7.812500249996e-02,6.379190068884e-02
9.358259228027e+00,1.093750034999e-01,6.199041537486e-02
9.358259228030e+00,1.406250044999e-01,5.998800209288e-02
9.358259228032e+00,1.718750054999e-01,5.774915753886e-02
9.358259228035e+00,2.031250064998e-01,5.522949179825e-02
9.358259228037e+00,2.343750074998e-01,5.237276225561e-02
9.358259228040e+00,2.656250084999e-01,4.910663453544e-02
9.358259228042e+00,2.968750094999e-01,4.533648399124e-02
9.358259228044e+00,3.281250104999e-01,4.093609285422e-02
9.358259228047e+00,3.593750114999e-01,3.573326401586e-02
9.358259228049e+00,3.906250125000e-01,2.948678607990e-02
9.358259228052e+00,4.218750135000e-01,2.184800816997e-02
9.358259228054e+00,4.531250145000e-01,1.229352486010e-02
9.358259228057e+00,4.843750155000e-01,4.793755971601e-15
9.391741371949e+00,1.562500049999e-02,6.690179651847e-02
9.391741371951e+00,4.687500149998e-02,6.542119257035e-02
9.391741371954e+00,7.812500249996e-02,6.379190068884e-02
9.391741371956e+00,1.093750034999e-01,6.199041537486e-02
9.391741371958e+00,1.406250044999e-01,5.998800209288e-02
9.391741371961e+00,1.718750054999e-01,5.774915753886e-02
9.391741371963e+00,2.031250064998e-01,5.522949179825e-02
9.391741371966e+00,2.343750074998e-01,5.237276225561e-02
9.391741371968e+00,2.656250084999e-01,4.910663453544e-02
9.391741371971e+00,2.968750094999e-01,4.533648399124e-02
9.391741371973e+00,3.281250104999e-01,4.093609285422e-02
9.391741371975e+00,3.593750114999e-01,3.573326401586e-02
9.391741371978e+00,3.906250125000e-01,2.948678607990e-02
9.391741371980e+00,4.218750135000e-01,2.184800816997e-02
9.391741371983e+00,4.531250145000e-01,1.229352486010e-02
9.391741371985e+00,4.843750155000e-01,1.599673219788e-15
9.425223515878e+00,1.562500049999e-02,6.690179651847e-02
9.425223515880e+00,4.687500149998e-02,6.542119257035e-02
9.425223515882e+00,7.812500249996e-02,6.379190068884e-02
9.425223515885e+00,1.093750034999e-01,6.199041537486e-02
9.425223515887e+00,1.406250044999e-01,5.998800209288e-02
9.425223515890e+00,1.718750054999e-01,5.774915753886e-02
9.425223515892e+00,2.031250064998e-01,5.522949179825e-02
9.425223515894e+00,2.343750074998e-01,5.237276225561e-02
9.425223515897e+00,2.656250084999e-01,4.910663453544e-02
9.425223515899e+00,2.968750094999e-01,4.533648399124e-02
9.425223515902e+00,3.281250104999e-01,4.093609285422e-02
9.425223515904e+00,3.593750114999e-01,3.573326401586e-02
9.425223515906e+00,3.906250125000e-01,2.948678607990e-02
9.425223515909e+00,4.218750135000e-01,2.184800816997e-02
9.425223515911e+00,4.531250145000e-01,1.229352486010e-02
9.425223515913e+00,4.843750155000e-01,2.397008021227e-15
9.458705659806e+00,1.562500049999e-02,6.690179651847e-02
9.458705659809e+00,4.687500149998e-02,6.542119257035e-02
9.458705659811e+00,7.812500249996e-02,6.379190068884e-02
9.458705659813e+00,1.093750034999e-01,6.199041537486e-02
9.458705659816e+00,1.406250044999e-01,5.998800209288e-02
9.458705659818e+00,1.718750054999e-01,5.774915753886e-02
9.458705659821e+00,2.031250064998e-01,5.522949179826e-02
9.458705659823e+00,2.343750074998e-01,5.237276225561e-02
9.458705659825e+00,2.656250084999e-01,4.910663453544e-02
9.458705659828e+00,2.968750094999e-01,4.533648399124e-02
9.458705659830e+00,3.281250104999e-01,4.093609285422e-02
9.458705659832e+00,3.593750114999e-01,3.573326401586e-02
9.458705659835e+00,3.906250125000e-01,2.948678607990e-02
9.458705659837e+00,4.218750135000e-01,2.184800816997e-02
9.458705659840e+00,4.531250145000e-01,1.229352486010e-02
9.458705659842e+00,4.843750155000e-01,3.195837314401e-15
9.492187803735e+00,1.562500049999e-02,6.690179651847e-02
9.492187803737e+00,4.687500149998e-02,6.542119257035e-02
9.492187803740e+00,7.812500249996e-02,6.379190068884e-02
9.492187803742e+00,1.093750034999e-01,6.199041537486e-02
9.492187803744e+00,1.406250044999e-01,5.998800209288e-02
9.492187803747e+00,1.718750054999e-01,5.774915753886e-02
9.492187803749e+00,2.031250064998e-01,5.522949179826e-02
9.492187803752e+00,2.343750074998e-01,5.237276225562e-02
9.492187803754e+00,2.656250084999e-01,4.910663453544e-02
9.492187803756e+00,2.968750094999e-01,4.533648399124e-02
9.492187803759e+00,3.281250104999e-01,4.093609285422e-02
9.492187803761e+00,3.593750114999e-01,3.573326401586e-02
9.492187803763e+00,3.906250125000e-01,2.948678607990e-02
9.492187803766e+00,4.218750135000e-01,2.184800816997e-02
9.492187803768e+00,4.531250145000e-01,1.229352486010e-02
9.492187803770e+00,4.843750155000e-01,2.398957706787e-15
9.525669947664e+00,1.562500049999e-02,6.690179651847e-02
9.525669947666e+00,4.687500149998e-02,6.542119257035e-02
9.525669947669e+00,7.812500249996e-02,6.379190068884e-02
9.525669947671e+00,1.093750034999e-01,6.199041537486e-02
9.525669947673e+00,1.406250044999e-01,5.998800209288e-02
9.525669947675e+00,1.718750054999e-01,5.774915753886e-02
9.525669947678e+00,2.031250064998e-01,5.522949179826e-02
9.525669947680e+00,2.343750074998e-01,5.237276225562e-02
9.525669947683e+00,2.656250084999e-01,4.910663453544e-02
9.525669947685e+00,2.968750094999e-01,4.533648399124e-02
9.525669947687e+00,3.281250104999e-01,4.093609285422e-02
9.525669947690e+00,3.593750114999e-01,3.573326401586e-02
9.525669947692e+00,3.906250125000e-01,2.948678607990e-02
9.525669947694e+00,4.218750135000e-01,2.184800816997e-02
9.525669947697e+00,4.531250145000e-01,1.229352486010e-02
9.525669947699e+00,4.843750155000e-01,7.490243705628e-17
9.559152091593e+00,1.562500049999e-02,6.690179651847e-02
9.559152091595e+00,4.687500149998e-02,6.542119257035e-02
9.559152091597e+00,7.812500249995e-02,6.379190068884e-02
9.559152091600e+00,1.093750034999e-01,6.199041537486e-02
9.559152091602e+00,1.406250044999e-01,5.998800209288e-02
9.559152091604e+00,1.718750054999e-01,5.774915753886e-02
9.559152091606e+00,2.031250064998e-01,5.522949179826e-02
9.559152091609e+00,2.343750074998e-01,5.237276225562e-02
9.559152091611e+00,2.656250084998e-01,4.910663453544e-02
9.559152091613e+00,2.968750094999e-01,4.533648399124e-02
9.559152091616e+00,3.281250104999e-01,4.093609285422e-02
9.559152091618e+00,3.593750114999e-01,3.573326401586e-02
9.559152091620e+00,3.906250125000e-01,2.948678607990e-02
9.559152091623e+00,4.218750135000e-01,2.184800816997e-02
9.559152091625e+00,4.531250145000e-01,1.229352486010e-02
9.559152091627e+00,4.843750155000e-01,2.397398085185e-15
9.592634235521e+00,1.562500049999e-02,6.690179651847e-02
9.592634235524e+00,4.687500149998e-02,6.542119257035e-02
9.592634235526e+00,7.812500249995e-02,6.379190068884e-02
9.592634235528e+00,1.093750034999e-01,6.199041537486e-02
9.592634235531e+00,1.406250044999e-01,5.998800209288e-02
9.592634235533e+00,1.718750054999e-01,5.774915753886e-02
9.592634235535e+00,2.031250064998e-01,5.522949179826e-02
9.592634235537e+00,2.343750074998e-01,5.237276225562e-02
9.592634235540e+00,2.656250084998e-01,4.910663453544e-02
9.592634235542e+00,2.968750094999e-01,4.533648399124e-02
9.592634235544e+00,3.281250104999e-01,4.093609285422e-02
9.592634235547e+00,3.593750114999e-01,3.573326401586e-02
9.592634235549e+00,3.906250125000e-01,2.948678607990e-02
9.592634235551e+00,4.218750135000e-01,2.184800816997e-02
9.592634235554e+00,4.531250145000e-01,1.229352486010e-02
9.592634235556e+00,4.843750155000e-01,7.989593286001e-16
9.626116379450e+00,1.562500049999e-02,6.690179651847e-02
9.626116379452e+00,4.687500149998e-02,6.542119257035e-02
9.626116379455e+00,7.812500249995e-02,6.379190068884e-02
9.626116379457e+00,1.093750034999e-01,6.199041537486e-02
9.626116379459e+00,1.406250044999e-01,5.998800209288e-02
9.626116379462e+00,1.718750054999e-01,5.774915753886e-02
9.626116379464e+00,2.031250064998e-01,5.522949179826e-02
9.626116379466e+00,2.343750074998e-01,5.237276225562e-02
9.626116379468e+00,2.656250084998e-01,4.910663453544e-02
9.626116379471e+00,2.968750094999e-01,4.533648399124e-02
9.626116379473e+00,3.281250104999e-01,4.093609285422e-02
9.626116379475e+00,3.593750114999e-01,3.573326401586e-02
9.626116379477e+00,3.906250125000e-01,2.948678607990e-02
9.626116379480e+00,4.218750135000e-01,2.184800816997e-02
9.626116379482e+00,4.531250145000e-01,1.229352486010e-02
9.626116379484e+00,4.843750155000e-01,8.005182751141e-16
9.659598523379e+00,1.562500049999e-02,6.690179651847e-02
9.659598523381e+00,4.687500149998e-02,6.542119257035e-02
9.659598523383e+00,7.812500249995e-02,6.379190068884e-02
9.659598523386e+00,1.093750034999e-01,6.199041537486e-02
9.659598523388e+00,1.406250044999e-01,5.998800209288e-02
9.659598523390e+00,1.718750054999e-01,5.774915753886e-02
9.659598523392e+00,2.031250064998e-01,5.522949179826e-02
9.659598523395e+00,2.343750074998e-01,5.237276225562e-02
9.659598523397e+00,2.656250084998e-01,4.910663453544e-02
9.659598523399e+00,2.968750094999e-01,4.533648399124e-02
9.659598523401e+00,3.281250104999e-01,4.093609285422e-02
9.659598523404e+00,3.593750114999e-01,3.573326401586e-02
9.659598523406e+00,3.906250125000e-01,2.948678607990e-02
9.659598523408e+00,4.218750135000e-01,2.184800816997e-02
9.659598523410e+00,4.531250145000e-01,1.229352486010e-02
9.659598523413e+00,4.843750155000e-01,8.024626993413e-16
9.693080667308e+00,1.562500049999e-02,6.690179651847e-02
9.693080667310e+00,4.687500149998e-02,6.542119257035e-02
9.693080667312e+00,7.812500249995e-02,6.379190068884e-02
9.693080667314e+00,1.093750034999e-01,6.199041537486e-02
9.693080667317e+00,1.406250044999e-01,5.998800209288e-02
9.693080667319e+00,1.718750054999e-01,5.774915753886e-02
9.693080667321e+00,2.031250064998e-01,5.522949179826e-02
9.693080667323e+00,2.343750074998e-01,5.237276225562e-02
9.693080667325e+00,2.656250084998e-01,4.910663453544e-02
9.693080667328e+00,2.968750094999e-01,4.533648399124e-02
9.693080667330e+00,3.281250104999e-01,4.093609285422e-02
9.693080667332e+00,3.593750114999e-01,3.573326401586e-02
9.693080667334e+00,3.906250125000e-01,2.948678607990e-02
9.693080667337e+00,4.218750135000e-01,2.184800816997e-02
9.693080667339e+00,4.531250145000e-01,1.229352486010e-02
9.693080667341e+00,4.843750155000e-01,4.993495803751e-17
9.726562811236e+00,1.562500049999e-02,6.690179651847e-02
9.726562811239e+00,4.687500149997e-02,6.542119257035e-02
9.726562811241e+00,7.812500249995e-02,6.379190068884e-02
9.726562811243e+00,1.093750034999e-01,6.199041537486e-02
9.726562811245e+00,1.406250044999e-01,5.998800209288e-02
9.726562811247e+00,1.718750054999e-01,5.774915753886e-02
9.726562811250e+00,2.031250064998e-01,5.522949179826e-02
9.726562811252e+00,2.343750074998e-01,5.237276225562e-02
9.726562811254e+00,2.656250084998e-01,4.910663453544e-02
9.726562811256e+00,2.968750094999e-01,4.533648399124e-02
9.726562811258e+00,3.281250104999e-01,4.093609285422e-02
9.726562811261e+00,3.593750114999e-01,3.573326401586e-02
9.726562811263e+00,3.906250125000e-01,2.948678607990e-02
9.726562811265e+00,4.218750135000e-01,2.184800816997e-02
9.726562811267e+00,4.531250145000e-01,1.229352486010e-02
9.726562811270e+00,4.843750155000e-01,8.005182751141e-16
9.760044955165e+00,1.562500049999e-02,6.690179651847e-02
9.760044955167e+00,4.687500149997e-02,6.542119257035e-02
9.760044955169e+00,7.812500249995e-02,6.379190068884e-02
9.760044955172e+00,1.093750034999e-01,6.199041537486e-02
9.760044955174e+00,1.406250044999e-01,5.998800209288e-02
9.760044955176e+00,1.718750054998e-01,5.774915753886e-02
9.760044955178e+00,2.031250064998e-01,5.522949179826e-02
9.760044955181e+00,2.343750074998e-01,5.237276225562e-02
9.760044955183e+00,2.656250084998e-01,4.910663453544e-02
9.760044955185e+00,2.968750094999e-01,4.533648399124e-02
9.760044955187e+00,3.281250104999e-01,4.093609285422e-02
9.760044955189e+00,3.593750114999e-01,3.573326401586e-02
9.760044955191e+00,3.906250125000e-01,2.948678607990e-02
9.760044955194e+00,4.218750135000e-01,2.184800816997e-02
9.760044955196e+00,4.531250145000e-01,1.229352486010e-02
9.760044955198e+00,4.843750155000e-01,3.195934842128e-15
9.793527099094e+00,1.562500049999e-02,6.690179651847e-02
9.793527099096e+00,4.687500149997e-02,6.542119257035e-02
9.793527099098e+00,7.812500249995e-02,6.379190068884e-02
9.793527099100e+00,1.093750034999e-01,6.199041537486e-02
9.793527099103e+00,1.406250044999e-01,5.998800209288e-02
9.793527099105e+00,1.718750054998e-01,5.774915753886e-02
9.793527099107e+00,2.031250064998e-01,5.522949179826e-02
9.793527099109e+00,2.343750074998e-01,5.237276225562e-02
9.793527099111e+00,2.656250084998e-01,4.910663453545e-02
9.793527099113e+00,2.968750094999e-01,4.533648399124e-02
9.793527099116e+00,3.281250104999e-01,4.093609285422e-02
9.793527099118e+00,3.593750114999e-01,3.573326401586e-02
9.793527099120e+00,3.906250125000e-01,2.948678607990e-02
9.793527099122e+00,4.218750135000e-01,2.184800816997e-02
9.793527099124e+00,4.531250145000e-01,1.229352486010e-02
9.793527099126e+00,4.843750155000e-01,7.993493502629e-16
9.827009243023e+00,1.562500049999e-02,6.690179651847e-02
9.827009243025e+00,4.687500149997e-02,6.542119257035e-02
9.827009243027e+00,7.812500249995e-02,6.379190068884e-02
9.827009243029e+00,1.093750034999e-01,6.199041537486e-02
9.827009243031e+00,1.406250044999e-01,5.998800209288e-02
9.827009243033e+00,1.718750054998e-01,5.774915753886e-02
9.827009243036e+00,2.031250064998e-01,5.522949179826e-02
9.827009243038e+00,2.343750074998e-01,5.237276225562e-02
9.827009243040e+00,2.656250084998e-01,4.910663453545e-02
9.827009243042e+00,2.968750094999e-01,4.533648399124e-02
9.827009243044e+00,3.281250104999e-01,4.093609285422e-02
9.827009243046e+00,3.593750114999e-01,3.573326401586e-02
9.827009243049e+00,3.906250125000e-01,2.948678607990e-02
9.827009243051e+00,4.218750135000e-01,2.184800816997e-02
9.827009243053e+00,4.531250145000e-01,1.229352486010e-02
9.827009243055e+00,4.843750155000e-01,2.496747901876e-17
9.860491386951e+00,1.562500049999e-02,6.690179651847e-02
9.860491386954e+00,4.687500149997e-02,6.542119257035e-02
9.860491386956e+00,7.812500249995e-02,6.379190068884e-02
9.860491386958e+00,1.093750034999e-01,6.199041537486e-02
9.860491386960e+00,1.406250044999e-01,5.998800209288e-02
9.860491386962e+00,1.718750054998e-01,5.774915753886e-02
9.860491386964e+00,2.031250064998e-01,5.522949179826e-02
9.860491386966e+00,2.343750074998e-01,5.237276225562e-02
9.860491386968e+00,2.656250084998e-01,4.910663453545e-02
9.860491386971e+00,2.968750094999e-01,4.533648399124e-02
9.860491386973e+00,3.281250104999e-01,4.093609285422e-02
9.860491386975e+00,3.593750114999e-01,3.573326401586e-02
9.860491386977e+00,3.906250125000e-01,2.948678607990e-02
9.860491386979e+00,4.218750135000e-01,2.184800816997e-02
9.860491386981e+00,4.531250145000e-01,1.229352486010e-02
9.860491386983e+00,4.843750155000e-01,3.195837314401e-15
9.893973530880e+00,1.562500049999e-02,6.690179651847e-02
9.893973530882e+00,4.687500149997e-02,6.542119257035e-02
9.893973530884e+00,7.812500249995e-02,6.379190068884e-02
9.893973530887e+00,1.093750034999e-01,6.199041537486e-02
9.893973530889e+00,1.406250044999e-01,5.998800209288e-02
9.893973530891e+00,1.718750054998e-01,5.774915753886e-02
9.893973530893e+00,2.031250064998e-01,5.522949179826e-02
9.893973530895e+00,2.343750074998e-01,5.237276225562e-02
9.893973530897e+00,2.656250084998e-01,4.910663453545e-02
9.893973530899e+00,2.968750094999e-01,4.533648399124e-02
9.893973530901e+00,3.281250104999e-01,4.093609285422e-02
9.893973530903e+00,3.593750114999e-01,3.573326401586e-02
9.893973530905e+00,3.906250125000e-01,2.948678607990e-02
9.893973530908e+00,4.218750135000e-01,2.184800816997e-02
9.893973530910e+00,4.531250145000e-01,1.229352486010e-02
9.893973530912e+00,4.843750155000e-01,3.195934842128e-15
9.927455674809e+00,1.562500049999e-02,6.690179651847e-02
9.927455674811e+00,4.687500149997e-02,6.542119257035e-02
9.927455674813e+00,7.812500249995e-02,6.379190068884e-02
9.927455674815e+00,1.093750034999e-01,6.199041537486e-02
9.927455674817e+00,1.406250044999e-01,5.998800209288e-02
9.927455674819e+00,1.718750054998e-01,5.774915753886e-02
9.927455674822e+00,2.031250064998e-01,5.522949179826e-02
9.927455674824e+00,2.343750074998e-01,5.237276225562e-02
9.927455674826e+00,2.656250084998e-01,4.910663453545e-02
9.927455674828e+00,2.968750094999e-01,4.533648399124e-02
9.927455674830e+00,3.281250104999e-01,4.093609285422e-02
9.927455674832e+00,3.593750114999e-01,3.573326401586e-02
9.927455674834e+00,3.906250125000e-01,2.948678607990e-02
9.927455674836e+00,4.218750135000e-01,2.184800816997e-02
9.927455674838e+00,4.531250145000e-01,1.229352486010e-02
9.927455674840e+00,4.843750155000e-01,1.598113703726e-15
9.960937818738e+00,1.562500049999e-02,6.690179651847e-02
9.960937818740e+00,4.687500149997e-02,6.542119257035e-02
9.960937818742e+00,7.812500249995e-02,6.379190068884e-02
9.960937818744e+00,1.093750034999e-01,6.199041537486e-02
9.960937818746e+00,1.406250044999e-01,5.998800209288e-02
9.960937818748e+00,1.718750054998e-01,5.774915753886e-02
9.960937818750e+00,2.031250064998e-01,5.522949179826e-02
9.960937818752e+00,2.343750074998e-01,5.237276225562e-02
9.960937818754e+00,2.656250084998e-01,4.910663453545e-02
9.960937818756e+00,2.968750094999e-01,4.533648399124e-02
9.960937818758e+00,3.281250104999e-01,4.093609285422e-02
9.960937818760e+00,3.593750114999e-01,3.573326401586e-02
9.960937818763e+00,3.906250125000e-01,2.948678607990e-02
9.960937818765e+00,4.218750135000e-01,2.184800816997e-02
9.960937818767e+00,4.531250145000e-01,1.229352486010e-02
9.960937818769e+00,4.843750155000e-01,2.496747901876e-17
9.994419962666e+00,1.562500049999e-02,6.690179651847e-02
9.994419962669e+00,4.687500149997e-02,6.542119257035e-02
9.994419962671e+00,7.812500249995e-02,6.379190068884e-02
9.994419962673e+00,1.093750034999e-01,6.199041537486e-02
9.994419962675e+00,1.406250044999e-01,5.998800209288e-02
9.994419962677e+00,1.718750054998e-01,5.774915753886e-02
9.994419962679e+00,2.031250064998e-01,5.522949179826e-02
9.994419962681e+00,2.343750074998e-01,5.237276225562e-02
9.994419962683e+00,2.656250084998e-01,4.910663453545e-02
9.994419962685e+00,2.968750094999e-01,4.533648399124e-02
9.994419962687e+00,3.281250104999e-01,4.093609285422e-02
9.994419962689e+00,3.593750114999e-01,3.573326401586e-02
9.994419962691e+00,3.906250124999e-01,2.948678607990e-02
9.994419962693e+00,4.218750135000e-01,2.184800816997e-02
9.994419962695e+00,4.531250145000e-01,1.229352486010e-02
9.994419962697e+00,4.843750155000e-01,0.000000000000e+00
1.002790210660e+01,1.562500049999e-02,6.690179651847e-02
1.002790210660e+01,4.687500149997e-02,6.542119257035e-02
1.002790210660e+01,7.812500249995e-02,6.379190068884e-02
1.002790210660e+01,1.093750034999e-01,6.199041537486e-02
1.002790210660e+01,1.406250044999e-01,5.998800209288e-02
1.002790210660e+01,1.718750054998e-01,5.774915753886e-02
1.002790210661e+01,2.031250064998e-01,5.522949179826e-02
1.002790210661e+01,2.343750074998e-01,5.237276225562e-02
1.002790210661e+01,2.656250084998e-01,4.910663453545e-02
1.002790210661e+01,2.968750094999e-01,4.533648399124e-02
1.002790210662e+01,3.281250104999e-01,4.093609285422e-02
1.002790210662e+01,3.593750114999e-01,3.573326401586e-02
1.002790210662e+01,3.906250124999e-01,2.948678607990e-02
1.002790210662e+01,4.218750135000e-01,2.184800816997e-02
1.002790210662e+01,4.531250145000e-01,1.229352486010e-02
1.002790210663e+01,4.843750155000e-01,4.993495803751e-17
1.006138425052e+01,1.562500049999e-02,6.690179651847e-02
1.006138425053e+01,4.687500149997e-02,6.542119257035e-02
1.006138425053e+01,7.812500249995e-02,6.379190068884e-02
1.006138425053e+01,1.093750034999e-01,6.199041537486e-02
1.006138425053e+01,1.406250044999e-01,5.998800209288e-02
1.006138425053e+01,1.718750054998e-01,5.774915753886e-02
1.006138425054e+01,2.031250064998e-01,5.522949179826e-02
1.006138425054e+01,2.343750074998e-01,5.237276225562e-02
1.006138425054e+01,2.656250084998e-01,4.910663453545e-02
1.006138425054e+01,2.968750094999e-01,4.533648399124e-02
1.006138425054e+01,3.281250104999e-01,4.093609285422e-02
1.006138425055e+01,3.593750114999e-01,3.573326401586e-02
1.006138425055e+01,3.906250124999e-01,2.948678607990e-02
1.006138425055e+01,4.218750135000e-01,2.184800816997e-02
1.006138425055e+01,4.531250145000e-01,1.229352486010e-02
1.006138425055e+01,4.843750155000e-01,2.397008021227e-15
1.009486639445e+01,1.562500049999e-02,6.690179651847e-02
1.009486639445e+01,4.687500149997e-02,6.542119257035e-02
1.009486639446e+01,7.812500249995e-02,6.379190068884e-02
1.009486639446e+01,1.093750034999e-01,6.199041537486e-02
1.009486639446e+01,1.406250044999e-01,5.998800209288e-02
1.009486639446e+01,1.718750054998e-01,5.774915753886e-02
1.009486639447e+01,2.031250064998e-01,5.522949179826e-02
1.009486639447e+01,2.343750074998e-01,5.237276225562e-02
1.009486639447e+01,2.656250084998e-01,4.910663453545e-02
1.009486639447e+01,2.968750094999e-01,4.533648399124e-02
1.009486639447e+01,3.281250104999e-01,4.093609285422e-02
1.009486639447e+01,3.593750114999e-01,3.573326401586e-02
1.009486639448e+01,3.906250124999e-01,2.948678607990e-02
1.009486639448e+01,4.218750135000e-01,2.184800816997e-02
1.009486639448e+01,4.531250145000e-01,1.229352486010e-02
1.009486639448e+01,4.843750155000e-01,8.005182751141e-16
1.012834853838e+01,1.562500049999e-02,6.690179651847e-02
1.012834853838e+01,4.687500149997e-02,6.542119257035e-02
1.012834853838e+01,7.812500249994e-02,6.379190068884e-02
1.012834853839e+01,1.093750034999e-01,6.199041537486e-02
1.012834853839e+01,1.406250044999e-01,5.998800209288e-02
1.012834853839e+01,1.718750054998e-01,5.774915753887e-02
1.012834853839e+01,2.031250064998e-01,5.522949179826e-02
1.012834853840e+01,2.343750074998e-01,5.237276225562e-02
1.012834853840e+01,2.656250084998e-01,4.910663453545e-02
1.012834853840e+01,2.968750094999e-01,4.533648399124e-02
1.012834853840e+01,3.281250104999e-01,4.093609285422e-02
1.012834853840e+01,3.593750114999e-01,3.573326401586e-02
1.012834853840e+01,3.906250124999e-01,2.948678607990e-02
1.012834853841e+01,4.218750135000e-01,2.184800816997e-02
1.012834853841e+01,4.531250145000e-01,1.229352486010e-02
1.012834853841e+01,4.843750155000e-01,0.000000000000e+00
1.016183068231e+01,1.562500049999e-02,6.690179651847e-02
1.016183068231e+01,4.687500149997e-02,6.542119257035e-02
1.016183068231e+01,7.812500249994e-02,6.379190068884e-02
1.016183068232e+01,1.093750034999e-01,6.199041537486e-02
1.016183068232e+01,1.406250044999e-01,5.998800209288e-02
1.016183068232e+01,1.718750054998e-01,5.774915753887e-02
1.016183068232e+01,2.031250064998e-01,5.522949179826e-02
1.016183068232e+01,2.343750074998e-01,5.237276225562e-02
1.016183068233e+01,2.656250084998e-01,4.910663453545e-02
1.016183068233e+01,2.968750094999e-01,4.533648399124e-02
1.016183068233e+01,3.281250104999e-01,4.093609285422e-02
1.016183068233e+01,3.593750114999e-01,3.573326401586e-02
1.016183068233e+01,3.906250124999e-01,2.948678607990e-02
1.016183068234e+01,4.218750135000e-01,2.184800816997e-02
1.016183068234e+01,4.531250145000e-01,1.229352486010e-02
1.016183068234e+01,4.843750155000e-01,8.005182751141e-16
1.019531282624e+01,1.562500049999e-02,6.690179651847e-02
1.019531282624e+01,4.687500149997e-02,6.542119257035e-02
1.019531282624e+01,7.812500249994e-02,6.379190068884e-02
1.019531282625e+01,1.093750034999e-01,6.199041537486e-02
1.019531282625e+01,1.406250044999e-01,5.998800209288e-02
1.019531282625e+01,1.718750054998e-01,5.774915753887e-02
1.019531282625e+01,2.031250064998e-01,5.522949179826e-02
1.019531282625e+01,2.343750074998e-01,5.237276225562e-02
1.019531282625e+01,2.656250084998e-01,4.910663453545e-02
1.019531282626e+01,2.968750094999e-01,4.533648399124e-02
1.019531282626e+01,3.281250104999e-01,4.093609285422e-02
1.019531282626e+01,3.593750114999e-01,3.573326401586e-02
1.019531282626e+01,3.906250124999e-01,2.948678607990e-02
1.019531282626e+01,4.218750135000e-01,2.184800816997e-02
1.019531282627e+01,4.531250145000e-01,1.229352486010e-02
1.019531282627e+01,4.843750155000e-01,1.598113703726e-15
1.022879497017e+01,1.562500049999e-02,6.690179651847e-02
1.022879497017e+01,4.687500149997e-02,6.542119257035e-02
1.022879497017e+01,7.812500249994e-02,6.379190068884e-02
1.022879497017e+01,1.093750034999e-01,6.199041537486e-02
1.022879497018e+01,1.406250044999e-01,5.998800209288e-02
1.022879497018e+01,1.718750054998e-01,5.774915753887e-02
1.022879497018e+01,2.031250064998e-01,5.522949179826e-02
1.022879497018e+01,2.343750074998e-01,5.237276225562e-02
1.022879497018e+01,2.656250084998e-01,4.910663453545e-02
1.022879497018e+01,2.968750094999e-01,4.533648399124e-02
1.022879497019e+01,3.281250104999e-01,4.093609285422e-02
1.022879497019e+01,3.593750114999e-01,3.573326401586e-02
1.022879497019e+01,3.906250124999e-01,2.948678607990e-02
1.022879497019e+01,4.218750135000e-01,2.184800816997e-02
1.022879497019e+01,4.531250145000e-01,1.229352486010e-02
1.022879497020e+01,4.843750155000e-01,1.598698700526e-15
1.026227711410e+01,1.562500049999e-02,6.690179651847e-02
1.026227711410e+01,4.687500149997e-02,6.542119257035e-02
1.026227711410e+01,7.812500249994e-02,6.379190068884e-02
1.026227711410e+01,1.093750034999e-01,6.199041537486e-02
1.026227711410e+01,1.406250044999e-01,5.998800209288e-02
1.026227711411e+01,1.718750054998e-01,5.774915753887e-02
1.026227711411e+01,2.031250064998e-01,5.522949179826e-02
1.026227711411e+01,2.343750074998e-01,5.237276225562e-02
1.026227711411e+01,2.656250084998e-01,4.910663453545e-02
1.026227711411e+01,2.968750094999e-01,4.533648399124e-02
1.026227711411e+01,3.281250104999e-01,4.093609285422e-02
1.026227711412e+01,3.593750114999e-01,3.573326401586e-02
1.026227711412e+01,3.906250124999e-01,2.948678607990e-02
1.026227711412e+01,4.218750135000e-01,2.184800816997e-02
1.026227711412e+01,4.531250145000e-01,1.229352486010e-02
1.026227711413e+01,4.843750155000e-01,7.989593286001e-16
1.029575925803e+01,1.562500049999e-02,6.690179651847e-02
1.029575925803e+01,4.687500149997e-02,6.542119257035e-02
1.029575925803e+01,7.812500249994e-02,6.379190068884e-02
1.029575925803e+01,1.093750034999e-01,6.199041537486e-02
1.029575925803e+01,1.406250044999e-01,5.998800209288e-02
1.029575925803e+01,1.718750054998e-01,5.774915753887e-02
1.029575925804e+01,2.031250064998e-01,5.522949179826e-02
1.029575925804e+01,2.343750074998e-01,5.237276225562e-02
1.029575925804e+01,2.656250084998e-01,4.910663453545e-02
1.029575925804e+01,2.968750094999e-01,4.533648399124e-02
1.029575925804e+01,3.281250104999e-01,4.093609285422e-02
1.029575925805e+01,3.593750114999e-01,3.573326401586e-02
1.029575925805e+01,3.906250124999e-01,2.948678607990e-02
1.029575925805e+01,4.218750135000e-01,2.184800816997e-02
1.029575925805e+01,4.531250145000e-01,1.229352486010e-02
1.029575925805e+01,4.843750155000e-01,1.597918657201e-15
1.032924140195e+01,1.562500049999e-02,6.690179651847e-02
1.032924140196e+01,4.687500149997e-02,6.542119257035e-02
1.032924140196e+01,7.812500249994e-02,6.379190068884e-02
1.032924140196e+01,1.093750034999e-01,6.199041537486e-02
1.032924140196e+01,1.406250044999e-01,5.998800209288e-02
1.032924140196e+01,1.718750054998e-01,5.774915753887e-02
1.032924140196e+01,2.031250064998e-01,5.522949179826e-02
1.032924140197e+01,2.343750074998e-01,5.237276225562e-02
1.032924140197e+01,2.656250084998e-01,4.910663453545e-02
1.032924140197e+01,2.968750094998e-01,4.533648399124e-02
1.032924140197e+01,3.281250104999e-01,4.093609285422e-02
1.032924140197e+01,3.593750114999e-01,3.573326401586e-02
1.032924140198e+01,3.906250124999e-01,2.948678607991e-02
1.032924140198e+01,4.218750135000e-01,2.184800816997e-02
1.032924140198e+01,4.531250145000e-01,1.229352486010e-02
1.032924140198e+01,4.843750155000e-01,2.496747901876e-17
1.036272354588e+01,1.562500049999e-02,6.690179651847e-02
1.036272354589e+01,4.687500149997e-02,6.542119257035e-02
1.036272354589e+01,7.812500249994e-02,6.379190068884e-02
1.036272354589e+01,1.093750034999e-01,6.199041537486e-02
1.036272354589e+01,1.406250044999e-01,5.998800209288e-02
1.036272354589e+01,1.718750054998e-01,5.774915753887e-02
1.036272354589e+01,2.031250064998e-01,5.522949179826e-02
1.036272354590e+01,2.343750074998e-01,5.237276225562e-02
1.036272354590e+01,2.656250084998e-01,4.910663453545e-02
1.036272354590e+01,2.968750094998e-01,4.533648399124e-02
1.036272354590e+01,3.281250104999e-01,4.093609285422e-02
1.036272354590e+01,3.593750114999e-01,3.573326401586e-02
1.036272354591e+01,3.906250124999e-01,2.948678607991e-02
1.036272354591e+01,4.218750135000e-01,2.184800816997e-02
1.036272354591e+01,4.531250145000e-01,1.229352486010e-02
1.036272354591e+01,4.843750155000e-01,7.989593286001e-16
1.039620568981e+01,1.562500049999e-02,6.690179651847e-02
1.039620568981e+01,4.687500149997e-02,6.542119257035e-02
1.039620568981e+01,7.812500249994e-02,6.379190068884e-02
1.039620568982e+01,1.093750034999e-01,6.199041537486e-02
1.039620568982e+01,1.406250044999e-01,5.998800209288e-02
1.039620568982e+01,1.718750054998e-01,5.774915753887e-02
1.039620568982e+01,2.031250064998e-01,5.522949179826e-02
1.039620568982e+01,2.343750074998e-01,5.237276225562e-02
1.039620568983e+01,2.656250084998e-01,4.910663453545e-02
1.039620568983e+01,2.968750094998e-01,4.533648399124e-02
1.039620568983e+01,3.281250104999e-01,4.093609285422e-02
1.039620568983e+01,3.593750114999e-01,3.573326401586e-02
1.039620568983e+01,3.906250124999e-01,2.948678607991e-02
1.039620568983e+01,4.218750135000e-01,2.184800816997e-02
1.039620568984e+01,4.531250145000e-01,1.229352486010e-02
1.039620568984e+01,4.843750155000e-01,4.993495803751e-17
1.042968783374e+01,1.562500049999e-02,6.690179651847e-02
1.042968783374e+01,4.687500149997e-02,6.542119257035e-02
1.042968783374e+01,7.812500249994e-02,6.379190068884e-02
1.042968783375e+01,1.093750034999e-01,6.199041537486e-02
1.042968783375e+01,1.406250044999e-01,5.998800209288e-02
1.042968783375e+01,1.718750054998e-01,5.774915753887e-02
1.042968783375e+01,2.031250064998e-01,5.522949179826e-02
1.042968783375e+01,2.343750074998e-01,5.237276225562e-02
1.042968783376e+01,2.656250084998e-01,4.910663453545e-02
1.042968783376e+01,2.968750094998e-01,4.533648399124e-02
1.042968783376e+01,3.281250104999e-01,4.093609285422e-02
1.042968783376e+01,3.593750114999e-01,3.573326401586e-02
1.042968783376e+01,3.906250124999e-01,2.948678607991e-02
1.042968783376e+01,4.218750135000e-01,2.184800816997e-02
1.042968783376e+01,4.531250145000e-01,1.229352486010e-02
1.042968783377e+01,4.843750155000e-01,7.989593286001e-16
1.046316997767e+01,1.562500049999e-02,6.690179651847e-02
1.046316997767e+01,4.687500149997e-02,6.542119257035e-02
1.046316997767e+01,7.812500249994e-02,6.379190068884e-02
1.046316997767e+01,1.093750034999e-01,6.199041537486e-02
1.046316997768e+01,1.406250044999e-01,5.998800209288e-02
1.046316997768e+01,1.718750054998e-01,5.774915753887e-02
1.046316997768e+01,2.031250064998e-01,5.522949179826e-02
1.046316997768e+01,2.343750074998e-01,5.237276225562e-02
1.046316997768e+01,2.656250084998e-01,4.910663453545e-02
1.046316997769e+01,2.968750094998e-01,4.533648399124e-02
1.046316997769e+01,3.281250104999e-01,4.093609285422e-02
1.046316997769e+01,3.593750114999e-01,3.573326401586e-02
1.046316997769e+01,3.906250124999e-01,2.948678607991e-02
1.046316997769e+01,4.218750135000e-01,2.184800816997e-02
1.046316997769e+01,4.531250145000e-01,1.229352486010e-02
1.046316997769e+01,4.843750155000e-01,4.793820990637e-15
1.049665212160e+01,1.562500049999e-02,6.690179651847e-02
1.049665212160e+01,4.687500149997e-02,6.542119257035e-02
1.049665212160e+01,7.812500249994e-02,6.379190068884e-02
1.049665212160e+01,1.093750034999e-01,6.199041537486e-02
1.049665212161e+01,1.406250044999e-01,5.998800209288e-02
1.049665212161e+01,1.718750054998e-01,5.774915753887e-02
1.049665212161e+01,2.031250064998e-01,5.522949179826e-02
1.049665212161e+01,2.343750074998e-01,5.237276225562e-02
1.049665212161e+01,2.656250084998e-01,4.910663453545e-02
1.049665212161e+01,2.968750094998e-01,4.533648399125e-02
1.049665212161e+01,3.281250104999e-01,4.093609285422e-02
1.049665212162e+01,3.593750114999e-01,3.573326401586e-02
1.049665212162e+01,3.906250124999e-01,2.948678607991e-02
1.049665212162e+01,4.218750135000e-01,2.184800816997e-02
1.049665212162e+01,4.531250145000e-01,1.229352486010e-02
1.049665212162e+01,4.843750155000e-01,1.597918657201e-15
1.053013426553e+01,1.562500049999e-02,6.690179651847e-02
1.053013426553e+01,4.687500149997e-02,6.542119257035e-02
1.053013426553e+01,7.812500249994e-02,6.379190068884e-02
1.053013426553e+01,1.093750034999e-01,6.199041537486e-02
1.053013426553e+01,1.406250044998e-01,5.998800209288e-02
1.053013426554e+01,1.718750054998e-01,5.774915753887e-02
1.053013426554e+01,2.031250064998e-01,5.522949179826e-02
1.053013426554e+01,2.343750074998e-01,5.237276225562e-02
1.053013426554e+01,2.656250084998e-01,4.910663453545e-02
1.053013426554e+01,2.968750094998e-01,4.533648399125e-02
1.053013426554e+01,3.281250104999e-01,4.093609285422e-02
1.053013426554e+01,3.593750114999e-01,3.573326401586e-02
1.053013426555e+01,3.906250124999e-01,2.948678607991e-02
1.053013426555e+01,4.218750135000e-01,2.184800816997e-02
1.053013426555e+01,4.531250145000e-01,1.229352486010e-02
1.053013426555e+01,4.843750155000e-01,3.995108724299e-15
1.056361640945e+01,1.562500049999e-02,6.690179651847e-02
1.056361640946e+01,4.687500149997e-02,6.542119257035e-02
1.056361640946e+01,7.812500249994e-02,6.379190068884e-02
1.056361640946e+01,1.093750034999e-01,6.199041537486e-02
1.056361640946e+01,1.406250044998e-01,5.998800209288e-02
1.056361640946e+01,1.718750054998e-01,5.774915753887e-02
1.056361640947e+01,2.031250064998e-01,5.522949179826e-02
1.056361640947e+01,2.343750074998e-01,5.237276225562e-02
1.056361640947e+01,2.656250084998e-01,4.910663453545e-02
1.056361640947e+01,2.968750094998e-01,4.533648399125e-02
1.056361640947e+01,3.281250104999e-01,4.093609285422e-02
1.056361640947e+01,3.593750114999e-01,3.573326401586e-02
1.056361640948e+01,3.906250124999e-01,2.948678607991e-02
1.056361640948e+01,4.218750134999e-01,2.184800816997e-02
1.056361640948e+01,4.531250145000e-01,1.229352486010e-02
1.056361640948e+01,4.843750155000e-01,2.397008021227e-15
1.059709855338e+01,1.562500049999e-02,6.690179651847e-02
1.059709855339e+01,4.687500149997e-02,6.542119257035e-02
1.059709855339e+01,7.812500249994e-02,6.379190068884e-02
1.059709855339e+01,1.093750034999e-01,6.199041537486e-02
1.059709855339e+01,1.406250044998e-01,5.998800209288e-02
1.059709855339e+01,1.718750054998e-01,5.774915753887e-02
1.059709855339e+01,2.031250064998e-01,5.522949179826e-02
1.059709855340e+01,2.343750074998e-01,5.237276225562e-02
1.059709855340e+01,2.656250084998e-01,4.910663453545e-02
1.059709855340e+01,2.968750094998e-01,4.533648399125e-02
1.059709855340e+01,3.281250104999e-01,4.093609285422e-02
1.059709855340e+01,3.593750114999e-01,3.573326401586e-02
1.059709855340e+01,3.906250124999e-01,2.948678607991e-02
1.059709855341e+01,4.218750134999e-01,2.184800816997e-02
1.059709855341e+01,4.531250145000e-01,1.229352486010e-02
1.059709855341e+01,4.843750155000e-01,7.993493502629e-16
1.063058069731e+01,1.562500049999e-02,6.690179651847e-02
1.063058069731e+01,4.687500149997e-02,6.542119257035e-02
1.063058069732e+01,7.812500249993e-02,6.379190068884e-02
1.063058069732e+01,1.093750034999e-01,6.199041537486e-02
1.063058069732e+01,1.406250044998e-01,5.998800209288e-02
1.063058069732e+01,1.718750054998e-01,5.774915753887e-02
1.063058069732e+01,2.031250064998e-01,5.522949179826e-02
1.063058069732e+01,2.343750074998e-01,5.237276225562e-02
1.063058069733e+01,2.656250084998e-01,4.910663453545e-02
1.063058069733e+01,2.968750094998e-01,4.533648399125e-02
1.063058069733e+01,3.281250104999e-01,4.093609285422e-02
1.063058069733e+01,3.593750114999e-01,3.573326401586e-02
1.063058069733e+01,3.906250124999e-01,2.948678607991e-02
1.063058069733e+01,4.218750134999e-01,2.184800816997e-02
1.063058069734e+01,4.531250145000e-01,1.229352486010e-02
1.063058069734e+01,4.843750155000e-01,1.598113703726e-15
1.066406284124e+01,1.562500049999e-02,6.690179651847e-02
1.066406284124e+01,4.687500149997e-02,6.542119257035e-02
1.066406284125e+01,7.812500249993e-02,6.379190068884e-02
1.066406284125e+01,1.093750034999e-01,6.199041537486e-02
1.066406284125e+01,1.406250044998e-01,5.998800209288e-02
1.066406284125e+01,1.718750054998e-01,5.774915753887e-02
1.066406284125e+01,2.031250064998e-01,5.522949179826e-02
1.066406284125e+01,2.343750074997e-01,5.237276225562e-02
1.066406284125e+01,2.656250084998e-01,4.910663453545e-02
1.066406284126e+01,2.968750094998e-01,4.533648399125e-02
1.066406284126e+01,3.281250104999e-01,4.093609285422e-02
1.066406284126e+01,3.593750114999e-01,3.573326401586e-02
1.066406284126e+01,3.906250124999e-01,2.948678607991e-02
1.066406284126e+01,4.218750134999e-01,2.184800816997e-02
1.066406284127e+01,4.531250145000e-01,1.229352486010e-02
1.066406284127e+01,4.843750155000e-01,8.005182751141e-16
1.069754498517e+01,1.562500049999e-02,6.690179651847e-02
1.069754498517e+01,4.687500149996e-02,6.542119257035e-02
1.069754498517e+01,7.812500249993e-02,6.379190068885e-02
1.069754498517e+01,1.093750034999e-01,6.199041537486e-02
1.069754498518e+01,1.406250044998e-01,5.998800209288e-02
1.069754498518e+01,1.718750054998e-01,5.774915753887e-02
1.069754498518e+01,2.031250064998e-01,5.522949179826e-02
1.069754498518e+01,2.343750074997e-01,5.237276225562e-02
1.069754498518e+01,2.656250084998e-01,4.910663453545e-02
1.069754498519e+01,2.968750094998e-01,4.533648399125e-02
1.069754498519e+01,3.281250104999e-01,4.093609285422e-02
1.069754498519e+01,3.593750114999e-01,3.573326401586e-02
1.069754498519e+01,3.906250124999e-01,2.948678607991e-02
1.069754498519e+01,4.218750134999e-01,2.184800816997e-02
1.069754498519e+01,4.531250145000e-01,1.229352486010e-02
1.069754498519e+01,4.843750155000e-01,8.005182751141e-16
1.073102712910e+01,1.562500049999e-02,6.690179651847e-02
1.073102712910e+01,4.687500149996e-02,6.542119257035e-02
1.073102712910e+01,7.812500249993e-02,6.379190068885e-02
1.073102712910e+01,1.093750034999e-01,6.199041537486e-02
1.073102712910e+01,1.406250044998e-01,5.998800209288e-02
1.073102712911e+01,1.718750054998e-01,5.774915753887e-02
1.073102712911e+01,2.031250064998e-01,5.522949179826e-02
1.073102712911e+01,2.343750074997e-01,5.237276225562e-02
1.073102712911e+01,2.656250084998e-01,4.910663453545e-02
1.073102712911e+01,2.968750094998e-01,4.533648399125e-02
1.073102712912e+01,3.281250104999e-01,4.093609285422e-02
1.073102712912e+01,3.593750114999e-01,3.573326401586e-02
1.073102712912e+01,3.906250124999e-01,2.948678607991e-02
1.073102712912e+01,4.218750134999e-01,2.184800816997e-02
1.073102712912e+01,4.531250145000e-01,1.229352486010e-02
1.073102712912e+01,4.843750155000e-01,2.496747901876e-17
1.076450927303e+01,1.562500049999e-02,6.690179651847e-02
1.076450927303e+01,4.687500149996e-02,6.542119257035e-02
1.076450927303e+01,7.812500249993e-02,6.379190068885e-02
1.076450927303e+01,1.093750034999e-01,6.199041537486e-02
1.076450927303e+01,1.406250044998e-01,5.998800209288e-02
1.076450927304e+01,1.718750054998e-01,5.774915753887e-02
1.076450927304e+01,2.031250064998e-01,5.522949179826e-02
1.076450927304e+01,2.343750074997e-01,5.237276225562e-02
1.076450927304e+01,2.656250084998e-01,4.910663453545e-02
1.076450927304e+01,2.968750094998e-01,4.533648399125e-02
1.076450927304e+01,3.281250104998e-01,4.093609285422e-02
1.076450927305e+01,3.593750114999e-01,3.573326401586e-02
1.076450927305e+01,3.906250124999e-01,2.948678607991e-02
1.076450927305e+01,4.218750134999e-01,2.184800816997e-02
1.076450927305e+01,4.531250145000e-01,1.229352486010e-02
1.076450927305e+01,4.843750155000e-01,7.993493502629e-16
1.079799141696e+01,1.562500049999e-02,6.690179651847e-02
1.079799141696e+01,4.687500149996e-02,6.542119257035e-02
1.079799141696e+01,7.812500249993e-02,6.379190068885e-02
1.079799141696e+01,1.093750034999e-01,6.199041537486e-02
1.079799141696e+01,1.406250044998e-01,5.998800209289e-02
1.079799141696e+01,1.718750054998e-01,5.774915753887e-02
1.079799141697e+01,2.031250064998e-01,5.522949179826e-02
1.079799141697e+01,2.343750074997e-01,5.237276225563e-02
1.079799141697e+01,2.656250084998e-01,4.910663453545e-02
1.079799141697e+01,2.968750094998e-01,4.533648399125e-02
1.079799141697e+01,3.281250104998e-01,4.093609285422e-02
1.079799141697e+01,3.593750114999e-01,3.573326401586e-02
1.079799141697e+01,3.906250124999e-01,2.948678607991e-02
1.079799141698e+01,4.218750134999e-01,2.184800816997e-02
1.079799141698e+01,4.531250145000e-01,1.229352486010e-02
1.079799141698e+01,4.843750155000e-01,0.000000000000e+00
1.083147356088e+01,1.562500049999e-02,6.690179651847e-02
1.083147356089e+01,4.687500149996e-02,6.542119257035e-02
1.083147356089e+01,7.812500249993e-02,6.379190068885e-02
1.083147356089e+01,1.093750034999e-01,6.199041537486e-02
1.083147356089e+01,1.406250044998e-01,5.998800209289e-02
1.083147356089e+01,1.718750054998e-01,5.774915753887e-02
1.083147356090e+01,2.031250064998e-01,5.522949179826e-02
1.083147356090e+01,2.343750074997e-01,5.237276225563e-02
1.083147356090e+01,2.656250084998e-01,4.910663453545e-02
1.083147356090e+01,2.968750094998e-01,4.533648399125e-02
1.083147356090e+01,3.281250104998e-01,4.093609285422e-02
1.083147356090e+01,3.593750114999e-01,3.573326401586e-02
1.083147356090e+01,3.906250124999e-01,2.948678607991e-02
1.083147356090e+01,4.218750134999e-01,2.184800816997e-02
1.083147356091e+01,4.531250145000e-01,1.229352486010e-02
1.083147356091e+01,4.843750155000e-01,2.397008021227e-15
1.086495570481e+01,1.562500049999e-02,6.690179651847e-02
1.086495570482e+01,4.687500149996e-02,6.542119257035e-02
1.086495570482e+01,7.812500249993e-02,6.379190068885e-02
1.086495570482e+01,1.093750034999e-01,6.199041537486e-02
1.086495570482e+01,1.406250044998e-01,5.998800209289e-02
1.086495570482e+01,1.718750054998e-01,5.774915753887e-02
1.086495570482e+01,2.031250064998e-01,5.522949179826e-02
1.086495570483e+01,2.343750074997e-01,5.237276225563e-02
1.086495570483e+01,2.656250084998e-01,4.910663453545e-02
1.086495570483e+01,2.968750094998e-01,4.533648399125e-02
1.086495570483e+01,3.281250104998e-01,4.093609285422e-02
1.086495570483e+01,3.593750114999e-01,3.573326401586e-02
1.086495570483e+01,3.906250124999e-01,2.948678607991e-02
1.086495570483e+01,4.218750134999e-01,2.184800816997e-02
1.086495570483e+01,4.531250145000e-01,1.229352486010e-02
1.086495570484e+01,4.843750155000e-01,1.598113703726e-15
1.089843784874e+01,1.562500049999e-02,6.690179651847e-02
1.089843784874e+01,4.687500149996e-02,6.542119257035e-02
1.089843784875e+01,7.812500249993e-02,6.379190068885e-02
1.089843784875e+01,1.093750034999e-01,6.199041537486e-02
1.089843784875e+01,1.406250044998e-01,5.998800209289e-02
1.089843784875e+01,1.718750054998e-01,5.774915753887e-02
1.089843784875e+01,2.031250064998e-01,5.522949179826e-02
1.089843784875e+01,2.343750074997e-01,5.237276225563e-02
1.089843784875e+01,2.656250084998e-01,4.910663453545e-02
1.089843784876e+01,2.968750094998e-01,4.533648399125e-02
1.089843784876e+01,3.281250104998e-01,4.093609285422e-02
1.089843784876e+01,3.593750114999e-01,3.573326401586e-02
1.089843784876e+01,3.906250124999e-01,2.948678607991e-02
1.089843784876e+01,4.218750134999e-01,2.184800816997e-02
1.089843784876e+01,4.531250145000e-01,1.229352486010e-02
1.089843784877e+01,4.843750155000e-01,4.993495803751e-17
1.093191999267e+01,1.562500049999e-02,6.690179651847e-02
1.093191999267e+01,4.687500149996e-02,6.542119257035e-02
1.093191999268e+01,7.812500249993e-02,6.379190068885e-02
1.093191999268e+01,1.093750034999e-01,6.199041537486e-02
1.093191999268e+01,1.406250044998e-01,5.998800209289e-02
1.093191999268e+01,1.718750054998e-01,5.774915753887e-02
1.093191999268e+01,2.031250064998e-01,5.522949179826e-02
1.093191999268e+01,2.343750074997e-01,5.237276225563e-02
1.093191999268e+01,2.656250084998e-01,4.910663453545e-02
1.093191999268e+01,2.968750094998e-01,4.533648399125e-02
1.093191999269e+01,3.281250104998e-01,4.093609285422e-02
1.093191999269e+01,3.593750114999e-01,3.573326401586e-02
1.093191999269e+01,3.906250124999e-01,2.948678607991e-02
1.093191999269e+01,4.218750134999e-01,2.184800816997e-02
1.093191999269e+01,4.531250145000e-01,1.229352486010e-02
1.093191999269e+01,4.843750155000e-01,2.398957706787e-15
1.096540213660e+01,1.562500049999e-02,6.690179651847e-02
1.096540213660e+01,4.687500149996e-02,6.542119257035e-02
1.096540213660e+01,7.812500249993e-02,6.379190068885e-02
1.096540213661e+01,1.093750034999e-01,6.199041537486e-02
1.096540213661e+01,1.406250044998e-01,5.998800209289e-02
1.096540213661e+01,1.718750054998e-01,5.774915753887e-02
1.096540213661e+01,2.031250064998e-01,5.522949179826e-02
1.096540213661e+01,2.343750074997e-01,5.237276225563e-02
1.096540213661e+01,2.656250084998e-01,4.910663453545e-02
1.096540213661e+01,2.968750094998e-01,4.533648399125e-02
1.096540213661e+01,3.281250104998e-01,4.093609285422e-02
1.096540213662e+01,3.593750114999e-01,3.573326401586e-02
1.096540213662e+01,3.906250124999e-01,2.948678607991e-02
1.096540213662e+01,4.218750134999e-01,2.184800816997e-02
1.096540213662e+01,4.531250145000e-01,1.229352486010e-02
1.096540213662e+01,4.843750155000e-01,1.598113703726e-15
1.099888428053e+01,1.562500049999e-02,6.690179651847e-02
1.099888428053e+01,4.687500149996e-02,6.542119257035e-02
1.099888428053e+01,7.812500249993e-02,6.379190068885e-02
1.099888428053e+01,1.093750034999e-01,6.199041537486e-02
1.099888428054e+01,1.406250044998e-01,5.998800209289e-02
1.099888428054e+01,1.718750054998e-01,5.774915753887e-02
1.099888428054e+01,2.031250064997e-01,5.522949179826e-02
1.099888428054e+01,2.343750074997e-01,5.237276225563e-02
1.099888428054e+01,2.656250084998e-01,4.910663453545e-02
1.099888428054e+01,2.968750094998e-01,4.533648399125e-02
1.099888428054e+01,3.281250104998e-01,4.093609285422e-02
1.099888428054e+01,3.593750114999e-01,3.573326401586e-02
1.099888428055e+01,3.906250124999e-01,2.948678607991e-02
1.099888428055e+01,4.218750134999e-01,2.184800816997e-02
1.099888428055e+01,4.531250145000e-01,1.229352486010e-02
1.099888428055e+01,4.843750155000e-01,2.496747901876e-17
1.103236642446e+01,1.562500049999e-02,6.690179651847e-02
1.103236642446e+01,4.687500149996e-02,6.542119257035e-02
1.103236642446e+01,7.812500249993e-02,6.379190068885e-02
1.103236642446e+01,1.093750034999e-01,6.199041537486e-02
1.103236642446e+01,1.406250044998e-01,5.998800209289e-02
1.103236642446e+01,1.718750054998e-01,5.774915753887e-02
1.103236642447e+01,2.031250064997e-01,5.522949179826e-02
1.103236642447e+01,2.343750074997e-01,5.237276225563e-02
1.103236642447e+01,2.656250084998e-01,4.910663453545e-02
1.103236642447e+01,2.968750094998e-01,4.533648399125e-02
1.103236642447e+01,3.281250104998e-01,4.093609285422e-02
1.103236642447e+01,3.593750114999e-01,3.573326401586e-02
1.103236642448e+01,3.906250124999e-01,2.948678607991e-02
1.103236642448e+01,4.218750134999e-01,2.184800816997e-02
1.103236642448e+01,4.531250145000e-01,1.229352486010e-02
1.103236642448e+01,4.843750155000e-01,2.496747901876e-17
1.106584856839e+01,1.562500049999e-02,6.690179651847e-02
1.106584856839e+01,4.687500149996e-02,6.542119257035e-02
1.106584856839e+01,7.812500249993e-02,6.379190068885e-02
1.106584856839e+01,1.093750034999e-01,6.199041537486e-02
1.106584856839e+01,1.406250044998e-01,5.998800209289e-02
1.106584856839e+01,1.718750054998e-01,5.774915753887e-02
1.106584856839e+01,2.031250064997e-01,5.522949179826e-02
1.106584856840e+01,2.343750074997e-01,5.237276225563e-02
1.106584856840e+01,2.656250084998e-01,4.910663453545e-02
1.106584856840e+01,2.968750094998e-01,4.533648399125e-02
1.106584856840e+01,3.281250104998e-01,4.093609285422e-02
1.106584856840e+01,3.593750114999e-01,3.573326401586e-02
1.106584856840e+01,3.906250124999e-01,2.948678607991e-02
1.106584856841e+01,4.218750134999e-01,2.184800816997e-02
1.106584856841e+01,4.531250145000e-01,1.229352486010e-02
1.106584856841e+01,4.843750155000e-01,0.000000000000e+00
1.109933071232e+01,1.562500049999e-02,6.690179651847e-02
1.109933071232e+01,4.687500149996e-02,6.542119257035e-02
1.109933071232e+01,7.812500249993e-02,6.379190068885e-02
1.109933071232e+01,1.093750034999e-01,6.199041537486e-02
1.109933071232e+01,1.406250044998e-01,5.998800209289e-02
1.109933071232e+01,1.718750054998e-01,5.774915753887e-02
1.109933071232e+01,2.031250064997e-01,5.522949179826e-02
1.109933071232e+01,2.343750074997e-01,5.237276225563e-02
1.109933071233e+01,2.656250084997e-01,4.910663453545e-02
1.109933071233e+01,2.968750094998e-01,4.533648399125e-02
1.109933071233e+01,3.281250104998e-01,4.093609285422e-02
1.109933071233e+01,3.593750114999e-01,3.573326401586e-02
1.109933071233e+01,3.906250124999e-01,2.948678607991e-02
1.109933071233e+01,4.218750134999e-01,2.184800816997e-02
1.109933071234e+01,4.531250145000e-01,1.229352486010e-02
1.109933071234e+01,4.843750155000e-01,4.993495803751e-17
1.113281285624e+01,1.562500049999e-02,6.690179651847e-02
1.113281285624e+01,4.687500149996e-02,6.542119257035e-02
1.113281285625e+01,7.812500249993e-02,6.379190068885e-02
1.113281285625e+01,1.093750034999e-01,6.199041537486e-02
1.113281285625e+01,1.406250044998e-01,5.998800209289e-02
1.113281285625e+01,1.718750054998e-01,5.774915753887e-02
1.113281285625e+01,2.031250064997e-01,5.522949179826e-02
1.113281285625e+01,2.343750074997e-01,5.237276225563e-02
1.113281285626e+01,2.656250084997e-01,4.910663453545e-02
1.113281285626e+01,2.968750094998e-01,4.533648399125e-02
1.113281285626e+01,3.281250104998e-01,4.093609285422e-02
1.113281285626e+01,3.593750114999e-01,3.573326401586e-02
1.113281285626e+01,3.906250124999e-01,2.948678607991e-02
1.113281285626e+01,4.218750134999e-01,2.184800816997e-02
1.113281285626e+01,4.531250145000e-01,1.229352486010e-02
1.113281285626e+01,4.843750155000e-01,7.993493502629e-16
1.116629500017e+01,1.562500049999e-02,6.690179651847e-02
1.116629500017e+01,4.687500149996e-02,6.542119257035e-02
1.116629500018e+01,7.812500249993e-02,6.379190068885e-02
1.116629500018e+01,1.093750034999e-01,6.199041537486e-02
1.116629500018e+01,1.406250044998e-01,5.998800209289e-02
1.116629500018e+01,1.718750054998e-01,5.774915753887e-02
1.116629500018e+01,2.031250064997e-01,5.522949179826e-02
1.116629500018e+01,2.343750074997e-01,5.237276225563e-02
1.116629500018e+01,2.656250084997e-01,4.910663453545e-02
1.116629500019e+01,2.968750094998e-01,4.533648399125e-02
1.116629500019e+01,3.281250104998e-01,4.093609285422e-02
1.116629500019e+01,3.593750114999e-01,3.573326401586e-02
1.116629500019e+01,3.906250124999e-01,2.948678607991e-02
1.116629500019e+01,4.218750134999e-01,2.184800816997e-02
1.116629500019e+01,4.531250145000e-01,1.229352486010e-02
1.116629500019e+01,4.843750155000e-01,7.993493502629e-16
1.119977714410e+01,1.562500049999e-02,6.690179651847e-02
1.119977714410e+01,4.687500149996e-02,6.542119257035e-02
1.119977714410e+01,7.812500249993e-02,6.379190068885e-02
1.119977714411e+01,1.093750034999e-01,6.199041537486e-02
1.119977714411e+01,1.406250044998e-01,5.998800209289e-02
1.119977714411e+01,1.718750054998e-01,5.774915753887e-02
1.119977714411e+01,2.031250064997e-01,5.522949179826e-02
1.119977714411e+01,2.343750074997e-01,5.237276225563e-02
1.119977714411e+01,2.656250084997e-01,4.910663453545e-02
1.119977714411e+01,2.968750094998e-01,4.533648399125e-02
1.119977714412e+01,3.281250104998e-01,4.093609285422e-02
1.119977714412e+01,3.593750114999e-01,3.573326401586e-02
1.119977714412e+01,3.906250124999e-01,2.948678607991e-02
1.119977714412e+01,4.218750134999e-01,2.184800816997e-02
1.119977714412e+01,4.531250145000e-01,1.229352486010e-02
1.119977714412e+01,4.843750155000e-01,3.196227407453e-15
1.123325928803e+01,1.562500049999e-02,6.690179651847e-02
1.123325928803e+01,4.687500149996e-02,6.542119257035e-02
1.123325928803e+01,7.812500249993e-02,6.379190068885e-02
1.123325928803e+01,1.093750034999e-01,6.199041537486e-02
1.123325928804e+01,1.406250044998e-01,5.998800209289e-02
1.123325928804e+01,1.718750054998e-01,5.774915753887e-02
1.123325928804e+01,2.031250064997e-01,5.522949179826e-02
1.123325928804e+01,2.343750074997e-01,5.237276225563e-02
1.123325928804e+01,2.656250084997e-01,4.910663453545e-02
1.123325928804e+01,2.968750094998e-01,4.533648399125e-02
1.123325928804e+01,3.281250104998e-01,4.093609285424e-02
1.123325928804e+01,3.593750114999e-01,3.573326401586e-02
1.123325928805e+01,3.906250124999e-01,2.948678607991e-02
1.123325928805e+01,4.218750134999e-01,2.184800816997e-02
1.123325928805e+01,4.531250145000e-01,1.229352486010e-02
1.123325928805e+01,4.843750155000e-01,1.599673219788e-15
1.126674143196e+01,1.562500049999e-02,6.690179651847e-02
1.126674143196e+01,4.687500149996e-02,6.542119257035e-02
1.126674143196e+01,7.812500249992e-02,6.379190068885e-02
1.126674143196e+01,1.093750034999e-01,6.199041537486e-02
1.126674143196e+01,1.406250044998e-01,5.998800209289e-02
1.126674143197e+01,1.718750054998e-01,5.774915753887e-02
1.126674143197e+01,2.031250064997e-01,5.522949179826e-02
1.126674143197e+01,2.343750074997e-01,5.237276225563e-02
1.126674143197e+01,2.656250084997e-01,4.910663453546e-02
1.126674143197e+01,2.968750094998e-01,4.533648399125e-02
1.126674143197e+01,3.281250104998e-01,4.093609285424e-02
1.126674143197e+01,3.593750114999e-01,3.573326401586e-02
1.126674143197e+01,3.906250124999e-01,2.948678607991e-02
1.126674143198e+01,4.218750134999e-01,2.184800816998e-02
1.126674143198e+01,4.531250145000e-01,1.229352486010e-02
1.126674143198e+01,4.843750155000e-01,5.592715300201e-15
1.130022357589e+01,1.562500049998e-02,6.690179651847e-02
1.130022357589e+01,4.687500149996e-02,6.542119257035e-02
1.130022357589e+01,7.812500249992e-02,6.379190068885e-02
1.130022357589e+01,1.093750034999e-01,6.199041537486e-02
1.130022357589e+01,1.406250044998e-01,5.998800209289e-02
1.130022357589e+01,1.718750054998e-01,5.774915753887e-02
1.130022357590e+01,2.031250064997e-01,5.522949179826e-02
1.130022357590e+01,2.343750074997e-01,5.237276225563e-02
1.130022357590e+01,2.656250084997e-01,4.910663453546e-02
1.130022357590e+01,2.968750094998e-01,4.533648399125e-02
1.130022357590e+01,3.281250104998e-01,4.093609285424e-02
1.130022357590e+01,3.593750114999e-01,3.573326401586e-02
1.130022357590e+01,3.906250124999e-01,2.948678607991e-02
1.130022357590e+01,4.218750134999e-01,2.184800816998e-02
1.130022357590e+01,4.531250145000e-01,1.229352486010e-02
1.130022357591e+01,4.843750155000e-01,8.005182751141e-16
1.133370571982e+01,1.562500049998e-02,6.690179651847e-02
1.133370571982e+01,4.687500149996e-02,6.542119257035e-02
1.133370571982e+01,7.812500249992e-02,6.379190068885e-02
1.133370571982e+01,1.093750034999e-01,6.199041537486e-02
1.133370571982e+01,1.406250044998e-01,5.998800209289e-02
1.133370571982e+01,1.718750054998e-01,5.774915753887e-02
1.133370571982e+01,2.031250064997e-01,5.522949179826e-02
1.133370571982e+01,2.343750074997e-01,5.237276225563e-02
1.133370571983e+01,2.656250084997e-01,4.910663453546e-02
1.133370571983e+01,2.968750094998e-01,4.533648399125e-02
1.133370571983e+01,3.281250104998e-01,4.093609285424e-02
1.133370571983e+01,3.593750114999e-01,3.573326401586e-02
1.133370571983e+01,3.906250124999e-01,2.948678607991e-02
1.133370571983e+01,4.218750134999e-01,2.184800816998e-02
1.133370571983e+01,4.531250145000e-01,1.229352486010e-02
1.133370571984e+01,4.843750155000e-01,8.005182751141e-16
1.136718786375e+01,1.562500049998e-02,6.690179651847e-02
1.136718786375e+01,4.687500149996e-02,6.542119257035e-02
1.136718786375e+01,7.812500249992e-02,6.379190068885e-02
1.136718786375e+01,1.093750034999e-01,6.199041537486e-02
1.136718786375e+01,1.406250044998e-01,5.998800209289e-02
1.136718786375e+01,1.718750054998e-01,5.774915753887e-02
1.136718786375e+01,2.031250064997e-01,5.522949179826e-02
1.136718786375e+01,2.343750074997e-01,5.237276225563e-02
1.136718786375e+01,2.656250084997e-01,4.910663453546e-02
1.136718786376e+01,2.968750094998e-01,4.533648399125e-02
1.136718786376e+01,3.281250104998e-01,4.093609285424e-02
1.136718786376e+01,3.593750114999e-01,3.573326401586e-02
1.136718786376e+01,3.906250124999e-01,2.948678607991e-02
1.136718786376e+01,4.218750134999e-01,2.184800816998e-02
1.136718786376e+01,4.531250145000e-01,1.229352486010e-02
1.136718786376e+01,4.843750155000e-01,8.005182751141e-16
1.140067000767e+01,1.562500049998e-02,6.690179651847e-02
1.140067000768e+01,4.687500149996e-02,6.542119257035e-02
1.140067000768e+01,7.812500249992e-02,6.379190068885e-02
1.140067000768e+01,1.093750034999e-01,6.199041537486e-02
1.140067000768e+01,1.406250044998e-01,5.998800209289e-02
1.140067000768e+01,1.718750054998e-01,5.774915753887e-02
1.140067000768e+01,2.031250064997e-01,5.522949179826e-02
1.140067000768e+01,2.343750074997e-01,5.237276225563e-02
1.140067000768e+01,2.656250084997e-01,4.910663453546e-02
1.140067000768e+01,2.968750094998e-01,4.533648399125e-02
1.140067000769e+01,3.281250104998e-01,4.093609285424e-02
1.140067000769e+01,3.593750114999e-01,3.573326401586e-02
1.140067000769e+01,3.906250124999e-01,2.948678607991e-02
1.140067000769e+01,4.218750134999e-01,2.184800816998e-02
1.140067000769e+01,4.531250145000e-01,1.229352486010e-02
1.140067000769e+01,4.843750155000e-01,7.993493502629e-16
1.143415215160e+01,1.562500049998e-02,6.690179651847e-02
1.143415215160e+01,4.687500149996e-02,6.542119257035e-02
1.143415215160e+01,7.812500249992e-02,6.379190068885e-02
1.143415215161e+01,1.093750034999e-01,6.199041537486e-02
1.143415215161e+01,1.406250044998e-01,5.998800209289e-02
1.143415215161e+01,1.718750054998e-01,5.774915753887e-02
1.143415215161e+01,2.031250064997e-01,5.522949179826e-02
1.143415215161e+01,2.343750074997e-01,5.237276225563e-02
1.143415215161e+01,2.656250084997e-01,4.910663453546e-02
1.143415215161e+01,2.968750094998e-01,4.533648399125e-02
1.143415215162e+01,3.281250104998e-01,4.093609285424e-02
1.143415215162e+01,3.593750114999e-01,3.573326401586e-02
1.143415215162e+01,3.906250124999e-01,2.948678607991e-02
1.143415215162e+01,4.218750134999e-01,2.184800816998e-02
1.143415215162e+01,4.531250145000e-01,1.229352486010e-02
1.143415215162e+01,4.843750155000e-01,4.993495803751e-17
1.146763429553e+01,1.562500049998e-02,6.690179651847e-02
1.146763429553e+01,4.687500149996e-02,6.542119257035e-02
1.146763429553e+01,7.812500249992e-02,6.379190068885e-02
1.146763429553e+01,1.093750034999e-01,6.199041537486e-02
1.146763429554e+01,1.406250044998e-01,5.998800209289e-02
1.146763429554e+01,1.718750054998e-01,5.774915753887e-02
1.146763429554e+01,2.031250064997e-01,5.522949179826e-02
1.146763429554e+01,2.343750074997e-01,5.237276225563e-02
1.146763429554e+01,2.656250084997e-01,4.910663453546e-02
1.146763429554e+01,2.968750094998e-01,4.533648399125e-02
1.146763429554e+01,3.281250104998e-01,4.093609285424e-02
1.146763429554e+01,3.593750114999e-01,3.573326401586e-02
1.146763429555e+01,3.906250124999e-01,2.948678607991e-02
1.146763429555e+01,4.218750134999e-01,2.184800816998e-02
1.146763429555e+01,4.531250145000e-01,1.229352486010e-02
1.146763429555e+01,4.843750155000e-01,4.993495803751e-17
1.150111643946e+01,1.562500049998e-02,6.690179651847e-02
1.150111643946e+01,4.687500149996e-02,6.542119257035e-02
1.150111643946e+01,7.812500249992e-02,6.379190068885e-02
1.150111643946e+01,1.093750034999e-01,6.199041537486e-02
1.150111643946e+01,1.406250044998e-01,5.998800209289e-02
1.150111643947e+01,1.718750054998e-01,5.774915753887e-02
1.150111643947e+01,2.031250064997e-01,5.522949179826e-02
1.150111643947e+01,2.343750074997e-01,5.237276225563e-02
1.150111643947e+01,2.656250084997e-01,4.910663453546e-02
1.150111643947e+01,2.968750094998e-01,4.533648399125e-02
1.150111643947e+01,3.281250104998e-01,4.093609285424e-02
1.150111643947e+01,3.593750114999e-01,3.573326401586e-02
1.150111643947e+01,3.906250124999e-01,2.948678607991e-02
1.150111643948e+01,4.218750134999e-01,2.184800816998e-02
1.150111643948e+01,4.531250145000e-01,1.229352486010e-02
1.150111643948e+01,4.843750155000e-01,7.993493502629e-16
1.153459858339e+01,1.562500049998e-02,6.690179651847e-02
1.153459858339e+01,4.687500149996e-02,6.542119257035e-02
1.153459858339e+01,7.812500249992e-02,6.379190068885e-02
1.153459858339e+01,1.093750034999e-01,6.199041537486e-02
1.153459858339e+01,1.406250044998e-01,5.998800209289e-02
1.153459858340e+01,1.718750054998e-01,5.774915753887e-02
1.153459858340e+01,2.031250064997e-01,5.522949179826e-02
1.153459858340e+01,2.343750074997e-01,5.237276225563e-02
1.153459858340e+01,2.656250084997e-01,4.910663453546e-02
1.153459858340e+01,2.968750094998e-01,4.533648399125e-02
1.153459858340e+01,3.281250104998e-01,4.093609285424e-02
1.153459858340e+01,3.593750114999e-01,3.573326401586e-02
1.153459858340e+01,3.906250124999e-01,2.948678607991e-02
1.153459858340e+01,4.218750134999e-01,2.184800816998e-02
1.153459858340e+01,4.531250145000e-01,1.229352486010e-02
1.153459858341e+01,4.843750155000e-01,7.993493502629e-16
1.156808072732e+01,1.562500049998e-02,6.690179651847e-02
1.156808072732e+01,4.687500149996e-02,6.542119257035e-02
1.156808072732e+01,7.812500249992e-02,6.379190068885e-02
1.156808072732e+01,1.093750034999e-01,6.199041537486e-02
1.156808072732e+01,1.406250044998e-01,5.998800209289e-02
1.156808072732e+01,1.718750054998e-01,5.774915753887e-02
1.156808072732e+01,2.031250064997e-01,5.522949179826e-02
1.156808072733e+01,2.343750074997e-01,5.237276225563e-02
1.156808072733e+01,2.656250084997e-01,4.910663453546e-02
1.156808072733e+01,2.968750094998e-01,4.533648399125e-02
1.156808072733e+01,3.281250104998e-01,4.093609285424e-02
1.156808072733e+01,3.593750114999e-01,3.573326401586e-02
1.156808072733e+01,3.906250124999e-01,2.948678607991e-02
1.156808072733e+01,4.218750134999e-01,2.184800816998e-02
1.156808072733e+01,4.531250145000e-01,1.229352486010e-02
1.156808072733e+01,4.843750155000e-01,2.397398085185e-15
1.160156287125e+01,1.562500049998e-02,6.690179651847e-02
1.160156287125e+01,4.687500149996e-02,6.542119257035e-02
1.160156287125e+01,7.812500249992e-02,6.379190068885e-02
1.160156287125e+01,1.093750034999e-01,6.199041537486e-02
1.160156287125e+01,1.406250044998e-01,5.998800209289e-02
1.160156287125e+01,1.718750054998e-01,5.774915753887e-02
1.160156287125e+01,2.031250064997e-01,5.522949179826e-02
1.160156287125e+01,2.343750074997e-01,5.237276225563e-02
1.160156287126e+01,2.656250084997e-01,4.910663453546e-02
1.160156287126e+01,2.968750094998e-01,4.533648399125e-02
1.160156287126e+01,3.281250104998e-01,4.093609285424e-02
1.160156287126e+01,3.593750114999e-01,3.573326401586e-02
1.160156287126e+01,3.906250124999e-01,2.948678607991e-02
1.160156287126e+01,4.218750134999e-01,2.184800816998e-02
1.160156287126e+01,4.531250145000e-01,1.229352486010e-02
1.160156287126e+01,4.843750155000e-01,1.598698700526e-15
1.163504501518e+01,1.562500049998e-02,6.690179651847e-02
1.163504501518e+01,4.687500149996e-02,6.542119257035e-02
1.163504501518e+01,7.812500249992e-02,6.379190068885e-02
1.163504501518e+01,1.093750034999e-01,6.199041537486e-02
1.163504501518e+01,1.406250044998e-01,5.998800209289e-02
1.163504501518e+01,1.718750054998e-01,5.774915753887e-02
1.163504501518e+01,2.031250064997e-01,5.522949179826e-02
1.163504501518e+01,2.343750074997e-01,5.237276225563e-02
1.163504501518e+01,2.656250084997e-01,4.910663453546e-02
1.163504501518e+01,2.968750094998e-01,4.533648399125e-02
1.163504501519e+01,3.281250104998e-01,4.093609285424e-02
1.163504501519e+01,3.593750114999e-01,3.573326401586e-02
1.163504501519e+01,3.906250124999e-01,2.948678607991e-02
1.163504501519e+01,4.218750134999e-01,2.184800816998e-02
1.163504501519e+01,4.531250145000e-01,1.229352486010e-02
1.163504501519e+01,4.843750155000e-01,7.989593286001e-16
1.166852715910e+01,1.562500049998e-02,6.690179651847e-02
1.166852715911e+01,4.687500149996e-02,6.542119257035e-02
1.166852715911e+01,7.812500249992e-02,6.379190068885e-02
1.166852715911e+01,1.093750034999e-01,6.199041537486e-02
1.166852715911e+01,1.406250044998e-01,5.998800209289e-02
1.166852715911e+01,1.718750054998e-01,5.774915753887e-02
1.166852715911e+01,2.031250064997e-01,5.522949179826e-02
1.166852715911e+01,2.343750074997e-01,5.237276225563e-02
1.166852715911e+01,2.656250084997e-01,4.910663453546e-02
1.166852715911e+01,2.968750094998e-01,4.533648399125e-02
1.166852715911e+01,3.281250104998e-01,4.093609285424e-02
1.166852715912e+01,3.593750114999e-01,3.573326401586e-02
1.166852715912e+01,3.906250124999e-01,2.948678607991e-02
1.166852715912e+01,4.218750134999e-01,2.184800816998e-02
1.166852715912e+01,4.531250145000e-01,1.229352486010e-02
1.166852715912e+01,4.843750155000e-01,1.598113703726e-15
1.170200930303e+01,1.562500049998e-02,6.690179651847e-02
1.170200930303e+01,4.687500149996e-02,6.542119257035e-02
1.170200930304e+01,7.812500249992e-02,6.379190068885e-02
1.170200930304e+01,1.093750034999e-01,6.199041537486e-02
1.170200930304e+01,1.406250044998e-01,5.998800209289e-02
1.170200930304e+01,1.718750054998e-01,5.774915753887e-02
1.170200930304e+01,2.031250064997e-01,5.522949179826e-02
1.170200930304e+01,2.343750074997e-01,5.237276225563e-02
1.170200930304e+01,2.656250084997e-01,4.910663453546e-02
1.170200930304e+01,2.968750094998e-01,4.533648399125e-02
1.170200930304e+01,3.281250104998e-01,4.093609285424e-02
1.170200930304e+01,3.593750114999e-01,3.573326401586e-02
1.170200930304e+01,3.906250124999e-01,2.948678607991e-02
1.170200930305e+01,4.218750134999e-01,2.184800816998e-02
1.170200930305e+01,4.531250145000e-01,1.229352486010e-02
1.170200930305e+01,4.843750155000e-01,7.993493502629e-16
1.173549144696e+01,1.562500049998e-02,6.690179651847e-02
1.173549144696e+01,4.687500149996e-02,6.542119257035e-02
1.173549144696e+01,7.812500249992e-02,6.379190068885e-02
1.173549144696e+01,1.093750034999e-01,6.199041537486e-02
1.173549144697e+01,1.406250044998e-01,5.998800209289e-02
1.173549144697e+01,1.718750054997e-01,5.774915753887e-02
1.173549144697e+01,2.031250064997e-01,5.522949179826e-02
1.173549144697e+01,2.343750074997e-01,5.237276225563e-02
1.173549144697e+01,2.656250084997e-01,4.910663453546e-02
1.173549144697e+01,2.968750094998e-01,4.533648399125e-02
1.173549144697e+01,3.281250104998e-01,4.093609285424e-02
1.173549144697e+01,3.593750114999e-01,3.573326401586e-02
1.173549144697e+01,3.906250124999e-01,2.948678607991e-02
1.173549144698e+01,4.218750134999e-01,2.184800816998e-02
1.173549144698e+01,4.531250145000e-01,1.229352486011e-02
1.173549144698e+01,4.843750155000e-01,7.989593286001e-16
1.176897359089e+01,1.562500049998e-02,6.690179651847e-02
1.176897359089e+01,4.687500149995e-02,6.542119257035e-02
1.176897359089e+01,7.812500249991e-02,6.379190068885e-02
1.176897359089e+01,1.093750034999e-01,6.199041537486e-02
1.176897359089e+01,1.406250044998e-01,5.998800209289e-02
1.176897359089e+01,1.718750054997e-01,5.774915753887e-02
1.176897359090e+01,2.031250064997e-01,5.522949179826e-02
1.176897359090e+01,2.343750074997e-01,5.237276225563e-02
1.176897359090e+01,2.656250084997e-01,4.910663453546e-02
1.176897359090e+01,2.968750094998e-01,4.533648399125e-02
1.176897359090e+01,3.281250104998e-01,4.093609285424e-02
1.176897359090e+01,3.593750114999e-01,3.573326401586e-02
1.176897359090e+01,3.906250124999e-01,2.948678607991e-02
1.176897359090e+01,4.218750134999e-01,2.184800816998e-02
1.176897359090e+01,4.531250145000e-01,1.229352486011e-02
1.176897359091e+01,4.843750155000e-01,2.396877985801e-15
1.180245573482e+01,1.562500049998e-02,6.690179651847e-02
1.180245573482e+01,4.687500149995e-02,6.542119257035e-02
1.180245573482e+01,7.812500249991e-02,6.379190068885e-02
1.180245573482e+01,1.093750034999e-01,6.199041537486e-02
1.180245573482e+01,1.406250044998e-01,5.998800209289e-02
1.180245573482e+01,1.718750054997e-01,5.774915753887e-02
1.180245573482e+01,2.031250064997e-01,5.522949179826e-02
1.180245573483e+01,2.343750074997e-01,5.237276225563e-02
1.180245573483e+01,2.656250084997e-01,4.910663453546e-02
1.180245573483e+01,2.968750094997e-01,4.533648399125e-02
1.180245573483e+01,3.281250104998e-01,4.093609285424e-02
1.180245573483e+01,3.593750114999e-01,3.573326401586e-02
1.180245573483e+01,3.906250124999e-01,2.948678607991e-02
1.180245573483e+01,4.218750134999e-01,2.184800816998e-02
1.180245573483e+01,4.531250145000e-01,1.229352486011e-02
1.180245573483e+01,4.843750155000e-01,2.397008021227e-15
1.183593787875e+01,1.562500049998e-02,6.690179651847e-02
1.183593787875e+01,4.687500149995e-02,6.542119257035e-02
1.183593787875e+01,7.812500249991e-02,6.379190068885e-02
1.183593787875e+01,1.093750034999e-01,6.199041537486e-02
1.183593787875e+01,1.406250044998e-01,5.998800209289e-02
1.183593787875e+01,1.718750054997e-01,5.774915753887e-02
1.183593787875e+01,2.031250064997e-01,5.522949179826e-02
1.183593787875e+01,2.343750074997e-01,5.237276225563e-02
1.183593787876e+01,2.656250084997e-01,4.910663453546e-02
1.183593787876e+01,2.968750094997e-01,4.533648399125e-02
1.183593787876e+01,3.281250104998e-01,4.093609285424e-02
1.183593787876e+01,3.593750114998e-01,3.573326401586e-02
1.183593787876e+01,3.906250124999e-01,2.948678607991e-02
1.183593787876e+01,4.218750134999e-01,2.184800816998e-02
1.183593787876e+01,4.531250145000e-01,1.229352486011e-02
1.183593787876e+01,4.843750155000e-01,1.597918657201e-15
1.186942002268e+01,1.562500049998e-02,6.690179651847e-02
1.186942002268e+01,4.687500149995e-02,6.542119257035e-02
1.186942002268e+01,7.812500249991e-02,6.379190068885e-02
1.186942002268e+01,1.093750034999e-01,6.199041537486e-02
1.186942002268e+01,1.406250044998e-01,5.998800209289e-02
1.186942002268e+01,1.718750054997e-01,5.774915753887e-02
1.186942002268e+01,2.031250064997e-01,5.522949179826e-02
1.186942002268e+01,2.343750074997e-01,5.237276225563e-02
1.186942002268e+01,2.656250084997e-01,4.910663453546e-02
1.186942002269e+01,2.968750094997e-01,4.533648399125e-02
1.186942002269e+01,3.281250104998e-01,4.093609285424e-02
1.186942002269e+01,3.593750114998e-01,3.573326401586e-02
1.186942002269e+01,3.906250124999e-01,2.948678607991e-02
1.186942002269e+01,4.218750134999e-01,2.184800816998e-02
1.186942002269e+01,4.531250145000e-01,1.229352486011e-02
1.186942002269e+01,4.843750155000e-01,1.597918657201e-15
1.190290216660e+01,1.562500049998e-02,6.690179651847e-02
1.190290216661e+01,4.687500149995e-02,6.542119257035e-02
1.190290216661e+01,7.812500249991e-02,6.379190068885e-02
1.190290216661e+01,1.093750034999e-01,6.199041537486e-02
1.190290216661e+01,1.406250044998e-01,5.998800209289e-02
1.190290216661e+01,1.718750054997e-01,5.774915753887e-02
1.190290216661e+01,2.031250064997e-01,5.522949179826e-02
1.190290216661e+01,2.343750074997e-01,5.237276225563e-02
1.190290216661e+01,2.656250084997e-01,4.910663453546e-02
1.190290216661e+01,2.968750094997e-01,4.533648399125e-02
1.190290216661e+01,3.281250104998e-01,4.093609285424e-02
1.190290216662e+01,3.593750114998e-01,3.573326401586e-02
1.190290216662e+01,3.906250124999e-01,2.948678607991e-02
1.190290216662e+01,4.218750134999e-01,2.184800816998e-02
1.190290216662e+01,4.531250145000e-01,1.229352486011e-02
1.190290216662e+01,4.843750155000e-01,0.000000000000e+00
1.193638431053e+01,1.562500049998e-02,6.690179651847e-02
1.193638431054e+01,4.687500149995e-02,6.542119257035e-02
1.193638431054e+01,7.812500249991e-02,6.379190068885e-02
1.193638431054e+01,1.093750034998e-01,6.199041537486e-02
1.193638431054e+01,1.406250044998e-01,5.998800209289e-02
1.193638431054e+01,1.718750054997e-01,5.774915753887e-02
1.193638431054e+01,2.031250064997e-01,5.522949179826e-02
1.193638431054e+01,2.343750074997e-01,5.237276225563e-02
1.193638431054e+01,2.656250084997e-01,4.910663453546e-02
1.193638431054e+01,2.968750094997e-01,4.533648399125e-02
1.193638431054e+01,3.281250104998e-01,4.093609285424e-02
1.193638431054e+01,3.593750114998e-01,3.573326401586e-02
1.193638431054e+01,3.906250124999e-01,2.948678607992e-02
1.193638431055e+01,4.218750134999e-01,2.184800816998e-02
1.193638431055e+01,4.531250145000e-01,1.229352486011e-02
1.193638431055e+01,4.843750155000e-01,2.396877985801e-15
1.196986645446e+01,1.562500049998e-02,6.690179651847e-02
1.196986645446e+01,4.687500149995e-02,6.542119257035e-02
1.196986645447e+01,7.812500249991e-02,6.379190068885e-02
1.196986645447e+01,1.093750034998e-01,6.199041537486e-02
1.196986645447e+01,1.406250044998e-01,5.998800209289e-02
1.196986645447e+01,1.718750054997e-01,5.774915753887e-02
1.196986645447e+01,2.031250064997e-01,5.522949179826e-02
1.196986645447e+01,2.343750074997e-01,5.237276225563e-02
1.196986645447e+01,2.656250084997e-01,4.910663453546e-02
1.196986645447e+01,2.968750094997e-01,4.533648399125e-02
1.196986645447e+01,3.281250104998e-01,4.093609285424e-02
1.196986645447e+01,3.593750114998e-01,3.573326401586e-02
1.196986645447e+01,3.906250124999e-01,2.948678607992e-02
1.196986645447e+01,4.218750134999e-01,2.184800816998e-02
1.196986645447e+01,4.531250145000e-01,1.229352486011e-02
1.196986645448e+01,4.843750155000e-01,1.598113703726e-15
1.200334859839e+01,1.562500049998e-02,6.690179651847e-02
1.200334859839e+01,4.687500149995e-02,6.542119257035e-02
1.200334859839e+01,7.812500249991e-02,6.379190068885e-02
1.200334859839e+01,1.093750034998e-01,6.199041537486e-02
1.200334859840e+01,1.406250044998e-01,5.998800209289e-02
1.200334859840e+01,1.718750054997e-01,5.774915753887e-02
1.200334859840e+01,2.031250064997e-01,5.522949179826e-02
1.200334859840e+01,2.343750074997e-01,5.237276225563e-02
1.200334859840e+01,2.656250084997e-01,4.910663453546e-02
1.200334859840e+01,2.968750094997e-01,4.533648399125e-02
1.200334859840e+01,3.281250104998e-01,4.093609285424e-02
1.200334859840e+01,3.593750114998e-01,3.573326401586e-02
1.200334859840e+01,3.906250124999e-01,2.948678607992e-02
1.200334859840e+01,4.218750134999e-01,2.184800816998e-02
1.200334859840e+01,4.531250145000e-01,1.229352486011e-02
1.200334859840e+01,4.843750155000e-01,7.993493502629e-16
1.203683074232e+01,1.562500049998e-02,6.690179651847e-02
1.203683074232e+01,4.687500149995e-02,6.542119257035e-02
1.203683074232e+01,7.812500249991e-02,6.379190068885e-02
1.203683074232e+01,1.093750034998e-01,6.199041537486e-02
1.203683074232e+01,1.406250044998e-01,5.998800209289e-02
1.203683074232e+01,1.718750054997e-01,5.774915753887e-02
1.203683074232e+01,2.031250064997e-01,5.522949179826e-02
1.203683074233e+01,2.343750074997e-01,5.237276225563e-02
1.203683074233e+01,2.656250084997e-01,4.910663453546e-02
1.203683074233e+01,2.968750094997e-01,4.533648399125e-02
1.203683074233e+01,3.281250104998e-01,4.093609285424e-02
1.203683074233e+01,3.593750114998e-01,3.573326401586e-02
1.203683074233e+01,3.906250124999e-01,2.948678607992e-02
1.203683074233e+01,4.218750134999e-01,2.184800816998e-02
1.203683074233e+01,4.531250145000e-01,1.229352486011e-02
1.203683074233e+01,4.843750155000e-01,0.000000000000e+00
1.207031288625e+01,1.562500049998e-02,6.690179651847e-02
1.207031288625e+01,4.687500149995e-02,6.542119257035e-02
1.207031288625e+01,7.812500249991e-02,6.379190068885e-02
1.207031288625e+01,1.093750034998e-01,6.199041537486e-02
1.207031288625e+01,1.406250044998e-01,5.998800209289e-02
1.207031288625e+01,1.718750054997e-01,5.774915753888e-02
1.207031288625e+01,2.031250064997e-01,5.522949179826e-02
1.207031288625e+01,2.343750074997e-01,5.237276225563e-02
1.207031288626e+01,2.656250084997e-01,4.910663453546e-02
1.207031288626e+01,2.968750094997e-01,4.533648399125e-02
1.207031288626e+01,3.281250104998e-01,4.093609285424e-02
1.207031288626e+01,3.593750114998e-01,3.573326401586e-02
1.207031288626e+01,3.906250124999e-01,2.948678607992e-02
1.207031288626e+01,4.218750134999e-01,2.184800816998e-02
1.207031288626e+01,4.531250145000e-01,1.229352486011e-02
1.207031288626e+01,4.843750155000e-01,7.989593286001e-16
1.210379503018e+01,1.562500049998e-02,6.690179651847e-02
1.210379503018e+01,4.687500149995e-02,6.542119257035e-02
1.210379503018e+01,7.812500249991e-02,6.379190068885e-02
1.210379503018e+01,1.093750034998e-01,6.199041537486e-02
1.210379503018e+01,1.406250044998e-01,5.998800209289e-02
1.210379503018e+01,1.718750054997e-01,5.774915753888e-02
1.210379503018e+01,2.031250064997e-01,5.522949179826e-02
1.210379503018e+01,2.343750074997e-01,5.237276225563e-02
1.210379503018e+01,2.656250084997e-01,4.910663453546e-02
1.210379503018e+01,2.968750094997e-01,4.533648399125e-02
1.210379503019e+01,3.281250104998e-01,4.093609285424e-02
1.210379503019e+01,3.593750114998e-01,3.573326401586e-02
1.210379503019e+01,3.906250124999e-01,2.948678607992e-02
1.210379503019e+01,4.218750134999e-01,2.184800816998e-02
1.210379503019e+01,4.531250145000e-01,1.229352486011e-02
1.210379503019e+01,4.843750155000e-01,7.989593286001e-16
1.213727717411e+01,1.562500049998e-02,6.690179651847e-02
1.213727717411e+01,4.687500149995e-02,6.542119257035e-02
1.213727717411e+01,7.812500249991e-02,6.379190068885e-02
1.213727717411e+01,1.093750034998e-01,6.199041537486e-02
1.213727717411e+01,1.406250044998e-01,5.998800209289e-02
1.213727717411e+01,1.718750054997e-01,5.774915753888e-02
1.213727717411e+01,2.031250064997e-01,5.522949179826e-02
1.213727717411e+01,2.343750074997e-01,5.237276225563e-02
1.213727717411e+01,2.656250084997e-01,4.910663453546e-02
1.213727717411e+01,2.968750094997e-01,4.533648399125e-02
1.213727717411e+01,3.281250104998e-01,4.093609285424e-02
1.213727717412e+01,3.593750114998e-01,3.573326401586e-02
1.213727717412e+01,3.906250124999e-01,2.948678607992e-02
1.213727717412e+01,4.218750134999e-01,2.184800816998e-02
1.213727717412e+01,4.531250145000e-01,1.229352486011e-02
1.213727717412e+01,4.843750155000e-01,2.396877985801e-15
1.217075931803e+01,1.562500049998e-02,6.690179651847e-02
1.217075931804e+01,4.687500149995e-02,6.542119257035e-02
1.217075931804e+01,7.812500249991e-02,6.379190068885e-02
1.217075931804e+01,1.093750034998e-01,6.199041537486e-02
1.217075931804e+01,1.406250044998e-01,5.998800209289e-02
1.217075931804e+01,1.718750054997e-01,5.774915753888e-02
1.217075931804e+01,2.031250064997e-01,5.522949179826e-02
1.217075931804e+01,2.343750074996e-01,5.237276225563e-02
1.217075931804e+01,2.656250084997e-01,4.910663453546e-02
1.217075931804e+01,2.968750094997e-01,4.533648399125e-02
1.217075931804e+01,3.281250104998e-01,4.093609285424e-02
1.217075931804e+01,3.593750114998e-01,3.573326401586e-02
1.217075931804e+01,3.906250124999e-01,2.948678607992e-02
1.217075931805e+01,4.218750134999e-01,2.184800816998e-02
1.217075931805e+01,4.531250145000e-01,1.229352486011e-02
1.217075931805e+01,4.843750155000e-01,2.496747901876e-17
1.220424146196e+01,1.562500049998e-02,6.690179651847e-02
1.220424146196e+01,4.687500149995e-02,6.542119257035e-02
1.220424146197e+01,7.812500249991e-02,6.379190068885e-02
1.220424146197e+01,1.093750034998e-01,6.199041537486e-02
1.220424146197e+01,1.406250044998e-01,5.998800209289e-02
1.220424146197e+01,1.718750054997e-01,5.774915753888e-02
1.220424146197e+01,2.031250064997e-01,5.522949179826e-02
1.220424146197e+01,2.343750074996e-01,5.237276225563e-02
1.220424146197e+01,2.656250084997e-01,4.910663453546e-02
1.220424146197e+01,2.968750094997e-01,4.533648399125e-02
1.220424146197e+01,3.281250104998e-01,4.093609285424e-02
1.220424146197e+01,3.593750114998e-01,3.573326401586e-02
1.220424146197e+01,3.906250124999e-01,2.948678607992e-02
1.220424146197e+01,4.218750134999e-01,2.184800816998e-02
1.220424146197e+01,4.531250145000e-01,1.229352486011e-02
1.220424146198e+01,4.843750155000e-01,2.396877985801e-15
1.223772360589e+01,1.562500049998e-02,6.690179651847e-02
1.223772360589e+01,4.687500149995e-02,6.542119257035e-02
1.223772360589e+01,7.812500249991e-02,6.379190068885e-02
1.223772360590e+01,1.093750034998e-01,6.199041537486e-02
1.223772360590e+01,1.406250044998e-01,5.998800209289e-02
1.223772360590e+01,1.718750054997e-01,5.774915753888e-02
1.223772360590e+01,2.031250064997e-01,5.522949179826e-02
1.223772360590e+01,2.343750074996e-01,5.237276225563e-02
1.223772360590e+01,2.656250084997e-01,4.910663453546e-02
1.223772360590e+01,2.968750094997e-01,4.533648399127e-02
1.223772360590e+01,3.281250104998e-01,4.093609285424e-02
1.223772360590e+01,3.593750114998e-01,3.573326401586e-02
1.223772360590e+01,3.906250124999e-01,2.948678607992e-02
1.223772360590e+01,4.218750134999e-01,2.184800816998e-02
1.223772360590e+01,4.531250145000e-01,1.229352486011e-02
1.223772360590e+01,4.843750155000e-01,7.989593286001e-16
1.227120574982e+01,1.562500049998e-02,6.690179651847e-02
1.227120574982e+01,4.687500149995e-02,6.542119257035e-02
1.227120574982e+01,7.812500249991e-02,6.379190068885e-02
1.227120574982e+01,1.093750034998e-01,6.199041537486e-02
1.227120574982e+01,1.406250044998e-01,5.998800209289e-02
1.227120574983e+01,1.718750054997e-01,5.774915753888e-02
1.227120574983e+01,2.031250064997e-01,5.522949179826e-02
1.227120574983e+01,2.343750074996e-01,5.237276225563e-02
1.227120574983e+01,2.656250084997e-01,4.910663453546e-02
1.227120574983e+01,2.968750094997e-01,4.533648399127e-02
1.227120574983e+01,3.281250104998e-01,4.093609285424e-02
1.227120574983e+01,3.593750114998e-01,3.573326401588e-02
1.227120574983e+01,3.906250124999e-01,2.948678607992e-02
1.227120574983e+01,4.218750134999e-01,2.184800816998e-02
1.227120574983e+01,4.531250145000e-01,1.229352486011e-02
1.227120574983e+01,4.843750155000e-01,3.195934842128e-15
1.230468789375e+01,1.562500049998e-02,6.690179651847e-02
1.230468789375e+01,4.687500149995e-02,6.542119257035e-02
1.230468789375e+01,7.812500249991e-02,6.379190068885e-02
1.230468789375e+01,1.093750034998e-01,6.199041537486e-02
1.230468789375e+01,1.406250044998e-01,5.998800209289e-02
1.230468789375e+01,1.718750054997e-01,5.774915753888e-02
1.230468789375e+01,2.031250064997e-01,5.522949179826e-02
1.230468789376e+01,2.343750074996e-01,5.237276225563e-02
1.230468789376e+01,2.656250084997e-01,4.910663453546e-02
1.230468789376e+01,2.968750094997e-01,4.533648399127e-02
1.230468789376e+01,3.281250104998e-01,4.093609285424e-02
1.230468789376e+01,3.593750114998e-01,3.573326401588e-02
1.230468789376e+01,3.906250124999e-01,2.948678607992e-02
1.230468789376e+01,4.218750134999e-01,2.184800816998e-02
1.230468789376e+01,4.531250145000e-01,1.229352486011e-02
1.230468789376e+01,4.843750155000e-01,2.396877985801e-15
1.233817003768e+01,1.562500049998e-02,6.690179651847e-02
1.233817003768e+01,4.687500149995e-02,6.542119257035e-02
1.233817003768e+01,7.812500249991e-02,6.379190068885e-02
1.233817003768e+01,1.093750034998e-01,6.199041537486e-02
1.233817003768e+01,1.406250044998e-01,5.998800209289e-02
1.233817003768e+01,1.718750054997e-01,5.774915753888e-02
1.233817003768e+01,2.031250064997e-01,5.522949179826e-02
1.233817003768e+01,2.343750074996e-01,5.237276225563e-02
1.233817003768e+01,2.656250084996e-01,4.910663453546e-02
1.233817003768e+01,2.968750094997e-01,4.533648399127e-02
1.233817003769e+01,3.281250104998e-01,4.093609285424e-02
1.233817003769e+01,3.593750114998e-01,3.573326401588e-02
1.233817003769e+01,3.906250124999e-01,2.948678607992e-02
1.233817003769e+01,4.218750134999e-01,2.184800816998e-02
1.233817003769e+01,4.531250145000e-01,1.229352486011e-02
1.233817003769e+01,4.843750155000e-01,7.989593286001e-16
1.237165218161e+01,1.562500049998e-02,6.690179651847e-02
1.237165218161e+01,4.687500149995e-02,6.542119257035e-02
1.237165218161e+01,7.812500249991e-02,6.379190068885e-02
1.237165218161e+01,1.093750034998e-01,6.199041537486e-02
1.237165218161e+01,1.406250044998e-01,5.998800209289e-02
1.237165218161e+01,1.718750054997e-01,5.774915753888e-02
1.237165218161e+01,2.031250064997e-01,5.522949179826e-02
1.237165218161e+01,2.343750074996e-01,5.237276225563e-02
1.237165218161e+01,2.656250084996e-01,4.910663453546e-02
1.237165218161e+01,2.968750094997e-01,4.533648399127e-02
1.237165218161e+01,3.281250104998e-01,4.093609285424e-02
1.237165218161e+01,3.593750114998e-01,3.573326401588e-02
1.237165218161e+01,3.906250124999e-01,2.948678607992e-02
1.237165218162e+01,4.218750134999e-01,2.184800816998e-02
1.237165218162e+01,4.531250145000e-01,1.229352486011e-02
1.237165218162e+01,4.843750155000e-01,2.397008021227e-15
1.240513432554e+01,1.562500049998e-02,6.690179651847e-02
1.240513432554e+01,4.687500149995e-02,6.542119257035e-02
1.240513432554e+01,7.812500249990e-02,6.379190068885e-02
1.240513432554e+01,1.093750034998e-01,6.199041537486e-02
1.240513432554e+01,1.406250044998e-01,5.998800209289e-02
1.240513432554e+01,1.718750054997e-01,5.774915753888e-02
1.240513432554e+01,2.031250064997e-01,5.522949179826e-02
1.240513432554e+01,2.343750074996e-01,5.237276225563e-02
1.240513432554e+01,2.656250084996e-01,4.910663453546e-02
1.240513432554e+01,2.968750094997e-01,4.533648399127e-02
1.240513432554e+01,3.281250104998e-01,4.093609285424e-02
1.240513432554e+01,3.593750114998e-01,3.573326401588e-02
1.240513432554e+01,3.906250124999e-01,2.948678607992e-02
1.240513432554e+01,4.218750134999e-01,2.184800816998e-02
1.240513432554e+01,4.531250145000e-01,1.229352486011e-02
1.240513432555e+01,4.843750155000e-01,2.496747901876e-17
1.243861646947e+01,1.562500049998e-02,6.690179651847e-02
1.243861646947e+01,4.687500149995e-02,6.542119257035e-02
1.243861646947e+01,7.812500249990e-02,6.379190068885e-02
1.243861646947e+01,1.093750034998e-01,6.199041537486e-02
1.243861646947e+01,1.406250044998e-01,5.998800209289e-02
1.243861646947e+01,1.718750054997e-01,5.774915753888e-02
1.243861646947e+01,2.031250064997e-01,5.522949179826e-02
1.243861646947e+01,2.343750074996e-01,5.237276225564e-02
1.243861646947e+01,2.656250084996e-01,4.910663453546e-02
1.243861646947e+01,2.968750094997e-01,4.533648399127e-02
1.243861646947e+01,3.281250104998e-01,4.093609285424e-02
1.243861646947e+01,3.593750114998e-01,3.573326401588e-02
1.243861646947e+01,3.906250124999e-01,2.948678607992e-02
1.243861646947e+01,4.218750134999e-01,2.184800816998e-02
1.243861646947e+01,4.531250145000e-01,1.229352486011e-02
1.243861646947e+01,4.843750155000e-01,1.598113703726e-15
1.247209861339e+01,1.562500049998e-02,6.690179651847e-02
1.247209861339e+01,4.687500149995e-02,6.542119257035e-02
1.247209861339e+01,7.812500249990e-02,6.379190068885e-02
1.247209861340e+01,1.093750034998e-01,6.199041537486e-02
1.247209861340e+01,1.406250044998e-01,5.998800209289e-02
1.247209861340e+01,1.718750054997e-01,5.774915753888e-02
1.247209861340e+01,2.031250064997e-01,5.522949179826e-02
1.247209861340e+01,2.343750074996e-01,5.237276225564e-02
1.247209861340e+01,2.656250084996e-01,4.910663453546e-02
1.247209861340e+01,2.968750094997e-01,4.533648399127e-02
1.247209861340e+01,3.281250104998e-01,4.093609285424e-02
1.247209861340e+01,3.593750114998e-01,3.573326401588e-02
1.247209861340e+01,3.906250124999e-01,2.948678607992e-02
1.247209861340e+01,4.218750134999e-01,2.184800816998e-02
1.247209861340e+01,4.531250145000e-01,1.229352486011e-02
1.247209861340e+01,4.843750155000e-01,7.989593286001e-16
1.250558075732e+01,1.562500049998e-02,6.690179651847e-02
1.250558075732e+01,4.687500149995e-02,6.542119257035e-02
1.250558075732e+01,7.812500249990e-02,6.379190068885e-02
1.250558075732e+01,1.093750034998e-01,6.199041537486e-02
1.250558075732e+01,1.406250044998e-01,5.998800209289e-02
1.250558075733e+01,1.718750054997e-01,5.774915753888e-02
1.250558075733e+01,2.031250064997e-01,5.522949179826e-02
1.250558075733e+01,2.343750074996e-01,5.237276225564e-02
1.250558075733e+01,2.656250084996e-01,4.910663453546e-02
1.250558075733e+01,2.968750094997e-01,4.533648399127e-02
1.250558075733e+01,3.281250104998e-01,4.093609285424e-02
1.250558075733e+01,3.593750114998e-01,3.573326401588e-02
1.250558075733e+01,3.906250124999e-01,2.948678607992e-02
1.250558075733e+01,4.218750134999e-01,2.184800816998e-02
1.250558075733e+01,4.531250145000e-01,1.229352486011e-02
1.250558075733e+01,4.843750155000e-01,1.598113703726e-15
1.253906290125e+01,1.562500049998e-02,6.690179651847e-02
1.253906290125e+01,4.687500149995e-02,6.542119257035e-02
1.253906290125e+01,7.812500249990e-02,6.379190068885e-02
1.253906290125e+01,1.093750034998e-01,6.199041537486e-02
1.253906290125e+01,1.406250044998e-01,5.998800209289e-02
1.253906290125e+01,1.718750054997e-01,5.774915753888e-02
1.253906290126e+01,2.031250064997e-01,5.522949179826e-02
1.253906290126e+01,2.343750074996e-01,5.237276225564e-02
1.253906290126e+01,2.656250084996e-01,4.910663453546e-02
1.253906290126e+01,2.968750094997e-01,4.533648399127e-02
1.253906290126e+01,3.281250104998e-01,4.093609285424e-02
1.253906290126e+01,3.593750114998e-01,3.573326401588e-02
1.253906290126e+01,3.906250124999e-01,2.948678607992e-02
1.253906290126e+01,4.218750134999e-01,2.184800816998e-02
1.253906290126e+01,4.531250145000e-01,1.229352486011e-02
1.253906290126e+01,4.843750155000e-01,2.496747901876e-17
1.257254504518e+01,1.562500049998e-02,6.690179651847e-02
1.257254504518e+01,4.687500149995e-02,6.542119257035e-02
1.257254504518e+01,7.812500249990e-02,6.379190068885e-02
1.257254504518e+01,1.093750034998e-01,6.199041537486e-02
1.257254504518e+01,1.406250044998e-01,5.998800209289e-02
1.257254504518e+01,1.718750054997e-01,5.774915753888e-02
1.257254504518e+01,2.031250064997e-01,5.522949179826e-02
1.257254504518e+01,2.343750074996e-01,5.237276225564e-02
1.257254504518e+01,2.656250084996e-01,4.910663453546e-02
1.257254504519e+01,2.968750094997e-01,4.533648399127e-02
1.257254504519e+01,3.281250104998e-01,4.093609285424e-02
1.257254504519e+01,3.593750114998e-01,3.573326401588e-02
1.257254504519e+01,3.906250124999e-01,2.948678607992e-02
1.257254504519e+01,4.218750134999e-01,2.184800816998e-02
1.257254504519e+01,4.531250145000e-01,1.229352486011e-02
1.257254504519e+01,4.843750155000e-01,2.397008021227e-15
1.260602718911e+01,1.562500049998e-02,6.690179651847e-02
1.260602718911e+01,4.687500149995e-02,6.542119257035e-02
1.260602718911e+01,7.812500249990e-02,6.379190068885e-02
1.260602718911e+01,1.093750034998e-01,6.199041537486e-02
1.260602718911e+01,1.406250044998e-01,5.998800209289e-02
1.260602718911e+01,1.718750054997e-01,5.774915753888e-02
1.260602718911e+01,2.031250064997e-01,5.522949179826e-02
1.260602718911e+01,2.343750074996e-01,5.237276225564e-02
1.260602718911e+01,2.656250084996e-01,4.910663453546e-02
1.260602718911e+01,2.968750094997e-01,4.533648399127e-02
1.260602718911e+01,3.281250104998e-01,4.093609285424e-02
1.260602718911e+01,3.593750114998e-01,3.573326401588e-02
1.260602718912e+01,3.906250124999e-01,2.948678607992e-02
1.260602718912e+01,4.218750134999e-01,2.184800816998e-02
1.260602718912e+01,4.531250145000e-01,1.229352486011e-02
1.260602718912e+01,4.843750155000e-01,2.396877985801e-15
1.263950933304e+01,1.562500049998e-02,6.690179651847e-02
1.263950933304e+01,4.687500149995e-02,6.542119257035e-02
1.263950933304e+01,7.812500249990e-02,6.379190068885e-02
1.263950933304e+01,1.093750034998e-01,6.199041537486e-02
1.263950933304e+01,1.406250044998e-01,5.998800209289e-02
1.263950933304e+01,1.718750054997e-01,5.774915753888e-02
1.263950933304e+01,2.031250064997e-01,5.522949179826e-02
1.263950933304e+01,2.343750074996e-01,5.237276225564e-02
1.263950933304e+01,2.656250084996e-01,4.910663453546e-02
1.263950933304e+01,2.968750094997e-01,4.533648399127e-02
1.263950933304e+01,3.281250104998e-01,4.093609285424e-02
1.263950933304e+01,3.593750114998e-01,3.573326401588e-02
1.263950933304e+01,3.906250124999e-01,2.948678607992e-02
1.263950933304e+01,4.218750134999e-01,2.184800816998e-02
1.263950933304e+01,4.531250145000e-01,1.229352486011e-02
1.263950933304e+01,4.843750155000e-01,2.396877985801e-15
1.267299147697e+01,1.562500049998e-02,6.690179651847e-02
1.267299147697e+01,4.687500149995e-02,6.542119257035e-02
1.267299147697e+01,7.812500249990e-02,6.379190068885e-02
1.267299147697e+01,1.093750034998e-01,6.199041537486e-02
1.267299147697e+01,1.406250044998e-01,5.998800209289e-02
1.267299147697e+01,1.718750054997e-01,5.774915753888e-02
1.267299147697e+01,2.031250064997e-01,5.522949179826e-02
1.267299147697e+01,2.343750074996e-01,5.237276225564e-02
1.267299147697e+01,2.656250084996e-01,4.910663453546e-02
1.267299147697e+01,2.968750094997e-01,4.533648399127e-02
1.267299147697e+01,3.281250104998e-01,4.093609285424e-02
1.267299147697e+01,3.593750114998e-01,3.573326401588e-02
1.267299147697e+01,3.906250124999e-01,2.948678607992e-02
1.267299147697e+01,4.218750134999e-01,2.184800816998e-02
1.267299147697e+01,4.531250145000e-01,1.229352486011e-02
1.267299147697e+01,4.843750155000e-01,2.397008021227e-15
1.270647362090e+01,1.562500049998e-02,6.690179651847e-02
1.270647362090e+01,4.687500149995e-02,6.542119257035e-02
1.270647362090e+01,7.812500249990e-02,6.379190068885e-02
1.270647362090e+01,1.093750034998e-01,6.199041537486e-02
1.270647362090e+01,1.406250044998e-01,5.998800209289e-02
1.270647362090e+01,1.718750054997e-01,5.774915753888e-02
1.270647362090e+01,2.031250064997e-01,5.522949179826e-02
1.270647362090e+01,2.343750074996e-01,5.237276225564e-02
1.270647362090e+01,2.656250084996e-01,4.910663453546e-02
1.270647362090e+01,2.968750094997e-01,4.533648399127e-02
1.270647362090e+01,3.281250104998e-01,4.093609285424e-02
1.270647362090e+01,3.593750114998e-01,3.573326401588e-02
1.270647362090e+01,3.906250124999e-01,2.948678607992e-02
1.270647362090e+01,4.218750134999e-01,2.184800816998e-02
1.270647362090e+01,4.531250145000e-01,1.229352486011e-02
1.270647362090e+01,4.843750155000e-01,1.597918657201e-15
1.273995576482e+01,1.562500049998e-02,6.690179651847e-02
1.273995576482e+01,4.687500149994e-02,6.542119257035e-02
1.273995576482e+01,7.812500249990e-02,6.379190068885e-02
1.273995576482e+01,1.093750034998e-01,6.199041537486e-02
1.273995576483e+01,1.406250044998e-01,5.998800209289e-02
1.273995576483e+01,1.718750054997e-01,5.774915753888e-02
1.273995576483e+01,2.031250064997e-01,5.522949179826e-02
1.273995576483e+01,2.343750074996e-01,5.237276225564e-02
1.273995576483e+01,2.656250084996e-01,4.910663453546e-02
1.273995576483e+01,2.968750094997e-01,4.533648399127e-02
1.273995576483e+01,3.281250104998e-01,4.093609285424e-02
1.273995576483e+01,3.593750114998e-01,3.573326401588e-02
1.273995576483e+01,3.906250124999e-01,2.948678607992e-02
1.273995576483e+01,4.218750134999e-01,2.184800816998e-02
1.273995576483e+01,4.531250145000e-01,1.229352486011e-02
1.273995576483e+01,4.843750155000e-01,8.005182751141e-16
1.277343790875e+01,1.562500049998e-02,6.690179651847e-02
1.277343790875e+01,4.687500149994e-02,6.542119257035e-02
1.277343790875e+01,7.812500249990e-02,6.379190068885e-02
1.277343790875e+01,1.093750034998e-01,6.199041537486e-02
1.277343790875e+01,1.406250044998e-01,5.998800209289e-02
1.277343790875e+01,1.718750054997e-01,5.774915753888e-02
1.277343790875e+01,2.031250064996e-01,5.522949179826e-02
1.277343790876e+01,2.343750074996e-01,5.237276225564e-02
1.277343790876e+01,2.656250084996e-01,4.910663453548e-02
1.277343790876e+01,2.968750094997e-01,4.533648399127e-02
1.277343790876e+01,3.281250104998e-01,4.093609285424e-02
1.277343790876e+01,3.593750114998e-01,3.573326401588e-02
1.277343790876e+01,3.906250124999e-01,2.948678607992e-02
1.277343790876e+01,4.218750134999e-01,2.184800816998e-02
1.277343790876e+01,4.531250145000e-01,1.229352486011e-02
1.277343790876e+01,4.843750155000e-01,1.601036550228e-15
1.280692005268e+01,1.562500049998e-02,6.690179651847e-02
1.280692005268e+01,4.687500149994e-02,6.542119257035e-02
1.280692005268e+01,7.812500249990e-02,6.379190068885e-02
1.280692005268e+01,1.093750034998e-01,6.199041537486e-02
1.280692005268e+01,1.406250044998e-01,5.998800209289e-02
1.280692005268e+01,1.718750054997e-01,5.774915753888e-02
1.280692005268e+01,2.031250064996e-01,5.522949179826e-02
1.280692005268e+01,2.343750074996e-01,5.237276225564e-02
1.280692005268e+01,2.656250084996e-01,4.910663453548e-02
1.280692005268e+01,2.968750094997e-01,4.533648399127e-02
1.280692005268e+01,3.281250104998e-01,4.093609285424e-02
1.280692005269e+01,3.593750114998e-01,3.573326401588e-02
1.280692005269e+01,3.906250124999e-01,2.948678607992e-02
1.280692005269e+01,4.218750134999e-01,2.184800816998e-02
1.280692005269e+01,4.531250145000e-01,1.229352486011e-02
1.280692005269e+01,4.843750155000e-01,1.598698700526e-15
1.284040219661e+01,1.562500049998e-02,6.690179651847e-02
1.284040219661e+01,4.687500149994e-02,6.542119257035e-02
1.284040219661e+01,7.812500249990e-02,6.379190068885e-02
1.284040219661e+01,1.093750034998e-01,6.199041537486e-02
1.284040219661e+01,1.406250044998e-01,5.998800209289e-02
1.284040219661e+01,1.718750054997e-01,5.774915753888e-02
1.284040219661e+01,2.031250064996e-01,5.522949179826e-02
1.284040219661e+01,2.343750074996e-01,5.237276225564e-02
1.284040219661e+01,2.656250084996e-01,4.910663453548e-02
1.284040219661e+01,2.968750094997e-01,4.533648399127e-02
1.284040219661e+01,3.281250104998e-01,4.093609285424e-02
1.284040219661e+01,3.593750114998e-01,3.573326401588e-02
1.284040219661e+01,3.906250124999e-01,2.948678607992e-02
1.284040219662e+01,4.218750134999e-01,2.184800816998e-02
1.284040219662e+01,4.531250145000e-01,1.229352486011e-02
1.284040219662e+01,4.843750155000e-01,2.496747901876e-17
1.287388434054e+01,1.562500049998e-02,6.690179651847e-02
1.287388434054e+01,4.687500149994e-02,6.542119257035e-02
1.287388434054e+01,7.812500249990e-02,6.379190068885e-02
1.287388434054e+01,1.093750034998e-01,6.199041537486e-02
1.287388434054e+01,1.406250044998e-01,5.998800209289e-02
1.287388434054e+01,1.718750054997e-01,5.774915753888e-02
1.287388434054e+01,2.031250064996e-01,5.522949179826e-02
1.287388434054e+01,2.343750074996e-01,5.237276225564e-02
1.287388434054e+01,2.656250084996e-01,4.910663453548e-02
1.287388434054e+01,2.968750094997e-01,4.533648399127e-02
1.287388434054e+01,3.281250104998e-01,4.093609285424e-02
1.287388434054e+01,3.593750114998e-01,3.573326401588e-02
1.287388434054e+01,3.906250124999e-01,2.948678607992e-02
1.287388434054e+01,4.218750134999e-01,2.184800816998e-02
1.287388434054e+01,4.531250145000e-01,1.229352486011e-02
1.287388434054e+01,4.843750155000e-01,7.989593286001e-16
1.290736648447e+01,1.562500049998e-02,6.690179651847e-02
1.290736648447e+01,4.687500149994e-02,6.542119257035e-02
1.290736648447e+01,7.812500249989e-02,6.379190068885e-02
1.290736648447e+01,1.093750034998e-01,6.199041537486e-02
1.290736648447e+01,1.406250044998e-01,5.998800209289e-02
1.290736648447e+01,1.718750054997e-01,5.774915753888e-02
1.290736648447e+01,2.031250064996e-01,5.522949179826e-02
1.290736648447e+01,2.343750074996e-01,5.237276225564e-02
1.290736648447e+01,2.656250084996e-01,4.910663453548e-02
1.290736648447e+01,2.968750094997e-01,4.533648399127e-02
1.290736648447e+01,3.281250104998e-01,4.093609285424e-02
1.290736648447e+01,3.593750114998e-01,3.573326401588e-02
1.290736648447e+01,3.906250124999e-01,2.948678607992e-02
1.290736648447e+01,4.218750134999e-01,2.184800816998e-02
1.290736648447e+01,4.531250145000e-01,1.229352486011e-02
1.290736648447e+01,4.843750155000e-01,1.597918657201e-15
1.294084862840e+01,1.562500049998e-02,6.690179651847e-02
1.294084862840e+01,4.687500149994e-02,6.542119257035e-02
1.294084862840e+01,7.812500249989e-02,6.379190068885e-02
1.294084862840e+01,1.093750034998e-01,6.199041537486e-02
1.294084862840e+01,1.406250044998e-01,5.998800209289e-02
1.294084862840e+01,1.718750054997e-01,5.774915753888e-02
1.294084862840e+01,2.031250064996e-01,5.522949179826e-02
1.294084862840e+01,2.343750074996e-01,5.237276225564e-02
1.294084862840e+01,2.656250084996e-01,4.910663453548e-02
1.294084862840e+01,2.968750094997e-01,4.533648399127e-02
1.294084862840e+01,3.281250104997e-01,4.093609285424e-02
1.294084862840e+01,3.593750114998e-01,3.573326401588e-02
1.294084862840e+01,3.906250124999e-01,2.948678607992e-02
1.294084862840e+01,4.218750134999e-01,2.184800816998e-02
1.294084862840e+01,4.531250145000e-01,1.229352486011e-02
1.294084862840e+01,4.843750155000e-01,2.496747901876e-17
1.297433077233e+01,1.562500049998e-02,6.690179651847e-02
1.297433077233e+01,4.687500149994e-02,6.542119257035e-02
1.297433077233e+01,7.812500249989e-02,6.379190068885e-02
1.297433077233e+01,1.093750034998e-01,6.199041537486e-02
1.297433077233e+01,1.406250044998e-01,5.998800209289e-02
1.297433077233e+01,1.718750054997e-01,5.774915753888e-02
1.297433077233e+01,2.031250064996e-01,5.522949179827e-02
1.297433077233e+01,2.343750074996e-01,5.237276225564e-02
1.297433077233e+01,2.656250084996e-01,4.910663453548e-02
1.297433077233e+01,2.968750094997e-01,4.533648399127e-02
1.297433077233e+01,3.281250104997e-01,4.093609285424e-02
1.297433077233e+01,3.593750114998e-01,3.573326401588e-02
1.297433077233e+01,3.906250124999e-01,2.948678607992e-02
1.297433077233e+01,4.218750134999e-01,2.184800816998e-02
1.297433077233e+01,4.531250144999e-01,1.229352486011e-02
1.297433077233e+01,4.843750155000e-01,3.195934842128e-15
1.300781291625e+01,1.562500049998e-02,6.690179651847e-02
1.300781291626e+01,4.687500149994e-02,6.542119257035e-02
1.300781291626e+01,7.812500249989e-02,6.379190068885e-02
1.300781291626e+01,1.093750034998e-01,6.199041537486e-02
1.300781291626e+01,1.406250044997e-01,5.998800209289e-02
1.300781291626e+01,1.718750054997e-01,5.774915753888e-02
1.300781291626e+01,2.031250064996e-01,5.522949179827e-02
1.300781291626e+01,2.343750074996e-01,5.237276225564e-02
1.300781291626e+01,2.656250084996e-01,4.910663453548e-02
1.300781291626e+01,2.968750094997e-01,4.533648399127e-02
1.300781291626e+01,3.281250104997e-01,4.093609285424e-02
1.300781291626e+01,3.593750114998e-01,3.573326401588e-02
1.300781291626e+01,3.906250124999e-01,2.948678607992e-02
1.300781291626e+01,4.218750134999e-01,2.184800816998e-02
1.300781291626e+01,4.531250144999e-01,1.229352486011e-02
1.300781291626e+01,4.843750155000e-01,7.989593286001e-16
1.304129506018e+01,1.562500049998e-02,6.690179651847e-02
1.304129506018e+01,4.687500149994e-02,6.542119257035e-02
1.304129506018e+01,7.812500249989e-02,6.379190068885e-02
1.304129506018e+01,1.093750034998e-01,6.199041537486e-02
1.304129506018e+01,1.406250044997e-01,5.998800209289e-02
1.304129506018e+01,1.718750054997e-01,5.774915753888e-02
1.304129506018e+01,2.031250064996e-01,5.522949179827e-02
1.304129506018e+01,2.343750074996e-01,5.237276225564e-02
1.304129506018e+01,2.656250084996e-01,4.910663453548e-02
1.304129506018e+01,2.968750094997e-01,4.533648399127e-02
1.304129506018e+01,3.281250104997e-01,4.093609285424e-02
1.304129506018e+01,3.593750114998e-01,3.573326401588e-02
1.304129506019e+01,3.906250124999e-01,2.948678607992e-02
1.304129506019e+01,4.218750134999e-01,2.184800816998e-02
1.304129506019e+01,4.531250144999e-01,1.229352486011e-02
1.304129506019e+01,4.843750155000e-01,2.396877985801e-15
1.307477720411e+01,1.562500049998e-02,6.690179651847e-02
1.307477720411e+01,4.687500149994e-02,6.542119257035e-02
1.307477720411e+01,7.812500249989e-02,6.379190068885e-02
1.307477720411e+01,1.093750034998e-01,6.199041537486e-02
1.307477720411e+01,1.406250044997e-01,5.998800209289e-02
1.307477720411e+01,1.718750054997e-01,5.774915753888e-02
1.307477720411e+01,2.031250064996e-01,5.522949179827e-02
1.307477720411e+01,2.343750074996e-01,5.237276225564e-02
1.307477720411e+01,2.656250084996e-01,4.910663453548e-02
1.307477720411e+01,2.968750094997e-01,4.533648399127e-02
1.307477720411e+01,3.281250104997e-01,4.093609285424e-02
1.307477720411e+01,3.593750114998e-01,3.573326401588e-02
1.307477720411e+01,3.906250124999e-01,2.948678607992e-02
1.307477720411e+01,4.218750134999e-01,2.184800816998e-02
1.307477720411e+01,4.531250144999e-01,1.229352486011e-02
1.307477720411e+01,4.843750155000e-01,2.496747901876e-17
1.310825934804e+01,1.562500049998e-02,6.690179651847e-02
1.310825934804e+01,4.687500149994e-02,6.542119257035e-02
1.310825934804e+01,7.812500249989e-02,6.379190068885e-02
1.310825934804e+01,1.093750034998e-01,6.199041537486e-02
1.310825934804e+01,1.406250044997e-01,5.998800209289e-02
1.310825934804e+01,1.718750054997e-01,5.774915753888e-02
1.310825934804e+01,2.031250064996e-01,5.522949179827e-02
1.310825934804e+01,2.343750074996e-01,5.237276225564e-02
1.310825934804e+01,2.656250084996e-01,4.910663453548e-02
1.310825934804e+01,2.968750094997e-01,4.533648399127e-02
1.310825934804e+01,3.281250104997e-01,4.093609285424e-02
1.310825934804e+01,3.593750114998e-01,3.573326401588e-02
1.310825934804e+01,3.906250124998e-01,2.948678607992e-02
1.310825934804e+01,4.218750134999e-01,2.184800816998e-02
1.310825934804e+01,4.531250144999e-01,1.229352486011e-02
1.310825934804e+01,4.843750155000e-01,7.993493502629e-16
1.314174149197e+01,1.562500049998e-02,6.690179651847e-02
1.314174149197e+01,4.687500149994e-02,6.542119257035e-02
1.314174149197e+01,7.812500249989e-02,6.379190068885e-02
1.314174149197e+01,1.093750034998e-01,6.199041537486e-02
1.314174149197e+01,1.406250044997e-01,5.998800209289e-02
1.314174149197e+01,1.718750054997e-01,5.774915753888e-02
1.314174149197e+01,2.031250064996e-01,5.522949179827e-02
1.314174149197e+01,2.343750074996e-01,5.237276225564e-02
1.314174149197e+01,2.656250084996e-01,4.910663453548e-02
1.314174149197e+01,2.968750094997e-01,4.533648399127e-02
1.314174149197e+01,3.281250104997e-01,4.093609285424e-02
1.314174149197e+01,3.593750114998e-01,3.573326401588e-02
1.314174149197e+01,3.906250124998e-01,2.948678607992e-02
1.314174149197e+01,4.218750134999e-01,2.184800816998e-02
1.314174149197e+01,4.531250144999e-01,1.229352486011e-02
1.314174149197e+01,4.843750155000e-01,1.597918657201e-15
1.317522363590e+01,1.562500049998e-02,6.690179651847e-02
1.317522363590e+01,4.687500149994e-02,6.542119257035e-02
1.317522363590e+01,7.812500249989e-02,6.379190068885e-02
1.317522363590e+01,1.093750034998e-01,6.199041537486e-02
1.317522363590e+01,1.406250044997e-01,5.998800209289e-02
1.317522363590e+01,1.718750054997e-01,5.774915753888e-02
1.317522363590e+01,2.031250064996e-01,5.522949179827e-02
1.317522363590e+01,2.343750074996e-01,5.237276225564e-02
1.317522363590e+01,2.656250084996e-01,4.910663453548e-02
1.317522363590e+01,2.968750094997e-01,4.533648399127e-02
1.317522363590e+01,3.281250104997e-01,4.093609285424e-02
1.317522363590e+01,3.593750114998e-01,3.573326401588e-02
1.317522363590e+01,3.906250124998e-01,2.948678607992e-02
1.317522363590e+01,4.218750134999e-01,2.184800816998e-02
1.317522363590e+01,4.531250144999e-01,1.229352486011e-02
1.317522363590e+01,4.843750155000e-01,8.005182751141e-16
1.320870577983e+01,1.562500049998e-02,6.690179651847e-02
1.320870577983e+01,4.687500149994e-02,6.542119257035e-02
1.320870577983e+01,7.812500249989e-02,6.379190068885e-02
1.320870577983e+01,1.093750034998e-01,6.199041537486e-02
1.320870577983e+01,1.406250044997e-01,5.998800209289e-02
1.320870577983e+01,1.718750054997e-01,5.774915753888e-02
1.320870577983e+01,2.031250064996e-01,5.522949179827e-02
1.320870577983e+01,2.343750074996e-01,5.237276225564e-02
1.320870577983e+01,2.656250084996e-01,4.910663453548e-02
1.320870577983e+01,2.968750094997e-01,4.533648399127e-02
1.320870577983e+01,3.281250104997e-01,4.093609285424e-02
1.320870577983e+01,3.593750114998e-01,3.573326401588e-02
1.320870577983e+01,3.906250124998e-01,2.948678607992e-02
1.320870577983e+01,4.218750134999e-01,2.184800816998e-02
1.320870577983e+01,4.531250144999e-01,1.229352486011e-02
1.320870577983e+01,4.843750155000e-01,2.397008021227e-15
1.324218792376e+01,1.562500049998e-02,6.690179651847e-02
1.324218792376e+01,4.687500149994e-02,6.542119257035e-02
1.324218792376e+01,7.812500249989e-02,6.379190068885e-02
1.324218792376e+01,1.093750034998e-01,6.199041537486e-02
1.324218792376e+01,1.406250044997e-01,5.998800209289e-02
1.324218792376e+01,1.718750054997e-01,5.774915753888e-02
1.324218792376e+01,2.031250064996e-01,5.522949179827e-02
1.324218792376e+01,2.343750074996e-01,5.237276225564e-02
1.324218792376e+01,2.656250084996e-01,4.910663453548e-02
1.324218792376e+01,2.968750094997e-01,4.533648399127e-02
1.324218792376e+01,3.281250104997e-01,4.093609285424e-02
1.324218792376e+01,3.593750114998e-01,3.573326401588e-02
1.324218792376e+01,3.906250124998e-01,2.948678607992e-02
1.324218792376e+01,4.218750134999e-01,2.184800816998e-02
1.324218792376e+01,4.531250144999e-01,1.229352486011e-02
1.324218792376e+01,4.843750155000e-01,1.598113703726e-15
1.327567006768e+01,1.562500049998e-02,6.690179651847e-02
1.327567006768e+01,4.687500149994e-02,6.542119257035e-02
1.327567006769e+01,7.812500249989e-02,6.379190068885e-02
1.327567006769e+01,1.093750034998e-01,6.199041537486e-02
1.327567006769e+01,1.406250044997e-01,5.998800209289e-02
1.327567006769e+01,1.718750054997e-01,5.774915753888e-02
1.327567006769e+01,2.031250064996e-01,5.522949179827e-02
1.327567006769e+01,2.343750074996e-01,5.237276225564e-02
1.327567006769e+01,2.656250084996e-01,4.910663453548e-02
1.327567006769e+01,2.968750094997e-01,4.533648399127e-02
1.327567006769e+01,3.281250104997e-01,4.093609285424e-02
1.327567006769e+01,3.593750114998e-01,3.573326401588e-02
1.327567006769e+01,3.906250124998e-01,2.948678607992e-02
1.327567006769e+01,4.218750134999e-01,2.184800816998e-02
1.327567006769e+01,4.531250144999e-01,1.229352486011e-02
1.327567006769e+01,4.843750155000e-01,4.793755971601e-15
1.330915221161e+01,1.562500049998e-02,6.690179651847e-02
1.330915221161e+01,4.687500149994e-02,6.542119257035e-02
1.330915221161e+01,7.812500249989e-02,6.379190068885e-02
1.330915221161e+01,1.093750034998e-01,6.199041537486e-02
1.330915221161e+01,1.406250044997e-01,5.998800209289e-02
1.330915221161e+01,1.718750054997e-01,5.774915753888e-02
1.330915221161e+01,2.031250064996e-01,5.522949179827e-02
1.330915221161e+01,2.343750074996e-01,5.237276225564e-02
1.330915221161e+01,2.656250084996e-01,4.910663453548e-02
1.330915221161e+01,2.968750094997e-01,4.533648399127e-02
1.330915221161e+01,3.281250104997e-01,4.093609285424e-02
1.330915221161e+01,3.593750114998e-01,3.573326401588e-02
1.330915221161e+01,3.906250124998e-01,2.948678607992e-02
1.330915221161e+01,4.218750134999e-01,2.184800816998e-02
1.330915221161e+01,4.531250144999e-01,1.229352486011e-02
1.330915221161e+01,4.843750155000e-01,2.396877985801e-15
1.334263435554e+01,1.562500049998e-02,6.690179651847e-02
1.334263435554e+01,4.687500149994e-02,6.542119257035e-02
1.334263435554e+01,7.812500249989e-02,6.379190068885e-02
1.334263435554e+01,1.093750034998e-01,6.199041537486e-02
1.334263435554e+01,1.406250044997e-01,5.998800209289e-02
1.334263435554e+01,1.718750054997e-01,5.774915753888e-02
1.334263435554e+01,2.031250064996e-01,5.522949179827e-02
1.334263435554e+01,2.343750074996e-01,5.237276225564e-02
1.334263435554e+01,2.656250084996e-01,4.910663453548e-02
1.334263435554e+01,2.968750094997e-01,4.533648399127e-02
1.334263435554e+01,3.281250104997e-01,4.093609285424e-02
1.334263435554e+01,3.593750114998e-01,3.573326401588e-02
1.334263435554e+01,3.906250124998e-01,2.948678607992e-02
1.334263435554e+01,4.218750134999e-01,2.184800816998e-02
1.334263435554e+01,4.531250144999e-01,1.229352486011e-02
1.334263435554e+01,4.843750155000e-01,5.592715300201e-15
1.337611649947e+01,1.562500049998e-02,6.690179651847e-02
1.337611649947e+01,4.687500149994e-02,6.542119257035e-02
1.337611649947e+01,7.812500249989e-02,6.379190068885e-02
1.337611649947e+01,1.093750034998e-01,6.199041537486e-02
1.337611649947e+01,1.406250044997e-01,5.998800209289e-02
1.337611649947e+01,1.718750054997e-01,5.774915753888e-02
1.337611649947e+01,2.031250064996e-01,5.522949179827e-02
1.337611649947e+01,2.343750074996e-01,5.237276225564e-02
1.337611649947e+01,2.656250084996e-01,4.910663453548e-02
1.337611649947e+01,2.968750094997e-01,4.533648399127e-02
1.337611649947e+01,3.281250104997e-01,4.093609285425e-02
1.337611649947e+01,3.593750114998e-01,3.573326401588e-02
1.337611649947e+01,3.906250124998e-01,2.948678607992e-02
1.337611649947e+01,4.218750134999e-01,2.184800816998e-02
1.337611649947e+01,4.531250144999e-01,1.229352486011e-02
1.337611649947e+01,4.843750155000e-01,7.993493502629e-16
1.340959864340e+01,4.843750155000e-01,2.396877985801e-15
1.340959864340e+01,4.531250144999e-01,1.229352486011e-02
1.340959864340e+01,4.218750134999e-01,2.184800816998e-02
1.340959864340e+01,3.906250124998e-01,2.948678607992e-02
1.340959864340e+01,3.593750114998e-01,3.573326401588e-02
1.340959864340e+01,3.281250104997e-01,4.093609285425e-02
1.340959864340e+01,2.968750094997e-01,4.533648399127e-02
1.340959864340e+01,2.656250084996e-01,4.910663453548e-02
1.340959864340e+01,2.343750074996e-01,5.237276225564e-02
1.340959864340e+01,2.031250064996e-01,5.522949179827e-02
1.340959864340e+01,1.718750054997e-01,5.774915753888e-02
1.340959864340e+01,1.406250044997e-01,5.998800209289e-02
1.340959864340e+01,1.093750034998e-01,6.199041537486e-02
1.340959864340e+01,7.812500249989e-02,6.379190068885e-02
1.340959864340e+01,4.687500149994e-02,6.542119257035e-02
1.340959864340e+01,1.562500049998e-02,6.690179651847e-02
1.344308078733e+01,4.843750155000e-01,2.396877985801e-15
1.344308078733e+01,4.531250144999e-01,1.229352486011e-02
1.344308078733e+01,4.218750134999e-01,2.184800816998e-02
1.344308078733e+01,3.906250124998e-01,2.948678607992e-02
1.344308078733e+01,3.593750114998e-01,3.573326401588e-02
1.344308078733e+01,3.281250104997e-01,4.093609285425e-02
1.344308078733e+01,2.968750094997e-01,4.533648399127e-02
1.344308078733e+01,2.656250084996e-01,4.910663453548e-02
1.344308078733e+01,2.343750074996e-01,5.237276225564e-02
1.344308078733e+01,2.031250064996e-01,5.522949179827e-02
1.344308078733e+01,1.718750054997e-01,5.774915753888e-02
1.344308078733e+01,1.406250044997e-01,5.998800209289e-02
1.344308078733e+01,1.093750034998e-01,6.199041537486e-02
1.344308078733e+01,7.812500249989e-02,6.379190068885e-02
1.344308078733e+01,4.687500149994e-02,6.542119257035e-02
1.344308078733e+01,1.562500049998e-02,6.690179651847e-02
1.347656293126e+01,4.843750155000e-01,2.397008021227e-15
1.347656293126e+01,4.531250144999e-01,1.229352486011e-02
1.347656293126e+01,4.218750134999e-01,2.184800816998e-02
1.347656293126e+01,3.906250124998e-01,2.948678607992e-02
1.347656293126e+01,3.593750114998e-01,3.573326401588e-02
1.347656293126e+01,3.281250104997e-01,4.093609285425e-02
1.347656293126e+01,2.968750094997e-01,4.533648399127e-02
1.347656293126e+01,2.656250084996e-01,4.910663453548e-02
1.347656293126e+01,2.343750074996e-01,5.237276225564e-02
1.347656293126e+01,2.031250064996e-01,5.522949179827e-02
1.347656293126e+01,1.718750054997e-01,5.774915753888e-02
1.347656293126e+01,1.406250044997e-01,5.998800209289e-02
1.347656293126e+01,1.093750034998e-01,6.199041537486e-02
1.347656293126e+01,7.812500249988e-02,6.379190068885e-02
1.347656293126e+01,4.687500149994e-02,6.542119257035e-02
1.347656293126e+01,1.562500049998e-02,6.690179651847e-02
1.351004507518e+01,4.843750155000e-01,2.496747901876e-17
1.351004507518e+01,4.531250144999e-01,1.229352486011e-02
1.351004507518e+01,4.218750134999e-01,2.184800816998e-02
1.351004507518e+01,3.906250124998e-01,2.948678607992e-02
1.351004507518e+01,3.593750114998e-01,3.573326401588e-02
1.351004507518e+01,3.281250104997e-01,4.093609285425e-02
1.351004507518e+01,2.968750094997e-01,4.533648399127e-02
1.351004507518e+01,2.656250084996e-01,4.910663453548e-02
1.351004507518e+01,2.343750074996e-01,5.237276225564e-02
1.351004507518e+01,2.031250064996e-01,5.522949179827e-02
1.351004507518e+01,1.718750054997e-01,5.774915753888e-02
1.351004507518e+01,1.406250044997e-01,5.998800209289e-02
1.351004507518e+01,1.093750034998e-01,6.199041537486e-02
1.351004507518e+01,7.812500249988e-02,6.379190068885e-02
1.351004507518e+01,4.687500149994e-02,6.542119257035e-02
1.351004507518e+01,1.562500049998e-02,6.690179651847e-02
1.354352721911e+01,4.843750155000e-01,5.592715300201e-15
1.354352721911e+01,4.531250144999e-01,1.229352486011e-02
1.354352721911e+01,4.218750134999e-01,2.184800816998e-02
1.354352721911e+01,3.906250124998e-01,2.948678607992e-02
1.354352721911e+01,3.593750114998e-01,3.573326401588e-02
1.354352721911e+01,3.281250104997e-01,4.093609285425e-02
1.354352721911e+01,2.968750094997e-01,4.533648399127e-02
1.354352721911e+01,2.656250084996e-01,4.910663453548e-02
1.354352721911e+01,2.343750074996e-01,5.237276225564e-02
1.354352721911e+01,2.031250064996e-01,5.522949179827e-02
1.354352721911e+01,1.718750054997e-01,5.774915753888e-02
1.354352721911e+01,1.406250044997e-01,5.998800209289e-02
1.354352721911e+01,1.093750034998e-01,6.199041537486e-02
1.354352721911e+01,7.812500249988e-02,6.379190068885e-02
1.354352721911e+01,4.687500149994e-02,6.542119257035e-02
1.354352721911e+01,1.562500049998e-02,6.690179651847e-02
1.357700936304e+01,4.843750155000e-01,0.000000000000e+00
1.357700936304e+01,4.531250144999e-01,1.229352486011e-02
1.357700936304e+01,4.218750134999e-01,2.184800816998e-02
1.357700936304e+01,3.906250124998e-01,2.948678607992e-02
1.357700936304e+01,3.593750114998e-01,3.573326401588e-02
1.357700936304e+01,3.281250104997e-01,4.093609285425e-02
1.357700936304e+01,2.968750094996e-01,4.533648399127e-02
1.357700936304e+01,2.656250084996e-01,4.910663453548e-02
1.357700936304e+01,2.343750074995e-01,5.237276225564e-02
1.357700936304e+01,2.031250064996e-01,5.522949179827e-02
1.357700936304e+01,1.718750054997e-01,5.774915753888e-02
1.357700936304e+01,1.406250044997e-01,5.998800209289e-02
1.357700936304e+01,1.093750034998e-01,6.199041537486e-02
1.357700936304e+01,7.812500249988e-02,6.379190068885e-02
1.357700936304e+01,4.687500149994e-02,6.542119257035e-02
1.357700936304e+01,1.562500049998e-02,6.690179651847e-02
1.361049150697e+01,4.843750155000e-01,2.496747901876e-17
1.361049150697e+01,4.531250144999e-01,1.229352486011e-02
1.361049150697e+01,4.218750134999e-01,2.184800816998e-02
1.361049150697e+01,3.906250124998e-01,2.948678607992e-02
1.361049150697e+01,3.593750114998e-01,3.573326401588e-02
1.361049150697e+01,3.281250104997e-01,4.093609285425e-02
1.361049150697e+01,2.968750094996e-01,4.533648399127e-02
1.361049150697e+01,2.656250084996e-01,4.910663453548e-02
1.361049150697e+01,2.343750074995e-01,5.237276225564e-02
1.361049150697e+01,2.031250064996e-01,5.522949179827e-02
1.361049150697e+01,1.718750054997e-01,5.774915753888e-02
1.361049150697e+01,1.406250044997e-01,5.998800209289e-02
1.361049150697e+01,1.093750034998e-01,6.199041537486e-02
1.361049150697e+01,7.812500249988e-02,6.379190068885e-02
1.361049150697e+01,4.687500149994e-02,6.542119257035e-02
1.361049150697e+01,1.562500049998e-02,6.690179651847e-02
1.364397365090e+01,4.843750155000e-01,5.592771030902e-15
1.364397365090e+01,4.531250144999e-01,1.229352486011e-02
1.364397365090e+01,4.218750134999e-01,2.184800816998e-02
1.364397365090e+01,3.906250124998e-01,2.948678607992e-02
1.364397365090e+01,3.593750114998e-01,3.573326401588e-02
1.364397365090e+01,3.281250104997e-01,4.093609285425e-02
1.364397365090e+01,2.968750094996e-01,4.533648399127e-02
1.364397365090e+01,2.656250084996e-01,4.910663453548e-02
1.364397365090e+01,2.343750074995e-01,5.237276225564e-02
1.364397365090e+01,2.031250064996e-01,5.522949179827e-02
1.364397365090e+01,1.718750054997e-01,5.774915753888e-02
1.364397365090e+01,1.406250044997e-01,5.998800209289e-02
1.364397365090e+01,1.093750034998e-01,6.199041537486e-02
1.364397365090e+01,7.812500249988e-02,6.379190068885e-02
1.364397365090e+01,4.687500149994e-02,6.542119257035e-02
1.364397365090e+01,1.562500049997e-02,6.690179651847e-02
1.367745579483e+01,4.843750155000e-01,7.989593286001e-16
1.367745579483e+01,4.531250144999e-01,1.229352486011e-02
1.367745579483e+01,4.218750134999e-01,2.184800816998e-02
1.367745579483e+01,3.906250124998e-01,2.948678607992e-02
1.367745579483e+01,3.593750114998e-01,3.573326401588e-02
1.367745579483e+01,3.281250104997e-01,4.093609285425e-02
1.367745579483e+01,2.968750094996e-01,4.533648399127e-02
1.367745579483e+01,2.656250084996e-01,4.910663453548e-02
1.367745579483e+01,2.343750074995e-01,5.237276225564e-02
1.367745579483e+01,2.031250064996e-01,5.522949179827e-02
1.367745579483e+01,1.718750054997e-01,5.774915753888e-02
1.367745579483e+01,1.406250044997e-01,5.998800209289e-02
1.367745579483e+01,1.093750034998e-01,6.199041537486e-02
1.367745579483e+01,7.812500249988e-02,6.379190068885e-02
1.367745579483e+01,4.687500149994e-02,6.542119257035e-02
1.367745579483e+01,1.562500049997e-02,6.690179651847e-02
1.371093793876e+01,4.843750155000e-01,7.989593286001e-16
1.371093793876e+01,4.531250144999e-01,1.229352486011e-02
1.371093793876e+01,4.218750134999e-01,2.184800816998e-02
1.371093793876e+01,3.906250124998e-01,2.948678607992e-02
1.371093793876e+01,3.593750114998e-01,3.573326401588e-02
1.371093793876e+01,3.281250104997e-01,4.093609285425e-02
1.371093793876e+01,2.968750094996e-01,4.533648399127e-02
1.371093793876e+01,2.656250084996e-01,4.910663453548e-02
1.371093793876e+01,2.343750074995e-01,5.237276225564e-02
1.371093793876e+01,2.031250064996e-01,5.522949179827e-02
1.371093793876e+01,1.718750054997e-01,5.774915753888e-02
1.371093793876e+01,1.406250044997e-01,5.998800209289e-02
1.371093793876e+01,1.093750034998e-01,6.199041537486e-02
1.371093793876e+01,7.812500249988e-02,6.379190068885e-02
1.371093793876e+01,4.687500149994e-02,6.542119257035e-02
1.371093793876e+01,1.562500049997e-02,6.690179651847e-02
1.374442008268e+01,4.843750155000e-01,1.598113703726e-15
1.374442008268e+01,4.531250144999e-01,1.229352486011e-02
1.374442008268e+01,4.218750134999e-01,2.184800816998e-02
1.374442008268e+01,3.906250124998e-01,2.948678607992e-02
1.374442008268e+01,3.593750114998e-01,3.573326401588e-02
1.374442008268e+01,3.281250104997e-01,4.093609285425e-02
1.374442008268e+01,2.968750094996e-01,4.533648399127e-02
1.374442008268e+01,2.656250084996e-01,4.910663453548e-02
1.374442008268e+01,2.343750074995e-01,5.237276225564e-02
1.374442008268e+01,2.031250064996e-01,5.522949179827e-02
1.374442008268e+01,1.718750054997e-01,5.774915753888e-02
1.374442008268e+01,1.406250044997e-01,5.998800209289e-02
1.374442008268e+01,1.093750034998e-01,6.199041537486e-02
1.374442008268e+01,7.812500249988e-02,6.379190068885e-02
1.374442008268e+01,4.687500149993e-02,6.542119257035e-02
1.374442008268e+01,1.562500049997e-02,6.690179651847e-02
1.377790222661e+01,4.843750155000e-01,7.993493502629e-16
1.377790222661e+01,4.531250144999e-01,1.229352486011e-02
1.377790222661e+01,4.218750134999e-01,2.184800816998e-02
1.377790222661e+01,3.906250124998e-01,2.948678607992e-02
1.377790222661e+01,3.593750114998e-01,3.573326401588e-02
1.377790222661e+01,3.281250104997e-01,4.093609285425e-02
1.377790222661e+01,2.968750094996e-01,4.533648399127e-02
1.377790222661e+01,2.656250084996e-01,4.910663453548e-02
1.377790222661e+01,2.343750074995e-01,5.237276225565e-02
1.377790222661e+01,2.031250064996e-01,5.522949179827e-02
1.377790222661e+01,1.718750054997e-01,5.774915753888e-02
1.377790222661e+01,1.406250044997e-01,5.998800209289e-02
1.377790222661e+01,1.093750034998e-01,6.199041537486e-02
1.377790222661e+01,7.812500249988e-02,6.379190068885e-02
1.377790222661e+01,4.687500149993e-02,6.542119257035e-02
1.377790222661e+01,1.562500049997e-02,6.690179651847e-02
1.381138437054e+01,4.843750155000e-01,3.995108724299e-15
1.381138437054e+01,4.531250144999e-01,1.229352486011e-02
1.381138437054e+01,4.218750134999e-01,2.184800816998e-02
1.381138437054e+01,3.906250124998e-01,2.948678607992e-02
1.381138437054e+01,3.593750114998e-01,3.573326401588e-02
1.381138437054e+01,3.281250104997e-01,4.093609285425e-02
1.381138437054e+01,2.968750094996e-01,4.533648399127e-02
1.381138437054e+01,2.656250084996e-01,4.910663453548e-02
1.381138437054e+01,2.343750074995e-01,5.237276225565e-02
1.381138437054e+01,2.031250064996e-01,5.522949179827e-02
1.381138437054e+01,1.718750054997e-01,5.774915753888e-02
1.381138437054e+01,1.406250044997e-01,5.998800209289e-02
1.381138437054e+01,1.093750034998e-01,6.199041537486e-02
1.381138437054e+01,7.812500249988e-02,6.379190068885e-02
1.381138437054e+01,4.687500149993e-02,6.542119257035e-02
1.381138437054e+01,1.562500049997e-02,6.690179651847e-02
1.384486651447e+01,4.843750155000e-01,1.597918657201e-15
1.384486651447e+01,4.531250144999e-01,1.229352486011e-02
1.384486651447e+01,4.218750134999e-01,2.184800816998e-02
1.384486651447e+01,3.906250124998e-01,2.948678607992e-02
1.384486651447e+01,3.593750114998e-01,3.573326401588e-02
1.384486651447e+01,3.281250104997e-01,4.093609285425e-02
1.384486651447e+01,2.968750094996e-01,4.533648399127e-02
1.384486651447e+01,2.656250084996e-01,4.910663453548e-02
1.384486651447e+01,2.343750074995e-01,5.237276225565e-02
1.384486651447e+01,2.031250064996e-01,5.522949179827e-02
1.384486651447e+01,1.718750054997e-01,5.774915753888e-02
1.384486651447e+01,1.406250044997e-01,5.998800209289e-02
1.384486651447e+01,1.093750034998e-01,6.199041537486e-02
1.384486651447e+01,7.812500249988e-02,6.379190068885e-02
1.384486651447e+01,4.687500149993e-02,6.542119257035e-02
1.384486651447e+01,1.562500049997e-02,6.690179651847e-02
1.387834865840e+01,4.843750155000e-01,2.397008021227e-15
1.387834865840e+01,4.531250144999e-01,1.229352486011e-02
1.387834865840e+01,4.218750134999e-01,2.184800816998e-02
1.387834865840e+01,3.906250124998e-01,2.948678607992e-02
1.387834865840e+01,3.593750114998e-01,3.573326401588e-02
1.387834865840e+01,3.281250104997e-01,4.093609285425e-02
1.387834865840e+01,2.968750094996e-01,4.533648399127e-02
1.387834865840e+01,2.656250084995e-01,4.910663453548e-02
1.387834865840e+01,2.343750074995e-01,5.237276225565e-02
1.387834865840e+01,2.031250064996e-01,5.522949179827e-02
1.387834865840e+01,1.718750054997e-01,5.774915753888e-02
1.387834865840e+01,1.406250044997e-01,5.998800209289e-02
1.387834865840e+01,1.093750034998e-01,6.199041537486e-02
1.387834865840e+01,7.812500249988e-02,6.379190068885e-02
1.387834865840e+01,4.687500149993e-02,6.542119257035e-02
1.387834865840e+01,1.562500049997e-02,6.690179651847e-02
1.391183080233e+01,4.843750155000e-01,7.190677303590e-15
1.391183080233e+01,4.531250144999e-01,1.229352486011e-02
1.391183080233e+01,4.218750134999e-01,2.184800816998e-02
1.391183080233e+01,3.906250124998e-01,2.948678607992e-02
1.391183080233e+01,3.593750114998e-01,3.573326401588e-02
1.391183080233e+01,3.281250104997e-01,4.093609285425e-02
1.391183080233e+01,2.968750094996e-01,4.533648399127e-02
1.391183080233e+01,2.656250084995e-01,4.910663453548e-02
1.391183080233e+01,2.343750074995e-01,5.237276225565e-02
1.391183080233e+01,2.031250064996e-01,5.522949179827e-02
1.391183080233e+01,1.718750054996e-01,5.774915753888e-02
1.391183080233e+01,1.406250044997e-01,5.998800209289e-02
1.391183080233e+01,1.093750034998e-01,6.199041537486e-02
1.391183080233e+01,7.812500249988e-02,6.379190068885e-02
1.391183080233e+01,4.687500149993e-02,6.542119257035e-02
1.391183080233e+01,1.562500049997e-02,6.690179651847e-02
1.394531294625e+01,4.843750155000e-01,3.195934842128e-15
1.394531294625e+01,4.531250144999e-01,1.229352486011e-02
1.394531294625e+01,4.218750134999e-01,2.184800816998e-02
1.394531294625e+01,3.906250124998e-01,2.948678607992e-02
1.394531294625e+01,3.593750114998e-01,3.573326401588e-02
1.394531294625e+01,3.281250104997e-01,4.093609285425e-02
1.394531294625e+01,2.968750094996e-01,4.533648399127e-02
1.394531294625e+01,2.656250084995e-01,4.910663453548e-02
1.394531294625e+01,2.343750074995e-01,5.237276225565e-02
1.394531294625e+01,2.031250064996e-01,5.522949179827e-02
1.394531294625e+01,1.718750054996e-01,5.774915753888e-02
1.394531294625e+01,1.406250044997e-01,5.998800209289e-02
1.394531294625e+01,1.093750034998e-01,6.199041537486e-02
1.394531294625e+01,7.812500249988e-02,6.379190068885e-02
1.394531294625e+01,4.687500149993e-02,6.542119257035e-02
1.394531294625e+01,1.562500049997e-02,6.690179651847e-02
1.397879509018e+01,4.843750155000e-01,8.005182751141e-16
1.397879509018e+01,4.531250144999e-01,1.229352486011e-02
1.397879509018e+01,4.218750134999e-01,2.184800816998e-02
1.397879509018e+01,3.906250124998e-01,2.948678607992e-02
1.397879509018e+01,3.593750114998e-01,3.573326401588e-02
1.397879509018e+01,3.281250104997e-01,4.093609285425e-02
1.397879509018e+01,2.968750094996e-01,4.533648399127e-02
1.397879509018e+01,2.656250084995e-01,4.910663453548e-02
1.397879509018e+01,2.343750074995e-01,5.237276225565e-02
1.397879509018e+01,2.031250064996e-01,5.522949179827e-02
1.397879509018e+01,1.718750054996e-01,5.774915753888e-02
1.397879509018e+01,1.406250044997e-01,5.998800209289e-02
1.397879509018e+01,1.093750034998e-01,6.199041537486e-02
1.397879509018e+01,7.812500249988e-02,6.379190068885e-02
1.397879509018e+01,4.687500149993e-02,6.542119257035e-02
1.397879509018e+01,1.562500049997e-02,6.690179651847e-02
1.401227723411e+01,4.843750155000e-01,8.024626993413e-16
1.401227723411e+01,4.531250144999e-01,1.229352486011e-02
1.401227723411e+01,4.218750134999e-01,2.184800816998e-02
1.401227723411e+01,3.906250124998e-01,2.948678607993e-02
1.401227723411e+01,3.593750114998e-01,3.573326401588e-02
1.401227723411e+01,3.281250104997e-01,4.093609285425e-02
1.401227723411e+01,2.968750094996e-01,4.533648399128e-02
1.401227723411e+01,2.656250084995e-01,4.910663453548e-02
1.401227723411e+01,2.343750074995e-01,5.237276225565e-02
1.401227723411e+01,2.031250064996e-01,5.522949179827e-02
1.401227723411e+01,1.718750054996e-01,5.774915753888e-02
1.401227723411e+01,1.406250044997e-01,5.998800209289e-02
1.401227723411e+01,1.093750034998e-01,6.199041537486e-02
1.401227723411e+01,7.812500249988e-02,6.379190068885e-02
1.401227723411e+01,4.687500149993e-02,6.542119257035e-02
1.401227723411e+01,1.562500049997e-02,6.690179651847e-02
1.404575937804e+01,4.843750155000e-01,1.038659130707e-14
1.404575937804e+01,4.531250144999e-01,1.229352486011e-02
1.404575937804e+01,4.218750134999e-01,2.184800816998e-02
1.404575937804e+01,3.906250124998e-01,2.948678607993e-02
1.404575937804e+01,3.593750114997e-01,3.573326401588e-02
1.404575937804e+01,3.281250104997e-01,4.093609285425e-02
1.404575937804e+01,2.968750094996e-01,4.533648399128e-02
1.404575937804e+01,2.656250084995e-01,4.910663453548e-02
1.404575937804e+01,2.343750074995e-01,5.237276225565e-02
1.404575937804e+01,2.031250064996e-01,5.522949179827e-02
1.404575937804e+01,1.718750054996e-01,5.774915753888e-02
1.404575937804e+01,1.406250044997e-01,5.998800209289e-02
1.404575937804e+01,1.093750034998e-01,6.199041537486e-02
1.404575937804e+01,7.812500249988e-02,6.379190068885e-02
1.404575937804e+01,4.687500149993e-02,6.542119257035e-02
1.404575937804e+01,1.562500049997e-02,6.690179651847e-02
1.407924152197e+01,4.843750155000e-01,8.788552614601e-15
1.407924152197e+01,4.531250144999e-01,1.229352486011e-02
1.407924152197e+01,4.218750134999e-01,2.184800816999e-02
1.407924152197e+01,3.906250124998e-01,2.948678607993e-02
1.407924152197e+01,3.593750114997e-01,3.573326401588e-02
1.407924152197e+01,3.281250104997e-01,4.093609285425e-02
1.407924152197e+01,2.968750094996e-01,4.533648399128e-02
1.407924152197e+01,2.656250084995e-01,4.910663453548e-02
1.407924152197e+01,2.343750074995e-01,5.237276225565e-02
1.407924152197e+01,2.031250064996e-01,5.522949179827e-02
1.407924152197e+01,1.718750054996e-01,5.774915753888e-02
1.407924152197e+01,1.406250044997e-01,5.998800209289e-02
1.407924152197e+01,1.093750034998e-01,6.199041537486e-02
1.407924152197e+01,7.812500249988e-02,6.379190068885e-02
1.407924152197e+01,4.687500149993e-02,6.542119257035e-02
1.407924152197e+01,1.562500049997e-02,6.690179651847e-02
1.411272366590e+01,4.843750155000e-01,1.597918657201e-15
1.411272366590e+01,4.531250144999e-01,1.229352486011e-02
1.411272366590e+01,4.218750134999e-01,2.184800816999e-02
1.411272366590e+01,3.906250124998e-01,2.948678607993e-02
1.411272366590e+01,3.593750114997e-01,3.573326401588e-02
1.411272366590e+01,3.281250104997e-01,4.093609285425e-02
1.411272366590e+01,2.968750094996e-01,4.533648399128e-02
1.411272366590e+01,2.656250084995e-01,4.910663453548e-02
1.411272366590e+01,2.343750074995e-01,5.237276225565e-02
1.411272366590e+01,2.031250064996e-01,5.522949179827e-02
1.411272366590e+01,1.718750054996e-01,5.774915753888e-02
1.411272366590e+01,1.406250044997e-01,5.998800209289e-02
1.411272366590e+01,1.093750034998e-01,6.199041537486e-02
1.411272366590e+01,7.812500249987e-02,6.379190068885e-02
1.411272366590e+01,4.687500149993e-02,6.542119257035e-02
1.411272366590e+01,1.562500049997e-02,6.690179651847e-02
1.414620580983e+01,4.843750155000e-01,2.397008021227e-15
1.414620580983e+01,4.531250144999e-01,1.229352486011e-02
1.414620580983e+01,4.218750134999e-01,2.184800816999e-02
1.414620580983e+01,3.906250124998e-01,2.948678607993e-02
1.414620580983e+01,3.593750114997e-01,3.573326401588e-02
1.414620580983e+01,3.281250104997e-01,4.093609285425e-02
1.414620580983e+01,2.968750094996e-01,4.533648399128e-02
1.414620580983e+01,2.656250084995e-01,4.910663453548e-02
1.414620580983e+01,2.343750074995e-01,5.237276225565e-02
1.414620580983e+01,2.031250064996e-01,5.522949179827e-02
1.414620580983e+01,1.718750054996e-01,5.774915753888e-02
1.414620580983e+01,1.406250044997e-01,5.998800209289e-02
1.414620580983e+01,1.093750034998e-01,6.199041537486e-02
1.414620580983e+01,7.812500249987e-02,6.379190068885e-02
1.414620580983e+01,4.687500149993e-02,6.542119257035e-02
1.414620580983e+01,1.562500049997e-02,6.690179651847e-02
1.417968795375e+01,4.843750155000e-01,1.598698700526e-15
1.417968795375e+01,4.531250144999e-01,1.229352486011e-02
1.417968795375e+01,4.218750134999e-01,2.184800816999e-02
1.417968795375e+01,3.906250124998e-01,2.948678607993e-02
1.417968795375e+01,3.593750114997e-01,3.573326401588e-02
1.417968795375e+01,3.281250104997e-01,4.093609285425e-02
1.417968795375e+01,2.968750094996e-01,4.533648399128e-02
1.417968795375e+01,2.656250084995e-01,4.910663453548e-02
1.417968795375e+01,2.343750074995e-01,5.237276225565e-02
1.417968795375e+01,2.031250064996e-01,5.522949179827e-02
1.417968795375e+01,1.718750054996e-01,5.774915753888e-02
1.417968795375e+01,1.406250044997e-01,5.998800209289e-02
1.417968795375e+01,1.093750034998e-01,6.199041537486e-02
1.417968795375e+01,7.812500249987e-02,6.379190068885e-02
1.417968795375e+01,4.687500149993e-02,6.542119257035e-02
1.417968795375e+01,1.562500049997e-02,6.690179651847e-02
1.421317009768e+01,4.843750155000e-01,9.587511943201e-15
1.421317009768e+01,4.531250144999e-01,1.229352486011e-02
1.421317009768e+01,4.218750134999e-01,2.184800816999e-02
1.421317009768e+01,3.906250124998e-01,2.948678607993e-02
1.421317009768e+01,3.593750114997e-01,3.573326401588e-02
1.421317009768e+01,3.281250104997e-01,4.093609285425e-02
1.421317009768e+01,2.968750094996e-01,4.533648399128e-02
1.421317009768e+01,2.656250084995e-01,4.910663453548e-02
1.421317009768e+01,2.343750074995e-01,5.237276225565e-02
1.421317009768e+01,2.031250064996e-01,5.522949179827e-02
1.421317009768e+01,1.718750054996e-01,5.774915753888e-02
1.421317009768e+01,1.406250044997e-01,5.998800209289e-02
1.421317009768e+01,1.093750034998e-01,6.199041537486e-02
1.421317009768e+01,7.812500249987e-02,6.379190068885e-02
1.421317009768e+01,4.687500149993e-02,6.542119257035e-02
1.421317009768e+01,1.562500049997e-02,6.690179651847e-02
1.424665224161e+01,4.843750155000e-01,0.000000000000e+00
1.424665224161e+01,4.531250144999e-01,1.229352486011e-02
1.424665224161e+01,4.218750134999e-01,2.184800816999e-02
1.424665224161e+01,3.906250124998e-01,2.948678607993e-02
1.424665224161e+01,3.593750114997e-01,3.573326401588e-02
1.424665224161e+01,3.281250104997e-01,4.093609285425e-02
1.424665224161e+01,2.968750094996e-01,4.533648399128e-02
1.424665224161e+01,2.656250084995e-01,4.910663453549e-02
1.424665224161e+01,2.343750074995e-01,5.237276225565e-02
1.424665224161e+01,2.031250064996e-01,5.522949179827e-02
1.424665224161e+01,1.718750054996e-01,5.774915753888e-02
1.424665224161e+01,1.406250044997e-01,5.998800209289e-02
1.424665224161e+01,1.093750034998e-01,6.199041537486e-02
1.424665224161e+01,7.812500249987e-02,6.379190068885e-02
1.424665224161e+01,4.687500149993e-02,6.542119257035e-02
1.424665224161e+01,1.562500049997e-02,6.690179651847e-02
1.428013438554e+01,4.843750155000e-01,1.598113703726e-15
1.428013438554e+01,4.531250144999e-01,1.229352486011e-02
1.428013438554e+01,4.218750134999e-01,2.184800816999e-02
1.428013438554e+01,3.906250124998e-01,2.948678607993e-02
1.428013438554e+01,3.593750114997e-01,3.573326401588e-02
1.428013438554e+01,3.281250104997e-01,4.093609285425e-02
1.428013438554e+01,2.968750094996e-01,4.533648399128e-02
1.428013438554e+01,2.656250084995e-01,4.910663453549e-02
1.428013438554e+01,2.343750074995e-01,5.237276225565e-02
1.428013438554e+01,2.031250064996e-01,5.522949179827e-02
1.428013438554e+01,1.718750054996e-01,5.774915753888e-02
1.428013438554e+01,1.406250044997e-01,5.998800209289e-02
1.428013438554e+01,1.093750034998e-01,6.199041537486e-02
1.428013438554e+01,7.812500249987e-02,6.379190068885e-02
1.428013438554e+01,4.687500149993e-02,6.542119257035e-02
1.428013438554e+01,1.562500049997e-02,6.690179651847e-02
1.431361652947e+01,4.843750155000e-01,3.994796643001e-15
1.431361652947e+01,4.531250144999e-01,1.229352486011e-02
1.431361652947e+01,4.218750134999e-01,2.184800816999e-02
1.431361652947e+01,3.906250124998e-01,2.948678607993e-02
1.431361652947e+01,3.593750114997e-01,3.573326401588e-02
1.431361652947e+01,3.281250104997e-01,4.093609285425e-02
1.431361652947e+01,2.968750094996e-01,4.533648399128e-02
1.431361652947e+01,2.656250084995e-01,4.910663453549e-02
1.431361652947e+01,2.343750074995e-01,5.237276225565e-02
1.431361652947e+01,2.031250064996e-01,5.522949179827e-02
1.431361652947e+01,1.718750054996e-01,5.774915753888e-02
1.431361652947e+01,1.406250044997e-01,5.998800209289e-02
1.431361652947e+01,1.093750034998e-01,6.199041537486e-02
1.431361652947e+01,7.812500249987e-02,6.379190068885e-02
1.431361652947e+01,4.687500149993e-02,6.542119257035e-02
1.431361652947e+01,1.562500049997e-02,6.690179651847e-02
1.434709867339e+01,4.843750155000e-01,3.195837314401e-15
1.434709867339e+01,4.531250144999e-01,1.229352486011e-02
1.434709867339e+01,4.218750134999e-01,2.184800816999e-02
1.434709867339e+01,3.906250124998e-01,2.948678607993e-02
1.434709867339e+01,3.593750114997e-01,3.573326401588e-02
1.434709867339e+01,3.281250104997e-01,4.093609285425e-02
1.434709867339e+01,2.968750094996e-01,4.533648399128e-02
1.434709867339e+01,2.656250084995e-01,4.910663453549e-02
1.434709867340e+01,2.343750074995e-01,5.237276225565e-02
1.434709867340e+01,2.031250064996e-01,5.522949179827e-02
1.434709867340e+01,1.718750054996e-01,5.774915753888e-02
1.434709867340e+01,1.406250044997e-01,5.998800209289e-02
1.434709867340e+01,1.093750034998e-01,6.199041537486e-02
1.434709867340e+01,7.812500249987e-02,6.379190068885e-02
1.434709867340e+01,4.687500149993e-02,6.542119257035e-02
1.434709867340e+01,1.562500049997e-02,6.690179651847e-02
1.438058081732e+01,4.843750155000e-01,2.496747901876e-17
1.438058081732e+01,4.531250144999e-01,1.229352486011e-02
1.438058081732e+01,4.218750134999e-01,2.184800816999e-02
1.438058081732e+01,3.906250124998e-01,2.948678607993e-02
1.438058081732e+01,3.593750114997e-01,3.573326401588e-02
1.438058081732e+01,3.281250104997e-01,4.093609285425e-02
1.438058081732e+01,2.968750094996e-01,4.533648399128e-02
1.438058081732e+01,2.656250084995e-01,4.910663453549e-02
1.438058081732e+01,2.343750074995e-01,5.237276225565e-02
1.438058081732e+01,2.031250064996e-01,5.522949179827e-02
1.438058081732e+01,1.718750054996e-01,5.774915753888e-02
1.438058081732e+01,1.406250044997e-01,5.998800209289e-02
1.438058081732e+01,1.093750034998e-01,6.199041537486e-02
1.438058081732e+01,7.812500249987e-02,6.379190068885e-02
1.438058081732e+01,4.687500149993e-02,6.542119257035e-02
1.438058081732e+01,1.562500049997e-02,6.690179651847e-02
1.441406296125e+01,4.843750155000e-01,1.598698700526e-15
1.441406296125e+01,4.531250144999e-01,1.229352486011e-02
1.441406296125e+01,4.218750134999e-01,2.184800816999e-02
1.441406296125e+01,3.906250124998e-01,2.948678607993e-02
1.441406296125e+01,3.593750114997e-01,3.573326401588e-02
1.441406296125e+01,3.281250104997e-01,4.093609285425e-02
1.441406296125e+01,2.968750094996e-01,4.533648399128e-02
1.441406296125e+01,2.656250084995e-01,4.910663453549e-02
1.441406296125e+01,2.343750074995e-01,5.237276225565e-02
1.441406296125e+01,2.031250064995e-01,5.522949179827e-02
1.441406296125e+01,1.718750054996e-01,5.774915753888e-02
1.441406296125e+01,1.406250044997e-01,5.998800209289e-02
1.441406296125e+01,1.093750034998e-01,6.199041537486e-02
1.441406296125e+01,7.812500249987e-02,6.379190068885e-02
1.441406296125e+01,4.687500149993e-02,6.542119257035e-02
1.441406296125e+01,1.562500049997e-02,6.690179651847e-02
1.444754510518e+01,4.843750155000e-01,3.995498791641e-15
1.444754510518e+01,4.531250144999e-01,1.229352486011e-02
1.444754510518e+01,4.218750134999e-01,2.184800816999e-02
1.444754510518e+01,3.906250124998e-01,2.948678607993e-02
1.444754510518e+01,3.593750114997e-01,3.573326401588e-02
1.444754510518e+01,3.281250104997e-01,4.093609285425e-02
1.444754510518e+01,2.968750094996e-01,4.533648399128e-02
1.444754510518e+01,2.656250084995e-01,4.910663453549e-02
1.444754510518e+01,2.343750074995e-01,5.237276225565e-02
1.444754510518e+01,2.031250064995e-01,5.522949179827e-02
1.444754510518e+01,1.718750054996e-01,5.774915753888e-02
1.444754510518e+01,1.406250044997e-01,5.998800209289e-02
1.444754510518e+01,1.093750034998e-01,6.199041537486e-02
1.444754510518e+01,7.812500249987e-02,6.379190068885e-02
1.444754510518e+01,4.687500149993e-02,6.542119257035e-02
1.444754510518e+01,1.562500049997e-02,6.690179651847e-02
1.448102724911e+01,4.843750155000e-01,9.587511943201e-15
1.448102724911e+01,4.531250144999e-01,1.229352486011e-02
1.448102724911e+01,4.218750134999e-01,2.184800816999e-02
1.448102724911e+01,3.906250124998e-01,2.948678607993e-02
1.448102724911e+01,3.593750114997e-01,3.573326401588e-02
1.448102724911e+01,3.281250104997e-01,4.093609285425e-02
1.448102724911e+01,2.968750094996e-01,4.533648399128e-02
1.448102724911e+01,2.656250084995e-01,4.910663453549e-02
1.448102724911e+01,2.343750074995e-01,5.237276225565e-02
1.448102724911e+01,2.031250064995e-01,5.522949179827e-02
1.448102724911e+01,1.718750054996e-01,5.774915753889e-02
1.448102724911e+01,1.406250044997e-01,5.998800209289e-02
1.448102724911e+01,1.093750034998e-01,6.199041537486e-02
1.448102724911e+01,7.812500249987e-02,6.379190068885e-02
1.448102724911e+01,4.687500149993e-02,6.542119257035e-02
1.448102724911e+01,1.562500049997e-02,6.690179651847e-02
1.451450939304e+01,4.843750155000e-01,3.994796643001e-15
1.451450939304e+01,4.531250144999e-01,1.229352486011e-02
1.451450939304e+01,4.218750134999e-01,2.184800816999e-02
1.451450939304e+01,3.906250124998e-01,2.948678607993e-02
1.451450939304e+01,3.593750114997e-01,3.573326401588e-02
1.451450939304e+01,3.281250104997e-01,4.093609285425e-02
1.451450939304e+01,2.968750094996e-01,4.533648399128e-02
1.451450939304e+01,2.656250084995e-01,4.910663453549e-02
1.451450939304e+01,2.343750074995e-01,5.237276225565e-02
1.451450939304e+01,2.031250064995e-01,5.522949179827e-02
1.451450939304e+01,1.718750054996e-01,5.774915753889e-02
1.451450939304e+01,1.406250044997e-01,5.998800209289e-02
1.451450939304e+01,1.093750034998e-01,6.199041537486e-02
1.451450939304e+01,7.812500249987e-02,6.379190068885e-02
1.451450939304e+01,4.687500149993e-02,6.542119257035e-02
1.451450939304e+01,1.562500049997e-02,6.690179651847e-02
1.454799153697e+01,4.843750155000e-01,0.000000000000e+00
1.454799153697e+01,4.531250144999e-01,1.229352486012e-02
1.454799153697e+01,4.218750134999e-01,2.184800816999e-02
1.454799153697e+01,3.906250124998e-01,2.948678607993e-02
1.454799153697e+01,3.593750114997e-01,3.573326401588e-02
1.454799153697e+01,3.281250104997e-01,4.093609285425e-02
1.454799153697e+01,2.968750094996e-01,4.533648399128e-02
1.454799153697e+01,2.656250084995e-01,4.910663453549e-02
1.454799153697e+01,2.343750074995e-01,5.237276225565e-02
1.454799153697e+01,2.031250064995e-01,5.522949179827e-02
1.454799153697e+01,1.718750054996e-01,5.774915753889e-02
1.454799153697e+01,1.406250044997e-01,5.998800209289e-02
1.454799153697e+01,1.093750034998e-01,6.199041537486e-02
1.454799153697e+01,7.812500249987e-02,6.379190068885e-02
1.454799153697e+01,4.687500149993e-02,6.542119257035e-02
1.454799153697e+01,1.562500049997e-02,6.690179651847e-02
1.458147368089e+01,4.843750155000e-01,7.190677303590e-15
1.458147368089e+01,4.531250144999e-01,1.229352486012e-02
1.458147368089e+01,4.218750134999e-01,2.184800816999e-02
1.458147368089e+01,3.906250124998e-01,2.948678607993e-02
1.458147368089e+01,3.593750114997e-01,3.573326401588e-02
1.458147368089e+01,3.281250104997e-01,4.093609285425e-02
1.458147368089e+01,2.968750094996e-01,4.533648399128e-02
1.458147368089e+01,2.656250084995e-01,4.910663453549e-02
1.458147368089e+01,2.343750074995e-01,5.237276225565e-02
1.458147368089e+01,2.031250064995e-01,5.522949179827e-02
1.458147368089e+01,1.718750054996e-01,5.774915753889e-02
1.458147368089e+01,1.406250044997e-01,5.998800209289e-02
1.458147368089e+01,1.093750034998e-01,6.199041537486e-02
1.458147368089e+01,7.812500249987e-02,6.379190068885e-02
1.458147368089e+01,4.687500149993e-02,6.542119257035e-02
1.458147368089e+01,1.562500049997e-02,6.690179651847e-02
1.461495582482e+01,4.843750155000e-01,1.118554206181e-14
1.461495582482e+01,4.531250144999e-01,1.229352486012e-02
1.461495582482e+01,4.218750134999e-01,2.184800816999e-02
1.461495582482e+01,3.906250124998e-01,2.948678607993e-02
1.461495582482e+01,3.593750114997e-01,3.573326401588e-02
1.461495582482e+01,3.281250104997e-01,4.093609285425e-02
1.461495582482e+01,2.968750094996e-01,4.533648399128e-02
1.461495582482e+01,2.656250084995e-01,4.910663453549e-02
1.461495582482e+01,2.343750074995e-01,5.237276225565e-02
1.461495582482e+01,2.031250064995e-01,5.522949179827e-02
1.461495582482e+01,1.718750054996e-01,5.774915753889e-02
1.461495582482e+01,1.406250044997e-01,5.998800209289e-02
1.461495582482e+01,1.093750034998e-01,6.199041537486e-02
1.461495582482e+01,7.812500249986e-02,6.379190068885e-02
1.461495582482e+01,4.687500149992e-02,6.542119257035e-02
1.461495582482e+01,1.562500049997e-02,6.690179651847e-02
1.464843796875e+01,4.843750155000e-01,7.989593286001e-16
1.464843796875e+01,4.531250144999e-01,1.229352486012e-02
1.464843796875e+01,4.218750134999e-01,2.184800816999e-02
1.464843796875e+01,3.906250124998e-01,2.948678607993e-02
1.464843796875e+01,3.593750114997e-01,3.573326401588e-02
1.464843796875e+01,3.281250104997e-01,4.093609285425e-02
1.464843796875e+01,2.968750094996e-01,4.533648399128e-02
1.464843796875e+01,2.656250084995e-01,4.910663453549e-02
1.464843796875e+01,2.343750074995e-01,5.237276225565e-02
1.464843796875e+01,2.031250064995e-01,5.522949179827e-02
1.464843796875e+01,1.718750054996e-01,5.774915753889e-02
1.464843796875e+01,1.406250044997e-01,5.998800209289e-02
1.464843796875e+01,1.093750034998e-01,6.199041537486e-02
1.464843796875e+01,7.812500249986e-02,6.379190068885e-02
1.464843796875e+01,4.687500149992e-02,6.542119257035e-02
1.464843796875e+01,1.562500049997e-02,6.690179651847e-02
1.468192011268e+01,4.843750155000e-01,7.993493502629e-16
1.468192011268e+01,4.531250144999e-01,1.229352486012e-02
1.468192011268e+01,4.218750134999e-01,2.184800816999e-02
1.468192011268e+01,3.906250124998e-01,2.948678607993e-02
1.468192011268e+01,3.593750114997e-01,3.573326401588e-02
1.468192011268e+01,3.281250104996e-01,4.093609285425e-02
1.468192011268e+01,2.968750094996e-01,4.533648399128e-02
1.468192011268e+01,2.656250084995e-01,4.910663453549e-02
1.468192011268e+01,2.343750074995e-01,5.237276225565e-02
1.468192011268e+01,2.031250064995e-01,5.522949179827e-02
1.468192011268e+01,1.718750054996e-01,5.774915753889e-02
1.468192011268e+01,1.406250044997e-01,5.998800209289e-02
1.468192011268e+01,1.093750034998e-01,6.199041537486e-02
1.468192011268e+01,7.812500249986e-02,6.379190068885e-02
1.468192011268e+01,4.687500149992e-02,6.542119257035e-02
1.468192011268e+01,1.562500049997e-02,6.690179651847e-02
1.471540225661e+01,4.843750155000e-01,9.587544452883e-15
1.471540225661e+01,4.531250144999e-01,1.229352486012e-02
1.471540225661e+01,4.218750134999e-01,2.184800816999e-02
1.471540225661e+01,3.906250124998e-01,2.948678607993e-02
1.471540225661e+01,3.593750114997e-01,3.573326401588e-02
1.471540225661e+01,3.281250104996e-01,4.093609285425e-02
1.471540225661e+01,2.968750094996e-01,4.533648399128e-02
1.471540225661e+01,2.343750074995e-01,5.237276225565e-02
1.471540225661e+01,2.656250084995e-01,4.910663453549e-02
1.471540225661e+01,2.031250064995e-01,5.522949179827e-02
1.471540225661e+01,1.718750054996e-01,5.774915753889e-02
1.471540225661e+01,1.406250044997e-01,5.998800209289e-02
1.471540225661e+01,1.093750034998e-01,6.199041537486e-02
1.471540225661e+01,7.812500249986e-02,6.379190068885e-02
1.471540225661e+01,4.687500149992e-02,6.542119257035e-02
1.471540225661e+01,1.562500049997e-02,6.690179651847e-02
1.474888440054e+01,4.843750155000e-01,7.190633957401e-15
1.474888440054e+01,4.531250144999e-01,1.229352486012e-02
1.474888440054e+01,3.906250124998e-01,2.948678607993e-02
1.474888440054e+01,4.218750134999e-01,2.184800816999e-02
1.474888440054e+01,3.593750114997e-01,3.573326401588e-02
1.474888440054e+01,3.281250104996e-01,4.093609285425e-02
1.474888440054e+01,2.656250084995e-01,4.910663453549e-02
1.474888440054e+01,2.968750094996e-01,4.533648399128e-02
1.474888440054e+01,2.343750074995e-01,5.237276225565e-02
1.474888440054e+01,2.031250064995e-01,5.522949179827e-02
1.474888440054e+01,1.718750054996e-01,5.774915753889e-02
1.474888440054e+01,1.406250044997e-01,5.998800209289e-02
1.474888440054e+01,1.093750034998e-01,6.199041537486e-02
1.474888440054e+01,7.812500249986e-02,6.379190068885e-02
1.474888440054e+01,4.687500149992e-02,6.542119257035e-02
1.474888440054e+01,1.562500049997e-02,6.690179651847e-02
1.478236654447e+01,4.843750155000e-01,4.993495803751e-17
1.478236654447e+01,4.531250144999e-01,1.229352486012e-02
1.478236654447e+01,3.906250124998e-01,2.948678607993e-02
1.478236654447e+01,4.218750134999e-01,2.184800816999e-02
1.478236654447e+01,3.593750114997e-01,3.573326401588e-02
1.478236654447e+01,3.281250104996e-01,4.093609285425e-02
1.478236654447e+01,2.656250084995e-01,4.910663453549e-02
1.478236654447e+01,2.968750094996e-01,4.533648399128e-02
1.478236654447e+01,2.343750074995e-01,5.237276225565e-02
1.478236654447e+01,2.031250064995e-01,5.522949179827e-02
1.478236654447e+01,1.406250044997e-01,5.998800209289e-02
1.478236654447e+01,1.718750054996e-01,5.774915753889e-02
1.478236654447e+01,1.093750034998e-01,6.199041537486e-02
1.478236654447e+01,7.812500249986e-02,6.379190068885e-02
1.478236654447e+01,4.687500149992e-02,6.542119257035e-02
1.478236654447e+01,1.562500049997e-02,6.690179651847e-02
1.481584868839e+01,4.843750155000e-01,3.994874665611e-15
1.481584868839e+01,4.531250144999e-01,1.229352486012e-02
1.481584868839e+01,4.218750134999e-01,2.184800816999e-02
1.481584868839e+01,3.906250124998e-01,2.948678607993e-02
1.481584868839e+01,3.593750114997e-01,3.573326401588e-02
1.481584868839e+01,3.281250104996e-01,4.093609285425e-02
1.481584868839e+01,2.968750094996e-01,4.533648399128e-02
1.481584868839e+01,2.656250084995e-01,4.910663453549e-02
1.481584868839e+01,1.718750054996e-01,5.774915753889e-02
1.481584868839e+01,2.031250064995e-01,5.522949179827e-02
1.481584868839e+01,2.343750074995e-01,5.237276225565e-02
1.481584868839e+01,1.406250044997e-01,5.998800209289e-02
1.481584868839e+01,1.093750034998e-01,6.199041537486e-02
1.481584868839e+01,7.812500249986e-02,6.379190068885e-02
1.481584868839e+01,4.687500149992e-02,6.542119257035e-02
1.481584868839e+01,1.562500049997e-02,6.690179651847e-02
1.484933083232e+01,4.843750155000e-01,1.198441593677e-14
1.484933083232e+01,4.218750134999e-01,2.184800816999e-02
1.484933083232e+01,4.531250144999e-01,1.229352486012e-02
1.484933083232e+01,3.906250124998e-01,2.948678607993e-02
1.484933083232e+01,3.593750114997e-01,3.573326401588e-02
1.484933083232e+01,3.281250104996e-01,4.093609285425e-02
1.484933083232e+01,2.968750094996e-01,4.533648399128e-02
1.484933083232e+01,2.656250084995e-01,4.910663453549e-02
1.484933083232e+01,2.031250064995e-01,5.522949179827e-02
1.484933083232e+01,2.343750074995e-01,5.237276225565e-02
1.484933083232e+01,1.718750054996e-01,5.774915753889e-02
1.484933083232e+01,1.406250044997e-01,5.998800209289e-02
1.484933083232e+01,1.093750034998e-01,6.199041537486e-02
1.484933083232e+01,7.812500249986e-02,6.379190068885e-02
1.484933083232e+01,1.562500049997e-02,6.690179651847e-02
1.484933083232e+01,4.687500149992e-02,6.542119257035e-02
1.488281297625e+01,4.843750155000e-01,1.118554206181e-14
1.488281297625e+01,3.906250124998e-01,2.948678607993e-02
1.488281297625e+01,4.218750134999e-01,2.184800816999e-02
1.488281297625e+01,4.531250144999e-01,1.229352486012e-02
1.488281297625e+01,3.593750114997e-01,3.573326401588e-02
1.488281297625e+01,3.281250104996e-01,4.093609285425e-02
1.488281297625e+01,2.968750094996e-01,4.533648399128e-02
1.488281297625e+01,1.093750034998e-01,6.199041537486e-02
1.488281297625e+01,1.406250044997e-01,5.998800209289e-02
1.488281297625e+01,1.718750054996e-01,5.774915753889e-02
1.488281297625e+01,2.031250064995e-01,5.522949179827e-02
1.488281297625e+01,2.343750074995e-01,5.237276225565e-02
1.488281297625e+01,2.656250084995e-01,4.910663453549e-02
1.488281297625e+01,7.812500249986e-02,6.379190068885e-02
1.488281297625e+01,4.687500149992e-02,6.542119257035e-02
1.488281297625e+01,1.562500049997e-02,6.690179651847e-02
1.491629512018e+01,4.531250144999e-01,1.229352486012e-02
1.491629512018e+01,4.843750155000e-01,3.195837314401e-15
1.491629512018e+01,3.906250124998e-01,2.948678607993e-02
1.491629512018e+01,4.218750134999e-01,2.184800816999e-02
1.491629512018e+01,3.593750114997e-01,3.573326401588e-02
1.491629512018e+01,3.281250104996e-01,4.093609285425e-02
1.491629512018e+01,2.968750094996e-01,4.533648399128e-02
1.491629512018e+01,2.656250084995e-01,4.910663453549e-02
1.491629512018e+01,2.343750074995e-01,5.237276225565e-02
1.491629512018e+01,1.718750054996e-01,5.774915753889e-02
1.491629512018e+01,2.031250064995e-01,5.522949179828e-02
1.491629512018e+01,7.812500249986e-02,6.379190068885e-02
1.491629512018e+01,1.406250044997e-01,5.998800209289e-02
1.491629512018e+01,1.093750034998e-01,6.199041537486e-02
1.491629512018e+01,4.687500149992e-02,6.542119257035e-02
1.491629512018e+01,1.562500049997e-02,6.690179651847e-02
1.494977726411e+01,4.531250144999e-01,1.229352486012e-02
1.494977726411e+01,4.843750155000e-01,7.989593286001e-16
1.494977726411e+01,2.968750094996e-01,4.533648399128e-02
1.494977726411e+01,3.906250124998e-01,2.948678607993e-02
1.494977726411e+01,2.656250084995e-01,4.910663453549e-02
1.494977726411e+01,3.281250104996e-01,4.093609285425e-02
1.494977726411e+01,3.593750114997e-01,3.573326401588e-02
1.494977726411e+01,4.218750134999e-01,2.184800816999e-02
1.494977726411e+01,2.343750074995e-01,5.237276225565e-02
1.494977726411e+01,1.406250044997e-01,5.998800209289e-02
1.494977726411e+01,1.718750054996e-01,5.774915753889e-02
1.494977726411e+01,2.031250064995e-01,5.522949179828e-02
1.494977726411e+01,1.093750034998e-01,6.199041537486e-02
1.494977726411e+01,7.812500249986e-02,6.379190068885e-02
1.494977726411e+01,1.562500049997e-02,6.690179651847e-02
1.494977726411e+01,4.687500149992e-02,6.542119257035e-02
1.498325940804e+01,2.656250084995e-01,4.910663453549e-02
1.498325940804e+01,2.968750094996e-01,4.533648399128e-02
1.498325940804e+01,4.843750155000e-01,1.021340804071e-14
1.498325940804e+01,1.093750034998e-01,6.199041537486e-02
1.498325940804e+01,1.406250044997e-01,5.998800209289e-02
1.498325940804e+01,1.718750054996e-01,5.774915753889e-02
1.498325940804e+01,2.031250064995e-01,5.522949179828e-02
1.498325940804e+01,2.343750074994e-01,5.237276225565e-02
1.498325940804e+01,3.281250104996e-01,4.093609285425e-02
1.498325940804e+01,3.593750114997e-01,3.573326401588e-02
1.498325940804e+01,3.906250124998e-01,2.948678607993e-02
1.498325940804e+01,4.218750134999e-01,2.184800816999e-02
1.498325940804e+01,4.531250144999e-01,1.229352486012e-02
1.498325940804e+01,1.562500049997e-02,6.690179651847e-02
1.498325940804e+01,4.687500149992e-02,6.542119257035e-02
1.498325940804e+01,7.812500249986e-02,6.379190068885e-02
